-1.619110345840454102e+00
-1.130900755524635315e-01
-4.792292416095733643e-01
5.607683658599853516e-01
-9.751672148704528809e-01
-7.784999608993530273e-01
4.537253081798553467e-02
-1.467794775962829590e+00
-8.732938021421432495e-02
1.463881134986877441e+00
-6.828479766845703125e-01
4.369610249996185303e-01
-1.448869228363037109e+00
-2.564028501510620117e-01
-7.571609020233154297e-01
-6.359751224517822266e-01
3.517547622323036194e-02
-2.324642419815063477e+00
1.351561397314071655e-01
-3.289762244094163179e-04
