179.5,0.015102,115.34,45.694,0.0089295
263.25,0.011971,49.157,105.65,0.017081
125.98,0.003518,278.6,81.177,0.0091975
243.53,0.012797,19.301,72.027,0.014523
236.87,0.0056986,262.28,81.664,0.0099665
49.229,0.0035457,48.948,113.31,0.017563
177.88,0.0075594,48.617,94.718,0.0030248
178.14,0.0069896,54.967,43.581,0.01025
237.35,0.0053887,128.93,38.175,0.015622
156.9,0.0047301,113.19,60.804,0.01097
216.79,0.0059403,169.92,71.246,0.0092337
122.46,0.0020275,160.19,40.001,0.010207
252.37,0.0083058,76.201,70.016,0.017106
245.72,0.002314,250.57,56.351,0.0013684
324.54,0.0049409,127.85,54.454,0.010512
184.24,0.012404,122.48,98.011,0.012961
-15.506,0.01001,233.49,121.97,0.014339
252.51,0.014126,89.177,96.25,0.016928
119.57,0.0068585,133.39,83.77,-0.0046563
103.89,0.0036112,172.55,73.326,0.016558
280.72,0.0014792,215.77,88.017,0.012221
288.87,0.0080582,177.68,32.582,0.0067941
302.02,0.0071813,156.29,113.18,0.021453
93.326,0.015071,193.33,65.785,0.013584
180.29,0.010266,140.33,66.36,0.0153
54.134,0.0069724,150.5,94.17,0.016138
156.83,0.0061968,92.362,2.7846,0.0041928
215.81,0.011182,73.771,44.734,0.0042431
3.5975,0.013281,122.71,62.376,0.015901
207.53,0.0049525,139.95,27.398,0.01529
172.11,0.0098674,339.17,128.25,0.014162
165.07,0.015339,82.035,69.719,0.0093776
241.47,0.0057687,127.83,91.746,0.013498
113.54,0.005087,64.393,50.304,0.010936
140.53,0.0049621,193.59,57.264,0.013818
209.74,0.007316,165.31,84.707,0.0095325
24.882,0.00956,120.53,30.065,0.015385
169.57,0.010018,103.44,124.69,0.0066512
185.14,0.0058023,224.23,77.007,0.0029122
167.76,0.010608,117.77,65.359,0.010207
335.53,0.015288,88.682,63.615,0.0022148
115.7,0.0037478,69.585,103.76,0.005969
86.89,0.014502,246.46,27.246,0.01113
145.44,0.0064601,99.192,10.939,0.004228
132.31,0.0062711,217.58,16.117,0.01356
159.24,0.0058261,188.96,25.269,0.0060007
181.57,0.012455,129.9,95.275,0.0077528
213.49,0.0093766,240.23,16.548,0.006667
13.331,0.0075745,233.23,66.581,0.0043189
231.1,0.0078293,46.089,33.213,0.0065759
141.19,0.0097398,259.88,61.085,0.0092227
76.425,0.012098,73.331,47.413,0.0047486
24.424,0.011397,123.15,47.955,0.022508
89.739,0.0041912,222.28,46.939,0.023742
100.22,0.0095523,295.94,65.436,0.0076097
98.626,0.016236,211.53,4.4332,0.011764
148.74,0.0090013,147.66,74.592,0.0086646
26.671,0.016962,255.63,41.251,0.0061984
185.44,0.012354,116.26,102.73,0.0021977
251.96,0.012047,172.14,119.58,0.01734
75.601,0.0084242,90.092,39.08,0.012815
308.6,0.011858,121.07,95.821,0.010471
91.03,0.0049415,83.669,98.752,0.011917
-5.9214,0.0044898,86.222,31.166,0.0034767
164.58,0.0024832,184.32,77.406,0.0036829
142.35,0.0094104,224.54,37.544,0.0083862
47.356,0.004855,233.18,117.44,0.014208
-30.823,0.0087584,268.72,60.912,0.0052264
49.003,0.0063505,151.15,59.894,0.0083626
167.13,0.011534,119.32,57.453,0.0072921
181.18,0.016181,60.547,117.99,0.001146
251.79,0.011099,252.24,22.398,0.010086
169.71,0.0037809,295.49,17.482,0.01296
175.48,0.0074609,242.61,46.382,0.0097598
127,0.0058872,153.32,76.389,0.005302
222.53,0.006939,258.5,24.673,0.0072021
149.67,0.0034996,-60.715,37.203,0.013998
224.93,0.01195,69.722,44.554,0.0059408
182.28,0.0069687,160.06,57.535,0.0080905
166.61,0.0059356,188.76,89.231,0.0069658
96.766,0.013393,27.452,51.362,-0.0028036
230.95,0.00077082,88.568,107.26,0.0086651
270.8,0.0046708,248.72,58.507,0.012881
32.235,0.011578,92.765,111.73,0.00777
95.81,0.0099377,167.08,14.714,0.012024
101.24,0.013716,171.4,64.638,0.014656
127.56,0.0067219,148.11,110.26,0.013881
310.95,0.0073074,198.55,103.39,0.0054908
155.62,0.013338,251.58,105.45,0.005108
167.91,0.0074145,172.96,78.514,0.019214
193.11,0.012539,-21.659,127.46,0.0036691
164.42,0.0050223,145.76,81.031,0.01325
298.9,0.011219,60.989,16.234,0.0085126
113.9,0.010518,166.17,52.759,0.0021599
178.52,0.0091439,113.4,20.153,0.015943
58.389,0.0053843,168.02,76.653,0.0051783
195.38,0.0059231,49.934,75.455,0.014175
112.14,0.012353,261.67,68.098,0.017673
198.51,0.0075199,92.32,10.792,0.0072329
183.27,0.0081401,249.25,49.079,0.012084
56.14,0.0074702,214.22,21.476,0.01193
296.85,-0.0086217,173.32,41.74,0.0015216
238.33,0.016603,176.33,58.645,0.0017442
276.25,0.0059901,118.42,68.046,0.0088538
83.559,0.0031797,230.22,81.408,0.019066
105.59,0.0051733,17.274,75.83,0.0047833
147.59,0.0040264,36.607,38.799,0.0055486
159.88,0.011547,64.579,67.937,0.0035693
57.633,0.0098164,212.21,100.19,0.012339
127.6,0.0079992,227.81,58.412,-0.0014849
129.44,0.011223,182.67,105.18,0.007374
267.89,0.0088983,149.63,47.563,0.0079782
146.18,0.0081371,120.26,108.12,0.0097669
104.02,0.010615,155.57,52.54,2.0233e-06
22.917,0.010094,54.492,73.135,0.013049
50.209,0.014965,172.35,41.221,0.0087795
28.539,0.0069472,73.555,41.781,0.01996
106.3,0.010214,186.7,42.466,0.015308
208.76,0.0069504,352.84,18.057,0.016215
49.676,0.0062501,77.973,25.834,0.011894
300.4,0.015823,144.31,68.146,0.012402
124.01,0.0074205,178.24,67.762,0.015902
78.377,0.0083679,221.46,93.484,0.011538
154.54,0.011189,85.94,78.739,0.022603
145.63,0.0083105,10.079,60.835,0.014118
26.366,0.01541,138.93,63.033,0.01328
264.09,0.0030393,6.5947,45.344,0.014757
225.09,0.001623,142.26,33.239,0.0078027
113.99,0.0041554,111.99,49.161,0.0083322
167.96,0.0068427,218.51,35.38,0.01984
205.42,0.0021387,105.09,58.504,0.012627
240.6,0.0066924,129.69,41.731,0.0078846
101.43,0.0070457,191.86,56.715,0.0084574
160.41,0.0088628,153.18,11.946,0.010942
284.75,0.0013466,165.13,67.439,0.0077621
136.57,0.0091594,97.594,5.5898,0.0044608
183.38,0.0065726,8.3464,36.326,0.0033543
152.57,0.0055923,308.24,77.236,0.0082639
155.94,0.0054882,22.425,148.58,0.0081373
64.97,0.002523,134.03,5.6847,0.0072777
218.62,0.0056277,151.26,33.45,0.017288
190.77,0.010855,208.86,15.64,0.0017903
280.99,0.0093118,150.3,61.59,0.0092847
52.45,0.009582,111.65,56.994,0.011036
87.941,0.010871,109.53,78.853,0.011545
123.68,0.0068313,71.697,78.616,0.010033
263.44,0.010128,90.035,81.291,0.017194
192.72,0.0052283,164.46,45.831,0.013185
47.292,0.009091,215.04,66.011,0.016333
280.99,0.0095216,90.956,39.481,0.014171
52.125,0.0079389,159.51,8.6624,0.015671
116.07,0.0089541,295.35,26.032,0.017994
182.09,0.0016249,-86.462,97.523,0.012516
35.111,0.0084834,173.48,87.733,0.012054
186.7,0.0030029,177.52,110.06,0.013256
198.7,0.014862,78.238,52.327,0.012589
335.61,0.0081152,265.9,49.945,0.0087689
113.36,0.007763,34.799,42.97,0.0058837
141.73,0.0093119,229.56,97.345,0.0088382
233.35,0.0039446,212.32,43.762,0.0057405
178.3,0.005674,82.089,57.16,0.0024907
227.28,0.0056273,232.88,69.363,0.015913
169.72,0.0096081,156.78,50.422,0.012881
270.18,0.0057253,11.173,107.38,0.0022151
264.53,0.0081657,57.15,88.66,0.010693
167.13,0.0090583,117.34,50.373,0.0078319
161.55,0.012265,14.321,75.833,0.010224
154.4,0.0016272,47.91,85.23,0.015635
210.98,0.0062226,157.45,60.397,0.0029129
223.33,0.014499,158.43,24.985,0.0037722
233.16,0.008698,142.66,96.25,0.0042708
267.85,0.0067136,283.44,83.849,0.015784
154.04,0.0058379,179.2,33.407,0.013852
383.02,0.018097,253.77,2.0882,0.0046761
179.62,0.0054926,134.45,21.162,0.0077206
126.64,0.0040237,58.79,76.937,0.008814
27.24,0.006351,169.87,95.412,0.009942
166.17,-0.00028957,-11.718,33.539,0.013433
-33.773,0.00451,-49.031,60.086,0.0081578
174.74,0.006981,73.426,46.743,0.0046185
58.774,0.0034174,174.93,53.391,0.011925
149.41,0.0066396,215.64,21.247,0.015023
176.92,0.012275,187.03,65.711,0.0071336
243.15,0.006885,230.8,49.008,0.012065
233.35,0.0074287,89.947,65.257,0.011617
226.49,0.0052009,126.76,97.53,0.0015918
273.52,0.011743,141.68,72.483,0.0085273
191.75,0.0080265,174.66,80.918,0.0087186
168.33,0.011056,82.727,116.28,0.015373
194.37,0.0080876,180.76,38.12,0.011097
103.98,0.015312,169.16,37.662,0.015041
128.07,0.018587,86.141,98.438,0.010683
238.01,0.0058205,109.76,17.576,-5.7917e-05
156.42,0.0081419,305.93,109.84,0.007436
87.037,0.014883,128.42,44.468,0.0056997
167.88,0.0068264,136.06,41.192,0.0090489
120.06,0.0046005,162.32,60.642,0.014374
190.72,0.010632,187.55,43.71,0.013068
179,0.014519,117.22,52.238,0.0012112
129.97,0.014285,191.7,-8.086,0.005519
58.591,0.0089747,214.07,59.55,0.013847
54.556,0.011573,235.87,84.141,0.0033382
200.3,0.0060423,264.29,95.347,0.015512
152.44,0.0092797,137.61,67.106,0.010593
239.47,0.0043048,84.746,5.395,0.0029534
31.26,0.0050503,95.547,35.937,0.0068901
153.39,0.010031,129.63,-7.1276,0.012978
60.017,0.0043689,237.58,91.315,0.005687
68.398,0.0087024,209.66,49.532,0.006019
68.194,0.016964,348.47,85.404,0.0055806
107.29,0.0086772,158.45,50.887,0.0017358
231.85,0.0042799,6.1368,81.563,0.011041
120.86,0.0099051,44.298,32.008,0.013415
122.45,0.0015825,30.596,38.885,0.014518
227.08,0.0011358,42.191,80.682,0.017202
141.8,0.0021663,112.08,29.128,0.007249
179.44,0.0096794,35.723,61.956,0.013345
70.994,0.013812,-0.85334,62.526,0.0092388
240.07,0.006012,158.96,100.69,0.011246
222.12,0.0077845,207.05,68.501,0.0071761
72.763,0.0091639,191.46,15.209,0.012977
98.5,0.0064726,95.604,42.814,0.016073
208.89,0.0052623,152.85,60.656,0.013536
237.45,0.009043,302.74,95.7,0.014164
128.16,0.0047403,205.58,67.462,0.016166
174.92,0.0144,146.26,99.49,0.0094766
104.35,0.0088063,205.86,54.648,0.014857
234.34,0.0074887,134.64,36.419,0.0083007
163.63,0.010132,154.6,67.947,0.010832
210.56,0.015334,233.99,30.531,0.0099189
152.31,0.0014521,188.17,49.54,0.0074575
121.25,0.012635,162.8,110.31,0.015189
228.96,0.0028061,98.836,101.11,0.0054694
209.23,0.0085015,113.18,121.61,0.0068313
162.72,0.0098202,147.05,62.13,0.0088665
235.22,0.0018805,109.47,-11.758,0.012807
221.54,0.0091028,27.855,43.013,0.0036643
271.32,0.0089014,138.01,12.691,0.0070689
200.81,0.0063558,373.9,54.479,0.0070291
101.24,0.0020689,234.26,59.625,0.010718
191.91,0.013404,126.89,-17.969,0.014375
194.08,0.0072943,134.28,64.972,0.018797
144.64,0.005984,17.636,48.007,0.013624
120.92,0.0050609,235.68,21.658,0.01568
228.54,0.012351,187.81,19.056,0.006355
207.76,0.0010057,226.13,66.743,0.013344
72.044,0.0025375,311.8,62.774,0.0085549
238.94,0.0078311,182.88,135.57,0.015655
161.97,0.01239,112.32,53.701,0.0079702
210.35,0.0066021,216.89,50.57,0.010103
56.693,0.0095846,-27.565,81.885,0.01155
76.368,0.010426,96.876,-12.749,0.013112
238.51,0.016934,60.643,99.105,0.0041727
174.01,0.0071884,99.337,53.987,0.011429
256.34,0.0097526,219.16,15.409,0.0073797
209.59,0.0034043,217.68,52.144,0.015833
83.717,0.0068055,188.42,85.731,0.014919
186.32,0.010389,193.78,73.677,-0.00011037
273.08,0.012255,316.16,27.781,0.0057028
131.68,0.010902,36.643,94.648,0.02153
230.99,0.013148,137.59,75.898,0.015667
186.22,0.0026242,185.87,66.93,0.010155
187.65,-0.0037994,132.21,70.551,0.0018399
316.32,0.0040601,189.36,115.15,0.0056449
2.2672,0.00080441,-12.425,83.126,0.0089254
81.047,0.004359,328.2,13.709,0.016663
90.393,0.0073258,385.84,75.075,0.0059551
164.07,0.013881,207.2,26.667,0.010816
109.66,0.0013441,97.498,68.384,0.0020041
129.57,0.012219,129.39,45.584,0.012541
201.87,0.007949,210.14,55.546,0.0029081
65.339,0.013993,212.37,64.174,0.0078208
78.92,0.0078914,148.05,3.8927,0.0088083
150.5,0.014515,156.66,107.65,0.0083246
138.81,0.0056844,172.55,32.96,0.0047289
318.11,0.0082532,199.16,43.25,0.0018047
192.64,0.0063332,96.847,60.775,0.012414
197.34,0.012818,128.13,1.9196,0.012062
168.64,0.0080539,113.89,62.739,0.010126
-47.579,0.0089244,238.45,48.335,0.0031478
71.299,0.008793,129.15,48.071,0.01155
41.923,0.013544,227.66,62.946,0.01109
62.581,0.0099723,184.77,85.493,0.016768
211.94,0.0077226,36.646,54.385,0.012762
162.74,0.011463,103.04,38.858,0.0081208
180.84,0.0046022,102.38,48.58,0.015825
52.532,0.0079068,248.29,100.8,-0.00024569
196.15,0.012487,73.249,104.13,0.014682
181.2,0.0070867,-12.043,45.997,0.015334
165.06,0.0084286,167.99,94.181,0.0097854
246.97,0.0083613,65.627,95.877,0.0033697
98.921,0.0086693,172.26,70.772,0.009714
137.71,0.01315,69.693,45.829,9.7049e-05
75.332,0.010803,96.153,72.613,0.0043296
214.15,0.010793,150.96,123.19,0.018045
258.54,0.011753,119.89,146.67,0.008716
127.22,0.00098199,84.992,40.987,0.0075857
179.21,0.009546,183.15,66.241,0.012586
191.63,4.318e-05,192.23,54.821,0.013041
61.973,0.0044214,99.631,67.462,0.0066076
277.69,0.012894,206.86,-3.0999,0.008631
18.138,0.0033932,149.55,49.49,0.010957
226.67,0.0070067,196.53,42.076,0.01219
191.84,0.0058173,141.07,76.158,-0.0046811
276.03,0.011612,148.84,29.096,0.0074148
119.21,0.0053018,200.44,56.523,0.0030572
147.59,0.0010935,160.54,90.643,0.014454
157.09,0.0060191,174.33,78.836,0.01218
146.89,0.011565,186.32,-16.245,0.0053594
128.55,0.0073078,125.81,78.711,0.017943
42.57,0.0092051,194.79,63.658,0.0065296
145.77,0.0052367,333.69,96.478,0.019587
135.68,0.012577,102.8,22.157,0.010575
193.77,0.0037527,-4.3196,87.421,0.010187
146.27,0.0023633,128.81,115.66,0.0069522
48.24,0.013499,87.62,51.496,0.009827
90.607,0.0061405,149.42,82.963,0.012345
147.39,0.018382,170.75,-4.2424,0.01023
191.11,0.012093,57.903,43.051,0.016047
36.533,0.0071774,89.302,96.738,0.011703
211.91,0.010131,27.037,77.934,0.0055446
78.091,0.0099752,173.89,89.576,0.0054496
145.02,0.01736,200.93,66.066,0.0091716
38.147,0.0060223,124.19,107.84,0.011379
-15.017,0.01148,229.47,18.289,0.012109
169.96,0.00023979,142.3,110.72,0.0089873
238.91,0.0085765,74.745,39.233,0.0080119
261.29,0.01649,166.53,78.217,0.0075447
-8.5775,0.015305,35.647,30.324,0.018186
156.23,0.0089222,282.36,48.671,0.010566
229.76,0.0095839,179.13,53.906,0.0086304
88.105,0.0088812,148,77.536,0.0088047
249.19,0.0091845,161.6,102.87,0.0037179
33.488,0.0092872,-17.402,30.4,0.0011006
110.78,0.01126,152.87,30.315,0.0063549
88.12,0.0050897,263.72,123.12,0.011453
121.32,0.013028,142.61,75.058,0.0053697
165.42,0.010404,223.29,87.783,0.00932
142.03,0.010514,117.19,65.17,0.0083334
76.373,0.0093337,152.23,94.911,0.014784
231.09,0.010574,199.36,74.216,0.014538
140.83,0.0072244,108.82,102.92,0.018216
232.01,0.010203,221.04,84.959,0.01027
129.22,0.0080639,114.3,109.01,0.010423
110.33,0.0082864,75.851,89.424,0.010358
172.71,0.0076863,70.903,82.804,0.015719
75.518,0.01156,69.244,87.997,0.005098
128.87,0.0047294,192.26,88.565,0.026835
132.32,0.0057731,-40.604,80.043,0.010697
150.36,0.0081445,323.25,119.89,0.014402
160.21,0.0027018,58.146,81.96,0.0068548
92.353,0.0052117,110.29,89.037,0.014396
278.79,0.0076294,-85.772,93.834,0.023597
169.47,0.0087257,353.73,113.49,0.016398
185.84,0.010988,82.611,23.533,0.010082
-4.7421,0.0061062,234.32,24.489,0.0087861
341.96,0.0067507,226.21,64.416,0.0028067
196.85,0.0085749,-39.049,73.383,0.0094642
145.66,-8.3817e-05,164.06,79.318,0.010841
39.635,0.0047327,183.64,60.449,0.0093528
86.83,0.00105,163.52,117.77,0.013842
126.86,0.0091249,195.37,55.117,0.0073305
116.15,-0.0027627,72.796,56.167,0.0035714
89.631,0.0072368,67.188,50.636,0.0075355
211.77,0.0066882,100.92,127.91,0.0099795
-32.826,0.0022848,213.45,88.242,-0.00547
106.29,0.0044305,179.95,36.291,0.011974
161.95,0.0018564,59.101,56.983,0.0049443
46.511,0.014317,179.89,78.069,0.005749
255.1,0.01312,133.78,80.015,0.0091696
155.26,0.0086799,93.162,-7.3051,0.0085967
191.93,0.0085809,221.79,62.741,0.005616
89.818,0.010557,96.547,66.133,0.0085603
27.785,0.0012893,91.982,57.774,0.017224
230.12,0.0071449,176.71,85.97,0.013695
232.83,0.0060124,195.29,70.599,0.010326
56.631,0.0058407,115.92,-0.2116,0.013047
243.23,0.01494,88.523,74.731,0.014936
132.15,0.0040307,142.57,3.8446,0.010365
277.2,0.0079687,117.38,75.404,0.010369
281.32,0.010249,81.074,74.111,0.012311
188.7,0.012087,126.48,109.4,0.0063471
122.8,0.0025791,221.27,27.722,0.017134
206.19,0.013924,4.3918,68.919,0.010333
232.51,0.016216,30.112,-6.7075,0.010998
150.68,0.0039328,110.74,89.262,0.014441
270.91,0.0051539,33.591,105.27,0.019487
24.982,0.0073774,186.5,70.85,0.011003
193.68,-0.0011024,95.768,36.186,-0.00038732
112.98,0.012114,136.12,28.658,0.014389
156.6,0.0033742,102.78,60.682,0.011418
211.25,0.0089152,143.44,39.005,0.018444
259.06,0.011437,121.65,155.66,0.0080708
104.43,0.009214,247,71.701,0.011054
201.08,0.010125,232.16,51.824,0.010187
137.95,0.011729,73.827,42.34,0.0061412
169.69,0.008497,38.445,42.468,0.013959
48.387,0.0074946,116.38,105.95,0.0097672
227.41,0.0046714,207.47,52.286,0.017374
127.42,0.0059284,172.75,28.789,-0.00020663
225.12,0.0028165,252.7,30.017,0.01156
115.16,0.0034932,105.04,84.106,0.007545
135.14,0.0036682,66.706,85.578,0.013475
155.22,0.0078826,201.21,105.12,0.0096447
295.64,0.0074364,147.29,65.179,0.0057553
99.686,0.0057564,268.58,82.612,0.00010026
98.735,-0.00054643,160,41.232,0.010472
205.44,0.0049356,173.44,71.509,0.012157
-3.4038,0.0025239,-1.7112,50.145,0.0083221
191.54,0.011703,196.48,70.671,0.015758
49.383,0.0031831,261.6,64.638,0.012072
160.46,0.0047521,241.06,39.502,0.016422
246.65,0.0079222,250.92,66.703,0.021404
118.72,0.011585,44.404,47.607,0.0072929
195.61,0.0087336,136.79,95.663,0.0088758
119.2,0.0075159,175.12,82.061,0.0096619
25.803,0.010653,204.73,51.445,0.0075036
45.887,0.0065371,-6.0229,64.629,0.015451
80.702,0.0039647,272.65,101.48,0.0080238
16.703,0.0097642,70.509,79.472,0.013196
-4.5897,0.0053571,129.48,47.59,0.009207
189.74,0.011064,274.14,101.81,0.0076157
249.6,0.0098636,47.327,15.769,0.0085681
98.337,0.01227,197.11,2.8856,0.011018
203.41,0.012268,179.88,91.033,0.012936
27.429,0.016851,54.85,53.932,0.012443
268.6,0.0095242,168.89,52.812,0.010726
233.54,0.0071687,170.89,89.61,0.0090252
194.26,0.011204,216.38,8.5803,0.0095151
204.36,0.016204,143.2,57.095,0.0064849
232.41,0.013657,183.14,40.527,0.0076008
73.352,0.005679,88.166,71.271,0.0094991
56.47,0.010995,192.31,93.439,0.010496
133.56,0.0056999,100.76,59.631,0.0054789
124.59,-0.0013108,254.98,16.384,0.00072937
193.85,0.0057147,295.37,20.196,0.013535
156.23,0.0080937,111.34,39.952,0.014124
78.437,0.0020665,41.689,80.895,0.012677
119.42,0.011459,160.35,65.94,0.0079607
192.72,0.0069014,150.37,49.324,0.0074001
285.49,0.0080315,31.288,28.396,0.015849
187.85,0.011549,139.54,64.566,0.0032856
157.13,0.013663,281.28,76.417,0.008123
170.86,0.002625,92.717,58.647,0.012961
-24.224,0.016168,166.01,53.149,0.012036
111.8,0.0082184,308.71,25.534,0.012635
154.66,0.0096822,153.14,75.819,0.018596
152.13,0.0097917,103.87,56.348,0.006078
314.81,0.0080255,168.87,49.215,0.016245
44.64,0.0077235,86.146,120.6,0.0091849
201.41,0.010486,41.183,125.88,0.007848
168.3,0.01165,148.83,95.054,0.012581
3.6967,0.0061369,203.28,19.174,0.0097618
218.79,0.0043406,180.51,62.982,0.010136
212.03,0.005332,178.02,82.734,0.0049878
63.109,0.0065902,167.11,84.155,0.0070908
186.19,0.011482,191.95,94.9,0.0045498
286.12,0.0036268,14.673,77.801,0.0085038
127.76,0.0058629,125.75,66.61,0.013879
228,0.010881,155.8,54.989,0.013436
242.05,0.010779,66.466,3.1815,0.008324
40.482,0.00075424,200.75,32.697,0.0034247
138.09,0.0011138,355.69,85.598,0.0083784
243.2,0.0089507,29.414,88.557,0.0096616
310.79,0.0034709,99.164,32.713,0.0069781
43.194,0.00076061,150.43,17.745,0.0059509
155.38,0.00096977,110.91,60.518,0.0081705
187.59,0.0077633,201.49,61.524,0.017862
112.81,0.003983,108.64,73.257,0.011248
265.67,0.0028248,217.42,91.536,0.010423
174.3,0.0058469,128.7,74.236,0.01211
274.2,0.012145,197.7,95.329,0.018227
105.84,0.015033,60.956,60.188,0.0094741
230.39,0.010256,226.99,93.08,0.014396
136.7,0.0082076,-13.125,62.924,0.010721
112.78,0.0054038,245.19,62.308,0.026462
171.2,0.0015214,163.18,7.8048,0.010952
145.75,-0.0003645,-15.329,41.108,0.014122
175.94,0.012065,226.04,102.18,0.0080059
99.921,0.0096846,-60.634,80,0.010479
137.46,0.0096904,245.27,77.23,0.012301
277.2,0.019343,229.79,95.025,0.0085215
41.496,0.0079069,121.19,51.788,0.015439
234.28,0.005401,75.513,24.887,0.010876
179.05,0.015504,339.19,101.46,-0.0017031
329.92,0.0063242,101.26,80.196,0.0063788
314.96,0.00452,193.84,22.861,0.010053
86.914,0.01338,141.95,16.704,0.015272
300.26,0.010552,106.65,62.227,0.017048
123.33,0.0088567,-102.08,31.452,0.011351
104.18,0.006727,101.07,82.916,0.011932
60.446,0.009957,130.02,80.801,0.01056
111.66,0.011372,141.27,25.669,0.00099959
114.92,0.0018218,28.124,52.632,0.013525
167,0.0074555,144.77,34.11,0.013706
173.76,0.00246,235.21,42.964,0.011271
178.79,0.0036822,244.48,53.804,0.0087824
115.85,0.0089724,138.64,31.14,0.01369
200.61,0.003218,304.42,141.6,0.005393
74.036,0.015346,186.86,94.361,0.0047247
310.84,0.0068122,207.83,135.39,0.008705
176.71,0.014292,236.27,25.998,0.007637
127.3,0.0099394,20.943,53.731,0.0060433
178.39,0.0087393,61.17,52.408,0.013051
146.44,0.0045665,216.63,39.989,0.0095296
138.06,0.007335,133.02,-16.24,0.013722
280.3,0.0061534,184.12,72.515,0.012418
344.35,0.0081142,302.72,67.736,0.010727
177.87,0.0020348,48.134,81.323,0.0046612
193.62,0.0064664,128.83,104.2,0.019067
204.18,0.0072273,126.67,78.088,0.011308
-67.704,0.0090834,198.99,117.75,0.011371
200.93,0.011979,10.694,53.025,0.013504
233.55,0.014092,154.14,98.825,0.0089994
191.69,0.0057298,210.05,81.742,0.0085774
201.2,0.010192,131.06,59.878,0.010027
166.37,0.01213,91.365,38.242,0.0031139
199.55,0.011036,354.58,71.881,0.01119
122.52,0.0079597,201.56,127.97,0.014541
104.65,0.015909,257.11,75.739,0.011169
105.24,0.0083183,143.24,103.05,0.0054873
59.935,0.012327,162,92.754,0.014603
249.17,0.0048379,187.16,51.803,0.0033812
143.92,0.011079,54.769,2.815,0.016749
187.75,0.013008,236.89,112.22,0.010588
114.56,0.0062666,133.59,20.897,0.0027447
246.45,0.01234,303.67,26.778,0.0058124
122.08,0.012883,171.69,39.379,0.011129
108.24,0.0019234,257.14,-14.463,0.012933
237.58,0.0079297,261.83,113.84,0.0053629
126.16,0.012322,150.95,48.842,0.0076012
73.755,0.0054226,171.93,-19.126,-0.00025929
367.71,0.0097992,113.69,47.244,0.0064302
97.718,0.011994,66.607,61.005,0.011997
234.16,0.0081579,152.12,92.338,0.0075196
83.759,0.0073335,14.419,-18.522,0.012599
219.88,0.011182,196.65,101.72,0.0066184
183.2,0.0059954,43.444,99.342,0.0089593
89.083,0.0076273,174.76,85.506,0.012819
-82.386,0.0079164,120.55,95.189,0.018859
315.29,0.0091128,199.97,120.44,0.016783
189.57,0.0098905,161.48,88.928,0.017235
87.035,0.014058,114.68,23.047,0.01202
56.096,0.0012084,266.85,89.834,0.0088679
139.3,0.007798,163.34,64.803,0.0031621
35.624,0.0059497,127.92,72.174,0.015994
-7.4139,0.010627,94.889,54.326,-0.0039577
115.52,0.0053597,149.09,62.395,0.011044
137.63,0.0066267,219.6,69.374,0.0046215
106.69,0.0081209,27.888,18.122,0.0047058
131.01,0.010431,290.4,104.61,0.0098983
53.593,0.010717,142.62,20.958,0.010832
-3.6599,0.0063208,185.8,85.144,0.018979
191.03,0.011301,123.5,102.91,0.019316
108.29,0.0080617,69.466,82.833,0.013805
262.85,0.014202,195.73,35.33,0.0090314
326.79,0.0098701,69.499,77.648,0.006366
156.29,0.0099545,136.98,55.744,0.010547
152.3,0.0056467,173.19,31.423,0.0096543
224.41,0.018735,141.07,-33.233,0.00015722
228.13,0.0050854,83.253,35.26,0.0081842
126.13,0.01342,119.55,94.692,0.0091088
18.09,0.01165,195.51,47.576,-0.0011509
229.95,0.0033334,101.04,67.207,0.0087828
15.785,0.010152,0.13066,34.407,0.0053615
318.05,0.013314,26.089,63.894,0.001909
155.13,0.0030142,133.5,55.736,0.008297
236.35,0.0098732,130.89,76.229,0.010624
152.64,0.0072896,100.48,53.557,0.0152
111.47,0.0063893,241.6,9.6631,0.01057
174.1,0.0023237,291.07,118.59,0.023463
177.93,0.0090942,253.31,69.593,0.014494
54.427,0.010675,230.44,117.36,0.012621
199.63,0.0046621,121.9,120.55,0.019844
117.46,0.0074838,107.8,28.878,0.0051078
101.75,0.010471,140.6,63.798,0.0053802
206.06,0.0062066,145.09,68.85,0.017789
151.59,0.0072889,251.15,88.704,0.022595
-102.83,0.005305,126.7,74.032,0.014146
34.984,0.0083613,27.589,82.82,0.012671
285.02,0.0056425,266.4,108.61,0.0028611
249.86,0.011188,102.16,62.849,0.014404
155.74,0.015394,71.849,79.451,0.010298
268.36,0.010609,151.54,86.784,0.016302
79.464,0.0077008,85.355,41.259,0.018967
77.632,0.01238,167.46,63.691,0.019306
91.07,0.0037387,180.86,24.294,0.016111
229.42,0.0029523,235.98,-5.0842,0.014672
143.75,0.0081588,155,72.668,0.017754
103.29,-0.001256,44.156,81.409,0.0082845
81.551,0.010442,116.03,81.579,-0.005586
7.3188,0.0071524,225.5,89.173,0.0055882
63.001,0.0067409,259.43,51.956,0.021826
173.76,0.0063825,183.03,55.811,0.0025844
118.1,0.015152,169.78,42.576,0.0094404
88.771,0.00026291,135.11,70.518,0.016009
222.46,0.0077121,202.11,102.94,0.006338
278.24,0.0056613,184.98,87.261,-0.00032996
100.89,0.010253,131.43,70.076,0.0098257
183.37,0.0074364,168.59,137.01,0.014677
148.58,0.005488,100.47,116.36,0.013114
181.74,0.0099743,272.93,27.699,0.0040365
245.59,0.0096206,212.1,100.55,0.0076283
226.35,0.014778,176.61,64.971,0.014016
237.03,0.008269,95.764,81.452,0.0039725
192.79,0.016562,128.04,67.044,0.021001
250.8,0.0074301,145.86,51.903,0.015318
117.62,0.010342,53.872,35.467,0.013077
323.06,0.0011122,163.73,-1.3461,0.012658
19.169,0.011577,117.58,93.518,0.010143
223.04,0.01498,224.68,21.071,0.011391
295.5,0.0061292,166.42,92.384,0.0024177
95.937,0.0094406,181.9,62.501,0.018085
13.173,0.021149,284.16,70.029,0.014487
277.27,0.0058484,214.87,55.647,0.0080109
151.4,0.0055519,224.02,101.27,-0.001201
59.459,-0.00068377,69.953,101.72,0.0079899
125.64,0.01276,88.997,87.365,0.010157
266.49,-0.0016499,51.419,60.76,0.01297
138.59,0.012774,175.05,87.662,0.0066886
172.36,0.010074,173.1,19.148,0.011557
164.67,0.0091913,134.36,100.33,0.010308
217.21,0.01237,282.21,32.312,0.012394
181.66,0.00050576,193.66,75.964,0.010241
222.7,0.0021976,184.99,23.174,0.0062599
367.83,0.0009966,161.38,41.068,0.007561
189.48,0.0071769,296.75,38.97,0.00103
204.96,0.0041493,157.77,25.504,0.014406
343.72,-0.0017525,228.42,72.27,0.0013785
187.29,0.010008,279.99,62.284,0.0045745
84.825,0.0048973,80.741,57.511,0.0041568
9.7676,0.0097641,111.51,50.84,0.0013047
225.91,0.0043257,184.41,59.345,0.0071376
86.536,0.0088597,48.907,93.093,0.0053912
74.428,0.015477,231.26,60.693,0.016293
67.577,0.0080363,137.97,101.14,0.011299
177.72,0.006138,141.8,83.66,0.0061694
173.21,0.0071443,123.02,104.52,0.015376
144.18,0.0087997,88.024,15.337,0.0055556
203.78,0.010723,123.41,52.06,0.012757
71.173,0.0093765,185.97,111.54,0.0129
152.36,0.0056905,165.43,43.912,0.00050085
139.85,0.0077238,99.27,88.625,0.010459
143.93,0.015625,277.14,110.31,0.016364
6.3295,0.014362,166.49,23.47,0.010172
191.06,0.0051825,251.76,83.867,0.005684
434.57,0.0082126,173.81,31.744,0.014058
30.826,0.011648,163.1,14.967,0.0041774
150.78,0.0099198,113.84,80.86,0.0037109
-10.48,0.0096311,325.57,41.724,0.0062566
211.85,0.00068303,197.48,20.633,0.008164
154.57,0.012705,159.15,40.149,0.018059
290.32,0.004547,160.92,106.57,0.010912
232.21,0.0045439,179.59,29.032,0.010266
82.099,0.0099915,208.71,88.248,0.010981
148.66,0.009354,264.18,92.111,0.012656
140.67,0.00853,195.44,24.173,0.0014179
102.56,0.013188,216.6,33.583,0.0050377
313.94,0.001975,289.53,-26.237,0.0073071
88.158,0.0012475,30.981,40.241,0.0049998
134.95,0.0093918,158.7,82.823,0.010575
235.16,0.0096439,200.36,63.849,0.0071914
219.85,0.0064516,187.31,39.315,0.010279
152.97,0.0095754,210.29,40.637,0.010067
271.44,0.0044403,223,96.808,0.012156
229.08,0.010148,181.13,22.41,0.0074742
100.65,0.0079948,327.04,52.98,0.0064688
103.73,0.014332,188.18,45.925,0.0008893
160.14,0.0074163,70.34,38.392,0.022016
230.47,0.0062667,62.314,38.989,0.012017
104.58,0.012809,148.93,46.765,0.0076904
102.04,0.010485,292.44,39.39,0.0057348
186.42,0.0063382,156.71,68.909,0.0042885
123.15,0.012995,9.2902,83.145,0.013486
160.53,0.0060646,110.88,88.407,0.01159
95.636,0.0099913,343.37,30.599,0.0091565
106.62,0.0081297,128.15,57.084,0.0097193
142.31,0.0048441,119.1,69.03,0.010375
81.315,0.013279,229.11,32.247,0.020242
262.59,0.012929,281.3,69.35,0.0092964
260.44,0.0053819,95.209,37.233,0.0063875
155.21,0.0053589,180.59,48.222,0.011355
92.371,0.0083317,-7.1057,44.796,0.014064
207.95,0.0094825,197.74,39.789,0.018844
149.06,0.0034656,113.47,59.15,0.0018962
107.77,0.0038686,306.91,58.969,0.011151
147.09,0.0057355,96.436,49.769,0.013919
237.31,0.0065729,135.85,46.024,0.0068077
114.93,0.004889,177.11,5.9058,0.0042897
220.78,0.0073159,157.77,74.254,0.0089456
258.87,0.010462,115.56,58.732,0.0068046
131.9,0.012226,240.72,64.539,0.0082624
47.721,0.0033746,82.48,31.307,0.0030637
191.8,0.0046756,191.01,55.852,0.0044989
276.36,0.012281,309.18,34.983,0.010842
236.44,0.0089508,132.17,17.542,0.012744
-10.543,0.0059877,62.62,84.897,0.0092109
241.95,0.0074153,157.8,50.376,0.010956
50.142,0.015687,-5.954,65.535,0.010341
192.28,0.003801,95.69,54.474,0.00055268
79.095,0.0028806,61.971,56.241,0.0062423
41.987,0.010881,290.17,57.156,0.0086599
147.27,0.0094363,146,93.415,0.020464
64.559,0.015511,99.094,68.335,0.0061584
-48.577,0.0091665,241.03,79.756,0.018309
1.5513,0.010617,197.63,81.809,0.014732
73.476,0.0083145,68.818,83.908,0.011176
202.81,0.010852,80.02,105.26,0.0081506
277.24,0.0057248,121.78,15.99,0.0033245
293.08,0.0079783,136.55,104.25,0.011916
182.35,-0.0023474,236.63,7.468,0.0050596
32.961,0.0097379,161.19,37.907,0.002377
70.852,0.0071383,90.244,104.13,0.010142
247.08,0.0074251,207.31,42.22,0.013777
131.44,0.0052151,12.451,49.582,0.006995
250.55,0.01099,100.69,39.638,0.011356
46.943,0.0026379,138.94,97.394,0.010056
112.48,0.010555,74.175,26.221,0.020181
238.27,0.0080686,164.86,2.1668,0.014603
146.29,0.0092765,173.01,96.139,0.0026444
237.75,0.0091465,264.63,13.641,0.0076681
128.8,0.0013046,135.83,61.01,0.0066526
218.51,0.0011122,96.676,40.805,0.004659
147.85,0.0062882,220.82,32.422,0.0089824
84.014,0.0046646,160.49,48.378,0.010855
266.96,0.0029852,235.08,82.784,0.02444
157.14,0.011534,116.83,96.145,0.010784
-40.582,0.0044205,27.795,110.39,0.0045682
-9.2788,0.0091458,264.25,88.479,0.0079717
241.25,0.00035379,20.362,94.465,0.014358
187.61,0.0081132,154.83,126.52,0.0048199
128.4,0.014061,-39.559,42.688,0.0098556
0.10591,0.0072502,153.25,87.824,0.014905
122.03,0.016245,179.11,97.353,0.010414
78.37,0.0089367,36.858,52.427,0.014653
121.71,0.0090596,131.15,69.997,0.0077587
123.25,0.014804,118.28,31.998,0.0097594
102.58,0.012962,11.794,98.541,0.0034323
110.96,0.012462,178.7,53.381,0.012276
102.24,0.0094759,119.03,-10.761,0.016409
79.546,0.013536,58.291,103.88,0.012413
165.55,0.010137,97.036,98.771,0.016549
76.805,0.011985,52.858,50.804,0.0078298
44.026,0.0088915,124.82,54.741,0.010526
115.19,0.013987,-1.1202,7.416,0.014787
-47.708,0.0064776,167.58,102.82,0.0015624
230.27,0.0076061,172.72,83.322,0.010432
195.1,0.0042922,165.67,51.325,0.002772
43.944,0.007568,166.57,9.1838,0.014481
15.604,0.012164,184.39,22.311,0.01008
250.09,0.0080266,174.28,105.52,0.0072604
215.3,0.0060768,206.56,52.785,0.0052685
35.988,0.014354,219.49,79.465,0.0073936
1.3394,0.0040567,248.96,81.836,0.011325
241,0.0040682,153.43,34.074,0.020577
249.49,0.0070021,81.143,40.821,0.0010556
110.95,0.012847,334.9,61.492,0.010582
207.9,0.0044953,228.48,76.284,0.0092626
248.01,0.0052134,60.846,-14.975,0.020414
181.91,0.0044248,105.38,40.887,0.013279
-84.542,0.010878,165.5,63.513,0.0051179
169.57,0.012062,49.59,33.622,0.014006
154.1,0.014387,255.34,61.342,0.005327
153.73,0.010435,221.63,98.799,0.015012
-20.486,0.0084763,180.21,135.45,0.0020743
102.84,0.0022509,124.22,82.132,0.0091003
190.68,0.016807,154.62,67.223,0.011459
209.14,0.016044,91.073,101.8,0.016721
181.14,0.015326,208.89,15.113,0.0049528
284.45,0.014019,155.43,76.32,0.013203
18.648,0.0074471,99.156,103.93,0.011978
133.21,0.0155,113.23,61.61,0.017683
244.55,0.0054651,175.95,81.279,0.004375
-113.19,0.012646,226.89,33.084,0.0099812
167.13,0.0095359,193.01,51.482,0.007818
189.11,0.010719,145.95,81.814,0.006431
156.49,0.0066759,87.239,32.149,0.0095813
230.18,0.0075186,169.31,25.984,0.0080733
95.933,0.014138,201.3,36.328,0.010118
86.269,-0.00067028,235.89,-1.8057,0.0098212
342.52,0.0052507,171.28,60.54,0.0076107
75.371,0.003302,15.093,36.338,0.0078493
66.427,0.0073986,165.2,61.038,0.010591
237.39,0.0061618,165.49,41.331,0.018455
160.83,0.0042173,43.264,97.755,0.0062409
172.53,-0.00038963,221.89,45.425,0.015085
236.5,0.0057779,275.21,30.895,0.0056605
207.62,0.0046145,78.512,66.03,0.012433
221.77,0.0051778,141.8,41.995,0.012817
197.36,-0.0014919,105.09,46.005,0.0031716
157.09,0.016993,170.34,22.259,0.0048864
41.402,0.0067533,140.42,4.9607,0.0057954
114.15,0.011447,252.47,51.185,0.0072076
102.73,-0.0013315,145.25,91.964,0.009338
225.73,0.0099666,119.44,50.012,-0.00073021
173.93,0.0095959,214.8,54.919,0.014942
39.491,0.0072333,128.58,44.436,0.0099722
302.04,0.0013577,160.49,42.669,0.003092
197.78,0.0092668,3.7254,35.906,0.01567
263,0.016904,220.57,109.45,0.0085343
111.6,0.010552,55.574,75.244,0.0039453
94.525,0.0040755,129.06,47.83,0.018316
224.33,0.0015004,48.497,49.466,0.018612
128.22,0.006561,291.14,5.2349,0.011708
159.82,0.015521,139.74,107.74,0.0039955
119.21,0.0056003,78.405,62.052,0.010857
42.709,0.0073279,233.49,36.899,0.010266
228.07,0.0078589,188.8,136.51,0.0028387
232.26,0.010826,103.22,86.619,0.015919
128.27,0.0061183,283.39,95.886,0.0078676
115.67,0.013164,34.4,49.499,0.013294
216.13,0.0068633,230.48,53.552,0.010403
153.65,0.0083086,169.15,38.434,0.013369
114.05,0.00094508,144.08,55.622,0.006736
5.6438,0.0064009,134.44,89.173,0.0030382
54.704,0.007997,221.64,111.37,0.0123
64.364,0.0068429,279.41,75.829,-9.838e-05
176.9,0.010474,203.53,45.809,0.002823
-49.968,0.010232,138.02,17.904,0.007309
57.888,0.015049,241.53,51.996,0.0044513
160.45,0.007035,138.84,76.064,0.0076446
284.39,0.0070958,199.04,7.2108,0.01267
205.03,0.0068039,133.74,4.9429,0.0019042
193.2,0.01075,167.25,21.717,0.0082776
168.82,0.007008,259.47,95.213,0.010645
150.61,0.0064114,167.98,33.702,0.01516
196.46,0.0084891,305.82,30.571,0.0075331
54.95,0.011866,203.83,117.54,0.012245
59.077,0.0087489,143.07,62.633,0.014101
92.355,0.0091706,134.3,94.809,0.016636
200.36,0.012809,147.53,88.182,0.016183
134.23,0.0093758,73.768,92.977,0.011218
198.59,0.013639,39.992,98.652,0.017759
147.06,0.0036434,341.02,82.521,0.017616
116.55,0.017047,252.07,46.732,0.0071169
163.05,0.01543,153.72,100,0.012732
151.33,0.010832,7.4779,80.979,0.015054
78.209,0.01533,225.19,56.067,0.010685
151.64,0.01042,87.839,51.789,0.017636
111.44,0.014422,81.846,75.606,0.011869
48.683,0.0047411,90.977,43.168,0.0031443
253.74,0.012267,275.43,93.728,0.013645
32.702,0.0053866,133.66,30.065,0.01196
183.01,0.012033,100.5,63.092,0.014385
143.56,0.011264,223.88,27.279,0.0060082
212.34,0.0018999,150.8,14.909,0.012315
203.64,0.0031763,210.39,44.273,0.0043199
182.41,0.013558,122.68,114.14,0.0063588
150.78,0.0091969,214.11,59.751,0.0073447
187.19,0.0023277,335.9,73.4,0.01041
116.45,0.0035672,39.778,109.12,-0.0022984
331,0.0098049,69.361,33.076,-0.0017301
97.477,0.0078239,80.578,23.406,0.014665
238.42,0.0062215,279.5,43.478,0.0076703
146.79,0.002705,180.26,65.594,0.0046908
166.43,0.0082752,98.835,55.785,0.0091527
226.46,0.0088479,197.2,57.036,0.013179
107.49,0.0073265,235.71,83.844,0.009476
214.9,0.0028393,265.54,131.65,0.011791
136.45,0.010151,206.84,50.395,0.0053016
29.514,0.012614,54.322,52.435,0.020309
184.78,0.0028561,368.76,93.547,0.015119
76.282,0.009809,165.83,41.92,0.0034355
172.69,0.01381,147.91,102.45,0.016806
194.57,0.0084521,139.04,90.532,0.010149
242.04,0.0046916,245.24,37.032,0.0050307
-73.619,0.0074996,171.76,70.918,0.002452
194.81,0.0088048,129.51,49.032,0.0086199
144.4,0.0031587,216.75,76.376,0.013464
290.38,0.0056238,184.3,80.092,0.015914
82.536,0.012425,71.968,23.477,0.016951
243.53,0.012955,209.22,109.86,0.016463
58.949,0.0087273,240.31,127.53,0.012959
117.41,-0.0030345,202.79,6.6994,0.0095657
66.066,0.0078839,185.38,48.54,0.0065192
144.6,0.0048059,92.207,51.834,0.0058428
220.16,0.0075896,95.196,89.927,0.012937
15.78,0.0096584,184.33,108.43,0.00049628
174.69,0.0038066,129.12,27.902,0.003831
226.61,0.012863,293.44,80.355,0.0099962
270.44,0.008387,162.46,18.053,0.0030751
296.63,0.0083792,134.74,52.191,0.015006
128.76,0.014469,124.06,67.456,0.0099211
240.29,0.0049279,219.43,67.14,0.006169
124.52,0.0056144,103.05,72.57,-0.0020948
179.32,0.0028613,280.05,57.858,0.012323
127.37,0.0048873,290.33,63.403,0.0081648
145.18,-0.0029378,65.736,89.192,0.019171
159.13,0.0055233,167.75,85.94,0.010163
142.76,0.0094004,141.08,92.226,0.01276
210.82,0.0089683,45.248,28.914,0.0059673
182.79,0.016031,140.09,16.008,0.014207
140.33,0.010145,98.055,86.027,0.023595
73.061,0.0074528,193.45,79.017,0.0042867
139.12,0.0035196,86.879,71.595,0.011622
42.328,0.011288,92.601,119.11,0.0067475
16.132,0.0034523,173.16,105.17,0.014191
93.203,0.010723,180.66,26.404,0.010119
62.355,0.0012586,184.84,63.731,0.013202
91.367,0.011949,188.52,29.758,0.008861
147.45,0.0061097,28.313,42.459,0.0083183
18.317,0.015317,299.66,78.537,0.0047295
264.28,0.013421,135.07,85.425,0.021565
109.37,0.004628,196.89,73.312,0.012503
140.55,0.0095854,37.172,71.274,0.0046091
230.08,0.0064565,152.16,148.79,0.0083198
197.74,0.0053981,161.84,53.205,0.0096957
64.683,0.0070785,228.49,89.008,0.010016
164.62,0.0052432,167.7,70.424,0.013002
256.94,0.0081017,165.21,121.21,0.0042034
127.7,0.0067728,123.75,38.999,0.011448
129,0.010743,75.237,78.329,0.0018397
219.41,0.0029246,152.16,-8.0204,0.010315
131.74,0.0090068,104.06,10.379,0.011461
-18.136,0.012622,153.25,25.704,0.0064818
223.75,0.0057113,268.19,44.437,0.014587
358.29,0.0035546,146.07,77.015,0.0027596
171.42,0.010243,375.73,58.499,0.0099858
180.91,0.010475,243.8,101.97,0.0013944
214.09,0.0017195,366.37,21.522,0.0076686
324.58,0.01223,178.97,16.582,0.013195
225.12,0.01284,88.241,66.276,0.016818
71.16,0.014285,284.35,72.005,0.0050308
84.442,0.0074988,41.653,73.856,0.012361
84.551,0.0055435,92.554,76.239,0.010574
73.202,0.0015334,131.9,49.302,0.019102
222.29,0.009259,327.2,69.334,0.0085909
48.637,0.010319,158.35,34.847,0.011358
188.5,0.0068776,87.257,46.66,0.0045016
246.26,0.013983,-22.324,92.231,0.022843
131.59,0.0071123,235.79,57.354,0.014107
193.45,0.001803,273.3,72.796,0.011012
180.94,0.015928,165.71,58.795,0.0071431
153.69,0.011833,122.8,29.841,0.011898
191.29,0.0037792,61.549,45.915,0.017449
156.45,0.014016,70.868,79.853,0.012611
254.99,0.0044457,216.13,62.635,0.0082399
303.56,0.0095476,114.99,73.854,0.013001
294.76,0.0080121,131.63,44.319,0.018128
158.98,0.002598,213.78,85.783,0.0046627
234.25,0.013321,177.52,57.267,0.013585
51.332,0.0034082,191.47,56.149,0.0095379
77.256,0.0062606,119.56,43.42,0.0029182
157.31,0.0031148,64.47,91.383,0.0076667
310.5,-0.00028185,229.79,29.54,0.0020078
231.33,0.01249,224.94,106.16,-0.0021569
210.18,0.0055181,328.11,71.91,0.0099682
21.166,0.0085116,135.63,42.317,0.010463
359.12,0.0014087,103.31,47.807,0.010248
167.73,0.0020292,151.62,52.551,0.010095
187.07,0.00085184,204.57,73.422,0.008376
222.66,0.011584,222.7,85.203,0.0072977
216.1,0.0012022,96.687,54.242,0.01469
130.38,0.0092094,180.32,96.365,0.017785
86.852,0.011035,112.82,129.44,0.014977
247.22,0.0099495,158.14,62.962,0.021538
164.37,0.0070189,115.55,85.931,0.015909
129.85,0.016033,109,49.111,0.010829
260.94,0.015196,201.7,92.131,0.011016
82.541,0.015593,148.13,29.179,0.011405
242.53,0.0083646,163.3,32.943,0.0036689
83.085,0.013443,145.52,53.266,0.01329
20.894,0.0091893,237.3,112.76,0.0089126
144.83,0.0053607,198.69,69.758,0.011953
259.78,0.0051042,367.06,78.687,0.010776
288.39,0.015874,136.25,91.219,0.0064574
345.71,0.0078525,94.712,72.516,0.011184
177.71,0.0048643,194.28,61.45,0.018466
56.444,0.0097469,110.34,60.476,0.012369
5.1655,0.006448,144.03,47.264,0.0084787
295.65,0.0076754,127.22,88.071,0.012483
53.894,0.0080888,237.06,118.02,0.0087348
75.976,0.0031917,141.76,36.922,0.010425
145.24,0.0098352,35.99,29.739,0.0069158
112.52,0.0096306,270.3,74.558,0.019409
100.66,0.012481,49.675,-1.2731,0.013429
107.82,0.011095,166.01,122.36,0.010212
228.62,0.0056098,212.01,21.567,0.0041935
195.02,0.0046854,147.98,27.496,0.0028895
156.32,0.0089769,161.73,36.333,0.010786
332.2,0.0093159,175.35,16.32,-0.0042385
98.806,0.008024,130.28,60.18,-7.0446e-05
226.69,0.010178,119.53,23.995,0.0049802
155.53,0.012824,130.97,110.34,0.0083234
151.2,0.0030081,185.46,54.588,0.00090939
106.07,0.012402,261.28,71.71,0.0084445
190.65,0.0041748,139.21,31.949,0.0072682
137.1,0.010056,60.217,54.977,0.016475
73.071,0.0059399,83.062,54.806,0.01014
76.339,0.012416,200.04,30.149,0.012822
33.864,0.0034828,231.38,64.688,0.013161
29.783,0.016407,60.031,76.408,0.018811
98.337,0.0079033,161.68,61.757,0.019382
183.51,0.010843,70.174,83.711,0.0097736
132.54,0.0088369,152.21,53.588,0.013413
86.298,0.012977,126.31,91.791,0.0073634
253.71,0.013857,226.2,109.59,0.011976
38.171,0.0023019,253.75,86.625,0.013926
162.44,0.010712,106.38,99.947,0.0089441
218.9,0.0080494,206.23,56.955,0.016448
179.02,0.0054681,82.225,79.563,0.014293
246.95,0.011644,125.89,26.96,0.013693
155.39,0.0027827,213.43,40.341,0.0073926
224.56,0.015958,142.94,36.049,0.0064469
166.34,0.0081116,83.96,45.09,0.011652
115.79,0.0097707,159.2,78.244,0.003199
277.62,0.0048212,153.05,17.198,0.0057548
161.14,0.0054618,129.58,102.95,0.010583
168.1,0.0086592,137.79,83.155,0.0078776
287.28,0.010103,43.22,115.03,0.0099094
126.3,0.0043079,90.627,57.932,0.0037602
80.774,0.0099385,210.28,69.062,0.0043414
142.02,0.0094565,154.47,104.1,0.014754
108.92,0.0087741,94.486,61.493,0.011757
199,0.010143,163.27,52.589,0.0077161
198.84,0.0063834,110.03,38.986,0.0083253
88.388,0.0030783,216.17,48.066,0.015646
88.475,0.014062,93.055,88.862,0.012442
195.53,0.0032978,128.91,67.036,0.015753
156.61,0.001061,175.33,71.074,0.017815
68.551,0.01592,236.91,24.038,0.011821
160.21,0.015681,140.48,74.049,0.0047531
142.36,0.0084358,151.4,128.02,0.014942
75.743,0.010277,138.51,92.857,0.009302
179.68,0.0073837,147.27,99.111,0.00319
62.984,0.010605,132.35,68.269,0.0063381
138.69,0.010811,75.253,14.848,0.012893
267.86,-0.00032635,113.67,-5.0068,0.0037401
95.579,-0.00026076,173.33,89.79,0.013766
97.667,0.0098578,187.35,36.468,0.014668
287.33,0.003488,252.55,80.518,0.0080676
152.05,0.0076294,102.5,89.446,0.010523
50.092,0.010806,42.544,83.256,0.0049027
254.38,0.01156,198.81,95.908,0.010493
112.56,0.0073949,166.51,100.17,0.012907
154.97,0.0040178,178.99,51.981,0.0026056
196.09,0.0069686,211.07,87.381,0.012292
166.59,0.0036908,143.83,118,0.017168
126.62,0.00076675,182.93,-36.352,0.017764
283.37,0.0049393,236.34,17.055,0.0098175
129.11,0.0097423,175.98,89.225,0.011619
16.276,0.0043613,87.239,40.75,0.0043281
118.79,0.0056006,95.373,20.409,0.0045247
215.07,0.0062769,114.94,67.96,0.011941
283.48,0.002085,175.13,61.876,0.0095833
188.42,0.015957,72.635,130.4,-0.00037542
116.28,0.0051232,132.96,46.403,0.013891
192.61,0.0048111,189.81,78.355,0.0053928
132.42,0.0108,52.508,10.864,0.010971
155.48,0.0094844,101.51,43.695,0.012006
28.022,0.0057943,243.5,33.567,0.0086153
171.86,0.016489,119.28,109.85,0.004955
177.91,0.0060039,111.14,71.831,0.01536
270.89,0.0077994,275.17,53.326,0.0070671
100.92,0.013668,188.55,36.563,0.01898
166.37,0.0081482,49.198,90.597,0.0087089
116.46,0.0087579,151.93,12.913,0.0075315
295.35,0.011352,159.55,103.9,0.0079084
59.416,0.0071004,210.42,76.222,0.0072834
8.7017,0.011454,67.206,66.436,0.005248
156.3,0.011821,228.25,24.76,0.018812
140.14,0.013261,120.26,-6.939,0.0088646
111.47,0.017075,247.55,74.308,0.0011917
126.13,0.012233,241.1,-2.3933,0.0050517
173.56,0.0059893,299.96,62.865,0.017099
159.99,0.014861,318.1,60.824,0.0048663
133.29,0.000931,80.672,62.539,0.019482
167.59,0.010852,133.36,62.147,0.005847
235.52,0.0067769,164.62,38.78,0.0046982
128.97,0.0088256,182.58,53.678,0.010671
222.72,0.0030202,133.24,49.943,0.0053557
254.77,0.0054423,86.32,81.277,0.0050015
103.12,0.0088038,209.63,39.364,0.013272
247.44,0.018836,239.21,18.112,0.010808
179.74,0.00033701,216.57,13.66,0.0028576
68.639,0.0098824,-10.846,11.359,0.010048
392.94,0.0082704,177.47,87.88,0.011931
223.72,0.0055862,205.39,35.577,0.005427
194.9,0.0039667,147.72,45.172,0.013803
58.373,0.013434,51.623,40.522,0.014346
202.33,0.013787,213.69,47.925,0.0079272
101.94,0.012341,201.98,39.718,0.0098561
88.858,0.01083,235.91,95.769,0.012758
105.06,0.010877,8.4005,53.705,0.017595
66.826,0.0034205,-33.172,96.539,0.011539
115.86,0.0070542,86.922,52.559,0.0049659
156.95,0.0065749,182.35,60.636,0.0031926
241.71,0.0041343,161.95,89.91,0.01064
106.06,0.014169,50.31,120.85,0.016302
187,0.003522,114.58,99.782,0.014272
160.52,0.010597,204.62,112.6,0.0081702
18.316,0.016986,60.715,65.813,0.016292
215.28,0.011745,278.06,45.923,0.017
138.12,-0.00096323,167.08,75.151,0.017868
89.999,0.014443,55.982,30.399,0.0095967
120.71,0.0052306,200.44,95.446,0.0015854
228.41,0.0079213,265.99,20.972,0.0074232
250.7,0.013477,94.478,72.926,0.0078197
258.52,0.0091343,158.5,56.191,0.015727
375.36,0.0061579,144.18,61.039,0.0034129
248.59,0.0062485,167.85,111.1,0.013631
152.44,0.012301,285.86,79.303,0.0077682
127.68,0.0035294,308.2,59.615,0.0021395
107.09,0.0057862,184.53,89.532,0.011928
165.72,0.013,42.195,64.034,0.015873
269.15,0.00828,184.54,61.779,0.014097
127.51,0.0038862,346.81,70.091,0.013742
176.81,0.010737,94.04,40.56,0.0037761
114.83,0.0092544,221.4,60.789,0.010463
44.393,0.0077758,240.02,33.544,0.0013911
49.749,0.00012769,249.31,-2.8458,0.0072733
184.36,-0.00071823,235.91,34.721,0.012925
255.06,0.0080998,11.191,41.457,0.0058207
279.31,0.00078198,188.92,92.617,0.010148
193.14,0.010872,113.32,53.256,0.0063911
156.48,0.010723,248.47,98.167,0.011505
175.92,0.012807,225.67,92.72,0.01008
156.41,0.0093992,101.93,53.511,0.010523
187.69,0.014667,272.2,39.721,0.010404
69.223,0.014509,166.35,56.394,0.0095011
91.68,0.0097181,198.56,30.953,0.0057932
168.84,0.008592,174.6,107.6,0.017031
127.05,0.007221,203.93,84.376,0.0095359
4.5261,0.01796,27.58,67.423,0.0097342
141.28,0.0089841,111.62,131.15,0.012023
98.673,0.0086494,227.04,74.884,0.016627
154.57,0.013415,138.01,102.25,0.014296
101.27,0.010862,120.95,49.492,0.014169
115.81,0.015765,210.59,51.026,0.0068667
243.39,0.0030489,131.67,42.477,0.010409
131.76,0.000204,138.54,9.8858,0.014868
95.903,0.010041,34.302,43.695,0.011667
92.009,0.0035001,66.314,37.114,0.012395
149.67,0.005323,67.262,52.235,0.0075588
136.06,0.013015,196.63,43.77,0.0051302
219.97,0.0040942,187.76,95.187,0.00077321
136.96,0.010106,234.92,35.474,0.014664
228.49,0.0039137,191.07,32.68,0.016274
304.39,0.00082744,200.71,107.38,0.0071338
77.486,0.0013606,151.45,45.627,0.0053509
192.78,0.0056381,190.76,60.011,0.0093063
255.73,0.0048346,367.42,103.02,0.0084478
-50.213,0.01202,119.77,50.616,0.0063021
54.454,0.0079081,69.446,110.39,0.0098346
205.71,0.0186,68.736,57.582,0.011577
238.03,0.0054779,109.29,91.945,0.015161
209.01,0.013594,119.25,20.904,0.006232
123.18,0.0063495,291.73,66.716,0.010906
91.398,0.013496,72.736,93.231,0.015112
-23.396,0.01401,152.62,46.989,0.0063094
64.981,0.0081233,143.62,33.002,0.012261
135.65,0.010028,278.24,74.608,0.01287
381.96,0.0079176,413.54,73.583,0.0099222
158.86,0.0081162,114.51,19.21,0.01059
124.87,0.0063169,133.42,25.702,0.01204
319.04,0.0075819,42.28,102.99,0.0099736
207.43,0.01824,303.53,85.927,-0.0014386
183.1,0.016186,161.11,69.121,0.011353
81.389,0.012836,101.66,81.029,0.014763
156.63,0.0097597,173.67,88.994,0.010771
98.681,0.014229,49.779,76.683,0.0081182
71.552,0.0062476,55.557,100.12,0.016361
257.1,0.00083232,47.304,76.987,0.012036
159.85,0.010742,293.23,-4.6191,0.011772
72.135,0.0067079,197.15,47.577,-0.0038376
90.397,0.00058826,140.64,76.923,0.005831
262.55,0.0057347,210.14,38.224,0.0095925
18.665,0.0010231,135.91,22.087,0.013447
201.09,0.012893,331.24,99.277,0.0023206
32.368,0.0031683,261.17,80.78,0.0069628
155.92,0.007045,161.16,37.945,0.012553
147.06,0.0030849,59.668,20.865,0.011141
66.61,0.0053033,200.89,112.78,0.0046452
45.063,0.0078124,9.9638,78.674,0.010317
167.87,0.0028533,11.146,53.138,0.012537
118.82,0.010021,93.654,20.25,0.00094039
192.9,0.0093489,146.35,91.735,0.014032
128.42,0.012498,69.578,116.94,0.017516
140.03,0.0016115,264.22,49.19,0.01193
206.39,-0.0024546,244.95,74.085,0.014776
158.73,0.009669,202.16,89.28,0.016143
98.786,0.0099843,172.03,-6.3867,0.017158
94.255,0.0075778,42.145,83.834,0.013139
249.3,0.012852,160.07,74.467,0.0059179
98.837,0.010337,136.64,57.856,0.014627
11.305,0.0065343,185.7,129.96,0.0078632
199.55,0.01466,196.84,84.557,0.012626
165.84,0.0056882,101.21,122.03,0.019315
86.132,0.01214,134.31,125.26,0.0058797
21.878,0.012155,177.29,67.85,0.010779
326.74,0.010505,268.39,23.846,0.017144
262.99,0.010922,122.27,98.924,0.0078188
268.25,0.0096184,195.15,67.94,0.015057
71.034,0.0035036,105.8,64.086,0.0072754
169.18,0.0011231,77.853,126.16,0.00041996
150.33,0.010662,234.4,80.614,0.01632
170.92,0.012672,40.621,42.607,0.010913
202.57,0.013386,-48.355,122.82,0.0094691
150.49,0.0029173,215.76,70.038,-0.0008491
135.87,0.0016588,24.976,62.388,0.011015
186.96,0.006418,226.96,41.57,0.0095704
151.6,0.010061,153.71,76.967,0.016364
174.72,0.0034552,226.67,-30.25,0.010188
148.85,0.0053435,222.42,48.656,0.011481
161.86,0.0079647,215.51,69.473,-0.0011267
358.39,0.0063085,182.83,39.987,0.0096424
95.298,0.0085403,179.62,13.232,0.015744
225.01,0.012468,137.53,82.965,0.0078682
93.997,0.00051256,60.66,27.768,0.00474
199.78,0.011745,109.06,54.638,0.0070857
-22.149,0.001443,128.74,71.554,0.0066912
301.53,0.0059875,29.531,48.169,0.0095804
149.96,0.011456,120.21,97.881,0.027386
34.636,0.0024334,22.218,46.199,0.022223
153.36,0.012569,265.78,109.03,0.0066991
133.11,0.0090155,80.84,51.504,0.010352
220.18,0.013112,89.776,60.054,0.0046499
172.15,0.011101,149.6,41.93,0.015468
125.74,0.00057968,46.428,45.549,0.0059514
217.39,0.0041591,124.98,95.127,0.018303
61.445,0.0059775,155.21,25.63,0.015294
118.42,0.014766,102.79,120.34,0.017772
140.67,0.01256,205.07,27.375,0.0089531
211.31,0.010565,107.05,40.883,0.014114
141.22,0.0086729,164.98,90.647,0.0094631
165.1,0.009385,194.21,96.478,0.0013981
151.54,0.015543,151.17,114.06,0.0087181
275.85,0.0017386,224,73.422,0.0082892
211.82,0.0062892,121.22,50.118,0.0083468
53.787,0.0038675,220.54,16.167,0.010291
93.995,0.0076025,121.94,59.251,0.0099579
77.333,0.013171,171.36,77.697,0.0060236
311.21,0.0087084,177.61,67.407,0.0071239
131.3,0.0062149,73.105,114.37,0.011105
79.252,0.0043819,330.98,128.84,0.012102
245.75,0.0053144,149.43,67.578,0.015046
101.97,0.0024673,87.906,91.706,-0.001971
170.56,0.00046499,114.58,82.341,0.0037061
146.09,0.0040724,94.396,49.952,0.0084073
236.31,0.0049003,182.32,-13.008,0.014102
101.66,0.011074,251.85,47.573,0.0052016
160.93,0.003217,169.1,-6.2857,0.0060325
206.87,0.0078246,87.948,44.984,0.018285
255.04,0.0013761,139.54,80.018,0.0063921
94.95,0.0071752,123.62,57.789,0.0048683
166.05,0.013169,-83.508,108.51,0.008626
38.661,0.0040667,263.54,-30.156,0.0082545
284.3,0.0044498,115.61,95.591,0.011482
276.69,0.013872,160.41,21.921,0.0086412
90.876,0.007454,118.69,137.21,0.0076209
237.05,0.01337,76.505,69.831,0.009719
166.05,0.0086527,204.54,69.573,0.014185
163.98,0.020508,106.91,111.9,0.010274
210.18,0.012702,229.82,30.042,0.012729
173.8,0.0084993,261,20.899,0.013765
152.33,0.011946,-14.628,93.184,0.012517
82.422,0.0078227,179.6,145.53,0.0087939
76.379,0.0060144,162.16,96.583,0.0097766
152.57,0.01285,0.34568,83.559,0.015245
286.15,0.0078005,211.39,80.971,0.0037238
149.02,0.016576,212.25,54.296,0.0059424
329.92,0.0078564,194.42,57.232,0.022304
149.51,-0.00081341,219.62,67.531,0.010123
138.56,0.0058357,97.398,136.27,0.011323
232.62,0.0094025,8.2205,5.6809,0.0067741
183.19,0.005681,118.41,71.625,0.0023819
91.99,0.0013643,223.57,67.878,0.011242
95.323,0.0070016,280.63,22.758,0.0078578
162.98,0.010261,135.36,65.928,0.010534
251.32,0.0059199,259.19,61.02,0.0046711
331.83,0.0054576,267.18,29.662,0.012232
80.022,0.0089426,71.289,52.896,0.0053116
124.44,0.0067323,197.46,15.741,0.0029458
111.78,0.0080121,191.66,31.56,0.015312
203.35,0.0014553,239.29,67.734,0.0092586
169.16,0.01048,140.59,78.621,0.018823
136.67,0.0083251,21.15,29.799,0.013533
191.62,0.011441,116.13,3.4028,0.0095225
16.149,0.0068909,130.81,46.943,0.0045156
20.601,0.011395,73.665,36.506,0.0067873
6.1713,0.0068776,208.44,84.684,0.024133
93.291,0.0090273,159.09,93.139,0.012508
218.85,0.0023435,151.88,60.514,0.012156
101.48,0.011901,261.09,24.964,0.014077
69.359,0.0062302,181.36,59.975,0.01433
285.11,0.007816,182.64,68.323,0.019501
171.16,0.005554,171.5,67.897,0.0083078
96.486,0.006167,220.93,61.769,0.0084246
139.87,0.00098869,179.87,40.828,0.012861
201.22,0.0021961,186.21,161.44,0.0081016
84.599,0.0046479,117.12,69.259,0.019652
91.59,0.0062666,222.73,79.871,0.0046723
44.534,0.0015855,62.4,65.371,0.01583
225.76,0.00773,267.17,106.11,0.001375
80.084,0.0068737,185.26,65.321,0.0098387
54.317,0.0046504,155.99,69.227,0.0092673
156.7,0.0039061,228.55,110.27,0.015189
49.623,0.012318,237.8,7.4839,0.0068003
195.7,0.0032772,28.723,54.937,0.016461
110.66,0.010042,105.5,34.626,0.0012058
389.82,0.0071364,163.03,51.879,0.0053883
129.84,0.013216,284.16,52.019,0.0021247
124.56,0.0038419,271.85,42.775,0.0079503
158.97,0.0070283,218.77,78.504,0.01167
226.92,0.0076501,229.02,34.536,0.0024552
30.248,-0.0024704,143.62,28.697,0.018779
172.76,0.0083676,40.46,117.14,0.012861
262.19,0.015119,136.52,106.35,0.011754
65.022,0.0092888,84.515,99.863,0.0046758
139.88,0.00899,166.05,146.2,0.010207
172.96,0.014973,118.35,126.79,0.0089327
135.1,0.012868,311.13,51.539,0.0058868
127.55,0.0019442,309.02,95.138,0.0204
179.14,0.012193,185.06,87.271,0.0057679
146.69,0.0026885,7.8728,68.675,0.0053037
220.89,0.016814,135.69,110.6,0.0041155
162.27,0.0089232,239.82,102.3,0.013757
220.85,0.0076866,149.7,104.22,0.013323
266.47,0.012377,229.34,32.941,0.011359
112.92,0.0041216,309.57,83.732,0.014137
270.38,0.0071926,175.12,27.175,0.012531
70.786,0.010778,78.633,55.654,0.014533
28.207,0.0093587,177.02,52.662,0.01526
136.1,0.00877,180.03,68.368,0.0039886
54.593,0.011003,160.52,44.12,0.02116
244.43,0.003404,254.15,121.95,0.0069348
159.21,0.0075946,100.3,25.767,0.01448
133.57,0.0070974,177.34,74.586,0.01309
211.28,0.004939,62.813,83.044,-0.0016067
256.51,0.010019,182.78,43.246,0.0072399
205.96,0.0041748,170.89,69.235,0.0070126
206.01,0.0098966,56.494,60.346,0.0032307
199.86,0.0056118,191.6,2.7388,0.0098388
160.46,0.01844,213.24,50.323,-0.00049447
145.75,0.0044715,313.33,119.02,0.0050976
80.05,0.0096619,254.58,23.053,0.0016891
32.298,0.0086967,156.45,11.353,0.020319
152.68,0.013974,138.94,61.578,0.0025225
203.4,0.013974,100.07,43.118,0.015347
51.13,0.0041114,171.25,115.71,0.015068
242.69,0.0086105,71.995,47.979,0.018238
42.43,0.016391,289.32,14.815,0.018749
155,0.009624,236.8,78.836,0.01334
27.948,0.0025276,185.89,50.854,0.0095427
206.07,0.0093141,250.48,3.2447,0.0016283
76.44,0.016978,45.752,87.321,0.012025
111.62,0.0082547,239.18,66.207,0.019594
159.84,0.0013886,66.713,69.063,0.0037536
22.395,0.013253,193.23,37.026,0.0098285
149.52,0.0089429,21.209,92.876,0.013357
44.674,0.011841,146.4,66.281,0.012463
208.42,0.001575,212.88,91.902,0.0037814
259.04,0.0064546,218.29,31.82,0.0093197
110.11,0.0054793,3.3622,130.49,0.00092918
248,0.0070301,386.87,52.482,0.0058481
220.35,0.0024943,17.91,67.559,0.018184
247.18,0.00062137,-24.114,39.932,0.0087529
149.65,0.0041388,189.36,-18.521,0.016703
210.72,0.016466,158.65,146.62,0.012669
174.03,0.008162,100.57,63.355,0.012344
195.74,0.0066441,248.06,27.3,0.0064129
296.97,0.013902,302.11,58.092,0.013554
186.41,0.010118,19.648,44.852,0.0055432
190.35,0.015524,30.464,66.888,0.0067031
387.78,0.0040153,209.05,30.538,0.002757
125.8,0.0078988,137.22,33.87,0.013049
259.93,0.0064138,138.76,33.675,0.0068259
188.31,0.010033,196.61,20.143,0.014402
25.864,0.0057292,238.31,26.078,0.0049415
59.893,0.0096913,172.47,54.241,0.015145
279.59,0.0072011,224.35,93.996,0.0071188
-26.773,0.011601,340.22,4.9839,0.0021302
31.82,0.0041083,-58.399,85.62,0.010369
69.665,0.0060059,56.074,117.94,0.015379
114.12,0.0083552,210.24,47.265,0.014718
94.329,0.0072363,82.754,83.807,0.0055596
98.708,0.0099618,142.8,61.701,0.019966
167.43,0.0071882,158.73,-14.022,0.016196
314.82,0.0099324,106.45,79.503,0.0045659
288.57,0.013413,214.81,38.414,0.011652
122.17,0.0090778,239.57,46.701,0.013053
100.09,0.0068851,229.92,28.359,0.0056286
260.75,0.0069709,219.68,70.61,0.013027
269.96,0.0091743,292.92,87.155,0.014279
252.61,0.0087637,173.4,33.487,0.0093231
180.25,0.0059159,161.04,59.639,0.011161
267.9,0.0033404,128.72,49.622,0.012718
201.71,0.011642,124.56,87.447,0.0047889
125.11,0.0084931,148.27,79.61,0.014927
187.99,0.007859,203.9,53.909,0.014881
88.904,0.0051662,206.12,70.185,0.011857
39.34,0.0049433,182.67,41.145,0.0050598
157.22,0.0098813,364.65,71.387,0.013455
153.49,0.0044987,134.32,29.342,-0.0013534
158.48,0.014559,195.35,76.698,0.0077276
156.2,0.0079881,215.33,44.255,0.011647
206.2,0.012261,28.727,54.062,0.002324
113.9,0.0066095,242.76,81.707,0.017179
164.32,0.0082728,112.69,55.099,0.01304
251.87,0.00013548,186.41,40.156,0.011083
156.54,0.0089137,298.51,60.166,0.014463
174.53,-0.00051808,141.78,66.048,0.019551
7.4254,0.009357,302.98,70.251,0.016122
183.81,0.007958,99.608,44.067,0.004812
110.87,0.0069292,143.98,34.01,0.018631
152.21,0.0067495,95.206,94.878,0.010308
219.25,0.0068586,212.07,53.575,0.0076462
-47.86,0.0064974,101.6,75.273,0.0090687
291.96,0.0081761,147.49,7.4272,0.013684
221.06,0.0057315,146.64,71.982,0.0044212
129.43,0.0051861,188.4,115.56,0.012032
80.055,0.014233,180,57.608,0.016413
91.637,-0.0017729,148.49,66.514,0.012402
258.46,0.010176,57.93,95.256,0.010818
177.3,0.0092714,145.3,109.84,0.01029
139.95,0.010355,157.36,72.223,0.010481
112.16,0.014122,77.112,107.14,0.014927
-45.371,0.010618,45.67,65.34,0.019887
293.15,0.0024256,225.11,24.183,0.010878
158.55,0.0070029,226.58,55.332,0.005212
206.29,0.0067629,53.978,72.965,0.010312
243.35,0.0072506,150.52,67.18,0.011808
233.97,0.012148,233.86,61.553,0.014366
95.855,0.010585,151.1,59.812,0.011236
123.25,0.006666,159.16,77.983,0.016466
122.29,0.0048068,195.73,55.172,0.015164
225.22,0.010248,231.11,-9.1667,0.0094351
154.8,0.0090026,51.026,51.521,0.0053467
54.397,0.013152,317.7,37.744,-0.00058956
196.71,0.0090904,333.64,76.402,-0.00073838
112.87,0.0033073,253.99,37.488,0.0019593
132.16,0.010868,81.721,-1.8563,0.013366
36.776,0.0071442,127.03,36.029,0.0083731
238.77,0.0060045,169.6,58.182,0.0032396
180.99,0.016607,155.69,113.18,0.014316
147.93,0.0026561,112.62,70.257,0.011464
58.169,0.014078,184.38,71.61,0.0021074
102.1,0.0096862,209.83,84.976,0.018428
208.98,0.0086501,168.49,109.39,0.0040174
67.009,0.0065793,177.56,137.25,0.007014
164.88,0.011488,230.12,55.767,0.0032784
154.72,0.0053787,71.677,10.786,0.014398
84.036,0.0084023,122.25,66.284,0.0037728
142.59,0.010674,117.54,62.354,0.012213
-7.3377,0.011181,313.92,57.277,0.011695
162.64,0.0084383,272.07,13.076,0.014547
354.5,0.0076334,150.27,21.979,0.018877
163.48,0.0049733,105.1,56.85,0.021124
155,0.0064587,228.28,35.719,0.0056379
189.97,0.010172,238.17,115.06,0.01506
267.3,0.012553,271.45,112.59,0.0011223
107.42,0.0081927,187.87,111.31,0.017587
233.65,0.0058829,201.87,89.954,0.016027
157.87,0.011628,87.24,95.84,0.0022493
95.672,0.0081887,224.64,106.5,0.0091569
198.63,0.0075892,286.32,7.5397,0.0015713
221.27,0.0073258,206.65,128.99,0.0037445
181.95,0.0049612,55.159,50.813,0.0094072
72.388,0.010915,82.95,33.665,0.015249
221.45,0.0059975,129.87,55.828,0.0027733
101.3,0.011628,290.84,58.956,0.0089969
288.23,0.0066929,100.21,41.316,0.012525
176.34,0.01027,172.25,63.793,0.017126
82.553,0.0060253,147.38,4.8952,0.014879
45.002,0.0005622,140.63,48.83,0.011392
207.38,0.0054201,138.91,93.268,0.013198
67.629,-0.001662,197.77,48.266,0.0083061
180.02,0.012065,274.33,69.767,0.00624
-51.155,0.013324,145.22,43.555,0.0055012
88.78,0.003067,105.87,42.493,0.012878
268.1,0.0072427,174.36,56.981,0.012656
91.163,0.0090861,164.24,116.72,-0.0012911
209.41,0.0072159,103.54,65.152,0.01177
302.29,0.016821,199.74,93.461,0.022762
143.9,0.0084859,267.94,52.835,0.018178
294.18,0.012182,129.23,66.756,0.012114
24.522,0.0048088,88.328,26.23,0.0091992
95.243,0.011174,-26.875,78.543,0.02304
287.46,0.009481,207.06,111.39,0.011921
193.25,0.013058,116.4,48.964,0.017087
139.08,0.011868,262.41,103.89,0.0072672
87.528,0.014305,167.37,62.931,0.0076658
261.81,0.0069922,181.74,105.73,0.0083419
160.96,0.011375,156.52,52.602,0.013859
253.54,0.0054178,29.697,93.544,0.011393
135.33,0.0052847,231.89,32.883,0.0066815
123.75,0.0071267,163.42,38.688,0.01516
100.41,0.011624,109.62,54.684,0.0023672
229.01,0.013361,198.18,88.322,0.015523
139.49,0.0035307,28.06,60.914,0.01302
186.12,0.007773,88.395,43.355,0.0077526
182.67,0.0035773,26.039,60.934,0.012253
209.57,0.013798,332.05,5.4447,0.0084608
178.44,0.0038804,120.28,51.319,0.0050761
224.86,0.0038777,152.52,69.521,0.012657
149.48,0.01492,95.391,105.95,0.0045213
74.633,0.010587,203.79,55.002,0.016161
230.81,0.017462,266.28,49.162,0.0055004
42.961,0.013131,161.84,79.217,0.015767
55.079,0.010788,91.172,75.396,0.011363
187.64,0.0065282,243.53,119.48,0.0058524
172.04,0.0025187,283.33,50.763,0.010557
259.77,0.0063986,186.52,127.46,0.020459
117.98,0.0053424,14.83,69.79,0.014413
271.36,0.013758,99.766,95.291,0.012873
70.078,0.0029568,253.39,66.526,0.0049733
156.36,0.0016358,196.82,59.962,0.015243
128.58,0.0054465,104.56,40.161,0.010249
119.6,-0.0013397,152.2,12.16,0.0095198
168.61,0.0086153,194.75,79.946,0.010396
226.87,0.010169,158.87,74.191,0.0089349
180.07,0.006212,247.89,120.07,0.017799
143.93,0.0084182,167.59,77.63,0.0080884
279.37,0.0096108,-49.171,44.231,0.011333
239.15,0.013162,112.58,77.733,0.0067288
12.81,0.011348,-3.9225,117.16,0.020462
124.56,0.011292,112.61,51.442,0.015826
139.67,0.0069006,234.64,25.471,0.014074
216.5,0.0087077,142.43,65.508,0.017282
265.08,0.0052213,167.79,20.367,0.0014788
187.26,0.0050863,210.18,72.115,0.011573
142.45,0.0031263,173.92,27.22,0.014546
235.51,0.0047413,258.89,18.829,0.0066405
206.5,0.0064009,58.405,45.317,0.0095989
234.2,0.0046165,267.45,64.977,0.0077799
269.07,-0.0026954,38.054,64.955,0.017748
210.13,0.0084723,30.556,38.681,0.0043756
162.18,0.0053751,200.79,-5.3617,0.016172
181.42,0.014542,159.44,70.92,-0.00044552
53.404,0.014984,312.61,79.229,0.0089436
146.6,0.015576,226.93,90.114,0.00061136
173.45,0.0037979,86.367,114.42,0.0059378
188.85,0.0051365,208.82,94.97,0.0087094
161.65,0.0087041,79.211,119.16,0.018721
168.9,0.021511,0.99475,-0.31381,0.015615
164.88,0.011301,187.16,4.2373,0.0049354
79.728,0.0094568,24.67,23.645,0.003858
47.825,0.01094,256.52,22.607,0.002534
184.78,0.0089902,60.719,91.864,0.0091455
181.51,0.013549,120.71,118.56,0.0086147
239.3,0.0092465,73.476,48.775,0.014621
113.62,0.0084378,248.9,71.787,0.016732
137.5,0.0086558,124.36,94.586,0.017071
120.86,0.013043,168.53,61.962,0.012031
328.54,0.0083013,217.96,55.679,0.016209
226.05,0.0080577,119.04,29.401,0.010714
279.07,0.012641,294.15,79.825,0.010979
184.4,0.0077249,202.57,80.319,0.0068901
230.95,0.011401,124.92,11.424,0.0096509
109.24,0.01135,68.04,39.813,0.014195
139.54,0.008667,165.98,73.482,0.0056062
23.178,0.007851,100.69,57.346,0.0094831
218.24,0.0073138,148.09,54.846,0.01029
146.48,0.0049918,176.27,71.387,0.005556
224.96,0.013025,350.88,43.127,0.0035562
136.11,0.010696,-25.517,63.584,0.0060551
6.1952,0.0069159,252.81,43.913,0.0036571
184.31,0.014437,198.63,64.484,0.0086555
136.11,0.012269,274.34,73.734,0.0034847
135.66,0.0055833,163.03,58.982,-0.00058897
183.43,0.00049539,246.12,84.243,0.0081897
319.31,0.0040065,209.14,-15.883,0.0042033
184.59,0.0020433,174.09,87.462,0.010191
250.84,0.0055987,167.03,79.991,0.002853
317.62,0.0098419,78.246,69.408,0.0093437
56.381,0.0065498,157.52,52.457,0.015405
192.11,0.0060535,120.64,99.052,0.013264
225.16,0.0097535,142.15,156.96,0.010949
232.97,0.014001,244.6,79.564,0.00409
111,0.0095006,272.84,104.52,0.0090744
129.02,0.0052848,196.31,55.252,0.0048378
164.14,0.017607,112.49,10.629,0.01356
168.01,-0.0017687,256.42,80.28,0.011387
255.52,0.0088994,153.43,55.93,0.0072231
-3.6103,0.010763,88.536,76.828,0.0095206
4.7191,0.0052866,269.5,66.491,0.014038
123.28,0.0081015,242.17,25.574,0.010377
123.86,0.016586,229.85,71.881,0.013671
126.96,-0.00041365,231.51,76.904,0.012757
41.256,0.0057951,215.74,51.024,0.010596
56.007,0.0054617,175.95,80.364,0.0092592
141.13,0.011691,168.87,81.059,0.0040136
266.98,0.01405,113.51,-2.592,0.010639
214.21,0.014548,156.92,49.315,0.0086863
220.86,0.002725,133.51,8.5819,-0.0015457
294.72,0.0075503,191.59,77.945,0.0056426
306.78,0.0084217,191.97,73.049,0.0055464
190.74,0.0035182,200.17,40.092,0.0070908
82.561,0.0058232,139.28,21.621,0.0084011
171.59,0.0030298,203.3,98.262,0.012273
136.88,0.0094886,167.37,17.658,0.0066237
254.95,0.0016505,192.92,42.792,0.021555
127.11,0.0093406,217.57,87.92,0.0064673
-62.337,0.0047219,204.36,42.242,0.0053665
102.43,0.0048449,188.45,115.61,0.012948
93.727,0.010883,-7.9338,42.263,0.0049326
167.13,0.0084448,259.36,61.09,0.0018696
176.4,0.0084662,191.58,25.364,0.0064176
168.73,0.0082225,126.02,88.178,0.020431
188.7,0.01099,146.18,48.008,0.010505
224.03,0.0078204,248.99,35.498,0.014068
-24.93,0.012374,166.28,31.361,0.018123
196.57,0.0059534,122.24,57.902,0.013423
94.394,0.0033118,205.95,68.722,0.01354
152.6,0.018473,245.95,98.268,0.010627
116.48,0.0093093,163.26,43.48,0.012464
120.33,0.018703,142.05,33.096,0.0075941
155.68,0.0077177,333.16,80.893,0.015607
40.895,0.010407,-19.897,52.607,0.010227
61.563,0.0017267,159.88,98.825,0.016655
139.61,0.010504,47.632,64.672,0.013268
122.44,0.012993,14.371,98.576,0.0086632
222.3,0.0042647,44.6,81.783,0.0082969
191.32,0.0058448,293.09,46.779,0.016801
218.37,0.0055482,47.649,122.23,0.0124
217.59,0.0029687,186.9,60.83,0.00076607
222.57,0.0011497,140.73,54.62,-0.00026643
