62.145,0.022627,235.79,95.361,-0.0013207
191.76,0.00597,153.39,15.055,0.015938
145.31,0.019397,118.28,49.652,0.012589
102.62,0.012936,159.2,35.164,0.013031
100.83,0.012346,89.127,101.96,0.013119
160.5,-0.0045966,134.98,78.281,0.0087462
125.96,0.020493,132.35,74.022,0.0080835
110.43,0.0058053,92.412,99.672,0.01486
143.03,0.02196,186.11,107.5,0.024669
105.2,0.018263,154.88,94.876,0.023496
163.92,0.01675,105.19,27.639,0.027146
170.35,0.0098004,150.89,52.136,0.034586
145.16,0.026543,73.581,141.25,0.036615
73.12,0.032734,76.53,58.628,0.030257
121.27,0.030767,140.85,94.156,0.036713
71.066,0.016611,149.58,113.98,0.037051
69.051,0.034298,142.26,106.88,0.036704
133.63,0.035642,132.41,169.67,0.044004
102.12,0.054691,167.48,94.642,0.047721
101.05,0.054862,58.846,155.96,0.055153
70.41,0.051157,33.496,158.85,0.071861
153.84,0.052736,95.422,180.62,0.07004
61.321,0.06813,26.325,154.12,0.074571
62.125,0.061995,107.77,87.602,0.088494
24.483,0.089787,108.2,178.74,0.089867
14.278,0.092522,43.081,173.32,0.094812
27.15,0.095145,63.799,205.37,0.098413
73.714,0.11351,90.859,114.88,0.1107
43.14,0.10588,-18.708,171.14,0.10897
8.6415,0.10299,-14.724,110.12,0.11129
119.9,0.10365,1.1311,221.21,0.12927
-16.233,0.12958,47.258,134.27,0.12337
-9.5504,0.13237,64.375,170.09,0.12574
72.99,0.13777,-35.069,187.9,0.12753
-36.82,0.14107,85.409,218.45,0.12825
65.55,0.14284,-45.562,199.56,0.12874
89.997,0.15153,47.645,196.03,0.13851
27.759,0.1471,-28.028,316.22,0.14977
-33.605,0.14404,-9.2379,261.36,0.14823
15.308,0.15162,67.479,152.88,0.14512
-17.139,0.16018,-16.799,233.21,0.14336
-22.042,0.15911,62.998,200.59,0.15202
69.333,0.16445,55.437,271.7,0.136
-30.392,0.1702,-73.781,203.37,0.1603
39.155,0.16947,-18.602,206.46,0.15949
27.542,0.1677,-14.125,232.69,0.15727
5.1128,0.17589,20.04,207.01,0.1604
30.632,0.18408,12.045,225.92,0.15824
9.5454,0.18338,-99.38,164.17,0.15101
1.5414,0.20175,-27.543,299.82,0.15524
-27.405,0.18747,-9.8053,249.29,0.17137
21.698,0.17509,-25.495,229.66,0.16854
36.549,0.18382,-1.1736,267.75,0.17139
2.8904,0.16106,-4.8463,234.21,0.16277
82.269,0.18692,-3.8966,244.34,0.17278
-62.517,0.19397,43.973,267.08,0.15408
-21.687,0.19353,-16.786,230.63,0.16037
-24.909,0.18153,-12.981,245.37,0.17919
0.81687,0.19401,10.721,226.04,0.15532
22.639,0.19043,64.851,265.01,0.15934
-96.086,0.20307,-16.492,159.27,0.16148
11.663,0.20401,37.524,186.26,0.16545
13.72,0.18404,62.396,230.58,0.16879
13.503,0.21291,45.168,238.99,0.16417
-16.634,0.17225,41.05,279.92,0.16907
-61.334,0.20355,72.926,285.68,0.17339
0.81132,0.18925,50.202,210.49,0.16156
-22.107,0.18508,-18.662,280.5,0.16085
-10.065,0.19497,-6.4588,253.47,0.1802
31.707,0.19931,46.044,223.75,0.15545
42.429,0.20195,-16.955,211.87,0.15254
47.183,0.19336,-1.911,249.43,0.16833
78.942,0.20082,-47.094,204.86,0.17479
11.181,0.20275,-51.511,141.87,0.17679
11.591,0.20537,11.341,307.5,0.1737
12.767,0.19645,-64.657,316.69,0.16678
24.486,0.21201,31.122,266.31,0.17102
6.2033,0.19369,33.425,204.65,0.17001
-16.504,0.18879,19.76,320.79,0.15186
5.7732,0.19809,-27.017,253.25,0.16495
-54.088,0.19125,74.47,274.09,0.16035
58.491,0.1867,-9.4571,298.67,0.15754
-34.547,0.20008,6.5017,257.91,0.17416
-37.414,0.19657,43.401,177.8,0.16804
57.61,0.20636,17.329,210.67,0.16961
7.9674,0.20407,-61.888,244.09,0.15754
30.821,0.20521,24.346,209.31,0.16793
-7.3522,0.19293,-10.341,318.61,0.17356
-35.216,0.19407,-69.823,204.08,0.17726
-64.387,0.20263,-15.866,280.23,0.15927
58.126,0.21051,-29.868,174.02,0.16486
13.481,0.19973,-24.591,155.19,0.1675
2.0927,0.20563,-57.683,274.57,0.16683
-16.542,0.1985,28.847,213.24,0.16083
7.6057,0.19227,23.874,279.34,0.16509
-14.339,0.20195,-62.513,159.39,0.15503
-2.5451,0.20135,0.01228,262.9,0.16772
-8.021,0.19565,-8.2545,161.29,0.16351
0.39296,0.18864,-24.199,230.97,0.17979
18.324,0.19475,17.66,162.63,0.16624
0.45892,0.20239,-12.45,351.98,0.15879
47.941,0.1851,-0.46336,229.84,0.17352
15.927,0.19187,3.4745,213.33,0.16664
5.815,0.20102,-18.345,331.53,0.16099
48.319,0.19899,91.26,232.51,0.15801
-48.804,0.21098,-10.076,265.03,0.16651
11.089,0.20783,-13.197,235.59,0.17496
-70.045,0.19218,-40.753,293.51,0.15864
-22.389,0.19454,-7.6064,253.76,0.16336
-16.47,0.21375,82.046,284,0.16632
-13.178,0.19723,58.661,286.55,0.17104
-7.1647,0.20272,15.372,198.67,0.15855
61.846,0.21146,15.951,217.29,0.17214
-7.0394,0.20387,-66.972,198.79,0.17333
32.221,0.20052,-24.018,243.46,0.14981
4.9001,0.20519,18.94,206.75,0.17381
-69.562,0.2052,-45.413,189.52,0.15943
1.9568,0.1879,-2.76,241.8,0.16905
30.347,0.20556,24.685,311.98,0.16652
0.38681,0.2105,78.701,269.92,0.16505
34.099,0.21633,-58.874,219.05,0.17544
1.4704,0.20326,-23.549,211.69,0.16618
-15.416,0.19647,25.124,300.52,0.16968
41.214,0.19056,-18.852,222.18,0.17632
-49.297,0.21857,23.276,263.78,0.16713
11.93,0.19046,-30.852,224.93,0.16505
-20.216,0.20195,13.849,237.23,0.17912
58.285,0.17762,-12.152,241.62,0.17083
26.624,0.18378,-37.759,259.18,0.17752
13.03,0.20418,9.6286,171.37,0.16367
-44.962,0.18768,1.6764,221.43,0.14919
-5.1071,0.20071,-93.536,283.89,0.16175
-1.4478,0.20932,0.29537,257.88,0.1627
-10.918,0.20062,-8.7283,265.06,0.16616
20.887,0.21669,-58.812,239.97,0.16098
-30.589,0.20044,-1.9222,220.57,0.16118
39.168,0.20153,53.304,221.46,0.15369
-9.2564,0.20203,39.397,271.04,0.16259
-6.8709,0.21512,-45.676,309.72,0.16511
-7.3867,0.22257,44.027,253.82,0.16168
25.356,0.19747,-17.798,261.96,0.16471
-48.853,0.20243,1.14,222.12,0.17998
-61.132,0.21162,-5.411,263.8,0.16252
-7.2439,0.21269,22.845,300.4,0.15686
-44.897,0.21931,-14.259,215.19,0.16463
-9.8465,0.18648,-16.064,293.61,0.16767
50.248,0.18805,-44.455,248.04,0.17431
49.497,0.21612,4.8679,262.61,0.16666
4.7783,0.19225,-16.179,279.8,0.16944
-25.233,0.20322,-40.35,244.33,0.15846
-16.987,0.19888,62.107,217.08,0.16503
6.112,0.20392,-18.334,218.37,0.16604
-100.15,0.20846,19.376,242.68,0.15642
21.842,0.22313,78.589,236.92,0.16967
23.803,0.21086,57.009,197.35,0.17003
-14.227,0.19789,-6.6417,298.48,0.18562
-14.632,0.2036,65.033,236.69,0.15668
13.681,0.22057,-14.163,237.88,0.16029
-46.296,0.20377,-9.674,249.31,0.17925
19.509,0.20261,70.284,293.06,0.16961
5.7378,0.21067,-21.271,226.24,0.16465
-40.206,0.22225,18.185,212.4,0.17162
0.62946,0.21363,20.815,220.69,0.17719
-21.168,0.21356,-19.967,260.72,0.16904
35.671,0.21097,-30.053,286.27,0.18379
24.613,0.22073,-51.742,252.23,0.17282
-12.119,0.22012,45.479,293.94,0.16732
-16.491,0.22294,-16.351,238.08,0.18671
-37.427,0.24522,18.381,267.72,0.18405
75.178,0.24836,23.406,229.92,0.18624
54.022,0.2448,2.4566,326.35,0.18735
25.542,0.27576,54.259,317.52,0.20135
46.014,0.25762,-84.346,258.5,0.2023
47.653,0.26852,-12.188,255.09,0.20443
-47.298,0.28066,-59.586,200.79,0.18772
-17.895,0.29384,-44.372,125.99,0.18917
128.33,0.30738,6.9516,84.708,0.19389
40.511,0.30663,76.72,99.506,0.19617
77.583,0.30062,52.347,49.636,0.19432
-4.7509,0.29098,39.389,-41.253,0.18613
86.265,0.29884,23.791,13.153,0.18151
73.922,0.28827,23.608,51.299,0.17047
107.41,0.26879,63.399,-15.992,0.16584
49.156,0.2659,1.0734,3.8214,0.14536
42.271,0.25257,4.9565,33.172,0.11931
48.496,0.21738,36.258,52.392,0.11432
117.95,0.20885,3.3511,9.6098,0.10453
16.475,0.19708,58.272,41.425,0.077351
118.98,0.18629,3.1716,-52.942,0.082205
18.192,0.16664,6.009,-3.9613,0.054087
28.354,0.14659,46.928,74.479,0.06288
32.719,0.1314,-23.093,33.034,0.059414
86.218,0.12907,90.213,-12.33,0.049644
57.204,0.11374,-44.745,28.502,0.042855
55.842,0.09947,36.573,49.437,0.035199
-11.039,0.089056,87.126,-12.205,0.039767
39.951,0.082723,11.608,25.477,0.014316
39.259,0.066031,-11.871,-45.601,0.020563
68.164,0.071836,41.231,21.48,0.013092
114.84,0.062231,109.48,65.738,0.023215
129.66,0.064614,111.01,-18.137,0.027896
69.049,0.061691,32.924,66.357,0.00494
108.18,0.0503,6.7882,59.791,0.012656
92.112,0.061588,-0.55981,104.89,0.017207
-16.584,0.048954,26.68,28.649,0.012811
97.144,0.040187,41.764,4.5725,0.010015
77.437,0.044736,-20.681,15.625,0.012397
25.601,0.042783,2.893,50.376,0.010876
47.578,0.03875,6.2373,33.75,-0.0064206
52.786,0.038836,22.671,33.752,0.0017728
50.191,0.027863,11.929,2.4056,0.0016458
52.114,0.025805,64.215,45.411,-0.0012529
73.241,0.040746,36.983,71.522,0.0049112
10.493,0.028121,18.024,12.38,-0.0013835
0.7606,0.035569,-0.40009,-1.8166,0.0088915
49.752,0.032659,24.767,98.38,0.0072792
11.898,0.033567,55.944,-20.025,0.0047371
21.112,0.025967,-59.493,29.124,0.0041439
58.101,0.028846,69.003,-4.4753,-0.0026471
30.038,0.024796,-13.714,41.717,0.00068913
40.793,0.043662,109.27,41.311,0.012925
48.841,0.024661,32.757,23.309,0.0025887
75.021,0.024223,70.105,39.177,0.0043805
110.4,0.02272,76.058,6.1133,0.0035124
101.01,0.010651,40.918,75.206,7.9104e-05
59.153,0.0048213,37.557,59.141,-0.0041607
39.608,0.0077165,50.739,28.444,0.00072699
-49.946,0.016947,108.61,69.254,0.0050759
46.924,0.008665,12.325,36.138,-0.0065063
68.629,0.0097513,56.458,-30.54,-0.0038383
62.075,0.0048006,62.43,72.235,-0.0011546
56.98,-0.006292,57.766,69.938,-0.0070577
22.666,-0.0044089,18.558,-2.2938,-0.0057081
22.303,-0.015393,33.347,89.972,-0.0041688
29.482,0.00088401,-7.671,1.6264,3.593e-05
32.615,-0.0017097,2.6096,61.516,-0.003205
60.81,0.0051945,70.105,23.167,-0.0096193
99.172,0.0048325,-8.6776,56.479,0.0050317
110.6,-0.0010296,113.76,36.096,0.0016363
33.337,0.0052945,4.8113,10.113,0.0082154
87.79,-0.0015358,-15.858,33.093,0.0087309
37.829,-0.0023905,52.929,26.639,-0.0013993
32.889,-0.0017449,15.06,58.988,0.0045406
148.56,0.0040071,38.124,94.079,0.00072518
51.249,0.0063017,20.933,28.639,-0.0036887
-6.3504,0.001407,-37.931,14.241,5.8225e-05
50.999,-0.0016457,-33.376,71.915,-0.009983
50.468,0.0076472,73.573,55.638,-0.0020517
64.717,-0.015938,83.848,51.632,-0.0051491
60.88,-0.0017619,49.416,103.62,0.0094388
10.819,0.0017846,65.472,78.952,0.0024934
-10.937,0.0052424,53.708,105.61,-0.00947
29.815,-0.0085966,103.19,92.162,0.0075246
12.147,0.011733,105.94,20.113,0.0033261
20.378,-0.0032664,51.982,56.879,-0.0049184
85.278,0.0014702,41.25,4.8996,-0.0066033
-28.321,0.0050258,108.82,40.058,-0.000342
12.798,0.0072033,-22.364,99.883,-0.0054104
44.405,0.014941,58.052,14.494,0.0055791
42.045,0.0014247,43.745,73.673,0.011116
-44.925,0.0048904,-5.3045,-18.022,-0.012182
106.02,-0.0023904,84.625,59.212,-0.0062975
74.356,0.011774,75.64,224.32,0.0038949
71.56,-0.00043854,52.097,34.84,-6.9181e-05
47.517,-0.0037042,34.674,89.252,0.0035389
81.444,0.006449,85.526,-7.1963,-0.0032501
13.35,-0.013108,43.178,-18.87,0.006227
94.418,-0.014574,72.667,52.339,0.0056317
66.003,-0.00022643,12.175,46.987,0.015419
85.462,-0.0072577,69.51,122.13,0.0043604
58.053,-0.009804,103.54,48.459,-0.00052575
41.587,-0.00027117,57.641,29.102,-0.0078919
112.99,0.0046927,69.208,111.58,0.0059623
55.142,0.002667,76.222,64.064,0.0023809
56.569,0.01365,110.56,9.7803,-0.0081218
69.612,-0.0075724,32.082,-14.224,0.005517
10.853,-0.0067515,73.224,82.548,-0.009583
53.837,0.0086144,63.538,-57.803,0.0012801
96.333,-0.0036282,60.612,102.39,0.0028146
67.06,0.0063858,156.68,167.97,-0.00060433
30.861,0.0044549,50.857,60.489,-0.0033031
72.372,0.001422,41.786,96.419,0.0068086
106.9,-0.0035806,92.195,45.691,-0.0037085
100.91,-0.0093591,51.609,45.58,0.0080852
24.471,-0.0040222,96.483,-18.27,0.0024135
-15.203,-0.007638,87.055,52.762,-0.0062708
63.475,-0.011722,69.762,107.12,0.012177
50.538,0.0023392,9.83,56.19,-0.0085752
13.082,-0.0015765,65.517,39.712,-0.0075343
65.914,0.00083845,76.541,133.64,-0.0016049
13.067,-0.0027269,81.094,84.715,-0.011164
146.11,0.0024894,49.967,30.875,0.0025051
90.103,-0.0002199,5.1291,-11.984,-0.0043604
42.563,8.4753e-05,48.367,99.229,-0.0020255
75.302,0.00076403,121.35,64.701,0.013411
100.27,-0.0033676,49.613,10.942,0.0012261
107.31,0.0057084,71.029,9.9185,-0.0050772
113.51,-0.0099822,62.709,60.959,-0.001431
30.376,-0.0079434,92.534,101.64,0.00080926
58.727,0.0024982,35.646,69.888,-0.0063968
85.534,0.00016268,98.255,34.167,-0.0061629
64.524,0.0062236,45.605,29.875,0.014357
61.56,0.012507,36.521,79.511,0.00025555
82.17,0.0097084,5.4731,90.141,0.0063766
70.405,0.0048603,112.02,40.925,-0.010733
59.531,-0.006726,113.47,62.598,0.0071987
121.77,0.002814,102.44,39.53,0.0054089
153.69,0.0034876,13.228,38.464,-0.0035059
73.534,0.0066798,95.829,85.925,-0.0042177
28.746,0.00047075,97.151,80.793,-0.0018638
22.551,0.0017147,63.874,67.27,0.0032437
46.716,-0.0050255,133.9,44.762,-0.0066059
132.7,-0.0073914,55.688,86.482,0.0032722
55.918,0.0095989,108.75,56.704,0.001251
87.161,-0.0089841,140.1,89.755,0.0025486
73.55,0.0076792,84.668,137.75,0.0056471
79.278,-0.0014279,69.806,150.22,-0.00076053
51.374,-0.0022765,122.37,33.799,-0.0040408
85.012,-0.0054305,-22.236,104.31,-0.005098
90.907,0.011392,13.387,119.86,1.373e-05
69.516,0.010646,52.95,31.488,0.0050061
88.269,0.0072204,76.789,106.82,-0.00057861
28.793,0.01145,81.417,93.514,0.012403
159.63,-0.00020894,134.58,71.561,0.0051943
68.43,0.014001,90.867,95.965,-0.0089056
136.95,0.010571,9.0594,18.276,0.00072986
93.356,-0.0042686,75.981,92.542,-0.00037667
40.535,0.0086207,35.768,8.6317,0.0032538
60.54,-0.0053592,101.49,70.816,0.0022328
98.533,0.002973,67.72,33.268,-0.0077899
67.764,0.0034056,108.61,50.793,0.00031541
53.26,-0.015458,81.432,97.446,-0.0023104
54.805,0.0048653,157.21,54.258,-0.021262
70.302,-0.0074115,29.906,71.623,-0.003567
64.883,-0.012024,77.38,47.165,-0.001678
31.607,-0.0044122,61.639,118.5,-0.006499
37.142,-0.0090077,20.598,41.567,0.0070121
108.97,0.014246,44.572,-17.697,0.0043139
-25.989,0.0015931,129.01,83.779,-0.0061825
113.88,0.0036864,24.753,42.708,0.0024726
84.127,0.0080328,130.49,65.9,-0.0074942
29.524,-0.0071687,17.875,116.27,0.013743
29.169,-0.0081374,120.45,20.875,0.0029707
86.342,0.003472,59.602,131.08,0.0044901
95.262,-0.013597,140.63,103.33,0.012248
31.158,-0.0016971,41.828,94.15,-0.0016768
45.798,0.0092516,135.46,111.08,0.0043999
56.853,0.0093695,45.363,111.63,-0.012179
63.84,-0.00069603,42.089,138.32,-0.0045282
152.11,0.004088,113.24,8.867,0.005981
108.25,0.00067355,75.279,61.997,-0.011247
143.54,0.0073009,48.468,7.1112,-0.00797
118.09,0.0089366,22.116,26.517,-0.00039348
75.984,-0.0056718,9.9265,133.72,-0.010222
125.39,-0.0093638,77.93,105.37,0.0015954
129.52,-0.0038056,118.65,75.886,-0.011111
3.378,-0.016189,114.54,40.691,0.0081844
18.722,0.0076102,112.79,53.365,-0.0081959
62.81,0.0055878,97.656,55.97,0.0014366
72.329,0.0018418,116.22,142.43,-0.0034637
59.675,-0.015014,103.77,43.973,-0.0028183
50.336,-0.0065461,126.29,60.039,-0.00074244
74.08,-0.0010492,99.024,92.35,0.0035449
111.26,0.011499,138.01,41.389,0.001378
92.196,-0.0076677,34.353,75.354,-0.0045524
86.858,-0.0018469,36.552,64.381,0.0012557
90.706,0.0023326,18.445,61.494,-0.0026931
47.758,0.022962,68.643,86.528,0.0050569
55.968,-0.010624,99.643,85.315,-0.011965
61.702,-0.0016985,113.57,81.934,-0.00030684
66.795,0.013899,116.9,35.566,-0.0055931
88.325,-0.0015924,86.502,49.218,0.007064
128.14,-0.00047238,68.365,130.37,-0.0011936
82.655,-0.0078461,104.51,84.105,0.00052651
88.036,0.00042768,50.498,77.33,-0.0012771
68.253,-0.0023523,74.919,72.804,0.001095
27.975,0.015081,70.973,61.27,0.0023215
153.77,0.0090768,87.297,49.36,-0.0086507
51.086,0.0011156,107.6,124.66,-0.012119
84.97,0.007564,119.35,102.72,0.0045823
55.708,-0.0029737,130.41,43.892,-0.0024656
76.281,0.014144,38.833,23.602,-0.00018999
86.861,-0.016685,42.747,32.878,-0.001877
90.318,-0.013447,10.23,49.331,-0.0023354
62.473,-0.0046739,70.78,23.988,-0.0037393
61.451,-0.0057295,72.412,25.421,0.012243
67.681,0.0035793,20.907,136.88,0.0017707
70.141,0.0041938,68.22,51.02,-0.0019252
125.97,-0.0062628,79.602,72.854,0.0041355
72.826,0.012629,52.945,81.17,-0.0039741
151.13,-0.015824,48.855,151.56,0.0089984
91.921,0.0079172,6.8426,59.763,0.0017926
199.15,0.0022465,48.871,-2.3608,0.0089865
127.86,-0.01014,124.23,86.549,-0.0020574
69.484,0.00094296,139.29,103.44,-0.0082319
93.592,-0.0075964,109.88,16.411,-0.01647
64.817,0.0066196,84.974,-35.203,0.0022885
176.91,-0.0075911,51.499,43.277,0.015524
149.49,0.0045678,67.99,-8.6134,0.0024763
60.592,0.0096475,128.58,61.793,-0.017547
54.633,-0.0074603,-4.9972,93.09,0.0088457
64.376,-0.0094112,43.127,95.229,-0.0052322
84.285,0.0025991,125.32,51.224,-0.0063937
109.26,-0.018023,93.532,116.17,0.0037763
128.42,-0.00017017,91.933,76.6,0.005401
6.7637,0.0076671,88.576,42.95,0.0015324
52.446,-0.0049347,84.619,129.43,0.010686
55.616,0.0028578,119.45,91.815,0.0018784
130.03,-0.0019278,80.765,72.947,0.01275
120.35,0.0046642,110.55,110.98,0.0025632
68.102,0.012298,55.483,47.976,0.0013141
82.195,0.01319,-12.843,84.077,-0.00057768
67.066,-0.0093246,57.851,45.467,0.01403
62.077,-0.014079,59.7,79.114,0.0019037
51.234,0.0046834,67.809,76.987,0.0040635
27.771,0.0035919,134.11,-59.241,-0.0018449
148.45,-0.0082147,115.95,0.43473,0.016544
83.135,0.0052019,103.74,75.719,0.014176
110.39,0.0025734,25.796,69.052,-0.0027143
70.76,-0.0093582,49.442,82.301,0.0052797
46.485,0.017841,122.77,97.995,0.0029704
73.251,0.0024071,51.688,44.058,-0.0075035
71.029,0.007646,111.01,77.304,-0.0097158
110.35,0.0010732,177.7,99.558,-0.002423
-17.051,0.0020641,33.973,140.2,0.0062943
55.55,0.0028006,102.22,138.83,-0.00017
71.818,-0.0063731,95.375,72.046,-0.0072208
55.572,0.0050976,71.676,95.287,0.0037222
48.348,-0.0043052,112.48,52.457,0.0035072
96.62,-0.0040521,48.728,91.669,-0.0019291
97.139,0.002266,5.5636,24.271,-0.0044209
126.77,0.00039095,51.951,11.631,-0.0018291
94.821,0.0056572,59.316,108.61,-0.0055133
25.439,-0.0028012,122.89,107.42,0.0015609
168.92,-0.006928,50.464,140.76,0.0032513
62.667,0.0016963,89.225,104.27,-0.0078485
68.614,0.0059155,124.85,69.112,-0.0012102
77.581,0.00038997,54.259,19.724,0.0019638
53.594,0.014709,89.321,107.03,-0.0025713
1.5774,-0.00023336,122.04,51.638,-0.013671
36.298,-0.0060298,69.807,71.882,-0.0047484
42.951,0.0057094,86.712,59.904,-0.0056315
71.734,0.0050972,23.826,56.238,-0.0099645
94.41,0.0083627,80.296,42.98,0.0042172
100.75,-0.0041269,92.075,124.24,-0.0028766
81.097,-0.010856,147.44,77.771,-0.005086
49.037,-0.0087329,23.752,75.365,-0.012908
121.26,-0.001106,29.753,60.162,-0.00027876
22.473,0.0054767,78.875,92.29,0.0013427
18.425,-0.00011637,52.562,101.5,0.00052697
131.32,0.01316,47.372,133.39,0.00059455
110.43,0.00047777,44.544,58.08,0.0038421
75.845,0.01598,123.79,82.448,-0.0036911
141.64,-0.0088095,7.4586,35.154,-0.0032302
93.696,-0.012671,130.51,90.479,0.0016047
64.342,-0.0057346,73.926,59.484,0.0024641
105.17,0.0055294,55.925,123.74,0.0020845
69.472,0.0062679,52.852,125.87,-0.00044668
101.96,0.0091166,36.638,-1.7963,0.0069817
22.26,-0.016916,119.02,-27.168,-0.0070216
153.08,-0.0041899,138.88,148.29,-0.0026776
105.95,-0.0056825,60.065,42.468,-0.0029405
67.218,0.014404,97.059,95.637,-0.0071963
169.14,-0.0051116,119.42,131.48,-0.0048116
75.178,-0.0021683,50.598,49.927,-0.0079501
70.197,-0.0014319,11.361,73.967,-0.0065961
80.398,-0.0079734,98.979,66.578,-0.0074575
66.383,0.0057896,129.6,66.146,-0.00093462
73.842,-0.0024871,80.807,31.206,-0.0086829
129.21,0.0081274,40.939,-14.161,-0.0017419
42.443,-0.015025,176.15,18.916,0.0012515
81.011,0.0079519,65.437,156.44,0.0037113
137.36,0.00069528,100.2,39.668,-0.0020356
96.962,-0.011424,55.518,50.53,0.0085777
134.39,-0.0072167,45.602,71.562,8.1101e-05
91.189,0.00434,155.88,61.093,-0.0012468
18.693,0.0088678,82.517,129.7,-0.0070318
76.789,0.0073073,77.048,67.089,0.004057
47.28,-0.004088,93.474,105.7,0.0024091
91.522,0.0055757,62.01,67.293,-0.0076507
70.777,0.0020821,156.47,140.27,0.005798
103.09,-0.011037,21.944,34.967,-0.0064457
85.785,-0.0048688,28.435,13.31,-0.0010984
77.496,0.0088602,157.8,64.503,-0.015266
117.19,0.0048899,83.837,69.279,0.0038997
92.244,-0.0014551,99.601,29.569,-0.0077212
88.554,-0.016289,154.02,36.016,-0.0041026
73.859,-0.010132,74.079,85.413,0.010872
116.63,-0.008368,81.231,42.52,0.0010346
68.992,0.01243,106.1,72.833,-0.012693
43.844,0.0019937,-1.5962,66.495,0.01067
14.507,-0.0062184,106.74,57.506,-0.0086957
44.033,-0.0050198,40.947,71.461,0.0070916
101.95,0.0067788,41.191,-25.796,0.011579
110.93,-0.013219,127.2,83.985,-0.0045309
80.321,0.015455,60.482,66.409,-0.003517
83.321,0.010294,44.737,80.918,-0.0028278
90.448,-0.0054554,105.64,101.6,0.01085
78.095,0.0030093,69.362,107.39,0.0024906
21.404,0.0016028,101.06,13.481,0.0011198
86.422,0.010286,37.106,105.05,0.0032764
98.14,0.0027113,50.705,62.652,0.0022956
-6.3508,0.0020595,127.65,78.447,0.0041503
85.896,-0.0080113,59.124,76.839,0.0085822
73.002,-0.0019081,105.18,118.02,-0.001155
93.161,-0.011082,75.283,135.69,-0.023231
65.73,0.012487,30.618,31.442,-0.0034335
19.888,-0.0075022,131.48,101,-0.0047456
132.72,0.0080567,144.04,63.437,0.00065551
140.43,-0.0031352,69.689,35.135,-0.0058026
61.859,-0.008869,106.56,83.334,0.0038988
101.42,-0.011925,63.198,105.32,-0.0016816
98.209,-0.015935,61.24,112.71,-0.0040521
166.62,0.0099609,75.696,78.318,-0.0017282
98.72,-0.0025656,142.31,92.579,-0.000709
110.32,0.0036226,64.482,103.23,0.0043611
69.361,0.007252,49.527,15.4,0.0065718
131.32,-0.010819,156.97,27.567,-0.0061905
76.105,0.0068312,-4.6579,48.41,-0.0018586
70.386,0.0039679,67.345,62.146,0.01237
123.78,0.0032512,104.22,103.95,0.0063527
122.24,0.013274,109.02,83.599,0.0075167
56.894,-0.00074201,71.881,97.014,0.024101
14.923,-0.010671,112.17,91.989,-0.0027467
77.033,-0.0063137,125.7,64.473,-0.011119
87.418,0.0027699,112.28,14.603,-0.0065524
-50.892,0.0074657,98.579,40.98,0.0049669
39.413,-0.0030537,63.274,114.14,0.014897
79.469,0.018984,135.09,83.842,0.0077942
105.76,-0.016963,119.37,70.931,0.0028816
70.03,0.0073941,95.467,115.11,0.0063157
170.27,0.0047753,87.164,48.915,-9.1573e-05
58.304,-0.0034885,71.292,117.92,0.0062207
141.83,0.013915,52,83.383,-0.0012507
75.393,0.0011427,68.676,88.731,0.002945
48.604,0.0056644,78.517,52.769,-0.0095655
88.71,-0.010792,83.203,151.16,-0.0026822
152.84,0.00013699,69.553,15.744,0.0080993
57.038,-0.009782,20.466,95.48,0.0013222
97.358,0.0056721,41.022,129.06,0.0096738
129.27,-0.0032598,57.494,104.36,-0.0021599
123.03,0.0017501,124.49,121.66,0.0183
95.857,-0.00050304,45.004,63.63,0.00011696
28.595,-0.0031808,9.9369,105.7,-0.008751
91.446,0.0089694,75.185,65.385,0.0055437
71.435,-0.0038822,89.187,63.85,-0.0090074
123.26,-0.013114,154.75,39.577,0.0050963
123.26,0.0064329,99.598,90.85,-0.0027328
97.976,0.015941,93.571,117,-0.0037201
34.894,0.0033969,141.05,95.464,-0.0082046
75.122,-0.0038155,115.21,97.173,0.004496
32.597,0.0039257,137.01,28.608,0.00021156
48.599,0.0030239,43.682,91.243,0.0059425
157.15,-0.0039507,126.28,155.28,0.0056133
58.977,-0.009602,-4.0978,130.65,-0.011338
84.771,-0.014048,71.176,153.51,0.003472
116.66,-0.00111,65.683,106.69,-0.0033531
101.2,0.0080384,19.849,58.02,0.0035175
32.997,0.0059645,87.854,119.59,0.0038685
132.86,-0.00013685,97.534,96.17,0.0089525
10.979,-0.0088052,74.017,55.108,0.0018231
109.61,-0.00056557,79.968,24.445,-0.0079248
109.76,0.008559,113.83,97.049,-0.013034
77.548,-0.0054252,97.496,40.124,0.0040104
13.57,-0.0051143,133.77,21.595,-0.010178
118.54,-0.011362,18.311,22.685,-0.0022538
84.528,0.0056532,83.354,108.04,0.0079974
80.049,0.0058449,47.058,-18.587,-0.0011065
149.52,0.0071675,89.134,74.632,-0.0044404
104.65,0.00454,86.193,66.595,0.0054815
93.068,-0.009768,111.81,18.373,-0.0011489
37.062,-0.0043649,50.053,91.911,-0.0086019
70.981,0.0018597,32.996,94.111,0.0043722
82.912,-0.010906,70.223,59.193,-0.015073
58.698,0.0062043,64.987,15.152,0.0084238
44.708,-0.00054303,46.659,54.203,-0.017855
120.49,-0.0059162,73.174,43.686,0.0032018
65.258,-0.00044999,107.89,51.361,0.00071207
83.688,0.011462,72.344,54.814,0.0019931
47.116,0.002647,74.599,47.683,-0.00192
35.633,0.002414,61.726,92.424,0.0055248
23.674,0.015995,91.249,39.026,-0.0036752
98.159,0.0010371,57.875,56.956,0.0064603
104.26,0.0029935,50.363,45.931,-0.0047901
85.177,-0.01386,68.861,37.893,-0.00074199
133.16,0.0025886,7.2623,77.434,0.0031906
56.006,-0.0089005,30.563,93.603,-0.0041723
139.47,-0.002436,104.01,77.895,0.007373
28.251,-0.0051084,129.02,114.07,-0.012634
64.131,-0.0088734,101.56,36.348,0.009398
32.925,0.0069333,70.617,77.512,0.0096639
57.6,-0.0013166,78.886,106.34,0.0020935
120.39,0.0012468,95.771,68.83,0.0073649
43.799,-0.00065893,142.21,87.318,-0.011293
225.6,0.0031274,162.5,24.207,-0.0013077
154.45,-0.0087287,31.698,116.61,-0.0011684
132.55,0.0017751,122.48,122.46,-0.0031385
122.84,0.01234,86.917,94.56,-0.023562
31.206,-0.0017592,88.778,120.81,-0.0051321
66.291,0.0027428,90.499,8.1724,-0.0041619
69.502,-0.0065156,59.273,115.16,0.0056127
72.218,-0.0026377,53.449,81.14,0.012836
53.287,0.0045555,132.7,98.45,-0.0056099
81.19,0.004691,96.857,61.221,0.010399
51.269,-0.0042206,45.255,73.678,0.0063999
152.83,-0.0066681,66.751,128.26,0.0046548
56.793,-0.010083,56.363,76.212,0.00048637
69.269,-0.0039082,35.807,13.128,0.0081932
83.769,0.012046,138.33,98.415,0.014466
116.01,-0.0076776,66.141,116.08,0.0012804
73.382,-0.0066375,77.107,43.415,0.0065429
136.46,-0.0070392,8.5706,102.22,-0.003726
80.216,0.0033007,189.67,45.727,0.00022827
121.5,0.0016581,97.908,55.719,0.002194
120.94,-0.001135,76.494,55.907,0.0028043
115.73,-0.012727,60.211,69.125,-0.01219
65.821,0.002484,82.349,58.224,6.8797e-05
74.68,-0.0013658,31.225,107.15,0.0034355
66.694,-0.0011107,54.898,90.531,0.0058909
155.85,0.0036615,112.76,39.087,-0.0051884
75.173,-3.6176e-05,132.8,55.048,-0.0047397
20.045,0.0031227,43.139,59.997,0.0012071
28.933,-0.014418,36.195,52.151,0.010748
139.68,-0.0092046,187.92,39.693,-0.0062148
-9.5286,-0.0016945,75.601,53.922,-0.0055331
-1.2861,-0.0053934,35.653,73.489,0.014771
119.83,-0.013444,112.08,47.487,-0.0075069
129,-0.0044895,93.238,121.07,-0.012913
47.929,0.0094946,110.96,81.726,-0.0047582
90.311,-0.0024602,121.19,150.81,0.00084965
63.29,-0.0093847,53.594,89.601,-0.00479
115.64,0.0058434,103.93,127.44,-0.0010662
112.37,-0.013591,71.435,46.486,-0.0019738
85.681,-0.01033,98.964,13.373,-0.00058
157.84,-0.008846,142.15,61.688,-0.0092858
83.369,-0.017552,49.095,82.972,0.0035739
83.967,-0.002681,79.268,70.564,0.007443
56.055,-0.0021904,57.411,99.156,0.00025205
100.15,0.0010471,81.102,87.034,0.0093738
118.69,-0.010753,100.61,31.979,-0.00069893
74.139,0.011772,163.06,35.081,-0.0098576
92.501,-0.004213,35.256,34.289,0.0021995
40.201,0.0021999,84.415,104.98,0.0023415
77.419,-0.01292,80.934,68.841,-0.0039365
74.295,0.0023793,134.61,109.87,0.013346
112.1,-0.0054907,120.15,43.385,0.00023917
82.721,-0.0033874,105.95,83.786,0.0041826
172.38,-0.0085007,173.03,62.392,0.002215
78.221,-0.0082956,84.421,10.938,-0.0047764
127.07,0.0019471,86.624,52.757,0.011996
145.44,0.0013288,65.797,77.032,0.0078139
109.28,0.011611,43.964,27.524,-0.003205
99.263,-0.0023092,74.988,80.691,0.00072973
37.858,-0.00047382,139.37,73.257,-0.0035729
31.919,0.00042296,134.66,7.3615,0.010278
108.65,-0.0091367,33.738,32.589,-0.0054245
44.438,0.0054108,119,82.838,-0.010631
85.393,-0.001641,106.53,34.581,0.0034482
94.895,0.0014854,96.528,84.118,0.0011813
137.12,-0.0020713,54.956,54.295,-0.0082088
22.93,-0.0037171,29.156,128.99,-0.0083785
39.884,-0.0033569,91.646,52.199,0.00077511
63.87,0.0087568,56.745,9.0851,0.0092524
22.538,0.0012649,64.443,41.685,0.0043025
56.086,0.005549,91.807,47.751,0.010578
68.012,0.002986,87.191,70.538,-0.0098856
144.96,-0.0021852,104.65,102.6,-0.0028897
100.9,-0.00012552,127.51,88.98,-0.0054801
112.67,0.0022562,60.123,57.904,0.0062703
157.59,-0.01545,113.78,64.866,0.001974
48.408,0.007216,127.82,35.422,-0.0087086
-0.25822,0.0099422,78.85,152.12,-0.0019397
67.652,-0.012628,92.674,42.052,0.00071329
74.295,-0.0051838,66.365,21.116,0.00090307
35.324,0.0090344,64.062,9.0386,0.0018871
97.495,0.0033668,121.66,75.148,-0.00073172
96.999,-0.0039391,-15.688,45.719,0.0039796
92.261,-0.0070263,157.21,30.887,-0.0046052
77.474,-0.0061011,141.3,56.473,-0.00535
115.22,-0.0072806,98.764,21.532,0.011713
54.687,-0.016361,75.898,73.577,-0.0048461
106.06,-0.0033761,103.13,60.354,0.0037848
60.54,-0.0079716,119.72,105.27,0.007399
132.26,-0.00096037,87.133,147.96,-0.016201
29.279,0.016106,99.088,43.366,0.0020314
81.98,-0.0095858,78.445,70.098,0.0019356
133.73,0.0087265,95.553,83.716,0.004642
175.86,-0.0096031,40.824,80.022,0.0046052
30.959,-0.0022872,22.187,64.77,0.00014146
67.297,-0.0065102,25.91,100.87,-0.00026344
117.93,-0.0099005,146.81,61.104,-0.0058816
113.44,0.011772,167.32,94.752,-0.0017319
22.869,0.022316,64.179,100.62,-0.0057501
83.717,-0.007166,169.06,106.37,0.00015295
74.782,-0.0011823,107.55,77.784,-0.0071482
165.7,0.015587,70.235,52.256,-0.0034272
26.811,0.0086984,76.708,38.462,0.011365
145.3,-0.007557,62.207,70.876,-0.0096262
109.57,-0.0066362,94.953,110.51,0.0069245
68.548,-0.011947,97.435,97.286,0.011039
40.47,-0.010106,98.751,-18.452,-0.0092543
119.65,-0.00036149,90.052,45.747,0.005232
69.184,0.0095218,73.651,101.4,0.00033533
41.452,-0.0036128,34.493,125.44,-0.00014097
138.38,0.0050163,113.7,10.149,-0.007064
61.345,-0.0059905,100.79,38.252,-0.0079045
198.69,-0.002687,153.24,60.354,-0.0034777
105.71,0.011734,80.552,90.105,0.005251
116.85,0.0026659,26.115,134.05,-0.000123
97.73,0.0093408,92.283,88.379,-0.0077622
78.254,-0.0073694,56.845,124.86,-0.0012511
104.81,0.0081129,176.24,120.55,0.00017435
110.04,-0.0054055,142.46,115.18,0.003292
4.469,0.0059996,135.32,42.808,0.0068187
157.35,0.007979,50.44,36.141,-0.00031195
55.14,-0.0066127,172.03,77.58,-0.006745
61.063,0.00012088,37.42,38.314,-0.0068963
69.474,-0.005682,143.8,64.868,0.0066478
116.29,-0.0031125,69.188,79.317,0.00036522
149.35,-0.0012337,63.95,-20.319,-0.0098854
95.888,-0.019938,-25.929,70.34,0.0065127
12.869,-0.0031005,59.378,58.382,0.007451
116.79,-0.0016716,72.874,4.9643,0.0015663
112.78,0.011926,80.699,30.902,-0.00028658
100.04,-0.0086756,65.496,-3.7966,-0.0046232
95.059,-0.0091281,118.33,22.888,0.0064595
126.66,-0.0076962,45.964,74.516,-0.010962
123.63,0.0021562,68.431,90.513,-0.011166
21.497,0.0071936,90.049,70.721,0.0046025
45.044,0.010934,138.97,160.46,0.0068143
106.85,0.0087106,96.259,35.495,-0.0031661
95.493,-0.0030243,104.84,55.455,-0.00054873
103.81,-0.004824,103.55,82.122,0.017753
36.573,-0.0065366,70.274,44.579,0.0044067
53.75,0.00012527,24.26,83.668,0.0038356
125.05,0.0086763,106.52,122,-0.0045255
98.284,-0.0099094,120.8,64.204,0.0097395
36.241,0.004036,70.951,26.434,0.0029588
95.432,0.0032225,99.129,146.97,0.0029728
92.23,0.0056009,64.612,61.858,-0.0084087
113.05,-0.0073375,27.448,60.323,0.0013005
30.267,-0.003416,124.5,116.89,0.0050138
50.688,-0.016743,67.897,48.703,0.0040526
172.88,-0.00037969,49.529,74.473,-0.0029765
115.05,-0.0031248,80.587,23.606,0.011283
66.276,0.0037342,47.467,76.879,0.010151
170.87,0.0071631,96.685,22.416,0.010389
29.532,0.0057698,112.17,122.42,0.00038378
94.392,-0.0031082,60.312,54.605,0.0017006
15.466,-0.0051387,147.76,-25.65,-0.0029715
73.99,-0.011736,56.226,59.63,0.015562
73.98,0.00035887,82.214,53.506,-0.0079929
60.417,0.0053779,52.356,-12.316,0.0013123
88.086,0.0023837,128.25,73.903,-0.0014448
129.27,-0.011471,99.027,107.13,-0.0066936
54.942,-0.0030921,89.4,42.261,-0.01074
179.81,-0.00057926,60.098,93.661,0.0034384
98.464,0.008262,57.717,72.087,0.0086852
99.238,-0.00947,106.82,132.13,-0.00030412
17.359,-0.0082111,123.37,108.54,0.00012517
38.164,0.0025328,43.594,83.938,0.0063236
28.406,0.0088533,133.19,72.052,-0.0067023
126.67,0.0035074,39.577,67.573,-0.0071723
117.46,0.0043813,104.96,76.255,-0.01219
146.14,-0.013476,133.59,68.48,-0.0067927
61.279,0.0010323,34.499,57.143,0.0055502
130.4,0.024912,142.11,91.952,-0.0045421
153.4,-0.018249,56.814,60.758,0.0079754
7.1197,0.010817,136.83,16.645,-0.0075136
121.53,0.0097599,141.18,87.874,-0.0028154
101.83,0.0056702,23.625,55.49,-0.007454
57.039,0.0024491,60.263,150.31,0.0049195
23.759,-0.0032715,50.134,100.47,0.0072055
14.094,0.0032893,115.09,30.045,0.0022046
42.559,-0.0077021,68.105,69.841,0.00814
104.72,0.010599,101.82,96.127,0.0045784
72.684,-0.0012488,78.363,33.456,0.0048012
68.238,0.00076436,111.89,15.906,-0.0054136
113.35,0.0082633,38.814,46.167,-0.0057588
19.455,-0.0099514,106.65,83.614,0.0026577
107.77,0.007117,101.55,60.613,0.0064533
122.98,-0.021482,87.419,84.958,0.0083254
143.94,-0.0087084,124.28,17.695,0.0032295
65.988,0.0061929,179.88,36.71,0.0081835
67.147,-0.012806,105.27,178.21,-0.0015398
108.75,-0.0020341,87.954,51.271,0.0052231
112.76,0.0023909,142.07,81.249,0.00535
152.36,-0.0041518,98.693,179.08,0.00020693
88.221,-0.010182,103.74,66.508,0.000166
59.543,-0.0095004,74.907,93.694,0.0033497
30.181,7.9224e-05,61.788,97.103,0.0011439
116.8,0.0028601,137.9,72.611,0.0077619
66.035,-0.010485,119.15,62.187,0.0053324
96.337,-0.0027077,135.85,70.746,0.017151
132.25,0.0043403,116.53,90.688,0.0096613
90.64,-0.0020074,14.664,44.179,0.016237
61.17,-0.011078,97.789,134.49,0.00543
126.73,0.0038505,41.947,94.717,0.0042593
178.74,0.0053193,92.043,130.59,-0.0057084
139.77,-0.0075263,88.205,26.411,0.0005511
112.59,-0.010415,12.432,74.347,0.00097023
58.475,-0.0033792,133.57,53.168,0.0038711
-22.15,-0.0026851,63.91,75.562,-0.01517
34.352,-0.0058138,79.984,97.238,0.00028284
73.72,-0.013742,125.94,32.546,0.0047911
101.49,0.0068171,48.038,69.347,-0.00072615
69.448,0.0022941,91.276,87.059,0.0062046
79.553,0.0066431,127.65,81.56,0.0015318
103.53,0.0038864,48.861,41.672,-0.0025136
142.19,0.0040939,142.03,98.427,-0.0087675
122.9,0.008738,55.658,52.93,-0.0023594
105.8,0.0029632,121.02,60.71,0.0098256
44.509,-0.00075805,100.96,101.43,0.0029042
75.9,0.015855,156.63,145.62,-0.00096257
140.64,0.00050634,145,54.273,0.0023826
85.658,-0.0043661,30.7,108.49,0.00069137
29.237,0.0021498,98.292,111.98,0.0049545
39.998,-0.014746,99.922,17.555,0.0089849
-12.579,0.0060259,71.779,56.04,0.00091135
97.952,-0.014742,81.027,18.282,-0.007264
99.015,-0.02158,136.19,69.315,-0.0082301
73.798,0.0096001,90.385,4.0473,0.0083597
113.47,0.010741,89.406,42.642,-0.0012851
170.57,0.0059902,102.89,49.537,-0.0049449
168.67,0.010718,146.87,104.37,-0.0026069
58.612,-0.0058453,112.34,94.603,0.0059413
52.268,0.010188,53.533,80.058,-0.0055276
16.722,-0.0055832,52.516,78.887,-0.005545
6.3105,0.0030072,162.42,78.679,-0.0023971
74.292,-0.0058382,28.469,94.726,0.008207
140.39,-0.0073509,29.987,116.41,0.0071658
163.9,-0.0035386,127.59,58.345,-0.012141
111.43,-0.00729,64.635,64.624,0.0031008
55.458,-0.014979,121.28,118.16,0.014555
135.58,0.015513,121.57,64.504,-0.010232
87.202,-0.0082272,86.371,71.036,-0.0020824
140.37,-0.00049974,76.281,45.667,0.00036753
109.77,9.4322e-05,80.102,64.107,-0.0074576
129.92,-0.0028013,56.891,27.873,0.0047053
100.14,0.0011636,82.589,89.026,-0.0038759
25.601,-0.00018838,75.87,114.82,0.0033286
13.316,-0.020465,135.07,50.256,-0.012251
59.105,0.011082,114.66,55.546,-0.014025
9.6152,0.0094944,149.61,139.44,-0.012589
64.875,0.00055828,93.77,92.782,-9.6724e-05
104.31,-0.0056923,83.037,22.408,-0.000861
93.993,-0.017793,78.196,40.385,-0.0022905
34.539,0.0013732,101.13,85.193,0.0015846
116.28,-0.0030355,49.376,88.614,0.0056069
71.709,-3.7292e-05,86.799,61.719,0.0072813
66.415,0.0063811,42.497,124.86,-0.0032975
33.81,-0.012304,35.34,152.86,-0.011995
128.57,-0.0060731,51.705,56.172,-0.0075443
40.877,-0.0040523,83.013,57.116,-0.00203
22.102,0.0029444,89.695,57.312,0.0013424
1.852,0.0010964,47.825,1.1031,0.013128
86.49,-0.0029746,68.971,132.46,0.001558
114.34,0.012388,39.334,119.68,0.00070427
113.96,-0.0066942,-9.0899,70.197,0.005226
32.433,0.0079602,58.717,33.155,-0.010135
121.49,0.0067483,104.9,139.58,0.00104
78.697,-0.0058758,72.965,53.379,0.0046592
21.935,-0.012087,135.19,68.724,0.0030519
124.53,0.020531,4.4435,90.304,-0.00043815
79.863,-0.0046382,63.331,67.937,-0.010464
91.918,-0.011687,125.72,48.732,0.007473
132.92,0.0057966,148.55,76.104,-0.0087111
102.92,0.0037306,91.846,36.969,-0.00077296
19.281,-0.0045377,135.93,73.862,0.0032508
101.14,0.0025317,31.659,56.537,-0.0037243
131.71,0.0066164,150.54,33.089,-0.00097732
129.2,-0.016228,148.82,112.54,-0.0020596
19.556,0.0041253,137.93,110.88,-0.0006791
60.58,-0.0092659,86.72,-1.6862,0.015177
173.61,-0.0053163,144.74,59.753,-0.012788
93.229,-0.0072185,75.708,25.856,0.00047075
133.23,0.0097236,108.36,101.12,0.011677
68.225,0.0017402,119.79,22.118,-0.00077812
117.25,-0.018467,149.34,31.213,-0.0007873
52.709,0.0045619,2.9877,60.377,-0.005991
60.974,0.0012094,71.62,60.586,0.012066
51.404,-0.0059692,46.909,36.904,0.014799
54.825,-0.0084542,44.314,72.919,-0.010316
51.597,-0.0086625,24.652,59.023,0.012782
94.462,-0.014891,154.37,132.22,-0.0061155
51.141,0.017473,87.745,109.91,-0.0062696
93.945,-0.0026902,110.81,75.583,-0.0050724
73.792,-0.0062355,84.395,57.973,0.0058041
86.651,0.0031974,118.33,129.76,-0.0025945
174.03,-0.0058034,123.42,95.094,-0.012928
30.561,0.0064464,102.28,142.68,-0.0091729
89.023,-0.00096813,81.864,45.712,0.0012937
54.187,0.002213,71.047,45.76,-0.009584
86.465,-0.013111,62.165,51.453,0.014763
129.59,-0.005002,105.46,125.66,-0.010755
167.87,-0.0064456,100.22,129.99,0.0048958
77.347,-0.0014983,105.4,23.39,0.0044173
78.96,0.00088454,108.48,95.924,0.004009
-1.1526,0.0099859,93.143,99.802,-0.0044963
35.31,-0.015605,113.64,40.486,-0.0063885
61.5,-0.0058733,65.594,118.58,0.010936
82.253,0.018964,28.029,95.596,-0.00063633
64.294,-0.00709,72.26,86.171,-0.0034278
104.33,9.7915e-05,85.814,98.742,-0.013004
173.06,0.0024766,55.981,101.11,-0.0016513
105.87,0.01098,25.017,68.487,-0.0026834
58.201,-0.0080614,52.414,38.232,0.00054448
140.07,0.0095863,164.11,45.456,-0.0026861
109.44,-0.0071178,80.466,78.646,-0.0022224
87.293,-0.016348,73,135.45,0.0038922
36.38,-0.0060699,85.712,78.301,-0.0083221
119.21,0.0011396,84.772,89.684,-0.01168
54.059,0.0020344,93.989,190.58,0.0043015
154.15,0.0093753,70.187,161.14,0.0011677
60.57,-0.0031931,34.591,38.063,4.9827e-05
88.058,-0.0073062,131.23,52.314,-0.0063904
34.8,0.0093895,77.504,62.149,-0.0015436
76.052,0.0086678,63.45,48.419,0.0059128
174.08,0.006092,10.265,129.52,0.0060191
-9.7128,0.017885,89.002,72.377,0.0021878
79.558,-0.019392,105.36,169.1,0.0041317
65.348,-0.0043457,109.83,51.218,-0.00031999
43.612,-0.0079727,87.709,107.31,-0.0028045
50.951,0.0097568,107.2,76.601,0.011499
122.88,0.0020849,87.039,101.11,-0.011841
151.64,0.0098919,90.472,76.494,-0.00032087
73.874,0.0080944,41.487,94.601,0.0023853
70.962,0.0008187,110.16,47.804,0.0014972
41.451,0.010039,107.36,63.773,-0.0060524
86.275,-0.010809,73.302,118.05,0.0044897
114.2,-0.0057727,81.989,63.699,0.00099488
88.49,-0.0041258,41.802,39.635,-0.014584
155.41,-0.00023686,65.503,61.783,-0.0015373
75.349,-0.0028732,-6.9871,36.882,-0.0066833
37.688,-0.0052119,42.776,106.6,-0.010937
63.651,0.0049503,120.25,45.116,-0.0020256
17.329,0.0011438,38.228,40.687,-0.0031032
63.29,-0.0078666,89.535,34.562,0.00016344
42.144,0.0057217,117.92,98.328,-0.0024021
102.78,-0.0049119,81.32,84.782,-0.012015
112.83,0.01451,25.472,83.313,-0.0037786
123.92,-0.0084421,46.195,96.362,-0.00093517
71.741,0.0081626,157.66,36.722,0.006206
114.43,0.011053,126.03,12.288,0.00054151
149.28,0.0037644,94.426,26.874,-0.007946
32.581,-0.0064513,96.045,80.81,0.0047185
63.244,-0.0026505,161.12,155.4,0.0052087
78.726,-0.0016484,137.04,105.19,0.0038165
127.9,-0.015524,135.33,44.038,-0.0062834
140.75,0.0080954,96.491,90.153,0.0013375
43.5,-0.0045723,142.8,100.81,0.0024163
67.417,-0.0061142,-20.71,125.75,0.0071068
98.486,-0.0094711,50.855,67.706,0.0042723
87.443,-0.012887,48.459,58.907,0.017869
78.062,-0.0040089,73.448,79.767,0.00040252
-4.0965,0.0043125,21.401,45.29,-0.00067914
174.38,-0.0095009,105.81,99.098,0.011655
96.675,-0.019146,106.51,95.492,0.0019044
134.4,-0.0062504,121.02,90.884,-0.0054573
130.3,-0.004992,104.05,131.77,-0.0031542
103.06,0.0085496,64.905,85.569,0.0017308
95.913,-0.015915,130.32,68.762,0.0022759
90.493,0.010083,93.942,38.686,0.0071521
96.187,0.0023335,95.541,-67.222,-0.007407
141.45,0.001576,139.51,99.088,0.0067451
72.476,-0.011093,41.509,95.376,-0.0014226
72.967,-0.0015184,82.414,77.421,0.0060368
100.96,0.0023903,92.778,-41.418,0.0069482
15.216,-0.0093711,81.813,26.387,-0.0056931
127.54,0.015768,80.744,-40.821,0.00028296
54.758,0.0016155,115.12,116.69,0.00047398
133.68,0.0087038,122.19,56.099,0.0062372
151.42,-0.0078926,38.078,105.78,0.008419
95.72,-0.017186,51.355,66.537,-0.0080914
103.59,-0.0017849,146.91,39.137,-0.0053992
88.028,-0.011333,75.579,-11.307,0.0016637
108.65,0.0010082,92.525,72.449,-0.0076305
79.24,-0.0043764,49.435,133.02,-0.0055171
67.16,-0.011897,99.469,118.3,0.003053
94.631,0.013532,55.167,62.354,-0.0048411
46.12,0.001929,115.15,71.255,0.0040273
84.563,-0.015202,27.262,39.039,-0.001362
74.684,-0.010161,73.229,66.924,0.003511
85.734,0.0064112,16.059,76.696,-0.0014994
101.61,0.0034351,63.241,52.248,0.0016757
124.08,0.0043752,133.11,86.672,-0.00031339
66.284,0.0082402,90.261,60.722,-0.0053879
132.13,-0.0065157,89.208,85.405,0.01215
128.9,0.0023169,99.476,57.693,-0.0077421
127.26,0.0049653,79.259,76.954,0.0021319
83.514,-0.0054913,160.16,37.554,0.0082151
90.019,0.015013,41.89,44.385,-0.0072688
118.83,-0.0034658,140.43,103.3,0.0094317
15.887,0.0025902,62.063,81.15,0.005749
109.76,0.0080303,66.16,62.126,0.0055786
75.1,0.019008,-14.388,86.173,0.0071998
-12.979,0.0067552,78.548,140.63,0.0029674
137.35,-0.0065631,133.82,127.81,-0.0072338
126.44,0.0028355,14.721,80.997,0.0074724
153.05,-0.0054565,89.798,201.6,0.0042083
106.39,-0.00078779,74.672,40.738,0.0009608
63.831,-0.0095524,104.34,82.847,0.011009
143.6,0.0018009,106.53,65.911,-0.0064389
135.39,-0.0031416,87.472,32.311,-0.012154
96.376,-0.0087211,144.38,115.86,-0.013423
147.2,-0.0051348,109.71,73.183,0.0061361
111.42,0.00091884,31.968,77.587,-0.0013661
158.59,0.010141,35.817,135.85,0.0049723
57.978,-0.0020229,18.058,82.394,-0.0075732
79.396,-0.012409,182.74,110.16,0.0079616
23.33,-0.0080939,83.711,49.511,0.0025713
76.146,-0.016156,45.039,68.133,0.0084574
68.529,-0.001338,87.56,-18.11,-0.0020715
72.175,0.0091565,118.09,90.784,0.0011506
108.39,-0.014117,98.212,122.62,-0.0092141
45.35,0.00072984,111.84,158.38,-0.0046609
55.809,0.016576,79.724,84.328,0.0094231
71.558,0.0049579,79.512,113.45,0.0033883
142.59,0.0026034,177.01,101.9,0.016705
94.891,0.00097581,111.76,45.771,-0.0081703
157.51,-0.0069715,122.79,38.402,-0.0077381
98.062,0.0022184,51.328,78.929,0.0029629
178.99,-0.0029574,75.346,41.501,-0.00025711
100.76,0.0053593,33.464,42.152,0.0047825
99.904,0.0039762,124.8,116.32,-0.00026244
117.32,-0.0075081,96.153,96.271,-0.0036658
120.29,-0.011924,57.616,108.86,-0.0033012
145.12,-0.012579,109.55,63.434,-0.0058544
155.1,0.0027435,71.264,85.833,0.0076873
115.53,-0.0041436,-21.561,-52.838,0.0025567
125.68,-0.005775,33.802,36.624,0.006474
25.271,-0.008195,119.76,73.972,-0.0016225
48.975,0.00064777,85.146,106.15,-0.0085409
130.91,-0.0052103,17.269,104.29,0.0036438
113.11,-0.0035833,101.19,105.97,0.00092834
42.675,0.011687,97.834,26.152,0.0049432
143.39,0.019975,86.011,26.458,-0.0010012
140.4,-0.0036027,55.793,50.227,-0.0044936
82.782,-0.0030175,40.364,68.661,-0.0009792
134.94,-0.0051096,123.77,82.747,-0.0051597
86.453,0.01849,63.449,60.722,-0.00084329
77.73,-0.012621,55.052,46.672,-0.010921
115.79,0.011038,168.85,126.67,-0.0015634
142,-0.010147,160.75,69.708,-0.0047914
78.887,-0.00087005,58.885,119.15,-0.0071112
125.34,0.0030288,75.134,123.1,-0.00068398
64.096,0.00016247,125.49,76.428,0.0033952
147.75,0.0015208,29.29,54.443,0.0003515
97.849,-0.0021724,50.567,82.834,-0.0040328
143.22,-0.0018359,94.492,78.396,8.5362e-05
33.575,-0.013561,51.694,50.074,-0.0074995
88.169,0.00033667,106.06,105,-0.0030066
59.548,0.01645,32.481,94.118,0.0017579
84.646,0.006416,111.09,159.99,-0.00055923
64.64,-0.007637,110.99,73.381,-0.008576
91.828,0.0074366,78.14,93.254,-0.0015053
139.75,0.015139,132.97,71.417,-0.0083263
60.955,-0.009525,100.3,66.53,0.0024553
49.631,0.0033552,53.688,141.58,0.00627
57.571,0.0033225,117.33,82.005,0.010622
123.14,-0.00071439,116.53,30.179,-0.0018045
158.2,-0.0045417,108.02,59.201,0.0047957
134.17,0.010564,49.035,48.629,-0.0014368
31.546,0.00087683,78.034,60.066,-0.0094856
90.782,-0.0017838,64.596,65.875,0.0046902
188.62,-0.0044002,61.085,137.67,-0.0021581
52.852,-0.010785,76.102,163.27,-0.0048952
163.66,-0.002684,66.19,15.383,0.0017401
67.013,-0.013637,40.552,61.348,0.010026
129.7,0.0072503,15.4,70.211,0.0055742
9.2876,-0.0018739,124.53,39.716,-0.0034799
94.8,-0.01081,149.98,28.656,0.0033593
64.587,-0.0015078,123.54,128.87,0.011573
69.76,-0.0027953,56.019,78.365,0.0058949
24.506,-0.0055383,21.492,95.407,0.011461
61.525,-0.001227,108.42,48.782,0.010063
44.379,0.0034992,94.45,39.575,-0.0071505
133.56,0.026365,72.561,56.944,0.0058485
45.251,0.004453,120.52,88.774,-0.013547
147.07,0.0055863,81.438,-57.524,0.0087105
47.079,-0.0017516,200.18,21.613,0.0047805
93.541,0.010999,91.246,27.069,-6.6924e-05
70.705,0.0084741,129.03,116.93,0.011777
44.732,-0.0013289,97.022,158.53,0.00047256
94.701,0.016064,146.08,84.612,-0.00397
82.32,0.0066238,104.33,25.576,-0.0030481
112.34,-0.0029182,91.702,92.047,-0.001317
99.195,0.014571,75.967,115.8,0.0093406
48.385,0.0024759,52.514,9.6208,0.0070573
131.4,-0.0086687,56.241,86.526,0.0009243
15.969,0.017604,111.47,67.314,-0.0057786
75.236,-0.0018205,90.657,99.408,-9.5924e-05
94.334,-0.007573,15.749,30.698,-0.005143
73.84,0.0015041,58.507,80.467,0.013599
28.886,-0.0020231,54.666,100.97,-0.0023988
169.87,-0.00093633,154.32,25.74,-0.0046029
64.781,0.0035748,123.44,-11.341,0.004585
57.448,0.011964,90.188,73.291,0.0020708
94.968,-0.0091518,48.873,69.114,0.010386
31.841,0.0078867,23.228,61.764,0.00090859
69.686,-0.014735,82.3,128.87,-0.0043775
125.26,-0.00042698,106.72,92.724,0.0014338
99.651,0.0022526,129.95,141.47,-0.0040152
63.397,-0.013389,113.01,63.193,-0.0036416
66.066,-0.0061411,74.99,26.68,-0.004914
81.523,-0.0078243,32.993,118.49,0.0047551
69.24,-0.0023114,76.017,192.05,0.001208
48.27,0.0044844,103.02,-20.233,0.0081694
84.787,0.010757,50.983,92.059,0.0035301
86.288,-0.0027071,175.13,42.509,-0.0019568
96.242,-0.010099,157.23,110.2,0.0012391
75.844,0.0019777,65.438,33.464,0.0048222
75.143,-0.0051427,68.117,91.315,0.0022718
80.387,-0.004878,13.606,49.895,-0.0012408
73.075,0.0017292,76.039,42.038,-0.0041659
48.245,0.014584,178.35,53.928,-0.0032702
34.627,-0.0052518,51.739,23.462,-0.0048893
96.286,0.012121,136.86,42.587,-0.0025683
86.325,-0.0090514,115.29,-10.066,0.00087091
94.798,0.0064948,38.828,123.22,0.0010758
69.822,0.010666,98.178,30.956,0.010078
131.73,0.0038972,149.67,24.436,-0.0078062
105.53,0.014978,111.93,85.91,0.001291
82.708,-0.0038193,181.71,72.841,-0.0035905
164.84,-0.023646,41.273,39.827,-0.01303
126.71,-0.0020852,70.316,42.355,-0.007695
113.63,0.0041464,107.58,111.75,0.0035978
109.99,-0.0010915,13.598,72.592,-0.0065221
44.599,-0.014327,80.677,167.27,-0.0066844
57.1,-0.0045284,108.62,93.091,0.00086716
100.29,-0.0058358,61.65,122.3,0.0024022
84.055,0.006267,136.32,64.097,-0.0051383
58.896,0.013985,103.18,55.356,-0.0023578
1.54,-0.02304,47.217,59.869,0.0033608
71.949,0.0019089,74.867,66.902,-0.00098791
85.37,0.0074905,111.11,94.07,0.0047609
36.283,0.0039319,79.027,63.987,-0.010962
93.142,0.0012272,94.809,111.36,-0.0079484
128.62,0.022489,96.944,120.08,-0.0024856
110.56,0.0038448,84.005,93.292,0.0079849
80.836,-0.0080131,87.767,30.799,-0.00058484
76.392,-0.014845,64.594,6.3001,0.0017301
115.86,-0.0038597,68.12,150.45,-0.0024164
89.434,0.0034457,134.69,80.845,-0.00055955
51.304,0.012923,131.84,78.516,-0.0074531
48.205,0.0031008,103.01,58.723,-0.011133
99.396,-0.0042145,87.385,106.19,0.0075251
134.85,-0.0026039,55.736,106.44,0.0026096
74.567,0.004355,92.91,57.128,0.0019627
59.009,-0.00026768,102.55,54.772,0.0099622
47.528,-0.014135,149.01,119.67,-0.0033011
89.063,0.0019026,26.622,148.72,-0.014811
126.87,-0.0022988,35.794,99.582,0.010945
76.951,-0.00099661,118.85,89.415,-0.0055875
70.303,-0.011097,110.77,98.864,-0.0070419
126.39,-0.0012773,71.016,42.193,0.0075462
79.611,-0.00037132,99.038,22.026,-0.0027889
114.7,-0.0034069,162.22,101.6,-0.003219
120.48,0.012405,77.804,109.83,-0.012018
88.423,0.0051337,102.92,52.177,0.0070962
64.353,0.014254,133.12,104.66,0.002647
149.54,-0.014729,91.195,70.35,0.0021665
141.36,-0.0059586,119.55,51.072,-0.010483
81.759,0.0062797,152.12,144.43,0.00616
81.419,0.0126,83.703,20.011,-0.0023286
118.83,0.0032333,98.756,67.083,-0.00029543
48.773,0.0025027,47.518,119.67,0.00087681
97.231,0.0021951,113.74,44.569,-0.00046347
52.976,-0.016894,113.29,98.517,-0.0012426
61.913,-0.024394,104.63,-4.667,0.0024919
114.19,-0.0023195,166.51,76.768,-0.0067719
78.885,0.012329,117.27,23.602,-0.013304
113.44,-0.00016577,43.466,72.296,0.0045167
67.746,-0.010385,-2.0289,49.227,0.010981
37.359,0.0052812,48.137,76.283,0.002968
85.626,0.0053308,137.89,94.63,0.0058296
115.14,0.0082544,40.544,141.24,-0.0016538
68.845,0.0025611,100.77,154.3,0.0013543
39.824,-0.01723,122.13,-1.5489,0.0066085
121.47,-0.001438,35.906,87.49,-0.0035015
13.421,-0.0048468,115.17,80.84,0.00030973
42.886,0.0040458,84.961,82.14,-0.0015651
42.23,-0.0019132,144.15,90.488,-0.0078348
57.327,0.0016954,90.304,122.15,-0.0067011
63.893,0.0099194,80.404,12.524,-0.0056639
71.014,-0.0017727,73.485,137.83,-0.0076013
97.366,-0.0067237,133.13,75.49,0.0019111
126.23,-0.0026971,93.919,129.55,0.00027049
141.7,0.010995,103.3,10.32,0.0022704
116.1,0.0032335,65.689,129.62,0.0088492
92.418,-0.001809,66.578,64.788,0.0031145
51.12,-0.0053136,82.357,58.557,-0.002914
83.591,-0.00022877,59.654,60.6,0.0041102
30.083,-0.0065946,99.883,94.351,-0.0019576
97.188,-0.014783,92.794,74.536,-0.0071488
89.893,-0.0021397,81.276,110.95,0.010363
101.16,0.0086202,48.04,138.59,0.010648
82.102,-0.00063408,89.375,27.439,0.010345
141.96,-0.0019737,135.05,30.012,-0.0014931
167.44,0.0021216,119.07,87.481,-0.0046523
119.99,0.0016423,10.305,27.966,-0.0071334
73.831,0.00088407,59.986,100.41,-0.0041572
44.697,-0.0038044,71.028,101.75,-0.00048066
81.102,-0.013091,138.17,140.24,-0.0011123
99.101,0.0041126,65.298,85.247,-0.0084864
86.639,-0.0050209,135.42,37.46,-0.0027089
79.237,0.0063874,135.4,108.86,-0.0031982
138.74,-0.0063696,37.094,73.777,-0.012842
72.162,0.018224,61.311,57.991,0.001971
50.084,0.0010451,108.74,100.65,-0.0042158
65.633,0.0069727,37.703,96.741,0.002494
52.333,0.00049939,56.938,33.8,0.0039745
79.02,0.0069668,121.14,34.015,0.0016222
86.515,0.0018882,142.66,103.08,0.0057123
124.33,0.0064539,25.272,11.646,0.00048946
128.12,0.0084157,131.26,46.289,-0.0022714
10.473,-0.012581,68.666,74.968,-0.0093972
51.17,-0.0034724,86.366,118.96,-0.0032965
-11.62,-0.0098278,88.031,93.09,0.0015381
77.738,-0.011912,28.323,71.407,0.0047286
67.149,0.0017864,125.87,88.359,0.0022959
123.25,0.012447,153.5,57.172,-0.010885
66.175,-0.009844,40.072,41.382,3.6205e-05
94.234,-0.0023099,124.59,52.458,0.0099389
96.59,0.012623,138.83,47.971,0.0026924
126.85,-0.011706,46.185,23.947,-0.0026658
146.19,0.0029018,110.27,110.51,-0.0026301
131.62,-0.002904,56.564,93.914,-0.012683
79.923,0.0076042,87.97,79.055,0.0082229
120.77,0.015413,29.741,65.854,-0.00096487
139.42,-0.016186,132.2,64.236,-0.0039292
46.061,-0.0099887,56.649,78.304,0.0042756
102.9,-0.013786,55.18,93.382,0.0025846
129.49,-0.0030656,88.354,150.63,0.0040765
105.27,-0.0094467,74.686,143.75,-0.00027115
50.659,-0.0068291,82.734,30.67,-0.0056755
194.63,0.010452,149.11,107.91,0.0016126
145.88,-0.0053228,109.79,133.65,0.003291
81.277,-0.0038417,165.04,50.506,-0.012896
100.44,-0.0013302,103.77,112.72,0.0034717
152.76,0.0095735,26.211,121.83,-0.0077288
65.445,0.0054732,109.63,128.12,0.012086
69.472,0.0091662,150.05,87.145,0.0054054
106.32,0.0011923,109.5,-27.114,-0.002755
42.721,0.0033822,132.21,160.68,7.6282e-06
49.207,-0.0075549,72.828,39.282,0.005321
85.3,-0.0023205,48.236,44.821,-0.0063899
139.3,0.0071094,124.42,103.55,0.0076088
117.4,0.005371,53.489,-1.2863,-0.0064706
173.77,0.0076972,62.213,39.094,0.0071433
73.308,-0.00041679,104.22,95.753,0.00093165
60.698,0.0072582,70.769,74.345,-0.00018497
112.6,0.018405,62.635,49.714,-0.0068449
108.95,-0.0039113,84.351,23.255,-0.0023534
101.59,-0.0026382,90.184,78.893,-0.0049547
78.792,-0.0052586,171.08,73.535,0.0082316
76.211,-0.0017309,54.402,43.503,-0.0030824
72.928,0.0028506,74.656,2.0831,0.0047962
62.918,0.0069228,92.797,103.9,0.010327
22.454,0.0030567,82.519,54.426,0.011201
86.038,-0.00021763,96.692,151.21,0.010407
82.988,-0.010604,95.178,33.431,-0.0013893
17.2,-0.0026254,17.741,66.795,-0.0065432
41.377,-0.0097741,129.73,146.06,-0.0041849
89.973,0.013933,59.6,49.569,-0.0023772
76.094,0.00036054,90.406,79.619,0.0039013
39.588,-0.0058576,157.46,46.837,-0.0099172
101.04,-0.010027,135.49,130.14,0.0068222
144.28,0.0072802,62.853,94.083,-0.0023682
63.751,0.012753,82.638,59.632,-0.0080669
148.39,0.0073728,19.109,105.46,-0.0030103
125.74,-0.012761,104.24,37.012,-0.00080552
94.926,-0.0041099,150.35,95.09,0.0014782
92.165,-0.012002,142.88,75.222,-0.009612
114.14,-0.0073549,96.001,122.47,-0.0010085
143.41,0.0041774,150.7,79.904,-0.0087904
144.78,-0.0052083,69.111,86.855,-0.013825
55.162,0.004211,120.59,39.013,-0.002395
71.278,0.002053,86.419,-7.6266,0.016391
119.54,-0.0078645,62.189,15.817,-0.00096254
57.458,0.014821,92.735,76.649,-0.0035319
88.442,0.0038579,36.269,110.46,-0.0069112
-12.022,-0.011607,139.27,55.881,-0.0040502
156.29,0.0020753,23.729,32.946,-0.0045526
84.463,-0.0063437,136.4,84.935,0.0012759
121,0.022109,53.752,98.954,-0.010266
110.99,0.011762,31.307,58.763,-0.0053051
119.54,0.010561,66.866,70.028,0.0049956
126.73,-0.0056402,75.876,11.048,-0.015868
48.846,0.01204,52.124,86.163,-0.0029376
103.89,-0.0096553,16.069,55.491,0.010688
125.66,0.0033434,69.831,72.415,-0.00041152
96.831,0.013788,137.77,95.846,-0.0047689
64.298,-0.014895,114.03,80.254,0.0034397
2.9844,0.004556,34.442,87.925,-0.0039127
176.25,-0.0097753,69.767,26.13,-0.0050605
61.071,0.012139,105.13,84.915,-0.0014373
116.63,0.005962,55.752,116.64,0.0021864
67.516,0.0057585,85.045,62.612,-0.0055998
155.91,-0.0076145,77.338,87.889,0.0046665
-17.848,0.0004636,45.716,132.12,0.01193
92.415,-0.0034926,49.158,77.958,0.011043
57.994,0.00093598,23.789,29.88,-0.0070144
57.655,0.00079706,117.72,34.872,0.0099142
81.818,0.0029622,147.19,89.167,0.010815
118.76,0.0085861,109.85,106.84,-0.0012838
33.037,-0.019281,91.412,102.85,-0.0091331
132.34,0.00079007,159.8,118.33,0.0076756
129.3,-0.007164,164.58,42.288,-0.0011571
148.63,0.0031521,145.95,87.912,0.0083458
77.54,-0.0035655,81.458,158.45,0.016542
57.454,0.0038289,129.09,66.246,0.00782
162.37,-0.0030493,116.65,55.649,-0.0050537
109.11,0.0061373,50.721,100.62,0.0012009
136.77,-0.0091198,6.2443,84.272,0.00063007
115.41,0.013028,58.568,83.479,0.0057547
72.833,0.0061175,84.721,100.94,-0.0044099
71.108,-0.012069,59.928,14.064,-0.0053997
87.548,0.01161,153.03,51.599,-0.015013
113.05,-0.0014662,95.231,55.765,0.0014791
31.188,-0.0099533,55.597,31.42,0.001631
94.866,0.0035311,42.144,84.924,0.0012117
172.1,-0.0084768,38.577,55.188,0.0092427
98.713,-0.010293,56.122,104.92,-0.0021543
135.69,0.0031857,145.4,68.815,0.0037002
111.76,0.0037551,82.508,114.33,0.0016886
85.916,-0.002062,73.179,66.985,0.0036125
98.533,0.012551,123.46,81.141,0.01296
79.537,-0.004425,133.9,30.261,-0.0085185
119.94,-0.012988,116.05,106.39,-0.00098057
29.462,0.010239,5.1611,-13.657,0.010774
158.38,-0.0088767,86.157,79.607,-0.00051
99.495,-0.0044616,90.189,72.075,-0.0071921
90.85,0.0017042,0.96,109.43,0.0075659
47.657,-0.013769,115.91,167.98,-0.0059983
15.622,0.012463,106.68,55.908,-0.010599
158.09,-0.0017708,118.44,85.461,0.011408
78.324,-0.0076584,107.31,78.197,-0.00029963
65.894,-0.00060393,57.653,21.421,-0.0029475
50.015,-0.011092,-18.386,52.512,-0.0033221
174.41,-0.003513,102.52,96.182,-0.0036872
150.06,0.010156,103.47,25.06,0.00057639
95.457,0.0026702,107.87,38.774,0.0061475
142.19,-0.0057224,129.73,3.8758,0.0042649
18.093,-0.0077808,42.137,84.76,0.0001887
179.12,0.0040958,200.86,91.748,-0.0052197
57.904,-0.0058079,120.23,110.38,0.0080459
170.89,-0.010325,122.61,106.2,0.0048175
67.671,-0.00083695,55.057,52.355,-0.0052664
117.14,0.018589,92.887,26.588,-0.0016059
133.26,0.004592,63.967,24.727,-0.0031396
118.9,-0.010634,60.096,82.3,-0.0062809
140.88,0.012558,58.305,18.839,-0.0015236
113.73,0.0089684,64.941,105.89,-0.0051614
133.82,0.0044784,35.586,87.311,0.003422
97.633,-0.0098313,114.33,98.648,-9.2706e-05
87.113,-0.0052003,110.21,138.88,-0.011883
54.88,-0.00047492,162.09,34.416,-0.0064611
74.201,0.011081,104.87,40.11,-0.0074556
34.812,-0.0014204,88.043,117.75,-0.002634
91.241,0.0070553,144.04,99.055,-0.0050551
107.72,-0.0014675,62.674,105.59,-0.0043308
74.204,-0.0096332,44.63,66.086,-0.0039068
83.334,-0.0031275,89.061,1.543,0.005881
14.824,0.013935,88.418,104.09,-4.2943e-05
100.51,0.0010407,110.58,2.7956,0.0038374
42.498,0.0021409,23.283,-37.036,-0.0074673
89.159,-0.0078497,147.45,52.482,0.003035
127.66,-0.0012918,123.57,77.159,-0.01188
56.146,-0.0030861,150.82,86.603,0.00066948
84.206,-0.0032516,133.22,44.777,-0.0065861
150.73,0.0056476,116.87,48.366,-0.0014973
80.449,0.0035247,67.703,53.713,0.0085131
134.68,0.0017128,69.377,25.807,0.0035925
65.993,-0.0097114,51.863,45.766,0.0039652
133.58,0.004288,127.87,123.84,-0.0043937
42.527,-0.004809,56.447,143.65,-0.0016195
88.404,-2.3619e-05,117.93,80.64,0.003896
134.55,-0.0071694,28.255,39.105,-0.016472
140.26,0.0078436,69.373,67.881,-0.002618
69.046,-0.0058881,31.408,87.983,-0.0046049
55.652,-0.017226,137.73,53.418,-0.012181
66.14,-0.020835,2.0754,74.202,0.0020381
84.244,0.0024873,131.36,98.784,0.0079641
115.65,0.0012126,104.56,37.285,-0.0098249
99.871,-0.011431,90.948,54.889,0.0010761
69.846,-0.0039273,60.842,132.62,0.0034767
106.92,-0.0038833,99.522,23.092,-0.0016668
66.67,0.008143,16.34,111.25,0.0017956
59.619,0.0058028,90.23,36.413,-0.0055957
69.361,-0.010276,89.395,96.604,-0.0025287
76.693,-0.014035,58.268,30.242,0.0047017
101.81,0.0011811,118.85,134.06,0.0012469
117.31,0.0051309,90.643,69.322,0.0028677
38.556,0.0020767,137.75,94.519,0.011774
51.953,0.0035503,47.89,83.33,-0.0023354
65.018,-0.0011453,75.795,88.442,-0.0047301
98.127,0.0068487,95.869,57.785,0.0062265
122.96,-0.0041614,102.84,10.977,-0.0042427
135.38,-0.0031252,67.606,80.298,0.0097534
167.4,-0.0084667,57.215,100.35,0.0078822
4.0704,0.012717,-0.38467,111.5,-0.0045964
108.37,0.0071397,39.758,-34.68,-0.0066882
9.6669,-0.0011071,29.431,5.4399,0.0017898
7.6585,-0.0062067,105.44,79.559,0.00059026
32.943,0.0063826,40.319,44.428,-0.005514
30.901,0.012702,50.763,52.776,-0.0082356
85.619,0.0021491,93.48,67.492,-0.0032734
111.72,-0.0036638,104.79,-43.742,0.0037075
111.24,-0.0083955,53.611,48.512,-0.0028178
52.008,-0.0063325,58.351,13.796,0.0066248
107.59,0.0046652,52.715,61.436,0.0018112
38.472,0.008275,36.358,131.49,-0.0020597
105.09,0.02107,85.83,71.653,-0.0088065
17.68,-0.0047512,58.662,49.326,0.0077596
78.716,0.002141,169.6,69.379,-0.0028492
151.31,0.00049172,70.786,94.284,0.00053963
32.926,-0.018106,130.24,58.207,0.0002819
121.71,0.0027452,96.527,67.033,0.005637
105.95,0.01222,80.659,136.08,0.0065526
73.044,0.0016443,20.888,46.934,0.0076825
66.426,-0.012603,94.178,42.959,-0.002677
108.11,0.0010912,137.08,33.49,0.0010188
127.34,-0.00030568,94.592,88.168,-0.0040817
103.99,-0.01548,58.463,87.96,-0.0024722
53.7,-0.0015193,103.08,131.9,0.0013398
34.361,-0.0083826,94.998,32.51,-8.9896e-05
83.771,-0.0089234,80.705,36.285,-0.0015178
70.726,0.0098833,170.09,65.01,0.0045474
84.633,0.003042,139.27,92.547,-0.0080888
88.563,0.0012995,55.726,63.196,-0.00082832
95.04,-0.016977,67.533,21.488,-0.0022573
52.215,0.011797,39.511,117.53,0.0041235
110.3,0.0040337,106.81,57.724,0.0072789
37.331,0.0051166,113.41,99.416,0.0008265
194.68,0.015645,125.61,119.55,-0.0013084
84.865,0.010862,69.238,-10.026,-0.0049505
49.247,0.008182,70.254,58.979,0.0028409
123.97,-0.0049969,28.218,69.372,-0.014973
144.76,0.011668,90.692,49.848,4.5058e-05
67.755,0.008141,115.77,140.99,0.0077084
60.143,-0.00031116,164.85,104.28,0.010899
73.647,0.016133,115.07,98.485,-0.00032683
96.905,-0.0016921,118.38,119.29,-0.0048886
109.8,0.012688,138.87,71.962,0.0077189
79.524,0.0062521,102.16,58.856,-0.0050469
83.472,-0.0098803,69.363,22.974,-0.0033911
72.31,0.0038777,120.15,80.085,-0.0036649
83.719,-0.0013267,79.991,135.53,0.003385
133.59,-0.0042952,132.59,2.4895,0.0024398
107.9,-0.0095594,62.869,102.64,0.0057872
125.05,0.012122,73.005,74.6,-0.0078553
86.868,-0.00090219,73.696,8.7263,-0.0053693
59.962,0.011213,90.415,30.961,-0.0015274
57.522,0.005686,52.966,187.04,-0.0067569
99.972,-0.0027717,122.98,3.1345,0.0019761
72.8,-0.0053506,85.686,33.607,-0.0083359
41.022,-0.011925,101.24,111.33,-0.0016839
45.1,-0.011951,46.838,60.966,0.00029538
39.39,-0.025394,57.981,-5.025,0.0018208
89.957,0.0060242,59.548,70.332,-0.0057579
25.484,0.0018597,134.25,90.852,-0.00092233
50.564,0.013791,165.03,43.09,0.005557
52.264,0.0019742,25.671,111.48,0.0025392
81.35,-0.0012863,188.11,94.122,0.0026054
59.247,-0.0035397,31.011,44.048,-0.0059493
73.669,-0.011822,82.115,82.317,-0.0065474
171.24,0.01033,138.58,85.578,-0.0085627
128,0.0071794,91.288,47.196,-0.0075961
154.15,-0.0061011,185.45,51.903,-0.0051606
68.834,-0.0092714,137.36,56.989,-0.0017247
99.705,0.00077057,43.145,70.494,-0.011156
166.1,-0.0028373,48.684,53.516,-0.0029619
50.048,0.0066079,135.72,32.627,0.0040594
107.17,-0.0020232,73.078,1.3167,-0.003033
104.51,-0.017654,23.618,78.88,-0.0032369
161.21,0.01985,139.69,94.927,-0.0013282
148.37,-0.00217,80.12,82.208,0.0050635
98.503,-0.0014188,84.313,50.968,-0.0032656
119.79,0.0042132,84.617,34.306,0.006764
45.795,0.014768,41.323,20.149,0.0069399
150.6,-0.0072371,102.4,21.32,0.0088869
126.19,-0.0067836,67.521,31.237,0.0068669
47.323,0.0062493,104.99,99.123,0.0011785
76.891,0.0031511,96.078,41.809,0.00082387
46.744,0.00037209,15.054,129.87,-0.0077139
80.781,0.0029278,112.55,32.935,0.012458
96.853,0.0026982,47.102,94.026,0.0019938
179.82,0.0064312,90.997,158.75,0.012375
162.15,0.011625,64.306,30.006,-0.0044033
63.662,0.0043863,81.363,70.186,-0.00075064
89.543,-0.006949,62.231,64.414,0.0078697
129.86,0.012914,83.663,124.02,-0.0026647
24.807,-0.0013945,68.525,28.357,0.00057096
76.649,0.0083346,65.553,25.627,-0.00476
84.846,0.007004,53.645,50.824,-0.00258
96.134,-0.005127,106.08,105.8,-0.00069626
73.172,-0.0044395,61.499,4.4081,-0.0041002
118.23,-0.0032926,127.92,74.538,-0.0026815
86.275,0.011863,78.695,31.605,-0.0025571
90.671,0.0074637,50.986,72.03,0.0028212
47.93,-0.0080972,84.641,31.607,-0.00066145
96.28,0.0066672,15.227,24.755,-0.0017453
116.63,0.011766,125.42,124.48,-0.002096
47.067,0.010594,117.86,25.903,0.0041079
145.17,0.0041028,51.922,40.653,0.0059463
55.802,-0.0031041,125.49,122.37,-0.0074943
106.83,-0.0037009,30.414,103.46,-0.00679
144.79,0.0091904,75.406,129.86,-0.0014458
105.33,0.022443,87.076,72.028,-0.0004861
90.389,0.0039193,110.11,46.419,0.0015322
94.116,0.0024641,90.049,59.763,0.0027423
84.792,0.013799,128.44,124.36,-0.0026565
82.552,-0.0066766,75.43,37.279,-0.010882
115.6,-0.0003275,26.936,173.28,0.0096583
49.247,-0.0025052,99.949,88.422,0.0090914
106.22,-0.0071488,108.68,104.38,-0.0029238
121.58,-0.001331,129.25,103.02,0.006916
111.41,-0.0017642,34.153,40.264,-1.8155e-06
69.647,-0.0071615,79.739,37.548,-0.0039506
144.65,0.0026922,143.83,114.21,-0.0039633
87.645,-0.0081635,59.21,102.1,0.0042671
0.68078,0.007979,150.51,73.361,0.0020197
85.386,-0.0035796,73.763,129.87,0.00031925
115.5,0.0063604,64.58,43.681,0.00163
94.168,0.0013803,103.12,101.92,0.011638
113.99,0.0012318,134.6,30.568,0.0059101
71.601,0.018637,113.63,47.5,0.0030523
76.064,-0.0080976,90.351,93.499,-0.011508
142.53,-0.0019202,107.59,-9.9579,-0.0021016
138.91,0.012071,82.129,55.525,-0.0050384
33.515,-0.0064577,48.293,72.207,0.0018402
28.312,0.0040165,92.423,1.3784,0.0012729
-8.6289,-0.0050479,39.478,123.85,-0.00072621
118.91,-0.007714,91.681,73.667,-0.0081227
71.638,0.0032507,50.467,57.604,0.010304
41.004,0.0043455,105.5,137.15,0.0082217
49.729,-0.00094153,35.304,83.556,-0.0028379
98.418,0.02292,60.753,41.526,-0.0048919
110.88,-0.002381,124,75.156,0.00035562
98.389,-0.0021625,88.649,97.885,-0.0055558
56.303,-0.00074862,143.88,53.96,-0.00018998
105.15,0.0051478,102.9,100.34,-0.00088866
48.491,0.0028418,111.05,46.374,-0.0029257
71.128,-0.0074086,88.335,107.62,0.00051095
166.99,-0.0059715,50.593,66.804,-0.0031163
94.366,0.020429,101.86,4.1958,0.009565
66.809,0.00035777,149.29,49.094,0.0067912
65.39,-0.018292,25.068,100.08,0.015958
19.674,0.016117,74.659,67.45,-0.0059865
137.75,0.0032663,104.65,59.596,-0.0035291
104.6,-0.0041847,122.28,102.65,0.0069155
51.686,-0.0084314,89.894,53.121,0.0085636
114.04,0.0021094,50.755,42.088,0.0096719
85.81,-0.0016382,150.57,20.951,0.00913
63.824,-0.0078698,101.29,109.02,-0.0048666
-29.968,-0.022554,105.76,104.09,0.0075896
132.78,-0.0046279,89.361,45.372,-0.0039764
75.368,0.005965,101.1,72.658,-0.00040422
25.025,0.0077322,161.83,67.937,-0.012928
73.28,0.00013564,17.106,109.79,0.004449
102.76,-0.0062037,54.117,55.287,0.0056663
154.12,-0.003539,87.963,54.591,-0.011269
22.404,-0.0058877,53.944,58.64,-0.0057562
26.042,-0.002311,23.552,53.9,-0.0066243
88.478,-0.0017748,87.107,89.35,0.012101
35.028,-0.0032289,120.04,-4.2705,0.01105
74.101,-0.011544,101.43,0.24873,0.0063802
124.9,-0.024375,71.57,81.818,-0.0010525
155.41,-0.01136,52.165,66.818,0.0047151
97.984,0.01107,60.994,50.009,-0.0035286
107.94,-0.021922,69.434,74.378,-0.00020759
101.49,0.007332,165.88,112.75,0.0023671
123.07,-0.002574,127.22,113.65,-0.013564
48.153,-0.0017785,101.29,41.868,-0.00267
16.672,-0.013368,97.336,42.499,0.0031839
112.7,0.00091238,161.4,95.009,0.0053961
137.7,0.0016739,68.28,83.985,-0.0027249
76.671,0.0023422,86.399,-4.4108,0.0075101
60.611,0.0047639,162.04,29.25,-0.001779
131.55,0.0069116,49.32,84.975,0.0032484
59.909,-0.0068783,84.742,128.56,0.0081459
75.701,0.003695,125.83,107.21,0.0047221
148.59,-0.0039394,97.323,55.407,0.00079204
116.24,-0.013979,115,140.85,0.014997
107.46,-0.0008127,102.81,98.333,-0.00094367
64.835,-0.00083425,55.662,83,-0.0069544
160.08,-0.0084921,114.26,17.44,-8.2293e-05
94.002,0.015398,105.62,69.898,-0.009653
175.83,-0.00010265,98.522,62.934,-0.00082036
114.98,0.0035045,68.89,88.047,-0.0011226
151.39,-0.00055718,98.162,45.823,0.0020609
145.06,0.0094873,113.59,72.247,0.0018844
91.327,0.015871,38.773,-30.632,0.0051082
58.789,0.0052509,68.052,182.8,-0.006396
98.792,-0.00069063,72.563,58.925,0.012177
103.2,-0.019417,144.38,88.807,0.0014619
144.17,0.0044728,41.483,96.634,-0.00075833
65.652,0.0034016,77.67,41.884,0.0015509
43.432,-0.003177,76.716,134.93,0.0024634
85.856,-0.01585,51.471,82.193,0.0019309
116.9,-0.011967,85.157,101.84,0.0036836
68.519,-0.011142,33.777,1.8059,-0.0026508
115.22,2.401e-05,103.41,48.874,0.01421
88.509,-0.0019664,103.28,62.765,-0.0019592
64.66,-0.0038287,60.64,-13.393,0.0072158
34.414,-0.015174,103.94,41.233,0.012693
102.7,0.0010854,92.897,85.679,-0.009282
140.4,0.011371,103.46,89.734,-0.004752
123.55,-0.0061138,61.699,102.53,0.0087175
138.19,0.016159,141.37,72.728,0.0051781
82.2,0.016647,64.444,77.846,-0.0011776
69.818,0.017012,110.12,131.73,-0.00091626
82.505,0.0080005,97.203,68.778,-0.0041052
74.745,-0.003141,24.148,59.629,-0.0016227
63.288,0.0073621,128.04,2.0938,-0.0032908
128.4,0.011325,19.724,65.118,0.0059809
59.499,0.00060202,29.693,65.724,-0.0051618
74.303,0.013974,71.215,68.84,0.0057106
115.88,-0.011732,155.38,-22.143,-0.0038206
121.02,-0.0012767,146.67,97.173,0.00016172
15.811,0.0085671,91.603,63.462,0.0053801
125.08,0.0029159,118.5,134.33,-0.014314
73.743,0.0013472,56.863,38.877,-0.0022268
84.043,-0.0050203,43.251,84.131,0.003936
78.747,0.010666,146.1,93.288,-0.013493
117.4,-0.0050932,76.883,36.073,-0.012328
109.45,-0.016085,119.13,78.739,0.0020223
109.84,-0.011061,155.34,129.62,0.00059098
174.02,-0.0010328,77.625,102.02,-0.00012485
33.084,0.00048747,7.2698,143.8,-0.0030872
94.315,-0.0091872,102.05,123.98,0.0011016
128.11,-0.0049455,66.116,37.156,-0.0043523
112.68,-0.0055933,98.412,67.827,-0.0012242
149.22,-0.0036954,132.63,63.561,-0.016902
141.75,0.010019,109.54,52.714,-0.016788
-24.365,-0.012295,63.723,-26.651,-0.01294
116.52,-0.014256,113.88,68.255,-0.0034772
-6.5523,-0.0053707,101.21,35.2,-0.011613
49.501,-0.0071664,131.2,117.21,-0.0039005
58.659,0.00237,111.02,89.68,0.014737
-5.0803,0.011902,110.62,158.56,-0.016794
111.28,-0.0049117,110.24,33.703,0.01051
39.201,0.0076215,85.262,47.015,5.2836e-05
95.563,0.021354,113.2,50.717,0.0012199
142.56,-0.012046,77.241,-26.58,-0.0036866
111.44,0.00060852,105.69,65.526,-0.011235
88.607,-0.00067697,10.541,88.437,-0.0048242
85.206,0.010854,97.612,76.42,-0.0021027
101.36,0.0099821,146.12,134.11,0.0045046
142.93,-0.0032129,52.956,27.925,-0.0037436
84.405,0.00041535,73.681,-25.277,0.00088025
112.63,-0.00098389,94.001,158.82,0.01105
86.999,-0.013361,123.19,24.085,0.0087185
53.369,0.0069663,13.055,93.025,-0.0061516
160.82,-0.024533,56.402,41.169,0.0049559
33.079,-0.0022083,63.703,40.228,-0.0095507
59.898,0.0061831,116.03,57.442,0.008837
64.265,-0.0025182,116.18,-32.453,-0.0054968
58.463,-0.0048185,103.28,94.132,-0.0017668
107.97,-0.0054997,54.386,32.008,0.0067268
94.832,0.0048778,90.491,92.108,0.0026588
113.14,0.0051121,27.332,128.08,0.00081335
133.1,0.0014176,13.911,8.8617,-0.0022316
117.08,-0.0046251,46.352,125.74,-0.0072862
42.281,0.0017197,114.85,102.4,-0.0022192
110.78,-0.0039498,90.14,43.832,-0.0011271
132.61,-0.0052646,94.253,89.862,0.0044959
148.78,-0.010322,100.39,38.405,0.0059534
71.261,0.012768,56.56,13.683,0.0044853
78.025,0.0075141,123.73,67.683,0.0054677
117.93,-0.0028484,81.9,102.31,0.012658
121.77,0.0099658,159.1,26.693,-0.001409
89.56,-0.010605,83.992,52.306,-0.0071415
86.565,-0.0093244,59.019,53.544,0.0065206
105,0.00044002,38.45,114.11,-0.0017802
113.75,-0.015538,115.7,75.28,-0.0041719
126.91,0.023475,127.62,48.032,0.014458
130.17,0.0016876,140.93,73.936,0.0076189
183.26,0.0020024,166.53,63.307,0.0028123
55.953,-0.010784,59.779,49.025,0.003494
132.13,-0.0020975,64.935,135,-0.00023239
62.042,-0.012567,71.094,104.89,-0.0021226
96.113,0.017024,98.125,90.649,-0.0047778
168.9,-0.0060056,133.64,104.17,0.011187
96.938,0.0063791,23.19,91.373,0.0033766
145.91,-0.00079674,104.72,100.24,-0.011102
94.899,0.0065226,57.006,70.142,-0.0020286
61.419,-0.013474,89.4,-31.75,0.0037451
94.025,-0.0043054,74.119,125.23,-0.002948
18.376,-0.0098555,63.203,128.8,-0.00065971
94.121,-0.0082234,37.201,58.285,0.0047062
82.342,-0.0079616,45.15,101.48,-0.0056527
110.6,0.0074578,73.366,117.72,-0.0041835
49.839,-0.0058549,86.537,11.931,0.013818
53.314,0.009291,74.828,81.653,0.0029163
155.95,0.0047345,60.548,20.255,0.0093999
69.012,-0.00043197,24.733,153.54,-0.015084
18.478,0.0075604,49.281,110.01,-0.0026346
102.03,0.0024519,73.825,45.709,-0.0044765
-15.871,0.0022744,6.6368,112.83,0.0033278
69.932,0.0037452,109.37,87.216,0.0032826
51.478,0.0074439,118.33,86.285,-0.0015403
78.746,0.023018,106.22,71.647,0.0040531
99.203,-0.011911,133.94,100.4,-0.00071639
35.964,0.0058063,100.14,80.189,0.00028778
-20.172,-0.0013429,79.879,90.641,0.010205
77.084,0.0058154,27.087,76.641,0.0053912
76.188,-0.0052358,149.14,60.32,0.0032091
76.953,-0.0080618,64.248,36.873,0.0081633
118.13,-0.010102,111.39,110.83,0.0018997
126.14,-0.00079068,64.269,63.025,-0.00098953
109.66,0.005631,101.12,116.63,-0.0032943
83.955,-0.0059245,73.667,40.995,0.0023587
97.1,0.0034088,57.106,29.255,0.003312
146.86,0.013093,83.964,71.926,-0.0038269
91.483,0.014016,121.48,107.1,0.0042687
116.34,0.012076,83.678,76.643,0.00517
120.5,0.00052481,49.395,49.312,0.0025532
97.739,-0.0030965,125.29,128.11,0.0071314
100.08,0.0076237,87.491,110.93,-0.0004335
110.74,0.005964,110.74,93.001,-0.0041928
128.75,0.0060531,160.03,64.18,0.0045917
128.45,-0.0019949,84.119,-15.814,0.0077724
50.723,-0.0055607,25.472,98.546,0.012728
36.335,0.0026967,114.56,-3.4005,0.00032777
135.4,0.0010542,107.12,47.238,-0.0077473
61.546,0.0011116,24.684,128.58,-0.0076516
142.26,0.0092771,89.821,26.354,0.0032142
52.778,0.006085,85.04,96.349,-0.002479
69.234,0.0085934,52.879,55.317,0.00044561
82.839,-0.004543,109.39,11.982,0.0055621
76.833,0.0092135,76.945,7.5829,0.0026761
104.04,0.0179,129.19,19.72,0.0011042
122.97,-0.012031,49.423,36.559,0.0064019
49.978,0.0094921,150.94,72.842,-0.0026773
107.89,-0.0031196,149.17,59.035,-0.015117
119.24,-0.020841,3.6743,52.758,0.012235
176.61,-0.0032639,39.776,1.7757,0.012386
65.861,-0.0030503,47.23,111.73,0.00048017
173.55,-0.0068152,106.5,45.93,0.00089974
122.12,-0.00033571,146.63,65.164,-0.0025426
96.735,0.015536,114.32,110.38,0.0051925
136.41,-0.014127,96.899,35.142,-0.007943
109.37,-0.010371,1.5052,5.5107,-0.0035423
101.91,0.0035563,50.227,30.686,-0.0092607
95.088,0.0043675,162.18,113.42,-0.0098366
97.72,-0.0060299,63.536,81.722,-0.0081184
-5.7667,0.011276,46.722,43.945,-0.0017562
139.33,0.020709,102.03,105.26,0.0012618
135.11,-0.016226,48.032,107.36,-0.0050013
156.3,-0.0039544,92.498,120.66,0.00080949
57.372,0.0007169,90.416,60.688,-0.0070586
68.491,-0.0028549,80.851,109.54,-0.011491
118.13,0.014673,64.55,6.5437,-0.008539
77.629,-0.0064117,96.581,-7.8457,0.0049276
99.938,0.0069488,114.72,39.048,0.011358
70.824,-0.010359,77.34,60.009,0.0050175
96.398,0.0040264,93.714,21.883,-0.0063675
136.41,-0.006435,121.37,137.76,-0.0053348
138.12,0.0042517,96.192,40.493,-0.0083546
74.765,0.0013282,81.887,37.58,-0.0081829
105.44,0.0076344,129.79,17.266,-0.0076126
116.99,0.011842,95.966,82.561,-0.0011678
72.481,0.0022299,86.271,29.669,0.0033893
87.72,-0.014402,119.2,64.213,0.0081739
40.408,-0.0032252,95.244,119.12,0.0026255
107.19,-0.011034,60.325,8.8305,-0.0058492
52.025,0.011745,69.717,38.071,8.5428e-05
171.22,-0.0053057,68.918,81.247,-0.00066805
97.596,0.011806,137.87,132.53,0.00014042
71.824,-0.0026025,-8.147,73.188,-0.008559
138.08,-0.012326,113.55,96.564,-0.0016865
55.783,-0.0058894,111.36,54.342,-0.0031303
109.69,0.004085,92.44,143.6,-0.0041819
162.68,0.0027053,43.194,157.13,0.010835
62.548,0.0012614,67.27,-6.7905,0.0076526
53.182,-0.0040107,104.11,71.604,0.0058952
92.61,0.0015295,80.693,83.537,0.0026471
55.539,-0.01506,134.25,86.955,0.0044745
77.681,-0.01713,166.18,149.75,0.0070469
61.732,0.0017515,86.01,45.23,-0.005634
75.194,-0.017252,54.248,85.299,-0.0072198
129.77,-0.0074007,120.49,129.69,0.0029291
46.045,0.0021995,167.15,75.697,-0.0048586
22.885,-0.0012517,123.34,76.536,0.0050998
55.701,0.0048737,92.57,59.729,0.012824
63.575,-0.0042868,148.92,64.512,0.0046615
86.399,-0.0070679,107.87,74.85,-0.0044484
83.404,-0.0037854,70.355,133.51,0.00059385
105.9,0.005386,82.995,15.901,0.0024753
71.596,0.010915,85.069,75.335,-0.0029318
103.71,-0.00161,74.807,96.346,0.0073502
105.39,0.0014815,152.54,81.812,-0.00071186
57.796,0.010875,87.622,33.886,-0.0051866
96.382,0.0071997,128.75,169.01,0.0067924
134.05,-0.025436,93.471,48.272,-0.0081605
89.867,0.0063536,79.274,103.2,0.0070224
97.766,-0.0041488,79.337,105.11,-0.0046292
73.402,-0.0091404,114.14,105.43,0.0043823
53.706,-0.015511,65.995,10.276,0.0055063
29.527,0.0023158,52.932,99.869,0.0041228
106.39,-0.0035813,126.2,38.324,0.0026203
87.066,-0.0022111,113.38,114.52,0.0032689
93.393,0.0069254,165.65,59.736,-0.0044443
106.8,0.0052979,98.794,9.4637,-0.001086
124.22,-0.0029011,23.752,35.334,0.011038
61.609,-0.0054155,31.66,116.51,-0.0085661
52.597,0.0012205,69.642,78.371,0.014707
28.914,0.0010082,116.96,51.009,0.0083328
63.346,0.0057768,105.86,72.046,0.0056041
59.791,0.0017356,78.892,108.05,-0.00093702
-1.1673,-0.0053457,52.586,49.282,0.0063247
77.381,0.0013292,118.36,53.677,-0.009777
59.544,0.0089942,82.642,28.796,0.0069974
31.489,-0.0099851,10.419,95.95,0.0044951
162.62,0.009036,47.63,52.012,0.011062
-5.8885,0.012801,83.604,174.24,-1.3912e-05
82.88,0.0082861,77.38,130.59,0.00073683
128.94,-0.020438,48.792,111.69,0.0040251
159.92,-0.0097041,65.234,94.64,-0.015311
90.428,0.011095,88.679,81.168,-0.0093132
65.803,-0.0022832,86.558,49.566,0.0041043
132.28,0.01692,101.93,45.634,-0.0088343
122.68,-0.018256,101.99,86.966,0.0032243
138.14,0.008074,67.027,87.062,0.0018241
120.96,-0.00049142,43.017,68.225,-0.003418
127.72,-0.0067004,65.449,52.604,-0.0048118
79.277,-0.010479,107.78,64.066,-0.0024307
30.142,0.0068204,102.37,93.679,-0.009392
59.461,0.00098116,112.63,41.456,-0.0089574
65.503,-0.0094887,108.89,171.82,0.014461
131.67,-0.010472,13.284,52.417,0.003127
84.117,0.0057968,135.97,84.461,0.0023599
124.2,0.013225,77.372,78.998,-0.003305
113.95,-0.00085629,115.23,116.03,0.013308
91.139,-0.0012533,91.07,67.466,0.0070199
96.502,0.012042,-2.6845,116.06,0.0043339
85.039,-0.020002,39.757,60.964,4.0202e-05
89.557,0.0026235,15.209,90.339,0.010403
81.779,-0.0071418,90.969,29.732,0.005173
23.14,0.0036104,83.856,67.665,0.00076942
118.45,-0.0099629,91.391,92.235,5.8948e-05
58.304,0.015035,97.411,87.696,0.0022828
52.017,0.0010191,66.181,80.921,-0.0057607
14.962,0.00017559,51.487,45.762,0.0109
56.17,0.0027334,149.12,72.32,-0.0070111
120.76,0.0018245,48.742,74.74,0.010272
71.439,-0.0053737,33.076,142.89,-0.005523
75.151,0.0070608,73.295,79.518,0.0013792
79.41,0.0027756,80.155,56.365,-0.00050323
60.361,-0.0053351,-19.964,79.154,0.010379
71.564,0.007496,60.115,105.16,-0.011424
45.512,0.0077578,81.879,50.929,0.0079621
143.18,-0.0043311,123.47,110.43,-0.0054886
91.281,-0.01175,-25.385,103.53,0.0013339
74.591,-0.0078743,58.814,61.913,0.007781
107.42,-0.0032512,105.18,98.358,0.0034706
160.45,-0.0074746,103.02,11.328,-0.004055
109.26,0.00093537,115.3,2.5652,0.0057635
125.73,0.0039073,129.42,-4.2595,0.00015287
110.99,0.0062697,53.588,77.182,-0.0010572
62.906,-0.012208,9.2505,91.202,0.012654
55.079,-0.0095618,101.39,107.89,-0.0064044
63.334,-0.0093641,78.331,107.8,-0.0038522
61.181,0.0063523,46.753,74.022,0.011897
63.24,-0.0066804,114.3,70.339,0.007274
121.84,-0.0084998,97.537,45.428,0.0086128
111.85,-0.0085363,85.003,141.26,-0.0055775
102.05,-0.010643,130.11,37.469,-0.004693
86.648,0.01137,70.398,86.239,-0.0086629
50.729,0.0083867,114.84,90.343,-0.01257
125.2,-0.0072787,86.184,62.058,0.0053409
109.05,-0.007251,121.3,100.86,0.00089542
126.69,0.0014313,71.515,121.86,0.00010885
142.13,-0.0069085,85.761,45.597,0.0017992
41.922,0.011386,18.069,41.471,-0.004681
115.57,-0.012765,77.719,146.87,-0.0088618
63.489,-0.028103,112.61,46.616,-0.0039959
59.669,-0.014141,62.645,55.215,0.0065095
56.412,0.0036129,92.102,85.026,-0.015094
91.207,0.011331,4.5359,56.447,-0.0069136
41.122,-0.0027161,92.176,128.34,0.0032347
69.716,0.0036119,76.322,69.473,0.0072102
81.41,0.00884,106.04,109.72,-0.0027241
54.507,0.0014344,137.92,-28.078,0.0020035
65.32,-0.00070369,97.217,52.287,0.005848
68.025,0.0022115,142.28,11.403,-0.011551
163.56,0.0059148,41.111,127.07,-0.0030714
55.1,-0.0027703,40.409,1.6839,-0.012522
107.04,0.0063494,41.572,51.66,-0.0042321
40.516,-0.0029023,61.61,-3.3227,0.0038642
157.4,-0.0019902,124.29,58.196,-0.0010861
56.617,-0.0098028,48.949,61.571,0.00056367
62.317,-0.0043671,134.82,99.111,-0.002688
115.12,-0.011679,49.869,80.219,-0.002192
72.136,0.002679,63.283,23.397,0.0013582
45.862,0.0011381,127.97,105.93,-0.0036637
73.165,-0.000712,124.12,84.961,0.0063735
107.71,-0.0091481,89.642,66.879,0.011149
88.614,0.0030775,78.299,83.449,-0.0059934
68.849,0.0084411,58.566,76.79,0.0029688
59.457,-0.013739,65.097,14.191,-0.01502
67.426,0.0092399,101.33,89.636,-0.009465
28.837,0.0055651,137.71,89.982,-0.00079451
43.237,-0.0041073,160.5,96.596,-0.0032365
128.27,-0.0025798,42.637,83.442,0.0065436
113.5,0.0054162,110.1,89.659,-0.011368
141.98,-0.0075854,83.782,116.85,7.6713e-05
81.288,0.0069746,126.56,14.815,0.0089345
139.34,-0.00044789,125.64,66.626,0.010419
119.32,-0.011532,75.823,17.804,0.0083355
70.909,-0.002738,123.1,104.1,-0.011671
78.938,0.01376,97.612,34.824,0.0087587
70.334,0.0016412,119.93,5.3447,0.0011806
92.358,0.015654,100.54,31.957,-0.009287
173.7,0.0034425,84.026,103.69,-0.0082639
69.521,0.0035792,148.85,134.01,-0.0098508
85.303,0.0076266,161.92,56.452,0.00052298
91.572,-0.0031545,133.91,36.479,-0.0026873
91.87,0.017356,87.975,176.86,0.0050457
54.756,0.019393,87.348,-31.921,0.0093357
79.232,-0.0015058,78.795,0.06865,-0.023296
79.721,-0.0087622,107.58,86.94,-0.00059032
30.859,0.0056095,42.578,99.946,0.0058673
63.936,0.0067088,44.613,23.251,0.0010963
30.64,-0.002459,51.378,120.31,0.010352
114.21,-0.011765,50.719,101.18,0.0045827
76.067,0.0081006,86.513,36.804,0.0019294
50.613,-0.0039899,110.1,26.392,-0.00245
86.078,0.0047987,50.138,25.965,0.0035395
72.979,0.0028299,58.789,171.85,0.010109
62.867,0.01688,70.345,133.2,-0.0028185
67.424,0.01501,62.778,57.546,0.00056044
67.473,0.00022779,121.61,-18.083,-0.0048665
62.499,-0.013043,95.525,44.35,0.006756
73.945,-0.0052255,113.33,123.83,-0.0073036
123,0.013336,106.86,46.552,0.010755
69.974,0.0029392,48.946,104.74,0.010888
140.24,0.0061337,102.79,78.309,0.010406
107.6,-0.014232,142.35,22.376,-0.0061127
188.3,-0.0015627,54.583,-8.0487,-0.0057526
45.616,0.010168,90.529,112.3,-0.0050443
79.642,0.0016673,145.34,73.681,0.0018751
105.33,0.015267,102.39,106.71,-0.0021441
130.52,-0.0012118,56.892,141.83,0.0040052
70.748,-0.0068596,69.178,84.317,-0.00098669
75.518,0.0098031,50.304,64.573,0.0009198
92.159,-0.0078074,96.325,91.263,0.0062147
8.3565,0.0019458,135.76,52.055,-0.0055176
139.27,0.0063353,74.813,98.853,-0.0036571
124.14,-0.0023982,61.049,52.176,-0.00075412
98.255,-0.0018931,147.35,119.4,0.0029894
27.737,0.004386,53.545,49.36,-0.0041469
106.36,-0.0069149,114.33,26.451,-0.0035247
78.223,-0.0050652,97.143,68.477,0.007162
108.17,0.00073364,94.251,56.243,-0.00032416
185.55,0.00054038,93.733,129.69,-0.004332
151.81,0.0069078,64.298,81.097,0.0094337
102.98,-0.010388,122.07,58.714,0.0084801
116.13,-0.0058671,76.689,106.6,-0.0060581
43.065,0.01461,63.131,123.64,0.014374
125.34,-0.0062228,67.217,16.093,-0.0050119
3.0264,-0.0032808,113.28,97.754,-0.00014129
98.212,-0.0023977,45.184,124.76,-0.00036218
103.55,-0.0032899,152.78,104.21,-0.0037941
80.553,-0.010976,47.165,43.659,-0.0010258
29.035,-0.0099314,64.381,50.655,0.0032315
94.547,-0.012362,106.47,71.791,-0.0048574
41.875,0.0033473,109.35,160.58,0.0046436
104.81,-0.0063115,100.71,64.771,0.0038169
52.578,-0.0039731,133.47,29.257,-0.0044867
74.177,0.002302,59.146,27.867,0.0077358
33.898,0.00049935,76.091,64.588,0.005005
40.963,0.012974,71.221,111.53,0.00038966
161.46,-0.007434,72.717,115.57,-0.0058575
107.13,-0.005208,95.003,42.768,-0.0020833
96.196,-0.0045667,102.79,122.46,-0.0067813
0.13104,-0.0093165,48.056,96.734,-0.0030143
126.33,-0.0021927,149.73,92.089,0.0042069
97.253,-0.013527,123.06,-8.3595,6.1514e-05
105.96,0.0022493,56.613,47.305,0.0064705
172.16,-0.012345,80.871,56.869,0.0028679
100.71,-0.0019541,41.506,51.64,0.0033369
103.34,-0.0022414,127.27,107.38,-0.014201
117.74,0.00051646,134.21,89.014,-0.0035852
138.8,-0.00073394,78.221,87.803,0.011489
93.412,0.0040154,85.354,63.185,0.0077603
75.987,-0.0033044,91.587,59.798,-0.002073
57.783,0.010842,34.468,48.072,0.0050395
98.461,0.0020829,64.413,102.44,-0.0042033
93.748,-0.01207,60.164,110.59,0.0063993
63.682,-0.0017214,85.729,92.216,-0.0075068
133.42,-0.0097403,128.14,98.476,0.008598
147.85,-0.014077,115.66,78.479,0.0023767
42.13,-0.0022484,62.058,-23.38,-0.0039781
94.004,0.0024121,64.716,82.329,0.0014635
88.853,0.0037052,75.886,127.04,0.0025049
92.068,-0.019121,-12.114,37.053,0.00031622
102.66,-0.0014471,42.891,32.303,-0.0031706
86.28,0.0027355,60.402,64.82,-0.0092033
75.864,-0.011696,137.55,26.398,-0.0026221
3.043,0.01002,92.736,15.878,-0.0070447
72.162,0.003411,23.814,40.97,-0.0022954
76.963,-0.00070144,65.84,25.242,-0.013087
100.15,-0.0055104,-44.665,90.043,0.0041561
108.95,0.0032148,112.02,123.36,-0.0075616
91.97,0.002702,84.833,68.009,0.00013948
54.865,-0.015452,102.63,127.2,0.0069879
69.499,0.014688,4.4113,76.829,0.0062489
119.18,0.0051274,22.158,105.73,-0.0048908
53.686,-0.0075765,149.41,98.418,-0.011139
115.79,-0.0033103,161.14,95.25,0.002859
106.45,0.0081906,112.34,63.2,-0.0038941
110.05,-0.00050149,120.33,131.85,-0.0026014
-23.623,-0.0035402,77.566,52.107,0.0041576
88.179,0.0046388,136.63,15.425,-0.010273
86.32,0.015998,68.968,116.74,-0.0014943
73.685,0.013763,86.947,64.446,0.0093202
116.09,-0.012615,58.002,65.44,-8.0188e-05
119.03,0.0030947,65.732,147.93,0.0033506
108.95,-0.00031229,89.524,66.161,-0.00036344
76.933,-0.0049983,81.337,71.435,-0.0083078
188.13,0.018391,67.497,75.688,-0.00081845
87.926,-0.0091999,64.222,48.763,0.0025151
149,-0.011161,74.319,73.558,-0.0038991
110.56,-0.0052495,72.142,133.02,-0.014254
125.54,-0.0078255,132.69,120.16,0.011094
119.95,0.013311,146.48,-10.939,0.0052587
131.19,0.015577,96.558,45.292,0.0078821
125.34,0.0084676,116.57,105.58,0.013913
126.39,0.000622,112.62,-44.321,-0.0057301
139.9,0.0072415,49.711,85.108,-0.0072264
117.6,-0.011525,71.071,90.13,-0.00096629
71.204,0.024136,85.601,103.15,-0.00072595
48.892,0.0039291,85.084,79.799,0.0057534
108.69,0.0055816,119.16,65.132,0.0040112
103.51,0.0096155,63.633,51.01,0.0067903
79.434,0.0036898,30.395,90.822,-0.0019775
134.37,-0.0030616,132.51,36.164,-0.0087328
58.599,-0.0034039,-23.962,66.861,0.0071767
26.906,-0.0015839,105.57,69.193,-0.0019896
90.217,-0.0034098,60.343,12.407,-0.0026012
94.045,-0.0013971,2.349,58.68,0.0085583
75.071,0.0033633,92.015,80.435,0.0066022
58.535,-0.0054209,77.575,123.28,0.001432
75.659,-0.0098206,133.11,76.242,0.0070949
57.507,-0.013215,105.62,78.353,-0.003237
96.043,0.0036308,83.86,99.936,0.0081095
57.197,0.0039143,159.13,13.086,-0.0065007
92.295,0.0048692,50.084,40.158,-0.0082618
72.185,-0.011643,146.19,94.25,-0.01652
37.412,0.0015815,84.73,182.33,0.012729
74.277,0.00014945,31.21,136.36,0.0050251
136.04,0.014241,78.919,45.775,0.0017545
54.829,0.022025,54.402,70.054,0.0022959
154.1,0.0047196,71.095,59.702,-0.00060712
58.814,-0.0067404,61.504,74.156,0.0094628
87.671,0.0025301,53.703,59.648,0.0062993
72.961,0.00060859,43.063,66.112,-0.0029734
140.6,-0.012288,103.04,45.874,-0.01154
33.773,0.0069671,99.35,157.5,0.0040921
93.328,0.011931,79.745,137.49,-0.0024674
80.096,-0.0040772,73.888,90.146,-0.0081419
122.28,0.0038041,73.934,27.274,-0.0011377
145.08,0.0030707,93.94,62.991,-0.008548
43.749,-0.0048347,60.626,37.347,-0.0047166
81.083,0.0026406,161,160.62,-3.4121e-05
55.505,-0.0022107,17.842,105.09,0.0026554
161.89,0.0072582,87.232,82.595,-0.00081407
57.304,-0.0079084,61.984,111.62,0.0036443
104.88,-0.0062018,125.21,43.815,-0.0098941
105.99,0.00032984,118.2,48.582,-0.0032409
70.091,0.0039476,117.6,26.851,-0.012995
118.27,-0.0066071,68.364,39.639,-0.0039539
1.3905,-0.0063231,76.565,72.278,-0.0088815
8.5478,-0.012126,117.06,157.51,-0.0058239
37.778,-0.019576,143.87,30.819,0.0094052
114.16,-0.0017083,92.866,143.99,0.0016958
129.91,0.0058186,124.1,73.01,0.0050616
57.327,-0.0022034,77.724,91.265,-0.00056411
120.15,0.0025613,43.297,158.77,0.0058437
117.33,-0.019006,121.77,66.426,-0.005865
124.79,-0.003794,70.795,41.683,0.0015592
101.72,0.0033029,110.97,30.711,-0.0034949
95.071,-0.00086782,60.174,80.859,-0.012129
74.901,0.003242,55.146,105.04,-0.0050745
119.49,-0.0064766,164.79,109.96,0.0071082
113.83,0.0049533,96.291,88.628,-0.0027126
31.862,-0.0037964,58.908,79.986,-0.00099655
95.843,-0.00043531,121.58,42.05,-0.0012226
105.64,0.0099741,110.6,82.884,0.002761
89.787,0.0067081,134.11,28.279,-0.0086598
84.751,0.0037143,37.146,68.347,-0.0028377
75.696,0.0024198,117.4,37.719,-0.0010569
15.13,-0.012433,-4.2994,51.449,-0.0030815
106.16,0.0046658,12.342,80.967,-0.007832
95.504,-0.0047133,43.976,118.48,0.0051417
96.36,-0.0038046,124.57,35.991,0.001538
95.059,-0.00028316,81.783,-19.011,0.024251
104.03,-0.0041544,-8.1253,69.511,-0.0088616
102.43,0.011355,183.12,52.283,-0.0028476
131.94,0.00012956,126.28,46.945,-0.0062661
61.925,-0.016527,95.363,60.699,-0.0062625
157.96,-0.012852,122.62,70.617,-0.0059878
97.067,0.0016043,-3.0301,105.02,-0.00048413
89.017,-0.0029638,158.37,23.839,0.013578
91.676,0.0078799,81.619,143.95,-0.0044037
87.128,0.00078608,82.755,76.212,-0.0075704
107.37,-0.00014471,104.94,117.67,-0.0023831
144.27,-0.0070221,51.087,127.31,-0.0079896
115.55,-0.0078522,116.17,51.97,-0.010762
133.53,-0.010078,44.87,61.933,0.0038422
136.38,-0.0051738,59.357,35.73,0.0076485
111.83,0.0032232,113.46,72.649,-0.004604
107.21,0.0051531,143.54,20.639,0.0036305
113.99,0.0089005,103.29,110.97,-0.0028228
83.56,0.0062041,110.61,34.256,9.4711e-05
124.52,-0.0001469,76.43,128,0.0013465
76.986,0.0080971,129.47,51.012,-0.0091736
86.38,0.015699,94.556,-5.5522,0.0035319
63.755,0.0014078,105.04,40.755,-0.0027986
119.64,0.0015401,47.74,67.679,-0.011389
125.6,0.0045934,103.31,12.334,0.0038586
140,0.0061789,107.04,122.44,0.0030446
122.54,-0.010955,1.6885,51.733,-0.0099488
