150,0.0080419,148.39,65.835,0.0097571
149.68,0.0082907,148.03,66.925,0.010071
149.3,0.0085413,147.61,68.009,0.010387
148.86,0.0087936,147.13,69.088,0.010704
148.38,0.0090455,146.62,70.149,0.01102
147.78,0.0093465,145.96,71.394,0.011396
147.16,0.009638,145.31,72.574,0.011759
146.53,0.0099242,144.63,73.713,0.012116
145.83,0.01022,143.89,74.873,0.012482
145.09,0.010509,143.11,76,0.01284
144.16,0.010851,142.12,77.315,0.013259
142.96,0.011268,140.87,78.895,0.01377
141.47,0.011785,139.31,80.798,0.0144
139.73,0.012388,137.49,82.935,0.015132
137.71,0.013108,135.38,85.374,0.016004
135.45,0.013947,133,88.071,0.017019
132.99,0.014901,130.42,90.962,0.018169
130.25,0.01602,127.55,94.145,0.019514
127.45,0.017233,124.61,97.37,0.020966
124.66,0.018517,121.67,100.56,0.022499
121.92,0.019852,118.79,103.68,0.024089
118.44,0.021659,115.11,107.6,0.026229
115.1,0.023511,111.59,111.33,0.028411
111.92,0.025388,108.23,114.85,0.03061
108.92,0.027263,105.05,118.15,0.032794
106.31,0.028969,102.29,120.98,0.034768
103.89,0.030611,99.734,123.59,0.036657
101.67,0.032167,97.385,125.96,0.038435
99.629,0.03363,95.23,128.11,0.040095
97.748,0.035005,93.246,130.07,0.041644
96.006,0.036297,91.41,131.87,0.043089
94.4,0.037498,89.72,133.51,0.044422
92.949,0.03858,88.197,134.97,0.045613
91.574,0.039582,86.757,136.32,0.046702
90.452,0.040348,85.589,137.37,0.04752
89.574,0.040881,84.682,138.14,0.048071
88.885,0.041233,83.976,138.7,0.048416
88.317,0.041485,83.398,139.13,0.048652
87.782,0.041719,82.854,139.53,0.048869
87.252,0.041964,82.315,139.94,0.049099
86.741,0.042204,81.794,140.34,0.049323
86.329,0.042377,81.376,140.65,0.049479
85.979,0.042494,81.024,140.89,0.049573
85.663,0.042586,80.708,141.1,0.049639
85.303,0.042739,80.342,141.37,0.049774
84.375,0.043412,79.379,142.25,0.050472
82.546,0.045143,77.45,144.24,0.052337
79.571,0.048311,74.299,147.61,0.055763
75.587,0.052952,70.077,152.18,0.060737
72.875,0.056319,67.21,155.3,0.064303
70.071,0.059959,64.254,158.52,0.068111
67.269,0.063738,61.312,161.72,0.072007
64.535,0.067545,58.455,164.82,0.075867
61.906,0.071297,55.723,167.79,0.079602
59.394,0.07495,53.129,170.6,0.083166
57.005,0.078467,50.678,173.26,0.086522
54.749,0.081805,48.38,175.76,0.089632
53.239,0.084034,46.851,177.42,0.091661
51.809,0.086127,45.412,178.99,0.093524
50.466,0.088063,44.068,180.44,0.095206
49.214,0.089826,42.823,181.79,0.096695
48.755,0.090459,42.367,182.28,0.097218
46.37,0.08939,40.199,183.71,0.094712
44.28,0.088346,38.308,184.99,0.092354
42.446,0.0873,36.656,186.15,0.090107
40.833,0.086242,35.211,187.17,0.08795
39.465,0.085215,33.993,188.04,0.085958
38.254,0.084165,32.921,188.8,0.084023
37.185,0.083075,31.982,189.46,0.082125
36.252,0.081924,31.17,190,0.080238
35.237,0.080295,30.301,190.51,0.077758
34.433,0.078477,29.633,190.78,0.075208
33.817,0.076472,29.144,190.83,0.07258
33.351,0.074329,28.797,190.69,0.069906
33.06,0.07262,28.594,190.49,0.067834
32.805,0.07092,28.425,190.25,0.065805
32.568,0.069262,28.271,190,0.063843
32.34,0.067664,28.123,189.75,0.061958
32.118,0.066127,27.979,189.5,0.060152
31.908,0.064632,27.845,189.25,0.058407
31.719,0.06316,27.728,188.97,0.056706
31.552,0.061698,27.633,188.66,0.055038
31.419,0.060365,27.564,188.36,0.053534
31.29,0.059066,27.498,188.05,0.052075
31.144,0.057844,27.412,187.78,0.050694
30.947,0.056767,27.275,187.61,0.049443
30.689,0.055971,27.068,187.62,0.048458
30.323,0.055438,26.751,187.85,0.047692
29.821,0.055237,26.294,188.37,0.047197
29.162,0.055431,25.676,189.24,0.04702
28.36,0.056049,24.91,190.45,0.04719
27.393,0.057128,23.978,192.03,0.047722
26.271,0.058694,22.89,193.99,0.048629
25.008,0.060756,21.664,196.3,0.049914
23.593,0.063386,20.292,198.97,0.051621
22.09,0.066512,18.843,201.89,0.053701
20.537,0.070103,17.355,204.98,0.056133
18.97,0.07412,15.866,208.15,0.058897
17.424,0.078522,14.413,211.33,0.061979
15.926,0.083288,13.022,214.46,0.065383
14.498,0.088416,11.712,217.47,0.069141
13.156,0.093932,10.495,220.34,0.073309
11.989,0.099469,9.4502,222.86,0.077639
10.906,0.10547,8.4909,225.23,0.082503
9.9057,0.11202,7.6146,227.43,0.088016
8.9859,0.11923,6.8175,229.47,0.094299
8.1421,0.12715,6.0946,231.34,0.10144
7.3706,0.13583,5.4416,233.05,0.10953
6.6646,0.14518,4.8526,234.6,0.11845
6.0143,0.15485,4.3204,235.99,0.12786
5.6959,0.15981,4.0644,236.65,0.13272
5.3887,0.1646,3.8209,237.26,0.13744
5.0916,0.16912,3.5889,237.84,0.1419
4.8038,0.17328,3.3677,238.37,0.14597
4.5602,0.17653,3.1831,238.81,0.14914
4.3235,0.17939,3.0062,239.22,0.15188
4.094,0.18182,2.8369,239.61,0.15415
3.8728,0.18384,2.6756,239.97,0.156
3.721,0.18509,2.5658,240.21,0.1571
3.5741,0.18615,2.4602,240.45,0.15802
3.4322,0.18705,2.3588,240.67,0.15876
3.2958,0.18782,2.2619,240.88,0.15936
3.1655,0.18852,2.1696,241.08,0.1599
3.041,0.18911,2.0818,241.27,0.16033
2.922,0.1896,1.9981,241.45,0.16065
2.809,0.19003,1.9189,241.62,0.16093
2.7006,0.19049,1.8431,241.78,0.16124
2.598,0.19089,1.7715,241.93,0.16149
2.501,0.1912,1.7039,242.08,0.16165
2.41,0.1915,1.6407,242.22,0.16182
2.3375,0.1918,1.5903,242.32,0.16201
2.2689,0.19205,1.5427,242.43,0.16217
2.2041,0.19225,1.4978,242.52,0.16227
2.1433,0.19245,1.4557,242.61,0.16238
2.093,0.19267,1.4209,242.69,0.16252
2.0456,0.19285,1.3881,242.76,0.16263
2.0009,0.19297,1.3574,242.83,0.16269
1.9594,0.19309,1.3288,242.89,0.16275
1.9266,0.19325,1.3061,242.94,0.16286
1.8958,0.19337,1.2849,242.99,0.16293
1.8671,0.19344,1.2651,243.03,0.16296
1.8407,0.19351,1.247,243.07,0.16299
1.8171,0.19365,1.2307,243.1,0.1631
1.7956,0.19374,1.2158,243.14,0.16316
1.7759,0.19376,1.2024,243.17,0.16313
1.7588,0.19378,1.1906,243.19,0.16313
1.7474,0.19387,1.1828,243.21,0.16321
1.7374,0.19392,1.1759,243.22,0.16325
1.7286,0.19393,1.1699,243.24,0.16324
1.7214,0.19393,1.165,243.25,0.16323
1.7161,0.19398,1.1613,243.26,0.16327
1.7121,0.19401,1.1585,243.26,0.16329
1.7096,0.194,1.1568,243.26,0.16328
1.7087,0.19399,1.1562,243.27,0.16326
1.7098,0.19401,1.157,243.26,0.1633
1.7129,0.19401,1.1591,243.26,0.1633
1.7179,0.19397,1.1625,243.25,0.16326
1.725,0.19392,1.1674,243.24,0.16323
1.7353,0.19393,1.1744,243.23,0.16325
1.7479,0.1939,1.1831,243.21,0.16324
1.7626,0.19381,1.1932,243.19,0.16317
1.7799,0.19372,1.2052,243.16,0.1631
1.7997,0.19369,1.2188,243.13,0.16311
1.8218,0.19363,1.2339,243.1,0.16309
1.846,0.19352,1.2506,243.06,0.163
1.8727,0.1934,1.269,243.02,0.16292
1.9023,0.19332,1.2894,242.98,0.16289
1.9343,0.19322,1.3114,242.93,0.16284
1.9685,0.19309,1.335,242.88,0.16276
2.0052,0.19295,1.3603,242.82,0.16267
2.0514,0.1928,1.3922,242.75,0.16259
2.1009,0.19263,1.4264,242.68,0.1625
2.1535,0.19244,1.4628,242.6,0.16239
2.2092,0.19224,1.5014,242.52,0.16227
2.2902,0.19197,1.5575,242.4,0.16211
2.3766,0.19166,1.6174,242.27,0.16194
2.4683,0.19134,1.6812,242.13,0.16175
2.5649,0.191,1.7484,241.98,0.16155
2.7141,0.19048,1.8525,241.76,0.16125
2.8721,0.18992,1.963,241.52,0.16092
3.0379,0.18934,2.0792,241.27,0.16058
3.2102,0.18873,2.2004,241.02,0.16022
3.486,0.18776,2.395,240.6,0.15965
3.7703,0.18676,2.5966,240.18,0.15906
4.0591,0.18575,2.8024,239.74,0.15845
4.3493,0.18472,3.0101,239.31,0.15783
4.8254,0.18304,3.353,238.59,0.15681
5.2954,0.18138,3.6941,237.89,0.15579
5.7618,0.17972,4.0351,237.19,0.15477
6.2323,0.17805,4.3818,236.48,0.15372
6.7196,0.17631,4.7435,235.75,0.15262
7.2271,0.17449,5.1232,234.98,0.15146
7.7507,0.17261,5.5181,234.19,0.15024
8.2738,0.17072,5.9159,233.4,0.149
8.6989,0.16917,6.2415,232.76,0.14797
9.075,0.16779,6.5315,232.19,0.14703
9.3715,0.16667,6.7614,231.74,0.14626
9.5557,0.16594,6.9051,231.46,0.14574
9.5957,0.1657,6.9368,231.39,0.14554
9.4642,0.16607,6.8352,231.59,0.14574
9.1426,0.16712,6.5864,232.07,0.1464
8.6219,0.16889,6.1857,232.85,0.14753
8.0287,0.17096,5.7326,233.75,0.14886
7.3019,0.17355,5.1827,234.84,0.15053
6.4517,0.17662,4.547,236.13,0.1525
5.4907,0.18013,3.8385,237.58,0.15475
5.1885,0.18124,3.6179,238.03,0.15546
4.8778,0.18239,3.3923,238.5,0.15618
4.5589,0.18357,3.1618,238.98,0.15693
4.2316,0.18478,2.9266,239.48,0.15769
3.8959,0.18602,2.6867,239.98,0.15846
3.5514,0.18729,2.4418,240.5,0.15925
3.1973,0.1886,2.1917,241.03,0.16005
2.833,0.18993,1.9358,241.58,0.16086
2.7666,0.19017,1.8894,241.68,0.16101
2.6999,0.19042,1.8428,241.78,0.16115
2.6329,0.19066,1.7959,241.88,0.1613
2.5654,0.19091,1.7489,241.98,0.16145
2.4975,0.19115,1.7016,242.08,0.16159
2.4292,0.1914,1.6541,242.19,0.16174
2.3605,0.19165,1.6063,242.29,0.16189
2.2913,0.1919,1.5583,242.39,0.16204
2.1516,0.1924,1.4615,242.6,0.16234
2.01,0.19291,1.3636,242.81,0.16264
1.8663,0.19342,1.2646,243.03,0.16294
1.7206,0.19394,1.1644,243.25,0.16324
1.5997,0.19437,1.0815,243.43,0.16349
1.4773,0.19481,0.99766,243.61,0.16374
1.3533,0.19525,0.9129,243.8,0.16399
1.2275,0.19569,0.82717,243.99,0.16424
1.1,0.19614,0.74043,244.18,0.1645
0.97067,0.1966,0.65262,244.37,0.16476
0.83937,0.19705,0.5637,244.57,0.16502
0.70611,0.19752,0.47366,244.77,0.16528
0.65354,0.1977,0.43819,244.85,0.16538
0.60066,0.19789,0.40255,244.93,0.16549
0.54745,0.19808,0.36672,245.01,0.16559
0.49392,0.19827,0.3307,245.09,0.1657
0.44006,0.19846,0.29451,245.17,0.16581
0.38588,0.19865,0.25812,245.25,0.16591
0.33135,0.19884,0.22154,245.33,0.16602
0.2765,0.19903,0.18478,245.41,0.16612
0.21314,0.19927,0.14236,245.51,0.16627
0.14932,0.1995,0.099673,245.6,0.1664
0.085035,0.19969,0.056733,245.7,0.16649
0.02031,0.19991,0.013543,245.79,0.1666
0.021108,0.20009,0.014069,245.86,0.16672
0.062714,0.20024,0.041786,245.92,0.16682
0.10449,0.20036,0.069598,245.98,0.16686
0.14645,0.20049,0.097513,246.04,0.16692
0.18863,0.20066,0.12554,246.11,0.16703
0.23098,0.20082,0.15368,246.17,0.16713
0.27351,0.20096,0.1819,246.23,0.1672
0.31621,0.2011,0.21023,246.3,0.16727
0.36614,0.20128,0.24331,246.37,0.16737
0.4163,0.20146,0.27652,246.45,0.16748
0.46671,0.20164,0.30987,246.52,0.16757
0.51737,0.20181,0.34335,246.6,0.16767
0.59324,0.20208,0.39344,246.71,0.16782
0.66966,0.20235,0.44382,246.83,0.16796
0.74662,0.20262,0.49449,246.94,0.16811
0.82412,0.20289,0.54544,247.06,0.16826
0.97716,0.20343,0.64586,247.29,0.16855
1.1322,0.20397,0.74729,247.52,0.16885
1.2891,0.20452,0.84969,247.75,0.16915
1.4479,0.20508,0.95299,247.99,0.16945
1.7705,0.20621,1.162,248.47,0.17006
2.0992,0.20736,1.3737,248.96,0.17068
2.4331,0.20853,1.5875,249.46,0.1713
2.7712,0.20971,1.8026,249.97,0.17193
3.4566,0.2121,2.2347,250.99,0.17318
4.1489,0.21451,2.6655,252.02,0.17443
4.8428,0.21692,3.0918,253.05,0.17565
5.5345,0.21931,3.5113,254.07,0.17685
6.7178,0.22338,4.2161,255.82,0.17884
7.8782,0.22732,4.892,257.51,0.18071
9.0105,0.23112,5.5371,259.15,0.18246
10.111,0.23477,6.1507,260.71,0.18408
11.524,0.23935,6.9191,262.65,0.18602
12.874,0.24362,7.6339,264.41,0.18772
14.16,0.24757,8.2974,265.93,0.18919
15.381,0.25119,8.912,267.15,0.19042
17.275,0.25651,9.8382,268.36,0.19199
18.983,0.26092,10.646,268.16,0.19297
20.502,0.26443,11.344,266.12,0.19339
21.831,0.26709,11.941,261.91,0.19331
23.486,0.26956,12.671,251.43,0.19234
24.703,0.27033,13.204,237.76,0.19051
25.506,0.26963,13.561,224.15,0.18804
25.942,0.26776,13.768,213.43,0.18513
26.078,0.26506,13.853,206.86,0.18197
25.981,0.26181,13.845,204.38,0.17873
25.704,0.25823,13.761,205.47,0.17551
25.279,0.25444,13.613,209.63,0.17239
24.628,0.24998,13.369,217.55,0.16903
23.803,0.24543,13.043,228.02,0.16592
22.827,0.24087,12.64,239.41,0.16312
21.75,0.23648,12.178,249.76,0.16071
21.01,0.23375,11.851,255.34,0.15935
20.274,0.23122,11.519,259.72,0.15821
19.554,0.22894,11.186,262.98,0.15728
18.852,0.22689,10.856,265.3,0.15657
18.271,0.22534,10.578,266.67,0.15614
17.693,0.22392,10.296,267.6,0.15584
17.112,0.22262,10.009,268.18,0.15568
16.527,0.22144,9.7158,268.44,0.15565
15.941,0.22039,9.4176,268.45,0.15576
15.366,0.2195,9.121,268.24,0.15602
14.827,0.21884,8.8386,267.89,0.15646
14.357,0.21851,8.5887,267.48,0.15709
14.022,0.21858,8.407,267.12,0.15788
13.824,0.21911,8.2961,266.87,0.15887
13.804,0.22018,8.2779,266.8,0.16006
13.999,0.22184,8.372,266.95,0.16144
14.426,0.22407,8.5863,267.31,0.16292
15.107,0.2269,8.9286,267.84,0.16451
16.049,0.2303,9.3975,268.34,0.16615
17.245,0.23419,9.9828,268.41,0.16775
18.779,0.23874,10.715,267.02,0.16934
20.537,0.2435,11.531,262.01,0.17068
22.467,0.24824,12.399,249.35,0.17165
24.506,0.2527,13.286,223.3,0.17214
26.585,0.25663,14.164,181.17,0.17206
28.64,0.25981,15.009,131.37,0.17134
30.611,0.26208,15.806,89.513,0.16995
32.454,0.26335,16.543,62.907,0.16791
34.364,0.26353,17.309,47.321,0.1648
36.027,0.26238,17.991,40.486,0.16096
37.432,0.26002,18.59,37.622,0.15652
38.58,0.25659,19.114,36.475,0.15158
39.521,0.25203,19.588,36.06,0.146
40.21,0.24666,19.993,35.986,0.14016
40.665,0.24067,20.331,36.053,0.13415
40.903,0.23422,20.606,36.169,0.1281
40.904,0.22484,20.882,36.338,0.11985
40.572,0.21521,21.041,36.474,0.11189
39.964,0.20563,21.09,36.562,0.10436
39.15,0.19632,21.043,36.601,0.097372
38.175,0.18726,20.914,36.596,0.090826
37.115,0.17877,20.72,36.556,0.084897
36.007,0.17089,20.472,36.487,0.079567
34.862,0.16362,20.173,36.394,0.074805
33.786,0.1575,19.855,36.292,0.070932
32.679,0.15185,19.49,36.182,0.067477
31.551,0.14665,19.084,36.077,0.064414
30.42,0.1419,18.647,36.001,0.061721
29.31,0.1376,18.191,35.992,0.059372
28.247,0.13374,17.732,36.094,0.05734
27.239,0.13031,17.279,36.366,0.055597
26.284,0.12727,16.832,36.894,0.054114
25.625,0.12531,16.514,37.502,0.0532
24.979,0.12351,16.193,38.389,0.052401
24.343,0.12187,15.868,39.666,0.051712
23.72,0.12037,15.543,41.465,0.05113
23.124,0.11905,15.225,43.889,0.050656
22.571,0.11791,14.924,46.975,0.050285
22.088,0.11697,14.657,50.533,0.050014
21.709,0.11629,14.444,54.036,0.049837
21.468,0.11587,14.308,56.651,0.049743
21.409,0.11577,14.275,57.33,0.049717
21.562,0.11597,14.363,55.532,0.049732
21.943,0.11645,14.584,51.576,0.049749
22.496,0.11707,14.906,47.029,0.049729
23.232,0.11779,15.335,42.73,0.049637
24.129,0.11852,15.859,39.447,0.049437
25.156,0.11917,16.462,37.392,0.049099
26.426,0.11968,17.215,36.28,0.048518
27.747,0.11983,18.01,35.986,0.047709
29.06,0.11954,18.82,36.11,0.04667
30.312,0.11877,19.617,36.417,0.045411
31.392,0.1176,20.334,36.762,0.044057
32.359,0.11603,21.01,37.117,0.04256
33.203,0.11409,21.64,37.461,0.04095
33.919,0.11184,22.218,37.783,0.039255
34.615,0.10879,22.845,38.137,0.037148
35.142,0.10547,23.398,38.452,0.035009
35.512,0.10196,23.876,38.728,0.032877
35.734,0.098333,24.281,38.963,0.030788
35.815,0.093103,24.725,39.226,0.027938
35.639,0.087932,25.01,39.403,0.025285
35.242,0.082945,25.139,39.496,0.022866
34.671,0.078236,25.128,39.513,0.020698
34.111,0.074623,25.033,39.481,0.019106
33.497,0.071253,24.875,39.415,0.017676
32.844,0.06813,24.664,39.321,0.016397
32.16,0.065248,24.405,39.2,0.015259
31.444,0.062599,24.096,39.053,0.01425
30.692,0.060171,23.735,38.878,0.013359
29.908,0.057958,23.324,38.677,0.012579
29.101,0.055953,22.87,38.452,0.011899
28.147,0.053866,22.301,38.17,0.011221
27.214,0.052046,21.717,37.881,0.010656
26.32,0.050477,21.136,37.593,0.010192
25.466,0.049138,20.562,37.31,0.0098151
24.927,0.04838,20.189,37.129,0.009613
24.394,0.047702,19.813,36.948,0.0094421
23.865,0.047102,19.432,36.769,0.0093013
23.344,0.046579,19.051,36.596,0.0091893
22.853,0.046143,18.686,36.438,0.0091068
22.398,0.045788,18.343,36.301,0.0090499
22.003,0.04552,18.041,36.193,0.0090166
21.697,0.045345,17.805,36.12,0.0090038
21.512,0.045269,17.66,36.08,0.0090072
21.468,0.045283,17.623,36.071,0.0090202
21.583,0.045378,17.71,36.093,0.0090357
21.868,0.045535,17.931,36.157,0.0090451
22.304,0.045718,18.272,36.275,0.0090395
22.888,0.0459,18.731,36.459,0.0090115
23.598,0.046045,19.294,36.711,0.0089541
24.407,0.046119,19.942,37.021,0.008862
25.333,0.046086,20.693,37.395,0.0087235
26.292,0.045913,21.482,37.796,0.008542
27.246,0.045585,22.281,38.207,0.0083195
28.161,0.045099,23.066,38.613,0.0080601
29.02,0.044458,23.823,39.005,0.0077675
29.799,0.04368,24.532,39.373,0.0074499
30.491,0.042783,25.187,39.713,0.0071143
31.094,0.041789,25.783,40.024,0.0067673
31.666,0.040585,26.381,40.335,0.0063721
32.132,0.039314,26.906,40.609,0.0059776
32.498,0.038,27.357,40.844,0.0055903
32.765,0.036666,27.732,41.041,0.0052152
32.959,0.035045,28.083,41.226,0.0047818
33.013,0.033452,28.317,41.351,0.0043779
32.937,0.031913,28.436,41.418,0.004007
32.747,0.030447,28.449,41.43,0.0036708
32.463,0.029068,28.371,41.395,0.0033691
32.11,0.027786,28.218,41.322,0.0031008
31.702,0.026604,28.003,41.218,0.0028637
31.249,0.025522,27.734,41.085,0.0026555
30.668,0.024388,27.355,40.898,0.0024467
30.022,0.023382,26.899,40.671,0.0022704
29.313,0.022501,26.368,40.405,0.0021235
28.557,0.021743,25.776,40.109,0.0020037
27.745,0.021079,25.117,39.779,0.0019046
26.94,0.020542,24.449,39.443,0.0018294
26.16,0.020124,23.786,39.109,0.0017755
25.401,0.019815,23.129,38.779,0.0017409
24.715,0.019621,22.526,38.475,0.0017249
24.03,0.019508,21.914,38.167,0.0017235
23.367,0.019476,21.313,37.865,0.0017363
22.78,0.019529,20.774,37.595,0.0017627
22.481,0.01961,20.494,37.455,0.0017862
22.274,0.019728,20.296,37.356,0.0018138
22.184,0.019879,20.2,37.308,0.0018439
22.229,0.020059,20.225,37.319,0.0018748
22.405,0.020242,20.368,37.389,0.0019022
22.713,0.020431,20.63,37.518,0.0019263
23.148,0.020613,21.008,37.705,0.0019452
23.699,0.020774,21.491,37.947,0.001957
24.407,0.02091,22.118,38.262,0.0019601
25.198,0.02099,22.826,38.619,0.0019518
26.04,0.021003,23.585,39.003,0.0019317
26.899,0.020942,24.368,39.4,0.0018999
27.712,0.020813,25.118,39.78,0.0018591
28.491,0.020616,25.845,40.149,0.0018095
29.221,0.020357,26.537,40.5,0.0017524
29.891,0.020043,27.183,40.828,0.0016893
30.855,0.019426,28.136,41.311,0.0015764
31.643,0.018719,28.946,41.723,0.0014576
32.26,0.017955,29.612,42.062,0.0013382
32.71,0.017163,30.133,42.327,0.0012222
32.994,0.016357,30.508,42.518,0.001111
33.108,0.01557,30.723,42.629,0.0010088
33.061,0.014821,30.786,42.663,0.00091699
32.877,0.014125,30.714,42.629,0.00083604
32.598,0.013509,30.541,42.544,0.00076802
32.243,0.012954,30.286,42.417,0.0007095
31.824,0.012461,29.962,42.256,0.00065977
31.343,0.012029,29.57,42.06,0.00061814
30.833,0.011679,29.136,41.843,0.00058591
30.265,0.011383,28.64,41.595,0.00055988
29.649,0.01114,28.089,41.318,0.00053971
29,0.010951,27.499,41.023,0.00052511
28.369,0.010819,26.918,40.731,0.00051606
27.744,0.010735,26.335,40.438,0.00051155
27.132,0.010695,25.759,40.149,0.00051136
26.528,0.010698,25.186,39.86,0.00051532
26.002,0.010734,24.683,39.607,0.00052215
25.472,0.010801,24.172,39.35,0.00053221
24.942,0.010898,23.659,39.091,0.00054562
24.43,0.011027,23.159,38.839,0.0005625
24.069,0.011148,22.805,38.66,0.00057769
23.753,0.011287,22.491,38.502,0.00059482
23.502,0.011445,22.236,38.373,0.00061368
23.335,0.01162,22.061,38.284,0.00063391
23.273,0.011809,21.983,38.244,0.00065499
23.331,0.012008,22.017,38.26,0.0006762
23.517,0.012211,22.171,38.336,0.00069667
23.832,0.012409,22.448,38.474,0.0007155
24.349,0.012621,22.911,38.706,0.00073388
25.008,0.012803,23.511,39.007,0.00074754
25.779,0.012941,24.22,39.363,0.00075552
26.625,0.013028,25.004,39.758,0.00075729
27.427,0.013056,25.753,40.135,0.00075337
28.229,0.013035,26.509,40.516,0.00074439
29.009,0.012966,27.249,40.889,0.0007308
29.747,0.012851,27.957,41.246,0.00071316
30.581,0.012655,28.766,41.654,0.00068696
31.322,0.012409,29.497,42.022,0.00065702
31.969,0.012123,30.146,42.35,0.00062457
32.521,0.011807,30.712,42.635,0.00059073
32.967,0.011483,31.18,42.871,0.00055773
33.327,0.011148,31.571,43.068,0.00052505
33.601,0.010808,31.882,43.226,0.00049331
33.789,0.01047,32.111,43.342,0.00046297
33.895,0.010104,32.268,43.422,0.00043152
33.902,0.0097532,32.328,43.453,0.00040259
33.817,0.0094219,32.298,43.439,0.00037638
33.656,0.0091141,32.191,43.386,0.00035297
33.426,0.0088256,32.015,43.298,0.00033183
33.142,0.0085658,31.783,43.182,0.00031347
32.812,0.0083352,31.501,43.042,0.00029774
32.437,0.008134,31.171,42.877,0.00028449
31.95,0.00794,30.732,42.657,0.00027223
31.399,0.0077848,30.224,42.403,0.00026293
30.79,0.007669,29.655,42.117,0.00025651
30.139,0.0075932,29.039,41.808,0.00025291
29.541,0.0075595,28.467,41.521,0.00025203
28.942,0.0075573,27.891,41.232,0.00025331
28.353,0.0075857,27.319,40.945,0.00025668
27.772,0.0076436,26.752,40.66,0.00026214
27.298,0.0077122,26.287,40.427,0.00026819
26.822,0.0077996,25.817,40.19,0.00027572
26.342,0.0079059,25.343,39.951,0.00028481
25.863,0.0080314,24.868,39.712,0.00029555
25.42,0.0081694,24.425,39.49,0.00030742
25.009,0.0083259,24.012,39.281,0.00032092
24.654,0.0085007,23.652,39.1,0.000336
24.384,0.0086926,23.372,38.958,0.00035248
24.234,0.0088875,23.207,38.874,0.00036903
24.208,0.0090918,23.16,38.849,0.00038607
24.321,0.0092999,23.245,38.891,0.000403
24.58,0.0095051,23.469,39.003,0.00041912
24.994,0.0097036,23.842,39.189,0.00043397
25.545,0.0098811,24.347,39.442,0.00044638
26.21,0.010029,24.963,39.751,0.0004557
26.961,0.01014,25.664,40.103,0.00046146
27.751,0.010208,26.407,40.477,0.00046343
28.56,0.010234,27.174,40.862,0.00046174
29.36,0.010216,27.937,41.246,0.0004566
30.129,0.010157,28.676,41.617,0.00044833
30.92,0.01005,29.444,42.004,0.00043612
31.64,0.0099032,30.15,42.359,0.00042132
32.282,0.0097245,30.788,42.68,0.00040461
32.845,0.0095207,31.355,42.965,0.0003866
33.346,0.0092902,31.868,43.223,0.00036722
33.766,0.009046,32.307,43.444,0.00034757
34.104,0.008794,32.669,43.627,0.00032812
34.359,0.0085391,32.954,43.77,0.00030922
34.556,0.0082339,33.191,43.89,0.00028753
34.632,0.0079388,33.311,43.951,0.00026749
34.595,0.0076598,33.32,43.956,0.00024935
34.46,0.0074016,33.231,43.912,0.00023324
34.231,0.0071564,33.05,43.822,0.00021854
33.933,0.0069396,32.797,43.695,0.00020604
33.577,0.0067523,32.481,43.538,0.00019564
33.164,0.0065949,32.106,43.35,0.00018723
32.639,0.0064559,31.619,43.106,0.00018013
32.04,0.006354,31.055,42.824,0.00017529
31.377,0.0062901,30.421,42.506,0.00017267
30.669,0.0062649,29.739,42.164,0.00017226
30.079,0.0062732,29.165,41.876,0.00017356
29.49,0.006307,28.59,41.588,0.00017633
28.911,0.0063656,28.02,41.302,0.00018056
28.338,0.0064482,27.455,41.018,0.00018626
27.844,0.0065383,26.964,40.771,0.00019243
27.345,0.0066459,26.467,40.522,0.00019981
26.844,0.0067711,25.966,40.27,0.0002085
26.348,0.0069143,25.47,40.02,0.00021858
25.946,0.0070501,25.065,39.816,0.00022827
25.578,0.0071993,24.691,39.628,0.00023904
25.264,0.0073616,24.369,39.465,0.00025084
25.026,0.0075357,24.12,39.339,0.00026354
24.887,0.0077197,23.965,39.26,0.00027693
24.865,0.0079101,23.922,39.238,0.00029065
24.975,0.0081023,24.005,39.279,0.00030429
25.22,0.0082905,24.22,39.386,0.00031732
25.63,0.0084791,24.591,39.571,0.00032991
26.178,0.0086472,25.097,39.825,0.00034053
26.842,0.008787,25.715,40.135,0.00034865
27.59,0.0088922,26.419,40.488,0.0003539
28.373,0.0089574,27.16,40.86,0.00035606
29.174,0.0089836,27.923,41.243,0.00035529
29.965,0.0089711,28.681,41.624,0.00035176
30.723,0.0089221,29.414,41.992,0.00034574
31.51,0.0088287,30.181,42.377,0.00033655
32.225,0.0087004,30.884,42.731,0.00032527
32.861,0.0085434,31.517,43.049,0.00031245
33.418,0.008364,32.078,43.331,0.00029858
33.909,0.0081627,32.581,43.584,0.00028374
34.32,0.0079498,33.009,43.799,0.0002687
34.649,0.0077303,33.361,43.976,0.00025381
34.896,0.0075089,33.634,44.114,0.00023936
35.08,0.0072481,33.855,44.225,0.00022303
35.148,0.0069968,33.961,44.279,0.00020797
35.106,0.0067601,33.959,44.278,0.00019437
34.968,0.0065422,33.862,44.23,0.00018233
34.74,0.0063362,33.674,44.137,0.00017138
34.443,0.0061554,33.416,44.008,0.00016213
34.089,0.0060008,33.097,43.848,0.0001545
33.68,0.0058727,32.72,43.659,0.00014841
33.153,0.005761,32.226,43.412,0.00014335
32.553,0.0056831,31.654,43.126,0.00014009
31.886,0.0056398,31.012,42.804,0.00013864
31.175,0.0056319,30.322,42.458,0.00013899
30.579,0.0056519,29.74,42.167,0.00014063
29.987,0.0056953,29.157,41.874,0.00014349
29.402,0.0057615,28.58,41.585,0.00014757
28.825,0.0058498,28.007,41.297,0.0001529
28.327,0.0059433,27.51,41.048,0.00015855
27.824,0.0060529,27.008,40.795,0.00016524
27.318,0.0061788,26.501,40.54,0.00017305
26.818,0.0063214,25.998,40.287,0.00018207
26.41,0.006456,25.586,40.08,0.00019073
26.036,0.006603,25.206,39.889,0.00020033
25.716,0.0067622,24.877,39.723,0.00021084
25.472,0.0069322,24.621,39.594,0.00022215
25.327,0.0071111,24.459,39.512,0.00023406
25.299,0.0072955,24.411,39.487,0.0002463
25.403,0.007481,24.49,39.525,0.00025846
25.644,0.0076621,24.701,39.63,0.0002701
26.049,0.007843,25.069,39.814,0.00028137
26.592,0.0080039,25.572,40.066,0.00029093
27.251,0.0081376,26.188,40.375,0.0002983
27.995,0.0082383,26.89,40.727,0.00030315
28.773,0.008301,27.629,41.098,0.00030529
29.569,0.008327,28.389,41.48,0.00030486
30.355,0.0083165,29.145,41.859,0.00030201
31.109,0.0082717,29.875,42.226,0.00029697
31.892,0.0081854,30.64,42.61,0.00028917
32.603,0.0080664,31.341,42.962,0.00027953
33.235,0.0079206,31.971,43.279,0.00026854
33.789,0.007754,32.529,43.559,0.00025663
34.275,0.0075675,33.027,43.809,0.00024391
34.681,0.0073704,33.45,44.022,0.00023102
35.007,0.0071675,33.797,44.196,0.00021826
35.249,0.0069633,34.064,44.331,0.0002059
35.429,0.006724,34.277,44.438,0.000192
35.492,0.0064941,34.377,44.488,0.0001792
35.447,0.0062782,34.369,44.485,0.00016767
35.307,0.0060799,34.266,44.434,0.00015749
35.078,0.0058934,34.074,44.338,0.00014827
34.78,0.0057307,33.812,44.207,0.00014051
34.426,0.0055924,33.49,44.046,0.00013415
34.016,0.005479,33.11,43.856,0.00012912
33.489,0.0053815,32.612,43.607,0.00012502
32.886,0.005316,32.036,43.318,0.00012249
32.218,0.0052831,31.39,42.995,0.00012154
31.505,0.0052837,30.695,42.646,0.00012219
30.906,0.0053093,30.108,42.352,0.00012393
30.31,0.0053573,29.52,42.057,0.00012677
29.721,0.0054269,28.937,41.765,0.00013071
29.14,0.0055176,28.358,41.474,0.00013579
28.638,0.0056124,27.857,41.223,0.00014112
28.132,0.0057225,27.351,40.968,0.0001474
27.623,0.0058482,26.839,40.711,0.0001547
27.119,0.00599,26.332,40.456,0.00016311
26.708,0.0061232,25.916,40.247,0.00017117
26.331,0.0062684,25.532,40.054,0.0001801
26.007,0.0064251,25.2,39.886,0.00018986
25.76,0.006592,24.94,39.755,0.00020037
25.612,0.0067673,24.776,39.672,0.00021144
25.582,0.0069475,24.725,39.646,0.0002228
25.684,0.0071285,24.802,39.683,0.0002341
25.922,0.0073048,25.011,39.788,0.00024492
26.325,0.0074807,25.379,39.971,0.00025542
26.867,0.0076368,25.881,40.223,0.00026434
27.524,0.0077663,26.497,40.532,0.00027123
28.266,0.0078637,27.199,40.884,0.0002758
29.041,0.0079243,27.937,41.254,0.00027786
29.834,0.0079493,28.696,41.635,0.00027756
30.616,0.0079394,29.449,42.013,0.00027502
31.367,0.0078964,30.177,42.379,0.00027048
32.148,0.0078135,30.941,42.762,0.00026338
32.857,0.0076991,31.64,43.113,0.00025458
33.487,0.0075591,32.268,43.429,0.00024454
34.037,0.0073992,32.824,43.708,0.00023367
34.52,0.0072209,33.318,43.956,0.00022207
34.922,0.0070327,33.737,44.166,0.00021033
35.244,0.0068392,34.079,44.339,0.00019873
35.483,0.0066446,34.343,44.471,0.0001875
35.657,0.006418,34.549,44.575,0.00017494
35.716,0.0062007,34.643,44.623,0.00016338
35.669,0.0059969,34.631,44.617,0.00015299
35.527,0.0058103,34.525,44.564,0.00014382
35.297,0.0056352,34.33,44.467,0.00013555
34.999,0.005483,34.066,44.335,0.0001286
34.645,0.0053542,33.742,44.173,0.00012293
34.235,0.0052491,33.36,43.982,0.00011847
33.707,0.0051597,32.86,43.732,0.00011487
33.105,0.005101,32.282,43.442,0.00011272
32.436,0.0050739,31.634,43.117,0.00011203
31.721,0.0050789,30.936,42.768,0.00011281
31.12,0.0051075,30.346,42.472,0.00011459
30.52,0.0051578,29.754,42.175,0.00011739
29.929,0.0052291,29.168,41.881,0.00012123
29.345,0.0053208,28.586,41.589,0.00012613
28.841,0.005416,28.082,41.336,0.00013125
28.333,0.0055261,27.573,41.08,0.00013727
27.822,0.0056514,27.059,40.822,0.00014425
27.316,0.0057921,26.549,40.566,0.00015228
26.903,0.0059244,26.13,40.355,0.00015998
26.523,0.0060682,25.744,40.161,0.00016851
26.197,0.0062232,25.408,39.992,0.00017783
25.947,0.0063881,25.146,39.86,0.00018785
25.797,0.0065609,24.979,39.775,0.00019841
25.764,0.0067385,24.927,39.748,0.00020925
25.864,0.0069166,25.001,39.785,0.00022004
26.101,0.0070899,25.209,39.888,0.00023039
26.502,0.0072626,25.575,40.071,0.00024042
27.042,0.0074157,26.077,40.322,0.00024895
27.697,0.0075427,26.693,40.631,0.00025556
28.438,0.0076381,27.394,40.983,0.00025996
29.211,0.0076974,28.13,41.352,0.00026198
30.001,0.007722,28.888,41.732,0.00026174
30.782,0.0077124,29.641,42.11,0.00025939
31.53,0.0076706,30.367,42.475,0.00025513
32.31,0.0075898,31.13,42.858,0.00024844
33.017,0.0074783,31.829,43.208,0.00024014
33.646,0.0073419,32.456,43.523,0.00023066
34.195,0.0071863,33.01,43.801,0.00022039
34.675,0.0070129,33.502,44.049,0.00020945
35.076,0.00683,33.918,44.258,0.00019838
35.395,0.0066421,34.258,44.429,0.00018744
35.632,0.0064533,34.519,44.56,0.00017686
35.804,0.0062341,34.723,44.662,0.00016506
35.862,0.006024,34.814,44.708,0.00015421
35.812,0.0058274,34.799,44.701,0.00014446
35.67,0.0056475,34.691,44.648,0.00013587
35.439,0.0054791,34.494,44.55,0.00012813
35.14,0.0053329,34.228,44.417,0.00012164
34.786,0.0052097,33.903,44.254,0.00011636
34.376,0.0051096,33.52,44.063,0.00011223
33.848,0.0050249,33.019,43.811,0.00010891
33.244,0.0049703,32.439,43.521,0.00010698
32.575,0.0049466,31.789,43.196,0.00010643
31.86,0.0049544,31.09,42.846,0.00010729
31.257,0.0049847,30.497,42.548,0.00010908
30.655,0.0050363,29.903,42.25,0.00011186
30.062,0.0051086,29.315,41.955,0.00011562
29.476,0.0052009,28.73,41.662,0.00012042
28.971,0.0052963,28.225,41.408,0.00012542
28.462,0.0054063,27.714,41.152,0.00013127
27.949,0.0055312,27.198,40.892,0.00013806
27.441,0.0056714,26.686,40.635,0.00014587
27.027,0.005803,26.266,40.424,0.00015334
26.646,0.0059459,25.878,40.229,0.00016162
26.318,0.0060997,25.541,40.059,0.00017066
26.067,0.0062633,25.277,39.926,0.00018039
25.915,0.0064346,25.109,39.841,0.00019064
25.882,0.0066105,25.056,39.813,0.00020117
25.98,0.0067867,25.129,39.849,0.00021164
26.216,0.0069581,25.337,39.953,0.00022168
26.616,0.0071287,25.702,40.136,0.00023143
27.155,0.0072799,26.204,40.387,0.00023972
27.81,0.0074052,26.819,40.695,0.00024615
28.55,0.0074992,27.52,41.047,0.00025044
29.322,0.0075576,28.256,41.416,0.00025241
30.111,0.0075818,29.013,41.796,0.00025222
30.89,0.0075723,29.765,42.173,0.00024997
31.637,0.0075312,30.491,42.537,0.00024587
32.416,0.0074515,31.253,42.92,0.00023942
33.122,0.0073417,31.951,43.27,0.00023141
33.75,0.0072074,32.577,43.585,0.00022226
34.298,0.0070542,33.13,43.862,0.00021235
34.777,0.0068838,33.621,44.109,0.00020181
35.176,0.0067042,34.036,44.317,0.00019114
35.494,0.0065197,34.374,44.487,0.0001806
35.729,0.0063345,34.633,44.617,0.00017041
35.899,0.0061199,34.834,44.719,0.00015907
35.955,0.0059145,34.923,44.764,0.00014865
35.905,0.0057222,34.907,44.756,0.00013929
35.761,0.0055465,34.797,44.701,0.00013105
35.53,0.0053823,34.599,44.602,0.00012363
35.231,0.00524,34.332,44.469,0.00011743
34.876,0.0051202,34.006,44.306,0.00011239
34.467,0.0050232,33.623,44.114,0.00010845
33.938,0.0049415,33.12,43.863,0.00010531
33.335,0.0048894,32.54,43.572,0.0001035
32.665,0.0048677,31.889,43.246,0.00010303
31.949,0.004877,31.189,42.895,0.00010393
31.345,0.0049084,30.595,42.598,0.00010573
30.743,0.0049608,29.999,42.299,0.00010848
30.148,0.0050336,29.409,42.003,0.00011221
29.561,0.0051263,28.823,41.709,0.00011693
29.055,0.0052217,28.317,41.455,0.00012184
28.545,0.0053316,27.805,41.197,0.0001276
28.031,0.0054563,27.288,40.938,0.00013427
27.523,0.005596,26.775,40.68,0.00014193
27.107,0.0057271,26.354,40.468,0.00014926
26.725,0.0058694,25.964,40.272,0.00015738
26.396,0.0060225,25.626,40.102,0.00016626
26.144,0.0061852,25.362,39.969,0.0001758
25.991,0.0063555,25.193,39.883,0.00018586
25.957,0.0065303,25.138,39.855,0.00019618
26.055,0.0067053,25.211,39.891,0.00020646
26.29,0.0068755,25.418,39.994,0.00021632
26.689,0.0070448,25.783,40.176,0.00022589
27.228,0.0071948,26.284,40.427,0.00023403
27.882,0.0073191,26.899,40.736,0.00024035
28.621,0.0074123,27.6,41.087,0.00024457
29.392,0.0074701,28.336,41.456,0.00024652
30.181,0.0074941,29.092,41.836,0.00024635
30.959,0.0074847,29.844,42.213,0.00024416
31.705,0.007444,30.569,42.577,0.00024017
32.484,0.0073651,31.331,42.959,0.00023387
33.189,0.0072564,32.028,43.309,0.00022604
33.816,0.0071235,32.654,43.623,0.0002171
34.363,0.0069719,33.207,43.901,0.00020741
34.841,0.0068034,33.696,44.147,0.00019711
35.239,0.0066258,34.11,44.355,0.00018669
35.557,0.0064435,34.448,44.524,0.0001764
35.791,0.0062604,34.706,44.654,0.00016644
35.96,0.0060487,34.906,44.754,0.00015538
36.015,0.005846,34.993,44.799,0.00014523
35.964,0.0056565,34.975,44.79,0.0001361
35.82,0.0054834,34.865,44.735,0.00012808
35.588,0.0053218,34.666,44.636,0.00012086
35.29,0.0051818,34.399,44.503,0.00011483
34.935,0.0050641,34.072,44.339,0.00010993
34.525,0.004969,33.689,44.147,0.00010611
33.996,0.0048891,33.185,43.895,0.00010307
33.392,0.0048386,32.604,43.604,0.00010134
32.722,0.0048182,31.953,43.278,0.00010093
32.007,0.0048285,31.253,42.927,0.00010185
31.402,0.0048605,30.657,42.629,0.00010365
30.799,0.0049134,30.061,42.33,0.00010639
30.203,0.0049865,29.47,42.033,0.00011009
29.615,0.0050794,28.883,41.739,0.00011477
29.109,0.0051749,28.375,41.484,0.00011963
28.598,0.0052847,27.863,41.227,0.00012532
28.083,0.0054092,27.345,40.967,0.00013191
27.574,0.0055487,26.831,40.708,0.00013948
27.158,0.0056794,26.409,40.496,0.00014673
26.775,0.0058214,26.019,40.3,0.00015475
26.446,0.005974,25.681,40.13,0.00016352
26.194,0.0061361,25.416,39.996,0.00017295
26.04,0.0063058,25.246,39.91,0.00018288
26.005,0.0064799,25.191,39.882,0.00019308
26.102,0.0066541,25.264,39.917,0.00020324
26.337,0.0068235,25.47,40.02,0.00021298
26.736,0.0069921,25.835,40.203,0.00022243
27.274,0.0071413,26.336,40.454,0.00023048
27.928,0.0072648,26.951,40.762,0.00023673
28.667,0.0073575,27.652,41.113,0.00024091
29.438,0.007415,28.387,41.482,0.00024284
30.226,0.0074387,29.144,41.862,0.00024268
31.004,0.0074294,29.895,42.238,0.00024053
31.749,0.0073889,30.619,42.602,0.0002366
32.527,0.0073105,31.382,42.985,0.00023039
33.232,0.0072024,32.079,43.334,0.00022268
33.859,0.0070703,32.704,43.648,0.00021386
34.405,0.0069197,33.256,43.926,0.00020431
34.883,0.0067524,33.745,44.171,0.00019416
35.281,0.0065761,34.158,44.379,0.0001839
35.597,0.0063951,34.495,44.548,0.00017376
35.831,0.0062135,34.753,44.677,0.00016396
36,0.0060036,34.951,44.777,0.00015307
36.054,0.0058027,35.038,44.821,0.00014308
36.002,0.005615,35.02,44.812,0.00013411
35.858,0.0054435,34.908,44.757,0.00012622
35.626,0.0052835,34.709,44.658,0.00011912
35.327,0.005145,34.442,44.524,0.0001132
34.972,0.0050287,34.115,44.361,0.00010839
34.562,0.0049347,33.731,44.168,0.00010465
34.033,0.004856,33.227,43.916,0.00010167
33.429,0.0048065,32.645,43.625,9.999e-05
32.759,0.0047868,31.994,43.299,9.9607e-05
32.043,0.0047978,31.293,42.948,0.00010055
31.438,0.0048302,30.697,42.649,0.00010235
30.834,0.0048834,30.1,42.35,0.00010508
30.239,0.0049567,29.508,42.053,0.00010875
29.65,0.0050497,28.921,41.758,0.00011341
29.143,0.0051452,28.413,41.503,0.00011824
28.632,0.005255,27.9,41.245,0.00012389
28.117,0.0053793,27.382,40.985,0.00013043
27.608,0.0055186,26.868,40.727,0.00013794
27.191,0.0056492,26.445,40.515,0.00014514
26.808,0.0057909,26.055,40.318,0.0001531
26.479,0.0059432,25.716,40.147,0.00016179
26.225,0.006105,25.45,40.013,0.00017115
26.072,0.0062743,25.28,39.927,0.00018101
26.036,0.0064479,25.225,39.899,0.00019113
26.133,0.0066216,25.297,39.934,0.00020121
26.368,0.0067905,25.504,40.037,0.00021087
26.766,0.0069585,25.868,40.22,0.00022025
27.304,0.0071073,26.369,40.47,0.00022824
27.958,0.0072304,26.984,40.779,0.00023445
28.697,0.0073227,27.685,41.13,0.0002386
29.467,0.00738,28.42,41.499,0.00024052
30.254,0.0074036,29.176,41.878,0.00024037
31.032,0.0073943,29.927,42.255,0.00023824
31.777,0.007354,30.652,42.618,0.00023435
32.555,0.0072759,31.414,43.001,0.0002282
33.26,0.0071683,32.11,43.351,0.00022056
33.886,0.0070367,32.736,43.664,0.00021183
34.432,0.0068867,33.287,43.941,0.00020236
34.91,0.0067202,33.776,44.187,0.00019231
35.307,0.0065446,34.189,44.394,0.00018214
35.623,0.0063645,34.525,44.563,0.0001721
35.857,0.0061838,34.782,44.692,0.00016239
36.025,0.005975,34.98,44.792,0.00015162
36.079,0.0057753,35.067,44.836,0.00014173
36.027,0.0055886,35.048,44.827,0.00013285
35.882,0.0054182,34.936,44.771,0.00012505
35.65,0.0052592,34.737,44.672,0.00011803
35.351,0.0051217,34.469,44.538,0.00011217
34.996,0.0050062,34.142,44.374,0.00010742
34.586,0.004913,33.758,44.182,0.00010372
34.057,0.004835,33.254,43.93,0.00010079
33.453,0.0047861,32.672,43.638,9.9137e-05
32.783,0.0047669,32.02,43.312,9.8773e-05
32.067,0.0047783,31.319,42.961,9.9724e-05
31.461,0.004811,30.723,42.662,0.00010152
30.857,0.0048643,30.125,42.362,0.00010425
30.261,0.0049378,29.533,42.065,0.00010791
29.672,0.0050308,28.945,41.77,0.00011255
29.165,0.0051263,28.437,41.515,0.00011736
28.654,0.0052361,27.924,41.257,0.00012298
28.139,0.0053604,27.405,40.997,0.00012949
27.629,0.0054996,26.891,40.739,0.00013697
27.212,0.00563,26.468,40.526,0.00014413
26.829,0.0057715,26.078,40.33,0.00015205
26.499,0.0059236,25.738,40.159,0.0001607
26.246,0.0060852,25.472,40.025,0.00017001
26.092,0.0062542,25.302,39.938,0.00017982
26.056,0.0064275,25.247,39.91,0.00018989
26.153,0.006601,25.319,39.945,0.00019992
26.387,0.0067696,25.525,40.048,0.00020953
26.786,0.0069372,25.89,40.23,0.00021887
27.323,0.0070856,26.391,40.481,0.00022682
27.977,0.0072085,27.005,40.789,0.000233
28.715,0.0073006,27.706,41.141,0.00023713
29.486,0.0073577,28.441,41.509,0.00023905
30.273,0.0073813,29.197,41.889,0.0002389
31.05,0.0073719,29.948,42.265,0.00023679
31.795,0.0073317,30.672,42.629,0.00023293
32.573,0.0072538,31.434,43.011,0.00022682
33.278,0.0071465,32.131,43.361,0.00021922
33.904,0.0070153,32.756,43.675,0.00021053
34.45,0.0068657,33.308,43.952,0.00020113
34.927,0.0066996,33.796,44.197,0.00019113
35.324,0.0065246,34.209,44.404,0.00018102
35.64,0.006345,34.545,44.573,0.00017105
35.873,0.0061648,34.801,44.702,0.0001614
36.041,0.0059568,34.999,44.801,0.0001507
36.094,0.0057578,35.085,44.845,0.00014087
36.042,0.0055718,35.066,44.836,0.00013205
35.898,0.0054021,34.954,44.78,0.0001243
35.665,0.0052437,34.755,44.681,0.00011733
35.366,0.0051068,34.486,44.547,0.00011152
35.011,0.0049918,34.159,44.383,0.0001068
34.602,0.0048992,33.775,44.191,0.00010314
34.072,0.0048216,33.271,43.938,0.00010023
33.468,0.0047731,32.689,43.647,9.8595e-05
32.798,0.0047543,32.037,43.32,9.8244e-05
32.082,0.0047659,31.336,42.969,9.92e-05
31.476,0.0047987,30.739,42.67,0.000101
30.872,0.0048522,30.142,42.37,0.00010372
30.276,0.0049257,29.549,42.073,0.00010738
29.687,0.0050188,28.961,41.778,0.000112
29.179,0.0051143,28.453,41.523,0.0001168
28.668,0.0052241,27.939,41.265,0.00012241
28.153,0.0053483,27.42,41.005,0.0001289
27.643,0.0054874,26.906,40.746,0.00013635
27.226,0.0056177,26.483,40.534,0.00014348
26.842,0.0057591,26.092,40.337,0.00015138
26.512,0.0059111,25.753,40.166,0.00016001
26.259,0.0060725,25.487,40.032,0.00016928
26.104,0.0062414,25.316,39.946,0.00017906
26.069,0.0064145,25.26,39.917,0.0001891
26.165,0.0065878,25.333,39.952,0.0001991
26.4,0.0067562,25.539,40.055,0.00020869
26.798,0.0069236,25.903,40.237,0.00021799
27.336,0.0070718,26.404,40.488,0.00022592
27.989,0.0071945,27.019,40.796,0.00023208
28.728,0.0072865,27.72,41.147,0.0002362
29.497,0.0073435,28.455,41.516,0.00023812
30.285,0.007367,29.211,41.895,0.00023797
31.062,0.0073577,29.961,42.272,0.00023587
31.807,0.0073176,30.685,42.635,0.00023202
32.584,0.0072398,31.447,43.018,0.00022593
33.289,0.0071326,32.144,43.367,0.00021836
33.915,0.0070016,32.769,43.681,0.00020971
34.461,0.0068523,33.321,43.958,0.00020034
34.938,0.0066865,33.809,44.203,0.00019038
35.335,0.0065118,34.221,44.41,0.00018032
35.65,0.0063326,34.557,44.579,0.00017038
35.884,0.0061528,34.814,44.708,0.00016077
36.051,0.0059452,35.011,44.807,0.00015011
36.105,0.0057466,35.097,44.851,0.00014033
36.052,0.0055611,35.078,44.842,0.00013155
35.907,0.0053918,34.966,44.786,0.00012383
35.675,0.0052338,34.766,44.686,0.00011689
35.376,0.0050973,34.498,44.552,0.0001111
35.021,0.0049827,34.17,44.388,0.00010641
34.611,0.0048903,33.786,44.196,0.00010276
34.082,0.0048131,33.282,43.944,9.9873e-05
33.478,0.0047648,32.7,43.652,9.825e-05
32.808,0.0047462,32.048,43.326,9.7907e-05
32.092,0.0047579,31.347,42.975,9.8867e-05
31.486,0.0047909,30.75,42.675,0.00010067
30.881,0.0048444,30.152,42.376,0.00010338
30.285,0.004918,29.559,42.078,0.00010704
29.696,0.0050111,28.971,41.783,0.00011165
29.188,0.0051067,28.463,41.528,0.00011644
28.677,0.0052164,27.949,41.27,0.00012204
28.161,0.0053406,27.43,41.01,0.00012852
27.651,0.0054796,26.915,40.751,0.00013595
27.234,0.0056099,26.492,40.538,0.00014308
26.851,0.0057513,26.101,40.342,0.00015096
26.521,0.0059032,25.762,40.171,0.00015956
26.267,0.0060645,25.496,40.036,0.00016882
26.113,0.0062333,25.325,39.95,0.00017858
26.077,0.0064063,25.269,39.921,0.0001886
26.173,0.0065794,25.342,39.957,0.00019858
26.408,0.0067476,25.548,40.059,0.00020814
26.806,0.0069149,25.912,40.242,0.00021743
27.344,0.007063,26.413,40.492,0.00022535
27.997,0.0071856,27.028,40.8,0.00023149
28.735,0.0072775,27.728,41.152,0.0002356
29.505,0.0073344,28.463,41.52,0.00023752
30.292,0.0073579,29.219,41.9,0.00023737
31.069,0.0073486,29.97,42.276,0.00023528
31.814,0.0073085,30.694,42.64,0.00023144
32.592,0.0072308,31.456,43.022,0.00022537
33.296,0.0071237,32.152,43.372,0.00021782
33.922,0.0069929,32.777,43.685,0.00020919
34.468,0.0068437,33.329,43.962,0.00019984
34.945,0.0066781,33.817,44.207,0.00018991
35.341,0.0065036,34.229,44.415,0.00017986
35.657,0.0063247,34.565,44.583,0.00016995
35.891,0.0061451,34.822,44.712,0.00016036
36.058,0.0059378,35.019,44.811,0.00014973
36.111,0.0057395,35.104,44.855,0.00013998
36.059,0.0055542,35.085,44.845,0.00013122
35.914,0.0053852,34.973,44.79,0.00012353
35.681,0.0052275,34.773,44.69,0.00011661
35.383,0.0050912,34.505,44.556,0.00011084
35.027,0.0049769,34.177,44.392,0.00010616
34.618,0.0048847,33.793,44.2,0.00010253
34.088,0.0048076,33.289,43.947,9.9646e-05
33.484,0.0047595,32.707,43.656,9.803e-05
32.814,0.004741,32.055,43.329,9.7692e-05
32.098,0.0047529,31.354,42.978,9.8654e-05
31.492,0.0047859,30.757,42.679,0.00010045
30.888,0.0048394,30.159,42.379,0.00010317
30.291,0.0049131,29.566,42.082,0.00010682
29.702,0.0050062,28.977,41.786,0.00011143
29.194,0.0051017,28.469,41.531,0.00011621
28.682,0.0052115,27.955,41.273,0.0001218
28.167,0.0053356,27.436,41.013,0.00012828
27.657,0.0054747,26.921,40.754,0.0001357
27.24,0.0056049,26.498,40.541,0.00014281
26.856,0.0057462,26.107,40.345,0.00015068
26.526,0.0058981,25.768,40.174,0.00015928
26.272,0.0060593,25.501,40.039,0.00016853
26.118,0.006228,25.331,39.953,0.00017827
26.082,0.006401,25.275,39.924,0.00018828
26.178,0.006574,25.347,39.96,0.00019824
26.413,0.0067422,25.553,40.062,0.0002078
26.811,0.0069094,25.918,40.245,0.00021708
27.349,0.0070574,26.418,40.495,0.00022498
28.002,0.0071798,27.033,40.803,0.00023112
28.74,0.0072717,27.734,41.155,0.00023523
29.51,0.0073286,28.469,41.523,0.00023714
30.297,0.0073521,29.225,41.902,0.00023699
31.074,0.0073428,29.975,42.279,0.00023491
31.819,0.0073027,30.699,42.642,0.00023107
32.596,0.0072251,31.461,43.025,0.00022501
33.301,0.0071181,32.158,43.374,0.00021747
33.927,0.0069873,32.783,43.688,0.00020885
34.473,0.0068382,33.334,43.965,0.00019952
34.949,0.0066727,33.822,44.21,0.0001896
35.346,0.0064984,34.235,44.417,0.00017957
35.662,0.0063196,34.57,44.586,0.00016967
35.895,0.0061401,34.827,44.715,0.00016011
36.062,0.005933,35.024,44.814,0.00014949
36.115,0.0057349,35.109,44.857,0.00013976
36.063,0.0055499,35.09,44.848,0.00013101
35.918,0.005381,34.978,44.792,0.00012333
35.685,0.0052235,34.778,44.692,0.00011643
35.387,0.0050874,34.509,44.558,0.00011067
35.031,0.0049731,34.182,44.394,0.000106
34.622,0.0048811,33.797,44.202,0.00010237
34.092,0.0048041,33.293,43.95,9.95e-05
33.488,0.0047561,32.711,43.658,9.789e-05
32.818,0.0047377,32.059,43.332,9.7555e-05
32.102,0.0047496,31.358,42.98,9.8518e-05
31.496,0.0047827,30.761,42.681,0.00010032
30.891,0.0048363,30.163,42.381,0.00010303
30.295,0.0049099,29.57,42.084,0.00010668
29.706,0.0050031,28.981,41.789,0.00011129
29.198,0.0050986,28.473,41.533,0.00011607
28.686,0.0052083,27.959,41.275,0.00012165
28.171,0.0053325,27.44,41.015,0.00012812
27.661,0.0054715,26.925,40.756,0.00013554
27.243,0.0056017,26.502,40.543,0.00014265
26.859,0.005743,26.111,40.347,0.00015051
26.53,0.0058948,25.771,40.175,0.0001591
26.276,0.006056,25.505,40.041,0.00016834
26.121,0.0062247,25.335,39.955,0.00017808
26.086,0.0063976,25.279,39.926,0.00018808
26.182,0.0065706,25.351,39.961,0.00019803
26.416,0.0067387,25.557,40.064,0.00020758
26.814,0.0069058,25.921,40.246,0.00021685
27.352,0.0070538,26.422,40.497,0.00022474
28.005,0.0071762,27.037,40.805,0.00023088
28.743,0.007268,27.737,41.156,0.00023498
29.513,0.0073249,28.472,41.525,0.00023689
30.3,0.0073484,29.228,41.904,0.00023675
31.077,0.0073391,29.979,42.281,0.00023467
31.822,0.007299,30.703,42.644,0.00023083
32.599,0.0072214,31.465,43.027,0.00022478
33.304,0.0071144,32.161,43.376,0.00021725
33.93,0.0069837,32.786,43.69,0.00020864
34.476,0.0068347,33.337,43.967,0.00019931
34.952,0.0066693,33.825,44.212,0.00018941
35.349,0.0064951,34.238,44.419,0.00017939
35.664,0.0063163,34.573,44.587,0.0001695
35.898,0.006137,34.83,44.716,0.00015994
36.065,0.00593,35.027,44.815,0.00014934
36.118,0.005732,35.112,44.859,0.00013961
36.065,0.0055471,35.093,44.849,0.00013088
35.921,0.0053783,34.98,44.793,0.00012321
35.688,0.0052209,34.781,44.694,0.00011631
35.389,0.0050849,34.512,44.56,0.00011056
35.034,0.0049707,34.185,44.396,0.0001059
34.624,0.0048788,33.8,44.203,0.00010228
34.095,0.0048019,33.296,43.951,9.9407e-05
33.491,0.0047539,32.714,43.66,9.78e-05
32.821,0.0047356,32.062,43.333,9.7467e-05
32.105,0.0047476,31.361,42.982,9.8431e-05
31.498,0.0047806,30.764,42.682,0.00010023
30.894,0.0048342,30.165,42.382,0.00010295
30.297,0.0049079,29.573,42.085,0.00010659
29.708,0.0050011,28.984,41.79,0.0001112
29.2,0.0050966,28.476,41.535,0.00011597
28.688,0.0052063,27.962,41.277,0.00012156
28.173,0.0053305,27.443,41.016,0.00012802
27.663,0.0054695,26.928,40.757,0.00013544
27.246,0.0055997,26.505,40.545,0.00014254
26.862,0.0057409,26.114,40.348,0.0001504
26.532,0.0058927,25.774,40.177,0.00015899
26.278,0.0060539,25.508,40.042,0.00016822
26.124,0.0062226,25.337,39.956,0.00017795
26.088,0.0063954,25.281,39.927,0.00018795
26.184,0.0065684,25.353,39.963,0.00019789
26.418,0.0067364,25.559,40.065,0.00020744
26.816,0.0069036,25.924,40.248,0.0002167
27.354,0.0070515,26.424,40.498,0.00022459
28.007,0.0071739,27.039,40.806,0.00023073
28.745,0.0072657,27.74,41.158,0.00023483
29.515,0.0073225,28.475,41.526,0.00023674
30.302,0.007346,29.23,41.905,0.0002366
31.079,0.0073367,29.981,42.282,0.00023451
31.824,0.0072966,30.705,42.645,0.00023068
32.601,0.007219,31.467,43.028,0.00022463
33.306,0.0071121,32.163,43.377,0.00021711
33.931,0.0069814,32.788,43.691,0.0002085
34.477,0.0068325,33.34,43.968,0.00019918
34.954,0.0066671,33.828,44.213,0.00018928
35.351,0.0064929,34.24,44.42,0.00017927
35.666,0.0063142,34.575,44.588,0.00016939
35.899,0.006135,34.832,44.717,0.00015984
36.066,0.0059281,35.029,44.816,0.00014924
36.12,0.0057301,35.114,44.86,0.00013952
36.067,0.0055453,35.095,44.85,0.0001308
35.922,0.0053766,34.982,44.794,0.00012313
35.69,0.0052193,34.783,44.695,0.00011624
35.391,0.0050833,34.514,44.56,0.00011049
35.036,0.0049692,34.187,44.397,0.00010583
34.626,0.0048773,33.802,44.204,0.00010221
34.097,0.0048005,33.298,43.952,9.9347e-05
33.493,0.0047525,32.716,43.66,9.7742e-05
32.822,0.0047342,32.064,43.334,9.7411e-05
32.106,0.0047462,31.363,42.983,9.8375e-05
31.5,0.0047793,30.766,42.683,0.00010018
30.895,0.004833,30.167,42.383,0.00010289
30.299,0.0049066,29.574,42.086,0.00010653
29.709,0.0049998,28.986,41.791,0.00011114
29.202,0.0050953,28.477,41.535,0.00011591
28.69,0.005205,27.963,41.277,0.0001215
28.175,0.0053292,27.444,41.017,0.00012796
27.664,0.0054682,26.929,40.758,0.00013537
27.247,0.0055984,26.506,40.545,0.00014247
26.863,0.0057396,26.115,40.349,0.00015033
26.533,0.0058914,25.775,40.177,0.00015891
26.279,0.0060526,25.509,40.043,0.00016814
26.125,0.0062212,25.338,39.957,0.00017787
26.089,0.006394,25.283,39.928,0.00018786
26.185,0.006567,25.355,39.963,0.00019781
26.419,0.006735,25.561,40.066,0.00020735
26.818,0.0069021,25.925,40.248,0.00021661
27.355,0.00705,26.426,40.499,0.0002245
28.008,0.0071724,27.04,40.807,0.00023063
28.747,0.0072641,27.741,41.158,0.00023473
29.517,0.007321,28.476,41.527,0.00023664
30.304,0.0073445,29.232,41.906,0.0002365
31.08,0.0073352,29.982,42.283,0.00023441
31.825,0.0072951,30.706,42.646,0.00023059
32.602,0.0072175,31.468,43.028,0.00022454
33.307,0.0071106,32.165,43.378,0.00021701
33.933,0.00698,32.79,43.692,0.00020841
34.479,0.006831,33.341,43.968,0.0001991
34.955,0.0066657,33.829,44.213,0.0001892
35.352,0.0064916,34.241,44.421,0.00017919
35.667,0.0063129,34.577,44.589,0.00016932
35.901,0.0061337,34.833,44.718,0.00015977
36.067,0.0059268,35.03,44.817,0.00014918
36.121,0.005729,35.116,44.86,0.00013946
36.068,0.0055441,35.096,44.851,0.00013074
35.923,0.0053755,34.984,44.795,0.00012308
35.691,0.0052182,34.784,44.695,0.00011619
35.392,0.0050823,34.515,44.561,0.00011045
35.037,0.0049682,34.188,44.397,0.00010579
34.627,0.0048763,33.803,44.205,0.00010217
34.098,0.0047996,33.299,43.953,9.9309e-05
33.494,0.0047517,32.717,43.661,9.7706e-05
32.823,0.0047334,32.065,43.335,9.7375e-05
32.107,0.0047454,31.364,42.983,9.834e-05
31.501,0.0047785,30.767,42.684,0.00010014
30.896,0.0048321,30.168,42.384,0.00010285
30.3,0.0049058,29.575,42.086,0.0001065
29.71,0.004999,28.987,41.791,0.0001111
29.203,0.0050945,28.478,41.536,0.00011588
28.691,0.0052042,27.964,41.278,0.00012146
28.176,0.0053284,27.445,41.017,0.00012792
27.665,0.0054673,26.93,40.758,0.00013533
27.248,0.0055975,26.507,40.546,0.00014243
26.864,0.0057388,26.116,40.349,0.00015028
26.534,0.0058905,25.776,40.178,0.00015886
26.28,0.0060517,25.51,40.044,0.00016809
26.126,0.0062203,25.339,39.957,0.00017782
26.09,0.0063931,25.284,39.929,0.00018781
26.186,0.0065661,25.356,39.964,0.00019775
26.42,0.0067341,25.562,40.067,0.00020729
26.819,0.0069012,25.926,40.249,0.00021655
27.356,0.0070491,26.427,40.499,0.00022444
28.009,0.0071714,27.041,40.807,0.00023056
28.748,0.0072632,27.742,41.159,0.00023466
29.517,0.00732,28.477,41.527,0.00023657
30.304,0.0073435,29.233,41.907,0.00023643
31.081,0.0073342,29.983,42.283,0.00023435
31.826,0.0072942,30.707,42.647,0.00023052
32.603,0.0072166,31.469,43.029,0.00022448
33.308,0.0071097,32.166,43.378,0.00021696
33.933,0.006979,32.79,43.692,0.00020836
34.479,0.0068301,33.342,43.969,0.00019904
34.956,0.0066648,33.83,44.214,0.00018915
35.352,0.0064907,34.242,44.421,0.00017915
35.668,0.0063121,34.578,44.589,0.00016927
35.901,0.0061328,34.834,44.718,0.00015973
36.068,0.005926,35.031,44.817,0.00014914
36.121,0.0057282,35.116,44.861,0.00013943
36.069,0.0055434,35.097,44.851,0.00013071
35.924,0.0053748,34.984,44.795,0.00012305
35.691,0.0052175,34.785,44.696,0.00011616
35.393,0.0050816,34.516,44.561,0.00011042
35.037,0.0049676,34.189,44.398,0.00010576
34.628,0.0048757,33.804,44.205,0.00010215
34.098,0.004799,33.3,43.953,9.9285e-05
33.494,0.0047511,32.718,43.661,9.7682e-05
32.824,0.0047328,32.066,43.335,9.7352e-05
32.108,0.0047448,31.364,42.984,9.8317e-05
31.502,0.0047779,30.767,42.684,0.00010012
30.897,0.0048316,30.169,42.384,0.00010283
30.301,0.0049053,29.576,42.087,0.00010647
29.711,0.0049984,28.987,41.792,0.00011108
29.203,0.005094,28.479,41.536,0.00011585
28.692,0.0052037,27.965,41.278,0.00012143
28.176,0.0053278,27.446,41.018,0.00012789
27.666,0.0054668,26.931,40.759,0.0001353
27.249,0.005597,26.508,40.546,0.0001424
26.865,0.0057382,26.117,40.349,0.00015025
26.535,0.00589,25.777,40.178,0.00015883
26.281,0.0060512,25.511,40.044,0.00016806
26.126,0.0062197,25.34,39.958,0.00017779
26.09,0.0063926,25.284,39.929,0.00018777
26.187,0.0065655,25.356,39.964,0.00019772
26.421,0.0067335,25.562,40.067,0.00020725
26.819,0.0069006,25.927,40.249,0.00021651
27.357,0.0070484,26.427,40.5,0.0002244
28.01,0.0071708,27.042,40.808,0.00023052
28.748,0.0072626,27.743,41.159,0.00023462
29.518,0.0073194,28.478,41.528,0.00023653
30.305,0.0073428,29.233,41.907,0.00023639
31.082,0.0073336,29.984,42.283,0.00023431
31.826,0.0072935,30.708,42.647,0.00023049
32.604,0.007216,31.47,43.029,0.00022444
33.308,0.0071091,32.166,43.379,0.00021692
33.934,0.0069784,32.791,43.692,0.00020832
34.48,0.0068295,33.342,43.969,0.00019901
34.957,0.0066642,33.83,44.214,0.00018912
35.353,0.0064901,34.243,44.421,0.00017912
35.669,0.0063115,34.578,44.59,0.00016924
35.902,0.0061323,34.835,44.719,0.0001597
36.069,0.0059255,35.032,44.818,0.00014911
36.122,0.0057277,35.117,44.861,0.0001394
36.069,0.0055429,35.097,44.851,0.00013069
35.924,0.0053743,34.985,44.796,0.00012303
35.692,0.0052171,34.785,44.696,0.00011614
35.393,0.0050812,34.517,44.562,0.0001104
35.038,0.0049672,34.189,44.398,0.00010574
34.628,0.0048753,33.805,44.206,0.00010213
34.099,0.0047986,33.3,43.953,9.9269e-05
33.495,0.0047507,32.718,43.662,9.7667e-05
32.824,0.0047325,32.066,43.335,9.7337e-05
32.108,0.0047445,31.365,42.984,9.8303e-05
31.502,0.0047776,30.768,42.684,0.0001001
30.898,0.0048312,30.17,42.384,0.00010282
30.301,0.0049049,29.576,42.087,0.00010646
29.711,0.0049981,28.988,41.792,0.00011106
29.204,0.0050936,28.479,41.537,0.00011584
28.692,0.0052033,27.965,41.278,0.00012142
28.177,0.0053275,27.446,41.018,0.00012788
27.666,0.0054665,26.931,40.759,0.00013528
27.249,0.0055966,26.508,40.546,0.00014238
26.865,0.0057379,26.117,40.35,0.00015024
26.535,0.0058897,25.777,40.178,0.00015881
26.281,0.0060508,25.511,40.044,0.00016804
26.127,0.0062194,25.34,39.958,0.00017777
26.091,0.0063922,25.285,39.929,0.00018775
26.187,0.0065651,25.357,39.964,0.00019769
26.421,0.0067331,25.563,40.067,0.00020723
26.82,0.0069002,25.927,40.249,0.00021649
27.357,0.0070481,26.428,40.5,0.00022437
28.01,0.0071704,27.042,40.808,0.0002305
28.748,0.0072622,27.743,41.159,0.0002346
29.518,0.007319,28.478,41.528,0.00023651
30.305,0.0073424,29.234,41.907,0.00023637
31.082,0.0073332,29.984,42.284,0.00023428
31.827,0.0072931,30.708,42.647,0.00023046
32.604,0.0072156,31.47,43.029,0.00022441
33.309,0.0071087,32.167,43.379,0.00021689
33.934,0.006978,32.791,43.693,0.0002083
34.48,0.0068291,33.343,43.969,0.00019899
34.957,0.0066639,33.831,44.214,0.0001891
35.353,0.0064898,34.243,44.421,0.0001791
35.669,0.0063112,34.579,44.59,0.00016922
35.902,0.006132,34.835,44.719,0.00015968
36.069,0.0059252,35.032,44.818,0.0001491
36.122,0.0057274,35.117,44.861,0.00013939
36.07,0.0055426,35.098,44.852,0.00013067
35.925,0.005374,34.985,44.796,0.00012301
35.692,0.0052168,34.785,44.696,0.00011613
35.393,0.0050809,34.517,44.562,0.00011039
35.038,0.0049669,34.189,44.398,0.00010573
34.628,0.0048751,33.805,44.206,0.00010212
34.099,0.0047984,33.301,43.953,9.9259e-05
33.495,0.0047505,32.718,43.662,9.7657e-05
32.825,0.0047322,32.067,43.335,9.7327e-05
32.109,0.0047443,31.365,42.984,9.8293e-05
31.502,0.0047774,30.768,42.685,0.00010009
30.898,0.004831,30.17,42.385,0.00010281
30.301,0.0049047,29.577,42.087,0.00010645
29.712,0.0049979,28.988,41.792,0.00011105
29.204,0.0050934,28.48,41.537,0.00011583
28.692,0.0052031,27.966,41.279,0.00012141
28.177,0.0053273,27.447,41.018,0.00012786
27.667,0.0054662,26.932,40.759,0.00013527
27.249,0.0055964,26.509,40.547,0.00014237
26.865,0.0057376,26.117,40.35,0.00015022
26.535,0.0058894,25.778,40.179,0.0001588
26.282,0.0060506,25.511,40.044,0.00016803
26.127,0.0062192,25.341,39.958,0.00017775
26.091,0.006392,25.285,39.929,0.00018774
26.187,0.0065649,25.357,39.965,0.00019768
26.421,0.0067329,25.563,40.067,0.00020721
26.82,0.0069,25.927,40.249,0.00021647
27.357,0.0070478,26.428,40.5,0.00022435
28.01,0.0071701,27.043,40.808,0.00023048
28.749,0.0072619,27.743,41.159,0.00023458
29.518,0.0073187,28.478,41.528,0.00023649
30.305,0.0073422,29.234,41.907,0.00023635
31.082,0.0073329,29.985,42.284,0.00023427
31.827,0.0072929,30.709,42.647,0.00023044
32.604,0.0072153,31.47,43.029,0.0002244
33.309,0.0071084,32.167,43.379,0.00021688
33.934,0.0069778,32.792,43.693,0.00020828
34.48,0.0068289,33.343,43.969,0.00019897
34.957,0.0066636,33.831,44.214,0.00018908
35.353,0.0064895,34.243,44.422,0.00017908
35.669,0.0063109,34.579,44.59,0.00016921
35.902,0.0061318,34.835,44.719,0.00015967
36.069,0.005925,35.032,44.818,0.00014909
36.122,0.0057272,35.117,44.861,0.00013938
36.07,0.0055424,35.098,44.852,0.00013066
35.925,0.0053738,34.985,44.796,0.00012301
35.692,0.0052167,34.786,44.696,0.00011612
35.393,0.0050808,34.517,44.562,0.00011038
35.038,0.0049668,34.19,44.398,0.00010573
34.629,0.0048749,33.805,44.206,0.00010212
34.099,0.0047982,33.301,43.953,9.9253e-05
33.495,0.0047503,32.719,43.662,9.7651e-05
32.825,0.0047321,32.067,43.335,9.7321e-05
32.109,0.0047441,31.365,42.984,9.8287e-05
31.503,0.0047772,30.768,42.685,0.00010009
30.898,0.0048309,30.17,42.385,0.0001028
30.301,0.0049046,29.577,42.087,0.00010644
29.712,0.0049978,28.988,41.792,0.00011105
29.204,0.0050933,28.48,41.537,0.00011582
28.692,0.005203,27.966,41.279,0.0001214
28.177,0.0053271,27.447,41.018,0.00012786
27.667,0.0054661,26.932,40.759,0.00013527
27.249,0.0055963,26.509,40.547,0.00014236
26.865,0.0057375,26.118,40.35,0.00015022
26.535,0.0058893,25.778,40.179,0.00015879
26.282,0.0060504,25.511,40.044,0.00016802
26.127,0.006219,25.341,39.958,0.00017774
26.091,0.0063918,25.285,39.929,0.00018773
26.187,0.0065647,25.357,39.965,0.00019767
26.421,0.0067327,25.563,40.067,0.0002072
26.82,0.0068998,25.927,40.249,0.00021646
27.357,0.0070477,26.428,40.5,0.00022434
28.01,0.00717,27.043,40.808,0.00023047
28.749,0.0072617,27.743,41.159,0.00023457
29.519,0.0073186,28.478,41.528,0.00023648
30.306,0.007342,29.234,41.907,0.00023634
31.082,0.0073327,29.985,42.284,0.00023426
31.827,0.0072927,30.709,42.647,0.00023043
32.604,0.0072151,31.471,43.03,0.00022439
33.309,0.0071083,32.167,43.379,0.00021687
33.935,0.0069776,32.792,43.693,0.00020827
34.481,0.0068287,33.343,43.97,0.00019896
34.957,0.0066635,33.831,44.215,0.00018908
35.354,0.0064894,34.243,44.422,0.00017907
35.669,0.0063108,34.579,44.59,0.0001692
35.902,0.0061316,34.835,44.719,0.00015966
36.069,0.0059248,35.032,44.818,0.00014908
36.122,0.0057271,35.118,44.861,0.00013937
36.07,0.0055423,35.098,44.852,0.00013066
35.925,0.0053737,34.986,44.796,0.000123
35.692,0.0052165,34.786,44.696,0.00011612
35.394,0.0050807,34.517,44.562,0.00011038
35.038,0.0049667,34.19,44.398,0.00010572
34.629,0.0048748,33.805,44.206,0.00010211
34.099,0.0047981,33.301,43.953,9.9249e-05
33.495,0.0047502,32.719,43.662,9.7647e-05
32.825,0.004732,32.067,43.335,9.7318e-05
32.109,0.004744,31.366,42.984,9.8283e-05
31.503,0.0047771,30.768,42.685,0.00010008
30.898,0.0048308,30.17,42.385,0.0001028
30.302,0.0049045,29.577,42.087,0.00010644
29.712,0.0049977,28.988,41.792,0.00011104
29.204,0.0050932,28.48,41.537,0.00011582
28.692,0.0052029,27.966,41.279,0.0001214
28.177,0.005327,27.447,41.018,0.00012785
27.667,0.005466,26.932,40.759,0.00013526
27.249,0.0055962,26.509,40.547,0.00014236
26.866,0.0057374,26.118,40.35,0.00015021
26.536,0.0058892,25.778,40.179,0.00015879
26.282,0.0060503,25.512,40.044,0.00016801
26.127,0.0062189,25.341,39.958,0.00017774
26.091,0.0063917,25.285,39.929,0.00018772
26.187,0.0065646,25.357,39.965,0.00019766
26.422,0.0067326,25.563,40.067,0.0002072
26.82,0.0068997,25.928,40.25,0.00021645
27.357,0.0070476,26.428,40.5,0.00022434
28.01,0.0071699,27.043,40.808,0.00023046
28.749,0.0072616,27.744,41.16,0.00023456
29.519,0.0073185,28.478,41.528,0.00023647
30.306,0.0073419,29.234,41.907,0.00023633
31.082,0.0073326,29.985,42.284,0.00023425
31.827,0.0072926,30.709,42.647,0.00023043
32.605,0.007215,31.471,43.03,0.00022438
33.309,0.0071082,32.167,43.379,0.00021686
33.935,0.0069775,32.792,43.693,0.00020827
34.481,0.0068286,33.343,43.97,0.00019896
34.957,0.0066634,33.831,44.215,0.00018907
35.354,0.0064893,34.244,44.422,0.00017907
35.669,0.0063107,34.579,44.59,0.0001692
35.902,0.0061315,34.835,44.719,0.00015966
36.069,0.0059248,35.032,44.818,0.00014908
36.123,0.005727,35.118,44.861,0.00013937
36.07,0.0055422,35.098,44.852,0.00013065
35.925,0.0053736,34.986,44.796,0.000123
35.693,0.0052165,34.786,44.696,0.00011611
35.394,0.0050806,34.517,44.562,0.00011037
35.038,0.0049666,34.19,44.398,0.00010572
34.629,0.0048748,33.805,44.206,0.00010211
34.099,0.0047981,33.301,43.954,9.9246e-05
33.495,0.0047502,32.719,43.662,9.7645e-05
32.825,0.0047319,32.067,43.335,9.7315e-05
32.109,0.004744,31.366,42.984,9.8281e-05
31.503,0.0047771,30.769,42.685,0.00010008
30.898,0.0048307,30.17,42.385,0.00010279
30.302,0.0049044,29.577,42.087,0.00010644
29.712,0.0049976,28.989,41.792,0.00011104
29.204,0.0050931,28.48,41.537,0.00011581
28.693,0.0052028,27.966,41.279,0.00012139
28.177,0.005327,27.447,41.018,0.00012785
27.667,0.005466,26.932,40.759,0.00013526
27.25,0.0055961,26.509,40.547,0.00014236
26.866,0.0057374,26.118,40.35,0.00015021
26.536,0.0058891,25.778,40.179,0.00015879
26.282,0.0060503,25.512,40.044,0.00016801
26.127,0.0062189,25.341,39.958,0.00017773
26.091,0.0063917,25.285,39.929,0.00018772
26.188,0.0065646,25.357,39.965,0.00019766
26.422,0.0067326,25.563,40.067,0.00020719
26.82,0.0068996,25.928,40.25,0.00021645
27.357,0.0070475,26.428,40.5,0.00022433
28.01,0.0071698,27.043,40.808,0.00023046
28.749,0.0072616,27.744,41.16,0.00023456
29.519,0.0073184,28.479,41.528,0.00023647
30.306,0.0073419,29.234,41.907,0.00023633
31.082,0.0073326,29.985,42.284,0.00023425
31.827,0.0072925,30.709,42.647,0.00023042
32.605,0.007215,31.471,43.03,0.00022438
33.309,0.0071081,32.167,43.379,0.00021686
33.935,0.0069775,32.792,43.693,0.00020826
34.481,0.0068286,33.343,43.97,0.00019895
34.957,0.0066633,33.831,44.215,0.00018907
35.354,0.0064892,34.244,44.422,0.00017907
35.669,0.0063107,34.579,44.59,0.0001692
35.903,0.0061315,34.835,44.719,0.00015965
36.069,0.0059247,35.032,44.818,0.00014907
36.123,0.0057269,35.118,44.861,0.00013937
36.07,0.0055422,35.098,44.852,0.00013065
35.925,0.0053736,34.986,44.796,0.000123
35.693,0.0052164,34.786,44.696,0.00011611
35.394,0.0050805,34.517,44.562,0.00011037
35.038,0.0049666,34.19,44.398,0.00010572
34.629,0.0048747,33.805,44.206,0.00010211
34.099,0.004798,33.301,43.954,9.9245e-05
33.495,0.0047501,32.719,43.662,9.7643e-05
32.825,0.0047319,32.067,43.335,9.7313e-05
32.109,0.0047439,31.366,42.984,9.8279e-05
31.503,0.004777,30.769,42.685,0.00010008
30.898,0.0048307,30.17,42.385,0.00010279
30.302,0.0049044,29.577,42.087,0.00010644
29.712,0.0049976,28.989,41.792,0.00011104
29.205,0.0050931,28.48,41.537,0.00011581
28.693,0.0052028,27.966,41.279,0.00012139
28.177,0.0053269,27.447,41.018,0.00012785
27.667,0.0054659,26.932,40.759,0.00013526
27.25,0.0055961,26.509,40.547,0.00014235
26.866,0.0057373,26.118,40.35,0.00015021
26.536,0.0058891,25.778,40.179,0.00015878
26.282,0.0060502,25.512,40.045,0.00016801
26.127,0.0062188,25.341,39.958,0.00017773
26.091,0.0063916,25.285,39.929,0.00018772
26.188,0.0065645,25.357,39.965,0.00019766
26.422,0.0067325,25.563,40.067,0.00020719
26.82,0.0068996,25.928,40.25,0.00021645
27.357,0.0070474,26.428,40.5,0.00022433
28.01,0.0071698,27.043,40.808,0.00023046
28.749,0.0072615,27.744,41.16,0.00023456
29.519,0.0073183,28.479,41.528,0.00023647
30.306,0.0073418,29.234,41.907,0.00023632
31.083,0.0073325,29.985,42.284,0.00023424
31.827,0.0072925,30.709,42.647,0.00023042
32.605,0.0072149,31.471,43.03,0.00022437
33.309,0.007108,32.167,43.379,0.00021686
33.935,0.0069774,32.792,43.693,0.00020826
34.481,0.0068285,33.343,43.97,0.00019895
34.957,0.0066633,33.831,44.215,0.00018906
35.354,0.0064892,34.244,44.422,0.00017906
35.669,0.0063106,34.579,44.59,0.00016919
35.903,0.0061314,34.835,44.719,0.00015965
36.069,0.0059247,35.032,44.818,0.00014907
36.123,0.0057269,35.118,44.861,0.00013936
36.07,0.0055422,35.098,44.852,0.00013065
35.925,0.0053736,34.986,44.796,0.00012299
35.693,0.0052164,34.786,44.696,0.00011611
35.394,0.0050805,34.517,44.562,0.00011037
35.038,0.0049665,34.19,44.398,0.00010572
34.629,0.0048747,33.805,44.206,0.00010211
34.099,0.004798,33.301,43.954,9.9244e-05
33.495,0.0047501,32.719,43.662,9.7642e-05
32.825,0.0047319,32.067,43.336,9.7312e-05
32.109,0.0047439,31.366,42.984,9.8278e-05
31.503,0.004777,30.769,42.685,0.00010008
30.898,0.0048307,30.17,42.385,0.00010279
30.302,0.0049044,29.577,42.087,0.00010643
29.712,0.0049976,28.989,41.792,0.00011104
29.205,0.0050931,28.48,41.537,0.00011581
28.693,0.0052028,27.966,41.279,0.00012139
28.177,0.0053269,27.447,41.018,0.00012785
27.667,0.0054659,26.932,40.759,0.00013526
27.25,0.0055961,26.509,40.547,0.00014235
26.866,0.0057373,26.118,40.35,0.0001502
26.536,0.0058891,25.778,40.179,0.00015878
26.282,0.0060502,25.512,40.045,0.00016801
26.127,0.0062188,25.341,39.958,0.00017773
26.091,0.0063916,25.285,39.929,0.00018772
26.188,0.0065645,25.357,39.965,0.00019765
26.422,0.0067325,25.563,40.067,0.00020719
26.82,0.0068996,25.928,40.25,0.00021645
27.357,0.0070474,26.428,40.5,0.00022433
28.01,0.0071697,27.043,40.808,0.00023046
28.749,0.0072615,27.744,41.16,0.00023455
29.519,0.0073183,28.479,41.528,0.00023646
30.306,0.0073418,29.234,41.907,0.00023632
31.083,0.0073325,29.985,42.284,0.00023424
31.827,0.0072925,30.709,42.647,0.00023042
32.605,0.0072149,31.471,43.03,0.00022437
33.309,0.007108,32.167,43.379,0.00021685
33.935,0.0069774,32.792,43.693,0.00020826
34.481,0.0068285,33.343,43.97,0.00019895
34.957,0.0066633,33.831,44.215,0.00018906
35.354,0.0064892,34.244,44.422,0.00017906
35.669,0.0063106,34.579,44.59,0.00016919
35.903,0.0061314,34.835,44.719,0.00015965
36.069,0.0059246,35.032,44.818,0.00014907
36.123,0.0057269,35.118,44.861,0.00013936
36.07,0.0055421,35.098,44.852,0.00013065
35.925,0.0053735,34.986,44.796,0.00012299
35.693,0.0052164,34.786,44.696,0.00011611
35.394,0.0050805,34.518,44.562,0.00011037
35.038,0.0049665,34.19,44.398,0.00010572
34.629,0.0048747,33.805,44.206,0.0001021
34.1,0.004798,33.301,43.954,9.9243e-05
33.495,0.0047501,32.719,43.662,9.7641e-05
32.825,0.0047319,32.067,43.336,9.7312e-05
32.109,0.0047439,31.366,42.984,9.8278e-05
31.503,0.004777,30.769,42.685,0.00010008
30.898,0.0048307,30.17,42.385,0.00010279
30.302,0.0049044,29.577,42.087,0.00010643
29.712,0.0049975,28.989,41.792,0.00011104
29.205,0.0050931,28.48,41.537,0.00011581
28.693,0.0052028,27.966,41.279,0.00012139
28.177,0.0053269,27.447,41.018,0.00012785
27.667,0.0054659,26.932,40.759,0.00013525
27.25,0.0055961,26.509,40.547,0.00014235
26.866,0.0057373,26.118,40.35,0.0001502
26.536,0.0058891,25.778,40.179,0.00015878
26.282,0.0060502,25.512,40.045,0.00016801
26.127,0.0062188,25.341,39.958,0.00017773
26.091,0.0063916,25.285,39.929,0.00018771
26.188,0.0065645,25.357,39.965,0.00019765
26.422,0.0067325,25.563,40.067,0.00020719
26.82,0.0068995,25.928,40.25,0.00021644
27.357,0.0070474,26.428,40.5,0.00022433
28.01,0.0071697,27.043,40.808,0.00023045
28.749,0.0072615,27.744,41.16,0.00023455
29.519,0.0073183,28.479,41.528,0.00023646
30.306,0.0073418,29.234,41.907,0.00023632
31.083,0.0073325,29.985,42.284,0.00023424
31.827,0.0072925,30.709,42.647,0.00023042
32.605,0.0072149,31.471,43.03,0.00022437
33.309,0.007108,32.167,43.379,0.00021685
33.935,0.0069774,32.792,43.693,0.00020826
34.481,0.0068285,33.343,43.97,0.00019895
34.957,0.0066632,33.831,44.215,0.00018906
35.354,0.0064892,34.244,44.422,0.00017906
35.669,0.0063106,34.579,44.59,0.00016919
35.903,0.0061314,34.835,44.719,0.00015965
36.069,0.0059246,35.032,44.818,0.00014907
36.123,0.0057269,35.118,44.861,0.00013936
36.07,0.0055421,35.098,44.852,0.00013065
35.925,0.0053735,34.986,44.796,0.00012299
35.693,0.0052164,34.786,44.696,0.00011611
35.394,0.0050805,34.518,44.562,0.00011037
35.038,0.0049665,34.19,44.398,0.00010571
34.629,0.0048747,33.805,44.206,0.0001021
34.1,0.004798,33.301,43.954,9.9242e-05
33.496,0.0047501,32.719,43.662,9.7641e-05
32.825,0.0047319,32.067,43.336,9.7311e-05
32.109,0.0047439,31.366,42.984,9.8277e-05
31.503,0.004777,30.769,42.685,0.00010008
30.898,0.0048307,30.17,42.385,0.00010279
30.302,0.0049044,29.577,42.087,0.00010643
29.712,0.0049975,28.989,41.792,0.00011104
29.205,0.0050931,28.48,41.537,0.00011581
28.693,0.0052028,27.966,41.279,0.00012139
28.177,0.0053269,27.447,41.018,0.00012785
27.667,0.0054659,26.932,40.759,0.00013525
27.25,0.005596,26.509,40.547,0.00014235
26.866,0.0057373,26.118,40.35,0.0001502
26.536,0.005889,25.778,40.179,0.00015878
26.282,0.0060502,25.512,40.045,0.00016801
26.127,0.0062188,25.341,39.958,0.00017773
26.091,0.0063916,25.285,39.929,0.00018771
26.188,0.0065645,25.357,39.965,0.00019765
26.422,0.0067325,25.563,40.067,0.00020719
26.82,0.0068995,25.928,40.25,0.00021644
27.357,0.0070474,26.428,40.5,0.00022433
28.01,0.0071697,27.043,40.808,0.00023045
28.749,0.0072615,27.744,41.16,0.00023455
29.519,0.0073183,28.479,41.528,0.00023646
30.306,0.0073418,29.234,41.907,0.00023632
31.083,0.0073325,29.985,42.284,0.00023424
31.827,0.0072924,30.709,42.647,0.00023042
32.605,0.0072149,31.471,43.03,0.00022437
33.309,0.007108,32.167,43.379,0.00021685
33.935,0.0069774,32.792,43.693,0.00020826
34.481,0.0068285,33.343,43.97,0.00019895
34.957,0.0066632,33.831,44.215,0.00018906
35.354,0.0064892,34.244,44.422,0.00017906
35.669,0.0063106,34.579,44.59,0.00016919
35.903,0.0061314,34.835,44.719,0.00015965
36.069,0.0059246,35.032,44.818,0.00014907
36.123,0.0057268,35.118,44.861,0.00013936
36.07,0.0055421,35.098,44.852,0.00013065
35.925,0.0053735,34.986,44.796,0.00012299
35.693,0.0052164,34.786,44.696,0.00011611
35.394,0.0050805,34.518,44.562,0.00011037
35.038,0.0049665,34.19,44.398,0.00010571
34.629,0.0048747,33.805,44.206,0.0001021
34.1,0.004798,33.301,43.954,9.9242e-05
33.496,0.0047501,32.719,43.662,9.7641e-05
32.825,0.0047318,32.067,43.336,9.7311e-05
32.109,0.0047439,31.366,42.984,9.8277e-05
31.503,0.004777,30.769,42.685,0.00010008
30.898,0.0048307,30.17,42.385,0.00010279
30.302,0.0049043,29.577,42.087,0.00010643
29.712,0.0049975,28.989,41.792,0.00011104
29.205,0.005093,28.48,41.537,0.00011581
28.693,0.0052027,27.966,41.279,0.00012139
28.177,0.0053269,27.447,41.018,0.00012785
27.667,0.0054659,26.932,40.759,0.00013525
27.25,0.005596,26.509,40.547,0.00014235
26.866,0.0057373,26.118,40.35,0.0001502
26.536,0.005889,25.778,40.179,0.00015878
26.282,0.0060502,25.512,40.045,0.00016801
26.127,0.0062188,25.341,39.958,0.00017773
26.091,0.0063916,25.285,39.929,0.00018771
26.188,0.0065645,25.357,39.965,0.00019765
26.422,0.0067325,25.563,40.067,0.00020718
26.82,0.0068995,25.928,40.25,0.00021644
27.357,0.0070474,26.428,40.5,0.00022433
28.011,0.0071697,27.043,40.808,0.00023045
28.749,0.0072615,27.744,41.16,0.00023455
29.519,0.0073183,28.479,41.528,0.00023646
30.306,0.0073418,29.234,41.907,0.00023632
31.083,0.0073325,29.985,42.284,0.00023424
31.827,0.0072924,30.709,42.647,0.00023042
32.605,0.0072149,31.471,43.03,0.00022437
33.309,0.007108,32.167,43.379,0.00021685
33.935,0.0069774,32.792,43.693,0.00020826
34.481,0.0068285,33.343,43.97,0.00019895
34.957,0.0066632,33.831,44.215,0.00018906
35.354,0.0064891,34.244,44.422,0.00017906
35.669,0.0063106,34.579,44.59,0.00016919
35.903,0.0061314,34.835,44.719,0.00015965
36.069,0.0059246,35.032,44.818,0.00014907
36.123,0.0057268,35.118,44.861,0.00013936
36.07,0.0055421,35.098,44.852,0.00013065
35.925,0.0053735,34.986,44.796,0.00012299
35.693,0.0052163,34.786,44.696,0.00011611
35.394,0.0050805,34.518,44.562,0.00011037
35.038,0.0049665,34.19,44.398,0.00010571
34.629,0.0048747,33.805,44.206,0.0001021
34.1,0.0047979,33.301,43.954,9.9242e-05
33.496,0.0047501,32.719,43.662,9.7641e-05
32.825,0.0047318,32.067,43.336,9.7311e-05
32.109,0.0047439,31.366,42.984,9.8277e-05
31.503,0.004777,30.769,42.685,0.00010008
30.898,0.0048306,30.17,42.385,0.00010279
30.302,0.0049043,29.577,42.087,0.00010643
29.712,0.0049975,28.989,41.792,0.00011104
29.205,0.005093,28.48,41.537,0.00011581
28.693,0.0052027,27.966,41.279,0.00012139
28.177,0.0053269,27.447,41.018,0.00012785
27.667,0.0054659,26.932,40.759,0.00013525
27.25,0.005596,26.509,40.547,0.00014235
26.866,0.0057373,26.118,40.35,0.0001502
26.536,0.005889,25.778,40.179,0.00015878
26.282,0.0060502,25.512,40.045,0.00016801
26.127,0.0062188,25.341,39.958,0.00017773
26.091,0.0063916,25.285,39.929,0.00018771
26.188,0.0065645,25.357,39.965,0.00019765
26.422,0.0067325,25.563,40.067,0.00020718
26.82,0.0068995,25.928,40.25,0.00021644
27.358,0.0070474,26.428,40.5,0.00022433
28.011,0.0071697,27.043,40.808,0.00023045
28.749,0.0072615,27.744,41.16,0.00023455
29.519,0.0073183,28.479,41.528,0.00023646
30.306,0.0073417,29.234,41.907,0.00023632
31.083,0.0073325,29.985,42.284,0.00023424
31.827,0.0072924,30.709,42.647,0.00023042
32.605,0.0072149,31.471,43.03,0.00022437
33.309,0.007108,32.167,43.379,0.00021685
33.935,0.0069774,32.792,43.693,0.00020826
34.481,0.0068285,33.343,43.97,0.00019895
34.957,0.0066632,33.831,44.215,0.00018906
35.354,0.0064891,34.244,44.422,0.00017906
35.669,0.0063106,34.579,44.59,0.00016919
35.903,0.0061314,34.835,44.719,0.00015965
36.069,0.0059246,35.032,44.818,0.00014907
36.123,0.0057268,35.118,44.861,0.00013936
36.07,0.0055421,35.098,44.852,0.00013065
35.925,0.0053735,34.986,44.796,0.00012299
35.693,0.0052163,34.786,44.696,0.00011611
35.394,0.0050805,34.518,44.562,0.00011037
35.038,0.0049665,34.19,44.398,0.00010571
34.629,0.0048746,33.805,44.206,0.0001021
34.1,0.0047979,33.301,43.954,9.9242e-05
33.496,0.0047501,32.719,43.662,9.764e-05
32.825,0.0047318,32.067,43.336,9.7311e-05
32.109,0.0047439,31.366,42.984,9.8277e-05
31.503,0.004777,30.769,42.685,0.00010008
30.898,0.0048306,30.17,42.385,0.00010279
30.302,0.0049043,29.577,42.087,0.00010643
29.712,0.0049975,28.989,41.792,0.00011104
29.205,0.005093,28.48,41.537,0.00011581
28.693,0.0052027,27.966,41.279,0.00012139
28.177,0.0053269,27.447,41.018,0.00012785
27.667,0.0054659,26.932,40.759,0.00013525
27.25,0.005596,26.509,40.547,0.00014235
26.866,0.0057373,26.118,40.35,0.0001502
26.536,0.005889,25.778,40.179,0.00015878
26.282,0.0060502,25.512,40.045,0.00016801
26.127,0.0062188,25.341,39.958,0.00017773
26.091,0.0063916,25.285,39.929,0.00018771
26.188,0.0065645,25.357,39.965,0.00019765
26.422,0.0067325,25.563,40.067,0.00020718
26.82,0.0068995,25.928,40.25,0.00021644
27.358,0.0070474,26.428,40.5,0.00022433
28.011,0.0071697,27.043,40.808,0.00023045
28.749,0.0072615,27.744,41.16,0.00023455
29.519,0.0073183,28.479,41.528,0.00023646
30.306,0.0073417,29.234,41.907,0.00023632
31.083,0.0073325,29.985,42.284,0.00023424
31.827,0.0072924,30.709,42.647,0.00023041
32.605,0.0072149,31.471,43.03,0.00022437
33.309,0.007108,32.167,43.379,0.00021685
33.935,0.0069774,32.792,43.693,0.00020826
34.481,0.0068285,33.343,43.97,0.00019895
34.957,0.0066632,33.831,44.215,0.00018906
35.354,0.0064891,34.244,44.422,0.00017906
35.669,0.0063106,34.579,44.59,0.00016919
35.903,0.0061314,34.835,44.719,0.00015965
36.069,0.0059246,35.032,44.818,0.00014907
36.123,0.0057268,35.118,44.861,0.00013936
36.07,0.0055421,35.098,44.852,0.00013065
35.925,0.0053735,34.986,44.796,0.00012299
35.693,0.0052163,34.786,44.696,0.00011611
35.394,0.0050805,34.518,44.562,0.00011037
35.038,0.0049665,34.19,44.398,0.00010571
34.629,0.0048746,33.805,44.206,0.0001021
34.1,0.0047979,33.301,43.954,9.9242e-05
33.496,0.0047501,32.719,43.662,9.764e-05
32.825,0.0047318,32.067,43.336,9.7311e-05
32.109,0.0047439,31.366,42.984,9.8277e-05
31.503,0.004777,30.769,42.685,0.00010008
30.898,0.0048306,30.17,42.385,0.00010279
30.302,0.0049043,29.577,42.087,0.00010643
29.712,0.0049975,28.989,41.792,0.00011104
29.205,0.005093,28.48,41.537,0.00011581
28.693,0.0052027,27.966,41.279,0.00012139
28.177,0.0053269,27.447,41.018,0.00012785
27.667,0.0054659,26.932,40.759,0.00013525
27.25,0.005596,26.509,40.547,0.00014235
26.866,0.0057373,26.118,40.35,0.0001502
26.536,0.005889,25.778,40.179,0.00015878
26.282,0.0060502,25.512,40.045,0.00016801
26.127,0.0062188,25.341,39.958,0.00017773
26.091,0.0063916,25.285,39.929,0.00018771
26.188,0.0065645,25.357,39.965,0.00019765
26.422,0.0067325,25.563,40.067,0.00020718
26.82,0.0068995,25.928,40.25,0.00021644
27.358,0.0070474,26.428,40.5,0.00022433
28.011,0.0071697,27.043,40.808,0.00023045
28.749,0.0072615,27.744,41.16,0.00023455
29.519,0.0073183,28.479,41.528,0.00023646
30.306,0.0073417,29.234,41.907,0.00023632
31.083,0.0073325,29.985,42.284,0.00023424
31.827,0.0072924,30.709,42.647,0.00023041
32.605,0.0072149,31.471,43.03,0.00022437
33.309,0.007108,32.167,43.379,0.00021685
33.935,0.0069774,32.792,43.693,0.00020826
34.481,0.0068285,33.343,43.97,0.00019895
34.957,0.0066632,33.831,44.215,0.00018906
35.354,0.0064891,34.244,44.422,0.00017906
35.669,0.0063106,34.579,44.59,0.00016919
35.903,0.0061314,34.835,44.719,0.00015965
36.069,0.0059246,35.032,44.818,0.00014907
36.123,0.0057268,35.118,44.861,0.00013936
36.07,0.0055421,35.098,44.852,0.00013065
35.925,0.0053735,34.986,44.796,0.00012299
35.693,0.0052163,34.786,44.696,0.00011611
35.394,0.0050805,34.518,44.562,0.00011037
35.038,0.0049665,34.19,44.398,0.00010571
34.629,0.0048746,33.805,44.206,0.0001021
34.1,0.0047979,33.301,43.954,9.9242e-05
33.496,0.0047501,32.719,43.662,9.764e-05
32.825,0.0047318,32.067,43.336,9.7311e-05
32.109,0.0047439,31.366,42.984,9.8277e-05
31.503,0.004777,30.769,42.685,0.00010008
30.898,0.0048306,30.17,42.385,0.00010279
30.302,0.0049043,29.577,42.087,0.00010643
29.712,0.0049975,28.989,41.792,0.00011103
29.205,0.005093,28.48,41.537,0.00011581
28.693,0.0052027,27.966,41.279,0.00012139
28.177,0.0053269,27.447,41.018,0.00012785
27.667,0.0054659,26.932,40.759,0.00013525
27.25,0.005596,26.509,40.547,0.00014235
26.866,0.0057373,26.118,40.35,0.0001502
26.536,0.005889,25.778,40.179,0.00015878
26.282,0.0060502,25.512,40.045,0.00016801
26.127,0.0062188,25.341,39.958,0.00017773
26.091,0.0063916,25.285,39.929,0.00018771
26.188,0.0065645,25.357,39.965,0.00019765
26.422,0.0067325,25.563,40.067,0.00020718
26.82,0.0068995,25.928,40.25,0.00021644
27.358,0.0070474,26.428,40.5,0.00022433
28.011,0.0071697,27.043,40.808,0.00023045
28.749,0.0072615,27.744,41.16,0.00023455
29.519,0.0073183,28.479,41.528,0.00023646
30.306,0.0073417,29.234,41.907,0.00023632
31.083,0.0073324,29.985,42.284,0.00023424
31.827,0.0072924,30.709,42.647,0.00023041
32.605,0.0072149,31.471,43.03,0.00022437
33.309,0.007108,32.167,43.379,0.00021685
33.935,0.0069773,32.792,43.693,0.00020826
34.481,0.0068285,33.343,43.97,0.00019895
34.957,0.0066632,33.831,44.215,0.00018906
35.354,0.0064891,34.244,44.422,0.00017906
35.669,0.0063105,34.579,44.59,0.00016919
35.903,0.0061314,34.835,44.719,0.00015965
36.069,0.0059246,35.032,44.818,0.00014907
36.123,0.0057268,35.118,44.861,0.00013936
36.07,0.0055421,35.098,44.852,0.00013065
35.925,0.0053735,34.986,44.796,0.00012299
35.693,0.0052163,34.786,44.696,0.00011611
35.394,0.0050805,34.518,44.562,0.00011037
35.038,0.0049665,34.19,44.398,0.00010571
34.629,0.0048746,33.805,44.206,0.0001021
34.1,0.0047979,33.301,43.954,9.9242e-05
33.496,0.0047501,32.719,43.662,9.764e-05
32.825,0.0047318,32.067,43.336,9.7311e-05
32.109,0.0047439,31.366,42.984,9.8277e-05
31.503,0.004777,30.769,42.685,0.00010008
30.898,0.0048306,30.17,42.385,0.00010279
30.302,0.0049043,29.577,42.087,0.00010643
29.712,0.0049975,28.989,41.792,0.00011103
29.205,0.005093,28.48,41.537,0.00011581
28.693,0.0052027,27.966,41.279,0.00012139
28.177,0.0053269,27.447,41.018,0.00012785
27.667,0.0054659,26.932,40.759,0.00013525
27.25,0.005596,26.509,40.547,0.00014235
26.866,0.0057373,26.118,40.35,0.0001502
26.536,0.005889,25.778,40.179,0.00015878
26.282,0.0060502,25.512,40.045,0.00016801
26.127,0.0062187,25.341,39.958,0.00017773
26.091,0.0063915,25.285,39.929,0.00018771
26.188,0.0065645,25.357,39.965,0.00019765
26.422,0.0067325,25.563,40.067,0.00020718
26.82,0.0068995,25.928,40.25,0.00021644
27.358,0.0070474,26.428,40.5,0.00022433
28.011,0.0071697,27.043,40.808,0.00023045
28.749,0.0072615,27.744,41.16,0.00023455
29.519,0.0073183,28.479,41.528,0.00023646
30.306,0.0073417,29.234,41.907,0.00023632
31.083,0.0073324,29.985,42.284,0.00023424
31.827,0.0072924,30.709,42.647,0.00023041
32.605,0.0072149,31.471,43.03,0.00022437
33.309,0.007108,32.167,43.379,0.00021685
33.935,0.0069773,32.792,43.693,0.00020826
34.481,0.0068285,33.343,43.97,0.00019895
34.957,0.0066632,33.831,44.215,0.00018906
35.354,0.0064891,34.244,44.422,0.00017906
35.669,0.0063105,34.579,44.59,0.00016919
35.903,0.0061314,34.835,44.719,0.00015965
36.069,0.0059246,35.032,44.818,0.00014907
36.123,0.0057268,35.118,44.861,0.00013936
36.07,0.0055421,35.098,44.852,0.00013065
35.925,0.0053735,34.986,44.796,0.00012299
35.693,0.0052163,34.786,44.696,0.00011611
35.394,0.0050805,34.518,44.562,0.00011037
35.038,0.0049665,34.19,44.398,0.00010571
34.629,0.0048746,33.805,44.206,0.0001021
34.1,0.0047979,33.301,43.954,9.9242e-05
33.496,0.0047501,32.719,43.662,9.764e-05
32.825,0.0047318,32.067,43.336,9.7311e-05
32.109,0.0047439,31.366,42.984,9.8277e-05
31.503,0.004777,30.769,42.685,0.00010008
30.898,0.0048306,30.17,42.385,0.00010279
30.302,0.0049043,29.577,42.087,0.00010643
29.712,0.0049975,28.989,41.792,0.00011103
29.205,0.005093,28.48,41.537,0.00011581
28.693,0.0052027,27.966,41.279,0.00012139
28.177,0.0053269,27.447,41.018,0.00012785
27.667,0.0054659,26.932,40.759,0.00013525
27.25,0.005596,26.509,40.547,0.00014235
26.866,0.0057373,26.118,40.35,0.0001502
26.536,0.005889,25.778,40.179,0.00015878
26.282,0.0060502,25.512,40.045,0.00016801
26.127,0.0062187,25.341,39.958,0.00017773
26.091,0.0063915,25.285,39.929,0.00018771
26.188,0.0065645,25.357,39.965,0.00019765
26.422,0.0067325,25.563,40.067,0.00020718
26.82,0.0068995,25.928,40.25,0.00021644
27.358,0.0070474,26.428,40.5,0.00022433
28.011,0.0071697,27.043,40.808,0.00023045
28.749,0.0072615,27.744,41.16,0.00023455
29.519,0.0073183,28.479,41.528,0.00023646
30.306,0.0073417,29.234,41.907,0.00023632
31.083,0.0073324,29.985,42.284,0.00023424
31.827,0.0072924,30.709,42.647,0.00023041
32.605,0.0072149,31.471,43.03,0.00022437
33.309,0.007108,32.167,43.379,0.00021685
33.935,0.0069773,32.792,43.693,0.00020826
34.481,0.0068285,33.343,43.97,0.00019895
34.957,0.0066632,33.831,44.215,0.00018906
35.354,0.0064891,34.244,44.422,0.00017906
35.669,0.0063105,34.579,44.59,0.00016919
35.903,0.0061314,34.835,44.719,0.00015965
36.069,0.0059246,35.032,44.818,0.00014907
36.123,0.0057268,35.118,44.861,0.00013936
36.07,0.0055421,35.098,44.852,0.00013065
35.925,0.0053735,34.986,44.796,0.00012299
35.693,0.0052163,34.786,44.696,0.00011611
35.394,0.0050805,34.518,44.562,0.00011037
35.038,0.0049665,34.19,44.398,0.00010571
34.629,0.0048746,33.805,44.206,0.0001021
34.1,0.0047979,33.301,43.954,9.9242e-05
33.496,0.0047501,32.719,43.662,9.764e-05
32.825,0.0047318,32.067,43.336,9.7311e-05
32.109,0.0047439,31.366,42.984,9.8277e-05
31.503,0.004777,30.769,42.685,0.00010008
30.898,0.0048306,30.17,42.385,0.00010279
30.302,0.0049043,29.577,42.087,0.00010643
29.712,0.0049975,28.989,41.792,0.00011103
29.205,0.005093,28.48,41.537,0.00011581
28.693,0.0052027,27.966,41.279,0.00012139
28.177,0.0053269,27.447,41.018,0.00012785
27.667,0.0054659,26.932,40.759,0.00013525
27.25,0.005596,26.509,40.547,0.00014235
26.866,0.0057373,26.118,40.35,0.0001502
26.536,0.005889,25.778,40.179,0.00015878
26.282,0.0060502,25.512,40.045,0.00016801
26.127,0.0062187,25.341,39.958,0.00017773
26.091,0.0063915,25.285,39.929,0.00018771
26.188,0.0065645,25.357,39.965,0.00019765
26.422,0.0067325,25.563,40.067,0.00020718
26.82,0.0068995,25.928,40.25,0.00021644
27.358,0.0070474,26.428,40.5,0.00022433
28.011,0.0071697,27.043,40.808,0.00023045
28.749,0.0072615,27.744,41.16,0.00023455
29.519,0.0073183,28.479,41.528,0.00023646
30.306,0.0073417,29.234,41.907,0.00023632
31.083,0.0073324,29.985,42.284,0.00023424
31.827,0.0072924,30.709,42.647,0.00023041
32.605,0.0072149,31.471,43.03,0.00022437
33.309,0.007108,32.167,43.379,0.00021685
33.935,0.0069773,32.792,43.693,0.00020826
34.481,0.0068285,33.343,43.97,0.00019895
34.957,0.0066632,33.831,44.215,0.00018906
35.354,0.0064891,34.244,44.422,0.00017906
35.669,0.0063105,34.579,44.59,0.00016919
35.903,0.0061314,34.835,44.719,0.00015965
36.069,0.0059246,35.032,44.818,0.00014907
36.123,0.0057268,35.118,44.861,0.00013936
36.07,0.0055421,35.098,44.852,0.00013065
35.925,0.0053735,34.986,44.796,0.00012299
35.693,0.0052163,34.786,44.696,0.00011611
35.394,0.0050805,34.518,44.562,0.00011037
35.038,0.0049665,34.19,44.398,0.00010571
34.629,0.0048746,33.805,44.206,0.0001021
34.1,0.0047979,33.301,43.954,9.9242e-05
33.496,0.0047501,32.719,43.662,9.764e-05
32.825,0.0047318,32.067,43.336,9.7311e-05
32.109,0.0047439,31.366,42.984,9.8277e-05
31.503,0.004777,30.769,42.685,0.00010008
30.898,0.0048306,30.17,42.385,0.00010279
30.302,0.0049043,29.577,42.087,0.00010643
29.712,0.0049975,28.989,41.792,0.00011103
29.205,0.005093,28.48,41.537,0.00011581
28.693,0.0052027,27.966,41.279,0.00012139
28.177,0.0053269,27.447,41.018,0.00012785
27.667,0.0054659,26.932,40.759,0.00013525
27.25,0.005596,26.509,40.547,0.00014235
26.866,0.0057373,26.118,40.35,0.0001502
26.536,0.005889,25.778,40.179,0.00015878
26.282,0.0060502,25.512,40.045,0.00016801
26.127,0.0062187,25.341,39.958,0.00017773
26.091,0.0063915,25.285,39.929,0.00018771
26.188,0.0065645,25.357,39.965,0.00019765
26.422,0.0067325,25.563,40.067,0.00020718
26.82,0.0068995,25.928,40.25,0.00021644
27.358,0.0070474,26.428,40.5,0.00022433
28.011,0.0071697,27.043,40.808,0.00023045
28.749,0.0072615,27.744,41.16,0.00023455
29.519,0.0073183,28.479,41.528,0.00023646
30.306,0.0073417,29.234,41.907,0.00023632
31.083,0.0073324,29.985,42.284,0.00023424
31.827,0.0072924,30.709,42.647,0.00023041
32.605,0.0072149,31.471,43.03,0.00022437
33.309,0.007108,32.167,43.379,0.00021685
33.935,0.0069773,32.792,43.693,0.00020826
34.481,0.0068285,33.343,43.97,0.00019895
34.957,0.0066632,33.831,44.215,0.00018906
35.354,0.0064891,34.244,44.422,0.00017906
35.669,0.0063105,34.579,44.59,0.00016919
35.903,0.0061314,34.835,44.719,0.00015965
36.069,0.0059246,35.032,44.818,0.00014907
36.123,0.0057268,35.118,44.861,0.00013936
36.07,0.0055421,35.098,44.852,0.00013065
35.925,0.0053735,34.986,44.796,0.00012299
35.693,0.0052163,34.786,44.696,0.00011611
35.394,0.0050805,34.518,44.562,0.00011037
35.038,0.0049665,34.19,44.398,0.00010571
34.629,0.0048746,33.805,44.206,0.0001021
34.1,0.0047979,33.301,43.954,9.9242e-05
33.496,0.0047501,32.719,43.662,9.764e-05
32.825,0.0047318,32.067,43.336,9.7311e-05
32.109,0.0047439,31.366,42.984,9.8277e-05
31.503,0.004777,30.769,42.685,0.00010008
30.898,0.0048306,30.17,42.385,0.00010279
30.302,0.0049043,29.577,42.087,0.00010643
29.712,0.0049975,28.989,41.792,0.00011103
29.205,0.005093,28.48,41.537,0.00011581
28.693,0.0052027,27.966,41.279,0.00012139
28.177,0.0053269,27.447,41.018,0.00012785
27.667,0.0054659,26.932,40.759,0.00013525
27.25,0.005596,26.509,40.547,0.00014235
26.866,0.0057373,26.118,40.35,0.0001502
26.536,0.005889,25.778,40.179,0.00015878
26.282,0.0060502,25.512,40.045,0.00016801
26.127,0.0062187,25.341,39.958,0.00017773
26.091,0.0063915,25.285,39.929,0.00018771
26.188,0.0065645,25.357,39.965,0.00019765
26.422,0.0067325,25.563,40.067,0.00020718
26.82,0.0068995,25.928,40.25,0.00021644
27.358,0.0070474,26.428,40.5,0.00022433
28.011,0.0071697,27.043,40.808,0.00023045
28.749,0.0072615,27.744,41.16,0.00023455
29.519,0.0073183,28.479,41.528,0.00023646
30.306,0.0073417,29.234,41.907,0.00023632
31.083,0.0073324,29.985,42.284,0.00023424
31.827,0.0072924,30.709,42.647,0.00023041
32.605,0.0072149,31.471,43.03,0.00022437
33.309,0.007108,32.167,43.379,0.00021685
33.935,0.0069773,32.792,43.693,0.00020826
34.481,0.0068285,33.343,43.97,0.00019895
34.957,0.0066632,33.831,44.215,0.00018906
35.354,0.0064891,34.244,44.422,0.00017906
35.669,0.0063105,34.579,44.59,0.00016919
35.903,0.0061314,34.835,44.719,0.00015965
36.069,0.0059246,35.032,44.818,0.00014907
36.123,0.0057268,35.118,44.861,0.00013936
36.07,0.0055421,35.098,44.852,0.00013065
35.925,0.0053735,34.986,44.796,0.00012299
35.693,0.0052163,34.786,44.696,0.00011611
35.394,0.0050805,34.518,44.562,0.00011037
35.038,0.0049665,34.19,44.398,0.00010571
34.629,0.0048746,33.805,44.206,0.0001021
34.1,0.0047979,33.301,43.954,9.9242e-05
33.496,0.0047501,32.719,43.662,9.764e-05
32.825,0.0047318,32.067,43.336,9.7311e-05
32.109,0.0047439,31.366,42.984,9.8277e-05
31.503,0.004777,30.769,42.685,0.00010008
30.898,0.0048306,30.17,42.385,0.00010279
30.302,0.0049043,29.577,42.087,0.00010643
29.712,0.0049975,28.989,41.792,0.00011103
29.205,0.005093,28.48,41.537,0.00011581
28.693,0.0052027,27.966,41.279,0.00012139
28.177,0.0053269,27.447,41.018,0.00012785
27.667,0.0054659,26.932,40.759,0.00013525
27.25,0.005596,26.509,40.547,0.00014235
26.866,0.0057373,26.118,40.35,0.0001502
26.536,0.005889,25.778,40.179,0.00015878
26.282,0.0060502,25.512,40.045,0.00016801
26.127,0.0062187,25.341,39.958,0.00017773
26.091,0.0063915,25.285,39.929,0.00018771
26.188,0.0065645,25.357,39.965,0.00019765
26.422,0.0067325,25.563,40.067,0.00020718
26.82,0.0068995,25.928,40.25,0.00021644
27.358,0.0070474,26.428,40.5,0.00022433
28.011,0.0071697,27.043,40.808,0.00023045
28.749,0.0072615,27.744,41.16,0.00023455
29.519,0.0073183,28.479,41.528,0.00023646
30.306,0.0073417,29.234,41.907,0.00023632
31.083,0.0073324,29.985,42.284,0.00023424
31.827,0.0072924,30.709,42.647,0.00023041
32.605,0.0072149,31.471,43.03,0.00022437
33.309,0.007108,32.167,43.379,0.00021685
33.935,0.0069773,32.792,43.693,0.00020826
34.481,0.0068285,33.343,43.97,0.00019895
34.957,0.0066632,33.831,44.215,0.00018906
35.354,0.0064891,34.244,44.422,0.00017906
35.669,0.0063105,34.579,44.59,0.00016919
35.903,0.0061314,34.835,44.719,0.00015965
36.069,0.0059246,35.032,44.818,0.00014907
36.123,0.0057268,35.118,44.861,0.00013936
36.07,0.0055421,35.098,44.852,0.00013065
35.925,0.0053735,34.986,44.796,0.00012299
35.693,0.0052163,34.786,44.696,0.00011611
35.394,0.0050805,34.518,44.562,0.00011037
35.038,0.0049665,34.19,44.398,0.00010571
34.629,0.0048746,33.805,44.206,0.0001021
34.1,0.0047979,33.301,43.954,9.9242e-05
33.496,0.0047501,32.719,43.662,9.764e-05
32.825,0.0047318,32.067,43.336,9.7311e-05
32.109,0.0047439,31.366,42.984,9.8277e-05
31.503,0.004777,30.769,42.685,0.00010008
30.898,0.0048306,30.17,42.385,0.00010279
30.302,0.0049043,29.577,42.087,0.00010643
29.712,0.0049975,28.989,41.792,0.00011103
29.205,0.005093,28.48,41.537,0.00011581
28.693,0.0052027,27.966,41.279,0.00012139
28.177,0.0053269,27.447,41.018,0.00012785
27.667,0.0054659,26.932,40.759,0.00013525
27.25,0.005596,26.509,40.547,0.00014235
26.866,0.0057373,26.118,40.35,0.0001502
26.536,0.005889,25.778,40.179,0.00015878
26.282,0.0060502,25.512,40.045,0.00016801
26.127,0.0062187,25.341,39.958,0.00017773
26.091,0.0063915,25.285,39.929,0.00018771
26.188,0.0065645,25.357,39.965,0.00019765
26.422,0.0067325,25.563,40.067,0.00020718
26.82,0.0068995,25.928,40.25,0.00021644
27.358,0.0070474,26.428,40.5,0.00022433
28.011,0.0071697,27.043,40.808,0.00023045
28.749,0.0072615,27.744,41.16,0.00023455
29.519,0.0073183,28.479,41.528,0.00023646
30.306,0.0073417,29.234,41.907,0.00023632
31.083,0.0073324,29.985,42.284,0.00023424
31.827,0.0072924,30.709,42.647,0.00023041
32.605,0.0072149,31.471,43.03,0.00022437
33.309,0.007108,32.167,43.379,0.00021685
33.935,0.0069773,32.792,43.693,0.00020826
34.481,0.0068285,33.343,43.97,0.00019895
34.957,0.0066632,33.831,44.215,0.00018906
35.354,0.0064891,34.244,44.422,0.00017906
35.669,0.0063105,34.579,44.59,0.00016919
35.903,0.0061314,34.835,44.719,0.00015965
36.069,0.0059246,35.032,44.818,0.00014907
36.123,0.0057268,35.118,44.861,0.00013936
36.07,0.0055421,35.098,44.852,0.00013065
35.925,0.0053735,34.986,44.796,0.00012299
35.693,0.0052163,34.786,44.696,0.00011611
35.394,0.0050805,34.518,44.562,0.00011037
35.038,0.0049665,34.19,44.398,0.00010571
34.629,0.0048746,33.805,44.206,0.0001021
34.1,0.0047979,33.301,43.954,9.9242e-05
33.496,0.0047501,32.719,43.662,9.764e-05
32.825,0.0047318,32.067,43.336,9.7311e-05
32.109,0.0047439,31.366,42.984,9.8277e-05
31.503,0.004777,30.769,42.685,0.00010008
30.898,0.0048306,30.17,42.385,0.00010279
30.302,0.0049043,29.577,42.087,0.00010643
29.712,0.0049975,28.989,41.792,0.00011103
29.205,0.005093,28.48,41.537,0.00011581
28.693,0.0052027,27.966,41.279,0.00012139
28.177,0.0053269,27.447,41.018,0.00012785
27.667,0.0054659,26.932,40.759,0.00013525
27.25,0.005596,26.509,40.547,0.00014235
26.866,0.0057373,26.118,40.35,0.0001502
26.536,0.005889,25.778,40.179,0.00015878
26.282,0.0060502,25.512,40.045,0.00016801
26.127,0.0062187,25.341,39.958,0.00017773
26.091,0.0063915,25.285,39.929,0.00018771
26.188,0.0065645,25.357,39.965,0.00019765
26.422,0.0067325,25.563,40.067,0.00020718
26.82,0.0068995,25.928,40.25,0.00021644
27.358,0.0070474,26.428,40.5,0.00022433
28.011,0.0071697,27.043,40.808,0.00023045
28.749,0.0072615,27.744,41.16,0.00023455
29.519,0.0073183,28.479,41.528,0.00023646
30.306,0.0073417,29.234,41.907,0.00023632
31.083,0.0073324,29.985,42.284,0.00023424
31.827,0.0072924,30.709,42.647,0.00023041
32.605,0.0072149,31.471,43.03,0.00022437
33.309,0.007108,32.167,43.379,0.00021685
33.935,0.0069773,32.792,43.693,0.00020826
34.481,0.0068285,33.343,43.97,0.00019895
34.957,0.0066632,33.831,44.215,0.00018906
35.354,0.0064891,34.244,44.422,0.00017906
35.669,0.0063105,34.579,44.59,0.00016919
35.903,0.0061314,34.835,44.719,0.00015965
36.069,0.0059246,35.032,44.818,0.00014907
36.123,0.0057268,35.118,44.861,0.00013936
36.07,0.0055421,35.098,44.852,0.00013065
35.925,0.0053735,34.986,44.796,0.00012299
35.693,0.0052163,34.786,44.696,0.00011611
35.394,0.0050805,34.518,44.562,0.00011037
35.038,0.0049665,34.19,44.398,0.00010571
34.629,0.0048746,33.805,44.206,0.0001021
34.1,0.0047979,33.301,43.954,9.9242e-05
33.496,0.0047501,32.719,43.662,9.764e-05
32.825,0.0047318,32.067,43.336,9.7311e-05
32.109,0.0047439,31.366,42.984,9.8277e-05
31.503,0.004777,30.769,42.685,0.00010008
30.898,0.0048306,30.17,42.385,0.00010279
30.302,0.0049043,29.577,42.087,0.00010643
29.712,0.0049975,28.989,41.792,0.00011103
29.205,0.005093,28.48,41.537,0.00011581
28.693,0.0052027,27.966,41.279,0.00012139
28.177,0.0053269,27.447,41.018,0.00012785
27.667,0.0054659,26.932,40.759,0.00013525
27.25,0.005596,26.509,40.547,0.00014235
26.866,0.0057373,26.118,40.35,0.0001502
26.536,0.005889,25.778,40.179,0.00015878
26.282,0.0060502,25.512,40.045,0.00016801
26.127,0.0062187,25.341,39.958,0.00017773
26.091,0.0063915,25.285,39.929,0.00018771
26.188,0.0065645,25.357,39.965,0.00019765
26.422,0.0067325,25.563,40.067,0.00020718
26.82,0.0068995,25.928,40.25,0.00021644
27.358,0.0070474,26.428,40.5,0.00022433
28.011,0.0071697,27.043,40.808,0.00023045
28.749,0.0072615,27.744,41.16,0.00023455
29.519,0.0073183,28.479,41.528,0.00023646
30.306,0.0073417,29.234,41.907,0.00023632
31.083,0.0073324,29.985,42.284,0.00023424
31.827,0.0072924,30.709,42.647,0.00023041
32.605,0.0072149,31.471,43.03,0.00022437
33.309,0.007108,32.167,43.379,0.00021685
33.935,0.0069773,32.792,43.693,0.00020826
34.481,0.0068285,33.343,43.97,0.00019895
34.957,0.0066632,33.831,44.215,0.00018906
35.354,0.0064891,34.244,44.422,0.00017906
35.669,0.0063105,34.579,44.59,0.00016919
35.903,0.0061314,34.835,44.719,0.00015965
36.069,0.0059246,35.032,44.818,0.00014907
36.123,0.0057268,35.118,44.861,0.00013936
36.07,0.0055421,35.098,44.852,0.00013065
35.925,0.0053735,34.986,44.796,0.00012299
35.693,0.0052163,34.786,44.696,0.00011611
35.394,0.0050805,34.518,44.562,0.00011037
35.038,0.0049665,34.19,44.398,0.00010571
34.629,0.0048746,33.805,44.206,0.0001021
34.1,0.0047979,33.301,43.954,9.9242e-05
33.496,0.0047501,32.719,43.662,9.764e-05
32.825,0.0047318,32.067,43.336,9.7311e-05
32.109,0.0047439,31.366,42.984,9.8277e-05
31.942,0.0047509,31.202,42.902,9.8682e-05
31.775,0.0047596,31.037,42.82,9.9156e-05
31.608,0.0047698,30.872,42.737,9.97e-05
31.44,0.0047816,30.707,42.654,0.00010031
