149.64,0.0019208,126.39,55.801,0.0034658
137,-0.0032396,152.03,59.42,-0.0038647
172.54,0.028032,158.22,92.933,0.015281
150.85,0.037152,122.29,60.7,0.012009
125.15,-0.017428,129.16,58.865,-0.002251
149.67,0.039504,163.73,56.476,0.015698
159.81,0.010427,164.48,70.468,0.01572
166.68,0.018932,131.03,80.526,0.0068032
141,0.0054891,151.13,103.71,0.014756
139.71,0.030309,149.7,112.47,0.013424
153.81,0.007033,156.29,91.232,0.019096
155.31,0.021651,139.36,118.78,0.010564
141.82,-0.014638,130.53,126.37,0.0051125
153.42,-0.0015256,141.28,114.75,0.011342
158.02,-0.004313,110.73,123.36,0.0075479
108.66,0.0005511,126.85,114.21,0.026906
90.087,0.0075034,126.97,132.43,0.018201
101.9,0.022173,118.1,87.957,0.028416
111.87,0.014262,142.71,70.12,0.014541
93.192,0.012297,121.69,71.935,0.018111
103.74,0.026573,94.581,67.179,0.0047065
97.697,0.030433,91.998,154.96,0.03576
127.58,-0.0046995,118.99,141.61,0.015023
125.11,0.03082,83.325,92.523,0.027087
89.276,0.019216,61.402,112.45,0.054071
140.41,0.015601,115.08,115.09,0.04267
82.454,0.026968,87.91,150.95,0.047571
95.879,0.040291,103.44,145.42,0.050462
99.178,0.028566,81.306,164.09,0.04781
99.217,0.043128,88.921,51.831,0.059562
119.78,0.04146,85.636,96.221,0.037582
86.701,0.061453,74.115,142.48,0.07478
125.52,0.049644,75.934,155.4,0.056905
65.018,0.041093,93.523,144.59,0.047021
64.006,0.042959,71.732,209.69,0.053395
81.057,0.030018,67.96,172.73,0.065157
99.539,0.04097,63.472,134.15,0.05961
84.736,0.062626,90.853,128.23,0.064265
93.841,0.046454,82.721,144.73,0.055695
92.718,0.033285,72.813,141.08,0.04426
77.295,0.030329,118.53,189.87,0.071595
64.958,0.051944,81.556,196.2,0.058446
112.81,0.055381,81.086,151.64,0.055282
65.962,0.070388,51.698,157.86,0.051356
89.128,0.03278,74.438,166.57,0.067642
103.68,0.066702,93.369,174.51,0.063589
83.797,0.035907,74.923,152.53,0.057453
76.038,0.046694,75.874,111.28,0.066813
69.176,0.082039,85.446,151.71,0.048664
38.596,0.066183,46.005,126.25,0.060056
66.716,0.04155,72.791,148.94,0.062167
59.037,0.058493,73.862,94.563,0.053448
35.897,0.058084,69.506,61.83,0.069464
77.944,0.070614,65.934,124.72,0.071742
64.341,0.077062,77.952,149.34,0.057843
61.74,0.060976,64.16,205.71,0.072085
83.111,0.071395,68.234,214.62,0.067491
53.97,0.082912,63.088,128.27,0.065382
55.772,0.072252,77.876,149.28,0.081162
50.279,0.060215,62.673,233.69,0.07921
63.486,0.067932,24.717,144,0.075087
88.103,0.072447,60.871,130.03,0.079274
34.916,0.098244,38.736,220.85,0.092086
51.414,0.067673,13.055,148.58,0.09385
34.504,0.054982,80.862,171.6,0.1007
54.014,0.094786,29.945,180.53,0.084771
27.42,0.094777,29.759,216.05,0.10059
55.403,0.080854,30.85,170.33,0.103
48.995,0.05795,29.462,217.62,0.098152
72.158,0.089192,45.95,178.82,0.10567
68.114,0.10453,16.134,216.2,0.096266
15.014,0.10298,44.531,207.64,0.086441
66.032,0.11704,48.797,206.43,0.10361
11.775,0.10934,14.534,228.79,0.089173
34.805,0.091348,29.719,137.04,0.10316
-14.585,0.10057,61.16,242.17,0.10009
32.178,0.12302,35.4,182.17,0.079893
14.788,0.090049,22.102,182.32,0.082791
22.135,0.10602,-1.0269,196.55,0.075532
-6.2357,0.13209,49.443,202.02,0.094111
14.444,0.076085,3.4308,173.04,0.088726
9.8992,0.096766,15.355,265.15,0.086452
-15.471,0.079314,24.336,214.48,0.086791
22.724,0.099407,8.7925,235.56,0.081497
37.177,0.077011,-13.787,225.71,0.086869
57.851,0.087944,16.814,256.92,0.083603
41.992,0.11395,5.9112,189.54,0.075939
32.591,0.078707,30.95,178.61,0.088161
23.448,0.07653,24.879,223,0.089102
4.3581,0.11153,37.735,204.8,0.079046
28.977,0.092669,24.595,193.19,0.077528
27.488,0.12328,55.873,186.26,0.066181
35.287,0.083193,16.646,244.45,0.083885
15.291,0.096105,-6.5001,203.23,0.075079
43.649,0.090103,23.985,273.21,0.062056
59.299,0.095342,23.058,188.45,0.074099
37.374,0.081926,17.389,252.79,0.076898
33.276,0.085209,-1.7684,169,0.076647
37.968,0.091405,8.952,233.61,0.078716
5.3679,0.082307,14.285,242.67,0.090866
51.313,0.097902,28.941,183.25,0.071311
39.983,0.095323,25.366,206.9,0.077834
22.817,0.085462,9.6636,236.95,0.058554
8.0526,0.11446,-3.9507,181.34,0.084496
37.478,0.079498,-7.8327,240.97,0.081919
-22.293,0.099233,29.184,203.23,0.086605
19.497,0.11653,11.2,200.61,0.086129
18.555,0.10802,20.973,247.56,0.081244
6.8677,0.12511,2.1856,176.67,0.10072
28.743,0.12676,14.129,239.81,0.11371
22.636,0.12891,13.63,183.85,0.09426
27.389,0.10933,11.511,255.99,0.11627
12.073,0.15018,-10.111,245.39,0.12339
32.366,0.13458,-15.323,246.39,0.11696
12.63,0.1562,24.595,257.52,0.12357
-9.1028,0.17426,-10.617,191.99,0.11889
-4.4642,0.15722,31.754,297.69,0.14631
4.0384,0.15784,-8.1772,208.72,0.13339
39.947,0.18404,-4.0312,193.64,0.15731
17.071,0.16493,19.524,263.41,0.14273
18.063,0.16645,-13.93,286.45,0.16526
-5.7979,0.1818,-4.3984,228.58,0.16943
1.5415,0.18767,-21.469,242.42,0.15587
17.881,0.20465,-3.3603,197.92,0.16479
-7.7754,0.17946,16.072,291.14,0.1691
13.903,0.19039,6.1471,196.38,0.15987
-28.144,0.19061,11.581,238.28,0.15454
-0.75833,0.21624,19.896,297.21,0.15509
3.5967,0.19647,-21.475,223.59,0.1548
16.355,0.18927,-7.0076,255.05,0.16971
9.1378,0.19911,36.481,251.82,0.17084
-5.9298,0.18809,11.669,230.13,0.1687
-9.8638,0.22975,8.8434,165.46,0.15872
-0.28981,0.21459,6.4943,245.24,0.16137
-4.8948,0.20826,10.851,204.54,0.15698
59.426,0.16486,11.508,249.66,0.15912
-28.633,0.16814,-1.6232,234.81,0.16705
23.601,0.19297,20.527,221.42,0.17206
-16.704,0.18678,7.4665,269.78,0.16543
8.4067,0.20487,12.907,266.33,0.15532
-18.851,0.19554,22.77,274.51,0.17023
-3.6308,0.17399,-14.755,268.75,0.17
7.6871,0.18689,-7.2535,209.6,0.16688
6.4126,0.17519,-11.753,266.25,0.17696
5.1833,0.18987,23.85,241.14,0.15899
15.201,0.19939,-23.582,297.81,0.1643
-34.087,0.21474,8.9493,231.31,0.15876
4.5007,0.20901,-31.764,215.4,0.17487
-26.768,0.1859,3.1451,231.27,0.16816
-12.215,0.2053,-8.8711,225.62,0.17078
8.9542,0.18529,26.653,197.18,0.17255
-21.471,0.18224,5.1379,212.29,0.17819
-18.255,0.20076,6.1202,257.77,0.17645
-36.062,0.20302,4.679,280.02,0.18444
-33.273,0.22886,-7.5199,266.54,0.17043
20.427,0.18601,-5.3671,227.15,0.17838
-1.8577,0.2062,-9.5906,222.57,0.15824
6.3995,0.16303,-23.243,210.39,0.16949
14.481,0.20011,20.985,211.46,0.16807
0.021491,0.22121,1.1564,259.39,0.16569
12.217,0.21083,-7.6551,286.4,0.16889
8.5592,0.19517,-28.096,251.3,0.16276
7.0058,0.19554,-6.9601,208.83,0.1627
11.87,0.18697,-14.752,280.97,0.17993
13.724,0.19362,-13.417,260.52,0.16412
3.3879,0.20334,-10.631,297.3,0.1699
24.874,0.20181,15.027,242.34,0.16987
1.1862,0.20291,12.212,239.13,0.17266
-10.443,0.2098,16.011,244.86,0.16609
-11.268,0.17366,-31.933,219.41,0.18295
0.0061542,0.19322,-8.9519,240.04,0.14965
-3.6786,0.21639,3.8708,200.93,0.15196
3.6256,0.20434,12.576,227.83,0.15693
-21.262,0.20138,16.4,140.46,0.16982
6.6951,0.19848,5.9539,258.35,0.18391
-0.65976,0.20777,-6.0152,278,0.15869
2.3483,0.20207,0.12969,187.85,0.1776
12.714,0.19839,3.4771,219.43,0.16674
-24.12,0.21464,3.5897,256.67,0.1814
-7.6226,0.20534,-8.0305,226.81,0.16616
-5.7319,0.18803,4.1976,255.03,0.17291
1.9336,0.19758,8.1511,274.26,0.1581
8.8487,0.20306,-4.646,261.18,0.16009
-0.5618,0.21471,7.7912,279.63,0.16623
8.9088,0.20461,5.3978,290.8,0.16662
-10.73,0.19171,8.3713,286.25,0.16635
-3.7286,0.18082,-2.2868,259.2,0.15577
33.728,0.19906,-30.261,197.38,0.16446
-26.253,0.18503,9.0231,204.97,0.165
5.0296,0.22548,5.1925,241.79,0.16079
-4.8459,0.20216,2.1346,253.93,0.16934
1.4789,0.19282,15.95,256.02,0.17626
10.908,0.21344,15.193,211.92,0.17273
-11.283,0.19698,4.581,258.21,0.16641
15.751,0.19942,-19.818,278.5,0.17826
-7.3432,0.20431,21.318,301.52,0.161
-12.471,0.22322,-10.191,294.64,0.17299
-0.41907,0.20529,12.062,258.2,0.18654
-29.099,0.21358,-12.078,219.59,0.16837
2.1488,0.21597,9.6321,310.92,0.16379
-6.6626,0.19988,-5.9671,236.45,0.17866
-20.081,0.21391,33.454,276.92,0.17248
14.27,0.22033,13.548,270.63,0.17976
27.947,0.22201,33.033,240.23,0.18958
3.0715,0.20273,-18.352,307.32,0.18963
21.83,0.22338,3.49,216.99,0.18139
-3.4278,0.23026,-16.407,230.78,0.17625
-7.6467,0.20381,-25.641,261.15,0.18626
-6.0679,0.21603,26.31,245.87,0.18434
-2.0554,0.24276,7.4951,276.17,0.17263
-2.4301,0.22403,5.8758,192.12,0.17853
50.122,0.23027,2.7029,240.68,0.17709
7.9297,0.23931,23.664,228.08,0.19341
19.636,0.19946,-0.9373,309.03,0.18426
-3.4862,0.23963,6.7181,277.96,0.18037
-11.242,0.22234,5.7874,318.64,0.16675
-9.922,0.22255,-2.9112,245.91,0.18234
19.218,0.23184,3.8136,237.1,0.20061
43.931,0.22235,29.153,267.84,0.17318
1.2448,0.22183,21.406,219.12,0.1795
11.897,0.22163,-36.198,281.23,0.18123
14.865,0.19404,-3.7896,232.37,0.16432
-5.4953,0.22372,2.6219,245.81,0.15719
-1.7766,0.23359,3.3756,256.67,0.19034
10.288,0.18717,25.584,221.55,0.18917
-23.511,0.20859,-11.264,268.21,0.17239
2.1365,0.22221,-12.831,233.66,0.17947
-6.2283,0.22696,-1.5644,234.75,0.17624
24.949,0.18307,-20.043,240.69,0.16468
-13.038,0.20181,-3.8372,184.21,0.18991
-1.1209,0.20859,-13.18,236.32,0.15347
-3.8906,0.21352,3.5777,231.33,0.16338
13.074,0.18315,19.476,283.2,0.16323
20.508,0.2136,12.75,268.54,0.18512
-28.593,0.18169,-9.3335,260.69,0.17306
8.7346,0.18137,5.7733,212.86,0.18449
17.089,0.19783,16.38,247.59,0.16547
10.4,0.21842,9.6385,259.43,0.1803
-29.056,0.18452,12.323,198.99,0.16627
4.4839,0.20929,0.38147,217.08,0.1698
-10.814,0.20547,-22.9,209.97,0.17744
19.772,0.20689,-13.31,198.4,0.17255
23.309,0.21097,27.926,287.42,0.19189
-32.483,0.22084,19.25,287.6,0.15845
-3.27,0.20002,20.332,228.87,0.17583
23.274,0.24362,11.323,238.86,0.15653
3.251,0.20928,6.1258,257.91,0.16971
-14.103,0.19934,-11.983,256.15,0.16608
11.53,0.22423,8.3245,232.05,0.16509
17.237,0.22676,1.9379,261.42,0.16737
18.425,0.22439,-37.162,240.54,0.17514
17.39,0.20051,29.71,206.45,0.17363
12.601,0.22735,25.18,275.52,0.16266
24.505,0.21688,0.87363,262.9,0.177
-13.41,0.2134,27.493,201.76,0.18071
6.6727,0.20958,-8.866,259.88,0.16839
4.1828,0.21325,-16.283,325.32,0.17697
26.829,0.22352,-9.3436,219.89,0.18031
12.814,0.21084,0.94786,232.72,0.17751
5.5191,0.19999,29.934,239.99,0.18316
35.122,0.20864,18.148,255.38,0.17586
16.704,0.21426,-5.4566,252.57,0.185
14.38,0.21086,-10.673,242.38,0.17813
29.634,0.2257,21.482,217.02,0.18323
32.188,0.21888,1.5594,224,0.17421
-1.2376,0.22924,-3.275,267.85,0.17214
13.5,0.25349,15.476,336.2,0.18612
25.626,0.2408,18.973,231.94,0.20319
4.7866,0.23595,8.4867,331.5,0.18137
4.4937,0.25005,28.553,308.28,0.19917
33.212,0.25344,21.366,193.76,0.19436
21.093,0.26005,33.011,262.68,0.19958
19.469,0.25631,-2.9267,200.06,0.19679
43.886,0.26674,37.283,276.57,0.18697
22.221,0.30314,-0.84471,187.68,0.1801
38.231,0.29457,3.8643,143.53,0.19296
28.35,0.27681,16.39,107.24,0.20026
8.8224,0.28053,35.346,127.99,0.19415
31.998,0.26699,9.4052,13.09,0.17562
62.764,0.28302,16.229,36.066,0.17664
62.059,0.25794,-1.8135,33.079,0.16321
61.772,0.27851,32.133,58.888,0.16762
93.574,0.26416,4.3837,65.175,0.15973
56.071,0.26961,23.432,-18.553,0.14393
69.105,0.27081,1.9314,43.977,0.14765
29.277,0.22237,-13.439,49.437,0.13459
47.783,0.21986,5.6677,51.861,0.14093
20.699,0.22518,35.843,37.209,0.11485
64.548,0.22363,8.1772,38.547,0.12172
51.441,0.19607,15.004,8.0577,0.092024
53.737,0.20379,11.144,41.831,0.10965
54.142,0.18465,16.636,42.889,0.10208
28.986,0.17264,51.585,64.805,0.10553
13.647,0.19146,37.143,15.602,0.087267
49.135,0.1743,19.027,79.606,0.097116
45.86,0.16742,10.984,62.995,0.081994
64.31,0.18825,32.457,63.702,0.086086
6.8408,0.16238,-13.443,8.654,0.083612
38.083,0.14309,15.871,-7.5514,0.09436
33.098,0.14802,-1.8454,82.176,0.090842
33.484,0.16674,3.3323,64.301,0.068302
34.781,0.18017,12.74,46.231,0.091922
42.045,0.14735,22.012,42.989,0.094854
16.843,0.15132,-9.4548,53.036,0.092614
-19.167,0.17207,25.205,95.57,0.084616
23.437,0.16121,-0.9754,126.99,0.074846
35.747,0.14082,4.9121,127.47,0.084386
3.1136,0.15578,34.534,87.139,0.079434
64.406,0.1391,-17.335,52.293,0.066025
16.694,0.15483,6.7751,94.055,0.061448
52.821,0.15672,6.523,73.624,0.084388
37.895,0.17209,35.024,24.308,0.083856
-12.885,0.14229,-11.399,39.909,0.08191
21.889,0.18377,15.262,36.072,0.081294
3.6551,0.16394,24.183,89.281,0.083562
28.129,0.14914,17.259,28.782,0.078153
19.711,0.17547,10.3,55.063,0.086985
40.533,0.13928,26.03,14.406,0.071486
33.389,0.13894,2.6901,26.559,0.063891
55.002,0.16036,23.743,85.544,0.072068
52.322,0.14036,7.3219,12.189,0.053043
9.1826,0.16949,25.357,72.053,0.059177
31.09,0.16276,7.6656,31.654,0.067655
21.701,0.15426,14.552,75.828,0.046415
55.929,0.16024,24.334,72.573,0.056271
59.419,0.14477,37.011,14.49,0.052896
48.575,0.11334,19.665,59.827,0.049756
18.66,0.12513,4.3274,77.598,0.034572
15.753,0.11905,32.752,57.014,0.034333
20.329,0.12001,31.376,15.919,0.034047
7.5819,0.10566,37.916,71.046,0.041751
30.918,0.08139,30.559,99.589,0.035431
22.936,0.093395,24.743,33.416,0.030957
32.241,0.07561,32.973,57.843,0.022381
77.526,0.097602,-5.141,116.79,0.037824
7.3542,0.1018,36.312,-38.875,0.02661
23.232,0.070736,33.272,10.201,0.013628
33.739,0.091305,26.516,-7.9146,0.01881
6.5354,0.068936,16.776,13.836,0.017898
14.067,0.055304,15.351,74.753,0.020543
43.099,0.047001,23.611,58.904,0.010365
32.243,0.06758,35.222,8.5126,0.016162
16.935,0.057842,33.056,40.135,0.01633
23.94,0.06922,9.38,35.95,-0.0021243
19.806,0.056923,20.796,-17.283,0.014256
19.545,0.061987,34.615,36.761,0.01019
3.0943,0.065441,17.202,6.0045,0.0093532
26.54,0.079577,21.454,28.493,-0.014438
6.6903,0.054293,6.7093,36.792,0.011445
3.272,0.026408,19.648,16.489,0.011985
-5.5466,0.056285,-8.1532,28.739,0.0071724
23.674,0.068354,11.844,38.81,0.014039
45.397,0.06047,16.538,15.258,0.016359
46.125,0.069224,95.099,85.273,0.005183
3.5303,0.033792,11,22.687,0.012048
31.354,0.036732,9.7663,19.287,-0.00092179
31.922,0.045125,10.375,58.17,0.01071
17.689,0.051564,32.822,73.511,0.02098
-0.32518,0.057386,-4.0726,32.032,0.016422
57.493,0.040316,15.541,12.256,0.026529
14.433,0.043743,20.774,-5.7682,0.011413
12.355,0.054579,13.604,47.143,0.0057497
17.275,0.06248,31.216,44.266,-0.015455
2.5324,0.051772,48.278,-35.282,0.0096721
42.923,0.072744,-11.696,42.262,0.014382
46.032,0.056732,27.849,12.986,0.0035787
41.879,0.058346,50.637,72.459,0.027692
30.326,0.052439,35.72,71.389,0.0077442
45.326,0.063417,71.189,105.35,-0.0012694
37.859,0.051999,6.555,-26.755,0.0083344
39.576,0.048313,31.299,80.114,-0.0012056
41.288,0.026946,37.764,50.709,-0.010523
1.8195,0.052033,43.762,39.721,0.023767
34.388,0.041583,52.206,33.563,0.0053769
21.019,0.028998,59.814,38.756,0.0026844
31.717,0.013046,14.137,61.576,0.010493
39.269,0.030802,28.465,78.829,0.0082672
42.925,0.0049259,31.214,3.0585,0.010968
6.2879,0.019744,25.416,84.025,-0.00091321
24.135,0.025037,31.381,-0.67493,0.025549
52.197,0.0048295,31.99,5.7165,-0.0098975
82.555,0.023809,-0.81776,32.13,-0.013843
44.041,0.025997,14.973,42.53,0.006748
51.107,0.032568,15.778,9.056,-0.0018154
35.248,0.036333,37.76,37.829,0.0056564
19.377,0.031204,10.531,27.578,0.0098245
-3.2645,0.016783,44.909,77.27,-0.005634
24.503,0.0048502,0.50883,-3.1502,0.015164
31.58,0.0051663,30.472,12.281,-0.0012835
39.323,0.030211,12.136,30.686,-0.014786
37.598,0.0028266,19.268,32.219,0.004966
35.07,0.016577,23.951,80.494,0.0061578
25.227,0.015982,49.428,42.693,-0.0041867
43.895,0.023025,23.127,62.819,0.01109
61.216,0.014942,20.82,77.626,-0.0025229
22.118,-0.0097025,6.6137,105.3,0.013019
18.447,0.018615,10.655,85.382,-0.00090086
25.928,0.0059428,26.911,-30.32,-0.00019433
34.292,0.033888,19.04,23.92,-0.00091044
45.752,0.0062352,36.905,-24.584,0.003171
34.68,0.041819,-5.6464,56.734,-0.0049967
21.894,0.023817,-0.077492,9.6552,-0.00026734
13.727,0.015585,9.8543,61.273,0.007421
15.009,0.0069169,17.875,93.977,0.0058647
39.753,0.035493,21.249,72.166,0.004084
37.639,0.025869,22.116,46.901,0.0070866
28.957,0.024254,5.0052,23.056,0.004262
32.387,0.0062966,3.5729,95.506,0.0074127
17.574,0.0098778,24.726,29.42,0.0025341
13.349,0.027991,31.982,49.936,-0.0034794
37.977,0.01681,52.591,106.97,-0.0069312
23.496,-0.0039483,22.585,47.658,0.002755
21.637,0.043508,33.502,6.9484,0.0070919
34.277,0.017464,14.037,28.634,0.010896
62.431,0.014559,12.104,1.2978,0.014212
41.206,0.04424,42.843,29.627,-0.0076216
24.305,0.012993,15.07,50.003,0.0070976
51.24,0.023558,5.9405,60.419,0.0058353
42.757,0.016133,61.611,93.032,0.010289
28.338,0.020451,38.909,46.742,-0.00067408
22.916,0.033256,42.833,15.585,-0.0039852
11.987,0.018148,43.815,46.392,0.0014064
55.79,0.020592,24.713,61.259,-0.0019714
26.065,-0.0039599,13.257,44.963,-0.0013469
17.649,0.0023989,59.476,75.351,-0.0011457
26.435,0.021758,41.417,29.635,-0.00067804
13.05,0.018355,35.038,81.794,-0.011813
38.587,0.019596,32.793,57.298,0.0036923
77.88,0.032847,39.404,-27.908,0.0056438
36.266,0.0072695,48.463,-32.564,0.0069464
26.475,0.0061285,33.135,61.722,0.0050044
5.1064,-0.012705,36.879,9.4215,0.011282
30.019,0.032186,34.128,11.136,0.011356
6.4955,0.032975,19.704,-8.9185,0.014558
22.884,0.013982,29.074,58.976,-0.0060351
58.135,0.024236,12.446,29.152,-0.007969
31.531,0.013395,48.418,18.49,-0.025666
34.584,-0.00030102,-1.3987,50.556,0.0016767
38.773,0.010292,32.055,43.313,-0.0065224
36.601,-0.021042,30.535,22.944,0.0014016
37.165,0.032156,12.171,102.05,-0.0019611
28.999,-0.0069208,44.749,40.892,0.011402
8.5294,0.010642,16.914,49.69,0.0049628
52.828,0.011585,6.6015,2.9186,-0.008119
53.436,0.012633,18.674,-13.455,0.0031001
36.013,0.010168,40.489,6.4579,0.0067502
29.218,0.010323,33.401,4.2546,-0.0078711
9.8292,0.014741,28.263,32.841,-0.0012532
38.694,0.035994,34.777,40.544,-0.0017895
-8.5364,0.0076551,7.3471,33.465,-0.0044421
24.677,0.014011,22.556,122.49,-0.0056439
35.215,-0.0032165,35.377,-23.625,0.012943
67.123,-0.018102,63.624,36.258,-0.0086567
10.616,-0.0008638,30.158,1.9428,-0.00050574
47.075,-0.00017539,36.058,92.353,-0.0011295
33.531,-0.0065244,43.175,43.974,-0.017185
47.826,0.0087963,37.818,46.819,0.0020724
46.943,0.0071307,54.851,96.97,-0.0017048
18.915,0.013916,29.654,60.921,0.0048861
58.918,-0.0068278,38.503,65.655,0.0035216
36.716,0.018085,29.945,2.6031,-0.0093367
48.676,0.014351,30.368,7.0585,-0.00022003
54.57,-0.0071705,43.029,89.909,0.0012711
20.287,0.0029956,50.143,64.412,-0.012899
39.213,-0.0070527,68.035,14.024,-0.018173
11.649,-0.023735,16.131,86.354,0.010147
34.617,0.018677,17.544,48.01,-0.011341
50.195,-0.0053466,50.142,56.254,-0.0050149
11.244,-0.012681,32.273,70.28,0.0041139
42.899,-0.0011252,35.235,-26.445,-0.0030587
53.749,4.4333e-05,18.473,43.588,-0.0032909
28.664,0.01546,43.618,63.859,-0.0007068
11.219,-0.0061148,43.148,72.424,-0.0089648
50.065,-0.00075585,22.3,-9.4904,-0.0063535
56.404,0.014092,32.028,73.163,-0.0034355
37.618,0.018577,-4.8419,9.8824,0.010042
54.202,0.0048843,41.63,32.718,-0.0089726
18.781,-0.00027018,55.974,83.887,0.0042804
38.466,0.0074379,34.88,79.461,-0.0040474
31.407,-0.0048787,32.82,39.388,0.010204
38.938,0.0033436,8.4625,-26.552,-0.0079029
16.407,-0.016056,39.24,11.024,0.0038942
29.093,0.0070598,20.538,-6.3676,-0.0028844
4.2084,-0.0053588,35.05,72.481,0.0038252
-20.048,0.021771,43.055,30.062,-0.0077061
41.219,0.0049693,30.822,96.122,0.0046649
25.818,0.01984,6.7735,34.242,-0.002699
32.52,0.022287,-1.5895,90.616,-0.0062089
18.238,0.0108,11.599,34.137,0.0036734
43.54,0.012764,-2.1255,101.49,-0.0091843
39.823,-0.0071909,39.206,39.948,-0.020398
20.583,0.022871,2.7885,28.994,-0.0072314
22.982,0.02181,60.948,96.494,-0.0048452
34.756,-0.00091164,2.7697,30.277,-0.0080182
6.4111,0.012038,15.347,66.765,-0.0017481
24.759,0.032438,28.984,-12.399,-0.0029362
15.638,0.0019201,52.525,84.462,0.0058123
52.172,0.0071441,35.778,10.147,0.0047045
68.385,-0.0069656,-2.421,14.942,-0.0087818
63.546,-0.006001,8.0424,65.622,-0.0034967
12.916,0.022549,78.687,66.887,-0.0081978
39.709,0.036865,27.112,75.892,-0.011694
48.811,-0.0083351,33.857,78.924,-0.0047463
39.372,-0.0013192,23.653,56.451,0.0090417
41.54,0.013819,61.065,60.553,-0.0058704
29.552,-0.0018096,20.11,-22.914,0.0079952
51.586,0.00064321,26.87,40.509,0.010904
28.163,0.011457,18.006,28.442,-0.0042104
17.688,0.0058127,17.638,27.884,-0.0039599
33.71,0.017525,63.61,12.033,-0.020316
53.719,0.0031986,60.28,62.31,-0.012252
35.018,0.0070964,41.245,36.238,0.0092802
49.013,-0.0033451,41.674,80.028,0.019347
43.013,0.0031484,47.799,54.024,0.00023581
23.113,0.0094132,15.678,81.461,0.011009
31.505,-0.0029381,21.544,45.379,0.0019927
10.62,0.005928,56.844,64.203,0.010168
70.966,-0.0093242,50.632,24.02,0.0042351
21.457,0.013472,34.535,53.894,-0.002974
42.071,-0.00075096,11.888,-15.74,-0.0021954
21.563,0.012698,19.324,-6.4672,-0.0043166
28.444,-0.012289,62.288,44.167,0.0015365
5.5438,0.0086729,18.876,43.381,0.0051501
23.304,-0.021996,49.074,91.06,0.0005405
39.517,0.022509,43.857,117.38,0.018399
29.381,0.014749,48.115,77.299,0.012953
32.942,-0.011661,41.541,30.995,0.013216
43.759,0.011118,-1.2428,41.733,-0.0083497
27.731,-0.0088632,28.711,76.388,-0.001633
12.519,-0.015068,45.019,84.141,-0.0088006
23.596,0.014722,49.135,27.062,-0.0050165
43.972,-0.0044942,33.16,76.138,0.012473
45.598,0.010046,38.34,32.682,-0.0033908
42.244,0.026043,24.638,75.562,0.0070296
22.425,-0.0016364,13.649,7.0331,-0.0090605
9.6348,-0.01052,46.647,-2.5789,0.0017688
56.997,0.033672,11.75,68.182,0.010801
9.5356,0.02274,20.731,71.93,0.005864
28.786,0.012167,36.836,17.593,-0.013853
49.156,0.027487,43.179,72.35,0.0068821
53.059,-0.011693,42.488,32.84,0.014249
20.697,0.0093575,53.494,58.361,-0.012033
57.177,0.0009163,20.897,86.871,-0.016255
11.015,-0.011022,46.353,-29.455,-0.0067522
60.253,-0.01008,35.724,50.053,0.021196
39.667,0.018218,57.903,5.4504,-0.011285
63.341,0.015711,17.864,17.34,-0.014681
70.968,0.0070771,81.835,29.274,-0.0030976
35.434,-0.0013214,34.653,-7.7061,-0.0037679
61.515,0.0080835,3.8359,88.435,-0.0016542
-3.2261,0.014806,44.727,30.037,0.0073955
52.37,-0.0061054,36.682,31.185,-0.0062748
48.962,0.0059692,64.411,46.114,0.0045534
36.193,0.032071,32.477,70.43,0.0096584
58.058,-0.017111,18.641,52.408,-0.013596
57.868,-0.011682,38.206,59.288,0.00045495
9.7947,0.011922,4.2613,25.618,-0.0093907
27.684,-0.014345,51.446,68.806,-0.0030626
69.138,0.00085808,19.699,7.8482,0.014138
-2.5525,0.018852,51.919,43.115,-0.0010845
1.9708,-0.0061789,21.835,52.093,-0.0046573
34.782,-0.0036194,45.335,115.52,0.0082805
8.6383,0.00046641,67.36,52.296,-0.0071864
16.731,-0.0071491,36.317,37.914,-0.017534
51.342,0.00018691,44.364,62.35,0.0045433
29.72,0.023956,-2.5267,-5.8678,0.0028504
63.267,0.004249,23.207,81.52,0.0025236
8.7371,-0.018777,30.84,52.226,0.0031319
13.653,0.011457,4.1456,94.975,-0.0027167
4.3764,0.0049305,15.22,44.774,-0.010079
37.315,0.031108,28.595,16.893,-0.0019668
31.453,0.026445,31.023,39.018,0.0047144
40.978,0.018442,16.251,75.475,-0.0023236
41.954,0.029314,49.522,-20.017,0.0046767
7.9061,0.0070311,8.7399,8.1426,0.0045508
10.095,-0.013861,32.05,-20.896,-0.011192
37.188,0.020474,15.162,80.417,-0.0017126
8.9357,-0.014673,0.85848,48.47,0.0028295
32.122,0.015134,34.24,50.441,-0.016224
32.444,0.008022,31.837,17.621,0.0084556
-18.07,0.015626,35.832,53.432,-0.0097519
48.647,0.0075737,96.424,26.145,-0.0011127
71.54,0.014904,21.575,29.278,0.0043988
51.928,0.016572,-0.47838,20.215,0.012417
-2.3799,-0.014465,43.551,70.697,-0.014111
22.304,0.01038,48.349,28.029,0.0078574
33.274,-0.021706,69.859,60.461,-0.002858
25.827,0.0080945,37.123,49.722,-0.0067159
49.752,0.0017215,40.757,38.83,-0.001335
21.732,0.0049934,16.618,53.561,-0.013845
46.244,0.016052,-4.507,24.776,-0.0042476
29.542,0.0015995,24.972,43.052,0.010249
30.776,0.0033772,30.427,30.466,0.0070833
26.102,-0.0092379,56.285,52.36,-0.0045306
22.276,0.015856,28.216,67.881,-0.019752
30.311,-0.013642,25.783,-20.675,-0.014299
44.305,0.0078308,40.333,71.968,0.014464
52.601,0.0024724,28.553,34.875,-0.0033136
48.187,0.015862,45.106,15.217,0.0015144
34.36,0.010368,40.507,1.9656,-0.014284
24.072,-0.0054577,37.205,24.368,0.003521
3.7166,0.0096383,39.744,20.011,-0.0010313
79.055,-0.0092396,33.246,41.845,-0.0089403
19.64,-0.0066011,51.372,40.036,0.005295
36.302,-0.0016764,28.683,93.825,-0.0047833
8.9272,0.0070038,47.773,78.146,-0.0066448
60.116,0.0017374,6.7407,5.0167,-0.016714
62.406,-0.0037775,19.212,-31.225,-0.015987
46.753,0.0052761,30.343,36.643,0.0040224
33.816,0.0010641,13.829,48.26,0.0098273
30.546,0.0064589,34.189,36.245,0.0062062
32.673,0.020059,0.15974,47.099,-0.013721
0.31503,0.01323,33.137,24.764,0.0086389
6.9019,-0.0027436,25.572,23.227,0.0023778
14.811,0.010234,41.73,83.911,0.001312
53.558,-0.0012259,52.156,52.211,0.0020649
-6.9378,0.0053126,32.565,52.67,0.014045
40.834,-0.013544,54.161,109.26,0.0050327
-0.9555,0.0018853,8.3473,-18.635,0.00035047
45.944,0.013871,39.697,53.119,0.0099709
40.208,0.00069445,24.722,73.237,0.0046971
61.872,0.037172,5.5122,15.813,0.0032749
11.019,0.02253,19.111,67.165,-0.00092218
32.091,0.007285,43.616,34.478,-0.0013915
4.7357,0.0056056,23.752,-22.464,-0.010762
4.3003,-0.035566,42.828,96.631,-0.0028837
45.638,0.029918,26.053,30.097,-0.0023437
59.922,0.010773,37.112,76.757,-0.0049544
63.463,0.0091711,11.36,80.988,-0.016612
22.447,-0.0060213,32.916,37.093,-0.010192
34.189,-0.020454,66.114,-44.638,0.0011672
30.968,0.0029685,28.619,100.49,-0.0035314
51.801,0.029742,53.862,8.0202,0.025182
41.872,0.025506,21.881,30.6,0.0095544
35.962,-0.00042659,17.82,76.332,-0.0023364
28.789,0.0054792,29.178,135.76,-0.0065369
21.572,0.013062,11.656,79.954,-0.0097106
25.046,0.012525,32.492,63.784,-0.0012716
51.319,-0.0031459,59.988,49.518,-0.0016986
50.251,0.031946,37.557,43.48,0.020264
8.7272,-0.0074214,24.778,-41.595,0.015592
14.292,-0.001908,18.385,49.478,0.019624
34.801,-0.0033237,18.363,61.126,0.0020599
11.46,0.012167,17.976,7.3485,0.017472
24.978,0.021846,11.802,100.26,-0.012756
-0.8819,0.0128,64.72,17.063,0.0073982
43.111,-0.016583,29.204,-1.3056,1.7573e-05
49.435,-0.038171,36.451,18.567,0.0025848
12.066,-0.017106,35.879,24.779,0.006392
48.092,0.022484,50.915,23.335,0.0026326
16.825,-0.015867,32.849,33.945,-0.001255
35.437,-0.011339,33.331,40.411,-8.7647e-05
75.834,-0.014482,40.678,78.409,0.0069768
31.279,-0.00058131,37.304,6.0802,-0.0063049
30.303,-0.0044909,9.0295,42.176,-0.0069513
40.77,0.0075797,26.815,38.014,0.015828
40.495,0.028494,21.436,36.478,0.019255
-14.028,0.025739,33.438,54.045,0.011181
27.905,0.028803,22.449,19.653,0.01088
32.017,-0.00465,46.192,38.521,0.019112
-3.4345,0.0085978,12.466,-10.7,0.0012618
1.9586,-0.006117,28.398,24.357,-0.023809
11.124,0.0055221,42.993,51.956,0.0014959
19.197,-0.013433,33.675,76.58,-0.013044
40.363,0.023352,33.438,50.353,-0.012508
39.264,0.0068209,13.607,32.441,-0.0087437
32.362,0.011776,43.32,72.945,0.0040396
26.17,-0.0097433,28.91,69.354,0.011967
29.116,0.014153,54.925,36.952,0.0071497
19.183,0.025996,26.042,44.073,-0.00078691
39.273,0.00044889,75.571,20.651,0.001308
23.581,0.020283,30.694,31.809,-0.0062925
52.925,0.0041495,43.731,38.88,0.014874
30.644,-0.0091636,38.993,71.419,-0.0040224
29.126,0.015032,52.406,76.024,0.0064846
37.859,0.027875,11.989,52.448,-0.0068919
14.275,0.0056334,40.717,50.127,-0.00046047
4.1682,0.010597,8.1798,58.387,0.011428
43.535,0.0095866,27.901,49.436,0.010606
43.125,0.017465,39.547,-6.4494,-0.023762
31.647,-0.0093866,56.128,58.255,0.0084671
60.777,0.014348,44.86,56.505,-0.010021
27.834,0.01816,62.295,54.47,0.018709
42.023,0.008005,29.821,-23.179,-0.025104
-0.046548,0.0064461,20.65,99.042,-0.0072817
43.978,0.0013782,25.949,13.572,0.0086563
52.963,-0.021888,17.549,102.7,0.0052432
14.701,2.7108e-05,65.365,28.929,0.0088907
14.287,-0.003428,-5.5099,37.731,-0.0033997
38.657,0.023435,35.888,22.705,0.00051165
17.287,0.010337,41.14,37.603,-0.0088972
43.327,-0.015234,32.221,31.292,-0.0014599
31.529,0.00022628,39.816,30.232,0.0011509
40.627,0.0012721,48.705,27.514,-0.0030684
54.821,0.028368,24.133,60.429,-0.0082795
37.285,0.019518,3.6706,56.433,-0.010225
11.958,-0.0037887,63.108,68.565,0.005352
9.9945,0.0082304,53.417,33.396,0.013749
20.773,-0.020659,62.333,87.935,0.00049281
5.9601,0.0094183,41.969,0.18688,0.0059135
43.389,0.010288,52.468,69.3,0.0011191
24.291,-0.0073056,6.0327,24.233,0.0051113
38.774,-7.7367e-05,53.848,20.963,0.0021187
17.442,-0.0099998,-1.4363,14.283,-0.0055712
64.816,0.028018,30.653,16.28,-0.0062067
25.906,-0.0032362,31.325,31.95,-0.011412
5.1445,-0.0082667,52.767,103.41,-0.00051796
15.68,-0.0076536,18.437,22.78,-0.014112
81.98,0.018424,11.833,79.666,0.00080915
20.278,0.014211,38.18,32.298,-0.021681
-4.3978,0.013812,43.802,58.125,0.0080411
44.006,0.0085462,41.86,35.721,-0.0071583
9.128,0.0042805,26.73,-32.861,-0.0056377
38.456,0.0055422,56.682,80.831,-0.014468
34.032,0.0084971,40.912,30.174,0.005537
40.054,0.015848,23.88,75.37,0.017527
47.522,0.018755,41.103,49.787,0.0033552
23.163,-0.012975,55.317,18.438,-5.1703e-05
49.728,-0.0080134,34.199,-18.356,0.0093985
36.635,-0.0040842,20.232,57.475,-0.010043
37.23,-0.01055,22.624,72.772,0.00141
62.042,0.0077407,43.462,37.303,0.0037266
55.179,0.020367,30.548,42.413,-0.0044737
50.539,-0.016436,54.637,0.14137,0.0092546
52.409,-0.0021989,33.982,-8.0965,-0.0054617
26.444,0.011711,37.536,49.715,-0.003555
59.915,0.010021,54.543,89.718,0.0034436
16.886,-0.003306,26.62,21.394,0.012194
37.9,0.0010192,37.927,36.247,-0.00034829
45.861,0.020047,54.098,46.382,0.014842
12.804,-0.0040574,24.933,31.292,0.0080925
21.618,0.00061058,44.151,32.779,0.0054237
60.726,0.015079,20.277,42.994,0.0037855
32.612,0.0040641,19.469,77.993,0.0053997
43.362,-0.00063495,45.61,72.587,0.018766
32.695,-0.0065643,30.188,41.261,0.021105
27.462,0.0012347,48.341,57.829,0.0021746
14.616,-0.009739,5.051,43.903,0.017918
16.111,0.0078592,28.86,58.174,-0.018006
34.539,0.0082431,45.415,48.92,0.018026
47.588,0.013325,34.306,6.714,0.0011441
26.169,0.0060231,63.292,49.088,-0.0057535
23.041,0.001964,41.984,59.188,0.0018187
60.53,0.013308,43.508,78.551,-0.011177
33.952,0.019768,31.713,25.025,0.00067199
54.868,0.0097398,33.755,57.852,0.00075129
50.263,0.024697,43.116,60.183,0.0083834
27.02,0.019514,50.199,98.15,-0.011669
17.565,0.01521,-1.004,35.151,-9.4477e-05
14.66,-0.0010777,49.809,-5.736,0.0054547
30.421,0.014562,25.053,5.3308,-0.0065892
45.002,-0.021375,63.81,74.108,-0.0048511
65.375,0.025363,37.596,89.435,-0.00018815
42.568,0.016815,57.677,51.662,-0.013725
38.688,0.012543,53.096,24.11,0.0063423
49.546,-0.017122,24.099,-14.075,-0.0084519
41.532,-0.010608,28.175,64.985,0.0091566
52.109,0.00025448,11.727,33.601,0.0033343
16.983,0.018633,43.211,44.356,0.0055137
13.105,0.021792,38.493,75.906,0.0045274
51.916,0.011111,40.071,-9.2468,0.0044296
29.483,-0.0010348,28.078,118.86,-0.0016674
11.367,-0.0080764,-10.887,86.709,0.0010568
42.14,0.0077499,31.828,53.431,0.003419
32.679,-0.003241,50.344,50.986,-0.0095167
27.98,-0.00075391,38.229,36.015,0.00080846
41.642,-0.010098,47.076,122.94,-0.0075342
22.687,0.0024373,45.108,65.098,0.018918
23.595,0.005147,40.936,65.887,-0.0088937
28.836,0.020269,39.167,23.697,-0.002076
32.79,-0.0050363,59.348,70.154,0.01258
22.974,-0.011585,20.747,59.383,0.010172
50.636,0.013294,55.833,53.515,0.0042104
49.451,0.0045237,52.347,66.518,0.012807
46.493,0.011793,40.647,-5.9075,0.0078099
29.326,0.010777,32.992,67.339,-0.009072
20.981,-0.015636,65.446,87.574,0.01616
53.606,-0.010518,32.897,31.819,0.003973
44.82,-0.015674,46.904,45.839,-0.002832
58.515,-0.0095181,11.833,31.605,0.0052275
42.02,0.00014235,19.443,55.963,0.00081709
23.733,-0.020078,33.191,40.204,-0.0053215
16.113,0.023983,33.084,56.206,-0.010446
59.582,0.019087,21.967,46.294,0.00023499
44.839,-0.0091632,37.807,35.771,-0.0064165
35.961,0.013122,45.155,3.8806,0.0014626
14.184,-0.014639,30.258,37.49,0.01907
8.7875,0.0052095,44.119,39.117,9.0341e-06
54.971,-0.0083948,46.436,27.894,0.00038548
32.478,-0.005519,18.112,34.265,-0.0060573
33.259,-0.0030953,24.178,86.154,0.0037313
26.337,-0.010681,9.6726,83.77,0.0077699
19.931,-0.014557,12.888,40.741,-0.0043284
21.64,0.016808,30.862,28.52,-0.0014593
19.455,0.010344,56.278,22.5,-0.012288
38.426,0.018406,16.27,73.629,-0.0001517
50.411,0.0080621,29.444,105.1,-0.0072539
51.428,0.0093404,48.118,-15.881,0.0093377
21.695,0.0084979,5.0826,14.469,-0.013848
51.221,0.00046596,40.207,50.472,-0.005969
30.849,0.0078676,64.959,96.426,0.0013687
29.354,0.021639,46.136,90.822,-0.013125
24.74,0.00047086,65.008,-6.2329,-0.011268
55.625,0.0011872,45.061,82.484,0.001292
-27.335,-0.0069144,32.325,58.224,0.00080943
33.509,-0.004561,15.074,114.94,-0.0020484
-1.5041,-0.018199,32.429,22.937,-0.0035423
44.207,-0.010177,42.383,47.481,0.013672
32.328,-0.012627,46.924,107.36,0.012349
69.238,-0.011531,49.302,115.49,-0.013181
48.802,0.0053479,48.288,73.98,0.009757
35.546,-0.0022732,38.87,41.493,-0.0078815
33.949,0.0078642,-2.7818,31.421,0.013218
39.301,0.01354,49.829,55.648,0.014254
62.805,0.0034146,21.07,58.259,-0.013905
34.593,-0.023049,29.619,104.62,0.013409
63.837,0.0071992,14.692,51.475,0.018333
55.345,0.006344,67.528,79.948,0.0034714
36.859,0.0078393,17.15,74.551,-0.00071722
39.883,-0.0086094,62.197,92.117,-0.0092652
35.708,0.009993,18.884,38.401,0.0072788
43.655,0.0020584,15.715,-18.931,0.00097722
20.942,0.0012627,47.064,51.986,-0.007557
44.232,0.0060909,32.194,88.649,-0.005721
12.401,-0.0061389,18.721,30.069,0.014041
40.135,0.021024,30.031,19.426,-0.001308
31.338,-0.0078249,38.918,42.864,-0.0022861
19.465,-0.020171,8.0665,74.712,-0.0042655
56.753,-0.012816,11.311,60.353,0.0040685
34.51,-0.012729,44.105,49.937,-0.011997
24.242,0.011717,46.489,42.265,0.014729
-7.4003,-0.00040791,34.99,46.631,-0.0016515
43.796,0.012691,42.039,52.245,-0.0021181
26.438,-0.016562,65.599,76.625,-0.0057006
1.7948,0.0073349,35.089,7.6328,0.0090478
28.129,0.0092529,24.102,44.187,0.0095627
-0.57836,0.023123,33.437,14.158,-0.0089736
26.632,0.013867,38.22,16.599,0.00019058
21.684,0.0034891,47.486,7.9808,0.009201
35.323,0.0039109,42.122,45.221,0.0042412
57.168,0.029394,42.108,24.924,-0.0072326
42.556,0.0071551,33.037,89.984,0.0011071
24.015,0.0055227,53.443,-2.2072,-0.0010603
18.307,0.011941,35.527,104.62,-0.0061697
12.782,0.015813,39.599,34.726,0.011636
10.97,0.008693,22.897,38.442,-0.0015985
50.909,0.0071686,22.351,49.025,-0.0060917
48.175,-0.0020234,19.406,78.151,0.0066657
46.012,0.0071602,28.62,28.3,0.0052781
55.424,0.0045491,34.845,80.344,0.0025146
50.619,-0.021196,31.417,17.236,0.014555
32.077,0.0072185,10.439,79.503,-0.0084729
33.913,-0.012576,26.008,87.161,-0.003649
22.325,-0.0061938,19.773,31.014,0.0033537
48.204,0.022119,57.794,38.503,0.014072
23.934,-0.0027644,37.671,62.611,0.0036064
47.929,-0.0013545,39.294,63.486,-0.001059
59.733,0.026449,81.534,72.393,0.0055306
5.2467,0.0024115,45.253,21.538,-0.0059622
39.378,-0.0022689,54.766,77.606,-0.0033076
27.287,0.0079267,29.65,-0.69482,0.0016509
49.148,0.0025978,35.355,40.955,0.0082268
20.033,0.0054842,20.438,40.356,0.0032263
27.759,-0.02614,33.636,34.887,0.0018804
48.021,0.019528,50.724,56.531,-0.0063019
35.228,0.020251,36.195,22.184,-0.011362
33.66,-0.0087282,34.771,90.684,0.00049541
35.448,0.0099883,48.375,22.923,0.0025164
55.421,0.0025062,29.513,38.117,-0.0015187
13.999,-0.0062828,29.269,86.311,-0.0091617
-0.24845,0.017518,35.428,47.951,0.0053567
33.166,-0.014531,44.77,54.754,-0.0026841
-0.94145,-0.0016169,43.451,16.542,-0.0057213
65.843,-0.0036623,36.431,39.341,-0.0053404
38.967,-0.0098706,36.146,60.07,0.0045518
9.0533,0.0024472,23.694,19.494,0.0060329
24.533,0.0013641,36.291,60.029,-0.0012967
0.37972,-0.0014503,1.285,32.533,0.019234
44.626,0.014979,22.509,20.976,0.0012116
6.3886,0.0041029,11.333,53.356,-0.0094902
36.424,0.012937,3.1764,-6.348,-0.010385
42.565,0.0084603,17.996,88.9,0.004072
29.59,0.018114,31.029,24.415,-0.0086304
-8.5006,0.026893,44.298,50.419,-0.005083
53.268,0.02652,27.784,-7.5971,-0.0044785
15.197,-0.018382,11.933,8.3887,-0.0093257
62.006,0.0099495,33.649,-14.067,0.0026876
24.263,0.032167,58.424,36.901,0.010396
47.302,-0.0046857,3.9132,27.641,0.0072211
30.426,0.0080773,10.73,11.836,-0.0032637
57.913,0.026441,32.92,19.571,0.002782
71.473,-0.012943,22.679,-1.0761,-0.0090213
37.577,0.011163,11.321,85.334,0.0062432
39.498,0.0081668,22.864,74.034,-0.0019181
7.6043,0.029379,13.405,6.0909,0.011365
29.648,0.0057611,69.433,37.91,-0.00096339
26.047,0.0022679,13.264,1.1161,0.0056181
42.51,0.010053,34.575,83.157,-0.010494
23.445,0.013402,76.345,43.843,0.0011233
51.914,-0.0014886,28.915,90.491,0.024427
65.33,0.0075481,45.881,30.132,-0.011129
4.0024,0.0091108,32.207,29.086,-0.01163
35.923,0.011519,37.483,72.18,-0.0091805
36.839,0.0092868,56.388,6.7198,-0.018181
35.373,-0.0098854,33.837,3.4112,0.0022023
61.224,0.011806,25.234,83.772,0.0079947
47.847,-0.0013997,37.632,23.022,0.0094893
45.705,0.013903,27.285,62.979,0.0079599
40.605,-0.0021666,61.17,26.629,-0.0016092
52.617,0.0008302,18.652,59.54,0.008257
8.2879,-0.02321,14.107,53.2,0.010474
47.333,0.023409,22.262,54.926,0.0216
40.358,0.011137,34.178,90.456,0.00033893
64.925,-0.014471,44.38,89.023,-0.0013662
28.172,0.010948,39.292,15.319,0.012158
40.214,-0.015921,47.132,97.84,-0.0092564
36.833,-0.0086174,49.801,33.194,0.0086557
7.574,0.0089299,20.561,19.119,0.010857
13.131,-0.019194,23.905,91.373,0.0012836
64.976,-0.0091617,42.269,72.991,-0.0098278
16.147,0.0035599,28.29,60.158,0.0013319
40.012,0.012846,35.692,47.795,-0.0022858
5.162,-0.015461,20.437,46.277,-0.00044525
47.535,-0.0083932,15.306,73.812,0.0067128
-7.3072,0.0046958,36.191,54.824,0.0092271
18.453,0.0053247,62.618,30.418,0.001564
37.047,-0.017438,32.577,-17.696,-0.019245
34.033,0.025044,45.203,53.049,0.0014249
13.492,0.013607,29.571,66.03,0.0059938
34.305,0.007475,16.699,103.46,-0.013127
38.432,-0.023373,9.1643,-1.3223,0.0079537
42.865,0.002125,-5.9699,79.265,0.0065997
47.708,0.011978,26.627,62.614,-0.0038554
29.59,0.011043,38.627,31.235,-0.0049293
43.901,0.0060121,47.067,94.676,0.0018117
57.506,-0.012973,19.96,115.2,0.0050886
0.82903,0.014081,25.012,22.765,0.014282
33.716,0.010329,21.534,101.67,-0.0021398
68.885,-0.010397,51.046,47.887,0.010186
27.873,0.020289,64.831,4.0691,-0.0087403
21.774,0.001263,25.756,78.037,0.024318
29.188,-0.0010012,34.219,-8.7619,0.015207
23.266,0.0071852,41.768,106.06,0.00063712
51.153,-0.0020716,55.982,43.716,-0.019961
59.338,0.018687,18.979,30.016,0.011104
21.973,-0.011792,38.307,47.339,0.004096
45.163,0.029071,57.779,76.328,-0.014631
49.925,0.014133,47.654,71.518,-0.0024785
33.59,-0.01284,26.388,66.344,0.0042362
44.216,-0.0089508,50.124,48.23,-0.014956
29.914,-0.0051145,36.042,-16.584,-0.0098545
28.532,-0.014001,12.318,59.673,0.0021206
55.96,-0.018569,30.802,9.3788,0.0050627
45.069,0.026278,-0.77019,10.859,0.017074
9.1529,-0.0040026,56.722,119.93,0.023477
19.617,-0.022913,30.369,59.888,0.006333
32.62,0.019236,48.018,40.436,0.0037063
38.256,-0.0016998,16.419,20.918,0.0061964
14.989,0.0061665,18.731,106.54,0.00015728
6.2615,0.0033397,21.62,105.99,0.0047256
30.993,-0.0013423,34.829,4.5798,0.016253
14.441,-0.0023157,43.37,49.552,0.0022358
40.115,0.011693,35.893,42.131,-0.01191
47.318,0.027074,30.237,14.574,0.007426
22.384,-0.0012469,55.784,61.942,-0.011856
60.462,0.0025835,-4.5105,56.187,-0.006131
15.507,-0.0024308,36.916,99.217,-0.011668
17.967,-0.00099586,46.699,29.339,-0.0078329
28.008,-0.023166,58.947,30.164,-0.0019618
44.395,0.0059981,36.314,20.661,0.0011333
37.212,-0.0040866,28.503,79.46,0.0016118
24.377,-0.007748,63.049,24.416,-0.0048151
13.438,0.013568,39.228,100.51,-0.0059302
29.466,0.007859,33.487,28.423,0.0097004
9.2315,0.020888,4.8,54.755,-0.0060109
45.818,0.00387,15.663,95.018,0.012092
77.112,-0.00036625,17.043,72.05,-0.0097324
54.24,0.007842,48.615,63.345,0.0053098
46.572,0.01403,52.083,11.085,0.0086972
2.8947,0.022039,65.383,31.501,0.0071941
25.946,0.0075042,10.07,17.046,0.012481
40.245,0.014892,55.368,129.03,-0.0081782
37.505,0.013452,44.066,6.3512,-0.0014351
45.968,0.019668,25.317,93.439,0.0047052
77.921,-0.0070237,15.322,24.106,-0.0063599
49.445,-0.0013816,50.504,29.015,0.023567
30.551,0.017101,12.28,75.03,0.0052999
45.378,0.010577,46.186,22.891,0.0055898
70.955,-0.011197,76.36,47.505,0.0093311
47.729,-0.0064408,31.963,48.239,-0.0016466
43.174,0.0048569,20.247,45.801,0.006628
69.92,0.025573,60.238,13.886,-0.00089786
53.79,-0.019841,55.398,16.771,-6.6724e-05
29.766,-0.0077274,56.374,51.948,-0.010405
66.188,-0.01077,14.493,51.542,0.0062918
69.349,0.0058095,42.921,58.825,-0.0083644
45.409,0.0063453,49.686,29.905,-0.011217
13.906,-0.0036525,28.317,41.662,-0.011643
30.704,-0.0028038,13.488,100.74,0.013269
9.5599,-0.017101,43.329,22.801,0.0018654
33.976,0.0052707,32.405,70.296,-0.0089511
8.4205,-0.013445,29.091,35.794,0.0038166
19.408,-0.0010566,19.036,35.266,0.010882
28.049,0.0061669,21.031,30.86,-0.00050289
34.255,-0.0039359,22.052,108.44,-0.0021795
35.639,0.0050619,61.649,105.88,-0.0044699
42.647,-0.0216,58.956,29.554,0.0026444
33.978,0.0019575,10.266,56.917,-0.0023835
10.02,0.004205,41.273,55.894,0.0047982
30.227,0.019707,26.934,47.793,0.0077517
32.28,-0.011606,51.657,39.847,-0.014285
21.98,0.0090003,25.451,79.098,-0.016633
17.49,0.0071903,22.094,57.221,-0.000111
54.687,0.0031063,8.5817,74.536,0.0092394
4.9807,0.0064745,34.304,1.3407,-0.010463
11.367,-0.0069642,-1.767,31.194,0.0072878
36.277,0.025172,18.997,54.679,0.012429
4.9992,0.032365,26.259,14.409,0.006793
26.265,0.038063,42.41,85.248,-0.0017012
60.905,0.018529,44.555,53.427,0.013644
1.8326,0.0051193,40.714,23.851,0.013891
54.983,0.011663,31.27,23.766,0.008816
51.573,0.0067204,26.161,22.449,-0.015027
24.597,0.018781,63.686,39.036,-0.0038935
50.558,0.01085,44.041,60.882,0.018457
48.865,0.014468,45.18,12.574,0.0073218
50.142,-0.010678,32.468,5.8827,0.0069211
21.69,-0.00062356,-3.1636,79.924,0.010987
33.419,-0.024837,38.155,54.148,0.0038334
52.193,0.0096751,23.199,102.08,-0.001175
21.748,-0.00043878,56.308,24.749,-0.0025647
34.49,0.0042558,30.618,47.415,0.00089996
24.932,0.017678,44.431,52.937,0.0069376
26.134,-0.01063,18.492,14.182,0.0017563
65.569,-0.0099293,18.548,12.453,0.0060703
53.89,-0.024292,43.17,25.453,0.010681
16.323,-0.018786,69.697,55.532,0.0073849
47.072,0.0056199,25.858,25.435,-0.0017034
26.741,0.018324,32.506,77.466,-0.00022794
52.969,0.016894,35.976,14.455,0.0047136
24.669,-0.035772,58.974,50.063,0.0022188
28.989,0.0055904,-13.073,8.0299,0.015097
47.389,0.010576,16.096,46.636,-0.0068571
32.289,0.0075946,35.246,-8.1054,0.0047734
43.375,0.010534,27.183,90.41,-0.0075328
52.003,-0.0037194,48.135,52.76,0.011851
23.028,0.019109,35.563,37.845,-0.002398
37.157,0.010147,45.691,61.442,-0.0034982
51.991,0.0063645,-2.4966,77.247,0.0052918
31.843,-0.00032494,17.241,65.486,0.013169
48.614,-0.014576,9.1311,48.996,-0.0016741
62.951,-0.00020821,21.419,55.952,0.017193
54.895,-0.007273,49.629,37.372,-0.018504
28.335,-0.023559,31.173,19.456,0.0040099
38.1,-0.0032331,42.798,76.183,0.0046223
-5.4348,0.01331,12.097,77.636,0.0022134
48.629,0.0070121,38.045,25.53,0.0044155
13.286,-0.008251,42.942,46.388,-0.0070401
25.685,0.023898,19.085,13.884,-0.017739
54.678,0.015621,22.321,26.363,0.009607
27.361,0.0096612,-0.6454,50.371,-0.0056645
18.146,0.026094,45.472,20.633,-0.0072171
12.592,0.0086726,32.378,77.101,0.011137
64.008,0.0098633,35.991,-4.5869,-0.0087745
34.394,0.0059179,45.289,-0.37207,0.0065031
14.361,0.00048686,38.611,23.975,0.015428
19.33,0.01038,22.235,60.087,0.00073358
43.568,-0.0078456,44.152,74.937,0.0025454
72.987,0.030927,40.501,75.153,0.0063675
56.54,0.01904,35.879,41.217,0.0010712
19.366,-0.001163,37.424,61.86,-0.0097547
50.224,-0.0019902,53.719,75.061,0.014113
41.807,0.0099415,55.497,47.858,-0.0031993
49.457,0.019474,39.039,79.461,-0.0083472
17.665,-0.00077112,16.645,66.326,0.0021705
-1.914,-0.00013335,63.443,51.111,0.0069704
17.304,0.009906,20.523,73.989,0.0042818
32.442,0.020979,56.433,46.007,-0.010593
52.27,0.0088287,15.191,57.168,0.0015787
42.42,-0.029597,52.698,82.387,0.0085994
56.139,0.02336,21.875,10.321,0.00020874
21.286,0.010286,24.058,40.64,0.0045408
35.937,0.0058373,18.634,38.902,0.004383
58.197,-0.0066742,49.662,26.611,0.012914
26.74,0.014791,30.436,15.401,0.0031022
15.085,0.0085869,37.666,47.494,-0.0026965
9.9236,0.011748,20.239,23.051,-0.0084909
22.506,0.01152,13.625,-0.64239,-0.0012741
44.336,0.0064965,64.57,59.977,-0.01771
56.724,0.0031575,34.52,8.3921,0.0040195
63.85,-0.0003235,25.221,33.496,-0.0035651
29.51,-0.014724,55.187,51.74,-0.0072822
48.756,0.014194,34.515,17.79,-0.023641
40.724,-0.004553,54.282,53.938,-0.013864
24.747,0.032282,54.644,75.62,-0.00505
34.469,0.037558,54.765,116.47,-0.011802
12.484,-0.0058529,12.474,10.505,0.0081426
43.691,-0.0099461,27.511,-13.049,-0.0047741
43.242,0.027658,64.863,5.9583,-0.016878
14.93,-0.0089432,9.4863,45.031,0.0092271
27.204,0.024448,74.434,30.517,0.0030898
21.424,0.01186,43.926,69.538,-0.0023263
12.677,0.042103,34.415,-9.343,-0.019836
18.557,0.012126,23.586,32.577,-0.0036551
58.76,0.010317,33.95,28.653,-0.0052711
46.231,0.0054388,24.17,32.543,0.0041558
42.669,0.0026628,23.455,26.978,-0.0071961
51.362,0.015753,31.516,120.19,0.0037515
19.62,-0.004697,54.924,53.106,-0.0042862
15.751,0.0095682,39.988,21.836,-0.0088
31.901,0.0038755,33.072,60.771,0.00022928
16.939,-0.030338,35.397,83.926,0.0008986
36.287,0.020121,42.026,13.316,-0.014779
48.174,-0.0088182,42.29,60.813,-0.0061023
50.302,0.012571,33.698,30.512,-0.0088773
32.316,-0.014468,52.521,44.7,-0.0022761
43.161,-0.0037036,46.808,54.823,0.0091469
50.899,-0.0038176,31.081,47.255,-0.00283
50.093,-0.0023462,54.421,61.022,0.0014537
50.677,-0.011092,-3.5808,49.589,0.00022497
53.066,0.018287,54.12,118.54,0.0011655
22.012,0.032732,53.588,78.198,0.0072064
74.441,0.0020184,58.754,23.734,0.0045395
40.208,-0.009669,53.42,69.597,0.0043417
38.802,0.01187,7.5541,43.543,-0.010047
26.344,0.0055883,53.974,41.147,-0.00061542
16.96,0.0075032,34.367,35.988,0.0059952
41.276,-0.0069941,24.853,72.958,-0.021691
25.818,0.020387,28.766,81.703,-0.0092919
36.322,0.0095674,52.008,37.589,-0.01799
55.119,-0.011969,28.415,64.198,0.0027168
42.49,-0.027892,48.161,94.805,-0.013974
25.93,-0.011017,19.839,120.55,-0.01587
49.086,-0.0068306,11.829,-41.467,0.0015569
41.194,0.013261,45.348,29.699,0.0084569
-2.9402,0.0080697,58.388,60.797,0.00043629
64.111,0.018734,24.037,29.494,-0.0072079
8.5557,0.011127,18.245,51.161,-0.0042907
41.384,0.0060176,28.92,-0.47909,-0.01953
42.501,-0.0014541,33.718,4.8879,-0.0034935
23.788,0.003333,-0.66646,18.361,-0.0039753
35.014,0.0078693,17.316,8.1158,0.017002
18.331,-0.016355,43.824,16.053,-0.0032665
25.506,0.010783,45.938,139.12,-0.0038465
45.322,-0.00019755,18.836,12.024,0.013798
4.9711,0.026184,38.827,35.315,-0.0012876
26.502,0.0088798,44.066,68.852,-0.012737
5.3794,0.0070456,27.315,30.162,-0.01016
63.467,-0.029396,17.842,65.143,0.00458
31.513,0.00016458,28.931,-29.801,0.010158
15.632,0.0029855,29.875,38.643,5.9135e-05
45.912,0.011709,28.199,35.05,-0.0058803
17.116,0.01094,28.475,22.785,0.0095247
25.504,-0.022672,28.928,51.21,-0.001881
27.484,-0.016602,47.118,79.435,-0.0081447
43.416,0.0021355,37.524,39.701,0.020431
37.899,-0.0078438,57.18,69.849,0.0054627
60.84,0.020749,39.301,59.75,-0.0070556
22.504,-0.017147,73.136,11.954,-0.0041646
49.675,-0.005448,40.69,79.86,-0.0041595
46.217,-0.0072754,29.52,56.585,0.0057043
83.547,0.02941,48.685,116.53,-0.0070718
49.779,-0.0073945,54.473,78.814,-0.029116
28.897,-0.016846,29.294,50.971,0.0061023
58.908,0.024875,39.218,51.004,-0.0087244
55.941,-0.002725,28.891,87.591,0.002256
23.241,0.0033383,47.026,31.07,0.0061229
-5.3568,-0.028507,28.539,56.893,-0.0025628
25.024,8.2321e-05,39.756,19.317,-0.017865
40.08,0.0069559,0.2615,13.196,0.0015959
21.814,0.0016355,50.16,51.599,-0.00051704
21.164,-0.025176,47.613,74.425,0.0025958
14.573,0.007051,24.541,65.027,0.0049872
27.551,0.020562,54.19,-4.5051,-0.0084842
24.813,0.01757,42.128,44.711,0.0015976
29.624,0.0081741,21.573,5.1543,-0.0035068
63.774,0.017077,50.161,27.36,0.0018172
69.441,-0.0041264,48.645,54.028,-0.0093043
74.62,0.0024392,34.53,63.266,0.00079401
43.442,0.00079837,31.108,56.724,0.0024187
8.897,-0.035906,63.206,91.631,-0.0036508
30.171,-0.016889,9.2231,85.24,0.0041905
30.513,0.020484,46.313,58.917,0.0056758
33.166,-0.003548,23.223,54.115,-0.0097919
12.055,0.0077827,47.437,75.111,-0.00088854
57.358,0.020474,50.113,38.784,0.0011876
31.486,0.0082505,-13.969,109.62,-0.0035347
27.615,-0.0052151,47.407,5.9255,0.014273
41.378,-0.013688,15.497,28.179,0.0012762
21.105,-0.028705,34.559,2.1428,0.011713
17.869,-0.0060588,5.4611,21.618,-0.0023365
27.949,0.00023023,43.612,55.749,-0.00045517
32.077,0.0011857,38.912,-14.027,0.0036106
20.84,0.0037494,39.913,45.565,-0.0058436
24.913,-0.0014781,25.187,61.295,-0.00045142
9.7585,0.0057582,3.2398,74.524,0.0095612
15.304,0.013983,40.967,73.596,0.0060784
14.793,0.01969,22.382,60.396,0.00056408
50.554,-0.022663,28.855,63.727,0.0078887
36.253,0.013046,60.233,34.468,-0.0066136
2.0711,0.00061889,30.921,38.587,0.010474
33.818,0.032307,41.559,60.935,-0.011601
53.27,0.0087757,57.376,110.54,0.00076058
48.193,-0.0048236,53.222,83.309,-0.012288
68.707,-0.0088815,27.408,48.361,0.0085532
19.619,-0.0044326,31.804,21.953,-0.0052108
13.296,0.0083931,43.058,15.647,-0.0018178
50.205,0.0056102,25.969,20.239,0.010754
49.292,-0.039337,24.28,27.565,-0.0062117
56.939,-0.0072244,51.252,118.81,0.0016737
7.0701,-0.017932,42.009,100.26,-0.0037152
46.976,-0.0083668,37.394,-29.482,0.011502
41.958,0.0054377,33.395,57.709,0.0042517
32.435,-0.0038644,26.722,34.1,0.0053038
47.933,-0.0057103,41.687,50.562,0.0012859
49.178,0.011697,49.464,38.654,0.0030324
-5.1195,-0.015922,54.714,77.142,-0.0091974
3.1884,0.010959,32.276,58.96,0.016744
39.006,0.0011688,30.74,18.655,-0.014268
28.891,0.006891,32.437,27.888,0.0075621
24.549,0.0194,30.059,39.797,0.012829
32.701,-0.0081985,54.404,72.173,-0.011916
-2.6685,-0.01572,30.725,31.164,-0.0039182
39.896,-0.015314,20.829,39.287,-0.0023661
40.939,0.017431,27.667,-14.177,-0.017355
35.224,0.00046822,35.565,45.949,-0.00093315
24.02,-7.8015e-05,-4.1821,59.722,0.0012053
27.401,-0.0047184,58.718,62.415,0.0065211
6.2415,0.006328,34.491,76.589,-0.0083365
12.693,0.01075,40.003,46.298,-0.00028342
17.237,0.014939,26.451,-5.6756,-0.0046844
11.713,-0.012456,52.733,53.193,-0.009529
26.55,-0.006036,18.96,81.751,0.00076805
18.098,0.0024851,36.561,51.795,0.0099122
30.439,0.0083868,25.222,22.857,-0.010179
10.592,0.010523,42.936,85.57,0.0040866
8.0334,0.00098544,26.379,58.542,0.019583
34.678,0.014206,35.08,86.775,-0.015591
50.431,-0.010562,15.474,-4.8311,-0.0046423
36.351,0.012614,50.28,72.178,0.024551
35.459,-0.0065902,18.904,71.075,0.0041004
28.637,-0.0091859,13.886,111.53,-0.010564
48.216,0.0066497,54.102,46.097,0.0095012
57.42,0.0017537,41.872,18.01,-0.015752
53.415,0.00041101,78.061,116.57,-0.0029898
45.795,-0.0048199,37.202,44.959,0.00324
30.652,-0.0033212,38.821,34.794,0.009809
17.577,0.0069751,25.911,79.35,0.011931
47.738,-0.0021346,51.851,51.557,-0.0119
56.802,-0.016851,12.041,34.579,-0.0025601
46.177,-0.0056663,54.873,55.936,0.0066774
74.708,0.0032329,45.675,85.86,0.013877
32.006,0.014517,51.029,53.907,-0.0043109
41.094,0.0056312,29.103,59.451,-0.0083194
66.305,-0.01217,47.01,79.131,-0.0021323
42.227,0.0074751,39.987,76.92,0.0077482
54.482,0.0024596,34.12,67.022,0.0044225
37.419,0.016255,53.33,60.805,0.017016
68.604,0.021109,67.792,46.346,-0.010496
31.232,0.0082761,55.452,16.82,-0.017978
11.146,0.0038189,-17.102,36.004,0.0051052
59.551,-0.013588,83.834,71.759,-0.0026418
6.9505,0.0065179,6.1345,20.609,0.013317
37.867,0.0062755,49.507,48.814,-0.0029348
41.269,-0.018796,-1.4465,12.63,0.006383
14.357,0.0086719,55.366,-31.345,-0.0015491
18.47,-0.0059494,66.488,65.157,-0.014975
48.599,0.016628,7.334,82.918,0.0026888
39.788,0.016089,32.276,62.937,0.0057922
31.977,-0.002236,32.727,70.213,-0.00047157
33.204,0.0038255,38.982,29.367,-0.011433
10.156,0.007903,3.9941,87.764,-0.0099962
46.641,-0.0068165,52.391,14.514,0.02762
24.315,-0.0037221,-25.384,26.711,0.0067491
2.8456,-0.005725,17.229,33.332,0.0093728
42.995,-0.015275,23.211,25.805,0.014524
37.519,-0.021095,47.204,44.669,-0.0022988
35.042,0.0062469,20.24,12.519,-0.0092246
56.396,-0.0096619,23.274,48.056,0.013713
42.761,0.012138,29.147,30.565,-0.013358
51.843,0.0082286,35.322,35.647,0.0061266
56.266,0.0040732,15.068,49.22,0.0096055
4.0804,0.0093552,29.145,11.409,0.0045893
28.169,-0.021875,40.186,11.928,-0.0012065
31.788,-0.00023422,41.436,-12.796,0.011054
42.213,7.9549e-05,38.208,55.422,-6.041e-05
36.118,0.0066296,38.212,56.381,-0.019437
19.254,0.017734,27.31,94.051,-0.0096382
5.4291,0.019804,29.753,61.84,0.0072103
28.576,0.011822,33.789,54.491,-0.012225
44.355,0.0047638,41.981,38.079,0.0032433
39.072,-0.01715,40.064,59.65,-0.0084336
29.188,0.00053559,30.219,37.519,0.013516
46.94,-0.020503,43.047,68.47,-0.0097182
17.7,0.020583,34.87,27.77,0.00031557
54.314,-0.0013689,48.33,39.088,-0.0080002
24.334,-0.012444,38.612,59.64,0.0025462
-0.060755,-0.0055703,53.446,32.046,0.00020495
31.63,0.0069364,20.755,103.86,0.0059896
49.094,0.017644,64.945,57.33,-0.0030605
39.946,0.01107,44.847,-16.08,0.0010163
59.857,0.010386,45.622,67.796,-0.0091962
72.884,-0.0023902,50.76,51.281,5.165e-05
33.545,0.010619,-2.563,86.285,-0.0057376
52.516,0.00080784,21.744,127.46,-0.0017071
34.361,-0.0039852,23.888,27.554,0.0023324
33.146,0.020102,38.825,20.688,-0.010928
32.375,-0.00043431,32.211,82.505,-0.004464
29.895,0.010638,42.751,-17.628,-0.0010104
59.338,0.0037175,50.531,90.246,0.0020129
17.872,0.013102,16.836,36.587,0.0027135
24.433,-0.025354,38.65,54.671,-0.0068688
44.176,-0.0076352,32.635,49.111,0.0027132
28.407,0.01392,35.358,35.004,0.002967
45.627,0.016403,49.598,41.164,0.00099313
21.147,-0.010414,-2.5259,11.341,-0.0067688
25.307,-0.0060621,11.371,3.0865,0.0018267
36.959,0.00069507,26.16,27.271,0.011439
26.021,0.007669,56.226,53.235,0.011161
41.162,0.0037478,32.483,61.879,0.012932
24.573,0.040712,40.306,29.54,0.0094065
23.674,0.0086454,27.797,77.303,0.0098503
27.938,0.017982,53.975,30.326,-0.005697
23.945,0.0080523,47.666,34.547,0.0020579
38.085,-0.0025651,26.415,23.502,-0.0027308
19.037,-0.011394,41.661,71.794,0.012997
10.906,-0.0021974,9.7373,31.624,-0.0051098
14.647,0.018564,15.023,43.826,0.0021042
33.853,0.03107,42.873,30.158,-0.0033234
21.613,0.00031637,33.371,-19.366,0.0095897
16.593,0.011681,33.129,105.39,0.0027096
11.566,-0.015906,16.681,6.0695,-0.0056299
34.416,0.021883,41.005,71.82,-0.0097187
29.381,0.0064858,43.597,-7.6027,-0.0046564
55.29,-0.032277,39.787,51.814,-0.0023944
34.973,0.02197,31.375,7.8888,-0.0019616
23.005,-0.013971,45.993,43.533,-0.0097758
21.063,0.011708,44.394,-4.9086,0.024377
46.73,0.007111,18.122,66.98,0.0024238
31.366,0.0059537,29.672,19.506,0.001376
48.569,0.012042,17.054,29.202,-0.0033925
19.06,-0.016222,32.068,-46.725,-0.0030342
21.252,-0.014653,62.733,101.21,0.0030771
51.907,0.0020508,30.449,15.168,-0.0023338
49.314,0.0043356,32.724,75.411,-0.0067022
44.153,0.040253,40.427,59.001,0.0045405
75.869,0.015536,29.77,4.273,0.0064594
49.406,-0.0035924,2.101,79.583,-0.0066028
39.308,-0.017273,43.849,31.381,-0.0038298
35.726,-0.0010605,29.292,26.103,-0.010381
46.526,0.011129,39.374,21.358,-0.0074738
-6.3757,0.025097,29.031,62.835,0.00071149
48.215,0.023804,35.127,114.62,-0.0042634
41.39,0.019059,20.091,49.695,0.00023169
32.779,0.00732,19.551,45.856,-0.00076848
39.075,0.0048922,25.282,74.273,0.0015946
13.546,0.0096167,16.949,-1.9414,0.012113
7.633,0.018641,32.349,102.85,0.0018154
31.008,1.3916e-06,20.84,20.839,-0.0015467
68.165,0.013195,26.119,76.209,0.0033185
27.781,-0.010683,17.451,45.833,-0.0011527
43.471,0.0077083,24.97,13.286,-0.0030975
16.814,0.025086,33.384,-4.4086,0.015554
18.028,0.0057398,47.335,20.696,0.00091702
27.512,0.017135,-1.8775,55.18,-0.00042221
26.479,0.01094,-2.2889,50.302,0.0083034
23.757,0.0034576,36.406,8.4903,-0.0013543
43.554,-0.0096756,17.465,21.207,0.001535
26.38,0.013266,26.007,9.954,0.0033002
17.477,0.0080682,58.561,101.59,0.017891
42.605,0.0068243,27.637,81.269,-0.0068535
36.895,0.0076066,38.557,77.831,-6.3074e-05
17.004,-0.023248,20.042,75.659,0.0050298
64.832,-0.012644,64.002,41.276,0.0042555
16.624,0.02336,23.362,77.714,0.0052409
57.711,-0.0222,36.29,33.83,-0.0089573
73.016,0.01972,36.699,29.521,0.028699
40.594,0.0042724,58.222,24.868,0.0099681
35.251,0.0037476,35.878,17.335,0.020267
27.918,-0.021937,49.812,45.768,0.0057618
17.138,0.010432,40.072,65.82,0.013319
16.052,-0.017866,26.393,44.925,0.0054849
22.779,0.024066,32.726,47.755,0.0081787
15.499,0.001458,63.381,-6.0648,-0.00636
34.429,-0.0061395,26.962,30.949,0.0039914
33.613,-0.010328,10.754,5.1926,-0.0051428
41.741,-0.0072373,66.719,21.794,0.0084828
26.303,-0.0064673,39.053,40.267,0.0094783
41.401,0.0039723,38.095,79.794,-0.0037592
49.607,-0.0039102,38.504,53.015,0.0077414
72.407,-0.0012477,64.457,82.307,-0.015347
59.069,0.0024685,30.99,59.806,-0.0062754
42.368,-0.00065164,52.697,80.135,0.00012004
52.978,0.01091,39.667,34.055,-0.0096421
54.109,-0.0037788,18.725,56.155,0.014747
15.122,-0.015639,17.181,28.731,0.01469
44.663,-0.0086776,34.689,15.348,0.0071715
28.971,0.012771,-0.81994,63.27,0.013667
26.734,0.0030288,46.272,109.74,0.0077243
16.438,0.016212,10.639,52.309,-0.0018848
41.602,-0.0054948,49.763,44.088,-0.0053539
46.045,-0.004448,50.183,8.1167,0.0049083
83.078,0.0076523,25.027,28.224,-0.0068565
30.84,-0.0048281,3.2293,43.041,0.02557
13.185,0.0062813,34.799,42.381,0.0089232
36.856,0.0033312,28.709,74.896,0.0074219
53.323,-0.014475,24.05,60.492,-0.014081
29.552,0.018714,9.496,51.366,0.0014746
6.5635,-0.003293,20.436,92.204,-0.0096993
26.456,0.021632,11.971,67.676,-0.001452
22.59,-0.015714,24.202,57.608,0.0024758
46.142,0.023169,32.586,82.328,-0.020917
39.787,-0.005414,47.845,37.158,-0.00021592
58.003,-0.0079797,29.567,61.106,-0.0076587
48.62,-0.020949,11.729,24.524,0.0089258
40.214,-0.029662,5.3007,94.827,-0.015877
42.152,0.0080514,26.696,58.105,-0.016762
70.156,0.0055176,42.674,100.34,-0.0047419
24.276,-0.0069578,44.471,54.763,-0.0010322
50.515,0.0052906,28.979,43.791,-0.0069486
43.076,0.0038946,36.789,32.535,0.0087788
52.075,0.013022,32.515,46.686,-0.0037121
26.664,-0.0041771,58.135,33.899,0.0025653
50.234,0.0001817,33.563,55.189,0.0011296
51.936,0.011158,27.837,53.266,-0.0024365
20.245,-0.017558,48.836,54.58,0.0014395
50.838,0.0070297,50.433,33.636,0.0089541
40.512,0.012445,22.927,60.101,-0.0032702
64.588,0.009544,45.702,28.255,-0.0044638
23.412,0.0066411,52.494,44.571,0.0045694
51.071,-0.012137,4.6384,27.601,0.00037473
21.612,0.0044311,50.152,76.363,-0.0075057
38.784,0.00072773,33.568,50.623,-0.0088337
35.841,0.0075739,68.556,108.28,-0.0024803
45.367,0.0084138,12.264,84.168,-0.00028492
58.516,-0.0089374,22.096,29.657,-0.0090226
44.654,0.0034322,56.497,33.453,-0.010439
35.679,0.016579,49.517,64.998,-0.017411
29.681,0.0077119,33.9,44.322,0.010037
16.147,-0.0022443,45.721,47.053,0.0055743
13.648,-0.0080519,19.687,104.4,0.0022715
46.111,0.042079,27.415,64.136,-0.013235
31.721,-0.016868,13.169,64.84,-0.017224
61.916,-0.013783,23.643,62.613,-0.0015245
11.22,0.0085684,0.6979,46.148,0.025709
74.378,0.02914,23.029,-1.4675,0.010312
48.852,0.0089654,42.873,110.15,-0.0074591
37.326,0.016942,27.528,65.885,0.0068902
54.161,-0.0045064,53.045,14.222,-0.0071953
54.494,0.020469,17.317,55.945,0.011728
12.27,0.0042188,43.143,78.701,-0.01273
31.068,-0.0050779,75.383,58.223,0.0072429
25.21,0.0048954,7.3259,47.991,0.015083
23.592,0.010092,55.88,78.741,0.0029386
18.987,-0.0092843,20.863,80.379,-0.00044897
43.692,-0.033049,54.455,19.221,-0.0027986
40.177,0.025645,70.229,62.187,0.001514
31.137,0.028352,12.988,47.907,-0.0076143
40.168,0.0089158,20.458,101.94,-0.010419
24.214,-0.024294,35.022,43.291,0.0010886
30.269,0.0078337,55.539,75.17,-0.003818
52.171,0.001182,24.807,0.71544,-0.0096654
18.843,0.020265,29.565,1.6892,-0.0083452
18.487,-0.0048276,2.3592,9.1386,-0.011363
27.306,0.017817,33.609,-16.797,0.0021216
62.088,0.0019122,60.783,26.981,-0.01055
47.622,-0.0025602,38.8,106.51,0.012978
18.628,0.022768,29.058,76.904,-0.0039483
30.813,0.0072166,43.183,95.007,-0.0032792
50.451,-0.025095,45.183,76.296,-0.019873
42.256,-0.0051026,28.648,60.82,-0.0023271
45.558,0.0066503,-0.46801,44.497,-0.00434
72.795,0.013893,16.835,95.373,0.012205
40.292,-0.0044826,22.948,130.72,0.004889
55.082,0.022305,20.494,14.671,-0.006614
45.769,-0.0051877,39.825,51.302,-0.028189
7.2254,0.017247,55.647,61.528,0.0046583
20.131,0.026698,40.75,69.042,0.005348
36.567,0.0023456,39.124,16.142,-0.023281
63.916,-0.0030029,51.517,23.842,0.0091933
8.9539,0.0013868,37.033,25.552,-0.008601
22.113,0.027388,13.326,43.567,0.019087
19.641,0.018806,32.581,31.778,-0.0067818
7.25,0.021874,40.068,64.142,-0.0063466
14.667,0.0020078,58.069,22.159,-0.0030387
50.738,0.0080039,18.564,102.44,-0.019244
20.666,0.00013543,32.389,72.394,-0.0089171
29.085,-0.0024614,29.78,20.425,0.00044248
2.6764,0.018672,22.389,7.8447,-0.0085225
50.761,0.020913,55.565,-7.6613,0.0092661
63.995,0.00529,37.451,-6.105,0.018599
18.569,0.036831,25.457,-30.723,0.00012071
14.086,-0.014019,35.34,72.584,-0.0029243
39.27,0.0034358,21.904,74.679,0.0053856
16.266,0.022405,45.078,46.607,0.0001849
34.187,0.013264,32.578,14.086,0.00095214
-14.689,0.010041,24.89,57.277,-0.00014705
16.486,0.0071132,8.0965,50.468,0.0088344
40.252,0.006474,62.953,93.975,0.0070984
46.806,-0.020559,27.937,61.723,0.014294
36,0.011323,2.7026,102.7,0.018625
36.122,0.024702,15.768,58.405,-0.01433
12.242,0.0092792,55.521,26.644,-0.0019451
39.474,0.0076009,33,93.796,0.0065314
14.167,0.019267,32.036,62.776,-0.0067554
34.858,0.011563,41.256,62.633,0.0010884
54.967,0.00692,23.904,36.928,-0.0025276
41.577,0.010271,35.024,21.637,-0.0026481
39.207,0.016053,43.265,40.336,-0.0021976
41.189,-0.024755,54.007,37.05,0.013178
45.115,0.015128,50.433,28.502,-0.014554
55.704,0.024224,29.26,115.41,0.001607
56.959,0.0066984,14.814,71.067,0.0090835
29.343,-0.027741,37.802,37.575,0.0066603
11.854,-0.023448,44.357,18.336,0.016718
55.825,0.018305,52.002,77.732,0.0042484
12.712,0.0058112,22.114,41.323,-0.0091264
32.824,-0.010024,31.654,40.647,0.0011632
42.159,-0.0059923,55.337,30.256,-0.0046402
50.356,0.0070473,27.576,-9.8617,-0.00051755
19.179,-0.019724,39.872,60.079,0.0023075
15.073,-0.01007,34.234,107.6,0.01056
16.458,0.010889,36.591,120.31,0.0025449
29.342,-2.4369e-05,65.729,79.634,0.015196
66.82,-0.011061,63.467,78.537,0.005232
30.819,-0.010213,40.048,33.933,-0.003724
36.794,0.0012717,55.911,122.03,0.0051362
54.412,0.013931,53.266,13.712,0.00047488
43.571,-0.0031284,24.013,37.487,-0.0078645
33.831,-0.015324,29.627,60.528,0.010586
25.494,-0.027048,34.462,63.639,0.0007733
12.445,0.02333,61.955,50.897,0.0088691
9.1794,0.0074575,46.429,3.1367,0.010257
27.287,-0.0031466,17.759,-0.57359,-0.0054379
5.6889,0.012575,12.897,7.9996,0.016109
33.166,0.02513,29.383,45.393,0.0059806
10.957,0.014366,27.65,63.868,-0.010088
17.043,-0.0064386,49.449,125.47,0.00094175
20.791,-0.0032868,17.5,-13.207,-0.012967
20.405,-0.0024446,58.132,76.033,-0.0089442
66.069,-0.024879,42.808,26.752,0.0041411
31.09,-0.0031543,51.498,9.6207,0.012061
34.913,0.0013882,53.636,18.699,-0.017944
11.042,0.021406,62.901,55.072,-0.0028218
40.776,-0.005216,30.536,72.291,0.0027724
36.688,0.017708,48.599,51.953,0.00067609
24.615,0.0075169,4.0298,23.262,0.0026334
34.523,0.0059529,29.291,2.4649,-0.0010414
18.77,-0.0073038,31.751,70.771,0.0073579
17.794,0.0010521,36.284,12.326,0.00038475
21.005,0.019872,33.548,60.25,-0.0020939
37.879,0.0043024,18.033,-7.2409,-0.0078719
25.356,-0.028399,71.708,112.95,-0.011644
44.735,0.018611,38.527,79.306,-0.0099616
33.557,0.018193,68.687,69.201,0.0038725
68.543,0.017096,30.53,47.354,-0.0058775
61.622,-0.0050196,26.328,22.527,-0.00031592
64.851,0.013443,20.148,43.731,0.004687
54.051,0.0054515,41.552,86.491,0.0038126
39.727,-0.0021086,72.565,21.777,0.016367
36.167,0.0059715,47.954,-8.2697,-0.0048122
21.695,0.014156,45.908,-4.2909,0.025712
12.6,0.011851,39.463,5.0103,0.0034134
47.785,0.03485,41.06,22.425,-0.01186
32.383,0.0089098,42.325,14.362,-0.0034442
46.143,-0.0019866,52.223,49.294,0.0047135
39.201,0.0026683,37.042,-19.086,0.01164
49.027,0.0013062,61.937,39.634,-0.0048347
31.681,-0.0076684,40.599,95.535,0.0035911
20.436,-0.006434,25.045,22.124,0.0031377
42.615,-0.0042443,39.004,4.0669,0.008116
28.499,0.015304,36.991,23.186,-0.010704
20.153,0.015155,42.155,16.974,0.019718
43.831,0.0020338,16.126,-8.0267,-0.010361
49.496,0.0058665,33.674,45.188,0.0091115
34.911,-0.0024972,58.932,44.931,-0.0024978
22.486,0.0020477,38.839,85.993,0.0010271
-6.2935,0.012255,58.694,67.296,0.0070682
23.415,0.0033274,13.69,41.319,-0.0056826
10.286,0.0045895,28.944,6.7744,-0.0037476
18.559,0.0098202,14.29,21.411,0.0062447
28.013,-0.0052664,22.968,16.404,0.018818
71.305,0.024164,32.681,68.656,0.0030512
25.86,0.0056755,49.973,52.528,-0.0091392
20.06,0.0095162,17.819,-17.698,0.0062419
12.863,-0.0081102,36.904,42.564,-0.0073812
11.212,-0.0034739,33.134,28.198,0.0051324
18.701,-0.0014883,44.926,11.611,-0.0079448
53.737,-0.0022664,22.147,123.33,-0.0050328
0.61303,0.0088678,46.297,-14.562,0.0017419
24.127,0.0076808,21.497,115.24,0.0048375
14.896,0.010124,12.931,67.427,-0.0036252
51.676,0.034191,46.166,55.256,-0.0023163
60.891,0.00033392,17.099,93.012,0.0014073
29.796,0.0085062,33.242,83.893,-0.0010203
17.974,0.0030806,13.288,31.385,0.0030972
12.263,0.013325,22.975,23.554,0.015066
62.845,0.0024369,35.748,41.66,-0.019618
29.039,-0.0061772,50.627,1.4598,0.0096412
55.287,-0.0025888,25.13,40.187,0.0048143
57.224,-0.0063153,35.208,137.51,-0.00053937
17.073,0.0020483,26.103,70.926,0.01485
57.109,-0.02201,67.676,69.488,0.0021062
31.057,0.012877,92.074,-8.9726,0.010444
32.263,0.018696,41.816,70.261,-0.0085542
35.324,0.01853,20.055,75.122,-0.012313
-11.507,-0.015188,44.586,108.5,0.0064808
45.703,0.016106,22.023,90.543,-0.014772
-0.30776,-0.0055249,37.019,31.099,0.0012429
30.273,0.016778,53.285,56.807,0.006122
31.444,-0.0021155,53.455,39.355,-0.007338
45.146,-0.0018067,29.128,24.08,-0.011263
13.618,0.020936,19.321,64.501,-0.007618
6.8442,0.012386,18.126,52.346,0.0092994
9.4158,-0.011157,63.082,45.427,-0.0061314
22.432,-0.0030864,27.537,51.915,0.010027
31.554,0.0032352,46.54,75.187,-0.0096121
55.719,-0.0046516,14.009,51.111,0.0078934
46.146,-0.0010623,41.219,62.242,-8.038e-05
34.115,0.012669,36.876,62.758,-0.0035719
46.516,0.0053365,24.882,73.661,0.013688
18.468,0.00079006,7.4145,-15.256,-0.0039675
22.697,0.014635,61.1,-12.229,0.022802
44.315,0.017986,39.687,74.341,-0.012449
31.307,0.0082555,4.4045,65.79,-0.0071383
43.401,-0.015726,42.756,54.568,-0.0081781
38.173,0.0242,25.472,50.385,-0.0096846
43.005,0.0078617,36.637,53.561,-0.0010807
35.353,0.003688,28.702,53.428,0.0028252
47.422,0.0014213,12.926,8.3554,0.0006869
28.055,-0.0085799,6.1933,13.322,0.022245
49.895,0.0058446,22.425,133.84,-0.0091115
15.078,-0.0038427,33.573,-20.893,0.0078403
12.759,0.017123,38.747,42.249,0.00051226
34.96,0.018787,39.253,58.569,-0.0015497
33.485,0.0082802,46.073,74.25,-0.0079972
41.338,-0.0046732,46.289,26.723,0.010212
3.0476,0.016584,57.873,16.802,0.012407
34.834,0.024676,15.537,37.858,0.010722
43.251,0.0047672,63.647,-3.8797,0.01372
31.026,0.0079765,60.056,103.01,-0.0054108
53.108,0.0066887,41.77,0.93494,0.012377
32.4,0.024082,44.309,-4.3237,0.0038218
11.541,0.012391,37.486,19.225,0.0052461
46.929,0.00062386,40.147,-0.02071,-0.0071353
47.224,-0.0019245,92.92,77.905,-0.011582
40.472,0.011517,54.007,42.513,-0.005598
37.295,0.024972,44.974,81.821,0.0079819
42.426,0.015032,18.006,92.236,-0.0064212
54.219,-0.0025985,26.126,62.826,-0.014168
49.75,-0.0028216,15.242,57.405,-0.0096472
22.742,0.00074269,18.147,67.142,0.010339
62.635,0.0076017,29.128,34.654,-0.010416
57.314,0.013234,37.305,-4.6718,0.020734
33.437,-0.015433,73.802,34.614,0.00053597
35.397,0.0023708,40.832,9.2447,0.0077826
28.85,0.01866,46.412,18.042,-0.014695
35.332,0.024528,42.873,50.764,-0.020776
28.075,0.0096336,-2.9872,20.298,-0.0063089
42.773,-0.015593,60.748,80.526,-0.0031423
36.158,-0.0013536,6.5462,63.392,-0.013255
41.819,-0.012089,34.014,57.332,0.022439
27.187,-0.019774,27.159,28.447,0.0091545
32.127,0.020192,34.193,-24.086,-0.012965
38.576,0.031509,4.8018,31.395,0.0052028
70.711,-0.003542,8.0262,92.348,6.2203e-05
12.452,-0.021868,47.692,84.572,-0.0068533
24.058,0.00055139,52.169,72.333,-0.0039477
35.937,0.0019237,58.322,59.827,0.0098891
32.144,0.0014065,25.265,92.294,-0.007141
30.845,0.0054875,66.182,20.363,-0.0011772
89.17,0.011231,32.812,3.1553,0.0014746
29.851,0.0084158,19.207,47.079,8.6886e-05
16.717,0.026638,56.517,50.018,-0.0031242
22.338,0.003953,25.323,51.315,-0.0054301
24.535,-0.00097323,23.477,34.119,-0.010754
49.35,0.01382,9.9955,64.602,0.0043934
40.957,0.00065825,9.8406,37.087,-0.0065003
19.67,0.013248,20.517,5.3355,0.021955
39.138,-0.010575,30.357,14.621,-0.0014594
31.331,-0.0070712,39.925,-20.151,0.0060307
27.55,-0.005191,22.926,13.089,0.0088101
52.171,0.0036799,45.393,20.057,-0.01141
26.585,0.018897,39.644,44.182,0.0092047
50.702,-0.0113,67.025,21.197,-0.0020914
47.344,0.011027,33.721,22.697,-0.01871
36.172,0.0097212,44.522,12.164,0.019015
38.205,0.028991,26.978,97.387,0.00050777
40.489,-0.0076547,18.32,27.695,-0.0024187
46.246,0.011934,53.151,44.603,-0.0017183
44.578,-0.0069045,58.736,20.081,-0.0082375
78.442,-0.0039382,38.495,21.39,-0.0020945
35.461,0.017309,38.352,69.442,-0.017308
32.502,0.01484,38.372,81.077,0.0065803
67.368,0.027722,33.708,31.75,0.013528
58.804,0.016267,13.695,108.45,-0.0033491
25.103,0.0088763,41.296,43.528,-0.0056612
43.243,0.002259,27.997,53.402,0.0060847
35.509,0.0041294,70.349,36.614,0.001093
40.357,0.0029683,29.287,31.32,-0.0093721
44.654,0.0097711,50.922,60.252,0.010063
44.087,0.014577,-1.8668,40.025,-0.0040602
31.941,0.0071905,50.776,89.08,0.0069572
51.993,-0.01723,33.029,15.26,-0.0041525
40.568,-0.00053294,0.68679,54.058,0.013847
56.802,-0.0055515,43.836,43.281,0.0060494
33.744,0.01134,23.884,80.777,-0.006667
32.995,0.00045446,63.258,28.255,-0.010234
33.939,0.0042789,-10.036,48.629,-0.0065268
27.937,-0.0050827,45.373,132.42,0.0016283
27.909,0.010594,27.096,81.397,0.014931
35.909,0.0039482,21.022,76.191,-0.0062234
49.61,0.018673,18.221,26.049,-0.016076
36.737,-0.021364,43.276,80.797,-0.010338
27.289,0.011987,13.751,23.669,-0.0099006
80.053,0.014351,11.572,27.629,-0.0060053
16.548,-0.0077001,54.397,92.858,-0.021082
35.793,-0.0060698,1.0816,36.12,0.00728
56.98,-0.0017888,38.45,28.72,-0.010143
25.218,-0.005739,14.575,43.998,-0.0026318
25.719,0.01405,20.321,36.122,-0.0032024
20.963,-0.0039586,45.937,63.962,0.0037983
76.836,0.0042352,6.7662,38.521,-0.015983
52.615,-0.0107,33.307,67.079,-0.017282
50.739,0.0024302,41.261,35.35,0.00681
59.121,-0.011258,12.774,30.981,-0.0083708
40.802,0.039569,40.042,24.313,0.010137
49.42,0.001215,64.926,77.886,-0.00011107
43.778,0.0062473,37.945,44.613,-0.0021484
41.508,0.0011538,35.727,73.366,-0.0026827
16.958,0.03012,34.033,-21.902,0.0064865
35.926,0.0020794,39.911,36.99,-0.0070256
26.377,-0.0044885,51.634,50.396,-0.013579
28.373,-0.0073106,17.989,89.81,-0.0015155
19.626,-0.0054648,29.008,34.781,-0.0045013
43.691,-0.026362,61.719,68.001,-0.0080879
24.379,0.032765,36.164,132.79,-0.008892
58.48,0.00020822,49.37,60.048,0.0013081
52.246,0.008667,53.673,71.441,-0.0065016
66.962,0.0055972,19.101,13.806,-0.018671
55.041,0.022571,38.342,27.426,0.013533
18.352,-0.0069024,20.357,78.569,0.012791
26.823,0.0054932,34.279,1.3775,-0.0031806
27.567,-0.030941,54.799,19.842,0.012332
20.141,0.032459,43.669,37.675,-0.00092439
22.018,0.0039638,33.32,47.039,0.0071206
23.313,0.012782,39.148,11.723,0.0068452
5.7382,-0.013727,28.534,57.827,0.0018692
15.067,-0.020722,43.672,22.298,0.0012892
27.167,-0.0081564,49.045,108.67,0.001091
29.069,0.012811,30.05,51.816,0.005427
72.871,-0.0021399,30.956,84.235,-0.0062535
30.433,-0.00065869,18.636,77.793,1.5233e-05
49.365,0.008591,-3.9931,35.112,-0.0029051
33.582,-0.0012384,74.867,95.472,-0.0017989
22.864,-0.0029835,34.313,-11.771,-0.0073754
23.943,0.0045546,22.78,50.753,-0.011091
34.808,-0.002838,55.28,17.825,-0.020959
41.606,-0.0019864,39.121,44.69,-0.0034164
17.566,0.006093,49.03,24.23,-0.012718
49.952,0.026517,32.574,57.504,-0.0095933
72.564,0.0066933,32.453,21.608,0.011868
54.321,-0.0073334,14.583,91.916,-0.0084473
5.6822,0.015361,23.044,77.82,0.0013881
26.872,0.0030742,30.058,38.219,-0.0081859
57.642,0.00077262,62.05,70.855,0.0028328
38.093,-0.0017129,4.2475,50.099,-0.0052845
32.244,0.011376,17.075,23.556,0.0078673
2.0828,0.0027181,24.232,39.362,-0.0053584
38.436,-0.0093795,15.012,58.672,0.0026254
15.939,-0.016597,10.79,18.802,0.00085608
42.234,-0.019573,30.314,83.152,0.0093694
34.203,0.0044914,26.523,43.03,-0.011786
48.405,0.01382,21.667,98.071,0.0029748
51.495,-0.011391,51.087,51.881,-0.0012515
61.914,0.0087576,58.764,7.7887,-0.0075625
45.836,0.010717,43.489,67.023,-0.0084628
20.787,0.0057812,42.991,54.127,0.00042624
-5.1007,-0.024475,29.665,42.925,-0.0028451
35.712,-0.019745,23.992,13.405,-0.001249
70.224,0.019904,23.269,61.536,0.0011899
31.766,-0.0070475,47.073,55.695,-0.0019543
60.478,-0.013448,47.785,82.574,-0.0080474
23.72,0.007464,32.036,19.161,0.010329
40.122,-0.01722,53.434,4.4596,0.0020486
23.779,0.0031928,16.42,8.4884,0.0044965
46.498,0.015545,13.339,81.214,-0.0086608
36.117,0.0094606,46.214,32.4,0.019506
59.557,0.0033782,64.882,63.307,-0.0097509
2.0403,0.0062529,42.809,11.815,0.015234
39.987,0.014941,39.825,117.02,0.0031872
46.087,0.017417,31.212,36.688,0.0015549
27.97,-0.010435,44.38,23.44,-0.00067627
37.499,0.021202,42.192,18.568,0.024405
17.727,-0.00098081,-8.1919,93.308,0.0041918
25.82,0.0050197,18.167,-5.1018,0.0090862
35.016,-0.027139,36.481,43.235,0.022533
41.594,0.007356,18.808,57.625,-0.0026504
25.247,-0.0039405,44.509,0.84171,0.0015873
44.782,-0.0025502,26.751,102.72,-0.00027825
32.293,0.0052033,38.862,14.439,0.0068312
41.574,0.0020566,37.562,31.562,0.012474
42.585,-0.026949,31.869,22.078,-0.0083755
23.431,0.032984,-0.21321,47.181,-0.0059369
59.234,-0.036202,26.335,10.623,0.015881
35.618,-0.0012412,22.048,-38.374,0.015129
34.473,0.016005,40.955,74.12,-0.0066105
16.841,-0.0033806,26.181,-20.516,-0.0075614
23.454,0.0022939,60.838,88.11,-0.0015131
33.528,0.0079234,16.212,77.32,0.0035539
24.776,-0.032459,40.182,50.834,-0.0024166
50.572,0.027132,46.778,68.114,0.0089001
45.42,-0.010755,34.476,20.435,0.006469
24.124,0.011886,38.315,85.284,-0.0085554
46.24,-0.00076186,13.914,-18.033,-0.0095256
56.011,0.024657,46.887,21.698,-0.0034185
37.206,0.0048016,54.414,81.146,-0.0028863
0.64449,-0.014339,43.926,-7.7271,0.0082409
29.61,0.0092443,51.727,37.871,0.015373
45.174,-0.0072921,40.234,79.928,-0.016596
36.471,0.0064822,44.617,44.963,-0.009212
53.214,0.01591,41.3,33.922,0.0022315
46.168,-0.0029238,60.295,22.167,-0.0031659
50,-0.023254,60.832,100.95,0.014711
56.949,0.020211,38.499,36.187,-0.016985
50.103,-0.010014,37.401,18.287,0.0019551
10.985,0.015006,53.611,104.95,0.0010037
43.554,0.023986,26.998,22.223,-0.0028392
64.872,-0.016565,38.018,115.55,0.0073553
19.925,0.011797,40.791,46.766,-0.0005904
16.837,0.0073049,28.009,55.584,-0.013523
37.029,-0.0038175,35.54,49.937,-0.011161
17.823,-0.027311,37.369,54.435,0.0071895
73.248,-0.011185,59.068,34.371,-0.0071929
46.211,0.025933,41.286,47.925,-0.0044897
34.679,-0.01233,28.259,48.965,0.00088474
67.636,-0.013623,63.163,27.815,0.01301
55.736,0.0074101,37.874,-8.7787,0.0058417
38.821,0.0032534,30.165,60.429,0.014971
24.601,0.031838,48.705,10.845,-0.01013
64.215,-0.016048,77.004,-37.186,-0.0068865
26.372,0.011694,43.191,12.653,-0.00112
15.036,0.016379,21.488,86.19,0.0011364
15.375,-0.0071294,29.919,-2.0713,0.0020675
41.267,0.0088163,23.838,50.667,0.0042371
37.428,-0.0078723,27.841,14.816,-0.0063672
25.156,-0.0039074,37.531,47.79,-0.0067466
33.086,0.010736,21.633,13.727,-0.012689
44.099,0.032628,31.184,13.707,0.0058231
33.58,-0.010543,22.52,75.35,0.0011231
27.783,0.0028675,45.067,66.363,-0.011348
22.265,0.021785,34.482,87.168,-0.0071426
16.853,0.025428,29.231,56.968,-0.019397
33.755,-0.00066516,15.431,-17.156,-0.0068231
40.892,0.0007347,24.637,73.674,0.004234
21.763,0.0039297,20.563,8.5508,0.014296
41.551,-0.0080501,47.239,50.316,-0.0097665
2.2303,-0.0029204,50.779,64.87,-0.0034637
11.749,0.0030766,35.967,39.932,0.0061322
25.435,0.00051583,-1.5136,21.12,0.011279
43.287,-0.0056651,15.67,86.072,-0.0031824
38.361,-0.0079473,26.097,67.656,-0.0011704
42.244,-0.0050153,42.589,41.203,-0.012834
20.168,0.0009633,23.637,20.903,0.01036
47.671,0.0028416,28.149,55.165,0.020775
50.596,-0.00020521,53.862,27.232,0.006421
84.275,0.0046189,31.631,32.311,0.013507
52.953,-0.010675,39.593,82.634,-0.021067
20.587,0.0064704,30.323,50.78,-0.01076
31.3,0.022431,45.271,101.21,0.00098528
33.162,-0.011705,44.401,33.45,0.00016644
26.539,0.01258,51.727,-7.8056,-0.01474
33.335,-0.0041988,31.987,66.941,-0.011851
49.101,0.013642,61.216,42.988,0.0057824
50.968,0.015466,31.278,42.372,0.0077481
30.107,-0.0057808,43.425,38.768,-0.013794
50.197,0.0062175,38.618,88.971,0.018242
36.349,-0.0018139,41.595,41.985,0.0020326
32.592,0.0097314,42.555,46.792,-0.012179
29.064,0.0011709,11.924,-5.8231,8.5055e-05
15.698,0.011398,49.778,85.609,-0.0070204
62.696,0.0019209,20.113,92.597,0.0076351
31.749,-0.010115,23.4,7.2799,-0.0072338
41.661,0.0027621,49.274,75.127,0.0078248
46.262,0.0027683,32.996,45.389,0.010871
34.047,-0.03402,42.684,29.43,-0.0038938
29.407,-0.011425,45.651,26.953,0.019533
62.493,-0.0090825,16.832,17.658,-0.0044942
35.247,0.013172,44.311,21.319,-0.0082852
32.31,0.00030059,18.748,58.939,0.0053822
18.236,0.016839,-1.4391,-24.766,-0.0056673
26.063,-0.014147,14.927,62.596,-0.0014697
56.871,0.0040906,35.209,28.984,0.013207
-8.926,0.0406,22.367,43.493,-0.0082631
49.306,-0.0033645,-2.0227,33.997,-0.012863
8.7512,0.015583,36.157,17.402,-0.0040705
45.306,0.019287,17.21,-1.0793,-0.00041014
27.075,-0.01204,50.231,39.567,-0.015706
73.044,0.019745,45.94,90.314,-0.011264
32.885,0.0078143,28.428,58.206,-0.014917
18.599,-0.0074571,43.779,81.346,0.0060514
43.979,-0.0039111,58.299,-30.398,0.007034
23.994,-0.0019504,37.815,94.684,0.0040943
49.324,0.022659,29.773,-38.145,0.0040062
18.099,0.028326,23.761,3.7371,0.0070152
37.894,-0.013971,9.1778,32.97,0.013926
42.018,0.024203,12.523,45.972,0.0044598
40.731,-0.0017195,51.257,58.778,-0.0064591
39.59,0.03237,47.413,66.126,0.0051962
24.68,0.013083,34.002,44.091,0.0093951
37.159,0.025538,54.316,82.167,-0.0089783
20.624,0.019957,36.441,43.732,0.0022209
44.894,5.9197e-05,31.443,36.091,0.0016508
41.722,-0.031432,58.215,37.771,-0.016263
43.401,0.0079337,27.152,44.837,-0.00039415
41.545,-0.0045614,50.145,130.78,-0.0068366
32.212,-0.0023925,46.721,87.735,0.003454
61.441,-0.010475,52.083,63.052,0.0017432
30.982,0.028367,43.389,45.275,-0.01324
25.053,0.0018246,7.4741,52.901,-0.01508
36.996,-0.016622,30.382,51.72,0.0061112
41.27,0.023029,63.441,102.51,0.0017986
30.442,0.0065453,33.94,87.382,0.0027217
50.749,0.0097071,21.544,12.794,-0.012694
31.723,0.0036311,5.5226,64.052,-0.0020419
51.565,0.010694,14.614,39.437,0.015076
68.651,-0.01721,36.731,65.017,-0.010047
54.459,0.002289,30.235,4.2598,-0.0070795
40.455,-0.015349,23.502,60.246,-0.00085472
41.443,-0.00039501,4.1245,16.439,0.013582
39.258,0.0060078,32.025,14.884,-0.0096968
25.134,0.0032059,16.867,36.07,-8.595e-05
24.398,-0.011038,47.87,5.4329,-0.0044561
51.109,-0.021729,20.205,54.04,0.0034607
32.912,-0.033899,29.357,69.413,0.001797
16.258,-0.004585,39.636,77.594,-0.0077747
33.376,0.011139,19.719,34.392,4.7715e-05
51.839,-0.0058312,42.402,58.641,0.013617
30.043,-0.011583,37.32,-34.458,0.0048495
45.953,0.0059618,-0.39761,71.919,0.00044028
40.009,0.014218,5.1801,60.857,-0.0067912
40.365,-0.0069097,61.992,77.46,0.011476
7.7795,0.0025181,25.006,15.873,-0.011169
40.798,-0.013029,2.5617,50.506,-0.0019513
45.813,-0.0082474,41.432,-21.789,-0.018419
65.565,-0.0086038,38.89,56.584,-0.025902
48.041,0.015386,15.955,35.926,0.0024095
37.691,0.011641,20.512,25.876,-0.0027746
25.723,0.015877,3.8063,49.868,0.003735
63.972,-0.0010245,48.26,82.915,-0.0056666
42.888,0.0044545,47.113,63.551,0.0065065
65.462,0.0092996,42.994,20.774,0.0098182
46.415,0.014275,2.1974,28.848,-0.0023634
66.328,-0.010133,39.112,63.723,0.0087292
23.916,0.015554,21.995,30.9,0.0042414
41.942,-0.0024375,30.922,116.44,0.0063935
34.21,0.0075243,35.267,68.135,-0.0042226
28.378,-0.023651,37.163,44.783,-0.00052045
22.484,0.015583,56.807,87.297,-0.013633
35.558,-0.0057633,25.119,69.053,0.0060636
47.726,-0.0065712,21.922,85.376,0.0081684
15.573,0.010466,60.251,98.133,0.010254
55.192,-0.019935,29.626,31.306,-0.001769
12.418,0.01435,5.3858,113.36,-0.010671
27.325,0.019402,66.532,86.99,-0.0021939
34.312,0.02933,42.241,12.798,-0.012208
34.881,0.009895,59.068,100.59,-0.0012711
71.872,0.0098626,26.569,104.76,-0.014775
33.31,0.0035912,48.843,67.077,-0.0028772
24.058,0.0085969,49.114,61.216,0.0010975
13.56,0.0022258,30.648,47.539,-0.0085822
-9.0195,0.0027721,27.859,55.011,-0.0092567
34.135,-0.0055802,33.304,107,0.00045874
49.416,-0.012267,29.823,74.969,0.0046388
43.052,0.0038793,20.733,7.0151,0.0034262
28.466,-0.016702,18.757,103.52,-0.016199
16.831,0.0015858,36.946,60.321,0.012011
45.142,0.003722,22.771,27.821,0.0092812
29.434,0.0211,22.395,64.152,0.011471
27.672,0.011546,31.18,39.779,-0.0035575
30.084,-0.0012739,35.953,43.976,1.7316e-05
44.322,-0.0049813,37.258,92.431,-0.0058323
34.309,0.0084233,15.79,74.694,-0.0038306
36.55,-0.0012986,27.222,36.198,0.0089566
42.263,0.01571,15.912,85.481,-0.010255
35.524,0.027118,28.274,66.741,0.014426
53.06,-0.0026272,69.318,27.26,-0.013851
34.45,0.006517,38.615,26.48,0.0011487
31.882,-0.0101,27.99,140.84,-0.0054716
37.704,0.012919,20.046,17.558,0.0046406
58.731,0.0061927,38.809,45.962,0.011453
52.905,0.0080464,44.645,59.327,-0.012698
55.178,0.028454,59.999,27.767,0.011476
40.636,-0.0038786,41.537,95.413,0.0049468
55.213,-0.0023775,40.236,5.2193,-0.0027581
53.129,-0.0052763,22.825,25.615,-0.007935
64.04,-0.0073873,47.647,28.773,0.012484
32.747,0.013898,51.212,-9.5106,0.0095564
35.068,0.017325,48.776,30.066,-0.005466
36.509,-0.0079341,27.054,37.183,0.002837
26.979,0.0028623,45.472,22.053,-0.0079658
53.466,-0.00029514,35.199,29.21,0.01234
41.393,0.01347,32.898,16.184,0.0097644
5.2244,-0.00072208,38.726,31.858,0.0011428
35.074,-0.011285,45.346,35.427,-0.0052926
38.971,-0.012295,44.757,66.299,0.010706
42.143,0.0085738,34.612,72.439,-0.0024034
29.365,-0.022382,36.37,56.407,-0.0087148
54.537,0.012507,38.693,104.55,-0.010185
20.183,0.010921,38.97,82.284,-0.007899
71.402,0.011437,25.524,53.691,0.0092974
29.841,0.0093577,31.282,3.7164,0.0065949
40.07,0.0041501,22.561,-7.5482,-0.016795
37.959,0.01291,19.734,53.396,0.0024799
36.19,0.0092041,38.121,12.195,0.0014033
36.818,-0.0062843,32.213,0.57935,-0.0047907
34.57,-0.0063317,31.839,53.611,0.0030209
15.439,0.02615,19.143,60.976,-7.1469e-06
40.112,-0.0021325,27.401,24.276,0.0006932
3.16,-0.0055533,44.251,82.345,-0.0041257
28.574,-0.0070642,17.757,57.511,-0.0071979
38.6,0.0074388,24.908,43.333,-0.011101
70.873,0.015826,32.517,35.563,-0.0026554
24.586,0.020959,43.099,74.014,-0.0057287
3.9258,-0.0056034,37.677,40.898,-0.01387
34.815,0.016589,28.401,68.273,0.0090326
31.156,0.0058451,33.952,24.854,0.00051605
11.16,-0.0021646,-0.8545,30.151,-0.0019959
23.668,-0.0064722,23.58,67.046,-0.015028
48.731,0.018859,38.783,6.2771,-0.0022676
25.025,-0.0017665,23.329,-34.817,0.0052822
19.024,0.011106,97.462,-23.804,0.004526
44.394,0.012661,28.658,25.453,0.0050228
28.309,0.012173,36.719,41.856,0.0023609
61.621,0.016069,35.766,46.516,0.011517
66.417,0.017008,59.112,72.47,-0.004324
24.451,0.030238,12.129,40.275,0.013444
45.232,-0.010099,38.498,22.255,-0.00062168
6.317,0.0080881,53.437,16.152,0.01264
66.973,-0.015571,43.309,42.527,-0.0022081
45.468,0.0070112,20.082,49.24,0.0026115
29.954,-0.0023728,45.835,49.327,0.00065545
46.619,-7.899e-05,41.786,51.172,-0.0011939
52.866,0.0030154,61.31,34.711,0.0028774
38.123,0.016669,71.828,67.05,-0.0088594
44.507,0.0014738,26.683,-7.5817,-0.00026627
45.691,0.0060036,38.96,112.7,-0.0072717
47.05,-0.0055139,49.461,30.668,0.020165
44.604,-0.0037891,21.67,90.438,0.0080595
55.106,0.0054181,21.046,49.029,-0.011487
24.211,-0.017352,28.88,36.782,0.0041285
38.902,0.0096924,49.214,-2.6586,0.0081648
34.301,-0.0046447,16.002,17.732,0.012798
34.843,0.01297,34.396,6.7895,-0.0033062
38.776,-0.0053431,24.393,23.927,-0.010946
38.418,0.0018877,30.261,40.064,0.0054049
35.899,-0.019047,22.928,39.868,0.0029621
50.175,0.0055792,32.438,25.928,-0.0049012
45.74,0.015089,14.028,27.013,0.00026118
57.826,-0.013721,54.578,53.418,0.014387
28.261,-0.023909,26.538,44.709,0.0045631
19.61,0.0017177,30.592,38.684,0.016291
63.332,-0.010694,31.981,54.162,0.0044915
23.898,-0.010202,14.487,-28.71,0.012616
16.862,-0.032861,42.105,66.706,0.0063272
40.858,0.0067283,40.552,18.513,0.016248
21.827,0.0086101,24.97,58.532,-0.017267
17.198,-0.016751,40.88,38.327,0.0096966
34.198,0.013342,54.403,10.255,0.00042958
47.398,-0.0010994,14.441,22.725,-0.0026443
32.296,-0.017367,14.278,9.0484,0.017752
34.616,-0.010695,29.355,96.099,0.00061796
42.872,0.014973,41.386,25.046,-0.0017727
28.499,0.0083703,33.811,70.797,0.0014725
44.796,0.01693,28.875,33.281,-0.0063497
31.229,-0.012811,27.847,63.433,-0.014655
-0.51637,0.0048345,59.852,65.174,-0.0063399
49.432,-0.017409,7.9132,21.088,0.0033691
57.275,0.036402,34.907,43.044,-0.0049288
33.44,-0.0047424,32.391,42.552,-4.6274e-05
45.697,0.0035306,25.063,57.941,0.0065999
47.739,0.010771,19.207,57.725,-0.012291
68.293,-0.014856,-6.6438,45.038,0.0038309
59.473,0.039652,29.525,73.894,-0.0075735
25.496,0.012977,31.361,74.515,-0.01966
58.09,0.0022746,53.237,90.15,-0.0072913
36.864,-0.0044124,51.927,67.362,0.0050235
56.373,0.0056872,37.648,49.237,0.014304
62.054,-0.0028116,66.588,30.614,0.012239
49.567,0.016125,27.461,19.067,-0.00048867
19.086,-0.010131,28.999,41.921,0.0079054
-3.176,0.0055079,58.318,26.267,-0.0075523
73.231,-0.01008,49.466,13.705,-0.0072482
22.175,0.015432,64.194,81.779,0.015113
40.387,0.0067741,36.468,95.257,-0.01157
27.591,-0.0035422,41.133,7.6581,0.0042618
58.875,0.00018596,28.298,93.025,0.0042794
30.032,-0.022001,70.151,32.521,-0.009064
66.626,0.0055853,32.266,3.484,-0.003578
42.924,0.0014814,50.839,18.197,-0.003959
38.047,-0.014238,63.828,50.939,0.013042
57.524,-0.0036944,47.414,38.533,0.0067029
49.683,0.0041805,45.364,11.324,0.0056432
49.466,-0.029811,42.554,71.953,0.0049821
42.356,0.034459,34.119,95.626,0.01621
36.347,-0.019172,15.331,6.8987,-0.0053366
3.7585,-0.015057,28.843,-22.437,-0.0026308
41.562,0.0021496,26.922,-1.8888,-0.00037211
31.781,-0.0091165,35.164,42.691,0.0018791
38.532,0.015365,41.042,48.469,0.010876
43.888,0.026595,20.78,33.128,-0.0067042
19.971,-0.0071423,32.203,9.5046,-0.012264
15.105,0.00073447,43.458,56.697,0.010969
39.535,-0.012986,17.031,36.536,0.0067834
20.196,0.0051006,25.569,72.878,-0.0072914
23.457,0.025475,22.907,22.44,-0.00027279
69.822,-0.012778,34.439,-3.7158,-0.0034187
19.341,-0.0064572,85.476,63.35,-0.0028057
20.463,0.021255,30.805,65.018,0.0010249
48.738,-0.023287,36.41,40.765,0.0064786
35.466,0.011406,29.806,70.782,-0.017736
66.39,0.0066353,39.991,29.476,0.0026627
34.567,0.0189,2.76,65.543,-0.023105
19.646,0.0051004,45.953,6.7896,0.013586
12.383,0.003971,58.323,35.837,-0.0055838
38.801,0.029296,45.051,72.292,0.0096512
40.024,0.013903,67.642,60.844,-0.0090156
26.701,-0.0092967,66.307,34.766,-0.023029
68.09,-0.023424,45.235,63.852,-0.004991
9.8196,0.0058597,64.926,22.747,-0.018326
27.513,-0.015299,65.981,57.584,-0.0064496
55.308,-0.0072931,22.673,-6.1968,0.01608
0.34637,0.012367,39.69,34.683,-0.012522
33.95,0.0021139,84.813,41.359,-0.0027051
9.777,0.010663,32.659,64.768,-0.0074733
49.386,-0.010679,25.893,67.046,0.012867
56.432,0.037693,65.899,-5.3796,0.0015093
37.155,0.0090668,51.148,108.19,0.010126
57.519,0.0045628,18.392,62.879,-0.0099258
24.905,-0.016596,15.107,53.631,-0.0081205
51.642,0.011543,35.275,46.598,-0.018137
5.6786,0.027076,8.6462,107.14,0.0073097
31.801,0.011903,67.133,3.883,0.0027182
47.175,-0.0025599,30.409,21.688,-0.011325
28.802,0.0096468,53.934,-5.2841,-0.011889
7.7004,0.0099564,51.874,62.772,-0.0017289
45.005,0.019549,40.425,2.2756,0.0071797
45.809,0.0038049,21.798,44.976,-0.011384
56.535,0.017335,28.473,36.449,-0.0088541
50.889,0.0085791,25.567,40.669,-0.0086919
17.987,0.01563,35.076,64.198,0.0010411
44.029,0.016615,42.388,43.686,0.0043633
7.6557,0.0089723,16.259,44.862,-0.00034454
42.769,0.014831,1.0764,45.869,-0.0021151
13.52,-0.0051066,40.598,40.541,-0.0078038
67.867,-0.010903,12.308,73.351,-0.0025613
38.397,-0.0030874,31.018,25.009,-0.00096273
21.042,0.010218,23.417,65.068,0.012915
20.266,-0.0051421,13.734,41.005,-0.0092036
32.911,-0.0067153,54.843,12.805,-0.007215
44.881,0.0047638,55.023,42.294,0.0076291
31.421,-0.013028,33.448,50.069,-0.0042008
35.526,-0.005728,34.255,109.89,-0.0079075
55.336,-0.014061,30.962,42.732,0.0048971
38.392,0.00069812,24.683,79.811,-0.0033633
10.935,0.010755,17.903,30.47,0.012908
21.374,0.011061,16.965,42.115,-0.00023597
24.998,0.012379,26.281,63.201,-0.0022379
51.198,-0.022731,48.1,63.872,1.5585e-05
25.07,0.012548,42.565,59.738,0.0070315
29.608,0.0040555,42.759,70.156,0.0026588
24.097,0.012543,46.924,46.897,0.0077486
15.205,-0.0071099,31.129,82.578,0.0086107
44.258,-0.0040067,38.3,-2.9392,0.011321
26.651,-0.0086479,11.194,31.845,0.0047759
14.775,-0.0091806,57.836,39.314,0.014586
23.599,-0.0097805,52.504,22.775,-0.00029038
5.055,0.00189,29.671,71.266,0.0066208
94.311,-0.0098661,37.919,41.68,0.005061
44.787,0.0016281,51.364,72.811,0.0045575
46.696,-0.010361,39.284,79.402,-0.0096238
53.417,0.019025,16.23,44.258,0.0021131
20.359,0.023614,32.653,54.141,0.0026034
41.26,-0.0072021,2.8774,108.52,-0.0069192
-0.2543,0.016508,44.502,58.237,-0.0036796
34.256,-0.0096479,51.759,49.237,0.017109
51.908,-0.015228,20.345,-2.6781,-0.00077165
37.296,-0.0071883,25.158,-11.163,0.0028132
49.034,0.0072242,53.487,87.777,-0.0035898
7.8145,-0.0097401,51.05,-13.868,0.005378
32.204,0.0069196,32.566,25.198,-0.0011571
12.395,0.006883,11.901,6.3302,-0.023307
21.39,0.0097912,33.2,22.099,-0.0047157
27.371,-0.016059,17.344,-27.215,-0.01366
37.025,0.020638,15.87,28.077,0.012875
32.884,0.01946,23.104,62.36,0.0025158
17.437,-0.021045,28.413,-37.084,-0.0076399
-1.9734,0.023778,43.88,77.056,0.0040291
13.447,-0.012839,15.462,15.659,-0.0042571
69.811,-0.0009692,20.135,30.216,0.013882
14.527,-0.0016595,38.036,37.748,-0.020102
33.716,0.0026301,24.052,67.076,0.02302
39.219,-0.0023023,39.159,-17.856,-0.005106
6.6083,-0.0072146,-14.075,11.089,0.0023832
39.3,0.0058031,18.62,32.887,-0.0089422
46.497,0.015905,45.949,6.8866,-0.013936
18.825,0.028257,31.416,18.905,0.0038542
52.446,0.0061792,32.448,78.271,0.015495
39.56,0.022983,30.86,46.952,0.0096999
36.964,0.011087,41.543,-30.974,0.019089
25.236,0.0020513,18.068,55.686,-0.00082643
50.865,0.025553,8.2381,90.777,-0.0036575
27.044,0.0086227,52.179,44.4,-0.006243
25.566,0.018512,10.395,83.769,-0.0023742
40.422,0.0011025,56.653,45.87,-0.019192
33.505,0.030072,27.346,71.548,0.011822
-1.1817,0.018221,4.8972,104.46,-0.0039916
26.711,0.0013639,19.495,61.796,-0.0050607
39.097,0.0097771,41.11,133.92,0.0034436
45.103,0.029995,51.088,3.2092,-0.0039444
69.756,0.0071327,41.691,5.336,-8.4829e-05
59.905,0.0015533,32.626,64.179,-0.0017463
7.5444,0.020966,35.113,65.907,0.022611
51.579,-0.031307,78.509,57.854,-0.0028132
43.593,-0.001734,35.932,71.39,-0.016768
19.898,0.0018586,5.9843,46.258,0.00077587
42.702,0.015036,41.435,58.307,-0.020443
52.218,0.020501,50.881,26.335,0.009412
64.348,-0.014778,41.355,74.326,0.0037589
15.719,0.0083385,13.285,56.746,0.0062679
5.3078,0.013913,-7.6468,44.201,-0.014699
51.962,-0.010779,26.843,36.972,-0.0002822
14.851,0.0061376,39.902,35.018,-0.0031939
5.1636,0.018867,27.776,33.765,0.019282
20.639,0.0041955,2.2345,37.73,-0.018044
43.609,0.012732,9.3715,5.2574,-0.004578
16.594,-0.0052423,4.7188,16.408,0.0033665
27.739,-0.0023251,37.085,48.13,-0.0022221
6.1332,-0.009546,40.99,2.1828,-0.010531
42.435,-0.034326,33.156,88.097,-0.012264
27.597,0.010681,30.138,7.6114,-0.00037385
37.387,0.0080841,15.35,19.222,-0.014731
39.545,0.01267,20.715,69.106,-0.012244
32.551,0.010898,36.121,71.158,-0.0027234
42.914,-0.013557,23.94,48.318,-0.002311
49.926,0.0079452,12.931,-0.0057758,-0.0058597
42.102,0.011649,37.805,39.382,0.0033297
45.038,0.0028271,30.209,66.998,-0.0066912
38.431,0.0035058,24.26,45.858,-0.0036649
63.053,0.018646,41.7,-2.5416,0.002131
32.87,0.030618,33.386,38.974,0.0024942
37.659,-0.014267,25.117,44.549,-0.0092315
37.331,0.022358,-3.9373,64.753,0.006743
57.6,0.00012951,11.131,-5.0306,0.0035134
41.328,-0.0036685,46.685,63.768,-0.018025
54.703,-0.0078999,52.751,31.055,0.017377
25.08,0.028404,54.379,57.624,0.0047938
52.61,0.012445,5.7508,39.742,-0.0051654
32.515,-0.0054748,25.506,48.601,0.0090121
51.797,0.0099257,17.39,67.81,-0.0030776
41.926,-0.023504,46.368,48.702,-0.0018579
34.847,0.01725,37.985,146.83,0.016567
22.786,-0.0042243,48.186,82.025,-0.0059711
50.75,0.009104,32.524,59.392,-0.0023334
79.145,0.00078337,43.136,29.593,-0.0097266
57.511,0.01994,64.576,45.544,-0.008621
28.226,-0.00031065,39.874,50.147,0.0040824
63.764,0.013656,26.691,24.866,-0.00063423
60.389,-0.012215,29.225,33.497,-0.0038428
53.272,0.00046712,6.967,59.851,-0.01758
38.4,0.0031667,46.596,29.321,0.0050074
36.045,0.027546,37.091,112.26,-0.0065282
55.837,0.0079583,19.235,33.004,-0.0025641
24.67,0.024925,15.838,16.358,-0.0070847
49.322,-0.0077554,41.302,47.852,-0.008785
23.961,0.0040876,45.533,10.179,0.0081416
63.062,0.0064725,25.749,34.108,-0.0030341
54.966,0.014645,34.904,18.979,0.017208
38.719,0.00021707,44.619,59.968,2.0636e-05
39.802,-0.0032833,50.373,55.599,-0.0054869
19.459,0.021957,28.123,-23.08,-0.012263
20.279,-0.02301,40.503,56.853,-0.00014254
26.101,0.0032576,13.974,12.021,-0.010468
57.977,0.00090535,3.1855,8.372,-0.010229
25.077,0.0010424,51.73,4.9313,0.0056939
-2.6794,0.025821,19.269,12.242,0.010212
67.167,0.021238,32.323,92.084,-0.0063024
26.237,0.010249,30.63,-7.5463,0.0083952
50.101,-0.020137,23.822,13.017,0.0079203
15.373,-0.0074106,10.067,-11.236,-0.0062565
41.142,-0.016011,9.7847,5.2394,0.00098082
48.116,-0.00097323,57.987,37.874,0.0030441
28.11,0.021835,24.946,41.928,-0.004247
49.055,-0.012281,48.112,59.762,-0.0038267
52.141,0.0058058,61.462,35.384,-0.013416
50.856,-0.014231,16.402,10.663,0.014125
27.22,0.0049917,5.7491,80.029,0.0032274
34.218,0.0053216,52.252,23.932,-0.0073931
23.817,0.0035268,43.487,25.634,-0.0013401
40.745,0.01141,54.897,28.78,-0.0068544
23.221,-0.033754,43.622,16.787,-0.0085309
24.318,0.0034297,57.581,79.757,0.020481
86.29,-0.01056,29.188,77.682,0.0055775
35.89,-0.011619,51.03,102.28,-0.0074828
33.4,0.027615,14.796,80.233,0.0089061
38.726,0.034596,69.595,26.584,-0.0025551
15.659,0.013929,41.021,5.0329,-0.017764
8.1154,-0.0045187,50.722,34.151,0.016668
45.914,0.0048009,53.715,19.33,-0.0078423
43.711,-0.0075205,67.139,1.0991,0.016252
53.368,0.0050562,32.091,74.217,0.0033818
63.571,0.026577,43.023,45.714,-0.0088636
58.236,0.013929,50.798,82.105,-0.0064724
24.764,0.0098539,24.813,59.737,-0.0082463
59.65,0.013588,39.474,29.543,-0.0068005
35.413,0.0086393,13.47,16.196,-0.0056482
39.571,0.0087521,32.707,55.365,-0.0086802
30.457,0.015174,8.9204,19.196,-0.0028469
18.33,0.01361,69.455,90.074,0.012669
35.878,0.018764,20.709,42.779,0.0069396
35.386,0.0098749,33.72,36.332,0.0012051
26.292,-0.021272,63.775,61.03,0.0030535
