150,0.0080419,148.39,65.835,0.0097571
148.86,0.0084537,147.19,67.802,0.010266
147.67,0.0088792,145.94,69.756,0.01079
146.44,0.0093187,144.64,71.698,0.011331
145.17,0.0097714,143.3,73.62,0.011887
143.23,0.010468,141.26,76.438,0.012741
141.28,0.011182,139.21,79.164,0.013614
139.33,0.011913,137.15,81.808,0.014506
137.33,0.012679,135.05,84.431,0.015437
135.63,0.01334,133.27,86.59,0.016238
133.79,0.014074,131.34,88.889,0.017127
131.73,0.014917,129.17,91.402,0.018144
129.41,0.015904,126.73,94.19,0.01933
126.9,0.01702,124.09,97.163,0.020668
124.12,0.018327,121.16,100.43,0.022229
121.09,0.019844,117.96,103.96,0.024035
117.84,0.02158,114.53,107.7,0.026092
113.99,0.023807,110.45,112.12,0.028719
110.04,0.026292,106.26,116.62,0.031633
106.06,0.029005,102.04,121.12,0.034793
102.13,0.031915,97.868,125.54,0.038158
98.027,0.035208,93.5,130.13,0.041933
94.028,0.03867,89.247,134.58,0.045865
90.144,0.042282,85.119,138.87,0.049924
86.384,0.046019,81.126,143,0.054075
82.652,0.049961,77.17,147.08,0.058398
79.082,0.053943,73.396,150.96,0.062705
75.691,0.057904,69.823,154.63,0.066923
72.488,0.06179,66.462,158.06,0.070993
69.474,0.065559,63.315,161.28,0.074868
66.626,0.069208,60.356,164.29,0.078547
63.927,0.072731,57.567,167.14,0.082028
61.37,0.076114,54.941,169.82,0.085295
59.306,0.078861,52.834,171.98,0.087888
57.363,0.081435,50.863,173.99,0.09026
55.558,0.083791,49.042,175.85,0.092371
53.902,0.08589,47.384,177.54,0.094188
52.416,0.08769,45.907,179.03,0.09568
51.07,0.089232,44.579,180.36,0.096897
49.842,0.09056,43.374,181.56,0.097886
48.702,0.091737,42.262,182.66,0.098714
48.253,0.092192,41.826,183.1,0.099024
46.478,0.090652,40.246,183.96,0.096261
44.835,0.089278,38.782,184.82,0.093754
43.305,0.088066,37.418,185.67,0.091486
41.879,0.086994,36.145,186.52,0.089428
40.427,0.085949,34.849,187.43,0.087374
39.093,0.084996,33.66,188.3,0.085484
37.872,0.084109,32.572,189.13,0.083726
36.747,0.083287,31.572,189.91,0.082093
35.758,0.082599,30.692,190.64,0.080689
34.798,0.082058,29.834,191.39,0.079461
33.826,0.081752,28.958,192.25,0.078482
32.795,0.081794,28.017,193.27,0.077839
31.729,0.082264,27.033,194.46,0.07763
30.533,0.083261,25.917,195.94,0.077887
29.182,0.08488,24.647,197.75,0.078679
27.661,0.087203,23.213,199.94,0.08006
26.002,0.090226,21.651,202.44,0.082021
24.189,0.094017,19.952,205.28,0.084591
22.244,0.098583,18.146,208.42,0.08776
20.198,0.10391,16.269,211.81,0.091505
18.292,0.10934,14.548,215.02,0.095355
16.361,0.11533,12.833,218.31,0.09963
14.431,0.12187,11.153,221.63,0.10434
12.527,0.12896,9.531,224.93,0.10952
11.063,0.13496,8.31,227.48,0.11399
9.6345,0.14141,7.141,229.96,0.11891
8.2452,0.14843,6.0271,232.38,0.12443
6.8956,0.15617,4.9681,234.73,0.13073
6.3876,0.15937,4.5757,235.6,0.1334
5.8842,0.16273,4.1905,236.47,0.13623
5.3847,0.16624,3.8119,237.32,0.13923
4.8878,0.1699,3.439,238.16,0.1424
4.3917,0.17371,3.0709,238.99,0.14573
3.8945,0.17764,2.7061,239.81,0.14918
3.3933,0.18165,2.3429,240.63,0.15271
2.8846,0.1856,1.9791,241.44,0.15616
2.7808,0.18638,1.9055,241.6,0.15683
2.6765,0.18715,1.8317,241.77,0.15748
2.5716,0.1879,1.7578,241.93,0.15813
2.4663,0.18864,1.6837,242.1,0.15875
2.3603,0.18937,1.6094,242.26,0.15936
2.2537,0.19008,1.5348,242.43,0.15995
2.1464,0.19077,1.46,242.59,0.16051
2.0386,0.19143,1.385,242.76,0.16105
1.8835,0.19235,1.2775,242.99,0.16178
1.7269,0.19321,1.1695,243.23,0.16244
1.5689,0.194,1.0607,243.47,0.16302
1.4094,0.19475,0.95143,243.71,0.16354
1.3051,0.19521,0.88015,243.87,0.16386
1.2001,0.19566,0.8086,244.03,0.16416
1.0946,0.19607,0.73678,244.19,0.16442
0.98844,0.19648,0.66471,244.34,0.16466
0.89538,0.19685,0.60162,244.48,0.16489
0.80183,0.19719,0.53831,244.62,0.1651
0.70775,0.1975,0.47477,244.77,0.16526
0.61329,0.19782,0.41107,244.91,0.16543
0.55726,0.19804,0.37333,244.99,0.16557
0.50106,0.19824,0.33551,245.08,0.16569
0.44468,0.19843,0.29761,245.16,0.16579
0.38815,0.19863,0.25965,245.24,0.1659
0.3315,0.19886,0.22164,245.33,0.16604
0.27467,0.19906,0.18355,245.41,0.16616
0.21765,0.19923,0.14538,245.5,0.16623
0.16049,0.19941,0.10715,245.58,0.16632
0.12174,0.19958,0.081244,245.64,0.16643
0.082896,0.19973,0.055304,245.7,0.16652
0.043977,0.19984,0.02933,245.76,0.16657
0.0049924,0.19996,0.0033285,245.82,0.16663
0.034066,0.20012,0.022704,245.88,0.16674
0.073198,0.20027,0.048767,245.93,0.16682
0.11239,0.20039,0.074855,245.99,0.16688
0.15166,0.20052,0.10097,246.05,0.16695
0.19722,0.20069,0.13125,246.12,0.16705
0.24286,0.20086,0.16156,246.19,0.16715
0.28859,0.20101,0.19191,246.26,0.16723
0.33441,0.20116,0.22229,246.33,0.16731
0.3913,0.20137,0.25997,246.41,0.16743
0.44833,0.20158,0.29771,246.5,0.16754
0.50548,0.20177,0.33549,246.58,0.16765
0.56277,0.20197,0.37333,246.67,0.16775
0.64719,0.20227,0.42901,246.79,0.16792
0.73189,0.20257,0.48479,246.92,0.16808
0.81685,0.20287,0.54066,247.05,0.16825
0.90207,0.20316,0.59662,247.17,0.16841
1.0688,0.20375,0.70585,247.42,0.16873
1.2364,0.20434,0.81532,247.67,0.16905
1.4048,0.20493,0.92497,247.93,0.16937
1.5738,0.20552,1.0347,248.18,0.16969
1.9136,0.20671,1.2543,248.69,0.17033
2.255,0.20791,1.4736,249.2,0.17097
2.5971,0.2091,1.692,249.71,0.17161
2.9393,0.2103,1.9091,250.22,0.17224
3.6213,0.21268,2.3376,251.23,0.17348
4.2966,0.21503,2.7567,252.24,0.17469
4.9623,0.21733,3.1646,253.23,0.17586
5.6162,0.21959,3.5604,254.19,0.17698
6.679,0.22323,4.1933,255.76,0.17876
7.7024,0.22671,4.7907,257.26,0.18041
8.6846,0.23,5.353,258.68,0.18193
9.6245,0.23311,5.8812,260.03,0.18332
11.007,0.23759,6.6407,261.96,0.18522
12.284,0.24161,7.3244,263.66,0.18682
13.456,0.24518,7.9373,265.13,0.18813
14.525,0.2483,8.4849,266.34,0.18917
16.015,0.25238,9.2298,267.7,0.1903
17.282,0.25552,9.8477,268.38,0.19089
18.351,0.25785,10.36,268.41,0.19103
19.251,0.25949,10.785,267.85,0.19079
19.987,0.26052,11.13,266.81,0.19027
20.602,0.26109,11.416,265.39,0.18951
21.103,0.26123,11.65,263.71,0.18855
21.495,0.26098,11.835,261.94,0.18742
21.795,0.26032,11.979,260.17,0.18604
21.974,0.25929,12.07,258.75,0.18454
22.042,0.25796,12.113,257.8,0.18296
22.023,0.25642,12.118,257.34,0.18134
21.917,0.25435,12.087,257.27,0.17934
21.774,0.25228,12.038,257.47,0.17743
21.626,0.25031,11.987,257.74,0.17564
21.479,0.24845,11.934,258.04,0.17396
21.365,0.24717,11.893,258.33,0.17283
21.235,0.24588,11.843,258.73,0.17174
21.087,0.24461,11.784,259.23,0.17069
20.933,0.24338,11.722,259.77,0.1697
20.811,0.24236,11.673,260.18,0.16888
20.739,0.24153,11.646,260.33,0.16814
20.764,0.24099,11.663,260.01,0.16752
20.936,0.24087,11.746,258.87,0.16703
21.303,0.24126,11.918,256.39,0.16668
21.915,0.24224,12.198,251.48,0.16644
22.807,0.24382,12.6,242.15,0.16627
23.999,0.24595,13.127,225,0.16607
25.407,0.24836,13.737,197.52,0.16577
27.064,0.25096,14.439,157.77,0.16522
28.933,0.25352,15.214,112.61,0.1643
30.961,0.25577,16.038,75.203,0.16289
33.401,0.25762,17.016,50.313,0.16053
35.856,0.25833,17.995,40.058,0.15727
38.221,0.25764,18.95,36.734,0.15308
40.409,0.2554,19.865,36,0.148
42.218,0.25195,20.667,36.103,0.14258
43.781,0.24725,21.42,36.449,0.13659
45.086,0.24144,22.122,36.861,0.13015
46.132,0.23471,22.776,37.281,0.1234
47.089,0.22538,23.521,37.777,0.11481
47.708,0.21529,24.199,38.237,0.10615
48.031,0.20473,24.814,38.657,0.097619
48.097,0.19398,25.365,39.034,0.089362
47.851,0.17998,25.989,39.462,0.079148
47.294,0.16641,26.495,39.814,0.069768
46.495,0.15355,26.881,40.089,0.061313
45.529,0.14157,27.155,40.295,0.053806
44.61,0.13194,27.313,40.424,0.04803
43.658,0.12306,27.412,40.517,0.042899
42.699,0.1149,27.46,40.578,0.038361
41.746,0.10742,27.462,40.612,0.034356
40.799,0.10058,27.419,40.618,0.03083
39.853,0.094334,27.326,40.595,0.027729
38.907,0.088637,27.181,40.544,0.025009
37.964,0.083451,26.99,40.466,0.022626
37.133,0.079223,26.785,40.377,0.02075
36.327,0.075348,26.561,40.277,0.019085
35.557,0.071798,26.327,40.17,0.017606
34.828,0.068547,26.091,40.062,0.016289
34.232,0.065945,25.888,39.968,0.015262
33.665,0.063528,25.686,39.875,0.01433
33.122,0.061279,25.483,39.78,0.013484
32.596,0.059185,25.276,39.682,0.012714
32.083,0.057233,25.062,39.581,0.012014
31.584,0.055415,24.844,39.477,0.011377
31.109,0.053725,24.63,39.375,0.010796
30.676,0.052156,24.435,39.282,0.010267
30.341,0.050834,24.292,39.214,0.0098249
30.084,0.049604,24.201,39.174,0.0094142
29.928,0.048458,24.184,39.17,0.009029
29.896,0.047383,24.258,39.214,0.008663
30.001,0.046382,24.437,39.311,0.0083157
30.252,0.045419,24.732,39.468,0.007975
30.65,0.04447,25.149,39.686,0.0076354
31.187,0.043514,25.683,39.965,0.0072924
31.885,0.042472,26.362,40.317,0.0069237
32.69,0.041371,27.143,40.722,0.006545
33.569,0.040193,28.002,41.165,0.0061561
34.487,0.03893,28.913,41.635,0.0057585
35.404,0.037588,29.842,42.113,0.0053576
36.294,0.036167,30.77,42.589,0.0049555
37.136,0.03468,31.677,43.054,0.004557
37.912,0.033144,32.548,43.5,0.0041669
38.842,0.031029,33.646,44.061,0.0036629
39.637,0.028904,34.649,44.574,0.0031915
40.303,0.026806,35.553,45.035,0.002759
40.849,0.024768,36.359,45.445,0.0023687
41.255,0.022958,37.016,45.779,0.0020464
41.567,0.021235,37.585,46.069,0.0017607
41.789,0.01961,38.063,46.313,0.0015102
41.922,0.01809,38.45,46.509,0.0012925
41.972,0.016593,38.76,46.668,0.001094
41.938,0.015221,38.976,46.778,0.00092581
41.837,0.013972,39.108,46.847,0.00078431
41.681,0.012839,39.169,46.879,0.00066579
41.49,0.011843,39.173,46.883,0.00056914
41.266,0.010944,39.127,46.861,0.0004882
41.01,0.010136,39.033,46.815,0.0004205
40.718,0.0094106,38.89,46.745,0.00036394
40.373,0.0087373,38.684,46.643,0.00031496
39.985,0.0081405,38.422,46.513,0.00027445
39.56,0.0076141,38.11,46.357,0.00024099
39.11,0.0071517,37.76,46.182,0.00021337
38.602,0.0067088,37.35,45.978,0.00018846
38.1,0.0063283,36.932,45.769,0.00016829
37.613,0.0060029,36.517,45.562,0.00015193
37.137,0.0057257,36.104,45.355,0.00013867
36.727,0.0055211,35.741,45.174,0.00012927
36.313,0.0053453,35.368,44.988,0.00012149
35.897,0.0051959,34.989,44.798,0.0001151
35.496,0.0050707,34.619,44.613,0.00010989
35.214,0.0049884,34.358,44.482,0.00010654
34.98,0.0049178,34.141,44.374,0.00010371
34.816,0.0048569,33.991,44.299,0.00010127
34.744,0.0048034,33.93,44.268,9.9107e-05
34.787,0.0047544,33.98,44.294,9.7094e-05
34.96,0.0047068,34.157,44.382,9.5086e-05
35.271,0.0046569,34.469,44.539,9.295e-05
35.719,0.0046014,34.916,44.763,9.0566e-05
36.322,0.0045344,35.517,45.064,8.7716e-05
37.043,0.0044549,36.236,45.424,8.4424e-05
37.855,0.0043612,37.048,45.831,8.0671e-05
38.73,0.0042526,37.924,46.269,7.6482e-05
39.633,0.0041293,38.831,46.724,7.1926e-05
40.535,0.0039931,39.742,47.18,6.7104e-05
41.413,0.0038459,40.632,47.626,6.213e-05
42.249,0.0036904,41.484,48.052,5.712e-05
43.253,0.0034807,42.514,48.568,5.0739e-05
44.158,0.0032678,43.448,49.035,4.4676e-05
44.96,0.0030567,44.284,49.454,3.9066e-05
45.662,0.0028518,45.02,49.822,3.3991e-05
46.233,0.0026674,45.624,50.125,2.9733e-05
46.714,0.0024933,46.138,50.382,2.5979e-05
47.101,0.0023311,46.559,50.592,2.2713e-05
47.395,0.0021819,46.884,50.755,1.9902e-05
47.606,0.0020378,47.125,50.876,1.7368e-05
47.719,0.0019094,47.268,50.947,1.5254e-05
47.749,0.0017963,47.324,50.975,1.3507e-05
47.708,0.0016979,47.306,50.967,1.2074e-05
47.613,0.0016151,47.231,50.929,1.093e-05
47.469,0.0015444,47.105,50.866,9.9996e-06
47.276,0.0014849,46.928,50.778,9.2491e-06
47.033,0.0014357,46.698,50.663,8.6523e-06
46.725,0.0013952,46.401,50.514,8.1764e-06
46.359,0.0013644,46.045,50.336,7.8247e-06
45.944,0.0013427,45.637,50.132,7.5839e-06
45.492,0.0013296,45.191,49.909,7.4423e-06
44.982,0.0013242,44.686,49.657,7.3898e-06
44.469,0.0013272,44.176,49.402,7.4299e-06
43.961,0.0013375,43.669,49.148,7.5529e-06
43.457,0.0013543,43.165,48.896,7.7517e-06
42.91,0.0013788,42.616,48.622,8.0436e-06
42.349,0.0014098,42.052,48.339,8.4197e-06
41.789,0.001447,41.488,48.057,8.8812e-06
41.278,0.0014897,40.972,47.799,9.4231e-06
41,0.0015205,40.691,47.658,9.8226e-06
40.807,0.0015521,40.493,47.559,1.024e-05
40.725,0.0015834,40.405,47.515,1.0658e-05
40.776,0.0016129,40.45,47.537,1.1056e-05
40.966,0.0016379,40.633,47.629,1.1394e-05
41.299,0.0016581,40.959,47.792,1.1665e-05
41.771,0.0016718,41.424,48.025,1.1843e-05
42.368,0.0016779,42.016,48.321,1.1911e-05
43.147,0.0016747,42.789,48.707,1.1844e-05
44.015,0.0016605,43.653,49.14,1.1624e-05
44.934,0.0016358,44.569,49.598,1.1261e-05
45.865,0.0016013,45.501,50.064,1.0774e-05
46.738,0.0015604,46.376,50.502,1.0219e-05
47.572,0.0015136,47.215,50.921,9.6047e-06
48.353,0.0014622,48.002,51.315,8.9566e-06
49.074,0.0014079,48.731,51.679,8.2985e-06
49.899,0.001337,49.568,52.098,7.479e-06
50.626,0.0012661,50.307,52.468,6.704e-06
51.253,0.0011972,50.948,52.788,5.9919e-06
51.781,0.0011317,51.489,53.059,5.3534e-06
52.248,0.0010639,51.972,53.3,4.7304e-06
52.58,0.0010029,52.318,53.473,4.2036e-06
52.778,0.00094943,52.529,53.579,3.7678e-06
52.852,0.00090384,52.615,53.622,3.4151e-06
52.822,0.00086606,52.594,53.612,3.1362e-06
52.707,0.00083567,52.488,53.559,2.9207e-06
52.523,0.00081214,52.31,53.47,2.7593e-06
52.273,0.00079492,52.066,53.347,2.6443e-06
51.988,0.00078439,51.785,53.207,2.5755e-06
51.641,0.00077839,51.441,53.035,2.5371e-06
51.233,0.00077679,51.035,52.832,2.5277e-06
50.77,0.00077947,50.573,52.601,2.5463e-06
50.265,0.0007863,50.068,52.348,2.5924e-06
49.737,0.00079706,49.539,52.084,2.6652e-06
49.202,0.00081144,49.003,51.816,2.7638e-06
48.671,0.0008291,48.47,51.549,2.887e-06
48.24,0.00084574,48.037,51.333,3.0055e-06
47.809,0.00086421,47.603,51.116,3.1397e-06
47.373,0.00088444,47.164,50.896,3.2902e-06
46.929,0.00090641,46.717,50.673,3.4576e-06
46.482,0.00093003,46.267,50.448,3.6422e-06
46.041,0.00095536,45.822,50.225,3.8456e-06
45.624,0.00098226,45.401,50.015,4.0676e-06
45.258,0.0010103,45.031,49.829,4.3057e-06
44.985,0.0010379,44.753,49.69,4.5458e-06
44.82,0.0010652,44.583,49.605,4.7886e-06
44.79,0.001091,44.547,49.587,5.0234e-06
44.913,0.0011142,44.664,49.646,5.2369e-06
45.188,0.0011327,44.934,49.781,5.4091e-06
45.614,0.0011461,45.354,49.991,5.5337e-06
46.176,0.0011535,45.912,50.27,5.5997e-06
46.854,0.0011541,46.585,50.607,5.6e-06
47.733,0.0011463,47.461,51.044,5.5168e-06
48.674,0.0011295,48.401,51.514,5.3503e-06
49.632,0.0011047,49.36,51.994,5.1131e-06
50.57,0.0010733,50.3,52.464,4.8223e-06
51.423,0.0010384,51.158,52.893,4.5104e-06
52.215,0.0010003,51.955,53.292,4.1836e-06
52.938,0.00096055,52.685,53.657,3.8558e-06
53.588,0.00092024,53.343,53.986,3.5379e-06
54.212,0.00087732,53.976,54.302,3.2147e-06
54.755,0.00083593,54.528,54.578,2.918e-06
55.216,0.0007968,54.997,54.813,2.651e-06
55.592,0.00076053,55.381,55.005,2.415e-06
55.93,0.00072067,55.729,55.179,2.1685e-06
56.133,0.00068615,55.941,55.285,1.9658e-06
56.21,0.00065718,56.026,55.328,1.8034e-06
56.176,0.00063373,55.999,55.314,1.6773e-06
56.051,0.00061543,55.879,55.254,1.582e-06
55.851,0.00060207,55.684,55.157,1.5144e-06
55.584,0.00059324,55.42,55.025,1.4706e-06
55.249,0.00058859,55.087,54.858,1.448e-06
54.83,0.00058788,54.67,54.649,1.4449e-06
54.331,0.00059115,54.171,54.4,1.4615e-06
53.761,0.00059835,53.601,54.115,1.4979e-06
53.14,0.00060936,52.979,53.804,1.5541e-06
52.506,0.00062373,52.342,53.486,1.629e-06
51.869,0.00064126,51.703,53.166,1.7227e-06
51.238,0.00066161,51.069,52.849,1.8347e-06
50.609,0.00068452,50.437,52.533,1.9649e-06
50.007,0.00070832,49.831,52.23,2.105e-06
49.393,0.00073435,49.213,51.921,2.2639e-06
48.783,0.00076262,48.597,51.613,2.443e-06
48.214,0.00079284,48.024,51.326,2.642e-06
47.852,0.00081631,47.657,51.143,2.8018e-06
47.578,0.00083995,47.379,51.004,2.9673e-06
47.421,0.00086299,47.217,50.923,3.1326e-06
47.407,0.00088445,47.198,50.913,3.2901e-06
47.542,0.0009024,47.328,50.978,3.424e-06
47.828,0.00091686,47.609,51.119,3.533e-06
48.259,0.00092694,48.036,51.332,3.6089e-06
48.82,0.00093194,48.594,51.611,3.6452e-06
49.563,0.00093097,49.333,51.981,3.6344e-06
50.396,0.00092314,50.164,52.397,3.5704e-06
51.277,0.00090882,51.046,52.837,3.4576e-06
52.169,0.00088876,51.938,53.284,3.3043e-06
53.002,0.00086512,52.774,53.702,3.129e-06
53.793,0.00083829,53.569,54.099,2.9365e-06
54.528,0.00080931,54.308,54.469,2.736e-06
55.2,0.0007792,54.986,54.808,2.5354e-06
55.933,0.00074229,55.726,55.178,2.3002e-06
56.573,0.00070619,56.374,55.502,2.0815e-06
57.121,0.00067181,56.929,55.779,1.8836e-06
57.574,0.00063986,57.39,56.01,1.7086e-06
57.95,0.00060887,57.774,56.202,1.547e-06
58.207,0.00058162,58.038,56.334,1.4117e-06
58.346,0.00055834,58.183,56.406,1.301e-06
58.375,0.00053912,58.218,56.424,1.2131e-06
58.309,0.00052389,58.157,56.393,1.1456e-06
58.166,0.0005124,58.018,56.324,1.096e-06
57.959,0.00050439,57.813,56.221,1.0622e-06
57.692,0.00049955,57.549,56.089,1.0421e-06
57.29,0.00049757,57.148,55.889,1.034e-06
56.789,0.00049968,56.647,55.638,1.0431e-06
56.188,0.00050584,56.046,55.338,1.0693e-06
55.504,0.00051596,55.361,54.995,1.1129e-06
54.826,0.00052873,54.681,54.655,1.1691e-06
54.134,0.00054454,53.987,54.308,1.2405e-06
53.446,0.00056307,53.296,53.963,1.327e-06
52.764,0.00058405,52.61,53.62,1.4283e-06
52.171,0.00060397,52.014,53.322,1.528e-06
51.567,0.0006256,51.406,53.018,1.6401e-06
50.955,0.00064897,50.79,52.71,1.7658e-06
50.356,0.00067403,50.187,52.408,1.9057e-06
49.938,0.0006938,49.766,52.197,2.0199e-06
49.575,0.00071411,49.399,52.014,2.1406e-06
49.292,0.00073454,49.112,51.87,2.2653e-06
49.116,0.00075447,48.931,51.78,2.3902e-06
49.069,0.00077314,48.88,51.755,2.5099e-06
49.169,0.00078965,48.976,51.802,2.6177e-06
49.421,0.00080312,49.224,51.926,2.7068e-06
49.823,0.00081273,49.621,52.125,2.7705e-06
50.387,0.00081786,50.182,52.405,2.8039e-06
51.071,0.00081755,50.863,52.746,2.7998e-06
51.843,0.00081169,51.633,53.131,2.7579e-06
52.665,0.00080053,52.455,53.542,2.6808e-06
53.492,0.00078489,53.283,53.956,2.5756e-06
54.304,0.00076546,54.097,54.363,2.4484e-06
55.081,0.00074312,54.877,54.753,2.3066e-06
55.807,0.00071879,55.607,55.118,2.1573e-06
56.919,0.00067493,56.728,55.679,1.9013e-06
57.853,0.00063118,57.671,56.15,1.6623e-06
58.61,0.00058978,58.438,56.534,1.4512e-06
59.184,0.00055276,59.021,56.825,1.2747e-06
59.503,0.00052733,59.347,56.988,1.1601e-06
59.697,0.00050553,59.546,57.088,1.0662e-06
59.769,0.00048748,59.624,57.127,9.9147e-07
59.732,0.00047318,59.591,57.111,9.3422e-07
59.606,0.00046247,59.468,57.049,8.9251e-07
59.406,0.00045508,59.271,56.95,8.6431e-07
59.142,0.00045072,59.009,56.82,8.4795e-07
58.817,0.00044915,58.686,56.658,8.4217e-07
58.418,0.00045021,58.287,56.458,8.4629e-07
57.943,0.00045391,57.812,56.221,8.6044e-07
57.395,0.00046026,57.263,55.947,8.8488e-07
56.786,0.00046923,56.654,55.642,9.1996e-07
56.138,0.00048078,56.004,55.317,9.661e-07
55.476,0.00049473,55.339,54.984,1.0233e-06
54.815,0.00051086,54.676,54.653,1.0915e-06
54.161,0.00052894,54.018,54.324,1.1705e-06
53.637,0.0005447,53.492,54.06,1.2417e-06
53.107,0.00056159,52.958,53.794,1.3204e-06
52.568,0.00057965,52.416,53.523,1.4071e-06
52.026,0.00059888,51.871,53.25,1.5026e-06
51.511,0.00061863,51.352,52.991,1.6039e-06
51.032,0.00063932,50.869,52.749,1.7136e-06
50.622,0.00066061,50.456,52.542,1.8302e-06
50.318,0.00068189,50.147,52.388,1.9505e-06
50.162,0.00070109,49.987,52.308,2.062e-06
50.156,0.00071867,49.977,52.303,2.1666e-06
50.315,0.00073369,50.131,52.38,2.2575e-06
50.641,0.00074521,50.453,52.541,2.328e-06
51.121,0.00075233,50.929,52.779,2.3715e-06
51.734,0.00075462,51.539,53.084,2.3846e-06
52.451,0.00075184,52.254,53.442,2.3656e-06
53.237,0.00074406,53.04,53.834,2.3155e-06
54.056,0.00073167,53.859,54.244,2.2378e-06
54.877,0.00071535,54.681,54.655,2.138e-06
55.671,0.0006959,55.478,55.054,2.0225e-06
56.422,0.00067419,56.232,55.431,1.8976e-06
57.362,0.0006423,57.178,55.904,1.7218e-06
58.187,0.00060968,58.01,56.32,1.551e-06
58.897,0.00057777,58.728,56.679,1.3926e-06
59.492,0.00054774,59.33,56.98,1.2515e-06
59.941,0.0005223,59.784,57.207,1.1379e-06
60.283,0.00049948,60.133,57.381,1.0406e-06
60.516,0.00047953,60.371,57.501,9.5916e-07
60.639,0.00046263,60.499,57.565,8.9277e-07
60.657,0.00044801,60.521,57.575,8.3728e-07
60.573,0.00043681,60.441,57.535,7.96e-07
60.406,0.00042883,60.277,57.453,7.6726e-07
60.17,0.00042382,60.043,57.336,7.4954e-07
59.89,0.00042156,59.764,57.197,7.4165e-07
59.551,0.00042154,59.426,57.028,7.4169e-07
59.151,0.00042368,59.026,56.828,7.4935e-07
58.685,0.00042793,58.56,56.595,7.646e-07
58.182,0.00043395,58.057,56.343,7.8641e-07
57.633,0.00044191,57.506,56.068,8.1569e-07
57.051,0.00045176,56.922,55.776,8.5269e-07
56.453,0.00046342,56.323,55.476,8.9752e-07
55.878,0.00047621,55.745,55.188,9.4797e-07
55.307,0.00049038,55.172,54.901,1.0055e-06
54.74,0.00050583,54.602,54.616,1.0702e-06
54.17,0.00052249,54.029,54.329,1.1422e-06
53.599,0.00054011,53.455,54.042,1.2209e-06
53.02,0.00055897,52.872,53.751,1.3082e-06
52.444,0.00057908,52.292,53.461,1.4045e-06
51.897,0.00060031,51.741,53.185,1.5099e-06
51.481,0.00061911,51.322,52.976,1.6065e-06
51.145,0.00063813,50.982,52.806,1.7071e-06
50.918,0.00065678,50.751,52.69,1.8086e-06
50.826,0.00067435,50.656,52.642,1.9067e-06
50.886,0.00068944,50.711,52.67,1.9927e-06
51.099,0.00070189,50.92,52.775,2.0647e-06
51.462,0.00071098,51.28,52.954,2.1177e-06
51.964,0.00071609,51.778,53.204,2.1473e-06
52.67,0.00071655,52.482,53.556,2.1487e-06
53.483,0.00071128,53.294,53.961,2.1159e-06
54.357,0.00070056,54.167,54.398,2.0514e-06
55.248,0.00068507,55.059,54.844,1.9607e-06
56.059,0.00066719,55.873,55.251,1.8589e-06
56.831,0.00064688,56.647,55.638,1.7469e-06
57.548,0.00062499,57.368,55.999,1.6302e-06
58.203,0.00060234,58.028,56.329,1.5139e-06
58.929,0.00057421,58.76,56.695,1.3755e-06
59.558,0.00054695,59.396,57.013,1.2479e-06
60.093,0.00052124,59.936,57.283,1.1332e-06
60.529,0.00049764,60.379,57.504,1.0329e-06
60.88,0.00047546,60.735,57.682,9.4282e-07
61.11,0.00045627,60.971,57.801,8.6826e-07
61.223,0.00044022,61.088,57.859,8.0828e-07
61.225,0.00042734,61.094,57.862,7.6174e-07
61.131,0.00041757,61.003,57.816,7.2735e-07
60.959,0.00041069,60.834,57.732,7.0364e-07
60.722,0.00040647,60.599,57.614,6.8935e-07
60.426,0.0004047,60.304,57.467,6.8342e-07
59.986,0.00040551,59.864,57.247,6.8628e-07
59.445,0.00040951,59.323,56.976,7.0002e-07
58.802,0.00041671,58.679,56.655,7.2502e-07
58.074,0.00042707,57.95,56.29,7.6173e-07
57.374,0.00043905,57.249,55.939,8.0528e-07
56.661,0.00045336,56.533,55.581,8.5891e-07
55.951,0.00046979,55.82,55.225,9.2257e-07
55.248,0.0004881,55.113,54.871,9.9624e-07
54.647,0.00050504,54.51,54.57,1.0669e-06
54.037,0.00052327,53.896,54.263,1.1457e-06
53.417,0.00054284,53.273,53.951,1.2335e-06
52.805,0.00056373,52.657,53.643,1.3307e-06
52.349,0.00058098,52.197,53.413,1.4139e-06
51.941,0.00059878,51.786,53.207,1.5022e-06
51.606,0.00061677,51.448,53.039,1.5942e-06
51.374,0.00063445,51.212,52.92,1.6871e-06
51.269,0.00065117,51.103,52.866,1.7772e-06
51.31,0.00066615,51.14,52.885,1.8598e-06
51.507,0.00067863,51.333,52.981,1.9296e-06
51.858,0.00068783,51.68,53.155,1.9815e-06
52.37,0.0006932,52.189,53.409,2.0117e-06
53.009,0.00069396,52.825,53.727,2.015e-06
53.742,0.00068999,53.558,54.094,1.9909e-06
54.536,0.00068146,54.351,54.49,1.941e-06
55.349,0.00066888,55.165,54.897,1.8691e-06
56.155,0.00065293,55.972,55.301,1.7803e-06
56.929,0.00063438,56.749,55.689,1.68e-06
57.655,0.00061406,57.478,56.054,1.5737e-06
58.694,0.00057995,58.524,56.577,1.4032e-06
59.579,0.00054579,59.417,57.023,1.2426e-06
60.31,0.00051325,60.155,57.393,1.0987e-06
60.884,0.00048381,60.737,57.684,9.7621e-07
61.275,0.00045987,61.134,57.882,8.8196e-07
61.514,0.00043963,61.379,58.004,8.0606e-07
61.603,0.00042328,61.473,58.051,7.4724e-07
61.557,0.00041081,61.431,58.03,7.0393e-07
61.414,0.0004026,61.291,57.96,6.7614e-07
61.194,0.00039733,61.073,57.851,6.586e-07
60.908,0.00039472,60.788,57.709,6.5007e-07
60.558,0.00039457,60.439,57.534,6.4964e-07
60.138,0.00039668,60.019,57.324,6.5672e-07
59.642,0.00040106,59.522,57.076,6.7142e-07
59.071,0.00040773,58.951,56.79,6.9405e-07
58.439,0.00041667,58.318,56.474,7.2499e-07
57.874,0.00042597,57.751,56.19,7.579e-07
57.296,0.0004368,57.171,55.9,7.9711e-07
56.716,0.00044904,56.589,55.609,8.4261e-07
56.141,0.00046256,56.011,55.32,8.9436e-07
55.57,0.00047724,55.438,55.034,9.5227e-07
54.996,0.00049304,54.861,54.745,1.0166e-06
54.414,0.00050996,54.276,54.453,1.088e-06
53.824,0.00052803,53.682,54.156,1.1668e-06
53.292,0.00054535,53.148,53.888,1.245e-06
52.781,0.00056357,52.633,53.631,1.33e-06
52.317,0.0005825,52.165,53.397,1.4213e-06
51.933,0.00060175,51.777,53.203,1.5171e-06
51.664,0.0006209,51.504,53.067,1.6155e-06
51.549,0.00063891,51.385,53.007,1.7106e-06
51.612,0.00065481,51.443,53.036,1.7966e-06
51.863,0.00066757,51.69,53.16,1.8667e-06
52.294,0.00067614,52.118,53.373,1.9141e-06
52.885,0.00067993,52.706,53.668,1.9347e-06
53.604,0.00067861,53.423,54.026,1.9261e-06
54.412,0.00067215,54.23,54.43,1.8886e-06
55.229,0.00066148,55.047,54.838,1.8282e-06
56.052,0.00064708,55.871,55.25,1.7487e-06
56.853,0.00062968,56.674,55.652,1.6553e-06
57.611,0.00061013,57.435,56.032,1.5537e-06
58.508,0.00058301,58.338,56.484,1.4182e-06
59.302,0.00055522,59.138,56.884,1.286e-06
59.991,0.00052794,59.833,57.231,1.1625e-06
60.574,0.00050214,60.423,57.526,1.0516e-06
61.029,0.00047979,60.883,57.756,9.6e-07
61.386,0.00045963,61.245,57.937,8.81e-07
61.64,0.00044188,61.504,58.067,8.143e-07
61.79,0.00042672,61.659,58.144,7.5938e-07
61.839,0.00041355,61.711,58.17,7.1329e-07
61.787,0.0004033,61.662,58.146,6.7841e-07
61.649,0.00039583,61.528,58.079,6.5357e-07
61.442,0.00039096,61.322,57.976,6.3762e-07
61.188,0.0003885,61.069,57.849,6.2968e-07
60.88,0.00038803,60.762,57.696,6.2823e-07
60.516,0.00038944,60.399,57.514,6.329e-07
60.092,0.00039267,59.974,57.302,6.4353e-07
59.615,0.0003976,59.497,57.063,6.5987e-07
59.083,0.00040429,58.964,56.797,6.8241e-07
58.507,0.00041276,58.387,56.508,7.1145e-07
57.904,0.00042296,57.782,56.206,7.472e-07
57.286,0.00043489,57.162,55.896,7.9017e-07
56.67,0.00044834,56.543,55.586,8.3999e-07
56.059,0.00046314,55.929,55.279,8.9663e-07
55.45,0.00047921,55.317,54.973,9.602e-07
54.801,0.00049743,54.665,54.647,1.035e-06
54.14,0.00051709,54,54.315,1.1188e-06
53.477,0.00053823,53.334,53.982,1.2126e-06
52.847,0.00056069,52.699,53.664,1.3164e-06
52.426,0.00057822,52.274,53.452,1.4004e-06
52.081,0.00059594,51.926,53.278,1.4878e-06
51.841,0.00061335,51.682,53.156,1.5762e-06
51.731,0.00062979,51.569,53.099,1.6619e-06
51.77,0.00064421,51.604,53.117,1.7387e-06
51.963,0.00065618,51.793,53.211,1.8035e-06
52.307,0.00066502,52.134,53.382,1.8518e-06
52.793,0.00067012,52.616,53.623,1.8795e-06
53.498,0.00067084,53.32,53.974,1.8825e-06
54.317,0.00066594,54.137,54.383,1.854e-06
55.201,0.00065572,55.02,54.825,1.7966e-06
56.103,0.00064084,55.924,55.277,1.7152e-06
56.908,0.00062402,56.731,55.68,1.6257e-06
57.673,0.00060497,57.499,56.064,1.5275e-06
58.383,0.0005845,58.213,56.421,1.4255e-06
59.031,0.00056338,58.865,56.748,1.3241e-06
59.745,0.00053736,59.585,57.107,1.2044e-06
60.363,0.00051222,60.209,57.419,1.0943e-06
60.887,0.00048859,60.739,57.684,9.9554e-07
61.314,0.00046697,61.171,57.901,9.0937e-07
61.657,0.00044658,61.519,58.075,8.3166e-07
61.879,0.00042904,61.746,58.188,7.6764e-07
61.981,0.00041449,61.853,58.241,7.1647e-07
61.972,0.00040294,61.847,58.239,6.7715e-07
61.867,0.00039432,61.745,58.187,6.4855e-07
61.683,0.00038843,61.563,58.097,6.2937e-07
61.434,0.00038505,61.316,57.973,6.1852e-07
61.126,0.00038396,61.009,57.819,6.1508e-07
60.658,0.00038548,60.542,57.586,6.2008e-07
60.084,0.00039016,59.967,57.298,6.3532e-07
59.402,0.00039801,59.284,56.957,6.6131e-07
58.635,0.00040901,58.515,56.572,6.9856e-07
58.038,0.00041905,57.917,56.273,7.3343e-07
57.432,0.00043065,57.309,55.969,7.7478e-07
56.828,0.00044368,56.702,55.666,8.2258e-07
56.228,0.00045801,56.1,55.365,8.768e-07
55.7,0.00047169,55.569,55.099,9.3019e-07
55.166,0.00048629,55.033,54.831,9.8891e-07
54.625,0.00050182,54.489,54.559,1.0534e-06
54.079,0.00051831,53.939,54.284,1.1241e-06
53.543,0.00053548,53.4,54.015,1.2002e-06
53.03,0.00055354,52.884,53.757,1.2829e-06
52.569,0.00057226,52.419,53.524,1.3715e-06
52.193,0.00059122,52.04,53.334,1.4642e-06
51.942,0.00060969,51.784,53.206,1.5574e-06
51.843,0.00062696,51.681,53.155,1.6469e-06
51.919,0.00064211,51.753,53.191,1.7272e-06
52.18,0.00065417,52.009,53.319,1.7921e-06
52.627,0.00066229,52.454,53.542,1.8361e-06
53.237,0.00066557,53.06,53.845,1.8534e-06
53.973,0.0006637,53.795,54.212,1.842e-06
54.796,0.00065671,54.616,54.623,1.8025e-06
55.61,0.00064579,55.431,55.03,1.7422e-06
56.427,0.00063131,56.25,55.44,1.6643e-06
57.219,0.00061404,57.044,55.837,1.5739e-06
57.966,0.00059478,57.794,56.212,1.4763e-06
58.885,0.00056709,58.719,56.674,1.3417e-06
59.691,0.00053892,59.531,57.08,1.2114e-06
60.384,0.00051146,60.23,57.43,1.091e-06
60.963,0.00048576,60.815,57.723,9.8404e-07
61.4,0.000464,61.258,57.944,8.9781e-07
61.733,0.00044459,61.596,58.113,8.2427e-07
61.955,0.00042775,61.823,58.226,7.6301e-07
62.069,0.0004136,61.941,58.285,7.1341e-07
62.075,0.00040155,61.951,58.29,6.7246e-07
61.981,0.0003925,61.86,58.245,6.4253e-07
61.803,0.00038628,61.684,58.157,6.2239e-07
61.555,0.00038266,61.438,58.034,6.1086e-07
61.264,0.00038141,61.148,57.889,6.0694e-07
60.915,0.00038214,60.799,57.714,6.0931e-07
60.504,0.00038476,60.388,57.509,6.1778e-07
60.028,0.00038924,59.912,57.271,6.3235e-07
59.514,0.00039527,59.396,57.013,6.5222e-07
58.951,0.00040304,58.832,56.731,6.7825e-07
58.355,0.00041253,58.235,56.432,7.107e-07
57.743,0.00042365,57.621,56.125,7.4971e-07
57.15,0.00043581,57.026,55.828,7.9357e-07
56.562,0.00044925,56.435,55.532,8.4346e-07
55.978,0.00046385,55.848,55.239,8.9942e-07
55.392,0.00047956,55.259,54.944,9.6163e-07
54.801,0.00049623,54.666,54.648,1.03e-06
54.202,0.00051406,54.063,54.346,1.1057e-06
53.606,0.00053306,53.463,54.046,1.1893e-06
53.039,0.00055311,52.892,53.761,1.2809e-06
52.61,0.00057069,52.461,53.545,1.364e-06
52.262,0.00058845,52.108,53.369,1.4505e-06
52.022,0.00060587,51.865,53.247,1.5378e-06
51.919,0.00062227,51.758,53.193,1.6222e-06
51.967,0.00063637,51.802,53.216,1.6964e-06
52.169,0.00064799,52.001,53.315,1.7585e-06
52.524,0.00065646,52.352,53.491,1.8042e-06
53.018,0.0006612,52.843,53.736,1.8295e-06
53.717,0.00066158,53.54,54.085,1.8307e-06
54.523,0.00065661,54.344,54.487,1.8023e-06
55.39,0.0006466,55.212,54.92,1.7468e-06
56.274,0.00063216,56.097,55.363,1.6689e-06
57.079,0.00061557,56.904,55.767,1.5819e-06
57.843,0.00059678,57.671,56.15,1.4864e-06
58.553,0.0005766,58.384,56.507,1.3872e-06
59.2,0.00055578,59.036,56.833,1.2886e-06
59.913,0.00053015,59.754,57.192,1.1723e-06
60.53,0.00050539,60.377,57.504,1.0653e-06
61.053,0.00048214,60.906,57.768,9.6942e-07
61.478,0.00046088,61.337,57.983,8.858e-07
61.819,0.00044086,61.683,58.156,8.1047e-07
62.04,0.00042365,61.908,58.269,7.4846e-07
62.14,0.00040939,62.013,58.321,6.9896e-07
62.129,0.00039811,62.006,58.318,6.6099e-07
62.022,0.00038971,61.901,58.266,6.3344e-07
61.837,0.000384,61.718,58.174,6.1508e-07
61.586,0.00038077,61.469,58.049,6.0483e-07
61.276,0.0003798,61.16,57.895,6.018e-07
60.805,0.00038143,60.689,57.659,6.0708e-07
60.226,0.00038619,60.11,57.37,6.2243e-07
59.54,0.0003941,59.423,57.027,6.4834e-07
58.768,0.00040513,58.649,56.64,6.8533e-07
58.176,0.00041504,58.055,56.343,7.1942e-07
57.574,0.00042646,57.452,56.041,7.5974e-07
56.974,0.00043927,56.849,55.739,8.0627e-07
56.379,0.00045334,56.252,55.441,8.5897e-07
55.851,0.00046687,55.721,55.175,9.1122e-07
55.318,0.0004813,55.185,54.907,9.6866e-07
54.777,0.00049665,54.641,54.636,1.0317e-06
54.23,0.00051293,54.092,54.361,1.1008e-06
53.693,0.00052993,53.551,54.09,1.1753e-06
53.178,0.00054781,53.033,53.831,1.2564e-06
52.713,0.00056635,52.564,53.597,1.3432e-06
52.332,0.00058516,52.179,53.404,1.4342e-06
52.071,0.00060361,51.915,53.272,1.5263e-06
51.965,0.00062089,51.804,53.217,1.615e-06
52.034,0.00063608,51.869,53.249,1.6947e-06
52.29,0.00064819,52.121,53.375,1.7594e-06
52.73,0.00065633,52.558,53.594,1.8032e-06
53.332,0.00065973,53.156,53.893,1.8209e-06
54.061,0.00065805,53.884,54.257,1.8107e-06
54.877,0.00065132,54.699,54.664,1.7729e-06
55.691,0.00064063,55.513,55.071,1.7144e-06
56.509,0.00062638,56.332,55.481,1.6383e-06
57.302,0.00060933,57.128,55.879,1.5498e-06
58.051,0.00059028,57.88,56.255,1.4541e-06
58.961,0.00056322,58.796,56.713,1.3234e-06
59.762,0.00053565,59.602,57.116,1.1968e-06
60.451,0.00050874,60.297,57.464,1.0794e-06
61.03,0.00048348,60.882,57.756,9.7482e-07
61.471,0.00046196,61.329,57.979,8.8994e-07
61.809,0.00044272,61.672,58.151,8.1734e-07
62.04,0.00042596,61.908,58.269,7.5664e-07
62.163,0.00041182,62.036,58.333,7.0727e-07
62.181,0.00039974,62.057,58.344,6.6639e-07
62.099,0.00039057,61.978,58.304,6.3623e-07
61.932,0.00038417,61.814,58.222,6.1561e-07
61.696,0.00038033,61.579,58.105,6.0341e-07
61.416,0.00037882,61.3,57.965,5.9868e-07
61.081,0.00037925,60.965,57.797,6.001e-07
60.685,0.00038152,60.569,57.6,6.074e-07
60.226,0.00038561,60.11,57.37,6.2057e-07
59.724,0.00039126,59.607,57.118,6.3899e-07
59.171,0.00039862,59.053,56.841,6.6339e-07
58.581,0.00040769,58.462,56.546,6.9406e-07
57.972,0.00041839,57.851,56.24,7.3115e-07
57.37,0.00043035,57.247,55.938,7.7371e-07
56.773,0.00044362,56.647,55.639,8.2239e-07
56.18,0.0004581,56.052,55.341,8.7719e-07
55.587,0.00047372,55.456,55.043,9.3826e-07
54.977,0.0004907,54.843,54.736,1.007e-06
54.357,0.0005089,54.219,54.424,1.0835e-06
53.738,0.00052834,53.596,54.113,1.1683e-06
53.147,0.00054892,53.001,53.815,1.2615e-06
52.718,0.0005662,52.57,53.6,1.3425e-06
52.366,0.00058368,52.213,53.421,1.427e-06
52.118,0.00060088,51.962,53.295,1.5125e-06
52,0.00061715,51.84,53.235,1.5956e-06
52.032,0.00063139,51.868,53.249,1.6699e-06
52.217,0.00064326,52.049,53.339,1.7329e-06
52.555,0.00065205,52.384,53.507,1.78e-06
53.033,0.00065718,52.86,53.745,1.8074e-06
53.744,0.00065801,53.567,54.098,1.8109e-06
54.571,0.00065316,54.393,54.511,1.7833e-06
55.464,0.00064295,55.286,54.958,1.7271e-06
56.376,0.00062807,56.2,55.415,1.6473e-06
57.179,0.00061146,57.005,55.817,1.5608e-06
57.941,0.00059272,57.77,56.2,1.4661e-06
58.648,0.00057261,58.481,56.555,1.3681e-06
59.293,0.0005519,59.13,56.88,1.2707e-06
59.999,0.00052657,59.841,57.235,1.1565e-06
60.61,0.00050212,60.458,57.544,1.0515e-06
61.128,0.00047917,60.982,57.806,9.5751e-07
61.55,0.0004582,61.409,58.019,8.755e-07
61.888,0.00043836,61.753,58.191,8.0133e-07
62.107,0.00042134,61.976,58.303,7.4029e-07
62.206,0.00040723,62.079,58.355,6.916e-07
62.193,0.00039608,62.07,58.35,6.5428e-07
62.085,0.0003878,61.965,58.297,6.2724e-07
61.898,0.00038219,61.78,58.205,6.0927e-07
61.647,0.00037903,61.53,58.08,5.9929e-07
61.336,0.00037811,61.22,57.925,5.9645e-07
60.862,0.0003798,60.747,57.688,6.0191e-07
60.279,0.00038462,60.164,57.397,6.174e-07
59.589,0.00039261,59.472,57.051,6.4344e-07
58.812,0.00040372,58.694,56.662,6.8055e-07
58.228,0.00041348,58.108,56.369,7.1401e-07
57.636,0.0004247,57.513,56.072,7.5346e-07
57.044,0.00043725,56.92,55.775,7.9886e-07
56.458,0.00045103,56.331,55.48,8.502e-07
55.875,0.0004659,55.745,55.187,9.0744e-07
55.286,0.00048187,55.153,54.891,9.7098e-07
54.687,0.00049896,54.551,54.59,1.0414e-06
54.083,0.0005172,53.944,54.287,1.1193e-06
53.546,0.00053465,53.403,54.016,1.1965e-06
53.041,0.00055293,52.895,53.762,1.2801e-06
52.6,0.00057175,52.45,53.54,1.3691e-06
52.26,0.00059062,52.106,53.368,1.4612e-06
52.062,0.00060804,51.905,53.267,1.5488e-06
52.017,0.00062405,51.856,53.242,1.6314e-06
52.141,0.00063781,51.975,53.302,1.7038e-06
52.438,0.00064844,52.268,53.449,1.7606e-06
52.949,0.00065555,52.776,53.702,1.7985e-06
53.625,0.00065734,53.449,54.039,1.8074e-06
54.425,0.0006536,54.247,54.438,1.7859e-06
55.3,0.00064451,55.123,54.876,1.7356e-06
56.113,0.00063222,55.936,55.283,1.6694e-06
56.916,0.00061679,56.741,55.685,1.5883e-06
57.685,0.00059896,57.513,56.071,1.4973e-06
58.404,0.00057954,58.235,56.432,1.4014e-06
59.504,0.00054469,59.342,56.986,1.2376e-06
60.423,0.0005102,60.269,57.45,1.0856e-06
61.162,0.00047781,61.016,57.823,9.5208e-07
61.714,0.00044927,61.576,58.103,8.4168e-07
62.007,0.00043051,61.873,58.252,7.7289e-07
62.177,0.00041465,62.049,58.339,7.1699e-07
62.229,0.00040174,62.105,58.367,6.7309e-07
62.175,0.00039178,62.054,58.342,6.4016e-07
62.031,0.00038464,61.912,58.271,6.1708e-07
61.815,0.00038009,61.698,58.164,6.0262e-07
61.537,0.00037792,61.421,58.025,5.9581e-07
61.199,0.00037792,61.083,57.857,5.9588e-07
60.808,0.00037985,60.693,57.661,6.0208e-07
60.351,0.00038368,60.236,57.433,6.1436e-07
59.827,0.00038941,59.711,57.17,6.3296e-07
59.245,0.00039706,59.127,56.879,6.582e-07
58.619,0.00040662,58.5,56.565,6.9043e-07
57.971,0.00041802,57.851,56.24,7.2985e-07
57.32,0.00043111,57.197,55.913,7.7647e-07
56.673,0.00044573,56.547,55.588,8.3027e-07
56.145,0.00045879,56.017,55.323,8.7984e-07
55.616,0.00047274,55.484,55.057,9.3438e-07
55.08,0.00048759,54.946,54.788,9.9425e-07
54.536,0.00050335,54.4,54.515,1.0599e-06
53.999,0.00051978,53.859,54.244,1.1305e-06
53.473,0.00053711,53.33,53.98,1.2076e-06
52.983,0.00055522,52.837,53.733,1.2907e-06
52.56,0.00057378,52.41,53.52,1.3788e-06
52.222,0.00059357,52.068,53.349,1.4759e-06
52.045,0.00061243,51.886,53.257,1.5712e-06
52.059,0.00062931,51.895,53.262,1.6589e-06
52.281,0.00064303,52.113,53.371,1.7316e-06
52.669,0.00065185,52.498,53.563,1.7788e-06
53.215,0.00065635,53.041,53.835,1.8026e-06
53.89,0.00065614,53.714,54.172,1.8005e-06
54.66,0.00065115,54.483,54.556,1.7723e-06
55.474,0.00064176,55.296,54.963,1.7207e-06
56.302,0.00062853,56.126,55.378,1.6498e-06
57.114,0.00061217,56.94,55.785,1.5645e-06
57.887,0.00059353,57.715,56.173,1.4702e-06
58.75,0.00056909,58.583,56.606,1.3513e-06
59.521,0.00054385,59.359,56.995,1.2338e-06
60.197,0.00051882,60.042,57.336,1.1227e-06
60.78,0.00049489,60.63,57.63,1.0214e-06
61.256,0.00047335,61.112,57.871,9.3437e-07
61.642,0.0004537,61.503,58.066,8.5836e-07
61.934,0.00043616,61.8,58.215,7.9327e-07
62.129,0.00042091,61.998,58.314,7.3878e-07
62.229,0.00040726,62.102,58.366,6.9168e-07
62.226,0.00039634,62.103,58.366,6.551e-07
62.132,0.00038806,62.012,58.321,6.2807e-07
61.964,0.00038229,61.845,58.238,6.0957e-07
61.739,0.00037886,61.622,58.126,5.9874e-07
61.46,0.00037746,61.344,57.987,5.9438e-07
61.127,0.00037793,61.012,57.821,5.9595e-07
60.737,0.0003802,60.621,57.626,6.0319e-07
60.274,0.0003843,60.159,57.394,6.1635e-07
59.748,0.00039024,59.632,57.131,6.3569e-07
59.167,0.00039806,59.049,56.84,6.6153e-07
58.546,0.00040772,58.427,56.529,6.9419e-07
57.87,0.00041986,57.749,56.189,7.3632e-07
57.192,0.0004338,57.068,55.849,7.8623e-07
56.52,0.00044936,56.393,55.511,8.4389e-07
55.851,0.0004664,55.721,55.175,9.0937e-07
55.138,0.00048587,55.005,54.817,9.8724e-07
54.411,0.00050703,54.273,54.451,1.0755e-06
53.685,0.00052991,53.543,54.086,1.1752e-06
53.007,0.00055427,52.861,53.745,1.2863e-06
52.595,0.00057212,52.445,53.537,1.3708e-06
52.277,0.00058997,52.123,53.376,1.458e-06
52.083,0.00060722,51.925,53.277,1.5446e-06
52.038,0.00062312,51.876,53.253,1.6265e-06
52.15,0.00063622,51.985,53.307,1.6953e-06
52.419,0.00064654,52.25,53.439,1.7503e-06
52.836,0.00065343,52.664,53.647,1.7871e-06
53.385,0.0006564,53.211,53.92,1.8026e-06
54.113,0.00065481,53.936,54.283,1.7929e-06
54.926,0.00064819,54.749,54.689,1.7559e-06
55.783,0.00063697,55.606,55.118,1.6949e-06
56.644,0.00062183,56.468,55.549,1.6145e-06
57.449,0.00060431,57.276,55.953,1.5243e-06
58.206,0.00058483,58.036,56.333,1.4273e-06
58.903,0.00056422,58.738,56.684,1.3281e-06
59.536,0.0005432,59.374,57.002,1.2308e-06
60.194,0.00051893,60.038,57.334,1.1231e-06
60.764,0.00049566,60.614,57.622,1.0246e-06
61.247,0.00047389,61.102,57.866,9.3651e-07
61.638,0.00045403,61.499,58.064,8.5964e-07
61.969,0.00043406,61.835,58.232,7.8565e-07
62.171,0.0004171,62.041,58.335,7.2548e-07
62.246,0.00040327,62.12,58.375,6.782e-07
62.205,0.00039257,62.084,58.357,6.4273e-07
62.068,0.00038487,61.949,58.289,6.1783e-07
61.852,0.00037995,61.735,58.182,6.0217e-07
61.57,0.00037756,61.454,58.042,5.9467e-07
61.225,0.00037748,61.109,57.869,5.9448e-07
60.845,0.0003793,60.73,57.68,6.0033e-07
60.401,0.00038294,60.286,57.458,6.1198e-07
59.893,0.0003884,59.777,57.204,6.2965e-07
59.328,0.00039568,59.211,56.92,6.5363e-07
58.72,0.00040481,58.601,56.615,6.8426e-07
58.088,0.0004157,57.968,56.299,7.2174e-07
57.45,0.00042824,57.327,55.978,7.6612e-07
56.816,0.00044227,56.69,55.66,8.1737e-07
56.292,0.00045498,56.164,55.397,8.6523e-07
55.768,0.00046858,55.637,55.133,9.1793e-07
55.238,0.00048305,55.105,54.867,9.7575e-07
54.701,0.00049841,54.565,54.598,1.0391e-06
54.163,0.00051459,54.024,54.327,1.108e-06
53.631,0.00053169,53.489,54.059,1.1832e-06
53.127,0.00054961,52.982,53.806,1.2646e-06
52.682,0.00056809,52.532,53.581,1.3515e-06
52.337,0.00058619,52.184,53.407,1.4393e-06
52.114,0.0006038,51.957,53.293,1.5272e-06
52.039,0.00062018,51.878,53.254,1.6112e-06
52.132,0.00063445,51.967,53.298,1.686e-06
52.39,0.00064543,52.222,53.426,1.7443e-06
52.807,0.00065282,52.636,53.632,1.7838e-06
53.365,0.0006561,53.191,53.91,1.801e-06
54.037,0.00065498,53.861,54.245,1.7939e-06
54.855,0.00064875,54.678,54.654,1.759e-06
55.721,0.00063775,55.544,55.087,1.699e-06
56.594,0.00062267,56.418,55.524,1.619e-06
57.439,0.00060442,57.266,55.948,1.5249e-06
58.255,0.00058336,58.086,56.358,1.4201e-06
59.002,0.00056104,58.837,56.733,1.3132e-06
59.673,0.00053833,59.513,57.071,1.2088e-06
60.268,0.000516,60.113,57.371,1.1105e-06
60.808,0.00049377,60.658,57.644,1.0168e-06
61.267,0.00047298,61.122,57.876,9.3292e-07
61.642,0.00045394,61.502,58.066,8.593e-07
61.929,0.00043689,61.794,58.212,7.9594e-07
62.146,0.00041996,62.016,58.323,7.3547e-07
62.244,0.00040596,62.118,58.374,6.8727e-07
62.23,0.00039489,62.108,58.369,6.5034e-07
62.121,0.00038667,62.001,58.315,6.236e-07
61.929,0.00038103,61.811,58.22,6.0559e-07
61.669,0.00037793,61.553,58.091,5.9583e-07
61.347,0.00037715,61.232,57.931,5.9342e-07
60.961,0.00037851,60.846,57.738,5.9779e-07
60.48,0.00038213,60.365,57.497,6.0939e-07
59.918,0.00038804,59.802,57.216,6.2849e-07
59.283,0.00039627,59.166,56.898,6.5556e-07
58.596,0.00040679,58.477,56.553,6.9099e-07
57.869,0.00041978,57.748,56.189,7.3606e-07
57.14,0.00043486,57.016,55.823,7.901e-07
56.418,0.00045178,56.291,55.46,8.5306e-07
55.699,0.0004704,55.568,55.099,9.2513e-07
55.017,0.00048925,54.883,54.756,1.0011e-06
54.323,0.00050963,54.185,54.407,1.0866e-06
53.635,0.00053156,53.493,54.061,1.1826e-06
52.994,0.00055481,52.847,53.738,1.2888e-06
52.575,0.00057317,52.425,53.527,1.3759e-06
52.258,0.00059149,52.104,53.367,1.4655e-06
52.076,0.0006091,51.918,53.274,1.5542e-06
52.054,0.00062515,51.892,53.261,1.6371e-06
52.194,0.00063786,52.028,53.329,1.704e-06
52.49,0.00064764,52.321,53.475,1.7561e-06
52.934,0.00065387,52.762,53.695,1.7894e-06
53.506,0.0006561,53.331,53.98,1.8008e-06
54.253,0.00065364,54.076,54.353,1.7863e-06
55.079,0.00064619,54.902,54.766,1.7449e-06
55.941,0.00063421,55.765,55.197,1.6801e-06
56.801,0.00061844,56.626,55.628,1.5969e-06
57.606,0.00060031,57.434,56.032,1.5041e-06
58.36,0.00058036,58.191,56.41,1.4055e-06
59.051,0.00055941,58.887,56.758,1.3055e-06
59.676,0.00053819,59.516,57.073,1.2082e-06
60.308,0.00051443,60.153,57.391,1.1038e-06
60.855,0.00049176,60.706,57.668,1.0085e-06
61.316,0.00047061,61.173,57.901,9.2357e-07
61.69,0.00045135,61.551,58.09,8.4949e-07
62.014,0.00043111,61.881,58.255,7.7502e-07
62.2,0.00041412,62.072,58.351,7.1517e-07
62.253,0.00040049,62.129,58.379,6.6888e-07
62.187,0.00039017,62.065,58.348,6.3491e-07
62.021,0.00038301,61.903,58.266,6.1188e-07
61.776,0.00037874,61.66,58.145,5.9836e-07
61.463,0.00037709,61.347,57.988,5.9322e-07
61.08,0.00037784,60.965,57.797,5.9567e-07
60.622,0.00038084,60.507,57.568,6.0526e-07
60.083,0.00038611,59.968,57.299,6.2222e-07
59.469,0.00039368,59.352,56.991,6.4698e-07
58.795,0.00040353,58.677,56.653,6.7993e-07
58.089,0.00041561,57.969,56.299,7.2145e-07
57.375,0.00042975,57.252,55.941,7.7156e-07
56.667,0.00044571,56.541,55.586,8.3021e-07
55.965,0.00046334,55.835,55.232,8.9746e-07
55.13,0.00048599,54.997,54.813,9.8772e-07
54.277,0.00051098,54.138,54.384,1.0924e-06
53.436,0.00053837,53.293,53.961,1.2133e-06
52.696,0.0005675,52.546,53.588,1.3487e-06
52.348,0.00058563,52.195,53.412,1.4366e-06
52.122,0.00060329,51.965,53.297,1.5247e-06
52.044,0.00061973,51.884,53.256,1.6089e-06
52.135,0.00063406,51.97,53.3,1.6839e-06
52.391,0.00064507,52.223,53.426,1.7424e-06
52.806,0.0006525,52.634,53.632,1.7821e-06
53.361,0.00065584,53.187,53.908,1.7995e-06
54.031,0.00065478,53.855,54.242,1.7929e-06
54.85,0.00064862,54.672,54.651,1.7583e-06
55.716,0.00063766,55.539,55.084,1.6985e-06
56.59,0.0006226,56.415,55.522,1.6186e-06
57.436,0.00060436,57.263,55.947,1.5246e-06
58.253,0.00058335,58.083,56.356,1.42e-06
58.999,0.00056107,58.834,56.732,1.3133e-06
59.67,0.0005384,59.51,57.07,1.2091e-06
60.265,0.0005161,60.11,57.37,1.1109e-06
60.806,0.00049386,60.656,57.643,1.0172e-06
61.266,0.00047307,61.121,57.876,9.3326e-07
61.642,0.00045401,61.502,58.066,8.5957e-07
61.93,0.00043694,61.795,58.213,7.9614e-07
62.149,0.00041997,62.019,58.324,7.355e-07
62.248,0.00040593,62.122,58.376,6.8717e-07
62.235,0.00039483,62.113,58.371,6.5014e-07
62.126,0.00038659,62.006,58.318,6.2332e-07
61.934,0.00038093,61.816,58.223,6.0527e-07
61.674,0.00037782,61.558,58.094,5.9547e-07
61.352,0.00037703,61.237,57.933,5.9305e-07
60.966,0.00037839,60.851,57.74,5.9743e-07
60.484,0.00038202,60.369,57.499,6.0904e-07
59.921,0.00038794,59.805,57.218,6.2816e-07
59.286,0.00039617,59.169,56.899,6.5525e-07
58.598,0.0004067,58.479,56.554,6.9072e-07
57.872,0.0004197,57.751,56.19,7.3576e-07
57.143,0.00043477,57.019,55.824,7.8976e-07
56.421,0.00045168,56.294,55.462,8.5268e-07
55.702,0.00047029,55.572,55.101,9.2468e-07
55.021,0.00048912,54.887,54.758,1.0006e-06
54.328,0.00050948,54.189,54.41,1.086e-06
53.639,0.0005314,53.497,54.063,1.1819e-06
52.998,0.00055463,52.852,53.741,1.288e-06
52.58,0.00057298,52.429,53.529,1.3749e-06
52.263,0.00059129,52.109,53.369,1.4645e-06
52.08,0.00060889,51.922,53.275,1.5531e-06
52.057,0.00062494,51.895,53.262,1.636e-06
52.197,0.00063765,52.031,53.33,1.7029e-06
52.492,0.00064744,52.323,53.476,1.755e-06
52.935,0.00065369,52.763,53.696,1.7884e-06
53.507,0.00065593,53.332,53.981,1.7999e-06
54.253,0.0006535,54.077,54.353,1.7856e-06
55.079,0.00064607,54.902,54.766,1.7443e-06
55.941,0.00063411,55.764,55.197,1.6795e-06
56.801,0.00061836,56.626,55.628,1.5965e-06
57.606,0.00060025,57.434,56.032,1.5038e-06
58.36,0.00058032,58.191,56.41,1.4053e-06
59.051,0.00055938,58.886,56.758,1.3054e-06
59.676,0.00053817,59.516,57.073,1.2081e-06
60.308,0.00051441,60.154,57.392,1.1037e-06
60.856,0.00049173,60.707,57.668,1.0084e-06
61.318,0.00047057,61.174,57.902,9.2343e-07
61.692,0.0004513,61.553,58.091,8.4933e-07
62.016,0.00043107,61.883,58.256,7.7489e-07
62.203,0.00041409,62.074,58.352,7.1506e-07
62.256,0.00040045,62.132,58.381,6.6877e-07
62.19,0.00039013,62.069,58.349,6.3478e-07
62.025,0.00038296,61.907,58.268,6.1172e-07
61.781,0.00037868,61.664,58.147,5.9817e-07
61.468,0.00037702,61.352,57.991,5.93e-07
61.086,0.00037776,60.971,57.8,5.954e-07
60.629,0.00038074,60.514,57.572,6.0492e-07
60.091,0.00038598,59.975,57.303,6.2181e-07
59.478,0.00039352,59.361,56.995,6.4647e-07
58.805,0.00040334,58.687,56.658,6.793e-07
58.1,0.00041539,57.979,56.305,7.2068e-07
57.386,0.00042949,57.264,55.947,7.7064e-07
56.679,0.00044542,56.553,55.591,8.2912e-07
55.977,0.00046302,55.847,55.238,8.9618e-07
55.131,0.00048596,54.997,54.813,9.8759e-07
54.265,0.00051131,54.127,54.378,1.0938e-06
53.414,0.00053913,53.271,53.95,1.2167e-06
52.67,0.00056871,52.52,53.575,1.3544e-06
52.331,0.00058673,52.178,53.404,1.4419e-06
52.115,0.00060424,51.958,53.294,1.5294e-06
52.047,0.00062048,51.886,53.258,1.6128e-06
52.147,0.0006346,51.982,53.305,1.6867e-06
52.412,0.00064546,52.243,53.436,1.7445e-06
52.836,0.0006527,52.664,53.647,1.7831e-06
53.401,0.0006558,53.226,53.928,1.7993e-06
54.079,0.00065446,53.902,54.266,1.791e-06
54.897,0.00064805,54.719,54.674,1.7552e-06
55.76,0.00063693,55.583,55.106,1.6947e-06
56.628,0.0006218,56.453,55.541,1.6144e-06
57.468,0.00060356,57.295,55.962,1.5206e-06
58.286,0.00058238,58.117,56.373,1.4153e-06
59.033,0.00055995,58.869,56.749,1.3081e-06
59.705,0.00053717,59.545,57.087,1.2036e-06
60.298,0.00051479,60.143,57.387,1.1053e-06
60.835,0.00049261,60.686,57.658,1.012e-06
61.291,0.0004719,61.146,57.888,9.2865e-07
61.662,0.00045295,61.523,58.076,8.5552e-07
61.946,0.00043599,61.811,58.22,7.9265e-07
62.157,0.00041924,62.027,58.329,7.3295e-07
62.251,0.0004054,62.125,58.377,6.8537e-07
62.235,0.00039446,62.113,58.371,6.4894e-07
62.124,0.00038635,62.004,58.317,6.2256e-07
61.931,0.00038079,61.814,58.222,6.0483e-07
61.672,0.00037774,61.556,58.093,5.9523e-07
61.351,0.00037698,61.235,57.933,5.9291e-07
60.966,0.00037835,60.851,57.74,5.973e-07
60.486,0.00038197,60.371,57.5,6.0888e-07
59.926,0.00038786,59.81,57.22,6.2791e-07
59.293,0.00039605,59.176,56.903,6.5486e-07
58.608,0.00040653,58.489,56.559,6.9011e-07
57.88,0.00041953,57.759,56.194,7.3516e-07
57.149,0.00043461,57.026,55.828,7.8919e-07
56.426,0.00045155,56.299,55.464,8.5217e-07
55.706,0.00047018,55.575,55.102,9.2427e-07
55.023,0.00048906,54.889,54.759,1.0003e-06
54.328,0.00050947,54.19,54.41,1.0859e-06
53.638,0.00053144,53.496,54.062,1.1821e-06
52.996,0.00055473,52.849,53.739,1.2884e-06
52.577,0.00057311,52.427,53.528,1.3756e-06
52.261,0.00059145,52.107,53.368,1.4653e-06
52.08,0.00060907,51.922,53.275,1.554e-06
52.06,0.00062511,51.898,53.264,1.6369e-06
52.202,0.00063779,52.036,53.333,1.7036e-06
52.5,0.00064752,52.331,53.48,1.7555e-06
52.946,0.0006537,52.773,53.701,1.7884e-06
53.52,0.00065587,53.345,53.987,1.7995e-06
54.268,0.00065334,54.092,54.36,1.7847e-06
55.095,0.00064583,54.918,54.774,1.743e-06
55.958,0.00063379,55.781,55.205,1.6778e-06
56.818,0.00061797,56.643,55.636,1.5945e-06
57.623,0.0005998,57.451,56.04,1.5016e-06
58.376,0.00057982,58.208,56.419,1.4029e-06
59.067,0.00055885,58.902,56.766,1.3029e-06
59.691,0.00053762,59.531,57.08,1.2056e-06
60.321,0.00051391,60.166,57.398,1.1015e-06
60.866,0.00049129,60.717,57.673,1.0066e-06
61.326,0.00047019,61.182,57.906,9.2194e-07
61.698,0.00045098,61.559,58.094,8.4813e-07
62.021,0.00043076,61.888,58.259,7.7375e-07
62.206,0.00041379,62.078,58.354,7.1402e-07
62.257,0.00040018,62.133,58.381,6.6787e-07
62.189,0.00038991,62.068,58.349,6.3405e-07
62.021,0.0003828,61.903,58.266,6.1119e-07
61.775,0.00037857,61.658,58.144,5.9783e-07
61.459,0.00037697,61.343,57.987,5.9286e-07
61.074,0.00037778,60.959,57.794,5.9549e-07
60.613,0.00038085,60.498,57.564,6.0528e-07
60.071,0.00038619,59.955,57.293,6.2248e-07
59.453,0.00039384,59.336,56.983,6.4751e-07
58.777,0.00040378,58.658,56.644,6.8079e-07
58.068,0.00041597,57.948,56.289,7.2267e-07
57.353,0.00043019,57.23,55.93,7.7318e-07
56.644,0.00044626,56.517,55.574,8.3225e-07
55.939,0.00046399,55.81,55.22,8.9997e-07
55.135,0.00048586,55.001,54.815,9.872e-07
54.312,0.0005099,54.174,54.402,1.0878e-06
53.499,0.00053616,53.356,53.993,1.2033e-06
52.771,0.00056411,52.623,53.626,1.3326e-06
52.405,0.00058228,52.253,53.441,1.4201e-06
52.155,0.00060009,51.999,53.314,1.5085e-06
52.049,0.00061682,51.889,53.259,1.5938e-06
52.11,0.0006316,51.946,53.287,1.6709e-06
52.333,0.00064309,52.166,53.397,1.7318e-06
52.715,0.00065119,52.544,53.587,1.7751e-06
53.239,0.00065536,53.065,53.847,1.7971e-06
53.882,0.00065524,53.706,54.168,1.7956e-06
54.704,0.00064991,54.527,54.578,1.7655e-06
55.585,0.00063947,55.408,55.019,1.7083e-06
56.48,0.00062463,56.304,55.467,1.6292e-06
57.35,0.00060631,57.177,55.903,1.5345e-06
58.161,0.00058583,57.991,56.31,1.4322e-06
58.905,0.00056401,58.739,56.684,1.3272e-06
59.576,0.00054171,59.415,57.023,1.2241e-06
60.173,0.00051966,60.018,57.324,1.1263e-06
60.727,0.00049725,60.577,57.603,1.0312e-06
61.2,0.00047621,61.055,57.842,9.4571e-07
61.59,0.00045687,61.449,58.039,8.7042e-07
61.892,0.00043948,61.757,58.193,8.0541e-07
62.131,0.0004218,62.001,58.315,7.4192e-07
62.246,0.00040716,62.119,58.374,6.9132e-07
62.243,0.00039557,62.12,58.375,6.5257e-07
62.138,0.00038696,62.018,58.324,6.2452e-07
61.947,0.00038106,61.829,58.229,6.0567e-07
61.685,0.0003778,61.568,58.099,5.9542e-07
61.358,0.00037696,61.243,57.936,5.9283e-07
60.965,0.00037835,60.85,57.74,5.9728e-07
60.479,0.00038202,60.364,57.497,6.0904e-07
59.912,0.00038802,59.796,57.213,6.2841e-07
59.271,0.00039636,59.153,56.892,6.5587e-07
58.577,0.00040702,58.458,56.544,6.9181e-07
57.856,0.00041997,57.735,56.182,7.3673e-07
57.133,0.00043496,57.009,55.82,7.9046e-07
56.418,0.00045175,56.291,55.46,8.5295e-07
55.705,0.00047021,55.574,55.102,9.2438e-07
55.027,0.00048895,54.893,54.761,9.9984e-07
54.337,0.00050919,54.199,54.414,1.0847e-06
53.651,0.00053097,53.509,54.069,1.18e-06
53.012,0.00055406,52.866,53.748,1.2853e-06
52.594,0.00057229,52.444,53.537,1.3716e-06
52.275,0.0005905,52.121,53.375,1.4606e-06
52.087,0.00060803,51.929,53.279,1.5487e-06
52.056,0.00062408,51.894,53.262,1.6315e-06
52.187,0.00063692,52.021,53.325,1.699e-06
52.473,0.00064688,52.304,53.467,1.752e-06
52.908,0.00065334,52.735,53.682,1.7865e-06
53.472,0.00065582,53.297,53.963,1.7993e-06
54.212,0.00065367,54.035,54.332,1.7865e-06
55.033,0.00064652,54.856,54.743,1.7468e-06
55.893,0.00063482,55.716,55.173,1.6833e-06
56.753,0.00061928,56.578,55.604,1.6012e-06
57.558,0.00060138,57.385,56.008,1.5095e-06
58.313,0.00058161,58.144,56.387,1.4115e-06
59.006,0.00056079,58.841,56.735,1.312e-06
59.634,0.00053966,59.473,57.051,1.2148e-06
60.275,0.00051574,60.12,57.375,1.1094e-06
60.829,0.00049288,60.68,57.655,1.0131e-06
61.298,0.00047154,61.154,57.892,9.2722e-07
61.678,0.00045208,61.539,58.084,8.5227e-07
62.005,0.0004319,61.872,58.251,7.7787e-07
62.198,0.0004149,62.069,58.349,7.1786e-07
62.258,0.00040118,62.134,58.382,6.7121e-07
62.2,0.00039073,62.079,58.354,6.3673e-07
62.044,0.0003834,61.925,58.277,6.131e-07
61.808,0.00037891,61.691,58.16,5.989e-07
61.504,0.00037703,61.388,58.009,5.9303e-07
61.133,0.00037752,61.017,57.824,5.9465e-07
60.694,0.00038019,60.579,57.604,6.0316e-07
60.178,0.00038502,60.062,57.346,6.1869e-07
59.587,0.00039205,59.471,57.05,6.4162e-07
58.937,0.00040128,58.819,56.724,6.7233e-07
58.25,0.00041267,58.13,56.38,7.1121e-07
57.551,0.00042606,57.428,56.029,7.5832e-07
56.856,0.00044126,56.73,55.68,8.1364e-07
56.167,0.0004581,56.038,55.334,8.7716e-07
55.598,0.00047309,55.467,55.048,9.3575e-07
55.021,0.00048911,54.887,54.758,1.0005e-06
54.436,0.00050621,54.299,54.464,1.072e-06
53.851,0.00052439,53.711,54.17,1.1508e-06
53.365,0.00054083,53.221,53.925,1.2244e-06
52.917,0.00055789,52.77,53.7,1.3032e-06
52.535,0.00057529,52.384,53.507,1.3861e-06
52.245,0.0005926,52.091,53.36,1.471e-06
52.079,0.00060921,51.921,53.275,1.5547e-06
52.058,0.0006244,51.896,53.262,1.6331e-06
52.195,0.00063737,52.03,53.329,1.7014e-06
52.495,0.00064737,52.325,53.477,1.7546e-06
52.955,0.00065373,52.783,53.706,1.7886e-06
53.552,0.00065581,53.377,54.003,1.7991e-06
54.254,0.00065341,54.077,54.353,1.7851e-06
55.027,0.00064659,54.85,54.74,1.7472e-06
55.835,0.00063574,55.658,55.144,1.6882e-06
56.643,0.00062147,56.468,55.549,1.6127e-06
57.427,0.00060452,57.254,55.942,1.5254e-06
58.165,0.00058568,57.996,56.313,1.4314e-06
59.09,0.00055813,58.926,56.778,1.2996e-06
59.9,0.00053013,59.741,57.186,1.1722e-06
60.593,0.00050291,60.441,57.536,1.0548e-06
61.171,0.0004775,61.025,57.828,9.5083e-07
61.603,0.00045614,61.463,58.046,8.6763e-07
61.928,0.00043716,61.793,58.212,7.9691e-07
62.143,0.00042075,62.012,58.321,7.3823e-07
62.246,0.00040704,62.12,58.375,6.9094e-07
62.241,0.00039541,62.119,58.374,6.5205e-07
62.135,0.00038679,62.015,58.322,6.2397e-07
61.945,0.000381,61.827,58.229,6.0547e-07
61.685,0.0003778,61.569,58.099,5.9541e-07
61.382,0.00037693,61.266,57.948,5.9274e-07
61.019,0.00037803,60.904,57.767,5.9626e-07
60.591,0.00038103,60.476,57.553,6.0584e-07
60.097,0.0003859,59.982,57.306,6.2155e-07
59.568,0.00039229,59.452,57.041,6.4241e-07
58.993,0.00040041,58.875,56.753,6.6942e-07
58.388,0.00041023,58.269,56.449,7.0281e-07
57.769,0.00042167,57.648,56.139,7.427e-07
57.179,0.00043395,57.055,55.843,7.8681e-07
56.594,0.00044746,56.467,55.549,8.3674e-07
56.011,0.00046209,55.882,55.256,8.9257e-07
55.426,0.00047779,55.294,54.962,9.5453e-07
54.847,0.00049411,54.712,54.671,1.0211e-06
54.261,0.00051152,54.122,54.376,1.0947e-06
53.68,0.00053002,53.538,54.084,1.1758e-06
53.13,0.0005495,52.984,53.807,1.2641e-06
52.696,0.00056748,52.547,53.588,1.3486e-06
52.35,0.00058559,52.197,53.413,1.4363e-06
52.125,0.00060323,51.968,53.299,1.5243e-06
52.048,0.00061965,51.887,53.258,1.6084e-06
52.129,0.00063317,51.965,53.297,1.6792e-06
52.366,0.00064406,52.198,53.414,1.737e-06
52.753,0.00065167,52.582,53.606,1.7776e-06
53.276,0.00065546,53.102,53.866,1.7976e-06
53.984,0.00065482,53.808,54.219,1.7931e-06
54.787,0.00064909,54.61,54.62,1.761e-06
55.642,0.00063864,55.465,55.047,1.7039e-06
56.507,0.0006241,56.331,55.48,1.6265e-06
57.311,0.00060721,57.138,55.884,1.5391e-06
58.072,0.00058824,57.902,56.266,1.444e-06
58.776,0.00056799,58.609,56.619,1.346e-06
59.416,0.00054722,59.254,56.942,1.2492e-06
60.104,0.00052238,59.947,57.288,1.1382e-06
60.699,0.00049847,60.548,57.589,1.0363e-06
61.203,0.00047605,61.058,57.844,9.4508e-07
61.614,0.00045558,61.474,58.052,8.6551e-07
61.945,0.00043609,61.81,58.22,7.9304e-07
62.157,0.00041937,62.027,58.328,7.334e-07
62.252,0.00040553,62.126,58.378,6.8581e-07
62.237,0.00039458,62.114,58.372,6.4933e-07
62.128,0.00038645,62.008,58.319,6.2289e-07
61.942,0.00038094,61.824,58.227,6.0531e-07
61.692,0.00037784,61.575,58.103,5.9555e-07
61.383,0.00037694,61.268,57.949,5.9277e-07
60.91,0.00037863,60.795,57.712,5.9819e-07
60.328,0.00038343,60.213,57.421,6.1357e-07
59.639,0.00039138,59.522,57.076,6.394e-07
58.862,0.00040244,58.744,56.687,6.7623e-07
58.27,0.0004123,58.15,56.39,7.0996e-07
57.669,0.00042367,57.547,56.088,7.498e-07
57.069,0.0004364,56.945,55.787,7.9574e-07
56.475,0.00045038,56.348,55.489,8.4774e-07
55.945,0.00046384,55.816,55.223,8.9938e-07
55.411,0.00047819,55.279,54.954,9.5616e-07
54.87,0.00049346,54.735,54.682,1.0185e-06
54.322,0.00050966,54.184,54.407,1.0867e-06
53.784,0.00052657,53.643,54.136,1.1604e-06
53.268,0.00054436,53.123,53.876,1.2405e-06
52.801,0.0005628,52.653,53.641,1.3264e-06
52.419,0.00058151,52.267,53.448,1.4164e-06
52.157,0.00059987,52.001,53.315,1.5074e-06
52.049,0.00061708,51.889,53.259,1.5951e-06
52.118,0.00063219,51.953,53.291,1.674e-06
52.372,0.00064425,52.204,53.417,1.738e-06
52.812,0.00065235,52.64,53.635,1.7812e-06
53.412,0.00065572,53.238,53.934,1.7988e-06
54.141,0.00065406,53.964,54.297,1.7888e-06
54.956,0.00064737,54.779,54.704,1.7514e-06
55.77,0.00063674,55.593,55.111,1.6936e-06
56.587,0.00062257,56.411,55.52,1.6185e-06
57.38,0.00060562,57.206,55.918,1.531e-06
58.128,0.00058669,57.958,56.294,1.4364e-06
59.038,0.00055981,58.873,56.751,1.3074e-06
59.837,0.00053242,59.678,57.154,1.1824e-06
60.526,0.00050569,60.373,57.501,1.0665e-06
61.104,0.00048062,60.957,57.793,9.6331e-07
61.544,0.00045927,61.403,58.016,8.7958e-07
61.881,0.00044018,61.746,58.188,8.0797e-07
62.112,0.00042356,61.98,58.305,7.4813e-07
62.234,0.00040955,62.107,58.368,6.9947e-07
62.252,0.00039758,62.128,58.379,6.5923e-07
62.168,0.00038852,62.048,58.339,6.2956e-07
62.001,0.00038221,61.882,58.256,6.0932e-07
61.764,0.00037844,61.647,58.138,5.9741e-07
61.483,0.00037698,61.367,57.998,5.9288e-07
61.146,0.00037745,61.031,57.83,5.9442e-07
60.749,0.00037976,60.634,57.632,6.0179e-07
60.289,0.00038387,60.174,57.402,6.1497e-07
59.786,0.00038953,59.67,57.15,6.3335e-07
59.232,0.00039689,59.115,56.872,6.5765e-07
58.642,0.00040595,58.523,56.576,6.8816e-07
58.031,0.00041664,57.911,56.27,7.2505e-07
57.429,0.00042858,57.307,55.968,7.6735e-07
56.831,0.00044182,56.706,55.668,8.1571e-07
56.238,0.00045626,56.11,55.37,8.7014e-07
55.644,0.00047183,55.513,55.072,9.3079e-07
55.034,0.00048875,54.9,54.765,9.9904e-07
54.413,0.00050689,54.276,54.453,1.0749e-06
53.794,0.00052626,53.653,54.141,1.1591e-06
53.203,0.00054676,53.058,53.844,1.2515e-06
52.774,0.00056399,52.625,53.627,1.332e-06
52.42,0.00058142,52.268,53.449,1.4159e-06
52.172,0.00059857,52.016,53.323,1.5008e-06
52.054,0.00061478,51.895,53.262,1.5833e-06
52.085,0.00062897,51.922,53.276,1.6571e-06
52.271,0.00064079,52.104,53.366,1.7195e-06
52.608,0.00064953,52.438,53.534,1.7662e-06
53.087,0.00065464,52.914,53.772,1.7934e-06
53.796,0.00065545,53.621,54.125,1.7968e-06
54.622,0.00065061,54.445,54.537,1.7694e-06
55.514,0.00064046,55.336,54.983,1.7137e-06
56.424,0.00062566,56.248,55.439,1.6347e-06
57.227,0.00060913,57.053,55.841,1.5489e-06
57.989,0.00059046,57.818,56.224,1.455e-06
58.695,0.00057044,58.528,56.579,1.3577e-06
59.34,0.00054982,59.177,56.903,1.2611e-06
60.046,0.00052459,59.889,57.259,1.1478e-06
60.657,0.00050024,60.506,57.568,1.0436e-06
61.175,0.00047739,61.029,57.829,9.5041e-07
61.596,0.00045652,61.456,58.043,8.6907e-07
61.935,0.00043678,61.8,58.215,7.9553e-07
62.153,0.00041984,62.022,58.326,7.3504e-07
62.251,0.00040582,62.125,58.377,6.8679e-07
62.238,0.00039474,62.115,58.373,6.4983e-07
62.129,0.00038651,62.009,58.32,6.2308e-07
61.942,0.00038095,61.824,58.227,6.0532e-07
61.69,0.00037783,61.574,58.102,5.9551e-07
61.379,0.00037694,61.263,57.947,5.9277e-07
60.904,0.00037867,60.789,57.709,5.983e-07
60.321,0.0003835,60.205,57.417,6.1381e-07
59.629,0.0003915,59.513,57.071,6.398e-07
58.851,0.00040261,58.733,56.681,6.7681e-07
58.268,0.00041235,58.148,56.389,7.101e-07
57.675,0.00042353,57.554,56.092,7.4932e-07
57.085,0.00043605,56.961,55.795,7.9445e-07
56.499,0.00044978,56.372,55.501,8.4547e-07
55.916,0.0004646,55.786,55.208,9.0234e-07
55.327,0.0004805,55.195,54.912,9.6546e-07
54.729,0.00049753,54.594,54.612,1.0354e-06
54.126,0.00051569,53.987,54.308,1.1127e-06
53.588,0.00053309,53.446,54.038,1.1895e-06
53.082,0.00055132,52.936,53.783,1.2726e-06
52.64,0.00057009,52.491,53.56,1.3611e-06
52.298,0.00058892,52.144,53.387,1.4528e-06
52.099,0.00060632,51.941,53.285,1.54e-06
52.051,0.00062233,51.89,53.26,1.6224e-06
52.173,0.0006361,52.008,53.319,1.6947e-06
52.468,0.00064676,52.299,53.464,1.7514e-06
52.977,0.00065388,52.804,53.717,1.7893e-06
53.65,0.00065572,53.475,54.052,1.7985e-06
54.447,0.00065205,54.27,54.45,1.7774e-06
55.321,0.00064305,55.144,54.887,1.7278e-06
56.133,0.00063085,55.957,55.293,1.6621e-06
56.936,0.00061549,56.762,55.696,1.5816e-06
57.706,0.00059773,57.534,56.082,1.4912e-06
58.426,0.00057837,58.257,56.443,1.3958e-06
59.512,0.00054412,59.351,56.99,1.235e-06
60.423,0.00051016,60.269,57.45,1.0855e-06
61.158,0.00047821,61.013,57.821,9.5368e-07
61.713,0.00044994,61.575,58.102,8.4422e-07
62.023,0.00043053,61.889,58.26,7.7292e-07
62.203,0.00041414,62.075,58.352,7.1523e-07
62.258,0.00040088,62.134,58.382,6.7018e-07
62.201,0.00039072,62.08,58.355,6.3668e-07
62.05,0.00038352,61.931,58.28,6.1349e-07
61.822,0.00037905,61.705,58.168,5.9932e-07
61.53,0.00037706,61.414,58.022,5.9311e-07
61.174,0.00037734,61.059,57.844,5.9408e-07
60.751,0.00037973,60.636,57.633,6.017e-07
60.253,0.00038421,60.138,57.384,6.1608e-07
59.683,0.00039081,59.566,57.098,6.3754e-07
59.052,0.00039953,58.934,56.782,6.6645e-07
58.381,0.00041035,58.261,56.445,7.0321e-07
57.695,0.00042314,57.573,56.101,7.4792e-07
57.01,0.00043772,56.885,55.758,8.0058e-07
56.332,0.00045391,56.204,55.417,8.6115e-07
55.734,0.00046942,55.603,55.117,9.2126e-07
55.128,0.00048608,54.994,54.812,9.8809e-07
54.512,0.00050392,54.375,54.502,1.0623e-06
53.896,0.00052297,53.755,54.192,1.1445e-06
53.357,0.00054111,53.213,53.921,1.2257e-06
52.866,0.00056001,52.719,53.674,1.3132e-06
52.459,0.00057927,52.308,53.469,1.4054e-06
52.175,0.00059826,52.019,53.324,1.4993e-06
52.055,0.00061457,51.895,53.262,1.5822e-06
52.087,0.00062915,51.924,53.276,1.658e-06
52.282,0.00064123,52.115,53.372,1.7219e-06
52.638,0.00065004,52.468,53.549,1.7689e-06
53.151,0.00065496,52.977,53.803,1.795e-06
53.789,0.00065547,53.613,54.121,1.7969e-06
54.521,0.00065148,54.344,54.487,1.7742e-06
55.312,0.00064316,55.135,54.882,1.7284e-06
56.12,0.00063107,55.944,55.287,1.6633e-06
56.92,0.00061584,56.745,55.687,1.5834e-06
57.686,0.00059822,57.514,56.072,1.4936e-06
58.404,0.00057898,58.236,56.433,1.3988e-06
59.473,0.00054546,59.311,56.97,1.2411e-06
60.373,0.00051214,60.219,57.424,1.0939e-06
61.105,0.00048069,60.958,57.794,9.6357e-07
61.665,0.00045268,61.525,58.078,8.5451e-07
62.006,0.00043178,61.872,58.251,7.7745e-07
62.202,0.00041429,62.074,58.352,7.1573e-07
62.258,0.00040029,62.134,58.382,6.6823e-07
62.188,0.00038978,62.067,58.349,6.3364e-07
62.016,0.00038257,61.897,58.264,6.1048e-07
61.76,0.00037838,61.644,58.137,5.9722e-07
61.433,0.00037691,61.317,57.974,5.9268e-07
61.033,0.00037796,60.918,57.774,5.9604e-07
60.512,0.00038169,60.397,57.513,6.0798e-07
59.894,0.00038819,59.778,57.204,6.29e-07
59.19,0.0003975,59.073,56.851,6.5968e-07
58.426,0.00040957,58.307,56.468,7.0051e-07
57.717,0.0004227,57.596,56.113,7.4635e-07
57.009,0.00043774,56.884,55.757,8.0065e-07
56.307,0.0004545,56.18,55.405,8.634e-07
55.607,0.00047285,55.476,55.053,9.3481e-07
54.964,0.00049075,54.829,54.729,1.0073e-06
54.31,0.00051001,54.172,54.401,1.0882e-06
53.661,0.00053064,53.519,54.074,1.1785e-06
53.053,0.00055246,52.907,53.768,1.2779e-06
52.629,0.00057059,52.479,53.554,1.3635e-06
52.3,0.00058876,52.147,53.388,1.452e-06
52.099,0.00060634,51.941,53.285,1.5401e-06
52.052,0.00062252,51.89,53.26,1.6233e-06
52.165,0.00063561,51.999,53.314,1.692e-06
52.433,0.0006459,52.265,53.447,1.7468e-06
52.851,0.00065277,52.679,53.654,1.7835e-06
53.401,0.00065573,53.226,53.928,1.7989e-06
54.128,0.00065413,53.952,54.291,1.7891e-06
54.942,0.00064751,54.765,54.697,1.7522e-06
55.799,0.00063629,55.622,55.126,1.6912e-06
56.659,0.00062114,56.484,55.557,1.611e-06
57.464,0.00060363,57.291,55.96,1.5209e-06
58.221,0.00058417,58.051,56.34,1.424e-06
58.918,0.00056357,58.753,56.691,1.3251e-06
59.55,0.00054258,59.389,57.01,1.228e-06
60.208,0.00051834,60.053,57.341,1.1206e-06
60.778,0.00049511,60.628,57.629,1.0223e-06
61.26,0.00047338,61.115,57.872,9.3449e-07
61.651,0.00045356,61.512,58.071,8.5783e-07
61.982,0.0004336,61.847,58.239,7.8399e-07
62.183,0.00041666,62.054,58.342,7.2396e-07
62.258,0.00040286,62.132,58.381,6.7681e-07
62.217,0.00039218,62.095,58.362,6.4145e-07
62.079,0.00038451,61.96,58.295,6.1665e-07
61.862,0.00037961,61.745,58.187,6.0109e-07
61.579,0.00037724,61.463,58.047,5.9367e-07
61.233,0.00037718,61.118,57.874,5.9355e-07
60.853,0.00037902,60.738,57.684,5.9944e-07
60.41,0.00038266,60.295,57.462,6.111e-07
59.903,0.00038812,59.787,57.208,6.2874e-07
59.339,0.00039539,59.222,56.926,6.5266e-07
58.731,0.0004045,58.613,56.621,6.8321e-07
58.101,0.00041536,57.98,56.305,7.2056e-07
57.464,0.00042786,57.341,55.985,7.6478e-07
56.83,0.00044185,56.705,55.667,8.1583e-07
56.306,0.00045455,56.179,55.404,8.6359e-07
55.782,0.00046813,55.652,55.141,9.1618e-07
55.253,0.00048258,55.12,54.875,9.7387e-07
54.716,0.00049792,54.58,54.605,1.0371e-06
54.177,0.00051409,54.038,54.334,1.1058e-06
53.645,0.00053117,53.503,54.066,1.1809e-06
53.141,0.00054908,52.996,53.813,1.2622e-06
52.694,0.00056755,52.545,53.587,1.3489e-06
52.349,0.00058564,52.196,53.413,1.4366e-06
52.124,0.00060325,51.967,53.298,1.5244e-06
52.048,0.00061963,51.887,53.258,1.6083e-06
52.139,0.00063391,51.975,53.302,1.6831e-06
52.396,0.00064491,52.227,53.428,1.7415e-06
52.811,0.00065234,52.639,53.634,1.7812e-06
53.367,0.00065566,53.193,53.911,1.7986e-06
54.037,0.00065459,53.861,54.245,1.7918e-06
54.856,0.00064841,54.678,54.654,1.7572e-06
55.722,0.00063744,55.545,55.087,1.6974e-06
56.596,0.00062239,56.42,55.525,1.6175e-06
57.442,0.00060415,57.269,55.949,1.5235e-06
58.258,0.00058313,58.088,56.359,1.419e-06
59.005,0.00056086,58.84,56.735,1.3123e-06
59.676,0.00053819,59.516,57.073,1.2082e-06
60.27,0.00051589,60.115,57.372,1.11e-06
60.811,0.00049366,60.661,57.646,1.0163e-06
61.27,0.00047288,61.126,57.878,9.3251e-07
61.646,0.00045384,61.507,58.068,8.589e-07
61.934,0.00043678,61.799,58.215,7.9554e-07
62.152,0.00041983,62.022,58.326,7.35e-07
62.251,0.0004058,62.125,58.377,6.8674e-07
62.238,0.00039472,62.116,58.373,6.4977e-07
62.129,0.00038649,62.009,58.319,6.23e-07
61.937,0.00038084,61.819,58.225,6.0498e-07
61.677,0.00037773,61.561,58.095,5.9521e-07
61.355,0.00037695,61.239,57.935,5.928e-07
60.968,0.00037832,60.853,57.742,5.9719e-07
60.487,0.00038194,60.372,57.501,6.0879e-07
59.924,0.00038786,59.808,57.219,6.279e-07
59.289,0.00039609,59.172,56.901,6.5498e-07
58.601,0.00040662,58.482,56.556,6.9043e-07
57.875,0.00041961,57.754,56.192,7.3546e-07
57.146,0.00043468,57.022,55.826,7.8945e-07
56.424,0.0004516,56.297,55.463,8.5235e-07
55.705,0.0004702,55.574,55.102,9.2434e-07
55.024,0.00048904,54.889,54.759,1.0002e-06
54.33,0.0005094,54.192,54.411,1.0856e-06
53.641,0.00053131,53.499,54.064,1.1815e-06
53,0.00055454,52.854,53.742,1.2876e-06
52.582,0.00057289,52.432,53.53,1.3745e-06
52.265,0.0005912,52.111,53.37,1.4641e-06
52.082,0.0006088,51.924,53.277,1.5526e-06
52.06,0.00062485,51.898,53.264,1.6355e-06
52.199,0.00063756,52.033,53.331,1.7024e-06
52.495,0.00064734,52.325,53.477,1.7545e-06
52.938,0.00065358,52.766,53.697,1.7878e-06
53.51,0.00065582,53.335,53.982,1.7992e-06
54.256,0.00065338,54.08,54.355,1.7849e-06
55.082,0.00064595,54.905,54.767,1.7436e-06
55.944,0.00063399,55.768,55.199,1.6789e-06
56.804,0.00061823,56.629,55.629,1.5958e-06
57.609,0.00060012,57.437,56.033,1.5032e-06
58.363,0.00058019,58.194,56.412,1.4046e-06
59.054,0.00055925,58.89,56.76,1.3048e-06
59.679,0.00053805,59.519,57.074,1.2076e-06
60.311,0.00051429,60.157,57.393,1.1032e-06
60.859,0.00049162,60.709,57.67,1.0079e-06
61.32,0.00047047,61.177,57.903,9.2303e-07
61.694,0.00045121,61.555,58.092,8.4898e-07
62.018,0.00043099,61.885,58.257,7.7458e-07
62.205,0.00041401,62.077,58.353,7.1477e-07
62.258,0.00040038,62.134,58.382,6.6851e-07
62.192,0.00039006,62.071,58.35,6.3455e-07
62.027,0.0003829,61.908,58.269,6.1152e-07
61.782,0.00037862,61.666,58.148,5.9799e-07
61.469,0.00037697,61.353,57.992,5.9283e-07
61.087,0.00037771,60.972,57.801,5.9525e-07
60.63,0.0003807,60.514,57.572,6.048e-07
60.091,0.00038595,59.976,57.303,6.2171e-07
59.477,0.0003935,59.361,56.995,6.4639e-07
58.805,0.00040333,58.686,56.658,6.7926e-07
58.099,0.00041539,57.979,56.304,7.2067e-07
57.385,0.0004295,57.263,55.946,7.7066e-07
56.678,0.00044544,56.552,55.591,8.2918e-07
55.975,0.00046304,55.846,55.238,8.9628e-07
55.133,0.00048588,54.999,54.814,9.8729e-07
54.271,0.00051112,54.133,54.381,1.093e-06
53.424,0.0005388,53.28,53.955,1.2152e-06
52.68,0.00056822,52.531,53.58,1.3521e-06
52.315,0.00058782,52.161,53.395,1.4473e-06
52.095,0.00060676,51.938,53.284,1.5422e-06
52.057,0.00062405,51.895,53.262,1.6313e-06
52.219,0.00063856,52.053,53.341,1.7077e-06
52.545,0.00064839,52.375,53.502,1.7601e-06
53.029,0.00065426,52.856,53.743,1.7914e-06
53.648,0.00065574,53.473,54.051,1.7986e-06
54.37,0.00065264,54.193,54.411,1.7807e-06
55.185,0.00064475,55.007,54.818,1.7371e-06
56.028,0.00063262,55.852,55.241,1.6716e-06
56.866,0.00061696,56.691,55.66,1.5892e-06
57.67,0.00059862,57.498,56.064,1.4956e-06
58.504,0.00057613,58.336,56.483,1.385e-06
59.259,0.00055258,59.096,56.863,1.2738e-06
59.931,0.00052891,59.772,57.201,1.1668e-06
60.519,0.00050592,60.366,57.498,1.0675e-06
61.028,0.0004841,60.881,57.755,9.7731e-07
61.454,0.0004639,61.311,57.971,8.9744e-07
61.792,0.0004456,61.655,58.142,8.28e-07
62.04,0.00042939,61.907,58.268,7.6886e-07
62.204,0.00041411,62.075,58.353,7.1512e-07
62.258,0.00040159,62.134,58.382,6.7255e-07
62.213,0.0003918,62.092,58.361,6.402e-07
62.083,0.00038463,61.964,58.297,6.1706e-07
61.881,0.00037989,61.764,58.197,6.0197e-07
61.62,0.00037741,61.504,58.067,5.942e-07
61.302,0.00037702,61.187,57.908,5.9303e-07
60.925,0.00037857,60.809,57.72,5.9801e-07
60.457,0.00038222,60.341,57.486,6.0969e-07
59.914,0.00038798,59.798,57.214,6.2829e-07
59.306,0.00039586,59.188,56.909,6.5421e-07
58.648,0.00040586,58.529,56.579,6.8782e-07
57.923,0.00041869,57.802,56.216,7.3221e-07
57.195,0.0004336,57.071,55.85,7.8552e-07
56.474,0.00045037,56.347,55.488,8.4773e-07
55.756,0.00046884,55.625,55.128,9.1896e-07
55.056,0.00048812,54.922,54.776,9.9646e-07
54.342,0.00050902,54.204,54.417,1.084e-06
53.634,0.00053157,53.491,54.06,1.1827e-06
52.976,0.0005555,52.83,53.73,1.2921e-06
52.561,0.00057394,52.41,53.52,1.3796e-06
52.25,0.0005923,52.095,53.362,1.4695e-06
52.075,0.00060989,51.917,53.273,1.5582e-06
52.065,0.00062587,51.902,53.266,1.6408e-06
52.216,0.0006384,52.05,53.34,1.7069e-06
52.524,0.00064795,52.354,53.492,1.7578e-06
52.979,0.0006539,52.806,53.718,1.7895e-06
53.561,0.00065582,53.385,54.007,1.7991e-06
54.403,0.00065237,54.226,54.428,1.7792e-06
55.334,0.00064286,55.156,54.893,1.7268e-06
56.294,0.00062803,56.117,55.373,1.6472e-06
57.234,0.00060895,57.061,55.845,1.548e-06
58.035,0.00058921,57.865,56.247,1.4488e-06
58.774,0.00056804,58.608,56.619,1.3463e-06
59.445,0.00054627,59.283,56.956,1.2448e-06
60.044,0.00052462,59.887,57.258,1.148e-06
60.616,0.00050193,60.464,57.547,1.0507e-06
61.107,0.00048053,60.96,57.795,9.6296e-07
61.515,0.00046077,61.374,58.002,8.8536e-07
61.837,0.00044293,61.7,58.165,8.181e-07
62.105,0.00042416,61.974,58.302,7.5024e-07
62.239,0.00040861,62.113,58.371,6.9628e-07
62.247,0.00039634,62.124,58.377,6.5511e-07
62.145,0.00038726,62.025,58.327,6.2548e-07
61.952,0.00038114,61.834,58.232,6.0592e-07
61.685,0.00037778,61.569,58.099,5.9537e-07
61.35,0.00037695,61.235,57.932,5.9281e-07
60.946,0.00037845,60.831,57.73,5.976e-07
60.457,0.00038221,60.342,57.486,6.0966e-07
59.888,0.00038829,59.772,57.201,6.2932e-07
59.245,0.00039671,59.128,56.879,6.5705e-07
58.551,0.00040745,58.432,56.531,6.9327e-07
57.84,0.00042029,57.719,56.174,7.3783e-07
57.127,0.00043509,57.003,55.816,7.9095e-07
56.421,0.00045166,56.294,55.462,8.5261e-07
55.718,0.00046985,55.587,55.109,9.2295e-07
55.042,0.00048853,54.908,54.769,9.981e-07
54.353,0.0005087,54.215,54.422,1.0826e-06
53.668,0.00053041,53.526,54.078,1.1775e-06
53.028,0.00055343,52.882,53.756,1.2824e-06
52.61,0.00057149,52.461,53.545,1.3678e-06
52.289,0.00058956,52.135,53.382,1.4559e-06
52.094,0.000607,51.936,53.283,1.5435e-06
52.053,0.00062303,51.892,53.26,1.626e-06
52.172,0.00063603,52.006,53.318,1.6943e-06
52.446,0.00064622,52.277,53.453,1.7485e-06
52.87,0.00065296,52.698,53.663,1.7845e-06
53.424,0.00065576,53.249,53.939,1.799e-06
54.156,0.00065397,53.979,54.304,1.7883e-06
54.972,0.00064718,54.794,54.712,1.7504e-06
55.829,0.00063581,55.653,55.141,1.6886e-06
56.69,0.00062054,56.514,55.572,1.6078e-06
57.494,0.0006029,57.322,55.976,1.5172e-06
58.251,0.00058334,58.081,56.355,1.42e-06
58.947,0.00056267,58.781,56.706,1.3209e-06
59.577,0.00054163,59.417,57.023,1.2237e-06
60.23,0.00051751,60.074,57.352,1.117e-06
60.794,0.0004944,60.645,57.637,1.0194e-06
61.272,0.00047279,61.128,57.879,9.3218e-07
61.66,0.00045309,61.52,58.075,8.5608e-07
61.99,0.00043304,61.856,58.243,7.8199e-07
62.188,0.00041607,62.059,58.344,7.2191e-07
62.258,0.00040229,62.133,58.382,6.749e-07
62.212,0.00039168,62.09,58.36,6.3981e-07
62.067,0.00038411,61.948,58.289,6.1539e-07
61.844,0.00037935,61.727,58.178,6.0029e-07
61.554,0.00037715,61.438,58.034,5.9339e-07
61.199,0.00037728,61.084,57.857,5.9387e-07
60.803,0.00037937,60.688,57.659,6.0053e-07
60.341,0.00038334,60.225,57.428,6.1327e-07
59.811,0.00038922,59.695,57.162,6.3234e-07
59.224,0.00039701,59.107,56.868,6.5805e-07
58.595,0.00040672,58.476,56.553,6.9077e-07
57.946,0.00041824,57.825,56.228,7.3065e-07
57.294,0.00043145,57.171,55.9,7.7772e-07
56.647,0.00044618,56.521,55.575,8.3195e-07
56.116,0.00045939,55.987,55.309,8.8216e-07
55.582,0.00047351,55.451,55.04,9.3744e-07
55.042,0.00048853,54.908,54.769,9.9813e-07
54.494,0.00050448,54.357,54.493,1.0647e-06
53.956,0.00052102,53.816,54.223,1.136e-06
53.433,0.00053845,53.289,53.959,1.2136e-06
52.949,0.00055662,52.802,53.716,1.2973e-06
52.536,0.0005752,52.385,53.507,1.3857e-06
52.22,0.00059453,52.065,53.347,1.4806e-06
52.061,0.00061288,51.902,53.265,1.5735e-06
52.088,0.00062923,51.925,53.277,1.6584e-06
52.316,0.00064248,52.149,53.389,1.7286e-06
52.715,0.00065115,52.544,53.587,1.7749e-06
53.272,0.00065542,53.098,53.864,1.7974e-06
53.959,0.00065491,53.783,54.206,1.7937e-06
54.739,0.00064957,54.561,54.595,1.7636e-06
55.552,0.00063993,55.375,55.002,1.7108e-06
56.378,0.00062651,56.202,55.416,1.6392e-06
57.186,0.00061005,57.012,55.821,1.5536e-06
57.953,0.00059138,57.782,56.206,1.4595e-06
58.823,0.00056654,58.657,56.643,1.3391e-06
59.599,0.00054096,59.438,57.034,1.2207e-06
60.277,0.00051567,60.122,57.376,1.1091e-06
60.859,0.00049157,60.709,57.67,1.0077e-06
61.328,0.00047012,61.184,57.907,9.2166e-07
61.705,0.00045062,61.566,58.098,8.4674e-07
61.986,0.00043328,61.852,58.241,7.8285e-07
62.168,0.00041828,62.038,58.334,7.296e-07
62.253,0.000405,62.127,58.378,6.8403e-07
62.236,0.00039445,62.114,58.372,6.4888e-07
62.131,0.00038654,62.011,58.32,6.2317e-07
61.951,0.00038112,61.833,58.232,6.0586e-07
61.718,0.00037803,61.602,58.116,5.9614e-07
61.433,0.00037693,61.317,57.973,5.9273e-07
61.093,0.00037768,60.978,57.804,5.9514e-07
60.695,0.00038018,60.58,57.605,6.0315e-07
60.23,0.00038447,60.114,57.372,6.1691e-07
59.703,0.00039055,59.587,57.108,6.367e-07
59.125,0.00039846,59.007,56.818,6.6286e-07
58.509,0.00040815,58.39,56.51,6.9566e-07
57.848,0.00042014,57.726,56.178,7.373e-07
57.184,0.00043383,57.061,55.845,7.8635e-07
56.527,0.00044906,56.401,55.515,8.4278e-07
55.874,0.00046571,55.744,55.187,9.0667e-07
55.169,0.00048491,55.036,54.833,9.8333e-07
54.451,0.00050575,54.313,54.471,1.0701e-06
53.732,0.00052828,53.591,54.11,1.168e-06
53.058,0.00055226,52.912,53.771,1.277e-06
52.644,0.00056989,52.494,53.562,1.3601e-06
52.319,0.00058757,52.165,53.397,1.4461e-06
52.112,0.00060473,51.955,53.292,1.532e-06
52.049,0.00062065,51.888,53.258,1.6137e-06
52.141,0.00063403,51.976,53.303,1.6837e-06
52.389,0.00064471,52.22,53.425,1.7405e-06
52.786,0.00065206,52.615,53.622,1.7797e-06
53.318,0.00065557,53.144,53.887,1.7981e-06
54.033,0.0006546,53.857,54.243,1.7918e-06
54.839,0.00064857,54.662,54.646,1.7581e-06
55.694,0.00063787,55.517,55.073,1.6997e-06
56.557,0.00062315,56.381,55.505,1.6215e-06
57.361,0.00060605,57.188,55.909,1.5332e-06
58.12,0.00058693,57.95,56.29,1.4376e-06
58.822,0.00056656,58.656,56.643,1.3392e-06
59.46,0.00054572,59.298,56.964,1.2423e-06
60.137,0.00052109,59.981,57.305,1.1325e-06
60.724,0.00049741,60.573,57.602,1.0318e-06
61.221,0.00047523,61.076,57.853,9.418e-07
61.625,0.00045497,61.485,58.057,8.632e-07
61.955,0.00043541,61.821,58.225,7.9055e-07
62.164,0.00041866,62.034,58.332,7.3092e-07
62.254,0.00040485,62.128,58.379,6.8351e-07
62.233,0.00039398,62.11,58.37,6.4734e-07
62.117,0.00038596,61.997,58.313,6.2132e-07
61.924,0.0003806,61.806,58.218,6.0422e-07
61.667,0.00037767,61.55,58.09,5.9501e-07
61.35,0.00037696,61.234,57.932,5.9284e-07
60.836,0.0003791,60.721,57.675,5.9968e-07
60.2,0.00038473,60.085,57.357,6.1775e-07
59.447,0.00039391,59.33,56.98,6.4775e-07
58.605,0.00040657,58.486,56.558,6.9028e-07
58.023,0.00041681,57.902,56.266,7.2564e-07
57.437,0.00042842,57.314,55.972,7.6679e-07
56.855,0.00044128,56.73,55.68,8.137e-07
56.278,0.00045527,56.15,55.39,8.6635e-07
55.701,0.00047032,55.57,55.1,9.248e-07
55.116,0.00048643,54.982,54.806,9.8953e-07
54.522,0.00050365,54.385,54.507,1.0611e-06
53.926,0.00052198,53.786,54.208,1.1402e-06
53.387,0.00054006,53.243,53.936,1.2209e-06
52.893,0.00055891,52.745,53.687,1.308e-06
52.48,0.00057815,52.329,53.479,1.4e-06
52.188,0.00059717,52.032,53.331,1.4938e-06
52.058,0.0006136,51.899,53.264,1.5772e-06
52.081,0.00062836,51.918,53.273,1.6538e-06
52.267,0.00064064,52.1,53.365,1.7187e-06
52.616,0.00064967,52.446,53.538,1.7669e-06
53.12,0.0006548,52.947,53.788,1.7942e-06
53.752,0.00065555,53.576,54.103,1.7974e-06
54.479,0.00065181,54.302,54.466,1.7761e-06
55.267,0.00064373,55.089,54.859,1.7315e-06
56.075,0.00063183,55.899,55.264,1.6674e-06
56.876,0.00061675,56.701,55.665,1.5881e-06
57.646,0.00059923,57.473,56.051,1.4987e-06
58.367,0.00058005,58.198,56.414,1.404e-06
59.398,0.00054798,59.236,56.933,1.2526e-06
60.275,0.00051596,60.12,57.375,1.1103e-06
60.998,0.00048553,60.85,57.74,9.8309e-07
61.564,0.00045811,61.423,58.027,8.7515e-07
61.947,0.00043587,61.812,58.221,7.9224e-07
62.178,0.00041718,62.048,58.339,7.2576e-07
62.258,0.00040219,62.133,58.382,6.7456e-07
62.203,0.00039089,62.082,58.356,6.3724e-07
62.052,0.00038359,61.933,58.281,6.1371e-07
61.823,0.00037906,61.706,58.168,5.9936e-07
61.528,0.00037706,61.412,58.021,5.9311e-07
61.168,0.00037737,61.053,57.841,5.9416e-07
60.738,0.00037983,60.623,57.626,6.0202e-07
60.231,0.00038445,60.115,57.372,6.1684e-07
59.649,0.00039124,59.533,57.081,6.3896e-07
59.006,0.00040021,58.888,56.759,6.6875e-07
58.453,0.0004091,58.334,56.482,6.9891e-07
57.889,0.00041934,57.768,56.199,7.3449e-07
57.323,0.00043083,57.2,55.915,7.7549e-07
56.761,0.00044348,56.635,55.632,8.2187e-07
56.203,0.00045716,56.075,55.352,8.7357e-07
55.644,0.00047184,55.513,55.071,9.3081e-07
55.077,0.00048752,54.943,54.787,9.9396e-07
54.503,0.00050421,54.366,54.498,1.0635e-06
53.965,0.00052075,53.824,54.227,1.1348e-06
53.441,0.00053818,53.297,53.963,1.2124e-06
52.955,0.00055635,52.809,53.719,1.296e-06
52.541,0.00057494,52.39,53.51,1.3844e-06
52.222,0.00059432,52.068,53.348,1.4796e-06
52.061,0.00061273,51.902,53.266,1.5727e-06
52.087,0.00062914,51.924,53.277,1.6579e-06
52.315,0.00064243,52.148,53.388,1.7283e-06
52.713,0.00065112,52.541,53.585,1.7747e-06
53.269,0.00065541,53.095,53.862,1.7973e-06
53.954,0.00065493,53.778,54.204,1.7938e-06
54.733,0.00064963,54.556,54.593,1.7639e-06
55.546,0.00064001,55.369,54.999,1.7113e-06
56.372,0.00062661,56.196,55.413,1.6397e-06
57.181,0.00061017,57.007,55.818,1.5542e-06
57.948,0.0005915,57.778,56.204,1.4601e-06
58.818,0.00056671,58.652,56.641,1.3399e-06
59.593,0.00054116,59.432,57.031,1.2216e-06
60.271,0.00051591,60.116,57.373,1.1101e-06
60.853,0.00049183,60.703,57.667,1.0088e-06
61.322,0.00047038,61.178,57.904,9.2267e-07
61.7,0.00045086,61.562,58.096,8.4767e-07
61.982,0.00043351,61.848,58.239,7.8368e-07
62.166,0.00041849,62.036,58.333,7.3032e-07
62.252,0.00040517,62.127,58.378,6.8461e-07
62.237,0.00039459,62.114,58.372,6.4933e-07
62.133,0.00038664,62.013,58.321,6.2349e-07
61.955,0.00038119,61.837,58.233,6.0608e-07
61.723,0.00037807,61.606,58.118,5.9625e-07
61.438,0.00037693,61.322,57.976,5.9273e-07
61.099,0.00037765,60.983,57.807,5.9506e-07
60.701,0.00038013,60.586,57.608,6.0298e-07
60.237,0.0003844,60.121,57.376,6.1668e-07
59.71,0.00039047,59.594,57.112,6.3641e-07
59.131,0.00039836,59.014,56.822,6.6253e-07
58.516,0.00040804,58.397,56.513,6.953e-07
57.852,0.00042004,57.731,56.18,7.3697e-07
57.188,0.00043376,57.064,55.847,7.861e-07
56.529,0.00044903,56.402,55.516,8.4264e-07
55.874,0.00046571,55.744,55.187,9.0668e-07
55.168,0.00048495,55.035,54.832,9.8347e-07
54.448,0.00050583,54.311,54.47,1.0704e-06
53.729,0.0005284,53.587,54.108,1.1685e-06
53.054,0.00055243,52.908,53.769,1.2777e-06
52.64,0.00057008,52.49,53.56,1.361e-06
52.315,0.00058777,52.162,53.396,1.4471e-06
52.11,0.00060494,51.953,53.291,1.533e-06
52.049,0.00062086,51.888,53.259,1.6147e-06
52.143,0.0006342,51.979,53.304,1.6846e-06
52.393,0.00064484,52.225,53.427,1.7412e-06
52.793,0.00065214,52.622,53.626,1.7802e-06
53.327,0.00065559,53.153,53.891,1.7982e-06
54.043,0.00065455,53.867,54.248,1.7916e-06
54.85,0.00064846,54.673,54.651,1.7575e-06
55.705,0.00063771,55.528,55.079,1.6988e-06
56.567,0.00062294,56.392,55.511,1.6204e-06
57.372,0.0006058,57.198,55.914,1.5319e-06
58.131,0.00058664,57.961,56.295,1.4361e-06
58.832,0.00056625,58.666,56.648,1.3378e-06
59.469,0.00054539,59.308,56.969,1.2408e-06
60.145,0.00052081,59.988,57.309,1.1313e-06
60.729,0.00049718,60.579,57.604,1.0309e-06
61.225,0.00047504,61.08,57.855,9.4107e-07
61.628,0.00045484,61.488,58.059,8.6268e-07
61.958,0.00043523,61.823,58.227,7.899e-07
62.166,0.00041846,62.036,58.333,7.3023e-07
62.254,0.00040465,62.129,58.379,6.8284e-07
62.231,0.0003938,62.109,58.369,6.4675e-07
62.113,0.00038581,61.994,58.312,6.2084e-07
61.918,0.0003805,61.8,58.215,6.0389e-07
61.658,0.00037762,61.542,58.086,5.9485e-07
61.338,0.00037697,61.223,57.926,5.9288e-07
60.809,0.00037928,60.694,57.662,6.0026e-07
60.151,0.00038525,60.035,57.333,6.1943e-07
59.371,0.00039495,59.254,56.942,6.5118e-07
58.503,0.00040828,58.384,56.507,6.9611e-07
57.908,0.00041898,57.787,56.209,7.3324e-07
57.312,0.00043108,57.189,55.909,7.7637e-07
56.72,0.00044445,56.594,55.612,8.2547e-07
56.133,0.00045897,56.004,55.317,8.8055e-07
55.543,0.00047458,55.412,55.021,9.4171e-07
54.945,0.00049131,54.81,54.72,1.0095e-06
54.337,0.00050919,54.199,54.414,1.0847e-06
53.734,0.00052824,53.592,54.111,1.1678e-06
53.259,0.00054468,53.114,53.872,1.242e-06
52.827,0.00056168,52.679,53.654,1.321e-06
52.465,0.00057893,52.314,53.472,1.4038e-06
52.202,0.00059599,52.047,53.338,1.4879e-06
52.063,0.00061223,51.904,53.267,1.5702e-06
52.071,0.00062693,51.908,53.269,1.6463e-06
52.236,0.00063931,52.069,53.349,1.7117e-06
52.558,0.00064864,52.389,53.509,1.7614e-06
53.042,0.00065435,52.869,53.749,1.7918e-06
53.657,0.00065572,53.482,54.056,1.7985e-06
54.372,0.0006526,54.196,54.412,1.7805e-06
55.153,0.00064513,54.976,54.803,1.7391e-06
55.962,0.00063371,55.785,55.207,1.6774e-06
56.767,0.00061899,56.592,55.611,1.5998e-06
57.543,0.00060172,57.371,56,1.5113e-06
58.273,0.00058269,58.104,56.367,1.4168e-06
59.242,0.00055318,59.078,56.854,1.2766e-06
60.079,0.00052344,59.922,57.276,1.1428e-06
60.785,0.00049483,60.635,57.632,1.0211e-06
61.359,0.00046852,61.216,57.923,9.154e-07
61.768,0.00044699,61.63,58.13,8.3316e-07
62.055,0.00042823,61.922,58.276,7.6471e-07
62.216,0.00041244,62.088,58.359,7.0937e-07
62.257,0.0003997,62.133,58.381,6.6625e-07
62.172,0.00038877,62.051,58.341,6.3037e-07
61.973,0.00038157,61.855,58.242,6.0729e-07
61.682,0.00037776,61.566,58.098,5.9528e-07
61.309,0.000377,61.194,57.912,5.9299e-07
60.832,0.00037914,60.717,57.673,5.9981e-07
60.251,0.00038421,60.136,57.383,6.1609e-07
59.569,0.00039227,59.453,57.041,6.4236e-07
58.807,0.00040329,58.689,56.659,6.7912e-07
58.237,0.00041288,58.117,56.374,7.1196e-07
57.659,0.00042385,57.537,56.084,7.5045e-07
57.083,0.00043608,56.959,55.794,7.9456e-07
56.512,0.00044946,56.385,55.507,8.4426e-07
55.943,0.00046388,55.814,55.222,8.9955e-07
55.37,0.00047934,55.237,54.933,9.6075e-07
54.787,0.00049585,54.652,54.641,1.0284e-06
54.199,0.00051344,54.06,54.345,1.103e-06
53.66,0.00053065,53.518,54.074,1.1786e-06
53.151,0.00054871,53.005,53.817,1.2605e-06
52.699,0.00056736,52.55,53.59,1.348e-06
52.341,0.00058614,52.188,53.409,1.4391e-06
52.118,0.00060389,51.962,53.295,1.5277e-06
52.048,0.00062033,51.887,53.258,1.612e-06
52.15,0.0006346,51.985,53.307,1.6867e-06
52.428,0.00064578,52.26,53.445,1.7462e-06
52.908,0.00065331,52.736,53.683,1.7863e-06
53.552,0.00065579,53.377,54.003,1.799e-06
54.321,0.00065295,54.144,54.387,1.7825e-06
55.17,0.00064492,54.993,54.811,1.738e-06
55.983,0.00063336,55.807,55.218,1.6755e-06
56.792,0.00061848,56.617,55.623,1.5971e-06
57.571,0.00060106,57.398,56.014,1.5079e-06
58.302,0.00058187,58.133,56.381,1.4128e-06
59.283,0.00055183,59.119,56.875,1.2703e-06
60.127,0.00052163,59.971,57.3,1.1349e-06
60.836,0.00049265,60.686,57.658,1.0122e-06
61.407,0.00046613,61.265,57.947,9.0606e-07
61.811,0.00044448,61.674,58.152,8.2385e-07
62.086,0.00042576,61.954,58.292,7.5592e-07
62.231,0.00041014,62.104,58.367,7.0148e-07
62.253,0.00039769,62.129,58.379,6.5957e-07
62.134,0.00038675,62.014,58.322,6.2386e-07
61.891,0.00038004,61.774,58.202,6.0244e-07
61.547,0.00037712,61.431,58.031,5.9329e-07
61.108,0.00037761,60.993,57.811,5.9494e-07
60.683,0.00038026,60.568,57.599,6.034e-07
60.187,0.00038492,60.071,57.35,6.1836e-07
59.622,0.0003916,59.505,57.067,6.4013e-07
59,0.00040031,58.882,56.756,6.6907e-07
58.342,0.00041102,58.223,56.426,7.0552e-07
57.671,0.00042361,57.549,56.089,7.4959e-07
57.002,0.0004379,56.877,55.754,8.0125e-07
56.339,0.00045374,56.211,55.42,8.6049e-07
55.8,0.00046767,55.669,55.149,9.1438e-07
55.255,0.00048254,55.122,54.876,9.7368e-07
54.701,0.00049836,54.565,54.597,1.0389e-06
54.143,0.00051515,54.004,54.317,1.1104e-06
53.604,0.00053255,53.461,54.045,1.1871e-06
53.096,0.00055079,52.95,53.79,1.2701e-06
52.651,0.00056959,52.501,53.565,1.3587e-06
52.305,0.00058846,52.151,53.39,1.4505e-06
52.102,0.00060593,51.944,53.287,1.538e-06
52.051,0.00062201,51.889,53.259,1.6207e-06
52.169,0.00063586,52.004,53.317,1.6934e-06
52.462,0.0006466,52.293,53.461,1.7506e-06
52.966,0.00065379,52.793,53.711,1.7889e-06
53.634,0.00065573,53.459,54.044,1.7986e-06
54.427,0.0006522,54.25,54.44,1.7783e-06
55.297,0.00064336,55.12,54.875,1.7294e-06
56.109,0.00063125,55.933,55.281,1.6643e-06
56.913,0.00061597,56.739,55.684,1.5841e-06
57.684,0.00059827,57.512,56.071,1.4939e-06
58.406,0.00057893,58.237,56.434,1.3985e-06
59.469,0.00054559,59.307,56.968,1.2417e-06
60.365,0.00051244,60.211,57.42,1.0952e-06
61.095,0.00048113,60.948,57.789,9.6536e-07
61.655,0.00045322,61.516,58.073,8.5655e-07
62.028,0.00043019,61.895,58.262,7.7172e-07
62.224,0.00041134,62.096,58.363,7.056e-07
62.25,0.00039679,62.127,58.378,6.566e-07
62.129,0.00038645,62.01,58.32,6.229e-07
61.918,0.00038045,61.801,58.215,6.0376e-07
61.628,0.00037741,61.512,58.071,5.9421e-07
61.264,0.00037707,61.148,57.889,5.932e-07
60.823,0.00037922,60.708,57.669,6.0008e-07
60.337,0.00038337,60.221,57.425,6.1337e-07
59.777,0.00038963,59.661,57.145,6.3368e-07
59.154,0.00039803,59.036,56.833,6.6143e-07
58.487,0.00040853,58.367,56.499,6.9697e-07
57.809,0.00042089,57.687,56.158,7.3997e-07
57.13,0.00043503,57.006,55.818,7.9073e-07
56.458,0.00045077,56.331,55.48,8.4923e-07
55.788,0.00046798,55.658,55.144,9.1558e-07
55.107,0.00048666,54.974,54.802,9.9045e-07
54.414,0.00050686,54.276,54.453,1.0748e-06
53.722,0.00052862,53.581,54.105,1.1695e-06
53.072,0.00055173,52.926,53.778,1.2745e-06
52.655,0.00056939,52.505,53.567,1.3577e-06
52.326,0.00058711,52.172,53.401,1.4438e-06
52.115,0.00060434,51.958,53.294,1.53e-06
52.048,0.00062033,51.887,53.258,1.612e-06
52.137,0.00063375,51.973,53.301,1.6822e-06
52.381,0.0006445,52.213,53.421,1.7393e-06
52.776,0.00065194,52.604,53.617,1.779e-06
53.305,0.00065554,53.131,53.88,1.798e-06
54.017,0.00065467,53.841,54.235,1.7922e-06
54.822,0.00064874,54.645,54.637,1.759e-06
55.677,0.00063812,55.499,55.064,1.7011e-06
56.54,0.00062346,56.364,55.497,1.6231e-06
57.344,0.00060643,57.171,55.9,1.5351e-06
58.104,0.00058736,57.934,56.282,1.4397e-06
58.807,0.00056704,58.641,56.635,1.3415e-06
59.446,0.00054621,59.284,56.957,1.2446e-06
60.126,0.00052152,59.97,57.3,1.1344e-06
60.716,0.00049776,60.565,57.597,1.0333e-06
61.215,0.00047551,61.07,57.85,9.429e-07
61.621,0.00045518,61.481,58.056,8.6398e-07
61.951,0.00043567,61.817,58.223,7.9148e-07
62.162,0.00041895,62.032,58.331,7.3191e-07
62.253,0.00040513,62.127,58.378,6.8447e-07
62.235,0.00039424,62.112,58.371,6.4819e-07
62.122,0.00038618,62.002,58.316,6.22e-07
61.932,0.00038075,61.814,58.222,6.047e-07
61.678,0.00037774,61.562,58.096,5.9524e-07
61.365,0.00037695,61.25,57.94,5.928e-07
60.871,0.00037887,60.756,57.693,5.9895e-07
60.262,0.00038409,60.147,57.388,6.1569e-07
59.54,0.00039266,59.424,57.027,6.4362e-07
58.731,0.00040452,58.612,56.621,6.833e-07
58.521,0.00040797,58.402,56.516,6.9503e-07
58.31,0.0004116,58.19,56.41,7.0753e-07
58.097,0.00041543,57.977,56.303,7.208e-07
57.884,0.00041944,57.763,56.196,7.3485e-07
