150,0.0080419,148.39,65.835,0.0097571
148.99,0.0084276,147.32,67.664,0.010235
147.92,0.0088246,146.2,69.481,0.010725
146.81,0.0092332,145.02,71.286,0.011229
145.66,0.0096525,143.81,73.073,0.011745
143.95,0.010277,142.01,75.621,0.012512
142.24,0.010911,140.2,78.081,0.013289
140.51,0.011557,138.39,80.464,0.014079
138.74,0.01223,136.52,82.834,0.014899
137.2,0.012822,134.9,84.831,0.015618
135.5,0.013483,133.12,86.974,0.016419
133.58,0.014245,131.1,89.34,0.017341
131.39,0.015143,128.8,91.991,0.018422
129.01,0.016157,126.3,94.822,0.019641
126.35,0.017347,123.5,97.946,0.021066
123.45,0.018729,120.44,101.34,0.022715
120.33,0.020308,117.15,104.94,0.024593
116.68,0.022305,113.29,109.14,0.026956
112.93,0.024522,109.32,113.42,0.029567
109.16,0.026932,105.33,117.68,0.032388
105.44,0.029506,101.37,121.88,0.035381
101.45,0.032482,97.137,126.34,0.038816
97.574,0.035602,93.018,130.65,0.042385
93.818,0.038847,89.025,134.8,0.046063
90.188,0.042193,85.17,138.79,0.049817
86.584,0.045721,81.346,142.73,0.053731
83.149,0.049269,77.709,146.45,0.057618
79.9,0.05278,74.277,149.95,0.061413
76.844,0.05621,71.06,153.22,0.065066
73.926,0.059585,67.999,156.32,0.068605
71.176,0.062845,65.128,159.21,0.071965
68.579,0.065986,62.428,161.93,0.075145
66.13,0.068988,59.894,164.48,0.078126
64.153,0.071422,57.86,166.53,0.080495
62.315,0.073669,55.977,168.41,0.082636
60.631,0.075682,54.264,170.11,0.084505
59.111,0.077433,52.726,171.62,0.086079
57.792,0.078874,51.4,172.91,0.087324
56.6,0.0801,50.21,174.05,0.088337
55.506,0.081167,49.124,175.08,0.089179
54.476,0.082139,48.106,176.04,0.089918
53.535,0.083028,47.178,176.93,0.090581
52.61,0.083915,46.267,177.8,0.091237
51.699,0.084804,45.371,178.68,0.091888
50.811,0.085674,44.5,179.53,0.092516
50.623,0.085858,44.315,179.71,0.092646
50.436,0.086038,44.133,179.89,0.092773
50.252,0.086216,43.952,180.07,0.092897
50.07,0.08639,43.774,180.25,0.093018
49.926,0.086527,43.634,180.38,0.093111
48.168,0.08453,42.084,181.06,0.089882
46.566,0.082671,40.674,181.69,0.086889
45.088,0.08096,39.373,182.31,0.084134
43.695,0.079441,38.144,182.95,0.081645
42.363,0.078204,36.96,183.65,0.079511
41.018,0.077311,35.749,184.5,0.077761
39.613,0.076858,34.467,185.57,0.076469
38.108,0.076943,33.072,186.92,0.07571
36.476,0.077654,31.539,188.62,0.07555
34.694,0.079063,29.85,190.69,0.076031
32.759,0.081222,28.006,193.16,0.077176
30.684,0.084152,26.025,196,0.078984
28.573,0.087706,24.014,199.05,0.08133
26.385,0.091936,21.944,202.35,0.084218
24.156,0.096788,19.854,205.83,0.087589
21.922,0.10219,17.787,209.42,0.091378
19.717,0.10807,15.778,213.03,0.095522
17.57,0.11435,13.855,216.6,0.099978
15.501,0.121,12.04,220.09,0.10474
13.526,0.12802,10.343,223.46,0.10983
11.972,0.13411,9.0352,226.13,0.11434
10.485,0.14054,7.8079,228.69,0.11921
9.0644,0.14739,6.6582,231.14,0.12456
7.7053,0.15479,5.5809,233.48,0.13052
7.0401,0.15876,5.0623,234.62,0.1338
6.3876,0.16292,4.5595,235.73,0.13727
5.7463,0.16724,4.0713,236.82,0.14095
5.1137,0.17172,3.5959,237.88,0.14479
4.4867,0.17627,3.1314,238.91,0.14871
3.8627,0.18084,2.6757,239.92,0.15265
3.2378,0.18529,2.2264,240.92,0.15645
2.6072,0.18931,1.7803,241.9,0.15976
2.5191,0.18982,1.7185,242.03,0.16015
2.4308,0.19031,1.6567,242.17,0.16053
2.3423,0.19079,1.595,242.31,0.1609
2.2537,0.19125,1.5333,242.44,0.16125
2.1649,0.1917,1.4716,242.58,0.16158
2.076,0.19214,1.4099,242.71,0.1619
1.9869,0.19256,1.3482,242.84,0.1622
1.8976,0.19297,1.2865,242.98,0.16249
1.7599,0.19358,1.1916,243.19,0.16292
1.6218,0.19417,1.0967,243.4,0.1633
1.4833,0.1947,1.0018,243.6,0.16363
1.3446,0.19522,0.907,243.81,0.16394
1.2458,0.1956,0.83965,243.96,0.16418
1.1469,0.19597,0.77232,244.11,0.1644
1.0479,0.19631,0.70501,244.26,0.16459
0.94872,0.19665,0.63775,244.4,0.16478
0.87123,0.19695,0.58526,244.52,0.16496
0.79364,0.19723,0.53277,244.64,0.16512
0.71592,0.19748,0.48028,244.75,0.16525
0.63818,0.19774,0.42784,244.87,0.16539
0.59128,0.19792,0.39623,244.94,0.16551
0.54433,0.1981,0.36462,245.01,0.16561
0.49733,0.19825,0.333,245.08,0.16569
0.45032,0.19841,0.3014,245.15,0.16577
0.40336,0.19861,0.26985,245.22,0.16591
0.35633,0.19879,0.23829,245.29,0.16601
0.30921,0.1989,0.2067,245.36,0.16605
0.26212,0.19904,0.17515,245.43,0.16611
0.23506,0.19917,0.15703,245.47,0.1662
0.20798,0.19928,0.1389,245.51,0.16627
0.18087,0.19936,0.12077,245.55,0.16631
0.15376,0.19944,0.10265,245.59,0.16635
0.12666,0.19956,0.084536,245.64,0.16642
0.099553,0.19966,0.066426,245.68,0.16648
0.072432,0.19974,0.048319,245.72,0.16652
0.04531,0.19983,0.030219,245.76,0.16657
0.011603,0.19998,0.0077363,245.81,0.16667
0.022113,0.20011,0.014739,245.86,0.16674
0.055828,0.20019,0.037201,245.91,0.16677
0.089544,0.20028,0.059651,245.96,0.16681
0.12016,0.20043,0.080019,246,0.16691
0.15077,0.20056,0.10038,246.05,0.16699
0.18135,0.20063,0.12071,246.1,0.16701
0.21194,0.20071,0.14104,246.14,0.16705
0.24257,0.20085,0.16137,246.19,0.16714
0.27319,0.20097,0.18169,246.23,0.16721
0.30379,0.20106,0.20199,246.28,0.16725
0.33439,0.20116,0.22228,246.33,0.1673
0.37037,0.2013,0.24611,246.38,0.16738
0.40634,0.20143,0.26993,246.43,0.16746
0.4423,0.20155,0.29372,246.49,0.16752
0.47825,0.20167,0.3175,246.54,0.16759
0.52922,0.20186,0.35117,246.62,0.16769
0.58017,0.20204,0.38481,246.69,0.16779
0.63111,0.20221,0.41841,246.77,0.16789
0.68203,0.20239,0.45197,246.85,0.16799
0.76314,0.20268,0.50536,246.97,0.16814
0.84421,0.20296,0.55864,247.09,0.1683
0.9252,0.20325,0.61179,247.21,0.16846
1.0061,0.20353,0.66483,247.33,0.16861
1.1478,0.20403,0.75747,247.54,0.16888
1.2891,0.20452,0.84967,247.75,0.16915
1.43,0.20502,0.94138,247.96,0.16942
1.5705,0.20551,1.0326,248.17,0.16968
1.8499,0.20649,1.2132,248.59,0.17021
2.1267,0.20746,1.3914,249,0.17073
2.4005,0.20841,1.5667,249.41,0.17124
2.671,0.20936,1.739,249.82,0.17174
3.2004,0.21121,2.0738,250.61,0.17271
3.7127,0.21299,2.3946,251.37,0.17364
4.2065,0.21471,2.7011,252.1,0.17452
4.681,0.21635,2.9929,252.81,0.17535
5.5409,0.21931,3.5152,254.08,0.17683
6.3297,0.222,3.9868,255.25,0.17814
7.0509,0.22443,4.4119,256.31,0.1793
7.7091,0.22663,4.7949,257.27,0.18031
8.511,0.22926,5.255,258.44,0.18149
9.2194,0.23153,5.6557,259.46,0.18246
9.8446,0.23349,6.005,260.35,0.18325
10.394,0.23516,6.3084,261.13,0.18389
10.985,0.23689,6.6318,261.96,0.1845
11.463,0.23822,6.8908,262.62,0.1849
11.827,0.23914,7.0872,263.12,0.18511
12.082,0.23969,7.2239,263.46,0.18515
12.229,0.2399,7.3033,263.67,0.18505
12.296,0.23987,7.3401,263.77,0.18486
12.302,0.23965,7.3447,263.79,0.18461
12.27,0.23934,7.3288,263.76,0.18433
12.222,0.239,7.3041,263.7,0.18407
12.169,0.23868,7.2767,263.64,0.18384
12.115,0.23838,7.2487,263.58,0.18362
12.056,0.23808,7.2182,263.5,0.18343
11.991,0.23779,7.1841,263.42,0.18325
11.909,0.23746,7.1405,263.32,0.18307
11.808,0.23709,7.0871,263.19,0.18288
11.699,0.23671,7.0287,263.04,0.1827
11.604,0.23639,6.9782,262.92,0.18256
11.553,0.23623,6.9507,262.85,0.1825
11.588,0.23636,6.9691,262.89,0.18256
11.759,0.23693,7.0608,263.12,0.18281
12.129,0.23812,7.2577,263.61,0.1833
12.752,0.24009,7.5869,264.41,0.18408
13.676,0.24293,8.0675,265.53,0.18516
14.932,0.24671,8.7068,266.87,0.18649
16.382,0.25092,9.4256,268.02,0.18786
18.112,0.25576,10.257,268.45,0.18927
20.097,0.26103,11.178,266.64,0.19058
22.295,0.26648,12.159,259.21,0.19162
24.824,0.27218,13.24,237.62,0.19225
27.456,0.27737,14.319,193.32,0.1922
30.108,0.28169,15.366,132.87,0.19132
32.702,0.28485,16.359,82.295,0.18953
35.12,0.28663,17.268,54.725,0.18686
37.356,0.28698,18.106,42.678,0.18329
39.37,0.2859,18.871,38.036,0.17889
41.138,0.28345,19.566,36.427,0.17377
43.568,0.27645,20.607,36.003,0.16367
45.29,0.26658,21.489,36.355,0.15239
46.372,0.25467,22.236,36.83,0.1405
46.89,0.24145,22.861,37.282,0.12849
46.938,0.22849,23.339,37.65,0.1175
46.627,0.21542,23.714,37.955,0.10701
46.027,0.20258,23.989,38.196,0.097197
45.214,0.19025,24.172,38.377,0.088162
44.356,0.17967,24.269,38.497,0.080687
43.432,0.16971,24.314,38.581,0.073874
42.474,0.16042,24.315,38.636,0.067699
41.5,0.15177,24.276,38.664,0.062121
40.518,0.14376,24.199,38.667,0.057096
39.524,0.13635,24.078,38.644,0.052582
38.519,0.1295,23.914,38.593,0.048536
37.51,0.1232,23.709,38.518,0.04492
36.623,0.11806,23.498,38.434,0.042048
35.756,0.1133,23.269,38.338,0.039454
34.921,0.10891,23.03,38.235,0.037112
34.128,0.10487,22.789,38.13,0.034996
33.394,0.1012,22.556,38.028,0.033114
32.7,0.097813,22.325,37.926,0.031405
32.038,0.094673,22.095,37.823,0.029852
31.399,0.091759,21.86,37.717,0.028437
30.826,0.089262,21.638,37.616,0.027249
30.27,0.086931,21.413,37.513,0.026159
29.743,0.084764,21.194,37.412,0.025161
29.266,0.08276,20.996,37.322,0.024244
28.907,0.081112,20.854,37.26,0.023488
28.637,0.079595,20.764,37.223,0.022781
28.48,0.078206,20.745,37.222,0.022113
28.459,0.076933,20.815,37.266,0.021472
28.588,0.075785,20.985,37.36,0.02086
28.874,0.074703,21.265,37.511,0.020249
29.317,0.073654,21.657,37.721,0.019628
29.908,0.072597,22.161,37.989,0.018985
30.669,0.071426,22.802,38.331,0.018273
31.542,0.070152,23.54,38.723,0.017519
32.489,0.068735,24.352,39.155,0.01672
33.471,0.067151,25.214,39.612,0.015879
34.444,0.065396,26.097,40.079,0.015005
35.38,0.063468,26.982,40.547,0.014103
36.253,0.061385,27.85,41.004,0.013186
37.045,0.059172,28.685,41.444,0.012265
37.941,0.056149,29.706,41.98,0.011082
38.683,0.053027,30.645,42.472,0.0099369
39.279,0.049871,31.498,42.918,0.0088497
39.741,0.046737,32.262,43.317,0.0078342
40.065,0.043849,32.902,43.651,0.0069524
40.288,0.041052,33.462,43.943,0.006146
40.415,0.038368,33.939,44.192,0.0054162
40.45,0.035815,34.332,44.397,0.0047618
40.393,0.033217,34.662,44.57,0.0041356
40.249,0.030798,34.896,44.694,0.0035889
40.032,0.02856,35.046,44.775,0.0031148
39.761,0.026502,35.122,44.818,0.0027059
39.45,0.024616,35.138,44.83,0.0023542
39.109,0.022895,35.102,44.816,0.0020528
38.743,0.021328,35.018,44.777,0.0017951
38.349,0.019906,34.886,44.714,0.0015749
37.882,0.0185,34.682,44.614,0.0013706
37.375,0.017242,34.415,44.483,0.0011993
36.832,0.016122,34.09,44.322,0.0010559
36.267,0.015129,33.722,44.139,0.00093603
35.683,0.014231,33.317,43.938,0.00083369
35.111,0.013441,32.905,43.733,0.00074841
34.561,0.012748,32.494,43.528,0.00067719
34.03,0.012141,32.086,43.325,0.00061761
33.593,0.011692,31.741,43.153,0.00057536
33.157,0.011292,31.388,42.976,0.00053901
32.72,0.010936,31.027,42.796,0.0005078
32.295,0.010623,30.67,42.618,0.0004811
31.973,0.010396,30.396,42.481,0.0004623
31.691,0.010193,30.157,42.361,0.00044572
31.471,0.010012,29.974,42.27,0.000431
31.336,0.0098481,29.869,42.218,0.00041772
31.31,0.0096985,29.865,42.216,0.00040543
31.409,0.0095577,29.979,42.274,0.00039365
31.647,0.0094204,30.226,42.398,0.00038192
32.025,0.0092802,30.608,42.59,0.00036979
32.603,0.0091142,31.184,42.88,0.00035544
33.326,0.0089297,31.904,43.242,0.00033979
34.164,0.0087211,32.738,43.661,0.00032268
35.079,0.0084853,33.653,44.121,0.00030416
35.971,0.0082389,34.549,44.571,0.00028571
36.865,0.0079696,35.454,45.025,0.00026649
37.737,0.0076805,36.342,45.471,0.00024686
38.566,0.0073755,37.195,45.899,0.00022718
39.508,0.0069863,38.175,46.391,0.00020347
40.357,0.0065892,39.071,46.84,0.00018078
41.112,0.006192,39.878,47.245,0.00015955
41.774,0.0058016,40.596,47.605,0.00014004
42.326,0.0054368,41.206,47.911,0.000123
42.794,0.0050873,41.733,48.175,0.00010773
43.175,0.0047563,42.172,48.395,9.4222e-05
43.469,0.0044461,42.523,48.571,8.2388e-05
43.688,0.0041341,42.803,48.712,7.1296e-05
43.809,0.0038496,42.982,48.801,6.1884e-05
43.843,0.0035929,43.069,48.846,5.3965e-05
43.803,0.0033635,43.079,48.85,4.7346e-05
43.703,0.0031594,43.024,48.823,4.1821e-05
43.553,0.0029799,42.913,48.768,3.7247e-05
43.355,0.0028233,42.751,48.687,3.3474e-05
43.109,0.0026881,42.537,48.58,3.0379e-05
42.785,0.0025642,42.243,48.433,2.768e-05
42.397,0.0024619,41.882,48.253,2.5551e-05
41.954,0.0023798,41.46,48.042,2.391e-05
41.467,0.0023164,40.993,47.808,2.2689e-05
40.904,0.0022663,40.446,47.535,2.1758e-05
40.337,0.0022352,39.891,47.257,2.1202e-05
39.779,0.0022208,39.342,46.982,2.0967e-05
39.224,0.0022212,38.794,46.708,2.1013e-05
38.701,0.0022336,38.274,46.448,2.1285e-05
38.167,0.002257,37.742,46.182,2.1774e-05
37.639,0.0022908,37.213,45.917,2.2474e-05
37.159,0.0023339,36.731,45.676,2.3368e-05
36.886,0.0023687,36.454,45.537,2.4095e-05
36.696,0.0024059,36.26,45.44,2.4875e-05
36.617,0.0024439,36.175,45.398,2.5672e-05
36.67,0.0024807,36.221,45.42,2.6439e-05
36.858,0.0025122,36.401,45.51,2.7091e-05
37.185,0.0025382,36.719,45.67,2.7611e-05
37.648,0.0025563,37.173,45.897,2.7953e-05
38.233,0.0025648,37.749,46.185,2.8074e-05
38.995,0.0025611,38.502,46.562,2.7918e-05
39.845,0.0025429,39.345,46.984,2.7447e-05
40.747,0.0025101,40.242,47.432,2.6673e-05
41.664,0.0024635,41.157,47.89,2.5632e-05
42.523,0.0024076,42.018,48.321,2.4434e-05
43.347,0.0023424,42.845,48.735,2.3092e-05
44.119,0.00227,43.624,49.124,2.1657e-05
44.833,0.0021924,44.347,49.486,2.018e-05
45.676,0.0020859,45.205,49.915,1.8249e-05
46.415,0.0019777,45.96,50.293,1.6392e-05
47.05,0.0018707,46.614,50.62,1.466e-05
47.58,0.0017676,47.163,50.895,1.3084e-05
48.112,0.0016414,47.72,51.174,1.128e-05
48.45,0.0015282,48.083,51.355,9.7791e-06
48.603,0.0014301,48.257,51.443,8.5662e-06
48.593,0.001348,48.268,51.448,7.6134e-06
48.493,0.0012936,48.181,51.405,7.0148e-06
48.327,0.0012489,48.027,51.327,6.5403e-06
48.101,0.001213,47.811,51.22,6.1733e-06
47.817,0.0011856,47.535,51.081,5.9004e-06
47.467,0.0011661,47.192,50.91,5.7112e-06
47.051,0.0011543,46.781,50.704,5.5997e-06
46.572,0.0011499,46.306,50.467,5.5616e-06
46.045,0.0011527,45.781,50.204,5.5937e-06
45.492,0.0011624,45.229,49.928,5.6932e-06
44.931,0.0011784,44.668,49.648,5.8566e-06
44.375,0.0012002,44.11,49.369,6.0809e-06
43.823,0.0012272,43.556,49.092,6.3641e-06
43.357,0.0012538,43.087,48.857,6.6486e-06
42.882,0.0012837,42.609,48.618,6.9762e-06
42.4,0.001317,42.123,48.375,7.3497e-06
41.919,0.0013535,41.637,48.132,7.7711e-06
41.526,0.001387,41.24,47.933,8.1675e-06
41.168,0.0014225,40.877,47.752,8.5976e-06
40.868,0.0014594,40.572,47.599,9.056e-06
40.654,0.001497,40.352,47.489,9.5326e-06
40.551,0.0015341,40.242,47.434,1.0012e-05
40.58,0.0015692,40.265,47.445,1.0473e-05
40.757,0.0016007,40.433,47.529,1.0891e-05
41.084,0.0016269,40.753,47.689,1.1239e-05
41.616,0.0016478,41.276,47.951,1.1511e-05
42.302,0.0016583,41.954,48.29,1.1638e-05
43.108,0.0016575,42.754,48.69,1.1604e-05
43.993,0.0016449,43.634,49.13,1.1408e-05
44.84,0.0016234,44.479,49.553,1.1094e-05
45.686,0.0015933,45.325,49.976,1.0671e-05
46.507,0.001556,46.148,50.387,1.0165e-05
47.283,0.0015128,46.928,50.778,9.599e-06
48.241,0.0014482,47.894,51.261,8.7875e-06
49.09,0.0013794,48.754,51.691,7.9665e-06
49.828,0.0013094,49.504,52.066,7.1744e-06
50.456,0.0012406,50.145,52.387,6.4381e-06
50.94,0.0011796,50.641,52.635,5.8198e-06
51.325,0.0011225,51.039,52.834,5.2688e-06
51.608,0.0010699,51.334,52.981,4.7871e-06
51.789,0.0010227,51.526,53.077,4.3738e-06
51.873,0.00097887,51.62,53.125,4.0076e-06
51.86,0.00094157,51.617,53.123,3.7088e-06
51.764,0.00091071,51.53,53.079,3.4704e-06
51.601,0.00088603,51.373,53.001,3.2857e-06
51.393,0.00086792,51.171,52.9,3.1537e-06
51.134,0.00085471,50.917,52.773,3.0594e-06
50.823,0.00084615,50.609,52.619,2.9994e-06
50.456,0.00084204,50.245,52.437,2.9715e-06
50.041,0.00084224,49.831,52.23,2.9743e-06
49.575,0.00084658,49.366,51.997,3.0065e-06
49.069,0.00085499,48.86,51.745,3.0683e-06
48.539,0.00086733,48.329,51.479,3.1594e-06
47.993,0.00088358,47.782,51.205,3.2809e-06
47.449,0.00090331,47.236,50.932,3.4314e-06
46.911,0.00092624,46.694,50.661,3.6103e-06
46.374,0.00095214,46.154,50.391,3.8177e-06
45.796,0.00098282,45.572,50.1,4.071e-06
45.206,0.0010168,44.977,49.803,4.3609e-06
44.615,0.001054,44.381,49.504,4.6904e-06
44.052,0.0010943,43.812,49.22,5.0604e-06
43.687,0.0011253,43.443,49.035,5.3548e-06
43.389,0.0011572,43.139,48.883,5.6651e-06
43.184,0.0011891,42.929,48.778,5.9838e-06
43.095,0.0012201,42.834,48.731,6.3003e-06
43.141,0.0012486,42.874,48.75,6.5968e-06
43.331,0.0012737,43.057,48.842,6.8611e-06
43.666,0.0012941,43.385,49.006,7.077e-06
44.137,0.0013087,43.85,49.238,7.2293e-06
44.831,0.0013169,44.538,49.583,7.3105e-06
45.647,0.0013152,45.349,49.988,7.2809e-06
46.538,0.0013035,46.237,50.432,7.1416e-06
47.46,0.0012824,47.158,50.893,6.9032e-06
48.283,0.0012563,47.981,51.305,6.6189e-06
49.074,0.0012249,48.775,51.702,6.2863e-06
49.817,0.0011893,49.522,52.075,5.9222e-06
50.503,0.0011509,50.214,52.421,5.5425e-06
51.344,0.0010958,51.064,52.846,5.0218e-06
52.072,0.0010402,51.802,53.216,4.523e-06
52.687,0.00098592,52.429,53.529,4.0625e-06
53.189,0.00093467,52.941,53.785,3.6506e-06
53.606,0.00088275,53.371,54,3.256e-06
53.871,0.00083692,53.647,54.138,2.9268e-06
53.986,0.00079785,53.772,54.201,2.6602e-06
53.967,0.00076583,53.761,54.195,2.4514e-06
53.836,0.00074081,53.637,54.133,2.2943e-06
53.617,0.00072234,53.424,54.027,2.1819e-06
53.322,0.00070993,53.134,53.881,2.1081e-06
52.953,0.00070314,52.768,53.699,2.0687e-06
52.543,0.00070156,52.36,53.495,2.0601e-06
52.062,0.00070434,51.879,53.254,2.0773e-06
51.513,0.00071146,51.33,52.98,2.1205e-06
50.912,0.00072285,50.729,52.679,2.1901e-06
50.283,0.00073837,50.098,52.363,2.2864e-06
49.645,0.00075773,49.458,52.043,2.4094e-06
49.013,0.00078059,48.822,51.726,2.5586e-06
48.386,0.00080665,48.191,51.41,2.7341e-06
47.828,0.00083222,47.63,51.129,2.912e-06
47.26,0.00086015,47.058,50.843,3.1128e-06
46.685,0.00089047,46.478,50.553,3.3385e-06
46.118,0.00092315,45.906,50.267,3.5907e-06
45.698,0.00095031,45.482,50.055,3.8073e-06
45.324,0.00097853,45.104,49.866,4.0389e-06
45.022,0.0010073,44.796,49.712,4.282e-06
44.815,0.001036,44.584,49.606,4.5303e-06
44.73,0.0010636,44.494,49.561,4.7753e-06
44.784,0.0010891,44.542,49.585,5.0053e-06
44.987,0.0011111,44.738,49.683,5.2076e-06
45.338,0.0011286,45.084,49.856,5.3693e-06
45.845,0.0011408,45.585,50.106,5.4807e-06
46.477,0.0011462,46.212,50.42,5.5266e-06
47.204,0.0011444,46.935,50.782,5.5029e-06
47.993,0.0011353,47.722,51.175,5.4105e-06
48.809,0.0011195,48.538,51.583,5.2558e-06
49.623,0.0010978,49.352,51.99,5.0495e-06
50.409,0.0010712,50.14,52.384,4.804e-06
51.15,0.0010408,50.885,52.757,4.5327e-06
52.103,0.00099374,51.846,53.237,4.1292e-06
52.937,0.00094441,52.688,53.659,3.7276e-06
53.65,0.00089512,53.411,54.02,3.3476e-06
54.243,0.0008478,54.014,54.322,3.0024e-06
54.681,0.00080731,54.462,54.545,2.7222e-06
55.011,0.00077032,54.8,54.715,2.4784e-06
55.23,0.00073735,55.027,54.828,2.2708e-06
55.339,0.00070875,55.144,54.887,2.0982e-06
55.342,0.00068311,55.154,54.892,1.9494e-06
55.245,0.00066269,55.062,54.846,1.8348e-06
55.066,0.00064725,54.888,54.759,1.7507e-06
54.818,0.00063649,54.644,54.637,1.6933e-06
54.528,0.0006303,54.356,54.493,1.6609e-06
54.179,0.0006277,54.01,54.32,1.6477e-06
53.768,0.00062857,53.6,54.115,1.6527e-06
53.294,0.00063285,53.125,53.877,1.6759e-06
52.788,0.00064004,52.62,53.625,1.7148e-06
52.241,0.00065026,52.072,53.351,1.7707e-06
51.667,0.00066343,51.497,53.063,1.844e-06
51.083,0.00067941,50.91,52.769,1.9348e-06
50.531,0.00069693,50.355,52.492,2.0369e-06
49.983,0.00071659,49.805,52.217,2.1544e-06
49.438,0.00073823,49.256,51.943,2.2877e-06
48.89,0.00076179,48.705,51.667,2.4374e-06
48.354,0.00078628,48.164,51.397,2.5981e-06
47.811,0.00081262,47.618,51.123,2.7768e-06
47.274,0.0008408,47.076,50.853,2.9745e-06
46.768,0.00087065,46.565,50.597,3.1914e-06
46.366,0.00089857,46.159,50.394,3.4011e-06
46.048,0.00092697,45.836,50.232,3.6209e-06
45.844,0.00095505,45.626,50.127,3.8444e-06
45.778,0.00098176,45.555,50.091,4.0624e-06
45.862,0.0010046,45.633,50.131,4.2522e-06
46.095,0.0010239,45.86,50.244,4.4155e-06
46.473,0.0010388,46.233,50.43,4.5414e-06
46.983,0.0010483,46.738,50.683,4.621e-06
47.683,0.0010517,47.433,51.031,4.6469e-06
48.481,0.0010475,48.228,51.428,4.6043e-06
49.335,0.0010356,49.081,51.855,4.4966e-06
50.207,0.001017,49.953,52.291,4.3322e-06
51.013,0.00099412,50.76,52.695,4.1365e-06
51.78,0.00096724,51.531,53.08,3.9135e-06
52.495,0.00093749,52.25,53.439,3.6747e-06
53.149,0.00090595,52.909,53.769,3.4303e-06
53.886,0.00086513,53.654,54.142,3.127e-06
54.525,0.0008246,54.301,54.465,2.8401e-06
55.067,0.00078554,54.852,54.741,2.5769e-06
55.51,0.00074892,55.303,54.966,2.342e-06
55.872,0.00071287,55.674,55.152,2.1219e-06
56.108,0.00068106,55.918,55.273,1.9368e-06
56.218,0.00065385,56.035,55.332,1.7853e-06
56.212,0.00063144,56.035,55.332,1.6652e-06
56.106,0.00061381,55.935,55.282,1.5737e-06
55.92,0.00060071,55.752,55.191,1.5075e-06
55.666,0.00059183,55.502,55.066,1.4636e-06
55.351,0.00058688,55.189,54.909,1.4395e-06
54.857,0.00058577,54.697,54.663,1.4345e-06
54.247,0.00059041,54.087,54.358,1.4579e-06
53.526,0.00060077,53.365,53.997,1.5102e-06
52.722,0.00061673,52.56,53.595,1.5924e-06
52.162,0.00063043,51.998,53.313,1.6647e-06
51.598,0.0006464,51.431,53.03,1.7508e-06
51.038,0.00066446,50.869,52.749,1.8509e-06
50.483,0.00068446,50.31,52.47,1.9648e-06
49.927,0.00070625,49.752,52.19,2.0929e-06
49.365,0.00072984,49.186,51.907,2.2363e-06
48.794,0.00075527,48.611,51.62,2.3962e-06
48.223,0.00078256,48.035,51.332,2.5741e-06
47.711,0.00080935,47.518,51.074,2.7548e-06
47.243,0.00083745,47.046,50.837,2.951e-06
46.853,0.00086637,46.651,50.64,3.1598e-06
46.578,0.0008953,46.37,50.499,3.3753e-06
46.458,0.00092079,46.245,50.437,3.5705e-06
46.484,0.00094426,46.266,50.447,3.7543e-06
46.668,0.00096459,46.444,50.536,3.9162e-06
47.01,0.00098064,46.781,50.705,4.0452e-06
47.503,0.00099143,47.269,50.949,4.1315e-06
48.122,0.00099614,47.883,51.256,4.1672e-06
48.837,0.00099443,48.595,51.612,4.1491e-06
49.615,0.00098635,49.372,52,4.0783e-06
50.421,0.00097233,50.177,52.403,3.9599e-06
51.224,0.00095314,50.981,52.805,3.8025e-06
51.999,0.00092973,51.759,53.194,3.6158e-06
52.729,0.00090314,52.492,53.561,3.4102e-06
53.674,0.0008618,53.444,54.037,3.1035e-06
54.497,0.00081878,54.275,54.452,2.8003e-06
55.197,0.00077611,54.984,54.807,2.5154e-06
55.775,0.00073551,55.57,55.1,2.2587e-06
56.195,0.00070113,55.999,55.314,2.0524e-06
56.505,0.00067005,56.317,55.473,1.8744e-06
56.701,0.00064268,56.52,55.575,1.7244e-06
56.785,0.00061932,56.61,55.62,1.6015e-06
56.759,0.00059866,56.59,55.61,1.4966e-06
56.631,0.00058276,56.467,55.548,1.4183e-06
56.421,0.00057136,56.26,55.445,1.3636e-06
56.14,0.00056416,55.982,55.306,1.3297e-06
55.815,0.00056089,55.659,55.144,1.3146e-06
55.427,0.00056087,55.272,54.951,1.3148e-06
54.973,0.00056403,54.818,54.724,1.33e-06
54.451,0.00057032,54.296,54.463,1.3603e-06
53.903,0.00057914,53.747,54.188,1.4032e-06
53.316,0.00059074,53.159,53.894,1.4605e-06
52.709,0.00060504,52.55,53.59,1.5327e-06
52.095,0.00062187,51.934,53.282,1.6199e-06
51.529,0.00063961,51.365,52.997,1.7144e-06
50.967,0.0006592,50.799,52.714,1.8218e-06
50.404,0.00068054,50.233,52.431,1.9426e-06
49.836,0.0007036,49.662,52.145,2.0775e-06
49.302,0.0007265,49.124,51.876,2.2161e-06
48.766,0.00075096,48.584,51.606,2.3691e-06
48.243,0.00077694,48.056,51.343,2.5372e-06
47.759,0.00080423,47.567,51.098,2.72e-06
47.356,0.00083168,47.16,50.894,2.9102e-06
47.058,0.00085928,46.857,50.743,3.1075e-06
46.899,0.00088605,46.692,50.66,3.3045e-06
46.905,0.00091078,46.692,50.66,3.491e-06
47.067,0.00093035,46.85,50.739,3.6415e-06
47.382,0.00094601,47.159,50.894,3.7631e-06
47.838,0.00095688,47.61,51.119,3.8474e-06
48.418,0.00096227,48.186,51.407,3.8877e-06
49.164,0.00096141,48.929,51.779,3.8772e-06
49.985,0.00095353,49.748,52.188,3.8104e-06
50.84,0.00093912,50.602,52.615,3.6931e-06
51.691,0.00091904,51.455,53.042,3.5343e-06
52.491,0.00089505,52.257,53.443,3.3502e-06
53.24,0.00086791,53.01,53.82,3.1486e-06
53.929,0.00083874,53.703,54.166,2.9394e-06
54.551,0.00080857,54.331,54.48,2.7309e-06
55.184,0.00077387,54.971,54.8,2.5009e-06
55.732,0.00074002,55.527,55.078,2.2865e-06
56.195,0.0007078,55.997,55.313,2.0915e-06
56.57,0.00067783,56.379,55.504,1.918e-06
56.896,0.00064579,56.713,55.671,1.7409e-06
57.088,0.00061804,56.912,55.771,1.5946e-06
57.149,0.00059488,56.98,55.805,1.4774e-06
57.093,0.0005764,56.929,55.779,1.3872e-06
56.94,0.00056251,56.78,55.705,1.3213e-06
56.708,0.00055288,56.551,55.59,1.2767e-06
56.408,0.00054721,56.254,55.442,1.2509e-06
56.044,0.0005452,55.891,55.261,1.242e-06
55.622,0.00054654,55.47,55.05,1.2484e-06
55.127,0.0005511,54.976,54.803,1.2697e-06
54.563,0.00055887,54.411,54.52,1.3062e-06
53.942,0.00056986,53.789,54.209,1.3586e-06
53.285,0.00058402,53.13,53.88,1.4276e-06
52.614,0.00060116,52.456,53.543,1.5133e-06
51.946,0.00062105,51.785,53.207,1.6159e-06
51.284,0.00064344,51.12,52.874,1.7354e-06
50.755,0.00066305,50.587,52.608,1.8435e-06
50.22,0.00068414,50.049,52.339,1.9635e-06
49.677,0.00070673,49.502,52.065,2.0964e-06
49.131,0.00073085,48.952,51.79,2.2431e-06
48.609,0.00075577,48.426,51.527,2.3999e-06
48.121,0.00078198,47.934,51.281,2.5706e-06
47.698,0.00080912,47.506,51.067,2.7533e-06
47.375,0.00083652,47.178,50.903,2.944e-06
47.195,0.00086184,46.992,50.81,3.1253e-06
47.162,0.00088551,46.954,50.791,3.2992e-06
47.291,0.00090641,47.078,50.853,3.4557e-06
47.588,0.00092337,47.369,50.999,3.5844e-06
48.092,0.00093608,47.868,51.248,3.681e-06
48.758,0.00094177,48.53,51.579,3.7226e-06
49.545,0.00093996,49.314,51.971,3.7048e-06
50.409,0.0009307,50.175,52.402,3.6289e-06
51.214,0.00091643,50.981,52.805,3.5159e-06
52.012,0.00089739,51.78,53.204,3.3691e-06
52.779,0.00087452,52.549,53.589,3.1978e-06
53.498,0.00084883,53.271,53.95,3.0113e-06
54.502,0.00080565,54.284,54.456,2.7113e-06
55.36,0.00076124,55.15,54.89,2.4198e-06
56.072,0.00071791,55.871,55.25,2.1517e-06
56.635,0.00067763,56.444,55.537,1.9168e-06
57.019,0.00064431,56.836,55.733,1.7329e-06
57.265,0.00061519,57.089,55.859,1.5798e-06
57.373,0.00059063,57.204,55.917,1.4562e-06
57.353,0.00057082,57.19,55.91,1.3603e-06
57.239,0.00055683,57.081,55.855,1.2946e-06
57.052,0.00054658,56.896,55.763,1.2476e-06
56.802,0.00053982,56.649,55.639,1.2172e-06
56.495,0.00053631,56.344,55.487,1.2016e-06
56.131,0.00053581,55.981,55.305,1.1996e-06
55.702,0.00053823,55.553,55.091,1.2107e-06
55.207,0.00054353,55.058,54.844,1.2351e-06
54.651,0.00055173,54.5,54.565,1.273e-06
54.014,0.00056345,53.862,54.246,1.3282e-06
53.346,0.00057826,53.192,53.911,1.3995e-06
52.669,0.000596,52.513,53.571,1.4874e-06
51.996,0.00061641,51.836,53.233,1.5918e-06
51.486,0.00063364,51.324,52.977,1.6826e-06
50.977,0.00065222,50.811,52.72,1.7835e-06
50.463,0.00067212,50.294,52.461,1.8948e-06
49.941,0.00069337,49.769,52.199,2.0174e-06
49.418,0.0007159,49.242,51.935,2.1517e-06
48.901,0.00073981,48.721,51.675,2.299e-06
48.411,0.000765,48.227,51.428,2.4594e-06
47.976,0.00079114,47.787,51.208,2.6316e-06
47.638,0.00081682,47.445,51.037,2.8061e-06
47.415,0.00084217,47.216,50.922,2.9836e-06
47.332,0.00086623,47.128,50.878,3.1566e-06
47.408,0.00088791,47.199,50.914,3.3158e-06
47.643,0.00090553,47.428,51.028,3.4473e-06
48.032,0.00091875,47.812,51.22,3.5466e-06
48.559,0.00092676,48.335,51.482,3.6061e-06
49.201,0.00092903,48.974,51.801,3.6209e-06
50.014,0.00092454,49.784,52.207,3.5827e-06
50.884,0.000913,50.653,52.641,3.4908e-06
51.767,0.00089517,51.537,53.083,3.3532e-06
52.627,0.00087217,52.398,53.514,3.1811e-06
53.429,0.00084561,53.204,53.916,2.9888e-06
54.166,0.00081659,53.946,54.287,2.786e-06
54.832,0.00078625,54.617,54.623,2.582e-06
55.425,0.00075563,55.216,54.923,2.3843e-06
55.978,0.00072368,55.776,55.203,2.1865e-06
56.451,0.00069308,56.256,55.443,2.0053e-06
56.841,0.00066439,56.653,55.641,1.8426e-06
57.146,0.00063807,56.965,55.797,1.6994e-06
57.393,0.00061024,57.219,55.924,1.5544e-06
57.513,0.00058656,57.345,55.987,1.4362e-06
57.513,0.00056717,57.351,55.99,1.3429e-06
57.409,0.00055207,57.251,55.94,1.2725e-06
57.217,0.00054092,57.062,55.846,1.2218e-06
56.952,0.00053372,56.801,55.715,1.1897e-06
56.623,0.00053017,56.473,55.551,1.1742e-06
56.227,0.00053003,56.079,55.354,1.1738e-06
55.742,0.00053329,55.593,55.111,1.1886e-06
55.176,0.00054003,55.027,54.828,1.2192e-06
54.538,0.00055027,54.388,54.509,1.2664e-06
53.849,0.00056397,53.697,54.163,1.3308e-06
53.142,0.00058087,52.988,53.809,1.4124e-06
52.433,0.00060079,52.276,53.453,1.5116e-06
51.732,0.00062344,51.571,53.1,1.6286e-06
51.033,0.00064862,50.868,52.749,1.7638e-06
50.372,0.00067433,50.203,52.416,1.9074e-06
49.7,0.0007023,49.526,52.077,2.0702e-06
49.032,0.00073255,48.853,51.741,2.2538e-06
48.407,0.00076483,48.223,51.426,2.4583e-06
48.003,0.00079004,47.814,51.222,2.6242e-06
47.69,0.0008155,47.496,51.062,2.7969e-06
47.496,0.00084044,47.297,50.963,2.971e-06
47.448,0.00086386,47.244,50.936,3.1388e-06
47.552,0.00088365,47.343,50.986,3.2835e-06
47.808,0.00090003,47.593,51.111,3.4049e-06
48.209,0.00091212,47.99,51.309,3.4949e-06
48.739,0.00091918,48.516,51.573,3.5467e-06
49.445,0.00092057,49.219,51.924,3.5543e-06
50.24,0.00091519,50.011,52.32,3.5099e-06
51.081,0.00090338,50.851,52.74,3.4171e-06
51.931,0.00088585,51.702,53.166,3.2834e-06
52.727,0.00086455,52.5,53.565,3.1256e-06
53.479,0.00083999,53.256,53.942,2.9491e-06
54.176,0.0008132,53.956,54.293,2.763e-06
54.809,0.00078517,54.595,54.612,2.575e-06
55.491,0.00075087,55.283,54.956,2.3543e-06
56.08,0.00071719,55.88,55.255,2.1474e-06
56.579,0.00068501,56.386,55.508,1.9588e-06
56.985,0.00065505,56.799,55.714,1.791e-06
57.313,0.00062586,57.134,55.882,1.6349e-06
57.522,0.00060024,57.35,55.99,1.5038e-06
57.615,0.00057845,57.449,56.039,1.3967e-06
57.599,0.00056062,57.438,56.034,1.3121e-06
57.49,0.00054674,57.333,55.981,1.2481e-06
57.303,0.00053659,57.15,55.89,1.2023e-06
57.053,0.00052993,56.902,55.766,1.1729e-06
56.745,0.0005265,56.596,55.613,1.1579e-06
56.294,0.00052634,56.146,55.388,1.1575e-06
55.745,0.00053043,55.597,55.113,1.1759e-06
55.098,0.00053879,54.95,54.79,1.2137e-06
54.37,0.00055137,54.22,54.425,1.2716e-06
53.556,0.00056896,53.404,54.017,1.3547e-06
52.729,0.00059076,52.573,53.601,1.4613e-06
51.909,0.00061634,51.75,53.19,1.5915e-06
51.095,0.00064537,50.931,52.78,1.7461e-06
50.351,0.00067429,50.182,52.405,1.9073e-06
49.594,0.00070607,49.42,52.024,2.0927e-06
48.854,0.00074069,48.674,51.651,2.3046e-06
48.197,0.00077757,48.01,51.32,2.5414e-06
47.843,0.00080349,47.652,51.14,2.7147e-06
47.607,0.00082912,47.411,51.02,2.8912e-06
47.517,0.00085345,47.316,50.972,3.0635e-06
47.594,0.00087533,47.386,51.007,3.2219e-06
47.829,0.00089267,47.616,51.122,3.3494e-06
48.217,0.00090565,48,51.314,3.4455e-06
48.745,0.00091348,48.523,51.576,3.5028e-06
49.386,0.00091564,49.161,51.895,3.5167e-06
50.198,0.00091113,49.97,52.299,3.479e-06
51.066,0.00089968,50.837,52.733,3.3893e-06
51.946,0.00088206,51.718,53.173,3.2554e-06
52.803,0.00085937,52.577,53.603,3.0882e-06
53.603,0.00083314,53.381,54.005,2.901e-06
54.34,0.00080449,54.122,54.376,2.7039e-06
55.004,0.00077458,54.792,54.711,2.5058e-06
55.596,0.00074441,55.39,55.01,2.3139e-06
56.147,0.00071298,55.947,55.288,2.1223e-06
56.617,0.00068292,56.425,55.527,1.9468e-06
57.006,0.00065475,56.82,55.725,1.7894e-06
57.308,0.00062893,57.129,55.879,1.651e-06
57.552,0.00060171,57.379,56.004,1.5112e-06
57.669,0.00057858,57.503,56.066,1.3973e-06
57.667,0.00055966,57.506,56.068,1.3076e-06
57.561,0.00054497,57.405,56.017,1.24e-06
57.367,0.00053416,57.214,55.922,1.1914e-06
57.101,0.00052723,56.951,55.79,1.1609e-06
56.77,0.00052389,56.622,55.626,1.1465e-06
56.374,0.0005239,56.226,55.428,1.1468e-06
55.886,0.00052727,55.739,55.185,1.1619e-06
55.319,0.00053407,55.171,54.9,1.1924e-06
54.679,0.00054432,54.531,54.58,1.2391e-06
53.988,0.000558,53.838,54.234,1.3027e-06
53.279,0.00057485,53.126,53.878,1.3831e-06
52.568,0.00059467,52.412,53.521,1.4809e-06
51.864,0.00061721,51.704,53.167,1.5961e-06
51.163,0.00064225,50.999,52.814,1.7291e-06
50.5,0.0006678,50.332,52.481,1.8705e-06
49.825,0.00069558,49.653,52.141,2.0305e-06
49.155,0.00072562,48.978,51.803,2.2111e-06
48.529,0.00075767,48.346,51.488,2.4122e-06
48.124,0.00078272,47.936,51.283,2.5754e-06
47.809,0.00080801,47.617,51.123,2.7454e-06
47.615,0.00083276,47.418,51.023,2.9166e-06
47.566,0.00085601,47.364,50.996,3.0816e-06
47.671,0.00087562,47.463,51.046,3.2236e-06
47.927,0.00089184,47.714,51.171,3.3428e-06
48.328,0.00090379,48.11,51.37,3.4309e-06
48.859,0.00091074,48.638,51.633,3.4814e-06
49.565,0.00091205,49.34,51.984,3.4885e-06
50.359,0.00090665,50.132,52.38,3.4443e-06
51.2,0.00089487,50.972,52.8,3.3528e-06
52.049,0.00087744,51.822,53.226,3.2211e-06
52.844,0.00085628,52.619,53.624,3.0659e-06
53.596,0.0008319,53.374,54.001,2.8924e-06
54.291,0.00080533,54.073,54.351,2.7096e-06
54.923,0.00077754,54.711,54.67,2.5251e-06
55.602,0.00074363,55.396,55.013,2.309e-06
56.189,0.00071035,55.99,55.31,2.1066e-06
56.686,0.00067857,56.494,55.562,1.9221e-06
57.089,0.000649,56.905,55.767,1.7581e-06
57.416,0.00062017,57.238,55.934,1.6053e-06
57.624,0.00059489,57.453,56.041,1.4771e-06
57.715,0.00057341,57.55,56.09,1.3724e-06
57.698,0.00055586,57.538,56.084,1.2898e-06
57.586,0.00054221,57.431,56.03,1.2274e-06
57.399,0.00053227,57.246,55.938,1.183e-06
57.147,0.00052578,56.998,55.814,1.1545e-06
56.838,0.00052249,56.69,55.66,1.1403e-06
56.383,0.00052246,56.237,55.433,1.1405e-06
55.831,0.00052668,55.684,55.157,1.1593e-06
55.18,0.00053514,55.033,54.831,1.1973e-06
54.447,0.00054782,54.299,54.464,1.2552e-06
53.733,0.00056305,53.582,54.106,1.3266e-06
53.006,0.00058154,52.852,53.741,1.4158e-06
52.283,0.000603,52.126,53.377,1.523e-06
51.566,0.00062718,51.405,53.017,1.6484e-06
50.954,0.00064978,50.789,52.709,1.7702e-06
50.33,0.00067426,50.161,52.395,1.9071e-06
49.7,0.00070069,49.526,52.078,2.0607e-06
49.079,0.00072901,48.901,51.765,2.232e-06
48.632,0.00075192,48.449,51.539,2.3755e-06
48.233,0.00077559,48.047,51.338,2.5284e-06
47.911,0.00079961,47.72,51.174,2.6883e-06
47.69,0.00082334,47.494,51.062,2.8508e-06
47.595,0.000846,47.395,51.012,3.01e-06
47.643,0.00086662,47.438,51.033,3.158e-06
47.843,0.00088423,47.633,51.131,3.2864e-06
48.193,0.00089787,47.978,51.303,3.3868e-06
48.701,0.00090694,48.481,51.555,3.4531e-06
49.331,0.00091025,49.108,51.868,3.4757e-06
50.054,0.00090756,49.828,52.228,3.4524e-06
50.835,0.00089901,50.607,52.618,3.385e-06
51.633,0.00088516,51.405,53.017,3.2792e-06
52.424,0.00086677,52.197,53.413,3.1424e-06
53.183,0.00084473,52.959,53.794,2.9831e-06
53.895,0.00082003,53.675,54.152,2.81e-06
54.901,0.00077809,54.688,54.659,2.5287e-06
55.759,0.00073505,55.554,55.092,2.2559e-06
56.468,0.00069315,56.273,55.451,2.0056e-06
57.027,0.00065432,56.841,55.735,1.787e-06
57.405,0.00062232,57.227,55.928,1.6164e-06
57.643,0.00059447,57.472,56.051,1.475e-06
57.742,0.00057112,57.577,56.103,1.3615e-06
57.712,0.00055246,57.553,56.091,1.2741e-06
57.584,0.00053914,57.429,56.029,1.2136e-06
57.378,0.00052966,57.227,55.928,1.1715e-06
57.108,0.00052375,56.959,55.794,1.1457e-06
56.777,0.00052115,56.629,55.629,1.1345e-06
56.383,0.00052161,56.236,55.433,1.1368e-06
55.92,0.00052508,55.773,55.201,1.1522e-06
55.386,0.00053153,55.239,54.934,1.1811e-06
54.789,0.00054099,54.641,54.635,1.2239e-06
54.078,0.00055487,53.928,54.279,1.288e-06
53.342,0.00057222,53.189,53.909,1.3705e-06
52.604,0.00059277,52.448,53.539,1.4714e-06
51.873,0.00061623,51.714,53.172,1.591e-06
51.325,0.00063567,51.162,52.896,1.6937e-06
50.77,0.00065659,50.604,52.617,1.8078e-06
50.208,0.00067904,50.038,52.334,1.9344e-06
49.642,0.00070303,49.468,52.048,2.0746e-06
49.115,0.00072712,48.937,51.783,2.2203e-06
48.621,0.00075247,48.438,51.534,2.379e-06
48.189,0.00077871,48.002,51.316,2.549e-06
47.855,0.00080525,47.663,51.146,2.7265e-06
47.662,0.00082998,47.465,51.047,2.897e-06
47.615,0.00085316,47.413,51.021,3.0609e-06
47.733,0.00087365,47.526,51.077,3.2089e-06
48.02,0.00089033,47.807,51.218,3.331e-06
48.511,0.0009028,48.293,51.461,3.4226e-06
49.162,0.00090855,48.94,51.784,3.4635e-06
49.936,0.00090714,49.71,52.17,3.4496e-06
50.787,0.00089859,50.56,52.595,3.382e-06
51.59,0.00088506,51.363,52.996,3.2786e-06
52.387,0.00086688,52.161,53.395,3.1433e-06
53.154,0.00084494,52.93,53.78,2.9847e-06
53.874,0.00082024,53.654,54.142,2.8115e-06
54.848,0.00078013,54.635,54.632,2.542e-06
55.685,0.00073881,55.48,55.055,2.2791e-06
56.385,0.00069837,56.189,55.409,2.036e-06
56.947,0.00066056,56.76,55.695,1.8213e-06
57.338,0.00062921,57.158,55.894,1.6524e-06
57.603,0.00060153,57.43,56.03,1.5102e-06
57.739,0.00057787,57.572,56.101,1.3938e-06
57.753,0.00055845,57.593,56.111,1.3018e-06
57.629,0.0005406,57.473,56.051,1.2201e-06
57.381,0.00052863,57.23,55.93,1.1669e-06
57.035,0.00052205,56.887,55.758,1.1383e-06
56.596,0.0005204,56.45,55.54,1.1314e-06
56.194,0.00052223,56.048,55.339,1.1396e-06
55.73,0.00052669,55.583,55.106,1.1594e-06
55.204,0.00053382,55.057,54.843,1.1914e-06
54.626,0.00054359,54.478,54.554,1.2358e-06
54.012,0.00055601,53.862,54.246,1.2934e-06
53.381,0.00057095,53.23,53.929,1.3644e-06
52.75,0.00058824,52.595,53.612,1.4488e-06
52.123,0.00060768,51.966,53.297,1.5469e-06
51.6,0.00062558,51.439,53.034,1.64e-06
51.074,0.00064483,50.91,52.77,1.7432e-06
50.541,0.00066544,50.374,52.501,1.8572e-06
50.002,0.00068744,49.831,52.23,1.983e-06
49.476,0.00071024,49.301,51.965,2.1177e-06
48.966,0.00073435,48.787,51.708,2.2651e-06
48.495,0.00075959,48.311,51.47,2.4246e-06
48.094,0.00078555,47.906,51.267,2.5942e-06
47.789,0.00081268,47.596,51.112,2.7772e-06
47.636,0.00083879,47.437,51.033,2.9588e-06
47.663,0.00086259,47.459,51.044,3.1287e-06
47.884,0.00088267,47.674,51.151,3.2747e-06
48.27,0.00089688,48.055,51.342,3.379e-06
48.811,0.00090553,48.591,51.61,3.442e-06
49.479,0.000908,49.255,51.942,3.458e-06
50.239,0.00090409,50.013,52.321,3.4254e-06
51.043,0.00089414,50.816,52.722,3.3478e-06
51.862,0.0008788,51.635,53.132,3.2316e-06
52.666,0.0008589,52.441,53.535,3.0851e-06
53.432,0.00083545,53.21,53.92,2.9175e-06
54.277,0.00080428,54.06,54.345,2.7026e-06
55.035,0.00077124,54.823,54.726,2.4842e-06
55.701,0.00073774,55.496,55.063,2.2725e-06
56.276,0.00070495,56.079,55.354,2.0746e-06
56.751,0.00067456,56.561,55.595,1.8994e-06
57.139,0.00064623,56.955,55.792,1.7431e-06
57.437,0.00062037,57.259,55.944,1.6063e-06
57.64,0.00059732,57.469,56.049,1.4892e-06
57.754,0.0005759,57.588,56.109,1.3844e-06
57.764,0.0005581,57.603,56.116,1.3002e-06
57.682,0.00054392,57.526,56.078,1.2351e-06
57.524,0.00053323,57.371,56,1.1872e-06
57.306,0.00052588,57.156,55.893,1.1549e-06
57.033,0.00052153,56.885,55.757,1.136e-06
56.709,0.00051996,56.561,55.596,1.1294e-06
56.328,0.00052104,56.182,55.406,1.1343e-06
55.869,0.00052487,55.723,55.176,1.1513e-06
55.345,0.00053148,55.198,54.914,1.1809e-06
54.762,0.0005409,54.615,54.622,1.2235e-06
54.138,0.0005531,53.989,54.309,1.2798e-06
53.444,0.0005692,53.293,53.961,1.356e-06
52.747,0.00058817,52.593,53.611,1.4485e-06
52.057,0.00060974,51.899,53.264,1.5575e-06
51.371,0.00063372,51.209,52.919,1.6832e-06
50.662,0.00066057,50.495,52.562,1.8299e-06
49.94,0.00068995,49.768,52.199,1.9976e-06
49.221,0.00072193,49.044,51.837,2.1885e-06
48.554,0.00075616,48.371,51.5,2.4026e-06
48.155,0.00078123,47.968,51.298,2.5655e-06
47.851,0.00080646,47.658,51.144,2.7347e-06
47.671,0.00083106,47.473,51.051,2.9045e-06
47.64,0.00085401,47.437,51.033,3.0669e-06
47.763,0.0008732,47.555,51.092,3.2055e-06
48.038,0.00088888,47.825,51.227,3.3201e-06
48.457,0.00090017,48.24,51.434,3.403e-06
49.005,0.0009064,48.784,51.706,3.4477e-06
49.723,0.00090688,49.499,52.064,3.4485e-06
50.525,0.0009007,50.298,52.464,3.3988e-06
51.368,0.00088824,51.141,52.885,3.3029e-06
52.215,0.00087028,51.989,53.309,3.1684e-06
53.01,0.00084862,52.786,53.708,3.011e-06
53.758,0.00082386,53.538,54.084,2.8366e-06
54.449,0.00079704,54.233,54.431,2.654e-06
55.075,0.00076914,54.864,54.747,2.4707e-06
55.733,0.00073592,55.528,55.079,2.2613e-06
56.302,0.00070343,56.105,55.367,2.0657e-06
56.783,0.00067247,56.592,55.611,1.8876e-06
57.173,0.0006437,56.99,55.81,1.7294e-06
57.495,0.00061491,57.318,55.974,1.5782e-06
57.695,0.00058978,57.525,56.077,1.4519e-06
57.776,0.00056856,57.612,56.121,1.3493e-06
57.746,0.00055136,57.587,56.108,1.2691e-06
57.622,0.00053814,57.467,56.048,1.2091e-06
57.421,0.00052867,57.27,55.95,1.1671e-06
57.157,0.00052269,57.008,55.819,1.141e-06
56.833,0.00051995,56.686,55.658,1.1293e-06
56.31,0.00052087,56.164,55.397,1.1336e-06
55.667,0.00052695,55.521,55.075,1.1606e-06
54.909,0.00053819,54.762,54.696,1.2112e-06
54.067,0.00055452,53.917,54.273,1.2864e-06
53.486,0.00056805,53.335,53.982,1.3504e-06
52.903,0.00058359,52.75,53.689,1.4259e-06
52.325,0.00060099,52.168,53.399,1.5128e-06
51.751,0.00062011,51.591,53.11,1.6113e-06
51.176,0.00064084,51.013,52.821,1.7216e-06
50.594,0.0006632,50.427,52.528,1.8447e-06
50.004,0.00068724,49.832,52.231,1.9818e-06
49.414,0.00071297,49.238,51.934,2.1341e-06
48.938,0.00073567,48.758,51.694,2.2732e-06
48.499,0.00075933,48.316,51.472,2.4229e-06
48.123,0.00078362,47.935,51.282,2.5814e-06
47.838,0.000808,47.645,51.137,2.7452e-06
47.671,0.00083173,47.473,51.051,2.9092e-06
47.645,0.00085386,47.442,51.036,3.0658e-06
47.774,0.00087336,47.566,51.097,3.2066e-06
48.06,0.00088921,47.848,51.238,3.3225e-06
48.506,0.00090057,48.288,51.458,3.4058e-06
49.086,0.00090642,48.864,51.746,3.4476e-06
49.772,0.00090635,49.548,52.088,3.4443e-06
50.532,0.00090033,50.305,52.467,3.396e-06
51.328,0.00088869,51.101,52.865,3.3063e-06
52.13,0.00087211,51.903,53.266,3.182e-06
52.908,0.00085145,52.684,53.657,3.0313e-06
53.646,0.00082769,53.424,54.027,2.8632e-06
54.53,0.00079352,54.314,54.472,2.6304e-06
55.311,0.00075772,55.102,54.866,2.3976e-06
55.987,0.0007219,55.785,55.207,2.1758e-06
56.558,0.00068739,56.364,55.497,1.9724e-06
57.001,0.00065704,56.814,55.722,1.8019e-06
57.347,0.00062919,57.167,55.898,1.6523e-06
57.593,0.00060423,57.419,56.025,1.5238e-06
57.737,0.00058244,57.57,56.1,1.416e-06
57.782,0.00056306,57.619,56.124,1.3234e-06
57.727,0.00054744,57.569,56.099,1.2511e-06
57.588,0.00053551,57.434,56.032,1.1973e-06
57.379,0.00052706,57.228,55.929,1.16e-06
57.124,0.000522,56.975,55.802,1.138e-06
56.818,0.0005197,56.67,55.65,1.1282e-06
56.458,0.00052002,56.311,55.47,1.1298e-06
56.04,0.00052287,55.894,55.262,1.1425e-06
55.568,0.00052814,55.422,55.026,1.1659e-06
55.042,0.00053588,54.895,54.762,1.2007e-06
54.472,0.0005461,54.323,54.476,1.2473e-06
53.873,0.00055875,53.722,54.176,1.3063e-06
53.249,0.00057407,53.096,53.863,1.3794e-06
52.626,0.00059162,52.471,53.55,1.4657e-06
52.009,0.00061123,51.851,53.24,1.5651e-06
51.395,0.00063273,51.233,52.931,1.678e-06
50.732,0.00065775,50.566,52.597,1.8142e-06
50.057,0.00068497,49.886,52.257,1.9686e-06
49.381,0.00071445,49.205,51.917,2.1431e-06
48.738,0.000746,48.557,51.593,2.338e-06
48.326,0.00076984,48.141,51.385,2.4909e-06
47.989,0.0007941,47.799,51.214,2.6512e-06
47.753,0.00081814,47.559,51.094,2.8147e-06
47.645,0.00084116,47.445,51.037,2.9755e-06
47.681,0.00086181,47.476,51.052,3.1229e-06
47.866,0.00087954,47.656,51.142,3.2517e-06
48.199,0.00089345,47.985,51.307,3.3536e-06
48.67,0.00090272,48.451,51.54,3.4213e-06
49.293,0.00090682,49.07,51.85,3.4497e-06
50.014,0.00090482,49.788,52.209,3.4318e-06
50.796,0.00089684,50.57,52.599,3.3688e-06
51.607,0.00088331,51.38,53.004,3.2656e-06
52.403,0.00086523,52.177,53.403,3.1314e-06
53.169,0.00084342,52.946,53.787,2.9739e-06
53.889,0.00081885,53.669,54.149,2.802e-06
54.551,0.0007925,54.336,54.483,2.6236e-06
55.374,0.00075451,55.166,54.897,2.3773e-06
56.078,0.00071667,55.878,55.254,2.1443e-06
56.667,0.00068037,56.474,55.552,1.9323e-06
57.136,0.00064676,56.952,55.791,1.7459e-06
57.495,0.00061526,57.318,55.974,1.58e-06
57.71,0.00058805,57.541,56.085,1.4434e-06
57.785,0.00056546,57.622,56.126,1.3347e-06
57.732,0.00054761,57.574,56.102,1.2519e-06
57.572,0.00053441,57.419,56.024,1.1924e-06
57.328,0.00052555,57.177,55.904,1.1534e-06
57.011,0.00052066,56.863,55.746,1.1323e-06
56.625,0.00051947,56.478,55.554,1.1273e-06
56.199,0.00052145,56.052,55.341,1.1362e-06
55.702,0.00052638,55.556,55.093,1.1581e-06
55.138,0.00053428,54.991,54.81,1.1935e-06
54.518,0.00054514,54.37,54.5,1.2429e-06
53.863,0.00055892,53.713,54.171,1.3071e-06
53.195,0.00057547,53.042,53.836,1.3862e-06
52.528,0.00059456,52.372,53.501,1.4804e-06
51.868,0.00061599,51.709,53.169,1.5898e-06
51.341,0.00063469,51.179,52.904,1.6884e-06
50.809,0.00065476,50.643,52.636,1.7977e-06
50.268,0.00067622,50.099,52.364,1.9183e-06
49.724,0.00069911,49.551,52.09,2.0514e-06
49.197,0.00072297,49.02,51.824,2.1949e-06
48.699,0.0007481,48.517,51.573,2.3513e-06
48.26,0.00077417,48.074,51.351,2.5191e-06
47.915,0.0008006,47.724,51.176,2.695e-06
47.705,0.00082559,47.509,51.069,2.8663e-06
47.643,0.00084911,47.442,51.035,3.0319e-06
47.747,0.00087002,47.54,51.084,3.1823e-06
48.022,0.00088714,47.81,51.219,3.3073e-06
48.493,0.0008999,48.276,51.452,3.4008e-06
49.124,0.00090618,48.903,51.766,3.4456e-06
49.878,0.0009055,49.654,52.141,3.4374e-06
50.713,0.00089782,50.487,52.558,3.3765e-06
51.516,0.00088496,51.289,52.959,3.278e-06
52.317,0.00086731,52.091,53.36,3.1466e-06
53.09,0.00084578,52.867,53.748,2.9908e-06
53.818,0.00082137,53.598,54.113,2.8194e-06
54.75,0.00078387,54.536,54.583,2.5666e-06
55.561,0.00074502,55.354,54.992,2.3177e-06
56.249,0.00070664,56.051,55.34,2.0846e-06
56.815,0.00067031,56.625,55.627,1.8755e-06
57.226,0.00063961,57.044,55.837,1.7075e-06
57.526,0.00061202,57.351,55.99,1.5633e-06
57.712,0.00058789,57.543,56.086,1.4425e-06
57.785,0.00056747,57.621,56.126,1.3442e-06
57.746,0.00054962,57.588,56.109,1.2611e-06
57.606,0.00053616,57.452,56.041,1.2002e-06
57.382,0.00052683,57.231,55.93,1.159e-06
57.088,0.00052134,56.939,55.784,1.1352e-06
56.749,0.00051938,56.602,55.616,1.1268e-06
56.346,0.00052041,56.2,55.415,1.1316e-06
55.875,0.00052437,55.729,55.179,1.1492e-06
55.336,0.00053123,55.19,54.91,1.1798e-06
54.772,0.00054039,54.624,54.627,1.2212e-06
54.17,0.00055214,54.021,54.325,1.2753e-06
53.547,0.0005664,53.396,54.013,1.3426e-06
52.92,0.00058301,52.766,53.698,1.423e-06
52.342,0.00060035,52.185,53.407,1.5096e-06
51.768,0.00061941,51.608,53.119,1.6076e-06
51.194,0.00064009,51.03,52.83,1.7175e-06
50.613,0.00066239,50.446,52.538,1.8401e-06
50.071,0.00068433,49.901,52.265,1.9649e-06
49.529,0.00070772,49.354,51.991,2.1026e-06
49.001,0.0007325,48.822,51.725,2.2536e-06
48.514,0.00075848,48.33,51.48,2.4174e-06
48.117,0.0007841,47.929,51.279,2.5845e-06
47.824,0.00080977,47.631,51.13,2.7573e-06
47.665,0.00083463,47.467,51.048,2.9295e-06
47.665,0.00085758,47.461,51.045,3.0924e-06
47.821,0.00087616,47.613,51.121,3.2269e-06
48.13,0.00089099,47.917,51.273,3.3355e-06
48.582,0.00090123,48.364,51.497,3.4104e-06
49.158,0.00090624,48.936,51.783,3.4459e-06
49.901,0.00090529,49.676,52.152,3.4358e-06
50.718,0.00089767,50.492,52.56,3.3753e-06
51.569,0.00088388,51.342,52.985,3.2699e-06
52.416,0.00086474,52.19,53.41,3.1278e-06
53.211,0.00084196,52.988,53.808,2.9636e-06
53.955,0.00081628,53.736,54.182,2.7843e-06
54.637,0.00078875,54.423,54.526,2.5988e-06
55.253,0.00076036,55.044,54.837,2.4144e-06
55.877,0.00072793,55.675,55.152,2.2124e-06
56.416,0.0006964,56.221,55.425,2.0246e-06
56.87,0.00066648,56.682,55.656,1.8541e-06
57.237,0.00063875,57.055,55.842,1.7029e-06
57.555,0.00060902,57.38,56.005,1.5481e-06
57.737,0.00058344,57.569,56.099,1.4208e-06
57.787,0.00056226,57.625,56.128,1.3196e-06
57.72,0.00054556,57.563,56.096,1.2426e-06
57.554,0.00053323,57.401,56.015,1.1872e-06
57.31,0.00052496,57.16,55.895,1.1508e-06
56.999,0.00052043,56.851,55.74,1.1313e-06
56.621,0.00051937,56.474,55.552,1.1269e-06
56.177,0.00052153,56.031,55.33,1.1366e-06
55.658,0.00052685,55.512,55.071,1.1602e-06
55.067,0.00053536,54.92,54.775,1.1983e-06
54.419,0.00054703,54.27,54.45,1.2516e-06
53.736,0.00056183,53.585,54.107,1.3208e-06
53.043,0.00057954,52.89,53.76,1.406e-06
52.355,0.00059992,52.198,53.414,1.5074e-06
51.672,0.00062275,51.512,53.071,1.6251e-06
51.157,0.00064147,50.994,52.811,1.7249e-06
50.636,0.00066149,50.469,52.549,1.8351e-06
50.107,0.00068285,49.936,52.283,1.9564e-06
49.577,0.00070557,49.402,52.016,2.0898e-06
49.058,0.00072963,48.88,51.754,2.2358e-06
48.577,0.00075486,48.394,51.511,2.3943e-06
48.162,0.0007809,47.975,51.302,2.5633e-06
47.849,0.0008071,47.657,51.143,2.7391e-06
47.678,0.00083132,47.481,51.055,2.9063e-06
47.654,0.00085387,47.451,51.04,3.0659e-06
47.791,0.00087367,47.583,51.106,3.2088e-06
48.092,0.0008896,47.879,51.254,3.3253e-06
48.547,0.00090061,48.329,51.479,3.4059e-06
49.134,0.00090607,48.912,51.77,3.4447e-06
49.825,0.00090563,49.6,52.114,3.4386e-06
50.587,0.00089926,50.36,52.495,3.3877e-06
51.384,0.00088731,51.157,52.893,3.2959e-06
52.183,0.00087049,51.957,53.293,3.17e-06
52.959,0.00084966,52.735,53.682,3.0185e-06
53.693,0.00082579,53.472,54.051,2.85e-06
54.587,0.00079091,54.372,54.501,2.6131e-06
55.374,0.00075448,55.166,54.898,2.3771e-06
56.052,0.00071812,55.852,55.241,2.153e-06
56.623,0.00068322,56.43,55.53,1.9485e-06
57.058,0.00065285,56.873,55.751,1.779e-06
57.395,0.00062509,57.216,55.923,1.6309e-06
57.628,0.00060034,57.455,56.043,1.5042e-06
57.757,0.00057886,57.591,56.11,1.3986e-06
57.785,0.00055989,57.624,56.127,1.3085e-06
57.714,0.00054476,57.557,56.093,1.2389e-06
57.559,0.00053337,57.406,56.018,1.1878e-06
57.335,0.0005255,57.185,55.907,1.1532e-06
57.068,0.00052103,56.92,55.775,1.1338e-06
56.749,0.00051931,56.602,55.616,1.1266e-06
56.374,0.00052021,56.228,55.429,1.1307e-06
55.941,0.00052365,55.795,55.212,1.146e-06
55.459,0.00052944,55.313,54.971,1.1718e-06
54.926,0.00053768,54.778,54.704,1.2089e-06
54.352,0.00054835,54.203,54.416,1.2578e-06
53.753,0.0005614,53.603,54.116,1.3188e-06
53.145,0.00057675,52.992,53.811,1.3925e-06
52.539,0.0005942,52.383,53.506,1.4786e-06
51.938,0.00061356,51.779,53.204,1.5772e-06
51.339,0.00063472,51.177,52.903,1.6886e-06
50.703,0.00065882,50.537,52.583,1.8202e-06
50.056,0.00068494,49.885,52.257,1.9685e-06
49.408,0.00071314,49.233,51.931,2.1351e-06
48.79,0.00074324,48.609,51.619,2.3206e-06
48.373,0.00076692,48.188,51.408,2.4719e-06
48.027,0.00079106,47.838,51.233,2.6308e-06
47.78,0.00081506,47.586,51.107,2.7936e-06
47.655,0.00083816,47.456,51.043,2.9543e-06
47.673,0.00085909,47.469,51.049,3.1033e-06
47.839,0.00087723,47.63,51.13,3.2347e-06
48.155,0.00089165,47.941,51.285,3.3403e-06
48.61,0.00090153,48.392,51.51,3.4126e-06
49.221,0.00090632,48.999,51.814,3.4463e-06
49.934,0.00090501,49.709,52.169,3.4335e-06
50.713,0.00089766,50.487,52.558,3.3753e-06
51.524,0.00088467,51.297,52.963,3.2759e-06
52.32,0.0008671,52.094,53.362,3.1451e-06
53.089,0.00084571,52.866,53.747,2.9903e-06
53.813,0.00082147,53.593,54.111,2.82e-06
54.481,0.00079534,54.265,54.447,2.6426e-06
55.343,0.00075599,55.134,54.882,2.3867e-06
56.078,0.00071672,55.877,55.253,2.1446e-06
56.687,0.00067907,56.495,55.562,1.9249e-06
57.168,0.00064434,56.984,55.807,1.7329e-06
57.511,0.00061374,57.335,55.982,1.5721e-06
57.717,0.00058727,57.548,56.089,1.4395e-06
57.789,0.00056522,57.626,56.128,1.3335e-06
57.738,0.00054772,57.58,56.105,1.2524e-06
57.584,0.00053468,57.431,56.03,1.1936e-06
57.349,0.0005258,57.198,55.914,1.1545e-06
57.044,0.00052076,56.896,55.763,1.1327e-06
56.672,0.00051928,56.525,55.577,1.1265e-06
56.266,0.00052085,56.12,55.375,1.1335e-06
55.795,0.0005252,55.648,55.139,1.1528e-06
55.258,0.00053234,55.111,54.87,1.1847e-06
54.666,0.00054227,54.518,54.574,1.2298e-06
54.035,0.00055499,53.886,54.258,1.2886e-06
53.388,0.00057036,53.236,53.933,1.3615e-06
52.739,0.00058819,52.584,53.607,1.4487e-06
52.096,0.00060829,51.938,53.284,1.55e-06
51.568,0.00062645,51.407,53.018,1.6446e-06
51.037,0.00064599,50.872,52.751,1.7495e-06
50.498,0.00066691,50.331,52.48,1.8655e-06
49.954,0.00068924,49.783,52.206,1.9935e-06
49.428,0.00071223,49.252,51.941,2.1297e-06
48.92,0.00073653,48.74,51.685,2.2786e-06
48.456,0.00076191,48.272,51.45,2.4395e-06
48.067,0.00078793,47.878,51.253,2.61e-06
47.784,0.00081447,47.59,51.109,2.7895e-06
47.652,0.00083989,47.452,51.04,2.9665e-06
47.695,0.00086296,47.49,51.059,3.1312e-06
47.925,0.00088232,47.715,51.172,3.2719e-06
48.326,0.00089626,48.111,51.37,3.3741e-06
48.882,0.00090449,48.662,51.646,3.4338e-06
49.566,0.00090642,49.342,51.986,3.4456e-06
50.34,0.00090185,50.114,52.372,3.4081e-06
51.143,0.00089138,50.917,52.773,3.3269e-06
51.959,0.00087564,51.732,53.181,3.2082e-06
52.757,0.00085548,52.532,53.581,3.0604e-06
53.516,0.0008319,53.294,53.962,2.8926e-06
54.37,0.00079995,54.154,54.391,2.6734e-06
55.133,0.00076622,54.922,54.776,2.4519e-06
55.801,0.00073214,55.597,55.113,2.2381e-06
56.375,0.00069894,56.178,55.404,2.0393e-06
56.84,0.00066864,56.651,55.64,1.8662e-06
57.216,0.00064051,57.033,55.831,1.7124e-06
57.499,0.00061496,57.323,55.976,1.5784e-06
57.686,0.00059231,57.516,56.073,1.4643e-06
57.78,0.00057156,57.616,56.123,1.3636e-06
57.773,0.00055444,57.613,56.121,1.2832e-06
57.676,0.00054092,57.521,56.075,1.2215e-06
57.505,0.00053087,57.353,55.991,1.1767e-06
57.278,0.00052417,57.129,55.879,1.1474e-06
56.999,0.00052036,56.851,55.74,1.131e-06
56.667,0.00051927,56.521,55.575,1.1264e-06
56.28,0.00052076,56.134,55.382,1.1331e-06
55.821,0.00052489,55.675,55.152,1.1515e-06
55.3,0.0005317,55.154,54.892,1.1819e-06
54.725,0.0005412,54.577,54.603,1.2249e-06
54.111,0.00055336,53.961,54.295,1.281e-06
53.436,0.00056914,53.284,53.957,1.3557e-06
52.758,0.00058763,52.603,53.616,1.4458e-06
52.087,0.00060856,51.929,53.279,1.5514e-06
51.42,0.00063177,51.258,52.944,1.6728e-06
50.71,0.00065854,50.543,52.586,1.8187e-06
49.986,0.00068786,49.815,52.222,1.9854e-06
49.265,0.00071978,49.088,51.858,2.1754e-06
48.592,0.00075398,48.41,51.519,2.3887e-06
48.193,0.00077873,48.006,51.317,2.549e-06
47.884,0.00080368,47.692,51.16,2.7158e-06
47.694,0.00082807,47.498,51.063,2.8836e-06
47.649,0.00085095,47.447,51.038,3.045e-06
47.756,0.0008704,47.549,51.089,3.1851e-06
48.014,0.00088646,47.802,51.216,3.3022e-06
48.418,0.00089823,48.202,51.415,3.3885e-06
48.952,0.00090502,48.731,51.68,3.4375e-06
49.659,0.00090618,49.435,52.032,3.4434e-06
50.454,0.00090066,50.228,52.428,3.3988e-06
51.295,0.00088882,51.068,52.848,3.3074e-06
52.143,0.00087138,51.917,53.273,3.1767e-06
52.938,0.00085025,52.714,53.671,3.0227e-06
53.688,0.00082593,53.467,54.048,2.851e-06
54.382,0.00079946,54.166,54.397,2.6701e-06
55.013,0.00077181,54.802,54.715,2.4879e-06
55.687,0.00073823,55.482,55.056,2.2755e-06
56.271,0.00070529,56.073,55.351,2.0766e-06
56.764,0.00067387,56.573,55.601,1.8955e-06
57.165,0.00064464,56.981,55.805,1.7345e-06
57.489,0.0006161,57.312,55.971,1.5843e-06
57.695,0.00059108,57.525,56.077,1.4582e-06
57.784,0.00056985,57.62,56.125,1.3554e-06
57.765,0.00055251,57.606,56.118,1.2744e-06
57.653,0.00053906,57.498,56.064,1.2132e-06
57.464,0.00052928,57.312,55.971,1.1697e-06
57.212,0.00052292,57.062,55.846,1.142e-06
56.902,0.00051974,56.754,55.692,1.1283e-06
56.443,0.00051981,56.297,55.463,1.1289e-06
55.887,0.00052415,55.741,55.185,1.1482e-06
55.231,0.00053273,55.084,54.857,1.1865e-06
54.493,0.00054554,54.345,54.487,1.2448e-06
53.8,0.00056029,53.65,54.14,1.3136e-06
53.095,0.00057809,52.942,53.786,1.399e-06
52.393,0.00059869,52.237,53.433,1.5011e-06
51.698,0.00062182,51.538,53.084,1.6202e-06
51.117,0.00064297,50.953,52.791,1.7331e-06
50.526,0.00066579,50.359,52.494,1.8592e-06
49.928,0.00069034,49.756,52.193,1.9999e-06
49.333,0.00071661,49.156,51.893,2.1562e-06
48.865,0.0007393,48.685,51.657,2.2959e-06
48.439,0.0007629,48.255,51.442,2.4458e-06
48.079,0.00078703,47.89,51.26,2.604e-06
47.813,0.00081115,47.619,51.124,2.7667e-06
47.667,0.0008345,47.468,51.049,2.9286e-06
47.662,0.00085613,47.459,51.044,3.0821e-06
47.81,0.00087504,47.602,51.115,3.2188e-06
48.114,0.00089023,47.9,51.265,3.3299e-06
48.575,0.00090095,48.357,51.493,3.4083e-06
49.168,0.00090611,48.946,51.788,3.4449e-06
49.863,0.00090536,49.639,52.134,3.4364e-06
50.627,0.0008987,50.401,52.515,3.3834e-06
51.424,0.0008865,51.198,52.913,3.2898e-06
52.223,0.00086948,51.997,53.313,3.1626e-06
52.997,0.00084849,52.773,53.701,3.0101e-06
53.727,0.00082452,53.507,54.068,2.8412e-06
54.631,0.000789,54.416,54.523,2.6005e-06
55.423,0.00075197,55.216,54.923,2.3613e-06
56.104,0.00071512,55.904,55.267,2.135e-06
56.674,0.00067986,56.482,55.556,1.9294e-06
57.103,0.00064944,56.918,55.774,1.7604e-06
57.431,0.00062174,57.253,55.941,1.6134e-06
57.653,0.00059715,57.481,56.055,1.4883e-06
57.769,0.00057594,57.603,56.116,1.3845e-06
57.781,0.00055729,57.621,56.125,1.2964e-06
57.694,0.00054258,57.538,56.084,1.2291e-06
57.525,0.00053167,57.372,56.001,1.1803e-06
57.287,0.00052433,57.137,55.883,1.1481e-06
57.007,0.00052041,56.859,55.744,1.1312e-06
56.673,0.00051925,56.527,55.578,1.1263e-06
56.283,0.00052072,56.137,55.383,1.133e-06
55.832,0.00052478,55.686,55.158,1.151e-06
55.338,0.00053113,55.192,54.911,1.1793e-06
54.795,0.00053992,54.648,54.639,1.219e-06
54.216,0.00055112,54.067,54.348,1.2706e-06
53.616,0.00056466,53.465,54.047,1.3343e-06
53.02,0.00058017,52.866,53.748,1.4091e-06
52.427,0.00059764,52.271,53.45,1.4959e-06
51.839,0.00061693,51.679,53.154,1.5946e-06
51.252,0.00063793,51.089,52.859,1.7058e-06
50.641,0.00066124,50.475,52.552,1.8337e-06
50.021,0.00068641,49.85,52.239,1.977e-06
49.401,0.00071348,49.225,51.927,2.1372e-06
48.808,0.00074231,48.627,51.628,2.3148e-06
48.388,0.00076597,48.204,51.416,2.4657e-06
48.039,0.00079011,47.85,51.239,2.6245e-06
47.787,0.00081414,47.594,51.111,2.7872e-06
47.658,0.0008373,47.459,51.044,2.9482e-06
47.67,0.00085831,47.467,51.048,3.0977e-06
47.831,0.00087657,47.623,51.126,3.2299e-06
48.142,0.00089115,47.928,51.278,3.3366e-06
48.592,0.0009012,48.374,51.501,3.4102e-06
49.198,0.0009062,48.976,51.802,3.4454e-06
49.906,0.00090512,49.681,52.155,3.4344e-06
50.682,0.00089801,50.456,52.542,3.378e-06
51.491,0.00088526,51.264,52.947,3.2804e-06
52.288,0.00086788,52.062,53.345,3.1509e-06
53.058,0.00084665,52.834,53.732,2.997e-06
53.783,0.00082253,53.563,54.096,2.8274e-06
54.453,0.00079649,54.237,54.433,2.6502e-06
55.332,0.0007565,55.124,54.877,2.3899e-06
56.08,0.00071656,55.88,55.255,2.1436e-06
56.699,0.0006783,56.507,55.568,1.9205e-06
57.184,0.00064307,57.001,55.815,1.7261e-06
57.518,0.00061302,57.343,55.986,1.5685e-06
57.719,0.00058699,57.55,56.09,1.4381e-06
57.789,0.00056527,57.627,56.128,1.3338e-06
57.74,0.00054797,57.583,56.106,1.2535e-06
57.591,0.00053501,57.438,56.034,1.1951e-06
57.362,0.0005261,57.211,55.92,1.1558e-06
57.064,0.00052094,56.916,55.773,1.1334e-06
56.702,0.00051924,56.555,55.593,1.1263e-06
56.315,0.00052051,56.169,55.399,1.132e-06
55.866,0.00052439,55.72,55.175,1.1492e-06
55.356,0.00053088,55.209,54.919,1.1782e-06
54.791,0.00054,54.643,54.636,1.2194e-06
54.186,0.00055174,54.037,54.333,1.2734e-06
53.561,0.000566,53.41,54.02,1.3407e-06
52.931,0.00058263,52.778,53.704,1.4212e-06
52.306,0.00060145,52.149,53.389,1.5151e-06
51.791,0.00061859,51.631,53.13,1.6033e-06
51.276,0.00063704,51.113,52.871,1.7011e-06
50.755,0.0006568,50.589,52.609,1.809e-06
50.227,0.00067788,50.058,52.343,1.9278e-06
49.7,0.00070011,49.527,52.078,2.0573e-06
49.182,0.00072369,49.004,51.817,2.1993e-06
48.692,0.00074848,48.51,51.57,2.3537e-06
48.26,0.00077417,48.074,51.351,2.5191e-06
47.929,0.00079941,47.738,51.183,2.6869e-06
47.715,0.00082422,47.52,51.074,2.8568e-06
47.646,0.00084765,47.445,51.037,3.0214e-06
47.739,0.00086858,47.532,51.08,3.1718e-06
47.992,0.00088544,47.78,51.204,3.2948e-06
48.399,0.00089781,48.183,51.406,3.3855e-06
48.944,0.00090494,48.724,51.676,3.4369e-06
49.602,0.00090632,49.378,52.003,3.4448e-06
50.411,0.00090111,50.184,52.407,3.4023e-06
51.269,0.00088925,51.042,52.835,3.3107e-06
52.136,0.00087155,51.91,53.269,3.1779e-06
52.978,0.00084905,52.754,53.691,3.0141e-06
53.781,0.00082261,53.56,54.095,2.8279e-06
54.517,0.00079384,54.302,54.466,2.6325e-06
55.181,0.00076389,54.971,54.8,2.4369e-06
55.77,0.00073378,55.566,55.098,2.2482e-06
56.311,0.00070283,56.114,55.372,2.0621e-06
56.772,0.00067329,56.582,55.606,1.8922e-06
57.151,0.00064569,56.967,55.798,1.7402e-06
57.444,0.00062045,57.267,55.948,1.6067e-06
57.673,0.00059428,57.503,56.066,1.4741e-06
57.78,0.00057205,57.615,56.122,1.3659e-06
57.772,0.00055389,57.612,56.121,1.2807e-06
57.663,0.0005398,57.508,56.069,1.2165e-06
57.468,0.0005294,57.316,55.973,1.1703e-06
57.203,0.00052276,57.054,55.842,1.1413e-06
56.875,0.0005196,56.727,55.678,1.1277e-06
56.482,0.00051968,56.336,55.483,1.1283e-06
55.995,0.00052307,55.849,55.239,1.1434e-06
55.428,0.00052984,55.281,54.956,1.1736e-06
54.789,0.00054004,54.641,54.635,1.2196e-06
54.098,0.00055362,53.949,54.289,1.2822e-06
53.383,0.00057049,53.231,53.93,1.3622e-06
52.665,0.00059036,52.51,53.57,1.4594e-06
51.955,0.00061294,51.797,53.213,1.574e-06
51.248,0.00063805,51.085,52.857,1.7065e-06
50.583,0.00066354,50.416,52.522,1.8465e-06
49.906,0.00069125,49.734,52.182,2.0052e-06
49.234,0.00072121,49.057,51.843,2.1841e-06
48.607,0.00075316,48.425,51.527,2.3834e-06
48.2,0.00077819,48.014,51.321,2.5455e-06
47.886,0.00080343,47.695,51.162,2.7142e-06
47.694,0.00082812,47.498,51.063,2.884e-06
47.65,0.00085126,47.448,51.038,3.0472e-06
47.759,0.00087067,47.552,51.09,3.187e-06
48.02,0.00088666,47.808,51.218,3.3037e-06
48.426,0.00089836,48.21,51.419,3.3895e-06
48.962,0.00090507,48.741,51.685,3.4378e-06
49.671,0.00090612,49.447,52.038,3.443e-06
50.467,0.00090051,50.241,52.435,3.3976e-06
51.308,0.00088858,51.081,52.855,3.3056e-06
52.156,0.00087107,51.93,53.279,3.1744e-06
52.95,0.00084986,52.726,53.678,3.0199e-06
53.701,0.00082548,53.48,54.055,2.8479e-06
54.394,0.00079897,54.177,54.403,2.6668e-06
55.024,0.00077129,54.813,54.721,2.4845e-06
55.696,0.00073776,55.491,55.06,2.2727e-06
56.277,0.00070491,56.08,55.354,2.0744e-06
56.768,0.00067356,56.578,55.604,1.8937e-06
57.168,0.0006444,56.984,55.807,1.7332e-06
57.49,0.00061596,57.313,55.972,1.5836e-06
57.695,0.00059103,57.525,56.077,1.458e-06
57.784,0.00056986,57.62,56.125,1.3555e-06
57.766,0.00055257,57.607,56.118,1.2746e-06
57.654,0.00053913,57.499,56.064,1.2135e-06
57.466,0.00052935,57.315,55.972,1.17e-06
57.215,0.00052297,57.066,55.848,1.1422e-06
56.907,0.00051975,56.76,55.695,1.1284e-06
56.453,0.00051976,56.307,55.468,1.1287e-06
55.902,0.00052398,55.756,55.193,1.1474e-06
55.253,0.00053239,55.106,54.868,1.185e-06
54.522,0.00054498,54.374,54.502,1.2422e-06
53.707,0.00056249,53.556,54.093,1.324e-06
52.878,0.00058415,52.724,53.677,1.4286e-06
52.058,0.00060952,51.899,53.264,1.5563e-06
51.242,0.00063829,51.079,52.854,1.7078e-06
50.493,0.00066708,50.325,52.477,1.8665e-06
49.732,0.00069872,49.558,52.094,2.0491e-06
48.987,0.00073319,48.808,51.718,2.2579e-06
48.326,0.0007699,48.141,51.385,2.4912e-06
47.972,0.00079561,47.782,51.205,2.6613e-06
47.736,0.000821,47.541,51.085,2.8345e-06
47.646,0.0008451,47.446,51.037,3.0034e-06
47.723,0.00086676,47.517,51.073,3.1586e-06
47.959,0.00088391,47.748,51.188,3.2835e-06
48.348,0.00089672,48.132,51.38,3.3775e-06
48.876,0.00090441,48.656,51.642,3.4332e-06
49.519,0.00090647,49.295,51.962,3.4462e-06
50.329,0.00090191,50.103,52.366,3.4086e-06
51.195,0.0008905,50.968,52.799,3.3202e-06
52.073,0.00087302,51.847,53.238,3.1888e-06
52.927,0.00085054,52.703,53.666,3.0248e-06
53.728,0.00082451,53.507,54.068,2.8411e-06
54.463,0.0007961,54.247,54.438,2.6477e-06
55.127,0.00076646,54.917,54.773,2.4534e-06
55.717,0.00073659,55.513,55.071,2.2654e-06
56.266,0.00070553,56.069,55.349,2.078e-06
56.735,0.00067583,56.544,55.587,1.9066e-06
57.121,0.00064804,56.937,55.783,1.7528e-06
57.422,0.00062257,57.244,55.937,1.6177e-06
57.663,0.0005958,57.492,56.061,1.4816e-06
57.778,0.00057307,57.613,56.121,1.3708e-06
57.774,0.0005545,57.614,56.122,1.2835e-06
57.667,0.0005401,57.512,56.071,1.2179e-06
57.472,0.00052953,57.32,55.975,1.1708e-06
57.204,0.00052279,57.055,55.842,1.1414e-06
56.873,0.00051959,56.726,55.678,1.1277e-06
56.476,0.0005197,56.329,55.48,1.1284e-06
55.987,0.00052314,55.841,55.235,1.1437e-06
55.419,0.00052997,55.272,54.951,1.1741e-06
54.778,0.00054024,54.63,54.63,1.2205e-06
54.086,0.00055388,53.937,54.283,1.2835e-06
53.374,0.0005707,53.223,53.926,1.3632e-06
52.661,0.00059047,52.506,53.568,1.46e-06
51.956,0.00061293,51.797,53.213,1.5739e-06
51.253,0.00063788,51.09,52.86,1.7056e-06
50.588,0.00066332,50.421,52.525,1.8453e-06
49.912,0.00069098,49.741,52.185,2.0036e-06
49.241,0.00072088,49.064,51.847,2.1821e-06
48.614,0.00075277,48.432,51.53,2.3809e-06
48.207,0.00077771,48.021,51.325,2.5423e-06
47.892,0.00080288,47.7,51.165,2.7104e-06
47.697,0.00082751,47.501,51.065,2.8797e-06
47.649,0.00085063,47.447,51.038,3.0427e-06
47.754,0.00087012,47.547,51.088,3.183e-06
48.01,0.00088623,47.798,51.213,3.3005e-06
48.412,0.00089807,48.195,51.412,3.3873e-06
48.943,0.00090494,48.723,51.676,3.4369e-06
49.649,0.00090618,49.425,52.027,3.4435e-06
50.443,0.00090076,50.217,52.423,3.3995e-06
51.284,0.000889,51.057,52.843,3.3087e-06
52.133,0.00087163,51.906,53.268,3.1785e-06
52.927,0.00085055,52.703,53.666,3.0249e-06
53.678,0.00082629,53.457,54.043,2.8535e-06
54.372,0.00079987,54.155,54.392,2.6729e-06
55.003,0.00077225,54.792,54.711,2.4908e-06
55.68,0.00073861,55.475,55.052,2.2779e-06
56.266,0.00070561,56.068,55.349,2.0785e-06
56.76,0.00067411,56.57,55.6,1.8969e-06
57.162,0.00064481,56.979,55.804,1.7354e-06
57.487,0.00061624,57.311,55.97,1.585e-06
57.694,0.00059119,57.524,56.077,1.4588e-06
57.784,0.00056993,57.62,56.125,1.3558e-06
57.766,0.00055257,57.607,56.118,1.2746e-06
57.654,0.00053909,57.499,56.064,1.2133e-06
57.465,0.00052929,57.313,55.971,1.1698e-06
57.213,0.00052292,57.063,55.847,1.142e-06
56.903,0.00051973,56.755,55.692,1.1283e-06
56.446,0.0005198,56.299,55.464,1.1288e-06
55.89,0.0005241,55.744,55.187,1.148e-06
55.236,0.00053265,55.09,54.86,1.1861e-06
54.5,0.0005454,54.352,54.491,1.2441e-06
53.799,0.00056033,53.648,54.139,1.3137e-06
53.084,0.00057838,52.931,53.78,1.4004e-06
52.374,0.00059929,52.217,53.423,1.5042e-06
51.67,0.0006228,51.51,53.07,1.6254e-06
51.078,0.00064443,50.914,52.771,1.741e-06
50.476,0.0006678,50.308,52.469,1.8705e-06
49.866,0.00069296,49.694,52.161,2.0152e-06
49.262,0.0007199,49.085,51.857,2.1762e-06
48.801,0.00074263,48.621,51.625,2.3168e-06
48.385,0.0007662,48.2,51.414,2.4672e-06
48.038,0.00079025,47.849,51.239,2.6254e-06
47.787,0.00081419,47.593,51.111,2.7876e-06
47.658,0.00083726,47.46,51.044,2.948e-06
47.671,0.00085851,47.468,51.048,3.0991e-06
47.837,0.00087694,47.628,51.128,3.2326e-06
48.156,0.00089159,47.942,51.285,3.3398e-06
48.632,0.00090175,48.414,51.521,3.4141e-06
49.236,0.00090629,49.014,51.822,3.446e-06
49.94,0.00090493,49.715,52.172,3.4328e-06
50.709,0.00089768,50.482,52.555,3.3754e-06
51.507,0.00088495,51.28,52.955,3.278e-06
52.304,0.00086749,52.078,53.353,3.1479e-06
53.073,0.00084617,52.85,53.739,2.9935e-06
53.798,0.00082197,53.578,54.104,2.8235e-06
54.725,0.0007849,54.511,54.57,2.5734e-06
55.532,0.00074643,55.326,54.978,2.3265e-06
56.219,0.00070838,56.021,55.325,2.0949e-06
56.787,0.00067226,56.596,55.613,1.8864e-06
57.202,0.00064166,57.019,55.824,1.7185e-06
57.508,0.00061406,57.332,55.981,1.5738e-06
57.702,0.00058984,57.533,56.081,1.4521e-06
57.785,0.00056925,57.621,56.126,1.3526e-06
57.759,0.00055126,57.6,56.115,1.2686e-06
57.632,0.00053752,57.477,56.053,1.2063e-06
57.422,0.00052781,57.271,55.95,1.1633e-06
57.143,0.00052186,56.994,55.812,1.1374e-06
56.821,0.0005194,56.674,55.652,1.1269e-06
56.439,0.00051984,56.293,55.461,1.129e-06
55.993,0.00052309,55.847,55.238,1.1435e-06
55.48,0.00052913,55.334,54.982,1.1704e-06
54.939,0.00053742,54.792,54.711,1.2077e-06
54.357,0.00054823,54.208,54.419,1.2572e-06
53.749,0.00056148,53.599,54.114,1.3192e-06
53.133,0.00057706,52.98,53.805,1.394e-06
52.555,0.00059368,52.4,53.515,1.476e-06
51.983,0.00061204,51.824,53.227,1.5693e-06
51.412,0.00063204,51.25,52.94,1.6743e-06
50.837,0.00065363,50.671,52.65,1.7914e-06
50.282,0.00067562,50.113,52.371,1.9149e-06
49.723,0.00069913,49.55,52.089,2.0515e-06
49.172,0.00072416,48.994,51.812,2.2022e-06
48.654,0.00075054,48.472,51.551,2.3667e-06
48.257,0.00077433,48.071,51.35,2.5201e-06
47.94,0.00079841,47.75,51.189,2.6802e-06
47.729,0.00082214,47.533,51.081,2.8424e-06
47.646,0.00084471,47.446,51.037,3.0006e-06
47.709,0.0008649,47.503,51.066,3.1452e-06
47.921,0.00088201,47.711,51.17,3.2696e-06
48.281,0.00089512,48.066,51.347,3.3658e-06
48.776,0.00090348,48.556,51.593,3.4266e-06
49.462,0.0009065,49.239,51.934,3.4466e-06
50.249,0.00090264,50.023,52.326,3.4144e-06
51.094,0.00089214,50.867,52.748,3.3327e-06
51.956,0.00087568,51.73,53.179,3.2085e-06
52.75,0.00085564,52.525,53.577,3.0616e-06
53.505,0.00083224,53.284,53.956,2.895e-06
54.207,0.00080648,53.99,54.31,2.7175e-06
54.849,0.00077933,54.636,54.633,2.5368e-06
55.565,0.00074465,55.359,54.994,2.3154e-06
56.184,0.00071044,55.985,55.307,2.1071e-06
56.707,0.0006777,56.516,55.573,1.9171e-06
57.132,0.00064723,56.947,55.788,1.7485e-06
57.471,0.00061791,57.294,55.962,1.5936e-06
57.688,0.00059222,57.517,56.073,1.4638e-06
57.783,0.00057043,57.619,56.124,1.3582e-06
57.767,0.0005527,57.607,56.118,1.2752e-06
57.652,0.00053898,57.497,56.063,1.2128e-06
57.459,0.00052907,57.307,55.968,1.1688e-06
57.2,0.00052271,57.051,55.84,1.1411e-06
56.881,0.00051963,56.734,55.682,1.1279e-06
56.41,0.00051996,56.263,55.446,1.1296e-06
55.835,0.00052469,55.689,55.159,1.1506e-06
55.159,0.00053383,55.013,54.821,1.1915e-06
54.401,0.00054735,54.253,54.441,1.2531e-06
53.802,0.00056025,53.652,54.141,1.3134e-06
53.194,0.00057543,53.041,53.835,1.386e-06
52.587,0.00059271,52.432,53.531,1.4711e-06
51.986,0.00061193,51.828,53.229,1.5688e-06
51.464,0.00063017,51.302,52.966,1.6643e-06
50.938,0.00064975,50.773,52.701,1.7701e-06
50.404,0.00067068,50.236,52.432,1.8868e-06
49.865,0.00069301,49.693,52.161,2.0155e-06
49.338,0.00071632,49.162,51.896,2.1544e-06
48.834,0.00074091,48.654,51.641,2.306e-06
48.379,0.00076655,48.195,51.412,2.4695e-06
48.007,0.00079272,47.817,51.223,2.6419e-06
47.753,0.00081861,47.558,51.093,2.8179e-06
47.647,0.00084325,47.447,51.038,2.9902e-06
47.713,0.00086545,47.507,51.068,3.1491e-06
47.959,0.00088393,47.748,51.188,3.2837e-06
48.384,0.00089748,48.167,51.398,3.383e-06
48.965,0.00090506,48.744,51.687,3.4378e-06
49.672,0.00090612,49.448,52.039,3.4429e-06
50.467,0.00090052,50.241,52.435,3.3976e-06
51.271,0.00088923,51.044,52.836,3.3105e-06
52.081,0.00087283,51.855,53.242,3.1874e-06
52.87,0.00085221,52.646,53.638,3.0368e-06
53.618,0.00082836,53.397,54.013,2.8678e-06
54.491,0.00079493,54.275,54.452,2.6398e-06
55.265,0.00075984,55.056,54.842,2.4111e-06
55.937,0.00072463,55.735,55.182,2.1923e-06
56.508,0.00069059,56.314,55.472,1.9908e-06
56.958,0.00066029,56.77,55.7,1.8198e-06
57.313,0.00063237,57.133,55.881,1.6691e-06
57.571,0.00060725,57.397,56.013,1.5391e-06
57.729,0.00058521,57.561,56.095,1.4294e-06
57.789,0.00056544,57.626,56.128,1.3346e-06
57.749,0.00054938,57.591,56.11,1.26e-06
57.624,0.00053696,57.47,56.05,1.2038e-06
57.428,0.00052801,57.277,55.953,1.1642e-06
57.183,0.00052243,57.034,55.832,1.1399e-06
56.886,0.00051964,56.739,55.684,1.1279e-06
56.538,0.00051948,56.391,55.51,1.1274e-06
56.132,0.00052185,55.986,55.308,1.138e-06
55.667,0.0005267,55.52,55.075,1.1595e-06
55.144,0.00053407,54.997,54.814,1.1925e-06
54.575,0.00054397,54.427,54.528,1.2376e-06
53.973,0.00055637,53.823,54.226,1.2951e-06
53.333,0.00057175,53.181,53.905,1.3683e-06
52.694,0.00058951,52.539,53.584,1.4552e-06
52.06,0.00060945,51.902,53.266,1.556e-06
51.43,0.0006314,51.268,52.949,1.6709e-06
50.745,0.00065718,50.579,52.604,1.8111e-06
50.047,0.00068532,49.876,52.252,1.9707e-06
49.348,0.00071587,49.172,51.901,2.1517e-06
48.689,0.00074862,48.508,51.568,2.3545e-06
48.282,0.0007727,48.096,51.363,2.5095e-06
47.955,0.00079713,47.764,51.197,2.6715e-06
47.735,0.00082123,47.54,51.084,2.8361e-06
47.647,0.00084417,47.446,51.037,2.9968e-06
47.705,0.00086443,47.5,51.064,3.1418e-06
47.914,0.00088163,47.704,51.166,3.2668e-06
48.27,0.00089485,48.055,51.342,3.3638e-06
48.762,0.00090333,48.542,51.586,3.4255e-06
49.448,0.0009065,49.224,51.927,3.4467e-06
50.236,0.00090275,50.01,52.319,3.4153e-06
51.083,0.00089232,50.856,52.742,3.3341e-06
51.948,0.00087587,51.721,53.175,3.2099e-06
52.742,0.00085588,52.517,53.573,3.0633e-06
53.497,0.00083253,53.275,53.952,2.897e-06
54.199,0.0008068,53.982,54.305,2.7197e-06
54.841,0.00077967,54.628,54.629,2.5391e-06
55.56,0.00074493,55.354,54.991,2.3171e-06
56.181,0.00071066,55.982,55.306,2.1084e-06
56.705,0.00067785,56.513,55.571,1.918e-06
57.13,0.00064731,56.946,55.788,1.7489e-06
57.471,0.00061788,57.294,55.962,1.5934e-06
57.688,0.00059211,57.518,56.074,1.4633e-06
57.784,0.00057027,57.619,56.125,1.3574e-06
57.766,0.00055251,57.607,56.118,1.2743e-06
57.65,0.0005388,57.495,56.062,1.212e-06
57.454,0.00052892,57.303,55.966,1.1681e-06
57.193,0.0005226,57.044,55.837,1.1406e-06
56.872,0.00051959,56.725,55.677,1.1277e-06
56.392,0.00052004,56.245,55.438,1.13e-06
55.806,0.00052501,55.66,55.145,1.152e-06
55.117,0.0005345,54.97,54.8,1.1945e-06
54.345,0.00054848,54.196,54.413,1.2583e-06
53.784,0.00056066,53.634,54.132,1.3153e-06
53.216,0.00057483,53.064,53.847,1.3831e-06
52.65,0.00059083,52.494,53.562,1.4618e-06
52.088,0.00060854,51.93,53.28,1.5513e-06
51.529,0.00062782,51.368,52.999,1.6518e-06
50.967,0.00064864,50.802,52.716,1.764e-06
50.396,0.00067101,50.227,52.428,1.8887e-06
49.819,0.00069497,49.647,52.138,2.027e-06
49.293,0.00071842,49.117,51.873,2.1672e-06
48.791,0.00074315,48.611,51.62,2.3201e-06
48.342,0.00076889,48.157,51.393,2.4847e-06
47.978,0.0007951,47.788,51.208,2.6579e-06
47.738,0.00082069,47.543,51.086,2.8324e-06
47.646,0.00084496,47.446,51.037,3.0024e-06
47.723,0.00086675,47.517,51.073,3.1586e-06
47.978,0.00088481,47.766,51.197,3.2901e-06
48.415,0.00089813,48.199,51.414,3.3878e-06
49.011,0.00090535,48.79,51.709,3.4398e-06
49.731,0.00090592,49.507,52.068,3.4412e-06
50.538,0.00089974,50.312,52.47,3.3915e-06
51.341,0.00088799,51.114,52.872,3.3011e-06
52.149,0.00087124,51.923,53.276,3.1756e-06
52.933,0.00085037,52.709,53.669,3.0236e-06
53.675,0.00082636,53.454,54.042,2.8539e-06
54.561,0.00079197,54.346,54.488,2.6201e-06
55.343,0.00075601,55.134,54.882,2.3868e-06
56.018,0.00072006,55.817,55.223,2.1647e-06
56.588,0.00068547,56.395,55.512,1.9614e-06
57.028,0.00065513,56.842,55.736,1.7914e-06
57.371,0.00062733,57.191,55.91,1.6425e-06
57.612,0.00060245,57.439,56.034,1.5149e-06
57.75,0.0005808,57.583,56.106,1.408e-06
57.788,0.00056159,57.626,56.128,1.3165e-06
57.727,0.00054618,57.57,56.1,1.2454e-06
57.582,0.00053446,57.429,56.029,1.1926e-06
57.368,0.00052624,57.217,55.923,1.1564e-06
57.108,0.00052141,56.96,55.795,1.1355e-06
56.797,0.00051934,56.65,55.64,1.1267e-06
56.432,0.00051988,56.285,55.457,1.1292e-06
56.008,0.00052295,55.862,55.246,1.1429e-06
55.533,0.00052841,55.387,55.008,1.1671e-06
55.004,0.00053633,54.857,54.743,1.2028e-06
54.433,0.00054671,54.285,54.457,1.2502e-06
53.834,0.00055949,53.684,54.157,1.3098e-06
53.217,0.00057481,53.064,53.847,1.383e-06
52.6,0.00059231,52.445,53.537,1.4691e-06
51.99,0.00061179,51.831,53.23,1.5681e-06
51.382,0.00063314,51.22,52.924,1.6802e-06
50.729,0.00065781,50.563,52.596,1.8146e-06
50.064,0.0006846,49.893,52.261,1.9665e-06
49.398,0.00071358,49.223,51.926,2.1378e-06
48.764,0.00074458,48.584,51.606,2.3291e-06
48.35,0.00076834,48.165,51.397,2.4811e-06
48.009,0.00079253,47.82,51.224,2.6407e-06
47.768,0.00081655,47.574,51.101,2.8038e-06
47.653,0.00083959,47.454,51.041,2.9644e-06
47.68,0.00086036,47.476,51.052,3.1125e-06
47.857,0.00087827,47.648,51.138,3.2423e-06
48.183,0.00089241,47.969,51.299,3.3458e-06
48.646,0.00090195,48.428,51.528,3.4156e-06
49.266,0.00090636,49.044,51.836,3.4464e-06
49.986,0.00090463,49.761,52.195,3.4305e-06
50.771,0.00089685,50.544,52.587,3.369e-06
51.584,0.00088346,51.357,52.993,3.2668e-06
52.38,0.00086555,52.155,53.392,3.1337e-06
53.147,0.00084388,52.924,53.777,2.9772e-06
53.868,0.00081942,53.649,54.139,2.8059e-06
54.533,0.00079315,54.317,54.473,2.628e-06
55.367,0.00075478,55.159,54.894,2.379e-06
56.08,0.00071654,55.88,55.255,2.1435e-06
56.675,0.00067986,56.483,55.556,1.9294e-06
57.148,0.00064593,56.964,55.797,1.7414e-06
57.503,0.00061464,57.327,55.978,1.5768e-06
57.716,0.00058761,57.547,56.088,1.4412e-06
57.79,0.00056516,57.627,56.128,1.3332e-06
57.737,0.00054741,57.579,56.104,1.2509e-06
57.578,0.00053426,57.425,56.027,1.1918e-06
57.335,0.00052541,57.185,55.907,1.1528e-06
57.021,0.00052052,56.873,55.751,1.1316e-06
56.637,0.00051928,56.49,55.56,1.1265e-06
56.214,0.00052119,56.067,55.348,1.1351e-06
55.72,0.00052604,55.574,55.102,1.1566e-06
55.16,0.00053383,55.013,54.821,1.1915e-06
54.543,0.00054456,54.395,54.512,1.2403e-06
53.891,0.0005582,53.741,54.185,1.3037e-06
53.225,0.0005746,53.072,53.851,1.382e-06
52.56,0.00059353,52.405,53.517,1.4752e-06
51.902,0.00061478,51.743,53.186,1.5835e-06
51.33,0.00063504,51.168,52.898,1.6903e-06
50.752,0.00065691,50.586,52.607,1.8096e-06
50.165,0.00068044,49.995,52.312,1.9425e-06
49.575,0.00070563,49.401,52.015,2.0901e-06
49.048,0.00073011,48.87,51.749,2.2388e-06
48.56,0.0007558,48.377,51.503,2.4003e-06
48.143,0.0007823,47.955,51.292,2.5726e-06
47.833,0.00080893,47.64,51.134,2.7515e-06
47.672,0.00083299,47.474,51.052,2.918e-06
47.659,0.00085531,47.456,51.043,3.0762e-06
47.808,0.00087481,47.6,51.114,3.2171e-06
48.119,0.0008904,47.906,51.267,3.3311e-06
48.583,0.00090104,48.365,51.497,3.409e-06
49.177,0.00090612,48.955,51.792,3.4449e-06
49.873,0.00090529,49.649,52.139,3.4359e-06
50.638,0.00089856,50.412,52.52,3.3823e-06
51.435,0.00088629,51.208,52.919,3.2882e-06
52.233,0.00086921,52.007,53.318,3.1606e-06
53.007,0.00084818,52.783,53.706,3.0079e-06
53.736,0.00082419,53.516,54.073,2.8389e-06
54.642,0.00078849,54.428,54.529,2.597e-06
55.437,0.00075129,55.23,54.929,2.357e-06
56.119,0.00071429,55.919,55.274,2.1301e-06
56.688,0.00067893,56.496,55.563,1.9241e-06
57.115,0.0006485,56.931,55.78,1.7553e-06
57.441,0.00062082,57.263,55.946,1.6086e-06
57.659,0.00059627,57.488,56.059,1.4839e-06
57.772,0.00057513,57.606,56.118,1.3807e-06
57.78,0.00055657,57.619,56.124,1.2931e-06
57.688,0.00054198,57.532,56.081,1.2263e-06
57.514,0.0005312,57.362,55.996,1.1782e-06
57.272,0.00052402,57.123,55.876,1.1467e-06
56.988,0.00052025,56.841,55.735,1.1305e-06
56.65,0.00051925,56.504,55.567,1.1264e-06
56.255,0.00052091,56.108,55.369,1.1338e-06
55.798,0.00052515,55.652,55.141,1.1526e-06
55.3,0.00053168,55.154,54.892,1.1818e-06
54.754,0.00054065,54.607,54.618,1.2224e-06
54.173,0.00055202,54.024,54.327,1.2748e-06
53.572,0.00056573,53.421,54.025,1.3394e-06
52.979,0.0005813,52.825,53.727,1.4147e-06
52.389,0.00059881,52.233,53.431,1.5018e-06
51.805,0.00061811,51.645,53.137,1.6008e-06
51.22,0.00063909,51.057,52.843,1.7121e-06
50.617,0.0006622,50.45,52.54,1.8391e-06
50.004,0.00068712,49.833,52.231,1.9811e-06
49.392,0.00071389,49.216,51.922,2.1397e-06
48.806,0.00074238,48.626,51.627,2.3152e-06
48.387,0.00076607,48.202,51.415,2.4663e-06
48.038,0.00079023,47.848,51.239,2.6253e-06
47.786,0.00081429,47.593,51.111,2.7882e-06
47.658,0.00083746,47.459,51.044,2.9493e-06
47.671,0.00085845,47.467,51.048,3.0987e-06
47.833,0.00087669,47.625,51.127,3.2308e-06
48.145,0.00089123,47.931,51.28,3.3372e-06
48.596,0.00090125,48.378,51.503,3.4105e-06
49.203,0.0009062,48.981,51.805,3.4454e-06
49.912,0.00090507,49.687,52.158,3.4341e-06
50.689,0.00089791,50.463,52.546,3.3773e-06
51.498,0.00088511,51.272,52.95,3.2793e-06
52.295,0.0008677,52.069,53.349,3.1495e-06
53.065,0.00084643,52.841,53.735,2.9954e-06
53.79,0.00082229,53.569,54.099,2.8257e-06
54.459,0.00079623,54.244,54.436,2.6485e-06
55.335,0.00075638,55.126,54.878,2.3891e-06
56.08,0.00071659,55.88,55.255,2.1438e-06
56.696,0.00067846,56.504,55.567,1.9214e-06
57.18,0.00064335,56.997,55.813,1.7275e-06
57.517,0.00061317,57.341,55.985,1.5692e-06
57.719,0.00058704,57.55,56.09,1.4384e-06
57.79,0.00056525,57.627,56.128,1.3337e-06
57.74,0.0005479,57.582,56.106,1.2532e-06
57.59,0.00053492,57.436,56.033,1.1947e-06
57.359,0.00052602,57.209,55.919,1.1554e-06
57.06,0.00052088,56.912,55.771,1.1332e-06
56.696,0.00051924,56.549,55.589,1.1263e-06
56.304,0.00052057,56.158,55.394,1.1323e-06
55.85,0.00052456,55.704,55.167,1.15e-06
55.333,0.0005312,55.187,54.908,1.1796e-06
54.762,0.00054051,54.614,54.622,1.2217e-06
54.151,0.00055248,54.002,54.316,1.2769e-06
53.521,0.000567,53.369,53.999,1.3454e-06
52.886,0.00058391,52.732,53.681,1.4275e-06
52.257,0.00060303,52.1,53.364,1.5232e-06
51.74,0.00062036,51.58,53.105,1.6126e-06
51.222,0.00063901,51.059,52.844,1.7117e-06
50.699,0.00065898,50.532,52.581,1.8211e-06
50.169,0.00068028,49.999,52.314,1.9416e-06
49.642,0.00070265,49.468,52.049,2.0724e-06
49.126,0.00072636,48.948,51.788,2.2157e-06
48.641,0.00075126,48.459,51.544,2.3713e-06
48.218,0.00077701,48.031,51.33,2.5377e-06
47.898,0.00080232,47.706,51.167,2.7066e-06
47.699,0.00082711,47.503,51.066,2.8769e-06
47.649,0.00085037,47.447,51.038,3.0409e-06
47.763,0.00087099,47.555,51.092,3.1893e-06
48.039,0.00088741,47.826,51.228,3.3092e-06
48.47,0.00089917,48.253,51.441,3.3953e-06
49.037,0.00090551,48.816,51.722,3.4409e-06
49.714,0.000906,49.489,52.059,3.4418e-06
50.52,0.00089992,50.294,52.461,3.393e-06
51.37,0.00088747,51.143,52.886,3.2972e-06
52.224,0.00086944,51.998,53.313,3.1623e-06
53.05,0.00084688,52.826,53.728,2.9986e-06
53.857,0.00081982,53.637,54.133,2.8087e-06
54.595,0.00079051,54.381,54.505,2.6104e-06
55.258,0.00076011,55.049,54.839,2.4128e-06
55.845,0.00072967,55.642,55.136,2.223e-06
56.377,0.00069885,56.18,55.405,2.0388e-06
56.827,0.00066953,56.638,55.634,1.8711e-06
57.195,0.00064221,57.012,55.821,1.7214e-06
57.477,0.0006173,57.3,55.965,1.5904e-06
57.689,0.00059193,57.519,56.074,1.4624e-06
57.784,0.0005704,57.619,56.124,1.3581e-06
57.767,0.00055283,57.608,56.119,1.2758e-06
57.655,0.00053918,57.5,56.065,1.2137e-06
57.46,0.0005291,57.308,55.969,1.1689e-06
57.197,0.00052266,57.048,55.839,1.1409e-06
56.873,0.00051959,56.725,55.677,1.1277e-06
56.486,0.00051966,56.339,55.484,1.1282e-06
56.002,0.000523,55.856,55.243,1.1431e-06
55.439,0.00052969,55.293,54.961,1.1729e-06
54.804,0.00053976,54.657,54.643,1.2183e-06
54.118,0.00055319,53.969,54.299,1.2802e-06
53.397,0.00057011,53.246,53.938,1.3604e-06
52.674,0.00059008,52.519,53.574,1.458e-06
51.959,0.00061282,51.8,53.215,1.5734e-06
51.247,0.00063812,51.084,52.856,1.7069e-06
50.578,0.00066371,50.411,52.52,1.8475e-06
49.899,0.00069155,49.727,52.178,2.0069e-06
49.225,0.00072165,49.048,51.838,2.1868e-06
48.596,0.00075375,48.414,51.521,2.3872e-06
48.19,0.00077891,48.003,51.316,2.5503e-06
47.878,0.00080428,47.686,51.157,2.7199e-06
47.69,0.00082904,47.493,51.061,2.8904e-06
47.651,0.0008522,47.449,51.039,3.054e-06
47.768,0.00087149,47.561,51.095,3.1929e-06
48.036,0.00088731,47.824,51.226,3.3085e-06
48.449,0.0008988,48.232,51.431,3.3926e-06
48.991,0.00090525,48.77,51.699,3.4391e-06
49.705,0.00090601,49.481,52.055,3.442e-06
50.503,0.00090011,50.277,52.453,3.3944e-06
51.345,0.00088792,51.118,52.874,3.3005e-06
52.193,0.00087019,51.967,53.298,3.1678e-06
52.987,0.00084876,52.763,53.696,3.0121e-06
53.737,0.0008242,53.516,54.073,2.839e-06
54.428,0.00079755,54.212,54.421,2.6573e-06
55.056,0.00076977,54.845,54.737,2.4747e-06
55.721,0.00073643,55.516,55.073,2.2644e-06
56.296,0.00070378,56.098,55.364,2.0677e-06
56.782,0.00067265,56.591,55.61,1.8887e-06
57.176,0.00064371,56.993,55.811,1.7295e-06
57.497,0.0006152,57.321,55.975,1.5797e-06
57.7,0.00059024,57.53,56.08,1.4541e-06
57.786,0.00056909,57.622,56.126,1.3519e-06
57.763,0.00055187,57.604,56.117,1.2714e-06
57.646,0.00053854,57.491,56.061,1.2109e-06
57.454,0.00052889,57.302,55.966,1.168e-06
57.198,0.00052267,57.049,55.839,1.1409e-06
56.884,0.00051964,56.737,55.683,1.1279e-06
56.408,0.00051996,56.262,55.446,1.1296e-06
55.829,0.00052476,55.682,55.156,1.1509e-06
55.145,0.00053406,54.998,54.814,1.1925e-06
54.378,0.0005478,54.23,54.43,1.2552e-06
53.792,0.00056047,53.642,54.136,1.3144e-06
53.198,0.00057532,53.045,53.837,1.3855e-06
52.605,0.00059218,52.449,53.539,1.4685e-06
52.017,0.0006109,51.859,53.244,1.5635e-06
51.498,0.00062894,51.337,52.983,1.6578e-06
50.975,0.00064831,50.811,52.72,1.7622e-06
50.446,0.00066901,50.278,52.453,1.8774e-06
49.91,0.00069109,49.738,52.184,2.0042e-06
49.384,0.00071423,49.208,51.919,2.1418e-06
48.878,0.00073867,48.698,51.663,2.292e-06
48.418,0.00076418,48.234,51.431,2.4541e-06
48.037,0.00079027,47.848,51.238,2.6256e-06
47.768,0.00081648,47.574,51.101,2.8033e-06
47.649,0.00084151,47.45,51.039,2.9779e-06
47.703,0.00086414,47.498,51.063,3.1397e-06
47.942,0.00088307,47.731,51.18,3.2774e-06
48.353,0.00089683,48.138,51.383,3.3782e-06
48.922,0.00090475,48.701,51.665,3.4356e-06
49.616,0.00090627,49.392,52.011,3.4443e-06
50.4,0.00090122,50.174,52.402,3.4031e-06
51.204,0.00089036,50.977,52.803,3.3191e-06
52.017,0.00087431,51.79,53.21,3.1984e-06
52.811,0.00085393,52.586,53.608,3.0492e-06
53.564,0.00083022,53.343,53.986,2.8809e-06
54.427,0.00079761,54.21,54.42,2.6578e-06
55.194,0.00076328,54.984,54.807,2.433e-06
55.864,0.00072869,55.661,55.145,2.217e-06
56.436,0.00069512,56.241,55.435,2.0171e-06
56.894,0.00066483,56.706,55.668,1.8449e-06
57.261,0.0006368,57.08,55.855,1.6926e-06
57.533,0.00061145,57.358,55.994,1.5604e-06
57.707,0.00058908,57.538,56.084,1.4484e-06
57.786,0.00056878,57.622,56.126,1.3504e-06
57.764,0.00055215,57.605,56.117,1.2727e-06
57.655,0.00053913,57.5,56.065,1.2135e-06
57.473,0.00052957,57.321,55.975,1.171e-06
57.238,0.00052336,57.089,55.859,1.1439e-06
56.952,0.00052,56.805,55.717,1.1294e-06
56.614,0.00051931,56.467,55.548,1.1266e-06
56.22,0.00052116,56.074,55.352,1.1349e-06
55.759,0.00052559,55.613,55.121,1.1546e-06
55.239,0.00053261,55.092,54.861,1.186e-06
54.667,0.00054225,54.519,54.574,1.2297e-06
54.059,0.00055446,53.91,54.27,1.2861e-06
53.4,0.00057003,53.249,53.939,1.36e-06
52.74,0.00058816,52.585,53.607,1.4485e-06
52.085,0.00060861,51.927,53.278,1.5517e-06
51.435,0.00063122,51.273,52.951,1.6699e-06
50.732,0.00065769,50.565,52.597,1.8139e-06
50.015,0.00068666,49.843,52.236,1.9785e-06
49.299,0.00071818,49.122,51.876,2.1657e-06
48.628,0.00075197,48.446,51.538,2.3758e-06
48.226,0.00077642,48.04,51.334,2.5338e-06
47.911,0.00080112,47.719,51.174,2.6985e-06
47.709,0.00082537,47.513,51.071,2.8648e-06
47.646,0.00084826,47.445,51.037,3.0258e-06
47.734,0.00086804,47.528,51.078,3.1679e-06
47.972,0.00088455,47.761,51.195,3.2883e-06
48.357,0.00089692,48.141,51.385,3.3789e-06
48.874,0.0009044,48.654,51.641,3.4331e-06
49.57,0.00090637,49.346,51.988,3.4452e-06
50.359,0.00090162,50.133,52.381,3.4063e-06
51.198,0.00089045,50.971,52.8,3.3198e-06
52.05,0.00087355,51.824,53.226,3.1927e-06
52.844,0.00085296,52.62,53.624,3.0423e-06
53.597,0.00082911,53.376,54.003,2.8731e-06
54.295,0.00080299,54.078,54.354,2.6939e-06
54.931,0.00077559,54.719,54.674,2.5124e-06
55.625,0.00074149,55.42,55.025,2.2958e-06
56.226,0.00070797,56.028,55.329,2.0925e-06
56.734,0.00067592,56.542,55.586,1.9071e-06
57.146,0.0006461,56.962,55.796,1.7424e-06
57.476,0.00061733,57.3,55.965,1.5906e-06
57.689,0.00059208,57.518,56.074,1.4632e-06
57.783,0.00057063,57.619,56.124,1.3592e-06
57.768,0.0005531,57.609,56.119,1.277e-06
57.659,0.00053947,57.503,56.067,1.215e-06
57.472,0.00052953,57.32,55.975,1.1709e-06
57.221,0.00052305,57.071,55.85,1.1426e-06
56.912,0.00051977,56.764,55.697,1.1285e-06
56.464,0.00051972,56.317,55.473,1.1285e-06
55.92,0.00052379,55.774,55.202,1.1466e-06
55.281,0.00053198,55.134,54.882,1.1831e-06
54.56,0.00054425,54.412,54.521,1.2389e-06
53.769,0.00056103,53.618,54.124,1.3171e-06
52.962,0.00058177,52.809,53.719,1.4169e-06
52.163,0.00060607,52.005,53.317,1.5386e-06
51.369,0.00063362,51.207,52.918,1.6827e-06
50.625,0.00066186,50.458,52.544,1.8371e-06
49.867,0.0006929,49.695,52.162,2.0148e-06
49.117,0.00072678,48.94,51.784,2.2183e-06
48.437,0.00076303,48.253,51.441,2.4467e-06
48.049,0.00078929,47.86,51.245,2.6191e-06
47.777,0.00081545,47.583,51.106,2.7962e-06
47.651,0.00084049,47.452,51.04,2.9707e-06
47.697,0.00086322,47.492,51.06,3.1331e-06
47.901,0.00088093,47.691,51.16,3.2617e-06
48.258,0.00089454,48.044,51.336,3.3615e-06
48.756,0.00090326,48.537,51.583,3.425e-06
49.371,0.00090652,49.148,51.889,3.4471e-06
50.187,0.00090317,49.961,52.295,3.4186e-06
51.069,0.00089253,50.842,52.736,3.3357e-06
51.971,0.00087535,51.744,53.187,3.2061e-06
52.851,0.00085276,52.627,53.628,3.0408e-06
53.647,0.00082735,53.426,54.028,2.8609e-06
54.381,0.00079951,54.164,54.397,2.6705e-06
55.045,0.00077033,54.834,54.732,2.4784e-06
55.638,0.00074082,55.432,55.031,2.2916e-06
56.198,0.00070959,56,55.315,2.1021e-06
56.678,0.00067964,56.486,55.558,1.9281e-06
57.076,0.00065153,56.89,55.76,1.7718e-06
57.388,0.00062571,57.209,55.919,1.6341e-06
57.647,0.00059797,57.475,56.052,1.4924e-06
57.774,0.00057441,57.609,56.119,1.3772e-06
57.776,0.0005552,57.616,56.123,1.2868e-06
57.67,0.00054035,57.515,56.072,1.219e-06
57.473,0.00052958,57.321,55.976,1.1711e-06
57.203,0.00052275,57.053,55.842,1.1413e-06
56.866,0.00051956,56.719,55.674,1.1276e-06
56.461,0.00051976,56.315,55.472,1.1287e-06
55.972,0.00052329,55.826,55.228,1.1444e-06
55.402,0.0005302,55.256,54.943,1.1752e-06
54.762,0.00054052,54.614,54.622,1.2218e-06
54.071,0.0005542,53.922,54.276,1.285e-06
53.366,0.00057091,53.214,53.922,1.3642e-06
52.66,0.00059053,52.505,53.567,1.4602e-06
51.96,0.00061277,51.802,53.216,1.5731e-06
51.264,0.00063747,51.101,52.865,1.7034e-06
50.6,0.00066288,50.432,52.531,1.8428e-06
49.924,0.0006905,49.752,52.19,2.0008e-06
49.252,0.00072038,49.075,51.852,2.1791e-06
48.623,0.00075225,48.441,51.535,2.3776e-06
48.217,0.00077706,48.03,51.33,2.5381e-06
47.9,0.00080212,47.709,51.169,2.7053e-06
47.702,0.00082668,47.506,51.067,2.8739e-06
47.648,0.00084977,47.446,51.037,3.0366e-06
47.746,0.00086936,47.54,51.084,3.1775e-06
47.996,0.00088562,47.784,51.206,3.2961e-06
48.391,0.00089765,48.175,51.402,3.3843e-06
48.918,0.00090475,48.697,51.663,3.4356e-06
49.62,0.00090626,49.396,52.012,3.4442e-06
50.412,0.00090108,50.186,52.407,3.4021e-06
51.252,0.00088955,51.025,52.827,3.3129e-06
52.101,0.00087236,51.875,53.252,3.1839e-06
52.896,0.00085147,52.671,53.65,3.0315e-06
53.647,0.00082737,53.426,54.028,2.8609e-06
54.343,0.00080106,54.126,54.378,2.6809e-06
54.976,0.00077352,54.764,54.697,2.499e-06
55.659,0.00073971,55.454,55.042,2.2847e-06
56.25,0.00070652,56.052,55.341,2.0839e-06
56.75,0.00067482,56.559,55.594,1.9009e-06
57.156,0.00064533,56.972,55.801,1.7382e-06
57.483,0.00061668,57.306,55.968,1.5873e-06
57.692,0.00059155,57.522,56.076,1.4606e-06
57.784,0.00057021,57.62,56.125,1.3572e-06
57.767,0.00055279,57.608,56.119,1.2756e-06
57.656,0.00053925,57.501,56.065,1.214e-06
57.468,0.00052939,57.316,55.973,1.1702e-06
57.216,0.00052298,57.067,55.848,1.1422e-06
56.907,0.00051975,56.759,55.694,1.1284e-06
56.453,0.00051976,56.307,55.468,1.1287e-06
55.903,0.00052397,55.757,55.193,1.1474e-06
55.255,0.00053235,55.109,54.869,1.1848e-06
54.526,0.0005449,54.378,54.504,1.2419e-06
53.713,0.00056235,53.563,54.096,1.3233e-06
52.886,0.00058392,52.732,53.681,1.4275e-06
52.067,0.00060919,51.909,53.269,1.5547e-06
51.254,0.00063786,51.091,52.86,1.7055e-06
50.499,0.00066686,50.331,52.48,1.8652e-06
49.731,0.00069875,49.558,52.093,2.0492e-06
48.98,0.00073352,48.801,51.715,2.2599e-06
48.316,0.00077055,48.13,51.38,2.4955e-06
47.965,0.00079621,47.775,51.202,2.6654e-06
47.732,0.00082154,47.537,51.083,2.8382e-06
47.646,0.00084556,47.446,51.037,3.0067e-06
47.726,0.00086712,47.52,51.074,3.1612e-06
47.965,0.00088421,47.754,51.191,3.2857e-06
48.358,0.00089693,48.142,51.385,3.379e-06
48.889,0.00090452,48.669,51.649,3.434e-06
49.535,0.00090644,49.311,51.97,3.4459e-06
50.345,0.00090176,50.119,52.374,3.4074e-06
51.209,0.00089027,50.982,52.805,3.3184e-06
52.085,0.00087274,51.859,53.244,3.1867e-06
52.937,0.00085027,52.713,53.671,3.0228e-06
53.737,0.00082416,53.517,54.073,2.8387e-06
54.473,0.00079569,54.257,54.443,2.6449e-06
55.137,0.00076599,54.926,54.778,2.4504e-06
55.727,0.00073608,55.523,55.076,2.2623e-06
56.275,0.00070504,56.077,55.353,2.0751e-06
56.742,0.00067537,56.551,55.59,1.9039e-06
57.127,0.00064761,56.942,55.786,1.7505e-06
57.426,0.00062219,57.248,55.939,1.6157e-06
57.665,0.00059553,57.494,56.062,1.4803e-06
57.778,0.00057288,57.613,56.121,1.3699e-06
57.774,0.0005544,57.614,56.122,1.283e-06
57.666,0.00054005,57.511,56.07,1.2176e-06
57.471,0.00052951,57.319,55.974,1.1707e-06
57.204,0.00052278,57.055,55.842,1.1414e-06
56.874,0.00051959,56.726,55.678,1.1277e-06
56.477,0.0005197,56.331,55.48,1.1284e-06
55.989,0.00052312,55.843,55.236,1.1436e-06
55.42,0.00052995,55.274,54.952,1.174e-06
54.78,0.0005402,54.632,54.631,1.2203e-06
54.088,0.00055384,53.939,54.284,1.2832e-06
53.917,0.0005576,53.767,54.198,1.3009e-06
53.746,0.00056156,53.595,54.112,1.3196e-06
53.573,0.0005657,53.422,54.026,1.3392e-06
53.401,0.00057001,53.249,53.939,1.3599e-06
