150,0.0080419,148.39,65.835,0.0097571
149.39,0.0083469,147.73,67.232,0.010138
148.72,0.0086571,147.01,68.621,0.010525
147.99,0.0089725,146.24,70.001,0.010917
147.23,0.0092917,145.43,71.364,0.011313
146.2,0.0097146,144.33,73.12,0.011837
145.15,0.010133,143.23,74.802,0.012355
144.1,0.01055,142.11,76.427,0.012869
142.98,0.010981,140.93,78.058,0.013398
141.88,0.011396,139.77,79.592,0.013907
140.58,0.011874,138.41,81.312,0.01449
139.02,0.012444,136.77,83.302,0.015183
137.14,0.013137,134.8,85.626,0.016024
135.1,0.013907,132.66,88.088,0.016955
132.78,0.014817,130.23,90.847,0.018052
130.22,0.015873,127.54,93.862,0.019321
127.47,0.017072,124.64,97.071,0.020759
124.4,0.018495,121.41,100.62,0.022458
121.26,0.020045,118.11,104.21,0.024304
118.14,0.021701,114.81,107.77,0.026265
115.05,0.02344,111.55,111.25,0.028316
111.28,0.025723,107.55,115.49,0.030995
107.64,0.02809,103.7,119.54,0.033752
104.15,0.030519,99.994,123.4,0.036563
100.81,0.032983,96.46,127.05,0.039392
97.367,0.03568,92.806,130.8,0.042461
94.169,0.03831,89.419,134.24,0.045425
91.229,0.040826,86.309,137.37,0.048231
88.527,0.043211,83.456,140.22,0.050861
86.54,0.045005,81.362,142.29,0.05282
84.668,0.046723,79.393,144.23,0.054678
82.911,0.048352,77.549,146.03,0.056424
81.282,0.049866,75.844,147.68,0.058027
79.805,0.051224,74.302,149.15,0.059445
78.5,0.052386,72.947,150.42,0.06064
77.372,0.053338,71.781,151.49,0.061596
76.404,0.054094,70.786,152.37,0.062333
75.354,0.054838,69.715,153.28,0.06303
74.406,0.055473,68.751,154.09,0.063607
73.49,0.056093,67.82,154.87,0.064167
72.59,0.05672,66.906,155.65,0.064732
71.973,0.057148,66.28,156.18,0.065114
71.398,0.057528,65.698,156.67,0.065444
70.87,0.057851,65.167,157.11,0.065714
70.375,0.058141,64.669,157.51,0.065947
69.952,0.058401,64.243,157.86,0.066161
69.482,0.058741,63.768,158.28,0.06646
68.919,0.059234,63.192,158.81,0.06692
68.21,0.05996,62.461,159.54,0.067625
67.305,0.061002,61.522,160.51,0.068659
66.165,0.06243,60.335,161.78,0.070091
64.771,0.064295,58.88,163.37,0.071965
63.121,0.066622,57.158,165.27,0.0743
61.222,0.069429,55.178,167.49,0.077099
59.121,0.072667,52.996,169.96,0.080298
56.869,0.076276,50.664,172.62,0.083821
54.517,0.080175,48.243,175.4,0.087572
53.298,0.082243,46.994,176.84,0.089535
52.075,0.084348,45.744,178.29,0.091514
50.852,0.086478,44.501,179.73,0.093496
49.635,0.088622,43.268,181.17,0.095468
48.922,0.089886,42.548,182.01,0.096621
45.534,0.091575,39.333,184.9,0.096843
42.432,0.093565,36.395,187.76,0.097417
39.596,0.09577,33.714,190.56,0.098247
37.001,0.098127,31.271,193.28,0.099259
34.507,0.10071,28.933,196.03,0.10046
32.236,0.10335,26.818,198.66,0.10176
30.175,0.10599,24.911,201.14,0.10309
28.315,0.10856,23.202,203.45,0.10441
26.631,0.11104,21.666,205.6,0.10568
25.139,0.11335,20.317,207.55,0.10686
23.829,0.11547,19.141,209.29,0.10793
22.684,0.11738,18.12,210.85,0.10889
21.684,0.1191,17.236,212.22,0.10976
20.811,0.12066,16.467,213.44,0.11054
20.046,0.12208,15.798,214.52,0.11127
19.381,0.12336,15.218,215.47,0.11193
18.826,0.12447,14.737,216.27,0.11252
18.364,0.12541,14.338,216.94,0.11302
18,0.12615,14.024,217.47,0.1134
17.736,0.12666,13.798,217.85,0.11364
17.574,0.1269,13.66,218.08,0.11372
17.5,0.12691,13.599,218.17,0.11364
17.498,0.12671,13.6,218.15,0.11342
17.547,0.12636,13.646,218.05,0.11309
17.628,0.12591,13.72,217.9,0.11269
17.718,0.12542,13.802,217.73,0.11225
17.806,0.12493,13.882,217.57,0.11182
17.891,0.12444,13.961,217.41,0.11138
17.971,0.12399,14.034,217.26,0.11098
18.063,0.12349,14.118,217.08,0.11054
18.173,0.12293,14.218,216.88,0.11006
18.301,0.12231,14.335,216.65,0.10952
18.433,0.12167,14.455,216.41,0.10897
18.554,0.12105,14.566,216.19,0.10843
18.633,0.12055,14.641,216.03,0.10797
18.634,0.12029,14.646,216,0.10769
18.53,0.12038,14.557,216.14,0.10767
18.291,0.12091,14.35,216.49,0.10797
17.892,0.12198,14,217.12,0.10868
17.31,0.1237,13.491,218.05,0.10988
16.551,0.12609,12.83,219.27,0.11157
15.606,0.12922,12.013,220.81,0.11383
14.488,0.13312,11.057,222.64,0.11666
13.215,0.13779,9.9841,224.73,0.12007
12.78,0.13944,9.621,225.45,0.12129
12.333,0.14118,9.2501,226.18,0.12256
11.875,0.14299,8.8726,226.93,0.12389
11.408,0.14487,8.4896,227.7,0.12529
10.933,0.14683,8.1022,228.49,0.12674
10.45,0.14887,7.7116,229.28,0.12826
9.9607,0.15098,7.3187,230.09,0.12984
9.4667,0.15316,6.9247,230.9,0.13149
8.4678,0.15776,6.1368,232.54,0.13498
7.4611,0.16267,5.3551,234.18,0.13876
6.4521,0.16789,4.5847,235.82,0.14285
5.4433,0.17343,3.8279,237.45,0.14725
5.3041,0.17422,3.7247,237.67,0.14788
5.1649,0.17501,3.6217,237.9,0.14851
5.0257,0.17581,3.5189,238.12,0.14915
4.8864,0.17661,3.4163,238.34,0.1498
4.7469,0.17742,3.3139,238.56,0.15044
4.6074,0.17823,3.2118,238.79,0.15109
4.4676,0.17904,3.1098,239.01,0.15174
4.3277,0.17986,3.0079,239.23,0.1524
4.047,0.18149,2.8045,239.67,0.15371
3.765,0.18313,2.6012,240.11,0.15502
3.4811,0.18476,2.3979,240.56,0.15631
3.1948,0.18638,2.1942,241,0.15758
3.0679,0.18708,2.1042,241.2,0.15813
2.9402,0.18778,2.014,241.39,0.15867
2.8119,0.18847,1.9236,241.59,0.1592
2.6829,0.18915,1.833,241.79,0.15972
2.553,0.18982,1.742,241.99,0.16022
2.4223,0.19048,1.6506,242.18,0.16071
2.2906,0.19113,1.5589,242.38,0.16118
2.1579,0.19176,1.4667,242.59,0.16163
2.0047,0.19247,1.3605,242.82,0.16213
1.8499,0.19315,1.2537,243.05,0.1626
1.6936,0.19381,1.1461,243.29,0.16304
1.5355,0.19445,1.0376,243.52,0.16346
1.4009,0.195,0.94547,243.73,0.16381
1.2649,0.19552,0.85264,243.93,0.16413
1.1274,0.19601,0.75908,244.14,0.16441
0.98866,0.1965,0.66484,244.34,0.16468
0.91186,0.19678,0.61278,244.46,0.16486
0.83461,0.19706,0.56048,244.58,0.16502
0.75689,0.19734,0.50794,244.69,0.16517
0.67872,0.19761,0.45517,244.81,0.16533
0.60014,0.19791,0.40219,244.93,0.16551
0.52106,0.1982,0.34895,245.05,0.16567
0.44144,0.19844,0.29544,245.16,0.16579
0.36139,0.1987,0.2417,245.28,0.16593
0.32309,0.19886,0.21601,245.34,0.16603
0.28466,0.199,0.19025,245.4,0.16611
0.24611,0.19913,0.16443,245.46,0.16618
0.20745,0.19926,0.13855,245.51,0.16625
0.16869,0.19941,0.11263,245.57,0.16634
0.12981,0.19955,0.086639,245.63,0.16642
0.090816,0.19968,0.060593,245.69,0.16649
0.051712,0.19981,0.034491,245.75,0.16656
0.0010609,0.20003,0.00070723,245.83,0.1667
0.054044,0.20023,0.036011,245.91,0.16682
0.10721,0.20036,0.071404,245.99,0.16686
0.16057,0.20052,0.1069,246.07,0.16693
0.20525,0.20073,0.13658,246.13,0.16707
0.25006,0.2009,0.16633,246.2,0.16718
0.29496,0.20103,0.19613,246.27,0.16723
0.34,0.20116,0.226,246.33,0.1673
0.38523,0.20134,0.25595,246.4,0.1674
0.43058,0.20151,0.28597,246.47,0.1675
0.47606,0.20167,0.31605,246.54,0.16759
0.52168,0.20182,0.34619,246.61,0.16767
0.58761,0.20206,0.38972,246.7,0.1678
0.65381,0.20229,0.43337,246.8,0.16793
0.72028,0.20253,0.47715,246.9,0.16806
0.78702,0.20276,0.52106,247,0.16819
0.92094,0.20323,0.609,247.2,0.16845
1.0559,0.2037,0.69739,247.4,0.16871
1.1917,0.20418,0.78619,247.61,0.16896
1.3285,0.20466,0.87536,247.81,0.16923
1.6045,0.20563,1.0546,248.22,0.16975
1.8833,0.2066,1.2348,248.64,0.17027
2.1645,0.20759,1.4156,249.06,0.1708
2.4474,0.20858,1.5966,249.48,0.17133
3.0163,0.21057,1.9577,250.33,0.17238
3.5862,0.21256,2.3157,251.18,0.17342
4.154,0.21453,2.6686,252.03,0.17443
4.7173,0.21649,3.0151,252.86,0.17543
5.824,0.22031,3.6851,254.5,0.17734
6.8985,0.22398,4.3224,256.08,0.17913
7.9369,0.2275,4.9258,257.6,0.18079
8.937,0.23085,5.4958,259.05,0.18232
10.138,0.2348,6.1659,260.75,0.18406
11.277,0.23848,6.7869,262.32,0.1856
12.353,0.24187,7.3609,263.75,0.18695
13.365,0.24497,7.89,265.02,0.1881
15.194,0.2503,8.8208,267,0.18987
16.759,0.25451,9.5927,268.16,0.19096
18.062,0.25763,10.22,268.47,0.19143
19.113,0.25975,10.717,268,0.19139
19.93,0.26099,11.099,266.97,0.19091
20.543,0.2615,11.385,265.62,0.19009
20.98,0.26141,11.591,264.21,0.18902
21.271,0.26084,11.731,262.94,0.18776
21.437,0.25993,11.816,261.95,0.1864
21.499,0.25873,11.855,261.31,0.18497
21.462,0.25728,11.85,261.09,0.18348
21.33,0.25561,11.802,261.31,0.18197
21.094,0.25368,11.708,261.98,0.18041
20.764,0.25159,11.569,262.99,0.17887
20.352,0.24938,11.391,264.18,0.17738
19.877,0.24713,11.182,265.38,0.17598
19.26,0.24447,10.905,266.63,0.17446
18.63,0.24199,10.615,267.54,0.17315
18.012,0.23975,10.326,268.12,0.17208
17.41,0.23776,10.039,268.41,0.17124
16.986,0.23647,9.8333,268.47,0.17077
16.555,0.23524,9.6218,268.43,0.17038
16.112,0.23408,9.4025,268.29,0.17009
15.664,0.23299,9.1778,268.06,0.16989
15.244,0.23206,8.9646,267.77,0.16979
14.859,0.23131,8.7668,267.45,0.16982
14.545,0.23084,8.6034,267.15,0.16999
14.348,0.23078,8.4989,266.93,0.17035
14.315,0.23119,8.4788,266.88,0.17087
14.468,0.23215,8.5541,267.01,0.17159
14.846,0.23375,8.7433,267.33,0.17249
15.476,0.23601,9.0587,267.82,0.17357
16.366,0.2389,9.4988,268.31,0.17476
17.527,0.2424,10.062,268.44,0.17601
18.948,0.24641,10.737,267.4,0.17724
20.606,0.25077,11.501,263.48,0.17833
22.667,0.25575,12.421,251.69,0.17924
24.9,0.26058,13.382,225.02,0.17967
27.226,0.26492,14.349,178.7,0.17947
29.566,0.26848,15.293,123.2,0.17854
31.735,0.2709,16.149,81.058,0.17692
33.788,0.27225,16.949,56.41,0.17456
35.679,0.27243,17.688,44.466,0.17149
37.379,0.27147,18.362,39.21,0.16777
39.285,0.26857,19.149,36.686,0.16204
40.824,0.26401,19.836,36.036,0.15554
42.009,0.25808,20.433,36.019,0.14847
42.863,0.25106,20.947,36.21,0.14103
43.399,0.24356,21.37,36.449,0.13372
43.68,0.23554,21.727,36.687,0.12638
43.731,0.22718,22.018,36.905,0.11913
43.574,0.21867,22.244,37.091,0.11209
43.201,0.20947,22.417,37.253,0.10478
42.652,0.20043,22.519,37.372,0.09787
41.969,0.19168,22.557,37.453,0.091403
41.189,0.1833,22.539,37.499,0.085402
40.335,0.17522,22.475,37.517,0.079782
39.443,0.16762,22.371,37.51,0.07463
38.531,0.16051,22.232,37.48,0.069925
37.603,0.15386,22.058,37.429,0.06564
36.471,0.1465,21.804,37.339,0.06103
35.314,0.13976,21.497,37.218,0.056939
34.141,0.1336,21.139,37.07,0.053328
32.973,0.12801,20.743,36.901,0.050155
32.018,0.12375,20.395,36.753,0.0478
31.102,0.11985,20.042,36.605,0.045698
30.234,0.11631,19.692,36.465,0.043824
29.412,0.11309,19.347,36.334,0.042153
28.775,0.11069,19.069,36.237,0.040936
28.156,0.10846,18.79,36.15,0.039829
27.549,0.1064,18.508,36.075,0.038825
26.956,0.10448,18.222,36.019,0.037918
26.39,0.10274,17.942,35.988,0.037117
25.857,0.10116,17.672,35.99,0.036399
25.378,0.099734,17.427,36.025,0.03576
24.981,0.09849,17.226,36.084,0.035191
24.713,0.097501,17.096,36.137,0.034714
24.573,0.096688,17.041,36.161,0.034278
24.585,0.096049,17.078,36.135,0.033869
24.765,0.095567,17.22,36.069,0.033469
25.114,0.095216,17.469,36.004,0.033065
25.632,0.094941,17.826,35.988,0.032629
26.308,0.094684,18.288,36.062,0.03214
27.118,0.094381,18.843,36.237,0.03158
28.111,0.093927,19.528,36.527,0.030879
29.181,0.093271,20.28,36.892,0.030067
30.283,0.092356,21.073,37.302,0.029143
31.374,0.09115,21.883,37.733,0.02811
32.382,0.089691,22.664,38.153,0.027015
33.316,0.087959,23.423,38.564,0.025845
34.157,0.085979,24.147,38.958,0.024617
34.894,0.083785,24.829,39.328,0.023351
35.875,0.079833,25.843,39.881,0.021244
36.59,0.075592,26.727,40.362,0.019158
37.064,0.071215,27.48,40.773,0.017151
37.317,0.06683,28.097,41.111,0.015267
37.369,0.062553,28.574,41.374,0.01354
37.236,0.058447,28.909,41.562,0.011977
36.941,0.054568,29.104,41.677,0.010585
36.518,0.050956,29.175,41.726,0.0093606
36.033,0.047808,29.146,41.722,0.0083488
35.494,0.044916,29.042,41.679,0.0074651
34.916,0.042274,28.876,41.604,0.0066964
34.304,0.039871,28.65,41.497,0.0060299
33.656,0.037692,28.362,41.359,0.0054538
32.966,0.035724,28.011,41.187,0.0049576
32.241,0.033956,27.599,40.984,0.0045322
31.493,0.032378,27.141,40.757,0.0041689
30.868,0.031199,26.737,40.556,0.003908
30.254,0.030137,26.325,40.351,0.0036805
29.658,0.029182,25.914,40.146,0.0034824
29.084,0.028327,25.507,39.943,0.0033101
28.613,0.027678,25.165,39.773,0.003183
28.15,0.027088,24.822,39.601,0.0030705
27.69,0.026554,24.474,39.426,0.0029716
27.232,0.026074,24.121,39.25,0.0028853
26.786,0.025648,23.771,39.074,0.0028113
26.358,0.025273,23.43,38.903,0.002748
25.964,0.024946,23.113,38.744,0.0026942
25.629,0.024667,22.843,38.608,0.0026488
25.391,0.024448,22.653,38.513,0.0026123
25.252,0.024266,22.548,38.461,0.0025803
25.233,0.024118,22.546,38.461,0.0025508
25.35,0.023995,22.662,38.52,0.0025215
25.604,0.023887,22.899,38.641,0.0024909
25.995,0.023779,23.258,38.823,0.0024561
26.515,0.023657,23.735,39.066,0.0024151
27.147,0.023506,24.315,39.361,0.0023666
27.926,0.023295,25.034,39.726,0.0023046
28.774,0.023024,25.824,40.128,0.0022321
29.656,0.022683,26.654,40.55,0.0021494
30.54,0.022272,27.497,40.978,0.0020576
31.375,0.021804,28.306,41.389,0.0019608
32.164,0.021278,29.085,41.784,0.0018587
32.894,0.020702,29.821,42.158,0.0017532
33.557,0.020085,30.506,42.506,0.001646
34.343,0.019205,31.343,42.931,0.001502
35.006,0.018294,32.08,43.305,0.0013618
35.551,0.01737,32.717,43.628,0.0012282
35.98,0.016452,33.252,43.899,0.001103
36.339,0.015404,33.745,44.15,0.00096899
36.54,0.014402,34.09,44.326,0.00084943
36.591,0.01346,34.287,44.427,0.00074458
36.508,0.01259,34.35,44.461,0.00065392
36.341,0.011874,34.308,44.441,0.00058375
36.107,0.01122,34.191,44.384,0.00052323
35.817,0.010629,34.012,44.296,0.00047133
35.48,0.010097,33.777,44.179,0.00042703
35.094,0.0096231,33.485,44.034,0.00038941
34.654,0.0092038,33.132,43.857,0.00035769
34.162,0.0088373,32.718,43.651,0.00033119
33.624,0.0085215,32.251,43.418,0.00030934
33.016,0.0082391,31.711,43.147,0.00029063
32.395,0.0080087,31.149,42.866,0.00027601
31.779,0.0078267,30.584,42.583,0.00026496
31.176,0.0076892,30.023,42.302,0.00025705
30.751,0.007616,29.625,42.102,0.0002531
30.326,0.0075623,29.223,41.901,0.00025048
29.899,0.0075275,28.816,41.697,0.00024913
29.469,0.0075109,28.405,41.49,0.00024901
29.053,0.0075118,28.003,41.289,0.00025004
28.652,0.0075295,27.614,41.094,0.00025218
28.285,0.0075633,27.256,40.914,0.00025536
27.976,0.0076121,26.952,40.761,0.00025945
27.761,0.0076708,26.738,40.653,0.00026401
27.65,0.0077387,26.622,40.595,0.00026897
27.66,0.0078123,26.623,40.595,0.000274
27.808,0.0078866,26.755,40.661,0.00027873
28.092,0.0079548,27.019,40.793,0.00028265
28.511,0.0080122,27.415,40.992,0.00028545
29.053,0.0080529,27.931,41.251,0.00028679
29.701,0.0080717,28.551,41.562,0.00028638
30.551,0.0080604,29.369,41.973,0.0002835
31.464,0.0080101,30.254,42.417,0.00027799
32.397,0.0079198,31.165,42.874,0.00027
33.313,0.0077913,32.066,43.326,0.00025984
34.121,0.0076416,32.866,43.728,0.00024887
34.873,0.0074671,33.619,44.106,0.00023677
35.561,0.0072723,34.315,44.455,0.00022394
36.182,0.0070622,34.949,44.774,0.00021071
36.806,0.0068104,35.595,45.098,0.00019559
37.344,0.0065507,36.161,45.382,0.00018072
37.799,0.0062884,36.648,45.627,0.0001664
38.169,0.0060281,37.053,45.83,0.00015285
38.5,0.0057214,37.43,46.02,0.00013769
38.703,0.0054293,37.68,46.145,0.00012405
38.781,0.0051565,37.807,46.209,0.000112
38.747,0.0049063,37.82,46.216,0.00010151
38.62,0.004681,37.737,46.175,9.2535e-05
38.418,0.004481,37.577,46.095,8.4933e-05
38.155,0.0043062,37.351,45.983,7.8576e-05
37.837,0.0041562,37.067,45.841,7.3335e-05
37.483,0.0040364,36.742,45.678,6.9302e-05
37.074,0.0039375,36.359,45.486,6.6089e-05
36.611,0.0038593,35.918,45.266,6.3637e-05
36.099,0.0038013,35.426,45.02,6.1901e-05
35.553,0.0037634,34.896,44.755,6.0843e-05
34.989,0.003745,34.347,44.48,6.0426e-05
34.424,0.0037451,33.792,44.202,6.0614e-05
33.865,0.0037627,33.24,43.926,6.1376e-05
33.437,0.0037878,32.816,43.713,6.2349e-05
33.009,0.0038223,32.39,43.5,6.3651e-05
32.578,0.003866,31.961,43.285,6.5286e-05
32.144,0.0039188,31.526,43.067,6.7265e-05
31.708,0.0039803,31.09,42.848,6.959e-05
31.279,0.0040508,30.658,42.632,7.2287e-05
30.872,0.0041302,30.247,42.426,7.5359e-05
30.508,0.0042178,29.879,42.241,7.8793e-05
30.23,0.0043072,29.594,42.098,8.233e-05
30.041,0.0044015,29.395,41.998,8.608e-05
29.963,0.0044983,29.305,41.952,8.9935e-05
30.015,0.0045946,29.341,41.97,9.3751e-05
30.199,0.004684,29.509,42.054,9.7249e-05
30.518,0.0047655,29.808,42.204,0.00010037
30.965,0.0048355,30.234,42.417,0.00010294
31.526,0.0048902,30.774,42.687,0.00010481
32.237,0.004929,31.463,43.032,0.00010592
33.025,0.0049439,32.229,43.416,0.000106
33.856,0.004934,33.041,43.823,0.00010504
34.695,0.0048996,33.866,44.236,0.0001031
35.492,0.0048443,34.653,44.631,0.00010039
36.251,0.0047699,35.407,45.008,9.7001e-05
36.958,0.004679,36.114,45.363,9.308e-05
37.608,0.0045749,36.767,45.69,8.8778e-05
38.365,0.0044237,37.535,46.074,8.2813e-05
39.018,0.0042612,38.204,46.41,7.6712e-05
39.568,0.004093,38.775,46.696,7.0693e-05
40.015,0.0039239,39.246,46.932,6.4924e-05
40.431,0.0037148,39.693,47.156,5.8167e-05
40.672,0.0035174,39.969,47.294,5.2155e-05
40.746,0.0033368,40.077,47.349,4.6965e-05
40.671,0.0031767,40.035,47.328,4.2606e-05
40.513,0.0030588,39.903,47.262,3.954e-05
40.287,0.0029572,39.7,47.161,3.6999e-05
40.003,0.0028718,39.436,47.029,3.4938e-05
39.663,0.0028023,39.115,46.868,3.3313e-05
39.265,0.0027483,38.733,46.677,3.2091e-05
38.805,0.0027097,38.286,46.454,3.1251e-05
38.286,0.0026864,37.778,46.199,3.0778e-05
37.718,0.0026785,37.219,45.92,3.0664e-05
37.208,0.0026838,36.715,45.668,3.0848e-05
36.689,0.0026998,36.2,45.41,3.1285e-05
36.17,0.0027262,35.683,45.151,3.1971e-05
35.656,0.0027625,35.171,44.894,3.2904e-05
35.212,0.002802,34.725,44.671,3.3919e-05
34.768,0.0028483,34.28,44.448,3.5125e-05
34.32,0.0029015,33.83,44.223,3.6529e-05
33.869,0.0029614,33.375,43.995,3.8141e-05
33.415,0.003028,32.917,43.766,3.9973e-05
32.968,0.0031015,32.464,43.539,4.2042e-05
32.543,0.0031818,32.034,43.323,4.4353e-05
32.164,0.0032683,31.648,43.13,4.69e-05
31.873,0.003355,31.348,42.979,4.9506e-05
31.674,0.0034449,31.138,42.874,5.2252e-05
31.589,0.003536,31.041,42.825,5.5066e-05
31.636,0.0036256,31.074,42.841,5.785e-05
31.82,0.0037079,31.241,42.925,6.0408e-05
32.139,0.0037824,31.543,43.076,6.2701e-05
32.588,0.003846,31.974,43.291,6.4612e-05
33.151,0.0038957,32.518,43.564,6.604e-05
33.862,0.0039311,33.21,43.91,6.6948e-05
34.646,0.0039459,33.976,44.294,6.7149e-05
35.469,0.0039393,34.784,44.698,6.6642e-05
36.298,0.0039121,35.602,45.108,6.5469e-05
37.084,0.0038672,36.38,45.498,6.3766e-05
37.829,0.0038066,37.123,45.869,6.1609e-05
38.521,0.0037327,37.816,46.216,5.9103e-05
39.154,0.0036482,38.453,46.535,5.6351e-05
39.863,0.0035308,39.171,46.895,5.2684e-05
40.474,0.0034056,39.797,47.208,4.8946e-05
40.99,0.0032766,40.33,47.475,4.5266e-05
41.409,0.0031476,40.768,47.695,4.1745e-05
41.79,0.0029927,41.174,47.898,3.7726e-05
42.015,0.002847,41.425,48.024,3.4143e-05
42.088,0.002714,41.525,48.074,3.104e-05
42.026,0.0025963,41.487,48.055,2.8425e-05
41.851,0.0024954,41.335,47.979,2.6283e-05
41.588,0.0024117,41.093,47.858,2.4575e-05
41.252,0.0023448,40.774,47.699,2.326e-05
40.846,0.0022945,40.383,47.503,2.2302e-05
40.424,0.0022634,39.972,47.298,2.1732e-05
39.94,0.0022449,39.497,47.06,2.1413e-05
39.4,0.0022391,38.964,46.793,2.1339e-05
38.814,0.0022459,38.383,46.503,2.1512e-05
38.203,0.0022653,37.775,46.199,2.1932e-05
37.585,0.0022968,37.158,45.89,2.2596e-05
36.972,0.0023398,36.544,45.582,2.3505e-05
36.366,0.0023937,35.936,45.278,2.466e-05
35.511,0.0024871,35.075,44.847,2.6719e-05
34.639,0.0026016,34.194,44.406,2.9354e-05
33.786,0.0027374,33.33,43.973,3.2634e-05
33.071,0.0028919,32.599,43.607,3.6557e-05
32.804,0.0029821,32.322,43.468,3.8926e-05
32.663,0.0030739,32.169,43.391,4.1382e-05
32.674,0.0031643,32.166,43.389,4.3833e-05
32.851,0.0032498,32.326,43.469,4.6165e-05
33.17,0.0033216,32.628,43.62,4.8116e-05
33.629,0.0033823,33.07,43.841,4.9739e-05
34.21,0.0034291,33.633,44.123,5.0943e-05
34.888,0.0034598,34.295,44.455,5.1661e-05
35.68,0.0034732,35.071,44.843,5.1851e-05
36.51,0.0034667,35.888,45.252,5.1457e-05
37.344,0.003441,36.712,45.664,5.0521e-05
38.152,0.0033979,37.515,46.066,4.9112e-05
38.939,0.0033374,38.3,46.46,4.7256e-05
39.663,0.0032639,39.026,46.823,4.5101e-05
40.316,0.0031804,39.685,47.153,4.2749e-05
40.897,0.0030898,40.275,47.448,4.0295e-05
41.438,0.0029886,40.828,47.725,3.7657e-05
41.899,0.0028851,41.303,47.963,3.5068e-05
42.279,0.0027818,41.699,48.161,3.2585e-05
42.577,0.0026808,42.014,48.319,3.0253e-05
42.829,0.0025616,42.287,48.455,2.762e-05
42.95,0.0024513,42.43,48.527,2.5299e-05
42.949,0.002352,42.45,48.537,2.3302e-05
42.842,0.0022651,42.362,48.493,2.1626e-05
42.642,0.0021898,42.18,48.402,2.0228e-05
42.369,0.0021281,41.923,48.274,1.9122e-05
42.033,0.0020798,41.6,48.113,1.8282e-05
41.635,0.0020445,41.213,47.919,1.7688e-05
41.15,0.0020213,40.738,47.681,1.7314e-05
40.591,0.002012,40.187,47.405,1.7182e-05
39.966,0.0020165,39.567,47.096,1.7292e-05
39.295,0.0020348,38.9,46.762,1.7645e-05
38.633,0.0020652,38.238,46.431,1.8215e-05
37.971,0.0021076,37.575,46.099,1.9013e-05
37.318,0.0021612,36.919,45.77,2.004e-05
36.669,0.0022256,36.265,45.443,2.1304e-05
36.063,0.0022944,35.654,45.137,2.2697e-05
35.449,0.0023723,35.033,44.826,2.4329e-05
34.839,0.0024595,34.416,44.517,2.6221e-05
34.266,0.0025556,33.834,44.226,2.8388e-05
33.906,0.0026297,33.466,44.041,3.011e-05
33.615,0.0027071,33.166,43.891,3.1953e-05
33.417,0.0027865,32.958,43.787,3.3884e-05
33.334,0.002866,32.863,43.739,3.5852e-05
33.38,0.0029418,32.896,43.755,3.7749e-05
33.56,0.0030128,33.062,43.839,3.9541e-05
33.876,0.0030766,33.363,43.989,4.1146e-05
34.318,0.0031305,33.789,44.202,4.2484e-05
34.9,0.0031739,34.355,44.485,4.3524e-05
35.577,0.0032019,35.017,44.816,4.4138e-05
36.32,0.0032134,35.746,45.181,4.4298e-05
37.097,0.0032082,36.512,45.565,4.4006e-05
37.874,0.0031872,37.28,45.949,4.3297e-05
38.631,0.0031517,38.032,46.325,4.2223e-05
39.351,0.0031035,38.749,46.685,4.0847e-05
40.02,0.0030447,39.42,47.02,3.9238e-05
41.186,0.0029044,40.597,47.609,3.5603e-05
42.12,0.0027465,41.55,48.086,3.178e-05
42.824,0.0025838,42.277,48.451,2.81e-05
43.289,0.0024271,42.77,48.697,2.4786e-05
43.46,0.0023322,42.959,48.792,2.2886e-05
43.528,0.0022448,43.045,48.835,2.1208e-05
43.5,0.0021661,43.034,48.83,1.9756e-05
43.389,0.0020969,42.939,48.782,1.8524e-05
43.209,0.0020377,42.773,48.699,1.7504e-05
42.972,0.0019883,42.549,48.587,1.6678e-05
42.687,0.0019485,42.275,48.45,1.6032e-05
42.353,0.0019183,41.951,48.288,1.5552e-05
41.831,0.0018924,41.439,48.032,1.5156e-05
41.215,0.0018828,40.831,47.728,1.5028e-05
40.513,0.0018896,40.134,47.379,1.5167e-05
39.752,0.0019128,39.375,47,1.5578e-05
39.173,0.0019404,38.796,46.71,1.6059e-05
38.594,0.0019764,38.216,46.42,1.6691e-05
38.021,0.0020205,37.641,46.132,1.7477e-05
37.454,0.0020722,37.07,45.846,1.842e-05
36.944,0.0021249,36.556,45.589,1.9405e-05
36.428,0.0021836,36.035,45.328,2.0533e-05
35.907,0.0022483,35.508,45.064,2.1814e-05
35.39,0.0023192,34.984,44.802,2.3263e-05
34.958,0.0023854,34.546,44.583,2.4657e-05
34.561,0.0024559,34.141,44.38,2.6184e-05
34.22,0.0025301,33.792,44.205,2.7833e-05
33.96,0.0026069,33.523,44.07,2.9584e-05
33.806,0.0026849,33.358,43.987,3.1398e-05
33.777,0.0027619,33.317,43.967,3.3219e-05
33.889,0.0028354,33.415,44.016,3.4978e-05
34.145,0.0029027,33.657,44.136,3.6595e-05
34.584,0.0029656,34.079,44.347,3.8096e-05
35.169,0.0030145,34.647,44.632,3.9233e-05
35.873,0.0030467,35.335,44.976,3.9933e-05
36.659,0.0030609,36.107,45.362,4.0158e-05
37.44,0.0030573,36.877,45.748,3.993e-05
38.229,0.0030378,37.657,46.138,3.9305e-05
38.999,0.0030038,38.422,46.521,3.8329e-05
39.731,0.0029571,39.152,46.886,3.7063e-05
40.555,0.0028859,39.978,47.3,3.522e-05
41.291,0.0028031,40.72,47.671,3.3168e-05
41.936,0.0027123,41.375,47.999,3.1015e-05
42.49,0.0026172,41.941,48.282,2.8849e-05
42.939,0.0025241,42.404,48.514,2.6816e-05
43.305,0.0024318,42.785,48.704,2.4881e-05
43.583,0.0023424,43.079,48.852,2.3079e-05
43.773,0.0022573,43.285,48.955,2.1433e-05
43.878,0.0021716,43.407,49.016,1.984e-05
43.884,0.002094,43.43,49.027,1.8454e-05
43.802,0.0020254,43.363,48.994,1.7272e-05
43.644,0.0019662,43.219,48.922,1.6287e-05
43.425,0.0019165,43.013,48.819,1.5486e-05
43.154,0.0018763,42.753,48.689,1.4854e-05
42.835,0.0018453,42.444,48.535,1.4379e-05
42.468,0.0018233,42.084,48.355,1.4052e-05
42.013,0.0018095,41.636,48.131,1.3857e-05
41.496,0.001806,41.125,47.875,1.3823e-05
40.924,0.001813,40.556,47.59,1.395e-05
40.309,0.0018303,39.944,47.284,1.4243e-05
39.605,0.0018614,39.24,46.932,1.4762e-05
38.899,0.0019046,38.532,46.578,1.5489e-05
38.201,0.0019592,37.83,46.227,1.6426e-05
37.508,0.0020245,37.133,45.878,1.7582e-05
36.85,0.0020957,36.468,45.545,1.8886e-05
36.182,0.0021764,35.792,45.207,2.0423e-05
35.52,0.0022669,35.122,44.871,2.2217e-05
34.908,0.0023667,34.5,44.56,2.428e-05
34.55,0.0024401,34.133,44.376,2.5851e-05
34.272,0.0025163,33.846,44.232,2.7525e-05
34.1,0.0025938,33.664,44.141,2.9264e-05
34.056,0.0026704,33.607,44.112,3.1018e-05
34.148,0.0027408,33.686,44.152,3.2648e-05
34.377,0.0028057,33.902,44.259,3.4159e-05
34.74,0.0028625,34.25,44.433,3.5478e-05
35.225,0.0029089,34.72,44.669,3.6538e-05
35.882,0.0029458,35.361,44.989,3.7344e-05
36.631,0.0029657,36.096,45.357,3.7718e-05
37.436,0.0029681,36.889,45.754,3.7649e-05
38.261,0.0029531,37.705,46.162,3.7154e-05
39.031,0.0029242,38.469,46.544,3.6332e-05
39.768,0.0028826,39.203,46.912,3.5225e-05
40.458,0.0028303,39.894,47.258,3.3892e-05
41.092,0.0027693,40.531,47.576,3.2398e-05
41.864,0.0026757,41.312,47.967,3.0192e-05
42.525,0.0025747,41.984,48.304,2.7923e-05
43.074,0.0024707,42.548,48.586,2.5691e-05
43.511,0.0023672,43.002,48.813,2.3572e-05
43.884,0.0022479,43.397,49.011,2.125e-05
44.086,0.0021376,43.62,49.123,1.9218e-05
44.121,0.0020395,43.676,49.151,1.75e-05
44.01,0.0019555,43.583,49.105,1.6099e-05
43.819,0.0018956,43.407,49.017,1.5138e-05
43.558,0.0018469,43.16,48.893,1.4381e-05
43.238,0.0018091,42.85,48.738,1.3811e-05
42.86,0.001782,42.481,48.553,1.3413e-05
42.42,0.0017653,42.049,48.337,1.3177e-05
41.915,0.001759,41.55,48.088,1.31e-05
41.349,0.0017631,40.988,47.806,1.3181e-05
40.733,0.0017778,40.374,47.5,1.3424e-05
40.203,0.0017978,39.845,47.235,1.3748e-05
39.665,0.0018248,39.306,46.965,1.4186e-05
39.127,0.0018584,38.767,46.695,1.4737e-05
38.595,0.0018984,38.232,46.428,1.5405e-05
38.067,0.0019446,37.701,46.162,1.6191e-05
37.539,0.0019966,37.168,45.895,1.7101e-05
37.006,0.0020546,36.629,45.626,1.8144e-05
36.467,0.0021186,36.085,45.353,1.9331e-05
35.981,0.0021816,35.593,45.107,2.0538e-05
35.51,0.0022495,35.115,44.868,2.188e-05
35.074,0.0023222,34.672,44.646,2.3361e-05
34.701,0.0023989,34.289,44.454,2.497e-05
34.407,0.002483,33.985,44.302,2.6784e-05
34.251,0.002568,33.817,44.218,2.8664e-05
34.262,0.002651,33.814,44.216,3.0535e-05
34.454,0.0027284,33.991,44.304,3.23e-05
34.788,0.0027906,34.31,44.463,3.3721e-05
35.264,0.0028422,34.77,44.694,3.4884e-05
35.861,0.0028806,35.352,44.985,3.5724e-05
36.551,0.0029043,36.028,45.323,3.6194e-05
37.33,0.0029121,36.794,45.707,3.6268e-05
38.139,0.0029033,37.593,46.106,3.5935e-05
38.945,0.0028787,38.393,46.506,3.5228e-05
39.724,0.0028399,39.168,46.894,3.42e-05
40.506,0.0027849,39.95,47.286,3.2817e-05
41.221,0.002719,40.668,47.645,3.1226e-05
41.862,0.002645,41.315,47.969,2.9508e-05
42.427,0.0025656,41.89,48.256,2.7734e-05
42.936,0.00248,42.41,48.517,2.5893e-05
43.366,0.0023935,42.853,48.739,2.4104e-05
43.715,0.0023081,43.216,48.921,2.2405e-05
43.981,0.0022253,43.498,49.061,2.0824e-05
44.187,0.002133,43.72,49.173,1.9131e-05
44.273,0.0020483,43.824,49.225,1.7646e-05
44.249,0.0019728,43.817,49.221,1.6376e-05
44.128,0.0019074,43.711,49.168,1.5317e-05
43.919,0.0018507,43.517,49.071,1.443e-05
43.642,0.0018052,43.252,48.939,1.3739e-05
43.305,0.0017706,42.925,48.776,1.3229e-05
42.909,0.0017466,42.538,48.582,1.2886e-05
42.411,0.0017324,42.047,48.336,1.2693e-05
41.837,0.0017303,41.478,48.052,1.2681e-05
41.194,0.0017405,40.839,47.732,1.2852e-05
40.503,0.0017629,40.149,47.387,1.3209e-05
39.811,0.0017962,39.456,47.04,1.3741e-05
39.119,0.0018405,38.762,46.693,1.4456e-05
38.435,0.001895,38.075,46.349,1.5358e-05
37.756,0.0019593,37.39,46.006,1.6456e-05
37.137,0.0020255,36.765,45.693,1.7627e-05
36.509,0.0020998,36.13,45.376,1.8989e-05
35.887,0.0021823,35.5,45.06,2.056e-05
35.304,0.0022726,34.907,44.764,2.2352e-05
34.933,0.0023427,34.529,44.574,2.3791e-05
34.635,0.0024157,34.222,44.42,2.5328e-05
34.434,0.0024902,34.01,44.314,2.6936e-05
34.351,0.0025645,33.916,44.267,2.857e-05
34.401,0.0026343,33.954,44.286,3.013e-05
34.587,0.0026993,34.127,44.372,3.1596e-05
34.909,0.0027572,34.434,44.526,3.2902e-05
35.357,0.0028056,34.868,44.743,3.3982e-05
35.945,0.0028439,35.442,45.03,3.4811e-05
36.627,0.0028678,36.11,45.364,3.5285e-05
37.372,0.0028764,36.842,45.731,3.5382e-05
38.148,0.0028695,37.608,46.114,3.5107e-05
38.918,0.0028483,38.371,46.496,3.4497e-05
39.665,0.0028142,39.115,46.868,3.3594e-05
40.372,0.0027688,39.821,47.221,3.2455e-05
41.028,0.0027143,40.479,47.551,3.1135e-05
42.057,0.0026002,41.518,48.07,2.8508e-05
42.9,0.0024737,42.376,48.5,2.5763e-05
43.557,0.0023434,43.053,48.839,2.31e-05
44.025,0.0022165,43.543,49.084,2.0658e-05
44.249,0.0021261,43.784,49.205,1.9007e-05
44.359,0.0020428,43.911,49.268,1.7548e-05
44.361,0.0019678,43.929,49.277,1.6289e-05
44.266,0.0019022,43.849,49.237,1.5228e-05
44.091,0.0018464,43.688,49.157,1.4358e-05
43.851,0.0018006,43.46,49.043,1.3663e-05
43.555,0.0017644,43.175,48.9,1.313e-05
43.208,0.0017378,42.836,48.731,1.2748e-05
42.814,0.0017206,42.449,48.538,1.2509e-05
42.365,0.0017122,42.005,48.315,1.2401e-05
41.859,0.0017127,41.504,48.065,1.2424e-05
41.304,0.0017221,40.951,47.788,1.2579e-05
40.713,0.0017404,40.362,47.493,1.2868e-05
40.103,0.0017676,39.752,47.188,1.3296e-05
39.49,0.0018033,39.138,46.881,1.3863e-05
38.883,0.0018472,38.527,46.575,1.4573e-05
38.402,0.0018878,38.043,46.333,1.5244e-05
37.921,0.0019332,37.558,46.091,1.6012e-05
37.438,0.0019834,37.07,45.847,1.6882e-05
36.95,0.0020383,36.577,45.599,1.7862e-05
36.46,0.0020978,36.081,45.351,1.8956e-05
35.976,0.0021622,35.591,45.106,2.0177e-05
35.515,0.0022315,35.123,44.872,2.1531e-05
35.1,0.002305,34.7,44.66,2.3015e-05
34.775,0.0023781,34.366,44.493,2.4532e-05
34.545,0.0024532,34.126,44.372,2.6128e-05
34.432,0.0025284,34.003,44.31,2.7763e-05
34.456,0.0026015,34.014,44.316,2.938e-05
34.621,0.002668,34.165,44.391,3.0864e-05
34.925,0.0027275,34.455,44.536,3.2197e-05
35.36,0.0027776,34.876,44.747,3.331e-05
35.911,0.0028163,35.412,45.015,3.4146e-05
36.61,0.0028432,36.097,45.358,3.4688e-05
37.381,0.0028537,36.856,45.737,3.4828e-05
38.189,0.0028475,37.653,46.136,3.4568e-05
39,0.0028254,38.457,46.539,3.3937e-05
39.767,0.0027901,39.22,46.921,3.3014e-05
40.491,0.0027431,39.944,47.283,3.1847e-05
41.161,0.0026867,40.615,47.619,3.0497e-05
41.769,0.0026228,41.228,47.926,2.9026e-05
42.427,0.002538,41.896,48.26,2.7145e-05
42.993,0.0024488,42.473,48.549,2.5246e-05
43.468,0.0023581,42.962,48.793,2.3394e-05
43.852,0.0022682,43.36,48.992,2.1636e-05
44.166,0.0021719,43.692,49.159,1.9833e-05
44.36,0.0020816,43.903,49.264,1.8219e-05
44.433,0.0019993,43.994,49.31,1.681e-05
44.396,0.0019263,43.972,49.299,1.5611e-05
44.262,0.0018634,43.853,49.24,1.4617e-05
44.05,0.001811,43.655,49.141,1.3815e-05
43.775,0.0017689,43.391,49.009,1.3191e-05
43.443,0.001737,43.069,48.848,1.273e-05
42.995,0.0017126,42.63,48.628,1.2388e-05
42.467,0.0017008,42.108,48.367,1.2235e-05
41.857,0.0017018,41.503,48.064,1.2267e-05
41.178,0.0017156,40.828,47.726,1.2489e-05
40.459,0.0017421,40.109,47.367,1.2902e-05
39.725,0.0017809,39.375,47,1.3511e-05
38.997,0.0018313,38.643,46.634,1.4319e-05
38.278,0.0018928,37.919,46.271,1.5332e-05
37.416,0.00198,37.049,45.836,1.6826e-05
36.537,0.0020828,36.161,45.391,1.868e-05
35.68,0.0022013,35.292,44.956,2.094e-05
34.954,0.0023338,34.551,44.585,2.3607e-05
34.668,0.0024116,34.255,44.437,2.5238e-05
34.503,0.0024904,34.079,44.349,2.6929e-05
34.482,0.0025678,34.045,44.332,2.8623e-05
34.621,0.0026409,34.17,44.394,3.0244e-05
34.907,0.0027036,34.442,44.53,3.1642e-05
35.334,0.0027569,34.854,44.736,3.2821e-05
35.887,0.0027982,35.392,45.005,3.3716e-05
36.541,0.0028258,36.032,45.325,3.4277e-05
37.32,0.0028389,36.798,45.709,3.4478e-05
38.142,0.0028346,37.609,46.115,3.4263e-05
38.971,0.0028138,38.43,46.525,3.3663e-05
39.776,0.0027779,39.231,46.926,3.2726e-05
40.549,0.0027281,40.003,47.313,3.1496e-05
41.259,0.0026676,40.716,47.669,3.0061e-05
41.901,0.0025991,41.363,47.993,2.8496e-05
42.47,0.0025249,41.941,48.282,2.6864e-05
43.002,0.002442,42.483,48.554,2.5105e-05
43.454,0.0023575,42.948,48.786,2.3384e-05
43.826,0.0022736,43.334,48.979,2.174e-05
44.116,0.0021921,43.637,49.131,2.0203e-05
44.356,0.0020962,43.896,49.261,1.8474e-05
44.466,0.0020085,44.024,49.325,1.6963e-05
44.451,0.0019305,44.026,49.326,1.5677e-05
44.327,0.0018634,43.918,49.272,1.4614e-05
44.112,0.0018068,43.717,49.172,1.375e-05
43.823,0.0017619,43.441,49.033,1.3085e-05
43.471,0.0017283,43.099,48.862,1.2602e-05
43.056,0.0017058,42.691,48.659,1.2288e-05
42.556,0.0016939,42.199,48.412,1.2133e-05
41.983,0.0016936,41.63,48.128,1.2146e-05
41.343,0.0017049,40.994,47.81,1.2329e-05
40.658,0.0017279,40.31,47.467,1.2687e-05
39.978,0.001761,39.629,47.127,1.3203e-05
39.299,0.0018043,38.948,46.786,1.3888e-05
38.628,0.0018573,38.272,46.448,1.4746e-05
37.961,0.0019195,37.6,46.112,1.5784e-05
37.335,0.0019853,36.969,45.796,1.6923e-05
36.701,0.0020592,36.327,45.474,1.8249e-05
36.071,0.0021412,35.689,45.155,1.978e-05
35.478,0.0022311,35.087,44.854,2.1528e-05
35.105,0.0023001,34.706,44.663,2.2916e-05
34.803,0.0023719,34.395,44.507,2.44e-05
34.595,0.0024452,34.178,44.398,2.5952e-05
34.505,0.0025183,34.076,44.347,2.7534e-05
34.545,0.0025875,34.104,44.361,2.9053e-05
34.722,0.0026521,34.268,44.443,3.0485e-05
35.035,0.0027098,34.567,44.592,3.1765e-05
35.475,0.0027581,34.993,44.805,3.2829e-05
36.055,0.0027966,35.558,45.088,3.3652e-05
36.73,0.002821,36.22,45.419,3.4133e-05
37.47,0.0028302,36.947,45.783,3.4249e-05
38.243,0.0028244,37.71,46.165,3.4005e-05
39.011,0.0028043,38.472,46.546,3.3432e-05
39.759,0.0027713,39.216,46.919,3.2574e-05
40.468,0.0027272,39.924,47.273,3.1483e-05
41.126,0.0026739,40.584,47.603,3.0214e-05
42.235,0.0025525,41.703,48.163,2.7466e-05
43.126,0.0024173,42.611,48.618,2.4596e-05
43.801,0.0022789,43.308,48.966,2.1841e-05
44.253,0.002146,43.784,49.204,1.9361e-05
44.427,0.0020629,43.974,49.3,1.7892e-05
44.497,0.0019868,44.059,49.343,1.6599e-05
44.469,0.0019186,44.047,49.336,1.5485e-05
44.356,0.0018592,43.948,49.287,1.4548e-05
44.173,0.0018088,43.777,49.201,1.3778e-05
43.931,0.0017674,43.546,49.086,1.3164e-05
43.639,0.0017348,43.264,48.945,1.2693e-05
43.299,0.0017109,42.932,48.779,1.2355e-05
42.844,0.0016937,42.485,48.555,1.2122e-05
42.317,0.0016876,41.963,48.294,1.205e-05
41.72,0.0016927,41.37,47.998,1.2142e-05
41.068,0.0017091,40.72,47.672,1.2399e-05
40.382,0.0017368,40.034,47.329,1.2827e-05
39.687,0.0017753,39.338,46.981,1.3429e-05
38.998,0.0018241,38.646,46.635,1.4207e-05
38.317,0.0018827,37.96,46.292,1.5167e-05
37.846,0.0019287,37.485,46.054,1.5943e-05
37.371,0.0019792,37.004,45.814,1.6817e-05
36.89,0.0020342,36.519,45.57,1.7796e-05
36.409,0.0020939,36.032,45.327,1.889e-05
35.937,0.0021582,35.554,45.087,2.0106e-05
35.494,0.002227,35.103,44.862,2.1448e-05
35.103,0.0022998,34.704,44.662,2.2911e-05
34.792,0.0023756,34.384,44.501,2.4478e-05
34.591,0.0024524,34.172,44.395,2.6106e-05
34.522,0.0025286,34.091,44.354,2.7755e-05
34.602,0.0026016,34.158,44.388,2.936e-05
34.84,0.0026687,34.382,44.5,3.0845e-05
35.245,0.0027281,34.77,44.694,3.2158e-05
35.794,0.002775,35.305,44.961,3.3177e-05
36.463,0.0028071,35.959,45.289,3.3839e-05
37.218,0.0028229,36.7,45.66,3.4108e-05
37.994,0.0028223,37.466,46.043,3.3987e-05
38.783,0.0028065,38.247,46.433,3.3511e-05
39.558,0.0027767,39.016,46.819,3.2722e-05
40.296,0.0027347,39.753,47.187,3.167e-05
41.101,0.0026722,40.56,47.591,3.0177e-05
41.825,0.0025992,41.288,47.956,2.8503e-05
42.463,0.0025188,41.935,48.279,2.6735e-05
43.015,0.0024342,42.497,48.561,2.4945e-05
43.476,0.0023494,42.971,48.798,2.3222e-05
43.855,0.002265,43.364,48.994,2.1575e-05
44.15,0.002183,43.674,49.149,2.0035e-05
44.359,0.0021047,43.897,49.261,1.8623e-05
44.487,0.0020242,44.041,49.333,1.7228e-05
44.512,0.0019513,44.082,49.354,1.6014e-05
44.444,0.0018868,44.029,49.327,1.4979e-05
44.296,0.0018313,43.894,49.26,1.4119e-05
44.079,0.0017843,43.69,49.158,1.3412e-05
43.806,0.0017466,43.427,49.027,1.2861e-05
43.483,0.001718,43.113,48.869,1.2453e-05
43.108,0.0016982,42.745,48.686,1.2179e-05
42.636,0.0016866,42.279,48.452,1.2026e-05
42.095,0.0016854,41.744,48.185,1.2025e-05
41.494,0.0016947,41.145,47.885,1.2177e-05
40.847,0.0017145,40.5,47.563,1.2485e-05
40.198,0.0017438,39.85,47.237,1.2938e-05
39.545,0.0017825,39.196,46.91,1.3544e-05
38.9,0.0018302,38.547,46.585,1.4307e-05
38.26,0.0018864,37.903,46.263,1.523e-05
37.707,0.0019416,37.344,45.984,1.6164e-05
37.146,0.0020029,36.778,45.7,1.7236e-05
36.581,0.0020706,36.206,45.414,1.846e-05
36.024,0.0021446,35.642,45.132,1.9847e-05
35.601,0.0022084,35.212,44.916,2.1082e-05
35.219,0.0022758,34.823,44.721,2.2424e-05
34.9,0.0023462,34.496,44.558,2.3864e-05
34.669,0.0024184,34.255,44.437,2.5379e-05
34.548,0.0024909,34.123,44.371,2.6933e-05
34.554,0.0025616,34.117,44.368,2.8476e-05
34.699,0.0026283,34.249,44.434,2.9947e-05
34.985,0.0026885,34.521,44.569,3.1279e-05
35.42,0.0027411,34.941,44.78,3.2436e-05
35.98,0.0027817,35.487,45.052,3.3307e-05
36.64,0.0028084,36.133,45.376,3.3845e-05
37.37,0.0028202,36.851,45.735,3.4023e-05
38.138,0.0028169,37.609,46.114,3.384e-05
38.914,0.0027991,38.377,46.499,3.3321e-05
39.672,0.0027679,39.131,46.876,3.2505e-05
40.393,0.0027252,39.851,47.236,3.1444e-05
41.211,0.0026597,40.67,47.646,2.9888e-05
41.942,0.0025835,41.407,48.015,2.8153e-05
42.582,0.0025,42.057,48.34,2.6332e-05
43.132,0.0024127,42.618,48.621,2.4502e-05
43.579,0.0023272,43.078,48.851,2.2782e-05
43.942,0.0022426,43.455,49.04,2.1148e-05
44.219,0.0021607,43.747,49.186,1.9628e-05
44.408,0.002083,43.95,49.288,1.8241e-05
44.511,0.0020048,44.07,49.348,1.69e-05
44.515,0.0019343,44.089,49.357,1.5737e-05
44.43,0.0018722,44.018,49.322,1.475e-05
44.269,0.001819,43.87,49.248,1.3932e-05
44.045,0.0017748,43.658,49.142,1.327e-05
43.769,0.0017394,43.392,49.009,1.2756e-05
43.445,0.0017127,43.076,48.851,1.2378e-05
43.071,0.0016945,42.709,48.667,1.2127e-05
42.608,0.0016842,42.253,48.439,1.1993e-05
42.083,0.0016836,41.732,48.179,1.2001e-05
41.501,0.0016929,41.152,47.889,1.2151e-05
40.876,0.0017119,40.529,47.577,1.2446e-05
40.163,0.0017443,39.816,47.22,1.2946e-05
39.447,0.0017879,39.098,46.861,1.3631e-05
38.74,0.0018423,38.387,46.505,1.4504e-05
38.039,0.0019068,37.68,46.151,1.5573e-05
37.375,0.0019763,37.009,45.816,1.6768e-05
36.702,0.0020548,36.329,45.475,1.8171e-05
36.035,0.0021424,35.653,45.137,1.9804e-05
35.418,0.0022386,35.026,44.823,2.168e-05
35.053,0.0023098,34.653,44.636,2.3116e-05
34.769,0.0023836,34.36,44.489,2.4644e-05
34.592,0.0024584,34.172,44.395,2.6233e-05
34.544,0.0025324,34.112,44.365,2.7835e-05
34.632,0.0026002,34.188,44.403,2.9323e-05
34.859,0.0026625,34.401,44.509,3.07e-05
35.219,0.002717,34.747,44.683,3.1902e-05
35.702,0.0027614,35.216,44.917,3.2868e-05
36.356,0.0027964,35.855,45.237,3.36e-05
37.102,0.0028152,36.587,45.603,3.394e-05
37.903,0.0028172,37.377,45.998,3.3877e-05
38.724,0.0028026,38.189,46.405,3.3426e-05
39.491,0.0027746,38.951,46.786,3.268e-05
40.225,0.0027346,39.682,47.152,3.1675e-05
40.911,0.0026844,40.369,47.496,3.0467e-05
41.541,0.0026261,41.002,47.813,2.9115e-05
42.303,0.0025373,41.773,48.198,2.7136e-05
42.954,0.0024418,42.436,48.53,2.5104e-05
43.496,0.0023437,42.993,48.809,2.3109e-05
43.928,0.0022462,43.44,49.032,2.1217e-05
44.298,0.0021329,43.831,49.228,1.9126e-05
44.495,0.0020286,44.049,49.337,1.7302e-05
44.525,0.0019362,44.098,49.362,1.5767e-05
44.405,0.0018576,43.997,49.311,1.4522e-05
44.209,0.0018023,43.814,49.22,1.3678e-05
43.943,0.0017576,43.56,49.093,1.3019e-05
43.618,0.0017235,43.245,48.936,1.2529e-05
43.234,0.0016995,42.87,48.748,1.2194e-05
42.789,0.0016855,42.432,48.529,1.2007e-05
42.279,0.0016815,41.926,48.276,1.1964e-05
41.707,0.0016875,41.358,47.992,1.2067e-05
41.086,0.0017036,40.739,47.682,1.2318e-05
40.535,0.0017251,40.189,47.407,1.265e-05
39.977,0.0017537,39.629,47.127,1.3093e-05
39.42,0.0017891,39.07,46.847,1.3649e-05
38.868,0.0018309,38.516,46.57,1.432e-05
38.387,0.0018729,38.031,46.327,1.5007e-05
37.905,0.0019196,37.545,46.084,1.5789e-05
37.419,0.0019709,37.054,45.838,1.6673e-05
36.927,0.002027,36.557,45.59,1.7667e-05
36.438,0.0020875,36.061,45.342,1.8772e-05
35.959,0.0021528,35.576,45.098,2.0004e-05
35.508,0.0022227,35.118,44.869,2.1364e-05
35.113,0.0022967,34.714,44.667,2.2849e-05
34.813,0.0023703,34.405,44.512,2.4366e-05
34.617,0.0024452,34.199,44.409,2.595e-05
34.548,0.0025196,34.118,44.368,2.7555e-05
34.62,0.0025911,34.178,44.398,2.9121e-05
34.837,0.0026555,34.38,44.499,3.0544e-05
35.194,0.0027119,34.724,44.671,3.1789e-05
35.681,0.0027579,35.196,44.907,3.2791e-05
36.277,0.0027916,35.778,45.198,3.3496e-05
37.066,0.0028131,36.552,45.586,3.3895e-05
37.92,0.0028155,37.394,46.007,3.3835e-05
38.795,0.0027992,38.26,46.44,3.3337e-05
39.654,0.0027656,39.113,46.867,3.2452e-05
40.418,0.0027205,39.876,47.249,3.1334e-05
41.126,0.0026648,40.586,47.604,3.0008e-05
41.77,0.0026007,41.234,47.928,2.8542e-05
42.346,0.0025307,41.817,48.22,2.6994e-05
42.908,0.0024487,42.389,48.507,2.5247e-05
43.389,0.0023644,42.882,48.753,2.3523e-05
43.788,0.0022801,43.295,48.96,2.1865e-05
44.105,0.0021977,43.625,49.125,2.0307e-05
44.394,0.0020927,43.934,49.28,1.8412e-05
44.526,0.001997,44.086,49.356,1.6768e-05
44.51,0.0019127,44.089,49.357,1.5389e-05
44.366,0.0018413,43.962,49.294,1.427e-05
44.138,0.0017864,43.747,49.187,1.3442e-05
43.837,0.0017433,43.458,49.042,1.2811e-05
43.471,0.0017116,43.103,48.864,1.2361e-05
43.041,0.001691,42.68,48.653,1.2078e-05
42.554,0.0016815,42.199,48.413,1.1957e-05
42,0.0016825,41.649,48.138,1.1987e-05
41.386,0.001694,41.039,47.832,1.217e-05
40.732,0.0017161,40.385,47.505,1.2511e-05
40.064,0.0017483,39.717,47.171,1.3009e-05
39.396,0.0017902,39.047,46.836,1.3668e-05
38.737,0.0018415,38.383,46.504,1.4491e-05
38.082,0.0019015,37.723,46.173,1.5485e-05
37.438,0.0019684,37.073,45.848,1.663e-05
36.784,0.0020438,36.412,45.517,1.7971e-05
36.134,0.0021277,35.754,45.188,1.9527e-05
35.523,0.0022199,35.133,44.877,2.1309e-05
35.151,0.0022886,34.753,44.686,2.2684e-05
34.849,0.00236,34.443,44.531,2.4152e-05
34.643,0.002433,34.227,44.423,2.5689e-05
34.553,0.0025057,34.126,44.372,2.7253e-05
34.594,0.0025747,34.155,44.386,2.8758e-05
34.772,0.002639,34.319,44.468,3.0177e-05
35.085,0.0026963,34.618,44.618,3.1443e-05
35.526,0.0027444,35.045,44.831,3.2496e-05
36.107,0.0027826,35.611,45.115,3.331e-05
36.782,0.0028067,36.273,45.446,3.3783e-05
37.522,0.0028158,37.001,45.81,3.3896e-05
38.295,0.0028098,37.764,46.192,3.3651e-05
39.063,0.0027897,38.526,46.573,3.3082e-05
39.811,0.0027567,39.269,46.945,3.2229e-05
40.519,0.0027127,39.977,47.299,3.1147e-05
41.176,0.0026596,40.636,47.629,2.9889e-05
42.267,0.0025407,41.737,48.18,2.7211e-05
43.148,0.0024084,42.634,48.629,2.4415e-05
43.819,0.0022729,43.326,48.976,2.1726e-05
44.274,0.0021424,43.805,49.215,1.9296e-05
44.457,0.0020591,44.004,49.315,1.7825e-05
44.535,0.0019826,44.098,49.362,1.6529e-05
44.515,0.0019141,44.093,49.359,1.5411e-05
44.407,0.0018542,44,49.313,1.4469e-05
44.228,0.0018034,43.833,49.229,1.3695e-05
43.989,0.0017616,43.605,49.116,1.3076e-05
43.7,0.0017286,43.326,48.976,1.2601e-05
43.362,0.0017043,42.996,48.811,1.2259e-05
42.935,0.0016873,42.576,48.601,1.2029e-05
42.442,0.0016803,42.088,48.357,1.1944e-05
41.885,0.0016834,41.536,48.081,1.2004e-05
41.275,0.0016967,40.928,47.776,1.2212e-05
40.628,0.0017201,40.282,47.453,1.2573e-05
39.968,0.0017534,39.62,47.122,1.3089e-05
39.309,0.0017962,38.959,46.792,1.3762e-05
38.658,0.001848,38.305,46.464,1.4597e-05
38.147,0.0018949,37.789,46.206,1.5374e-05
37.633,0.0019472,37.27,45.947,1.6262e-05
37.113,0.0020047,36.745,45.683,1.7269e-05
36.589,0.0020676,36.215,45.418,1.8407e-05
36.1,0.0021322,35.72,45.17,1.9611e-05
35.635,0.0022015,35.247,44.934,2.0947e-05
35.218,0.0022752,34.822,44.721,2.2412e-05
34.878,0.0023523,34.472,44.546,2.3991e-05
34.649,0.0024305,34.233,44.426,2.5636e-05
34.554,0.0025085,34.126,44.372,2.7313e-05
34.613,0.0025837,34.172,44.395,2.8956e-05
34.837,0.002653,34.381,44.499,3.0485e-05
35.218,0.0027126,34.747,44.682,3.1801e-05
35.743,0.0027605,35.257,44.937,3.2841e-05
36.388,0.0027942,35.887,45.253,3.3543e-05
37.122,0.0028123,36.607,45.613,3.3867e-05
37.898,0.0028142,37.372,45.996,3.3806e-05
38.691,0.0028006,38.157,46.389,3.3384e-05
39.475,0.0027727,38.935,46.778,3.2638e-05
40.224,0.0027322,39.682,47.152,3.162e-05
41.02,0.002673,40.479,47.551,3.0202e-05
41.738,0.0026033,41.202,47.913,2.8599e-05
42.375,0.0025261,41.847,48.235,2.6895e-05
42.93,0.0024444,42.412,48.518,2.5159e-05
43.406,0.0023606,42.9,48.762,2.3447e-05
43.802,0.0022768,43.309,48.967,2.1801e-05
44.114,0.0021949,43.635,49.13,2.0255e-05
44.342,0.0021164,43.878,49.252,1.883e-05
44.495,0.0020337,44.047,49.336,1.7389e-05
44.541,0.0019585,44.109,49.367,1.6131e-05
44.488,0.0018918,44.072,49.349,1.5057e-05
44.351,0.0018342,43.948,49.287,1.4161e-05
44.139,0.0017848,43.748,49.187,1.3418e-05
43.866,0.0017452,43.486,49.056,1.2838e-05
43.539,0.0017151,43.169,48.898,1.241e-05
43.16,0.0016943,42.797,48.712,1.2122e-05
42.675,0.0016819,42.319,48.473,1.1959e-05
42.119,0.0016806,41.768,48.197,1.1957e-05
41.497,0.0016905,41.149,47.887,1.2117e-05
40.828,0.0017116,40.482,47.553,1.2443e-05
40.19,0.0017408,39.844,47.234,1.2895e-05
39.551,0.0017791,39.202,46.913,1.3493e-05
38.917,0.001826,38.565,46.595,1.4241e-05
38.29,0.0018811,37.934,46.279,1.5143e-05
37.745,0.0019353,37.383,46.003,1.6057e-05
37.193,0.0019954,36.825,45.724,1.7105e-05
36.635,0.0020617,36.262,45.442,1.8298e-05
36.085,0.0021342,35.704,45.163,1.9649e-05
35.658,0.0021977,35.27,44.945,2.0873e-05
35.27,0.0022649,34.875,44.747,2.2206e-05
34.944,0.0023352,34.541,44.58,2.3638e-05
34.704,0.0024074,34.291,44.455,2.5147e-05
34.573,0.0024801,34.149,44.384,2.6698e-05
34.569,0.0025512,34.134,44.376,2.8243e-05
34.704,0.0026183,34.256,44.437,2.972e-05
34.981,0.0026791,34.519,44.568,3.1063e-05
35.46,0.0027373,34.981,44.799,3.2339e-05
36.089,0.0027806,35.594,45.106,3.3264e-05
36.835,0.0028069,36.325,45.472,3.3779e-05
37.657,0.0028149,37.134,45.877,3.3855e-05
38.432,0.0028063,37.9,46.26,3.355e-05
39.206,0.0027836,38.668,46.644,3.2922e-05
39.954,0.0027481,39.412,47.017,3.2014e-05
40.659,0.0027017,40.117,47.37,3.0882e-05
41.52,0.0026259,40.982,47.802,2.9114e-05
42.275,0.0025391,41.745,48.184,2.7178e-05
42.922,0.0024457,42.404,48.514,2.5185e-05
43.463,0.0023494,42.958,48.791,2.3223e-05
43.869,0.0022607,43.378,49.002,2.1493e-05
44.181,0.0021745,43.706,49.165,1.988e-05
44.396,0.0020925,43.937,49.281,1.8408e-05
44.515,0.0020162,44.071,49.348,1.7092e-05
44.538,0.0019432,44.11,49.368,1.588e-05
44.467,0.0018787,44.053,49.34,1.485e-05
44.315,0.0018233,43.915,49.271,1.3995e-05
44.097,0.0017772,43.709,49.168,1.3305e-05
43.838,0.0017416,43.459,49.043,1.2786e-05
43.531,0.0017142,43.161,48.894,1.2397e-05
43.178,0.0016948,42.816,48.721,1.2128e-05
42.777,0.0016833,42.42,48.523,1.1976e-05
42.321,0.0016796,41.968,48.297,1.1937e-05
41.815,0.001684,41.466,48.046,1.2014e-05
41.268,0.0016964,40.921,47.773,1.2209e-05
40.692,0.0017169,40.346,47.485,1.2525e-05
40.073,0.001747,39.726,47.175,1.2991e-05
39.454,0.0017855,39.105,46.865,1.3594e-05
38.842,0.001832,38.49,46.557,1.4338e-05
38.236,0.0018862,37.878,46.251,1.5227e-05
37.643,0.0019459,37.28,45.952,1.6239e-05
37.042,0.0020127,36.673,45.648,1.7411e-05
36.438,0.0020867,36.062,45.342,1.8759e-05
35.85,0.002168,35.466,45.043,2.0296e-05
35.446,0.0022327,35.055,44.838,2.1563e-05
35.092,0.0023008,34.693,44.656,2.2933e-05
34.811,0.0023714,34.403,44.511,2.439e-05
34.625,0.0024432,34.207,44.413,2.5906e-05
34.555,0.0025145,34.126,44.372,2.7442e-05
34.616,0.0025832,34.174,44.396,2.8944e-05
34.814,0.0026469,34.36,44.489,3.035e-05
35.149,0.0027032,34.681,44.649,3.1594e-05
35.631,0.0027514,35.148,44.883,3.2645e-05
36.228,0.0027869,35.731,45.175,3.3393e-05
36.914,0.0028082,36.403,45.511,3.38e-05
37.658,0.0028146,37.136,45.878,3.3848e-05
38.429,0.0028061,37.897,46.259,3.3547e-05
39.197,0.0027837,38.659,46.64,3.2925e-05
39.941,0.0027486,39.399,47.01,3.2027e-05
40.643,0.0027027,40.101,47.361,3.0907e-05
41.502,0.0026276,40.964,47.793,2.9152e-05
42.256,0.0025414,41.726,48.175,2.7228e-05
42.904,0.0024485,42.385,48.504,2.5245e-05
43.446,0.0023527,42.941,48.783,2.3289e-05
43.854,0.0022643,43.363,48.994,2.1562e-05
44.169,0.0021783,43.693,49.159,1.9949e-05
44.389,0.0020963,43.928,49.277,1.8475e-05
44.512,0.00202,44.067,49.346,1.7156e-05
44.54,0.0019467,44.111,49.368,1.5938e-05
44.474,0.0018819,44.06,49.343,1.4901e-05
44.327,0.0018261,43.926,49.276,1.4039e-05
44.113,0.0017796,43.724,49.175,1.3341e-05
43.857,0.0017435,43.478,49.052,1.2814e-05
43.553,0.0017156,43.183,48.905,1.2416e-05
43.204,0.0016957,42.841,48.733,1.214e-05
42.805,0.0016837,42.448,48.537,1.198e-05
42.351,0.0016795,41.998,48.312,1.1934e-05
41.845,0.0016834,41.496,48.061,1.2005e-05
41.298,0.0016955,40.95,47.788,1.2194e-05
40.72,0.0017156,40.374,47.5,1.2506e-05
40.095,0.0017457,39.748,47.186,1.2971e-05
39.469,0.0017844,39.12,46.872,1.3577e-05
38.851,0.0018313,38.498,46.561,1.4326e-05
38.237,0.0018859,37.88,46.252,1.5224e-05
37.638,0.0019463,37.276,45.949,1.6247e-05
37.031,0.0020139,36.662,45.642,1.7433e-05
36.421,0.0020889,36.044,45.333,1.8799e-05
35.828,0.0021712,35.444,45.032,2.0359e-05
35.426,0.0022362,35.035,44.827,2.1631e-05
35.076,0.0023044,34.676,44.648,2.3005e-05
34.799,0.002375,34.391,44.505,2.4465e-05
34.619,0.0024468,34.201,44.41,2.5983e-05
34.555,0.002518,34.126,44.372,2.7518e-05
34.623,0.0025864,34.181,44.4,2.9016e-05
34.829,0.0026498,34.374,44.496,3.0414e-05
35.171,0.0027057,34.701,44.66,3.1647e-05
35.659,0.0027533,35.175,44.896,3.2685e-05
36.261,0.0027882,35.763,45.191,3.3418e-05
36.951,0.0028087,36.439,45.529,3.3807e-05
37.698,0.0028144,37.175,45.897,3.3837e-05
38.468,0.0028052,37.936,46.278,3.3519e-05
39.235,0.0027821,38.697,46.659,3.2883e-05
39.976,0.0027465,39.435,47.028,3.1974e-05
40.675,0.0027002,40.134,47.378,3.0846e-05
41.543,0.0026233,41.005,47.814,2.9054e-05
42.302,0.0025353,41.773,48.198,2.7095e-05
42.952,0.0024407,42.434,48.529,2.5081e-05
43.493,0.0023433,42.989,48.807,2.3102e-05
43.895,0.0022543,43.405,49.015,2.1371e-05
44.201,0.0021679,43.728,49.176,1.9759e-05
44.411,0.0020859,43.952,49.289,1.8291e-05
44.522,0.0020097,44.079,49.352,1.6982e-05
44.537,0.001937,44.11,49.368,1.578e-05
44.457,0.001873,44.045,49.335,1.476e-05
44.298,0.0018182,43.899,49.263,1.3917e-05
44.073,0.0017727,43.686,49.156,1.3239e-05
43.808,0.001738,43.431,49.028,1.2735e-05
43.497,0.0017115,43.128,48.877,1.2359e-05
43.138,0.0016929,42.776,48.701,1.2103e-05
42.731,0.0016823,42.374,48.5,1.1963e-05
42.272,0.0016795,41.92,48.273,1.1936e-05
41.765,0.0016846,41.416,48.021,1.2024e-05
41.218,0.0016977,40.871,47.748,1.2229e-05
40.645,0.0017188,40.299,47.462,1.2554e-05
40.036,0.001749,39.689,47.157,1.3021e-05
39.427,0.0017873,39.078,46.851,1.3622e-05
38.826,0.0018333,38.473,46.549,1.4358e-05
38.229,0.0018867,37.872,46.248,1.5236e-05
37.645,0.0019455,37.283,45.953,1.6233e-05
37.053,0.0020112,36.685,45.653,1.7386e-05
36.458,0.002084,36.082,45.352,1.8709e-05
35.878,0.0021638,35.494,45.057,2.0215e-05
35.471,0.0022284,35.08,44.85,2.1476e-05
35.113,0.0022963,34.715,44.667,2.284e-05
34.827,0.0023668,34.419,44.519,2.4293e-05
34.634,0.0024386,34.217,44.418,2.5807e-05
34.557,0.00251,34.128,44.373,2.7345e-05
34.609,0.0025789,34.169,44.393,2.8851e-05
34.8,0.002643,34.346,44.482,3.0265e-05
35.127,0.0026999,34.659,44.639,3.152e-05
35.602,0.0027487,35.119,44.869,3.2586e-05
36.193,0.002785,35.696,45.157,3.3353e-05
36.874,0.0028071,36.364,45.491,3.3779e-05
37.616,0.0028144,37.094,45.857,3.3848e-05
38.386,0.0028067,37.855,46.237,3.3566e-05
39.155,0.002785,38.618,46.619,3.2961e-05
39.901,0.0027506,39.36,46.991,3.2077e-05
40.606,0.0027052,40.065,47.343,3.0967e-05
41.457,0.0026319,40.918,47.771,2.9251e-05
42.206,0.0025477,41.675,48.149,2.7365e-05
42.852,0.0024566,42.332,48.478,2.5414e-05
43.395,0.0023625,42.888,48.756,2.3484e-05
43.81,0.0022747,43.317,48.971,2.1762e-05
44.134,0.0021891,43.656,49.141,2.0148e-05
44.365,0.0021072,43.902,49.264,1.8668e-05
44.5,0.0020307,44.053,49.339,1.7338e-05
44.543,0.0019568,44.111,49.369,1.6102e-05
44.491,0.0018911,44.074,49.35,1.5045e-05
44.356,0.0018343,43.953,49.29,1.4162e-05
44.154,0.0017865,43.763,49.194,1.3443e-05
43.905,0.0017489,43.524,49.075,1.2892e-05
43.609,0.0017196,43.237,48.932,1.2473e-05
43.267,0.0016983,42.903,48.764,1.2176e-05
42.877,0.001685,42.518,48.572,1.1997e-05
42.424,0.0016794,42.071,48.348,1.1931e-05
41.918,0.0016822,41.569,48.097,1.1986e-05
41.368,0.0016934,41.021,47.823,1.2162e-05
40.785,0.0017129,40.439,47.532,1.2464e-05
40.142,0.0017431,39.795,47.21,1.293e-05
39.497,0.0017825,39.148,46.886,1.3546e-05
38.859,0.0018305,38.507,46.565,1.4314e-05
38.227,0.0018868,37.87,46.247,1.5239e-05
37.675,0.0019424,37.312,45.968,1.618e-05
37.115,0.0020041,36.747,45.685,1.7258e-05
36.552,0.002072,36.177,45.399,1.8488e-05
35.998,0.0021463,35.616,45.118,1.988e-05
35.579,0.0022102,35.191,44.906,2.1118e-05
35.204,0.0022776,34.808,44.714,2.2461e-05
34.895,0.0023479,34.49,44.555,2.39e-05
34.674,0.0024198,34.26,44.439,2.5409e-05
34.565,0.0024919,34.139,44.379,2.6953e-05
34.584,0.002562,34.146,44.382,2.848e-05
34.741,0.0026279,34.29,44.454,2.993e-05
35.037,0.0026871,34.573,44.595,3.1237e-05
35.483,0.0027386,35.003,44.811,3.2366e-05
36.051,0.0027779,35.557,45.088,3.3207e-05
36.716,0.0028034,36.208,45.414,3.3713e-05
37.448,0.002814,36.929,45.774,3.3862e-05
38.216,0.0028096,37.687,46.154,3.3655e-05
38.99,0.0027908,38.454,46.537,3.3116e-05
39.745,0.0027589,39.204,46.913,3.2286e-05
40.461,0.0027156,39.919,47.271,3.1217e-05
41.285,0.0026484,40.746,47.684,2.963e-05
42.02,0.0025705,41.487,48.055,2.7868e-05
42.661,0.0024856,42.137,48.381,2.6025e-05
43.209,0.0023968,42.697,48.661,2.4179e-05
43.648,0.002311,43.15,48.887,2.2465e-05
44.003,0.0022264,43.518,49.072,2.0843e-05
44.269,0.0021447,43.8,49.212,1.9338e-05
44.446,0.0020675,43.991,49.308,1.797e-05
44.536,0.0019906,44.097,49.361,1.6661e-05
44.527,0.0019214,44.104,49.365,1.5528e-05
44.431,0.0018607,44.022,49.324,1.457e-05
44.262,0.001809,43.865,49.245,1.3778e-05
44.033,0.0017663,43.648,49.137,1.3145e-05
43.754,0.0017324,43.379,49.002,1.2655e-05
43.428,0.0017069,43.06,48.843,1.2295e-05
43.052,0.0016898,42.692,48.659,1.206e-05
42.594,0.0016805,42.239,48.433,1.1941e-05
42.076,0.0016805,41.725,48.175,1.1956e-05
41.503,0.0016899,41.155,47.89,1.2109e-05
40.89,0.0017088,40.543,47.584,1.2401e-05
40.188,0.0017406,39.842,47.233,1.2891e-05
39.484,0.0017833,39.135,46.88,1.3559e-05
38.788,0.0018364,38.435,46.529,1.4409e-05
38.098,0.0018993,37.739,46.181,1.5448e-05
37.421,0.0019697,37.056,45.839,1.6652e-05
36.734,0.0020493,36.361,45.492,1.8072e-05
36.053,0.0021385,35.672,45.147,1.9731e-05
35.424,0.0022366,35.032,44.826,2.164e-05
35.06,0.0023077,34.661,44.64,2.3073e-05
34.779,0.0023814,34.37,44.494,2.4598e-05
34.604,0.0024561,34.185,44.402,2.6182e-05
34.558,0.0025299,34.127,44.372,2.7777e-05
34.649,0.0025975,34.205,44.412,2.926e-05
34.878,0.0026596,34.42,44.519,3.0631e-05
35.241,0.0027139,34.769,44.694,3.1827e-05
35.726,0.002758,35.241,44.929,3.2785e-05
36.381,0.0027927,35.88,45.249,3.3508e-05
37.126,0.0028112,36.612,45.616,3.3841e-05
37.927,0.0028129,37.401,46.01,3.3772e-05
38.746,0.0027982,38.212,46.416,3.3319e-05
39.513,0.0027701,38.973,46.797,3.2571e-05
40.246,0.0027299,39.704,47.163,3.1566e-05
40.932,0.0026797,40.391,47.507,3.0359e-05
41.561,0.0026213,41.024,47.823,2.9009e-05
42.32,0.0025328,41.791,48.207,2.7041e-05
42.969,0.0024378,42.451,48.538,2.5022e-05
43.509,0.0023401,43.006,48.815,2.3038e-05
43.939,0.0022431,43.451,49.038,2.1158e-05
44.31,0.0021298,43.843,49.234,1.907e-05
44.507,0.0020255,44.061,49.343,1.7249e-05
44.536,0.0019331,44.11,49.368,1.5718e-05
44.416,0.0018546,44.008,49.317,1.4475e-05
44.219,0.0017995,43.825,49.226,1.3636e-05
43.953,0.001755,43.571,49.099,1.298e-05
43.628,0.001721,43.255,48.941,1.2493e-05
43.244,0.0016972,42.88,48.753,1.216e-05
42.799,0.0016833,42.442,48.534,1.1975e-05
42.288,0.0016793,41.936,48.281,1.1933e-05
41.716,0.0016854,41.368,47.997,1.2037e-05
41.095,0.0017015,40.748,47.687,1.2288e-05
40.543,0.0017232,40.197,47.411,1.2622e-05
39.983,0.0017519,39.636,47.13,1.3066e-05
39.424,0.0017874,39.075,46.85,1.3624e-05
38.871,0.0018295,38.519,46.571,1.4297e-05
38.39,0.0018715,38.034,46.329,1.4985e-05
37.907,0.0019183,37.547,46.085,1.5768e-05
37.42,0.0019697,37.055,45.839,1.6653e-05
36.929,0.0020258,36.559,45.59,1.7647e-05
36.439,0.0020864,36.063,45.342,1.8753e-05
35.96,0.0021518,35.577,45.099,1.9985e-05
35.51,0.0022217,35.12,44.87,2.1345e-05
35.116,0.0022957,34.717,44.669,2.2829e-05
34.818,0.0023693,34.41,44.515,2.4346e-05
34.624,0.0024443,34.206,44.412,2.5929e-05
34.557,0.0025186,34.127,44.373,2.7532e-05
34.632,0.00259,34.19,44.404,2.9095e-05
34.852,0.0026543,34.395,44.507,3.0513e-05
35.212,0.0027105,34.742,44.68,3.1752e-05
35.702,0.0027562,35.217,44.918,3.2747e-05
36.301,0.0027896,35.802,45.21,3.3445e-05
37.09,0.0028107,36.576,45.597,3.3833e-05
37.942,0.0028127,37.415,46.018,3.3766e-05
38.814,0.0027962,38.279,46.45,3.3265e-05
39.669,0.0027626,39.129,46.875,3.2381e-05
40.433,0.0027174,39.892,47.257,3.1262e-05
41.142,0.0026616,40.602,47.612,2.9935e-05
41.785,0.0025974,41.25,47.936,2.8468e-05
42.361,0.0025273,41.833,48.228,2.6922e-05
42.922,0.0024453,42.404,48.514,2.5179e-05
43.401,0.0023612,42.895,48.76,2.3459e-05
43.8,0.0022771,43.307,48.966,2.1806e-05
44.115,0.0021948,43.636,49.131,2.0253e-05
44.402,0.0020904,43.943,49.284,1.837e-05
44.534,0.0019952,44.094,49.36,1.6738e-05
44.518,0.0019113,44.097,49.361,1.5366e-05
44.375,0.0018401,43.971,49.298,1.4252e-05
44.148,0.0017852,43.757,49.192,1.3424e-05
43.847,0.001742,43.468,49.047,1.2793e-05
43.482,0.0017103,43.113,48.87,1.2342e-05
43.052,0.0016897,42.691,48.658,1.2059e-05
42.564,0.0016801,42.209,48.418,1.1937e-05
42.008,0.0016811,41.658,48.142,1.1967e-05
41.394,0.0016926,41.046,47.836,1.2151e-05
40.737,0.0017148,40.391,47.508,1.2493e-05
40.069,0.001747,39.722,47.173,1.2991e-05
39.401,0.0017891,39.051,46.838,1.365e-05
38.741,0.0018404,38.387,46.506,1.4473e-05
38.085,0.0019005,37.727,46.175,1.5468e-05
37.442,0.0019673,37.077,45.85,1.6611e-05
36.789,0.0020426,36.417,45.52,1.7949e-05
36.14,0.0021263,35.76,45.191,1.9501e-05
35.53,0.0022184,35.14,44.88,2.1279e-05
35.157,0.002287,34.76,44.69,2.2652e-05
34.856,0.0023584,34.45,44.534,2.4118e-05
34.649,0.0024313,34.233,44.426,2.5653e-05
34.559,0.0025041,34.132,44.375,2.7216e-05
34.6,0.0025729,34.161,44.389,2.8719e-05
34.777,0.0026372,34.324,44.471,3.0136e-05
35.09,0.0026946,34.624,44.621,3.1402e-05
35.53,0.0027427,35.05,44.834,3.2454e-05
36.111,0.0027809,35.616,45.117,3.3268e-05
36.787,0.002805,36.278,45.448,3.3741e-05
37.526,0.0028141,37.006,45.813,3.3855e-05
38.299,0.0028081,37.769,46.194,3.3611e-05
39.067,0.002788,38.53,46.575,3.3042e-05
39.815,0.0027551,39.274,46.947,3.2192e-05
40.523,0.0027112,39.981,47.301,3.111e-05
41.18,0.0026581,40.64,47.631,2.9854e-05
42.274,0.0025389,41.744,48.184,2.7173e-05
43.156,0.0024064,42.643,48.634,2.4373e-05
43.828,0.0022705,43.336,48.98,2.1681e-05
44.283,0.0021398,43.814,49.22,1.925e-05
44.464,0.0020567,44.011,49.318,1.7784e-05
44.54,0.0019805,44.104,49.365,1.6493e-05
44.519,0.0019121,44.097,49.362,1.538e-05
44.41,0.0018524,44.003,49.314,1.4442e-05
44.23,0.0018018,43.835,49.231,1.3671e-05
43.991,0.0017602,43.607,49.117,1.3055e-05
43.701,0.0017273,43.327,48.977,1.2582e-05
43.363,0.0017031,42.997,48.811,1.2243e-05
42.931,0.0016862,42.572,48.599,1.2013e-05
42.432,0.0016794,42.079,48.352,1.1931e-05
41.868,0.0016829,41.519,48.072,1.1996e-05
41.25,0.0016966,40.903,47.764,1.2213e-05
40.597,0.0017208,40.25,47.438,1.2585e-05
39.93,0.001755,39.583,47.104,1.3114e-05
39.266,0.0017988,38.916,46.77,1.3804e-05
38.61,0.0018517,38.256,46.44,1.4658e-05
38.086,0.0019005,37.727,46.175,1.5468e-05
37.557,0.0019548,37.194,45.908,1.6395e-05
37.022,0.0020148,36.653,45.638,1.7449e-05
36.486,0.0020804,36.11,45.366,1.8642e-05
35.996,0.0021465,35.614,45.118,1.9883e-05
35.537,0.0022173,35.147,44.884,2.1258e-05
35.132,0.0022924,34.734,44.677,2.2761e-05
34.813,0.0023707,34.406,44.512,2.4374e-05
34.618,0.0024473,34.2,44.409,2.5995e-05
34.557,0.0025233,34.126,44.372,2.7633e-05
34.646,0.0025959,34.202,44.41,2.9224e-05
34.892,0.0026624,34.434,44.526,3.0691e-05
35.308,0.0027213,34.834,44.726,3.1989e-05
35.869,0.0027675,35.38,44.999,3.2987e-05
36.549,0.0027985,36.045,45.332,3.3622e-05
37.313,0.0028131,36.795,45.707,3.386e-05
38.089,0.0028112,37.561,46.09,3.3711e-05
38.875,0.0027944,38.339,46.48,3.3215e-05
39.645,0.0027638,39.105,46.863,3.2412e-05
40.378,0.0027212,39.836,47.229,3.1354e-05
41.188,0.0026573,40.648,47.635,2.9837e-05
41.915,0.0025828,41.38,48.002,2.8142e-05
42.553,0.0025011,42.027,48.325,2.6357e-05
43.103,0.0024154,42.588,48.606,2.4558e-05
43.556,0.0023304,43.054,48.84,2.2847e-05
43.926,0.0022462,43.439,49.032,2.1217e-05
44.212,0.0021645,43.738,49.182,1.9697e-05
44.409,0.0020868,43.951,49.288,1.8308e-05
44.524,0.0020079,44.081,49.354,1.6952e-05
44.538,0.0019366,44.111,49.368,1.5773e-05
44.46,0.0018737,44.048,49.337,1.4771e-05
44.305,0.0018196,43.906,49.266,1.394e-05
44.085,0.0017743,43.697,49.162,1.3263e-05
43.81,0.0017381,43.433,49.029,1.2735e-05
43.486,0.0017106,43.118,48.872,1.2346e-05
43.112,0.0016918,42.751,48.688,1.2087e-05
42.645,0.001681,42.29,48.458,1.1946e-05
42.113,0.0016801,41.762,48.194,1.195e-05
41.522,0.0016894,41.174,47.9,1.2101e-05
40.887,0.0017089,40.541,47.583,1.2402e-05
40.168,0.0017417,39.821,47.223,1.2908e-05
39.445,0.001786,39.096,46.86,1.3601e-05
38.732,0.0018411,38.379,46.501,1.4485e-05
38.024,0.0019065,37.665,46.144,1.5569e-05
37.37,0.0019753,37.004,45.813,1.6751e-05
36.706,0.0020528,36.333,45.477,1.8134e-05
36.049,0.002139,35.668,45.144,1.9742e-05
35.44,0.0022338,35.049,44.834,2.1583e-05
35.073,0.0023048,34.674,44.647,2.3014e-05
34.788,0.0023785,34.379,44.499,2.4538e-05
34.609,0.0024533,34.189,44.404,2.6123e-05
34.558,0.0025273,34.127,44.372,2.7721e-05
34.644,0.0025951,34.2,44.409,2.9206e-05
34.867,0.0026574,34.41,44.514,3.0582e-05
35.225,0.002712,34.754,44.686,3.1785e-05
35.706,0.0027565,35.221,44.919,3.2753e-05
36.359,0.0027918,35.859,45.239,3.349e-05
37.105,0.0028109,36.591,45.605,3.3836e-05
37.907,0.002813,37.382,46.001,3.3777e-05
38.73,0.0027986,38.195,46.408,3.3331e-05
39.496,0.0027708,38.957,46.789,3.259e-05
40.23,0.0027309,39.688,47.155,3.1591e-05
40.916,0.0026809,40.375,47.499,3.0389e-05
41.547,0.0026228,41.009,47.816,2.9042e-05
42.312,0.0025339,41.782,48.203,2.7065e-05
42.965,0.0024384,42.448,48.536,2.5034e-05
43.508,0.0023401,43.005,48.815,2.3039e-05
43.941,0.0022426,43.454,49.039,2.1148e-05
44.31,0.0021296,43.844,49.234,1.9066e-05
44.507,0.0020256,44.061,49.343,1.7251e-05
44.536,0.0019334,44.11,49.368,1.5722e-05
44.417,0.001855,44.009,49.318,1.4482e-05
44.221,0.0017998,43.827,49.226,1.3641e-05
43.955,0.0017552,43.573,49.099,1.2983e-05
43.629,0.0017211,43.257,48.942,1.2494e-05
43.246,0.0016972,42.882,48.754,1.2161e-05
42.801,0.0016833,42.443,48.535,1.1975e-05
42.29,0.0016793,41.938,48.282,1.1933e-05
41.717,0.0016853,41.369,47.997,1.2036e-05
41.096,0.0017015,40.749,47.687,1.2288e-05
40.545,0.001723,40.199,47.412,1.262e-05
39.987,0.0017516,39.64,47.132,1.3063e-05
39.43,0.001787,39.081,46.852,1.3618e-05
38.878,0.0018289,38.526,46.575,1.4287e-05
38.397,0.0018709,38.041,46.332,1.4974e-05
37.914,0.0019175,37.554,46.089,1.5755e-05
37.428,0.0019688,37.063,45.843,1.6638e-05
36.937,0.0020249,36.567,45.594,1.763e-05
36.447,0.0020853,36.071,45.346,1.8734e-05
35.968,0.0021506,35.585,45.103,1.9963e-05
35.517,0.0022205,35.127,44.874,2.1322e-05
35.122,0.0022945,34.723,44.672,2.2804e-05
34.822,0.002368,34.415,44.517,2.4319e-05
34.626,0.0024429,34.208,44.414,2.59e-05
34.557,0.0025173,34.127,44.373,2.7503e-05
34.629,0.0025887,34.187,44.402,2.9066e-05
34.846,0.0026531,34.39,44.504,3.0486e-05
35.204,0.0027094,34.733,44.676,3.1728e-05
35.691,0.0027554,35.206,44.912,3.2728e-05
36.287,0.0027889,35.788,45.203,3.3432e-05
37.076,0.0028104,36.563,45.591,3.3829e-05
37.93,0.0028128,37.404,46.012,3.3769e-05
38.805,0.0027965,38.27,46.445,3.3272e-05
39.663,0.0027629,39.122,46.872,3.2388e-05
40.427,0.0027179,39.885,47.253,3.1272e-05
41.135,0.0026621,40.595,47.609,2.9949e-05
41.779,0.0025981,41.243,47.933,2.8484e-05
42.355,0.0025282,41.826,48.225,2.694e-05
42.917,0.0024462,42.398,48.511,2.5196e-05
43.397,0.002362,42.891,48.758,2.3475e-05
43.796,0.0022778,43.303,48.964,2.1821e-05
44.112,0.0021955,43.634,49.129,2.0267e-05
44.401,0.0020907,43.942,49.284,1.8376e-05
44.534,0.0019951,44.094,49.36,1.6736e-05
44.518,0.0019109,44.097,49.361,1.536e-05
44.374,0.0018396,43.969,49.298,1.4244e-05
44.145,0.0017848,43.755,49.191,1.3418e-05
43.844,0.0017417,43.466,49.046,1.2788e-05
43.479,0.0017101,43.11,48.868,1.2339e-05
43.049,0.0016896,42.688,48.657,1.2057e-05
42.561,0.0016801,42.207,48.416,1.1937e-05
42.007,0.0016811,41.657,48.141,1.1967e-05
41.393,0.0016926,41.046,47.836,1.2151e-05
40.738,0.0017147,40.392,47.508,1.2492e-05
40.07,0.0017469,39.724,47.174,1.2989e-05
39.403,0.0017889,39.053,46.839,1.3648e-05
38.743,0.0018401,38.39,46.507,1.447e-05
38.088,0.0019002,37.73,46.176,1.5463e-05
37.444,0.0019671,37.079,45.851,1.6608e-05
36.79,0.0020424,36.418,45.52,1.7947e-05
36.14,0.0021263,35.76,45.191,1.95e-05
35.529,0.0022185,35.14,44.88,2.1281e-05
35.157,0.0022871,34.759,44.69,2.2654e-05
34.855,0.0023585,34.449,44.534,2.4121e-05
34.649,0.0024314,34.233,44.426,2.5656e-05
34.559,0.0025042,34.132,44.375,2.7218e-05
34.6,0.002573,34.161,44.389,2.8722e-05
34.777,0.0026373,34.325,44.471,3.0139e-05
35.091,0.0026947,34.624,44.621,3.1404e-05
35.531,0.0027427,35.051,44.834,3.2456e-05
36.112,0.0027809,35.617,45.118,3.3269e-05
36.788,0.002805,36.279,45.449,3.3742e-05
37.528,0.0028141,37.007,45.813,3.3854e-05
38.3,0.0028081,37.77,46.195,3.3609e-05
39.069,0.002788,38.532,46.576,3.304e-05
39.816,0.002755,39.275,46.948,3.2189e-05
40.524,0.0027111,39.982,47.302,3.1108e-05
41.181,0.002658,40.641,47.632,2.9851e-05
42.272,0.0025391,41.742,48.183,2.7178e-05
43.152,0.002407,42.639,48.632,2.4386e-05
43.823,0.0022716,43.331,48.978,2.1701e-05
44.279,0.0021412,43.81,49.218,1.9274e-05
44.462,0.002058,44.009,49.317,1.7805e-05
44.54,0.0019815,44.103,49.364,1.6511e-05
44.52,0.001913,44.098,49.362,1.5394e-05
44.412,0.0018532,44.005,49.315,1.4453e-05
44.233,0.0018024,43.838,49.232,1.368e-05
43.994,0.0017606,43.611,49.118,1.3062e-05
43.705,0.0017277,43.331,48.978,1.2587e-05
43.367,0.0017034,43.001,48.814,1.2246e-05
42.94,0.0016864,42.581,48.604,1.2016e-05
42.448,0.0016794,42.095,48.36,1.1931e-05
41.892,0.0016825,41.543,48.084,1.1991e-05
41.282,0.0016957,40.935,47.78,1.2198e-05
40.636,0.001719,40.29,47.458,1.2558e-05
39.977,0.0017523,39.629,47.127,1.3072e-05
39.319,0.0017949,38.969,46.797,1.3743e-05
38.668,0.0018466,38.315,46.469,1.4575e-05
38.159,0.0018934,37.801,46.212,1.5348e-05
37.646,0.0019454,37.283,45.953,1.6232e-05
37.127,0.0020027,36.759,45.69,1.7234e-05
36.604,0.0020654,36.23,45.426,1.8365e-05
36.115,0.0021297,35.735,45.178,1.9565e-05
35.649,0.0021989,35.262,44.941,2.0896e-05
35.231,0.0022724,34.835,44.727,2.2357e-05
34.889,0.0023494,34.484,44.551,2.3932e-05
34.656,0.0024278,34.241,44.43,2.5578e-05
34.558,0.002506,34.131,44.374,2.7258e-05
34.615,0.0025814,34.174,44.396,2.8905e-05
34.836,0.002651,34.38,44.499,3.0439e-05
35.214,0.0027107,34.743,44.681,3.1756e-05
35.736,0.0027586,35.25,44.934,3.2798e-05
36.378,0.0027926,35.877,45.248,3.3505e-05
37.108,0.002811,36.594,45.607,3.3837e-05
37.884,0.0028132,37.359,45.989,3.3784e-05
38.679,0.0027999,38.145,46.383,3.3369e-05
39.463,0.0027723,38.924,46.772,3.2629e-05
40.214,0.0027319,39.673,47.147,3.1615e-05
41.009,0.0026731,40.468,47.545,3.0206e-05
41.727,0.0026038,41.191,47.907,2.8613e-05
42.364,0.0025271,41.835,48.229,2.6916e-05
42.919,0.0024458,42.401,48.512,2.5187e-05
43.397,0.002362,42.891,48.758,2.3476e-05
43.794,0.0022783,43.301,48.963,2.183e-05
44.109,0.0021964,43.63,49.128,2.0283e-05
44.34,0.0021179,43.875,49.25,1.8856e-05
44.495,0.0020349,44.047,49.337,1.7409e-05
44.544,0.0019594,44.112,49.369,1.6145e-05
44.493,0.0018924,44.076,49.351,1.5065e-05
44.357,0.0018345,43.954,49.29,1.4166e-05
44.145,0.0017848,43.755,49.19,1.3418e-05
43.872,0.001745,43.493,49.059,1.2835e-05
43.545,0.0017147,43.175,48.901,1.2404e-05
43.165,0.0016938,42.802,48.714,1.2114e-05
42.679,0.0016814,42.323,48.474,1.1951e-05
42.12,0.0016801,41.769,48.198,1.1949e-05
41.496,0.00169,41.149,47.887,1.2111e-05
40.825,0.0017113,40.478,47.552,1.2439e-05
40.188,0.0017406,39.841,47.233,1.2891e-05
39.549,0.0017789,39.201,46.913,1.3489e-05
38.917,0.0018257,38.565,46.595,1.4236e-05
38.292,0.0018807,37.935,46.279,1.5136e-05
37.746,0.0019348,37.385,46.004,1.605e-05
37.194,0.001995,36.827,45.725,1.7097e-05
36.637,0.0020612,36.264,45.443,1.8289e-05
36.087,0.0021336,35.707,45.164,1.9639e-05
35.66,0.0021971,35.273,44.947,2.0862e-05
35.272,0.0022644,34.877,44.749,2.2195e-05
34.946,0.0023346,34.543,44.581,2.3626e-05
34.706,0.0024068,34.294,44.456,2.5134e-05
34.575,0.0024795,34.152,44.385,2.6685e-05
34.571,0.0025505,34.136,44.377,2.8228e-05
34.707,0.0026177,34.258,44.438,2.9705e-05
34.983,0.0026785,34.521,44.569,3.1047e-05
35.462,0.0027366,34.984,44.801,3.2322e-05
36.091,0.0027799,35.597,45.108,3.3247e-05
36.837,0.0028062,36.328,45.473,3.3762e-05
37.659,0.0028142,37.137,45.878,3.3837e-05
38.435,0.0028056,37.903,46.262,3.3533e-05
39.208,0.0027828,38.67,46.646,3.2905e-05
39.956,0.0027474,39.415,47.018,3.1997e-05
40.662,0.002701,40.12,47.371,3.0866e-05
41.522,0.0026252,40.985,47.804,2.9098e-05
42.277,0.0025384,41.748,48.186,2.7163e-05
42.925,0.0024449,42.407,48.515,2.517e-05
43.465,0.0023487,42.961,48.793,2.3209e-05
43.871,0.00226,43.381,49.003,2.148e-05
44.183,0.0021738,43.708,49.167,1.9868e-05
44.399,0.0020919,43.939,49.282,1.8396e-05
44.517,0.0020156,44.073,49.349,1.7082e-05
44.54,0.0019426,44.112,49.369,1.587e-05
44.469,0.0018781,44.055,49.341,1.4841e-05
44.317,0.0018227,43.917,49.271,1.3986e-05
44.099,0.0017766,43.711,49.168,1.3297e-05
43.839,0.0017411,43.461,49.043,1.2779e-05
43.532,0.0017137,43.163,48.894,1.239e-05
43.18,0.0016944,42.817,48.721,1.2122e-05
42.778,0.0016829,42.421,48.523,1.197e-05
42.321,0.0016793,41.969,48.297,1.1932e-05
41.816,0.0016836,41.467,48.046,1.2009e-05
41.269,0.0016961,40.922,47.773,1.2205e-05
40.693,0.0017166,40.347,47.486,1.2521e-05
40.074,0.0017467,39.727,47.176,1.2986e-05
39.456,0.0017852,39.107,46.865,1.3589e-05
38.844,0.0018317,38.491,46.558,1.4333e-05
38.237,0.0018858,37.88,46.252,1.5222e-05
37.645,0.0019455,37.282,45.953,1.6233e-05
37.044,0.0020123,36.675,45.649,1.7404e-05
36.44,0.0020863,36.064,45.343,1.8751e-05
35.853,0.0021675,35.468,45.045,2.0287e-05
35.448,0.0022323,35.057,44.839,2.1554e-05
35.094,0.0023004,34.695,44.657,2.2923e-05
34.813,0.0023709,34.405,44.512,2.4379e-05
34.627,0.0024427,34.209,44.414,2.5895e-05
34.557,0.002514,34.128,44.373,2.7431e-05
34.617,0.0025826,34.176,44.397,2.8933e-05
34.816,0.0026464,34.361,44.489,3.0338e-05
35.15,0.0027027,34.682,44.65,3.1582e-05
35.632,0.0027509,35.149,44.883,3.2633e-05
36.229,0.0027864,35.731,45.175,3.3381e-05
36.915,0.0028078,36.404,45.511,3.3788e-05
37.659,0.0028142,37.136,45.878,3.3837e-05
38.429,0.0028057,37.897,46.259,3.3536e-05
39.198,0.0027832,38.66,46.64,3.2915e-05
39.941,0.0027482,39.4,47.011,3.2018e-05
40.643,0.0027024,40.102,47.362,3.0898e-05
41.502,0.0026273,40.964,47.793,2.9145e-05
42.256,0.0025412,41.726,48.175,2.7222e-05
42.904,0.0024483,42.385,48.505,2.524e-05
43.446,0.0023526,42.941,48.783,2.3286e-05
43.854,0.0022642,43.363,48.994,2.1559e-05
44.17,0.0021782,43.694,49.159,1.9947e-05
44.389,0.0020963,43.929,49.277,1.8473e-05
44.513,0.0020199,44.068,49.347,1.7154e-05
44.541,0.0019466,44.112,49.369,1.5937e-05
44.476,0.0018818,44.061,49.344,1.4899e-05
44.329,0.0018261,43.928,49.277,1.4037e-05
44.116,0.0017795,43.727,49.176,1.3339e-05
43.859,0.0017434,43.48,49.053,1.2812e-05
43.556,0.0017154,43.186,48.906,1.2414e-05
43.207,0.0016955,42.843,48.735,1.2138e-05
42.808,0.0016834,42.451,48.538,1.1977e-05
42.353,0.0016792,42.001,48.313,1.1931e-05
41.848,0.0016831,41.499,48.062,1.2001e-05
41.3,0.0016952,40.953,47.789,1.219e-05
40.723,0.0017154,40.377,47.501,1.2501e-05
40.097,0.0017455,39.75,47.188,1.2966e-05
39.471,0.0017842,39.122,46.873,1.3572e-05
38.852,0.001831,38.5,46.562,1.4322e-05
38.238,0.0018857,37.881,46.252,1.522e-05
37.639,0.0019461,37.276,45.95,1.6244e-05
37.031,0.0020137,36.662,45.642,1.743e-05
36.42,0.0020888,36.044,45.333,1.8798e-05
35.828,0.0021712,35.443,45.032,2.0359e-05
35.426,0.0022362,35.034,44.827,2.1631e-05
35.076,0.0023044,34.676,44.648,2.3005e-05
34.799,0.002375,34.391,44.505,2.4465e-05
34.619,0.0024468,34.201,44.41,2.5983e-05
34.556,0.002518,34.127,44.373,2.7518e-05
34.625,0.0025864,34.183,44.4,2.9015e-05
34.831,0.0026497,34.376,44.497,3.0413e-05
35.173,0.0027056,34.704,44.661,3.1645e-05
35.662,0.0027532,35.178,44.898,3.2681e-05
36.264,0.002788,35.766,45.192,3.3412e-05
36.954,0.0028085,36.443,45.531,3.38e-05
37.701,0.0028141,37.178,45.899,3.383e-05
38.471,0.0028048,37.939,46.28,3.351e-05
39.238,0.0027817,38.7,46.661,3.2873e-05
39.98,0.002746,39.438,47.03,3.1964e-05
40.678,0.0026997,40.137,47.379,3.0835e-05
41.547,0.0026228,41.009,47.816,2.9042e-05
42.306,0.0025346,41.777,48.2,2.708e-05
42.956,0.0024399,42.439,48.531,2.5065e-05
43.497,0.0023424,42.993,48.809,2.3084e-05
43.898,0.0022534,43.409,49.017,2.1353e-05
44.205,0.0021669,43.731,49.178,1.9741e-05
44.413,0.0020849,43.955,49.29,1.8274e-05
44.523,0.0020088,44.081,49.353,1.6966e-05
44.537,0.0019361,44.11,49.368,1.5765e-05
44.457,0.0018721,44.045,49.335,1.4747e-05
44.297,0.0018174,43.898,49.262,1.3906e-05
44.071,0.0017721,43.684,49.155,1.3229e-05
43.805,0.0017375,43.428,49.027,1.2727e-05
43.493,0.001711,43.124,48.875,1.2352e-05
43.134,0.0016926,42.772,48.699,1.2098e-05
42.726,0.001682,42.369,48.498,1.1959e-05
42.267,0.0016793,41.915,48.27,1.1935e-05
41.759,0.0016846,41.411,48.018,1.2024e-05
41.213,0.0016978,40.866,47.746,1.223e-05
40.639,0.0017189,40.293,47.459,1.2556e-05
40.031,0.0017491,39.684,47.155,1.3023e-05
39.424,0.0017874,39.075,46.85,1.3624e-05
38.824,0.0018334,38.471,46.548,1.436e-05
38.228,0.0018867,37.871,46.247,1.5236e-05
37.645,0.0019454,37.283,45.953,1.6232e-05
37.055,0.002011,36.686,45.654,1.7382e-05
36.46,0.0020837,36.084,45.353,1.8702e-05
35.881,0.0021633,35.497,45.059,2.0206e-05
35.474,0.0022278,35.083,44.852,2.1466e-05
35.116,0.0022958,34.717,44.668,2.283e-05
34.829,0.0023662,34.421,44.52,2.4282e-05
34.635,0.002438,34.218,44.419,2.5796e-05
34.557,0.0025095,34.129,44.374,2.7333e-05
34.609,0.0025784,34.169,44.393,2.8839e-05
34.799,0.0026426,34.345,44.482,3.0254e-05
35.126,0.0026995,34.658,44.638,3.151e-05
35.6,0.0027484,35.117,44.868,3.2578e-05
36.19,0.0027847,35.694,45.156,3.3345e-05
36.871,0.0028069,36.361,45.49,3.3774e-05
37.613,0.0028142,37.091,45.855,3.3844e-05
38.383,0.0028066,37.852,46.236,3.3563e-05
39.152,0.0027849,38.615,46.618,3.296e-05
39.899,0.0027506,39.357,46.989,3.2077e-05
40.604,0.0027053,40.062,47.342,3.0969e-05
41.453,0.0026322,40.915,47.769,2.9256e-05
42.202,0.0025481,41.671,48.147,2.7373e-05
42.848,0.0024572,42.328,48.476,2.5426e-05
43.391,0.0023632,42.884,48.754,2.3498e-05
43.807,0.0022755,43.314,48.969,2.1776e-05
44.132,0.0021898,43.654,49.139,2.0162e-05
44.363,0.002108,43.9,49.263,1.8681e-05
44.5,0.0020315,44.052,49.339,1.7351e-05
44.544,0.0019575,44.112,49.369,1.6114e-05
44.492,0.0018917,44.076,49.351,1.5055e-05
44.359,0.0018348,43.956,49.291,1.4171e-05
44.157,0.001787,43.766,49.196,1.345e-05
43.909,0.0017493,43.528,49.077,1.2897e-05
43.614,0.0017199,43.242,48.934,1.2476e-05
43.272,0.0016985,42.908,48.767,1.2178e-05
42.883,0.001685,42.524,48.575,1.1997e-05
42.43,0.0016794,42.077,48.351,1.193e-05
41.924,0.0016821,41.575,48.1,1.1983e-05
41.374,0.0016931,41.026,47.826,1.2159e-05
40.79,0.0017126,40.444,47.534,1.2459e-05
40.145,0.0017429,39.798,47.211,1.2926e-05
39.499,0.0017823,39.15,46.887,1.3543e-05
38.859,0.0018304,38.507,46.565,1.4312e-05
38.226,0.0018869,37.868,46.246,1.524e-05
37.672,0.0019426,37.31,45.966,1.6183e-05
37.112,0.0020044,36.743,45.683,1.7265e-05
36.547,0.0020726,36.172,45.397,1.8498e-05
35.992,0.0021471,35.61,45.116,1.9895e-05
35.574,0.002211,35.186,44.903,2.1133e-05
35.2,0.0022784,34.804,44.712,2.2478e-05
34.891,0.0023487,34.487,44.553,2.3917e-05
34.672,0.0024206,34.258,44.438,2.5426e-05
34.564,0.0024927,34.139,44.379,2.6969e-05
34.585,0.0025627,34.148,44.383,2.8495e-05
34.744,0.0026285,34.293,44.455,2.9943e-05
35.042,0.0026876,34.577,44.597,3.1247e-05
35.488,0.0027389,35.009,44.814,3.2374e-05
36.057,0.0027781,35.564,45.091,3.3211e-05
36.723,0.0028035,36.216,45.417,3.3714e-05
37.456,0.0028139,36.937,45.778,3.3859e-05
38.224,0.0028093,37.695,46.158,3.3648e-05
38.998,0.0027904,38.461,46.541,3.3106e-05
39.752,0.0027584,39.211,46.916,3.2274e-05
40.468,0.002715,39.926,47.274,3.1204e-05
41.293,0.0026476,40.754,47.688,2.9612e-05
42.028,0.0025695,41.495,48.059,2.7845e-05
42.669,0.0024843,42.146,48.385,2.5998e-05
43.217,0.0023953,42.706,48.665,2.4149e-05
43.656,0.0023095,43.157,48.891,2.2435e-05
44.009,0.0022248,43.524,49.075,2.0813e-05
44.274,0.0021431,43.804,49.215,1.9309e-05
44.449,0.0020659,43.994,49.31,1.7943e-05
44.537,0.0019892,44.098,49.362,1.6638e-05
44.527,0.0019202,44.103,49.365,1.5508e-05
44.429,0.0018597,44.02,49.323,1.4553e-05
44.258,0.001808,43.862,49.244,1.3765e-05
44.029,0.0017656,43.644,49.135,1.3135e-05
43.75,0.0017319,43.374,49,1.2647e-05
43.423,0.0017066,43.056,48.841,1.229e-05
43.047,0.0016895,42.687,48.656,1.2057e-05
42.59,0.0016803,42.235,48.43,1.1939e-05
42.072,0.0016805,41.721,48.174,1.1956e-05
41.5,0.0016899,41.153,47.889,1.2109e-05
40.889,0.0017088,40.543,47.584,1.24e-05
40.189,0.0017405,39.843,47.234,1.289e-05
39.487,0.0017831,39.138,46.881,1.3556e-05
38.792,0.001836,38.44,46.532,1.4402e-05
38.104,0.0018987,37.746,46.185,1.5437e-05
37.426,0.0019691,37.061,45.842,1.6642e-05
36.737,0.0020489,36.364,45.493,1.8065e-05
36.054,0.0021383,35.673,45.147,1.9728e-05
35.423,0.0022367,35.031,44.826,2.1642e-05
35.06,0.0023078,34.66,44.64,2.3075e-05
34.779,0.0023815,34.369,44.494,2.46e-05
34.604,0.0024562,34.185,44.402,2.6183e-05
34.559,0.0025299,34.127,44.373,2.7778e-05
34.65,0.0025976,34.206,44.412,2.9261e-05
34.879,0.0026597,34.421,44.519,3.0632e-05
35.242,0.0027139,34.77,44.694,3.1827e-05
35.728,0.002758,35.242,44.93,3.2785e-05
36.382,0.0027927,35.881,45.25,3.3507e-05
37.128,0.0028111,36.613,45.616,3.3839e-05
37.928,0.0028128,37.402,46.011,3.377e-05
38.747,0.0027981,38.213,46.417,3.3317e-05
39.514,0.0027699,38.974,46.798,3.2568e-05
40.247,0.0027298,39.706,47.164,3.1563e-05
40.933,0.0026795,40.392,47.507,3.0356e-05
41.562,0.0026212,41.025,47.824,2.9006e-05
42.321,0.0025327,41.792,48.208,2.7038e-05
42.969,0.0024377,42.452,48.538,2.5019e-05
43.509,0.00234,43.006,48.815,2.3037e-05
43.939,0.0022431,43.452,49.038,2.1157e-05
44.31,0.0021298,43.843,49.234,1.9069e-05
44.507,0.0020255,44.061,49.343,1.7248e-05
44.536,0.0019331,44.11,49.368,1.5716e-05
44.416,0.0018546,44.008,49.317,1.4474e-05
44.22,0.0017994,43.825,49.226,1.3635e-05
43.953,0.001755,43.571,49.099,1.298e-05
43.628,0.001721,43.255,48.941,1.2492e-05
43.244,0.0016971,42.88,48.753,1.216e-05
42.799,0.0016832,42.442,48.534,1.1974e-05
42.288,0.0016793,41.936,48.281,1.1933e-05
41.716,0.0016853,41.368,47.997,1.2036e-05
41.095,0.0017015,40.748,47.687,1.2288e-05
40.543,0.0017231,40.197,47.411,1.2621e-05
39.983,0.0017519,39.635,47.13,1.3066e-05
39.424,0.0017874,39.075,46.849,1.3624e-05
38.871,0.0018295,38.518,46.571,1.4297e-05
38.389,0.0018716,38.033,46.328,1.4985e-05
37.906,0.0019183,37.546,46.085,1.5769e-05
37.42,0.0019698,37.055,45.839,1.6654e-05
36.928,0.0020259,36.558,45.59,1.7648e-05
36.438,0.0020865,36.062,45.342,1.8754e-05
35.959,0.0021518,35.577,45.099,1.9986e-05
35.51,0.0022218,35.12,44.87,2.1347e-05
35.115,0.0022958,34.717,44.668,2.2831e-05
34.817,0.0023694,34.41,44.514,2.4349e-05
34.624,0.0024444,34.206,44.412,2.5932e-05
34.557,0.0025187,34.127,44.373,2.7535e-05
34.633,0.0025901,34.19,44.404,2.9097e-05
34.853,0.0026544,34.396,44.507,3.0515e-05
35.214,0.0027106,34.743,44.68,3.1754e-05
35.704,0.0027563,35.219,44.918,3.2748e-05
36.303,0.0027896,35.804,45.211,3.3445e-05
37.091,0.0028106,36.577,45.598,3.3832e-05
37.943,0.0028127,37.417,46.018,3.3764e-05
38.815,0.0027961,38.28,46.45,3.3263e-05
39.67,0.0027625,39.13,46.875,3.2379e-05
40.434,0.0027173,39.893,47.257,3.1259e-05
41.143,0.0026614,40.603,47.612,2.9933e-05
41.786,0.0025973,41.251,47.937,2.8465e-05
42.362,0.0025272,41.834,48.229,2.6919e-05
42.923,0.0024452,42.404,48.514,2.5176e-05
43.402,0.0023611,42.896,48.76,2.3456e-05
43.8,0.0022769,43.307,48.966,2.1804e-05
44.115,0.0021947,43.637,49.131,2.0251e-05
44.402,0.0020903,43.943,49.284,1.8369e-05
44.534,0.0019951,44.094,49.36,1.6737e-05
44.518,0.0019113,44.097,49.362,1.5366e-05
44.376,0.0018402,43.971,49.299,1.4253e-05
44.148,0.0017852,43.757,49.192,1.3424e-05
43.847,0.001742,43.469,49.047,1.2793e-05
43.482,0.0017103,43.113,48.87,1.2342e-05
43.052,0.0016897,42.691,48.659,1.2059e-05
42.564,0.0016801,42.21,48.418,1.1937e-05
42.009,0.0016811,41.659,48.142,1.1966e-05
41.394,0.0016926,41.046,47.836,1.215e-05
40.737,0.0017148,40.391,47.508,1.2492e-05
40.069,0.001747,39.722,47.173,1.2991e-05
39.401,0.0017891,39.051,46.838,1.365e-05
38.74,0.0018404,38.387,46.506,1.4473e-05
38.085,0.0019005,37.727,46.175,1.5468e-05
37.442,0.0019673,37.077,45.85,1.6611e-05
36.789,0.0020425,36.417,45.52,1.7949e-05
36.14,0.0021263,35.76,45.191,1.95e-05
35.53,0.0022183,35.141,44.88,2.1278e-05
35.158,0.002287,34.76,44.69,2.2651e-05
34.856,0.0023584,34.45,44.534,2.4118e-05
34.649,0.0024313,34.233,44.426,2.5652e-05
34.559,0.002504,34.132,44.375,2.7215e-05
34.6,0.0025729,34.161,44.389,2.8718e-05
34.777,0.0026372,34.325,44.471,3.0135e-05
35.09,0.0026945,34.624,44.621,3.1401e-05
35.53,0.0027426,35.05,44.834,3.2453e-05
36.111,0.0027809,35.616,45.117,3.3267e-05
36.786,0.002805,36.278,45.448,3.3741e-05
37.526,0.0028141,37.006,45.813,3.3854e-05
38.299,0.0028081,37.769,46.194,3.361e-05
39.067,0.002788,38.53,46.575,3.3042e-05
39.815,0.0027551,39.274,46.947,3.2191e-05
40.523,0.0027112,39.981,47.301,3.111e-05
41.18,0.0026581,40.64,47.631,2.9854e-05
42.274,0.0025388,41.744,48.184,2.7172e-05
43.157,0.0024063,42.644,48.634,2.4371e-05
43.828,0.0022704,43.336,48.981,2.1678e-05
44.283,0.0021397,43.814,49.22,1.9247e-05
44.464,0.0020566,44.012,49.319,1.7781e-05
44.541,0.0019803,44.104,49.365,1.649e-05
44.519,0.001912,44.097,49.362,1.5378e-05
44.41,0.0018523,44.003,49.314,1.444e-05
44.23,0.0018017,43.835,49.231,1.3669e-05
43.991,0.0017601,43.607,49.117,1.3054e-05
43.701,0.0017273,43.327,48.976,1.2582e-05
43.362,0.0017031,42.996,48.811,1.2242e-05
42.93,0.0016861,42.571,48.598,1.2012e-05
42.43,0.0016794,42.077,48.351,1.193e-05
41.866,0.0016829,41.516,48.071,1.1997e-05
41.247,0.0016967,40.9,47.763,1.2214e-05
40.592,0.001721,40.246,47.435,1.2588e-05
39.925,0.0017553,39.578,47.101,1.3119e-05
39.26,0.0017992,38.91,46.767,1.3811e-05
38.604,0.0018523,38.249,46.437,1.4667e-05
38.077,0.0019013,37.719,46.171,1.5482e-05
37.546,0.001956,37.183,45.903,1.6415e-05
37.009,0.0020163,36.64,45.631,1.7476e-05
36.471,0.0020823,36.095,45.358,1.8678e-05
35.981,0.0021486,35.599,45.11,1.9924e-05
35.522,0.0022197,35.133,44.876,2.1305e-05
35.12,0.002295,34.721,44.671,2.2813e-05
34.804,0.0023734,34.396,44.508,2.4431e-05
34.614,0.0024499,34.195,44.407,2.6049e-05
34.557,0.0025255,34.126,44.372,2.7683e-05
34.65,0.0025978,34.206,44.412,2.9267e-05
34.9,0.0026639,34.442,44.53,3.0726e-05
35.321,0.0027227,34.847,44.733,3.2021e-05
35.888,0.0027686,35.399,45.008,3.3011e-05
36.574,0.0027993,36.069,45.344,3.3636e-05
37.343,0.0028133,36.825,45.722,3.3861e-05
38.118,0.0028109,37.59,46.105,3.3698e-05
38.903,0.0027935,38.368,46.494,3.319e-05
39.671,0.0027625,39.131,46.876,3.2378e-05
40.402,0.0027196,39.86,47.241,3.1314e-05
41.215,0.0026549,40.676,47.649,2.978e-05
41.943,0.0025795,41.409,48.016,2.8068e-05
42.582,0.002497,42.057,48.34,2.6269e-05
43.131,0.0024105,42.617,48.621,2.4459e-05
43.58,0.0023254,43.08,48.852,2.2747e-05
43.947,0.0022411,43.46,49.042,2.1119e-05
44.227,0.0021594,43.755,49.19,1.9604e-05
44.419,0.0020818,43.962,49.294,1.822e-05
44.527,0.0020035,44.086,49.356,1.6877e-05
44.536,0.0019327,44.109,49.368,1.571e-05
44.453,0.0018704,44.042,49.334,1.472e-05
44.295,0.001817,43.896,49.261,1.3899e-05
44.073,0.0017723,43.685,49.156,1.3233e-05
43.797,0.0017367,43.42,49.023,1.2715e-05
43.473,0.0017097,43.104,48.865,1.2334e-05
43.099,0.0016913,42.737,48.682,1.2081e-05
42.634,0.0016808,42.279,48.453,1.1945e-05
42.106,0.0016802,41.755,48.191,1.1951e-05
41.52,0.0016895,41.172,47.899,1.2102e-05
40.891,0.0017087,40.545,47.585,1.2399e-05
40.175,0.0017413,39.828,47.226,1.2902e-05
39.456,0.0017852,39.107,46.866,1.3589e-05
38.746,0.0018399,38.392,46.508,1.4466e-05
38.041,0.0019049,37.682,46.153,1.5541e-05
37.381,0.001974,37.016,45.819,1.6728e-05
36.712,0.002052,36.339,45.48,1.8121e-05
36.05,0.002139,35.668,45.145,1.9741e-05
35.436,0.0022345,35.044,44.832,2.1599e-05
35.07,0.0023056,34.67,44.645,2.303e-05
34.785,0.0023793,34.376,44.498,2.4555e-05
34.607,0.0024541,34.188,44.403,2.614e-05
34.558,0.0025281,34.127,44.372,2.7737e-05
34.645,0.0025958,34.202,44.41,2.9222e-05
34.87,0.0026581,34.413,44.516,3.0597e-05
35.23,0.0027125,34.759,44.688,3.1797e-05
35.712,0.0027569,35.227,44.922,3.2762e-05
36.366,0.0027921,35.865,45.242,3.3495e-05
37.112,0.002811,36.597,45.608,3.3837e-05
37.913,0.002813,37.387,46.004,3.3775e-05
38.734,0.0027984,38.2,46.41,3.3327e-05
39.501,0.0027706,38.961,46.791,3.2584e-05
40.235,0.0027306,39.693,47.157,3.1583e-05
40.921,0.0026805,40.38,47.501,3.038e-05
41.551,0.0026224,41.013,47.818,2.9032e-05
42.314,0.0025336,41.785,48.204,2.7058e-05
42.966,0.0024382,42.449,48.536,2.503e-05
43.509,0.0023401,43.005,48.815,2.3039e-05
43.94,0.0022427,43.453,49.039,2.1151e-05
44.31,0.0021297,43.843,49.234,1.9067e-05
44.507,0.0020256,44.061,49.343,1.725e-05
44.536,0.0019333,44.11,49.368,1.5721e-05
44.417,0.0018549,44.009,49.318,1.448e-05
44.221,0.0017997,43.826,49.226,1.3639e-05
43.955,0.0017552,43.572,49.099,1.2982e-05
43.629,0.0017211,43.257,48.941,1.2494e-05
43.246,0.0016972,42.882,48.754,1.2161e-05
42.8,0.0016833,42.443,48.535,1.1975e-05
42.29,0.0016793,41.938,48.282,1.1933e-05
41.717,0.0016853,41.369,47.997,1.2036e-05
41.096,0.0017015,40.749,47.687,1.2287e-05
40.545,0.001723,40.199,47.412,1.262e-05
39.986,0.0017517,39.639,47.132,1.3063e-05
39.429,0.0017871,39.08,46.852,1.3618e-05
38.878,0.001829,38.525,46.575,1.4288e-05
38.396,0.0018709,38.04,46.332,1.4975e-05
37.914,0.0019176,37.554,46.088,1.5756e-05
37.427,0.0019689,37.062,45.842,1.6639e-05
36.936,0.002025,36.566,45.594,1.7632e-05
36.446,0.0020855,36.07,45.346,1.8736e-05
35.967,0.0021508,35.584,45.103,1.9966e-05
35.517,0.0022207,35.127,44.874,2.1324e-05
35.121,0.0022946,34.723,44.671,2.2806e-05
34.822,0.0023682,34.414,44.517,2.4322e-05
34.626,0.0024431,34.208,44.413,2.5904e-05
34.557,0.0025174,34.127,44.373,2.7506e-05
34.63,0.0025888,34.187,44.403,2.9069e-05
34.847,0.0026532,34.391,44.504,3.0489e-05
35.205,0.0027095,34.734,44.676,3.1731e-05
35.692,0.0027555,35.207,44.913,3.273e-05
36.289,0.002789,35.79,45.204,3.3434e-05
37.078,0.0028105,36.564,45.592,3.383e-05
37.931,0.0028128,37.405,46.013,3.3769e-05
38.806,0.0027964,38.271,46.446,3.3271e-05
39.663,0.0027629,39.123,46.872,3.2387e-05
40.428,0.0027178,39.886,47.254,3.1271e-05
41.136,0.0026621,40.596,47.609,2.9947e-05
41.78,0.0025981,41.244,47.933,2.8482e-05
42.356,0.0025281,41.827,48.225,2.6938e-05
42.917,0.0024461,42.399,48.511,2.5194e-05
43.398,0.0023619,42.891,48.758,2.3473e-05
43.797,0.0022777,43.304,48.964,2.1819e-05
44.113,0.0021954,43.634,49.13,2.0265e-05
44.402,0.0020907,43.942,49.284,1.8375e-05
44.534,0.0019951,44.094,49.36,1.6736e-05
44.518,0.001911,44.097,49.361,1.5361e-05
44.374,0.0018397,43.97,49.298,1.4245e-05
44.146,0.0017848,43.755,49.191,1.3418e-05
43.845,0.0017418,43.466,49.046,1.2789e-05
43.479,0.0017101,43.111,48.868,1.2339e-05
43.049,0.0016896,42.688,48.657,1.2058e-05
42.562,0.0016801,42.207,48.417,1.1937e-05
42.007,0.0016811,41.657,48.141,1.1967e-05
41.393,0.0016926,41.046,47.836,1.2151e-05
40.738,0.0017147,40.392,47.508,1.2492e-05
40.07,0.0017469,39.723,47.174,1.2989e-05
39.403,0.0017889,39.053,46.839,1.3648e-05
38.743,0.0018402,38.39,46.507,1.447e-05
38.088,0.0019002,37.729,46.176,1.5463e-05
37.444,0.0019671,37.079,45.851,1.6608e-05
36.79,0.0020424,36.418,45.52,1.7947e-05
36.14,0.0021263,35.76,45.191,1.95e-05
35.53,0.0022184,35.14,44.88,2.128e-05
35.157,0.0022871,34.76,44.69,2.2653e-05
34.855,0.0023585,34.449,44.534,2.412e-05
34.649,0.0024314,34.233,44.426,2.5655e-05
34.559,0.0025041,34.132,44.375,2.7218e-05
34.6,0.002573,34.161,44.389,2.8721e-05
34.777,0.0026373,34.325,44.471,3.0138e-05
35.091,0.0026946,34.624,44.621,3.1404e-05
35.531,0.0027427,35.051,44.834,3.2455e-05
36.112,0.0027809,35.617,45.118,3.3268e-05
36.788,0.002805,36.279,45.449,3.3741e-05
37.528,0.0028141,37.007,45.813,3.3854e-05
38.3,0.0028081,37.77,46.195,3.3609e-05
39.069,0.002788,38.532,46.576,3.304e-05
39.816,0.002755,39.275,46.948,3.2189e-05
40.524,0.0027111,39.982,47.302,3.1108e-05
41.181,0.002658,40.641,47.632,2.9852e-05
42.272,0.0025391,41.742,48.183,2.7177e-05
43.153,0.0024069,42.64,48.632,2.4385e-05
43.824,0.0022715,43.332,48.978,2.1698e-05
44.279,0.002141,43.81,49.218,1.9272e-05
44.462,0.0020578,44.009,49.318,1.7803e-05
44.54,0.0019814,44.103,49.365,1.6508e-05
44.52,0.0019129,44.098,49.362,1.5392e-05
44.412,0.0018531,44.004,49.315,1.4452e-05
44.233,0.0018023,43.838,49.232,1.3679e-05
43.994,0.0017606,43.61,49.118,1.3061e-05
43.705,0.0017276,43.33,48.978,1.2587e-05
43.367,0.0017033,43.001,48.813,1.2245e-05
42.939,0.0016864,42.58,48.603,1.2015e-05
42.446,0.0016794,42.093,48.359,1.1931e-05
41.889,0.0016826,41.54,48.083,1.1991e-05
41.279,0.0016958,40.932,47.778,1.22e-05
40.632,0.0017192,40.286,47.455,1.2561e-05
39.971,0.0017526,39.624,47.124,1.3077e-05
39.313,0.0017954,38.963,46.794,1.375e-05
38.662,0.0018472,38.308,46.466,1.4584e-05
38.15,0.0018942,37.793,46.208,1.5361e-05
37.636,0.0019464,37.273,45.948,1.6249e-05
37.115,0.002004,36.747,45.685,1.7257e-05
36.592,0.0020669,36.218,45.42,1.8394e-05
36.103,0.0021315,35.722,45.172,1.9598e-05
35.637,0.0022008,35.25,44.935,2.0934e-05
35.22,0.0022745,34.824,44.722,2.2398e-05
34.88,0.0023516,34.475,44.547,2.3977e-05
34.652,0.0024298,34.236,44.427,2.562e-05
34.558,0.0025077,34.13,44.374,2.7296e-05
34.618,0.0025828,34.176,44.397,2.8937e-05
34.841,0.0026521,34.385,44.502,3.0464e-05
35.223,0.0027117,34.752,44.685,3.1779e-05
35.748,0.0027595,35.262,44.94,3.2817e-05
36.394,0.0027932,35.893,45.256,3.3517e-05
37.128,0.0028112,36.613,45.616,3.3841e-05
37.904,0.002813,37.378,45.999,3.3778e-05
38.697,0.0027994,38.163,46.392,3.3355e-05
39.48,0.0027715,38.941,46.781,3.2609e-05
40.23,0.0027309,39.688,47.155,3.1591e-05
41.025,0.0026717,40.484,47.553,3.0173e-05
41.744,0.002602,41.208,47.915,2.8571e-05
42.381,0.0025248,41.853,48.238,2.6867e-05
42.936,0.0024431,42.418,48.521,2.5132e-05
43.411,0.0023593,42.905,48.765,2.342e-05
43.806,0.0022755,43.314,48.969,2.1777e-05
44.119,0.0021936,43.64,49.133,2.0232e-05
44.346,0.0021152,43.882,49.254,1.8808e-05
44.498,0.0020326,44.051,49.338,1.737e-05
44.544,0.0019575,44.112,49.369,1.6114e-05
44.491,0.0018909,44.075,49.35,1.5042e-05
44.354,0.0018333,43.951,49.288,1.4148e-05
44.141,0.001784,43.751,49.188,1.3406e-05
43.868,0.0017445,43.489,49.057,1.2828e-05
43.542,0.0017144,43.172,48.899,1.24e-05
43.162,0.0016937,42.8,48.713,1.2113e-05
42.678,0.0016813,42.322,48.474,1.1951e-05
42.122,0.0016801,41.771,48.198,1.1949e-05
41.501,0.0016899,41.153,47.889,1.2109e-05
40.832,0.001711,40.486,47.555,1.2434e-05
40.64,0.0017189,40.294,47.459,1.2556e-05
40.446,0.0017276,40.1,47.363,1.269e-05
40.252,0.0017372,39.906,47.265,1.2838e-05
40.058,0.0017476,39.711,47.168,1.3e-05
