228.42,0.0058482,95.974,-4.3796,0.014344
155.31,0.0038898,119.35,116.56,-0.0019125
245.15,0.0009336,121.17,34.141,0.01625
202.28,0.030145,238.29,14.206,0.0018696
92.732,0.0092756,201.44,62.263,0.021858
76.738,0.014832,178.55,164.84,0.00079462
73.223,-0.0041759,172.34,27.941,0.0043559
79.894,0.0012326,-10.115,81.003,0.00055873
72.354,0.0092941,249.83,51.16,0.0072101
42.032,0.0086364,140.65,81.697,0.018104
125.59,0.011353,130.83,122.55,-0.0032658
154.04,0.0049403,115.69,118.58,0.010676
233.92,0.01543,241.37,7.6656,0.0087335
87.059,-0.0032552,136.13,45.042,0.0057012
125.53,0.013148,236.06,73.221,0.0021123
132.73,0.0083238,179.03,98.656,0.0015083
187.43,0.00544,186,42.571,0.02688
129.87,0.0022877,150.99,14.621,0.00067074
225.6,0.020589,112.83,131.28,0.0077988
162.13,0.012919,171.18,74.568,0.0066771
181.87,0.0046976,123.79,81.546,-0.0047119
145.17,0.0071489,172.35,36.613,0.0073849
152.04,-0.0053663,202.05,85.16,0.0011607
151.55,-0.00047022,181.59,77.065,-0.004258
228.6,0.011433,137.44,79.478,0.016944
103.71,0.0048356,79.297,103.29,0.0067135
201.54,0.021343,136.08,151.05,0.017746
67.328,0.011664,282.81,54.703,0.017184
163.47,0.022587,153.38,92.256,0.022111
99.917,0.011065,55.721,52.499,0.004396
171.92,0.0041523,123.37,132.51,0.014312
119.37,0.01171,225.58,26.256,0.0036842
138.58,0.007316,317.59,23.04,0.0079371
-8.0087,0.0069163,131.49,111.01,0.023373
156.5,0.0080174,103.26,66.845,0.012591
209.29,0.0097305,155.76,89.37,0.020229
161.87,0.011431,115.74,2.29,0.010261
130.52,0.0018456,159.98,38.516,0.0044029
258.47,0.0063439,120.33,141.43,0.023378
266.19,0.012564,60.082,84.867,0.017268
55.616,0.021195,161.2,104.62,0.008888
101.75,0.0076621,144.51,75.682,0.01705
83.019,0.01519,34.398,51.603,0.016852
224.03,0.016449,137.95,67.121,0.0095421
71.299,0.0047054,226.85,60.698,0.0090347
275.46,0.0022923,67.064,68.855,0.016804
172.81,0.011209,174.62,73.399,0.011799
245.39,0.013042,197.26,111.98,0.008979
260.15,0.0066731,220.17,-9.8988,0.0038482
257.06,0.0087688,256.32,61.28,0.010323
159.17,0.010169,191.88,97.966,0.023742
95.295,0.0034547,130.75,116.76,0.021351
19.702,0.009362,197.08,61.089,0.0189
109.64,0.0072339,207.28,96.291,0.0071507
246.68,-0.0042051,184.26,85.185,0.0067818
156.01,0.0085281,89.38,121.98,0.021373
48.679,0.0094265,133.22,142.84,0.015006
55.082,0.016113,155.1,81.47,0.0093834
19.69,0.012595,160.61,50.66,0.008211
183.28,0.014303,158.86,69.918,0.020263
177.26,0.0096225,34.051,50.6,0.0086945
59.035,0.015132,159.69,112.53,0.0061729
38.563,0.011924,91.189,121.83,0.022226
205.19,0.017726,191.36,59.82,0.011984
188.73,0.0055845,137.05,82.427,0.0091301
138.82,0.013039,-44.693,122.8,0.0073417
87.343,0.014128,122.52,77.046,0.012871
209.68,0.02652,62.163,63.228,-0.0037811
136.96,0.021807,97.049,84.366,-0.00041643
258.45,0.0096485,209.58,62.995,0.029345
237.91,0.01781,187.82,24.617,0.013809
274.64,0.011978,190.9,111.54,0.021055
325.55,0.0062812,172.64,71.545,0.0057303
45.482,0.012421,148.98,102.58,0.021831
105.16,0.0019778,188.54,74.724,0.0017407
263.35,0.013097,49.824,55.045,0.0017457
195.59,0.0032905,79.66,74.159,0.019912
39.179,0.012475,92.511,66.686,0.0066201
154.96,0.0065874,243.77,96.782,0.010066
124.73,0.012003,137.83,20.447,0.010376
171.59,0.015878,84.657,79.963,-0.0028988
92.93,0.014177,156.73,85.086,0.026766
174.1,0.0083987,78.784,84.356,0.0094682
62.878,0.010902,138.03,53.376,0.023326
206.47,0.01234,209.11,129.44,0.01707
237.75,0.0048143,116.38,96.395,0.021937
162.9,0.016682,67.25,57.783,0.01238
95.92,-0.0057803,139.57,40.025,0.021318
-41.204,0.013834,119.94,109.82,0.0063328
153.41,0.0066753,80.135,81,0.019263
90.148,0.011859,43.665,41.425,0.0034174
189.1,0.014739,16.677,169.35,0.00060756
112.9,-0.00064359,170.58,151.86,0.0060765
17.289,0.0050627,230.43,127.67,0.0082425
182.67,0.0128,57.861,136.07,0.015815
158.49,0.018667,164.41,-2.6541,0.022136
116.42,0.018271,113.71,139.18,0.013235
112.68,0.007416,154.62,146.11,0.02826
154.27,0.017141,174.52,149.18,0.0031681
252.64,0.016176,220.84,192.76,0.013754
311.09,0.01443,239.96,142.01,0.018349
242.72,0.016899,112.32,36.16,0.0080774
-3.2716,0.0095615,66.677,64.394,0.020871
102.15,0.010393,29.075,183.53,0.009386
120.6,0.0052949,152.8,-19.333,0.015782
146.46,0.0083635,45.352,33.098,0.005563
256.97,0.0074306,210.28,48.835,0.0131
109.86,0.0089131,139.21,114.54,0.020555
40.215,0.012133,131.3,58.471,0.011151
98.406,0.023409,62.208,109.84,0.023793
135.51,0.0083166,160.58,73.32,0.0046716
98.786,0.0096259,155.76,142.35,0.019548
52.034,0.014476,190.35,129.63,0.018324
107.56,0.015456,185.32,15.13,0.00081067
22.791,0.0081723,223.38,152.54,0.019466
17.173,0.015051,102.08,123.79,0.016006
96.869,0.00932,224.14,113.26,-0.00833
104.7,0.0015349,192.84,81.481,0.024606
44.474,0.015571,139.8,74.846,0.0084212
174.36,-0.0032028,185.39,22.854,0.024306
134.49,0.0053972,192.95,125.87,0.017564
130.88,0.014172,240.29,90.414,0.018384
108.54,-0.00087547,141.08,53.335,0.0094453
75.986,0.013691,70.094,120.64,0.001217
224.49,0.01982,113.91,82.41,-0.010923
87.468,0.0085822,144.9,103.49,0.0089934
22.012,0.0035485,161.19,14.007,0.0096734
95.622,0.0046623,181.48,115.66,0.012439
67.422,0.012094,39.669,78.702,0.017344
208.44,0.016143,134.38,3.5679,0.0039809
-1.444,0.014706,87.875,181.09,0.026265
129.69,0.010654,102.86,89.487,0.014105
111.67,0.0075911,170.98,83.971,0.025971
228.23,0.018646,143.21,29.897,-0.00021442
84.572,0.02076,90.705,84.796,-0.010091
222.93,0.0076753,165.51,137.4,0.011561
146.67,0.016935,185.67,138.62,0.014164
80.388,0.014388,123.1,99.217,0.013954
199.95,0.0045542,176.45,133.36,0.023517
126.66,0.013958,25.034,15.836,0.017519
140.74,0.014074,117.22,98.449,0.014412
173.1,0.02053,185.59,144.07,0.013276
68.652,0.0031707,20.765,24.638,0.0067101
4.3264,0.010722,66.481,55.994,0.029987
90.975,0.013048,116.18,91.119,0.0092499
60.89,0.015328,204.49,127.64,0.019647
41.771,0.014509,61.852,114.58,0.0066122
86.658,0.015371,192.92,26.897,0.007939
250.5,0.016564,98.035,104.38,0.0021625
36.983,0.011157,94.151,78.201,0.024563
47.981,0.0088409,81.18,44.145,0.0085944
69.327,0.018244,312.93,82.255,0.018995
128.59,0.019773,-5.7337,112.02,-0.0027315
104.43,0.010245,197.29,52.766,0.00081449
160.13,0.015104,192.16,85.766,0.0067854
143.23,0.018417,204.87,43.308,0.014631
123.21,0.0025658,112.67,91.863,0.01623
286.43,0.01618,245.94,62.731,0.034584
233.13,0.017236,165.78,114.44,0.0052616
19.507,0.014937,242.14,45.553,0.0076486
78.12,0.02053,231.21,47.045,0.014623
169.83,0.014605,124.05,71.774,0.019247
3.674,0.018537,174.22,35.195,0.021734
190.48,0.0088,251.82,72.473,0.009653
117.67,0.0096172,234.61,63.715,0.0059715
95.932,0.010495,197.14,86.436,0.0054054
133.52,0.0041949,185.01,150.67,0.017956
142.9,0.0079535,196.74,-6.1945,0.0061763
288.27,0.027172,185.1,67.455,0.014638
29.337,0.016964,186.1,72.37,0.017912
208.78,0.0047385,256.91,57.711,0.021339
109.06,0.013924,135.2,87.737,0.0075409
133.12,0.02366,105.57,82.321,0.010651
142.94,0.0078419,166.96,132.6,0.028369
187.32,0.014974,186.87,51.569,0.013546
160.41,0.012675,47.123,50.698,0.01174
208.12,0.0072468,16.45,112.16,0.027463
174.64,0.012636,126.77,132.06,0.025398
204.26,0.029216,141.55,32.217,0.028698
114.1,0.022244,245.39,33.872,0.017418
98.663,0.014833,218.91,74.784,0.014719
163.52,0.0034799,235.55,133.42,0.016985
203.31,0.01006,133.33,68.46,0.02313
121.33,0.013434,344.47,144.59,0.0046707
153.71,0.013742,114.14,24.6,0.0054141
250.88,0.009938,171.58,20.457,0.019957
198.84,0.015816,197.52,147.56,0.0055686
90.565,0.01143,194.56,77.359,0.021449
136.67,0.005856,148.29,42.667,0.021216
198.2,0.008761,103.65,53.175,0.022236
55.113,0.0102,126.98,51.013,0.013314
155.84,0.017307,275.75,126.42,0.0086885
210.05,0.009658,121.67,81.441,0.014154
39.726,0.0026056,163.2,63.571,0.011506
38.96,0.0037739,207.64,141.47,0.0029461
198.81,0.02937,185.21,128.67,0.011537
165.08,0.015222,196.9,97.681,0.018114
-58.382,0.010464,95.12,59.788,0.028371
84.718,0.0011615,171.85,69.054,-0.0022757
102.23,0.0088642,217.94,61.672,0.018601
89.939,0.0099231,142.43,67.764,0.022019
312.63,0.0096826,163.57,54.981,0.018153
135.64,0.008792,79.986,100.5,0.025269
120.57,0.014122,128.38,104.56,0.027729
192.32,0.020065,257.63,127.62,0.013973
134.71,0.013692,98.232,82.713,0.013311
34.09,0.023347,236.98,101.22,0.023786
142.95,0.0046324,88.374,95.807,0.017569
130.15,0.030392,17.805,122.14,0.01461
285.41,0.0064574,205.55,61.947,0.020885
109.35,0.010025,98.233,124.57,0.020335
194.69,0.01767,280.06,87.488,0.016509
180.05,0.0097995,107.31,125.29,0.015991
138.62,-0.0035566,86.751,67.042,0.020991
188.6,0.0099029,231.49,64.055,0.017803
198.07,0.004867,211.3,102.37,0.018019
142.31,0.0030356,128.82,83.011,0.0097097
163.2,0.0179,268.18,40.655,0.0051336
117.36,0.010979,71.793,51.075,0.011039
214.08,0.016281,246.2,93.37,0.015698
120.01,0.010064,41.251,72.558,0.017571
167.75,0.013973,136.86,94.625,0.022135
83.451,0.015844,259.81,89.59,0.011127
72.109,0.016083,186.07,59.673,0.023721
52.54,0.0032896,135.2,93.159,0.014391
92.119,0.010609,51.932,85.875,-0.0019664
228.9,0.001272,106.94,54.583,-0.0031717
15.741,0.005838,54.005,20.978,0.0060086
29.795,0.012971,52.695,10.648,0.003504
280.16,-0.003925,166.56,83.108,0.0071777
198.98,0.0065295,220.8,108.51,0.022841
126.42,0.012123,161.73,70.165,0.013786
61.354,0.016686,124.71,147.41,0.027914
245.85,0.014246,121.89,133.07,0.020088
47.078,0.009475,25.837,60.996,0.019832
-53.702,0.010295,161.24,-4.9568,-0.0023731
34.756,0.0079203,84.294,142.81,0.014872
177.48,0.019572,80.323,95.31,0.018609
145.83,0.0017315,123.67,22.266,0.016258
174.34,0.0025445,111.49,67.843,0.011614
150.44,0.012315,222.6,111.21,0.0071574
279.96,0.0068354,166.65,75.222,0.027693
4.7337,0.012014,134.2,92.424,0.025662
166,0.025185,223.47,110.06,0.024023
105.85,0.01163,71.418,95.516,0.016977
86.497,0.015589,179.09,167.03,0.024056
166.01,0.012626,14.651,61.808,0.0087849
171.24,0.0021239,3.5267,78.02,0.016536
132.51,0.014819,180.76,17.035,0.0012084
166.74,0.016625,88.82,104.02,0.023804
220.14,0.021008,206.3,79.216,0.0092294
35.662,0.018129,134.94,93.7,0.019625
186.47,0.01709,236.82,90.127,-9.8721e-05
223.55,0.018899,64.906,14.421,0.0098791
88.227,0.014049,94.478,69.533,0.017439
46.624,0.011083,357.97,74.922,0.0068199
69.317,0.013251,128.14,33.087,0.0070208
148.78,0.0040188,107.32,36.662,0.022827
167.08,0.018126,49.109,85.421,0.015572
77.702,0.0068593,133.79,93.159,0.012243
62.525,0.012079,48.628,16.785,0.021567
195.74,0.006111,254.65,63.801,0.02254
66.144,0.010098,188.43,42.989,0.019762
150.53,0.0071986,143.04,125.25,0.015561
132.61,0.016628,76.246,54.105,0.019238
90.286,0.0108,72.56,68.144,0.01042
107.02,0.017719,123.67,88.11,0.010998
89.022,0.017788,195.95,66.281,0.0089079
109.04,0.012925,108.65,74.886,0.01299
74.744,0.016848,148.32,69.852,0.02289
118.72,0.0097321,105.89,117.11,0.0090382
244.84,0.010466,134.48,45.295,0.022838
182.56,0.017201,175.19,112.73,0.028006
81.619,0.012521,139.3,75.455,0.013831
57.215,0.021234,162.55,160.28,0.0094726
121.76,0.0039368,87.018,97.247,0.016371
183.29,0.005118,150.36,69.47,0.017937
64.637,0.016668,57.863,33.852,0.038979
-7.1513,0.011884,74.443,112.84,0.016027
115.22,0.022554,105.79,58.103,0.022903
17.441,0.014757,308.22,97.944,0.027106
170.59,0.028322,289.49,39.183,0.026155
51.425,0.014005,222.05,101.18,0.021929
206.95,0.015682,102.6,112.72,0.0023329
257.73,0.019447,81.189,36.796,0.012172
2.4353,0.015724,181.88,88.71,0.012474
179.83,0.014093,59.645,13.79,0.035498
13.467,0.031878,67.625,109.55,0.022414
131.95,0.020522,250.09,94.57,0.020786
255.08,0.0099172,107.99,127.89,-0.0012271
233.76,0.02074,128.12,62.294,0.010473
92.701,0.0084204,165.86,0.11336,0.015334
205.09,0.020117,32.222,93.105,0.014443
54.669,0.0090594,125.13,52.724,0.015617
-27.01,-0.00066134,58.283,84.374,0.028195
219.2,0.0083771,74.623,79.309,0.025811
159.35,0.019662,137.8,71.406,0.0046193
245.73,0.0066448,237.25,76.588,0.014906
130.35,0.0028501,192.14,95.872,0.0060212
197.86,0.017135,18.54,28.926,0.012374
76.677,0.0044287,192.85,62.829,-0.0038926
139.18,0.015589,127.68,86.982,0.019844
170.12,0.0023571,179.04,78.271,0.0045343
333.57,0.01374,148.54,42.799,0.0053013
92.831,0.016752,169.7,103.43,0.0098011
218.47,0.0051819,147.38,94.641,0.023194
73.489,0.014747,80.017,74.401,0.0032413
109.83,0.0099838,190.08,78.173,0.021551
-26.868,0.012217,-30.351,118.16,0.027018
187.98,0.017688,178.55,59.306,0.02178
3.7593,0.01575,45.214,66.896,0.0090665
118.14,0.0089647,240.53,31.586,0.027421
122.26,0.015991,71.035,72.87,0.0070453
225.13,0.014702,139.66,61.993,0.0086181
176.66,0.016483,98.203,108.46,0.024314
211.62,0.015435,19.869,53.87,0.021576
101.19,0.017691,17.196,34.642,0.013675
116.98,0.0043295,-13.076,115.63,0.013908
207.98,0.011369,114.98,115.52,0.012746
115.94,0.021967,290.44,145.3,0.02121
135.96,0.011883,62.996,151.02,0.012555
51.345,0.009225,131.36,109.75,0.027576
103.82,0.01358,52.356,76.704,0.018664
100.92,0.013109,139.27,77.047,0.014703
204.65,0.011201,238.87,84.561,0.016436
270.48,0.010118,159.76,45.539,0.02557
210.8,0.0055658,208.35,66.333,0.024535
110.81,-0.00068826,222.35,73.608,0.0098575
197.56,0.0058019,252.72,36.182,0.030525
17.868,0.0059091,24.836,38.537,0.014662
95.286,0.0078748,138.44,117.42,0.015437
139.61,0.020621,219.98,38.742,0.014978
183.37,0.013733,144.82,71.535,0.0010238
110.71,0.010147,245.26,110.43,0.019966
265.7,0.0046802,205,41.567,-0.0093523
178.59,0.0035561,131.32,29.1,0.022933
184.29,0.009881,96.556,130.14,0.018355
214.84,0.015795,142.46,153.2,0.020269
108.63,-0.0025994,166.32,-3.5882,0.015444
47.111,0.012706,126.09,16.732,0.019151
63.171,0.0019757,242.24,49.233,0.0041487
143.21,0.0069706,176.29,48.977,0.015719
64.519,-0.0013864,165.23,106.76,0.032869
108.93,0.015978,143.13,21.322,0.022764
-32.557,0.015926,142.74,49.233,0.00070458
70.857,0.01806,86.119,106.44,0.023895
174.23,0.011093,153.47,92.869,0.026759
211.74,0.021057,84.556,40.904,0.013644
142.59,0.0051233,199.54,128.7,0.017168
120.47,0.0091053,247.43,111.96,0.016141
99.249,0.012579,168.98,44.3,0.029186
210.44,0.014283,116.92,67.722,0.020465
132.89,0.01517,204.37,204.17,0.013293
192.7,0.017576,252.2,73.779,0.0040475
137.26,0.018564,241.06,97.628,0.0089345
109.34,0.014176,90.632,118.52,0.022781
93.569,0.01462,119.13,110.59,0.013295
147.84,0.025587,135.58,68.994,0.018622
69.949,0.008099,150.02,132.63,0.023149
174.94,0.012221,149.68,101.08,0.014871
155.01,0.014702,46.364,30.72,0.018414
234.04,0.012426,178.04,54.983,0.020057
4.8523,0.02147,195.39,65.113,0.0072998
256.17,0.0092951,193.91,69.026,0.0033676
202.64,0.0089569,166.04,72.001,0.026805
116.85,0.0057552,149.29,71.566,0.019432
146.12,0.019027,133.52,68.328,0.0014598
151.78,0.01282,122.33,140.07,0.023348
230.8,0.01107,225.5,148.05,0.010305
231.22,0.018636,69.671,68.453,0.025274
203.61,0.0097865,87.939,24.459,0.0051535
251.43,0.0025651,222.75,48.509,0.0023379
173.19,0.011614,87.143,106.74,0.00070204
67.583,0.0095659,53.585,68.033,0.019059
179.04,0.0021402,104.07,70.398,0.013853
14,0.012431,147.69,73.556,0.017395
128.98,0.010155,240.34,117.74,0.026354
154.93,0.0070679,201.85,85.275,0.023172
169.7,0.011261,164.06,72.285,0.018894
136.52,0.013943,75.949,72.489,0.0022234
196,0.020564,9.0842,82.254,0.027426
157.85,0.017093,133.05,117.6,0.019663
109.2,0.020213,150.22,14.947,0.026454
112.77,0.012124,198.63,36.142,0.011703
196.42,0.011602,166.85,68.042,0.034925
106.25,0.015881,194.65,101.11,0.018799
275.32,0.02797,64.616,81.332,0.023484
32.891,0.0078837,258.67,38.935,0.020393
44.689,0.0096076,95.405,146.6,-0.0060111
176.28,0.014162,146.06,73.94,0.014118
88.448,0.012118,1.9773,136.24,0.012803
144.01,0.012368,225.12,105.86,-0.0042859
207.26,0.017488,201.93,119.34,0.010325
123.65,0.0175,-40.844,99.868,0.018939
176.09,0.012147,155.11,54.884,0.014293
120.52,0.013966,257.18,33.43,0.013065
192.04,0.0051017,59.502,78.975,0.014971
31.645,0.01432,90.956,164.45,0.015372
139.19,0.010761,28.223,91.52,0.0067586
109.38,0.0081824,78.654,101.4,0.0038577
48.098,0.022844,108.05,80.49,0.020985
-19.162,0.021991,345.98,52.897,0.01567
100.26,0.0056843,114.16,63.127,0.022115
174.94,0.0030466,188.24,128.9,0.015018
153.83,0.0022818,110.13,68.928,0.012532
228.42,0.0062393,178.61,112.5,0.011882
131.26,0.0013809,241.76,80.125,0.02409
235.05,0.016311,120.12,67.196,0.020041
155.64,0.025459,186,65.049,0.022411
62.071,0.01233,244.47,148.46,0.016818
39.852,0.0087107,224.35,100.04,0.0066526
203.47,0.021182,104.03,73.08,0.0068801
165.76,0.013792,103.74,159.37,0.013247
174.69,0.0063699,184.57,58.797,0.01908
25.794,0.010984,198.62,26.729,0.013525
114.56,0.014105,140.38,95.084,0.01976
200,0.016359,143.21,24.283,0.01467
101.14,0.016371,197.59,101.02,0.018662
141.41,0.023905,137.31,61.684,0.014311
174.52,0.013999,26.402,67.934,0.018766
150.41,0.0175,242.61,81.117,0.026272
124.62,0.021167,147.59,13.517,0.0060129
146.23,0.016626,47.521,108.91,0.020627
106.17,0.0017887,207.1,137.33,0.02571
102.77,0.0046524,148.76,65.142,0.019314
-6.8534,0.024129,140.68,96.206,0.0084574
111.71,0.023995,51.11,122.15,0.0042854
157.7,0.01648,87.887,62.159,0.016311
156.77,0.0098921,188.14,156.73,0.014448
188.72,0.0010714,209.3,127.89,0.012085
52.593,0.012263,75.687,114.91,0.015958
170.2,0.0056646,44.822,34.52,0.010259
149.01,0.01638,131.38,79.014,0.022021
231.69,0.005583,111,95.229,0.027154
240.19,0.013487,103.8,67.164,0.020648
88.486,0.014535,287.45,153.35,0.01136
248.56,0.0096332,148.59,83.949,0.01418
81.098,0.0071517,47.312,139.38,0.018467
225.16,0.0074595,140.98,23.739,0.015158
56.862,0.0080101,94.649,28.687,-0.0072475
13.509,0.011176,9.5737,85.062,0.015995
109.35,0.010412,190.94,118.18,0.014502
173.06,0.0036758,176.93,-38.487,0.022121
146.67,0.01299,57.706,49.038,-8.1853e-05
105.73,0.0049921,194.99,63.332,0.0079773
233.56,0.0042517,83.408,89.688,-0.0019279
138.06,-0.00011376,288.29,112.54,0.019815
41.797,0.00088164,69.187,66.625,0.0047579
138.58,0.0083155,171.99,116.33,0.029429
235.96,0.015015,151.85,83.108,0.012589
159.77,0.017527,173.67,99.689,0.01354
124.56,0.009764,63.567,119.65,0.020047
70.536,0.019583,148.78,105.36,0.031983
81.321,0.01221,13.217,69.39,0.0096246
151.57,0.022844,150.11,73.157,0.011553
259.68,0.013189,53.223,119.33,0.01829
15.499,0.021548,168.79,77.354,0.013459
18.243,0.018763,176.98,152.24,0.0050925
103.86,0.020277,180.38,-44.681,0.02665
-13.187,0.016106,99.551,26.599,0.015991
82.787,0.014911,172.01,79.146,0.014246
168.58,0.01217,183.35,103.66,0.015478
289.46,0.014922,29.263,131.23,0.017365
30.322,0.034587,124.9,146.85,0.010671
91.432,0.00061165,151.29,101.5,0.0069706
84.06,0.0088602,106.02,111.09,0.033776
171.29,0.017765,211.82,152.85,0.022043
252.88,0.017305,177.48,46.138,0.018168
173.67,0.010948,127.52,30.415,0.024658
122.97,0.02204,61.823,27.764,0.013429
208.23,0.017447,166.07,71.605,0.013192
201.15,0.017621,154.15,128.16,0.013229
119.39,0.020732,154.84,76.219,0.019444
231.17,0.006655,47.334,89.12,0.011561
175.68,0.013708,57.575,-13.013,0.010575
181.23,0.0082192,159.26,57.664,0.019067
58.627,0.011111,61.883,21.63,0.018839
133.39,0.013896,220.96,100.5,0.015533
153.57,0.0069973,146.05,84.668,0.007011
118.23,0.0085265,101.47,75.207,0.012399
89.891,0.014808,109.97,79.667,0.0050676
195.15,0.011703,227.33,22.689,0.0098421
264.06,0.0031178,103.1,120.31,0.0094202
213.56,0.015255,127.62,138.81,0.032938
123.36,0.010924,63.064,113.9,0.019219
228.71,0.0048459,150.49,60.628,0.019802
89.766,0.014354,187.85,127.6,0.024193
192.33,0.027681,236.11,65,0.014736
114.73,0.01951,104.11,104.25,0.014793
139.34,0.00524,154.01,114.09,0.0022738
29.825,0.0089922,186.67,75.702,0.023394
124.8,0.014925,104.42,60.324,0.026496
183.14,0.010746,109.1,43.811,0.017701
44.436,0.022345,51.631,166.75,-0.00089859
170.55,0.018204,35.245,186.76,0.029033
133.36,0.026533,178.95,170.9,0.036116
57.587,0.016095,181.93,77.75,0.021716
177.89,0.019632,126.37,61.325,0.017941
90.571,0.013277,212.89,109.22,0.01913
83.211,0.0077149,110.19,67.51,0.012246
76.832,0.0079078,152.42,83.819,0.023932
195.9,0.013952,70.339,107.32,0.030409
205.92,0.00039351,138.37,57.252,0.022396
247.54,0.013028,114.84,69.81,0.018965
126.43,0.012162,33.737,113.26,0.018626
142.81,0.010126,80.275,139.73,0.0076982
211.73,0.0084613,158.04,94.952,0.0073244
104.28,0.010191,152.02,35.453,0.011961
82.747,0.0043366,115.71,56.498,0.02197
177.12,0.0079145,246.55,3.2148,0.01402
181.17,0.011891,152.39,67.192,0.0073459
275.85,0.008356,34.538,39.172,0.00985
110.83,0.016332,308.73,74.961,0.010802
202.44,0.017791,206.64,144.89,0.0090933
208.39,0.0071395,240.88,92.13,-0.005332
270.21,0.0071095,93.585,-12.263,0.015329
183.31,0.014078,164.91,20.697,0.028646
144.9,-0.0047317,215.58,11.866,0.017306
263.73,0.013862,208.13,42.639,0.028166
167.58,0.0041686,106.03,139.91,0.025637
97.124,0.013828,123.14,50.597,0.0056334
209.36,0.016012,110.77,14.09,0.0043928
17.897,0.015355,138.7,90.088,0.011649
114.19,0.0093645,185.25,108.66,0.015936
55.503,0.01522,51.735,74.389,0.025133
124.03,0.0012377,155.45,102.8,0.0090999
164.56,0.023844,159.39,-13.805,0.018746
84.877,0.0039692,82.779,76.183,0.015955
109.53,0.016383,161.35,63.36,0.021949
267.88,0.0087912,134.19,90.519,0.017016
165.96,0.0040962,189.27,174.3,0.012061
89.807,0.018899,109.72,65.444,0.017166
89.175,0.012758,134.49,135.36,0.023426
122.91,0.0075228,124.07,86.464,-0.00043922
228.47,0.0065043,37.123,108.5,0.013308
130.92,0.011791,220.88,72.977,0.01519
125.76,0.02672,154.52,3.9282,0.02372
91.262,0.013557,84.226,102.95,0.0092672
144.02,0.018016,234.88,164.3,0.0073986
25.537,0.0099746,133.5,160.15,0.024932
198.62,0.0044035,78.322,21.81,0.019769
131.82,0.013053,212.18,58.379,0.015723
114.74,0.02216,201.14,117.93,0.028212
65.718,0.0063063,184.99,-7.9384,0.0096474
196.41,0.0091581,118.1,81.267,0.010482
216.29,0.015332,154.57,38.636,0.01111
84.38,0.019074,234.3,103.26,0.0066606
168.23,0.017661,87.499,92.72,0.018365
123.94,-0.0002138,156.39,75.595,0.018623
86.813,0.014471,195.69,73.673,0.023207
171.49,0.010506,194.27,81.614,0.018808
188.17,0.012365,292.3,43.665,-0.00021738
165.11,0.010708,94.476,123.36,0.0092192
-46.455,0.0030134,150.95,52.121,0.020692
163.3,0.01561,84.641,45.776,0.010618
108.53,0.0088854,213.85,143.05,0.0087051
232.66,0.0093099,177.39,58.283,0.0083403
149.56,0.016843,207.81,93.013,0.023066
134.8,0.014026,129.33,72.874,0.017818
142.19,0.0036807,153.04,102.2,0.012179
30.555,0.014766,117.31,93.138,0.029072
107.72,0.006059,70.036,105.98,0.013683
81.986,0.01058,156.22,97.967,0.012935
217.53,0.0092006,192.78,130.4,0.022076
200.87,0.01772,85.416,16.522,0.014614
70.115,0.016513,9.7238,105.64,0.022337
83.834,0.024652,96.323,91.088,0.0090814
130.67,0.015042,-2.9438,90.78,0.013206
225.13,0.019874,196.74,179.45,0.012599
46.191,0.013713,212.16,13.351,0.020715
266.9,0.022067,80.019,142.21,0.020779
67.701,0.018859,192.52,72.755,0.01418
98.941,0.016663,206.21,129.28,0.015698
182.92,0.010329,220.04,85.302,0.01506
29.26,0.022591,367.71,105.73,0.018435
13.678,0.011334,78.613,97.102,0.015269
206.76,0.010799,93.811,87.879,0.02914
217.68,0.010182,156.89,74.35,0.016117
222.59,0.011604,160.33,30.852,0.025974
-40.677,0.0022266,140.88,65.212,-0.0038341
177.24,0.017673,90.374,86.157,0.0077697
52.762,0.0027901,119.64,74.118,0.021573
142.3,0.0084454,195.7,20.641,0.013069
15.112,0.018733,215.05,72.647,0.0030574
66.337,0.02262,99.509,154.57,0.0070163
229.96,0.010123,57.051,70.355,0.0072078
118.21,0.010535,223.47,79.807,0.0019676
224.57,0.01263,76.486,33.228,0.011015
88.825,0.0085096,71.982,50.387,0.0098782
1.1845,0.018224,203.78,72.978,0.016917
-8.5941,0.017999,197.82,113.93,0.011515
228.06,0.017387,136.46,77.472,0.010834
212.98,0.010554,155.28,92.886,0.0067877
113.04,0.0099429,85.377,16.725,0.021923
163.32,0.0071374,144.5,113.38,0.014652
94.879,0.011554,202.95,257.48,0.022907
47.928,0.0097674,127.47,32.898,0.015053
204.39,0.015309,223.48,112.56,0.019974
10.733,0.018091,3.3428,170.02,0.021577
84.192,0.02443,160.42,185.57,0.013533
117.31,0.011197,154.6,88.921,0.028325
147.24,0.014892,251.22,70.261,0.019394
19.991,0.012635,193.79,9.2079,0.028372
270.26,0.030066,63.629,102.28,0.034852
129.67,0.020914,178.29,109.82,0.015303
106.08,0.014407,179.36,88.058,0.01057
11.325,0.021425,36.862,61.087,0.018559
10.992,0.014501,97.71,36.319,0.016609
134.87,0.010975,127.52,83.621,0.019551
129.65,0.018075,185.05,121.98,0.031407
180.16,0.0095091,200.9,112.31,0.0058914
67.525,0.013961,235.21,104.42,0.025671
44.699,0.003839,127.46,108.7,0.018108
75.33,0.01359,61.858,93.175,0.01975
144.93,0.0027105,111.6,71.266,0.021008
61.638,0.0086391,162.03,87.168,0.028308
74.455,0.026247,151.47,112.19,0.018346
60.817,0.016701,104.81,51.173,0.0035032
176.04,0.0018576,94.359,93.82,0.0022958
94.49,0.0021144,221.39,128.94,0.0060607
118.31,0.0098146,181.18,48.066,0.0088386
154.41,0.014237,102.17,73.004,0.020547
366.62,0.0028638,199.43,89.972,0.020065
115.14,0.023368,196.99,103.17,0.019363
214.63,0.019569,155.19,91.724,0.013622
261.44,0.009584,211.61,65.841,0.018075
71.204,0.020123,111.49,91.349,0.00074068
160.32,0.015089,18.131,58.158,0.013651
166.6,0.010407,285.92,120.74,-0.0006564
213.55,0.0066467,197.82,52.964,0.0011223
128.19,0.017627,108.75,134.9,0.01325
262.84,0.0032158,197.43,44.726,0.014066
59.811,0.0030035,133.1,17.288,0.011778
136.85,0.011042,31.652,79.275,0.021785
76.259,0.016988,101.99,91.264,0.011115
177.28,0.015186,51.911,30.728,0.011779
202.08,0.019883,29.43,93.218,0.011812
98.25,0.009868,189.38,130.45,0.0059646
149.13,0.011678,179.83,113,0.020326
113.97,0.007513,63.476,115.01,0.028334
81.63,0.012015,107.9,102.4,0.015617
190.44,0.0053923,253.11,188.91,0.024975
109.53,0.02178,25.424,42.084,0.031266
280.83,0.015403,63.792,41.974,0.0012859
226.97,0.015288,130.3,114.59,0.021795
60.784,0.013074,-18.521,83.341,0.023889
181.73,0.015763,51.293,60.734,0.018575
53.659,0.012831,175.5,83.804,0.02017
214.62,0.0026496,215.88,122.56,0.027498
33.116,0.0093755,264.97,45.05,0.022963
123.69,0.0084678,165.9,13.628,0.02018
208.11,0.012336,203.48,59.821,0.004933
104.36,0.013791,156.87,109.87,0.019288
127.79,0.017766,173.27,61.485,0.021047
139.86,0.0094975,193.52,114.33,0.02221
264.72,0.014989,139.29,62.421,0.0050582
133.13,0.014413,164.36,101.76,0.0067935
139.66,0.019625,19.393,53.524,0.0092275
59.919,0.0041185,194.32,53.94,-0.0042821
183.22,0.0017042,139.57,59.096,0.021328
222.13,0.005444,156.64,36.534,0.013309
216.42,0.0036381,162.29,96.784,0.01113
256.46,0.022077,106.85,81.586,0.011135
148.5,0.013438,159.65,104.86,0.017795
119.42,0.015911,144.56,80.943,0.020319
183.17,0.0088779,165.9,139.08,0.0018018
347.78,0.013836,93.794,100.32,0.021809
139.81,0.010486,221.44,38.031,0.012627
179.3,0.021182,71.985,90.227,0.0091333
143.94,0.0062391,31.646,89.374,0.014263
222.24,0.011614,127.3,110.29,0.011218
208.02,0.0073405,259.15,40.811,0.0067272
99.237,0.019037,2.1197,100.69,0.025041
193.18,0.01611,44.339,90.687,0.018454
147.56,0.014216,283.88,130.67,-0.00050819
168.65,0.010826,240.39,134.3,0.020795
141.14,0.014228,95.251,57.801,0.022678
33.96,0.017765,3.9518,119.46,0.033002
245.4,0.023563,109.91,131.03,-0.0029515
124.87,0.0093674,105.89,45.485,0.019141
58.246,0.020322,107.21,126.64,0.037094
-79.246,0.018379,21.437,151.75,0.0072513
69.793,0.016003,231.4,58.575,0.019782
10.237,0.00015779,140.12,91.023,0.022651
169.07,0.017128,133.08,160.02,0.024353
152.42,0.013712,222.61,112.13,0.02805
150.22,0.0050232,272.83,120.07,0.0033954
52.781,0.017525,87.711,52.48,0.011579
157.24,-0.0017383,252.28,57.192,0.020144
238.8,0.013038,191.22,133.92,0.0061722
85.019,0.0022346,224.45,102.16,0.026773
196.61,0.012274,245.43,159.08,0.01569
71.719,0.01279,40.685,91.259,0.0083717
147.52,0.0040262,192.38,78.857,0.0071172
169.82,0.012767,162.02,131.5,0.0097643
14.974,0.012471,175.92,-1.8694,0.0084471
290.54,0.0081901,-39.138,45.595,0.018862
197.15,0.015257,195.7,36.462,0.0039127
120.02,0.00703,69.258,124.99,0.014557
283.75,0.014512,169.68,89.221,0.021042
198.87,0.010325,102.02,144.03,0.026715
161.73,0.014163,139.79,61.584,0.019117
140.33,0.010971,210.88,65.928,0.012742
167.81,0.017175,245.06,75.639,0.014893
-7.0349,0.013616,79.271,81.782,0.015664
77.693,0.016455,133.16,168.77,0.014135
202.47,0.019302,200.59,167.32,0.012609
34.29,0.01654,111.55,52.85,0.020489
87.829,0.026303,120,128.39,0.011771
179.65,0.018847,99.508,83.87,0.031928
65.865,-0.0012783,45.501,152.62,0.016657
141.39,0.023645,146.07,99.437,0.01562
186.8,0.015417,130.92,51.706,0.019578
265.96,0.0099011,220.3,151.44,0.015718
89.395,0.010302,188.17,23.729,0.022841
257.62,0.0063602,168.75,56.012,0.012106
161.23,0.012363,38.535,142.56,0.026237
138.03,0.009671,69.005,88.045,0.011726
35.859,0.012599,165.25,48.322,0.02075
94.798,0.012737,158.39,113.71,0.017831
142.76,0.0057411,108.71,100.78,0.021174
137.65,0.009239,117.38,75.716,0.01121
39.666,0.016538,275.69,91.086,0.013493
121.32,0.015347,66.994,22.304,0.016647
206.84,0.01511,114.16,-12.884,0.018493
101.05,0.012426,115.93,-22.559,0.0073005
111.7,0.012534,150.17,42.08,0.018477
163.63,0.014806,212.49,90.116,0.0030497
243.92,6.9603e-05,97.906,49.623,0.02579
86.71,0.013019,195.17,115.49,0.020624
52.211,0.015272,45.682,101.79,0.02685
38.629,0.022424,63.711,51.42,0.011678
128.17,0.0042061,117.79,138.64,0.020101
113.27,0.015173,82.763,134.64,0.016563
297.19,0.016944,165.88,7.9073,0.0022972
-42.745,0.010681,168.71,57.224,0.024301
188.15,0.0077707,102.17,37.198,0.0032411
135.79,0.001926,-9.0667,106.33,0.0093485
229.88,0.01331,142.92,103.56,0.018899
203.15,0.0095597,66.987,71.235,0.0214
111.74,0.018835,141.01,179.93,0.018864
320.97,0.016916,42.781,56.858,0.022617
208.48,0.0065282,245.04,53.347,0.02398
188.18,0.016784,229.81,81.199,-0.0052977
118.3,0.012315,95.722,33.795,0.023106
-2.5487,0.0095341,136.88,34.022,0.0087389
91.542,0.0076573,135.16,102.7,0.022191
-25.077,0.015021,80.619,128.77,0.013516
216.97,0.012679,229.96,82.554,0.026757
106.93,0.012567,57.078,112.09,0.030296
59.101,0.020054,101.91,39.192,0.021515
97.545,0.0040606,174.1,97.574,0.027469
43.672,0.0060471,157.45,75.978,0.020348
-10.919,0.0083405,225.16,73.885,0.026567
3.978,0.017385,133.48,93.51,0.015972
72.408,0.014728,16.5,95.329,0.022411
79.325,0.0074858,117.13,29.681,0.013488
152.35,0.0085607,118.39,172.03,0.0078569
134.22,0.021841,255.67,88.187,0.014804
256.78,0.012526,114.11,126.59,0.022801
129.12,0.015331,203.1,134.48,0.034113
-2.4948,-0.0013268,94.652,19.521,0.0029834
84.462,0.009807,-6.0795,110.53,0.020908
114.18,0.0098222,22.515,32.447,0.018268
192.12,0.0065392,229.18,77.376,0.0064571
28.666,0.012948,133.47,8.2643,0.021936
98.121,0.016791,154.07,88.106,0.017314
73.862,0.0097436,152,23.608,0.0065589
208.01,0.0065052,57.074,41.323,0.015946
224.62,0.0070273,103.75,126.27,0.016104
237.15,0.016747,242.48,3.6339,0.013139
169.55,0.0046155,223.34,128.62,0.023115
160.54,0.011229,24.221,100.01,0.017538
114.19,0.015627,109.8,72.752,0.0095055
149.98,0.01162,146.68,146.69,0.02605
69.266,0.0038254,108.61,67.746,0.01576
131.27,0.015233,160.02,147.75,0.012346
81.098,0.012815,-13.884,39.068,0.016531
256,0.011104,182.69,76.087,0.00522
297.37,0.024602,119.49,105.3,0.021849
115.12,0.0048839,171.04,116.91,0.025616
105.39,0.0083449,241.02,82.922,0.013505
139.54,0.00345,164.59,135.85,0.022319
188.09,0.021176,176.89,78.789,0.023613
201.82,0.012925,212.77,31.562,0.027253
70.775,0.015236,210.2,87.885,0.010875
80.768,0.014925,107.76,114.13,0.020495
35.366,0.023364,110.07,186.19,0.022848
133.38,0.01595,139.66,104.26,0.024161
66.047,0.0076284,136.67,195.36,0.032304
118.38,-0.0052919,197.07,98.104,0.015301
124.24,0.014402,102.88,83.828,0.023353
290.44,0.015458,122.41,44.35,0.010505
224.74,0.01289,152.43,37.266,0.019022
74.453,0.015098,202.71,89.685,0.0064253
168.67,0.016164,75.722,67.032,0.02133
214.12,0.013006,117.54,124.64,0.023999
117.47,0.013032,171.66,138.01,0.021664
126.04,0.013602,169.14,76.76,0.01309
111.62,0.017372,141.38,60.353,0.010011
226.96,0.011575,100.56,23.968,0.0186
178.14,0.013961,54.65,73.333,0.0045354
188.99,0.013281,-40.934,17.382,0.0099557
232.13,0.00057548,165.63,103.23,0.0099158
103.18,0.0020739,92.814,85.629,0.0077897
154.73,0.010871,143.3,21.648,0.023722
-29.519,0.010352,87.31,9.9148,0.005777
238.06,0.011096,39.281,98.448,0.0014466
195.09,0.011119,162.52,30.681,0.005059
217.63,0.010373,75.194,63.082,0.0079477
137.27,0.018796,44.546,60.64,0.034202
220.65,0.018929,89.186,108.54,0.013071
60.656,0.021316,152.58,79.827,0.024853
87.666,0.015638,146.3,102.57,0.0087214
90.545,0.015193,162.63,76.742,0.013741
45.333,0.013708,216.54,116.03,0.014907
117.37,0.016925,129.92,83.492,0.012647
188.44,0.019976,206.7,70.017,0.0051267
119.02,0.0072941,198.04,75.754,0.02551
242.69,0.0078364,159.57,127.32,0.020696
186.86,0.017748,189.1,73.812,0.019962
150.81,0.020339,101.54,64.719,0.02907
138.65,0.01557,114.94,63.409,0.010564
76.205,0.014179,96.84,162.03,0.011047
268.57,0.016622,137.23,21.007,0.013724
105.15,0.01738,74.451,82.878,0.0067685
110.92,0.013081,174.1,166.77,0.014649
153.43,0.012763,73.759,100.11,0.016882
198.07,0.01805,-54.219,77.231,0.01114
125.78,0.015838,139.58,57.521,0.027745
54.23,0.018859,130.2,37.712,0.010455
209.16,0.020106,31.749,120.19,0.018969
210.02,0.011591,268.49,102.8,0.025738
154.91,0.011013,-12.42,179.17,0.019582
113.28,0.0060844,136.51,76.969,0.029685
152.89,0.016404,63.101,117.43,0.016097
111.98,0.020718,197.67,77.901,0.022808
203.42,0.014287,207.06,92.543,0.015097
134.25,0.018141,218.06,96.614,0.0099911
142.08,0.0081118,135.83,29.952,0.017242
165.08,0.010103,125.58,96.189,0.018516
120.32,0.0015092,183.83,135.59,0.0059266
67.607,0.017206,148.12,131.84,0.011072
212.6,0.0092135,146.39,47.693,0.041161
101.84,0.0076585,139.15,90.172,0.01805
333.23,0.010393,96.884,182.71,0.023814
114.94,0.011141,215.88,117.49,0.025878
235.15,0.0083942,262.11,111.03,0.020826
147.5,0.023555,57.092,73.537,0.020133
237.5,0.015959,180.13,13.242,0.0033515
167.58,0.01101,215.57,123.16,0.015275
86.139,0.013654,129.85,63.001,0.023305
74.323,0.0098176,126.59,68.717,0.01498
92.833,0.012652,101.26,162.71,0.029491
230.45,0.0049132,219.74,153.36,0.014286
201.32,0.021259,95.551,124.11,0.017668
148.69,0.01125,159.5,56.104,0.017609
118.04,0.017621,149.52,88.745,0.014451
-2.6436,0.015446,77.728,87.825,0.014965
229.76,0.028256,122.34,77.783,0.027274
58.118,0.0145,38.034,67.282,0.010333
130.19,0.0091918,191.13,129.97,0.013814
162.95,0.0096314,75.498,87.994,0.025241
73.273,0.010252,102.59,53.415,0.013966
74.75,0.015094,89.099,119.99,0.021304
98.649,0.0078818,237.05,73.352,0.0092774
104.96,0.010525,17.736,123.58,0.021419
158.58,0.012743,167.22,56.981,0.020505
205.42,0.02857,125.35,69.578,0.0085224
66.423,0.0028277,138.2,65.491,0.0078103
30.874,0.015726,46.348,129.91,0.015151
188.13,0.010696,60.821,59.578,0.018364
103.06,0.0096631,48.193,10.361,0.0018034
215.07,0.010205,116.85,45.831,0.019516
174.51,0.015919,227.36,23.397,0.0057586
49.841,0.008653,71.951,16.992,0.0066172
243.63,0.0057036,130.05,8.739,-0.0014261
144.28,0.0098635,44.044,123.1,0.013048
50.377,0.010859,89.676,38.642,0.0071439
162.5,0.021284,90.718,147.1,0.0097202
185.27,0.018863,116.65,80.334,0.014004
237.89,0.0036581,58.624,127.85,0.012606
191.44,0.01821,185.63,65.113,0.010777
106.47,-0.00097148,259.36,156.62,0.015315
112.47,0.01481,211.8,34.411,0.02262
-25.23,0.0144,175.39,117.69,0.010767
125.56,0.0036273,170.2,71.092,0.024188
97.628,0.0081201,169.45,121.37,0.027402
208.09,0.020335,212.35,67.257,0.011723
77.537,0.01128,139.93,80.547,0.027021
73.92,0.01087,104.98,148.62,0.021061
121.16,0.0074091,146.97,55.725,0.0093083
66.723,0.0059013,101.81,39.926,0.021695
83.523,0.01821,209.52,51.134,0.025954
132.9,0.017158,118.63,47.307,0.016909
162.38,0.0082434,191.33,90.953,0.020376
227.38,0.0090623,137.28,60.042,0.0078691
108.21,0.017727,253.64,67.961,0.023785
157.73,0.014693,180.73,71.697,0.014075
-39.722,0.0082632,227.95,40.405,0.02426
25.822,0.013024,306.2,130.18,0.018814
122.41,0.0084866,32.634,135.21,0.021023
200.79,0.0095816,201.15,-7.9631,0.025415
219.3,0.010852,67.418,107.88,0.0028042
178.94,0.005873,89.833,63.372,0.01238
66.219,0.014985,207.93,20.059,0.024466
204.15,0.017942,207.68,58.239,0.0052627
40.238,0.0037164,214.75,104.54,0.021676
207.51,0.01596,78.089,18.014,0.014155
144.81,0.010088,237.13,112.16,0.012667
66.263,0.0056314,188.16,68.605,0.018177
236.6,0.012566,32.771,108.78,0.014599
162.02,0.0060059,123.55,114.22,0.0092234
300.18,0.0069821,108.68,26.016,0.0131
36.071,0.016475,209.33,45.095,0.011402
185.94,0.017593,187.01,73.377,0.0041875
171.17,0.0027146,52.441,113.99,0.017134
203.61,0.0020104,79.975,107.21,0.024559
112.98,0.022365,250.26,39.197,0.032425
168.83,0.022846,85.758,110.15,0.010611
29.576,0.0073084,240.69,49.036,0.016842
146.58,0.024662,41.072,74.722,0.00047627
48.097,0.0057203,163.45,66.245,0.016044
96.694,0.014056,113.16,126.75,0.039386
96.078,0.024271,178.01,53.86,0.015489
76.815,0.015519,292.46,209.82,0.016569
79.206,0.021468,111.09,162.16,0.020318
194.3,0.011152,45.012,153.21,0.014777
117.3,0.023816,101.94,87.971,0.0049271
153.25,0.015096,222.91,43.949,0.024658
191.3,0.021349,232.63,62.927,0.023135
145.2,0.01148,129.81,58.203,0.017788
136.53,0.0028866,111.28,115.23,0.016418
155.55,0.020309,131.93,118.9,0.031097
141.91,0.025555,109.21,82.788,0.022534
27.739,0.011739,152.58,48.307,0.020899
230.69,0.020226,88.814,8.125,0.020437
168.17,0.010451,153.85,62.543,0.01541
267.4,0.015439,64.014,195.46,0.014941
190.78,0.00677,147.89,97.751,0.012447
21.538,0.0087392,236.68,129.93,0.014845
203.56,0.0018025,132.01,15.588,0.013018
180.82,0.016615,224.08,21.421,0.015937
176.7,0.0025878,129.58,113.89,0.0013523
45.101,0.012879,168.35,51.691,0.011572
72.427,0.0081544,119.58,37.238,0.021366
221.97,0.0089255,81.693,128.53,0.0038654
141.76,0.015244,156.95,60.01,0.0051981
110.4,0.022519,28.002,100.79,0.0229
108.13,0.020874,175.14,93.596,0.020522
11.457,0.011716,293.17,17.386,0.0068857
235.02,0.02082,79.697,144.33,0.015007
212.28,0.0093239,132.39,48.331,0.016269
109.92,0.0056563,151.55,160.52,0.00082741
317.2,0.002861,21.506,71.99,0.0066051
101.48,0.0066846,303.12,113.62,0.011271
10.617,0.013076,196.57,110.35,0.019696
-7.0203,0.0088058,102.22,141.99,0.022899
23.843,0.015104,54.707,41.465,0.020115
2.317,0.012893,93.529,133.18,0.018701
93.264,0.02112,166.75,137.68,0.019094
137.47,0.017484,2.7121,19.078,0.012299
212.23,0.0092327,164.12,38.277,0.019809
146.45,0.020909,2.253,133.7,0.010601
127.11,0.0042052,219.84,122.42,0.018986
152.89,0.013804,149.97,100.22,0.012026
201.07,0.014417,180.33,169.09,0.006805
102.79,0.012171,27.625,136.98,0.02894
230.88,0.010239,173.23,13.087,0.024355
187.27,0.01819,205.83,-0.68909,0.015636
29.89,0.014001,29.069,72.448,0.00091978
172.95,0.013408,144.99,113.85,0.023148
98.604,0.0044041,87.002,61.08,0.0033929
139.75,0.0092402,106.91,94.522,0.014613
64.358,0.0020746,228.84,61.93,0.0095279
177.69,0.019637,142.75,87.111,0.0041919
325.79,0.01994,165.55,103.1,0.018155
229.94,0.011624,177.96,69.145,0.0031888
159.34,0.0036348,169.66,128.3,0.0088912
231.15,0.0087387,237.06,146.55,0.0061849
167.47,0.0037749,89.351,64.513,0.016316
186.35,0.0095344,197.4,78.246,0.0070972
98.069,0.010784,69.103,82.058,0.021393
124.98,0.001773,127.26,41.604,0.015085
152.8,0.017346,157.66,74.263,0.023559
179.83,0.015986,30.466,76.805,0.011153
176.23,0.0080375,104.16,88.591,0.0047544
104.2,0.013381,95.462,30.689,0.016836
226.03,0.0063278,43.605,75.23,0.013006
242.86,0.0055786,4.4476,86.367,0.015068
229.14,-0.00094651,226.44,88.597,0.017516
198.23,0.016627,146.82,41.281,0.029149
199.76,0.003124,210.64,125.28,-0.0018813
168.16,0.016235,205.5,85.213,0.02235
72.212,0.0060291,123.85,128.02,0.025493
174.62,0.025402,126.37,77.228,0.0073945
69.047,0.013765,126.28,56.118,0.022668
220.2,0.012097,-44.84,94.282,0.01149
255.72,0.021822,4.7098,46.63,0.03698
15.628,0.017337,148.73,32.275,0.026019
155.45,0.014893,63.29,203.41,0.020471
51.482,0.021164,191.96,63.108,0.03209
197.05,0.011427,154.04,63.137,0.013343
108.42,0.015647,104.28,116.22,0.025847
-8.5351,0.023397,137.17,126.71,0.0069515
69.077,0.020437,134.01,24.999,0.016165
173.95,0.0070164,0.72364,82.272,0.018151
125.29,0.0085453,207.34,8.5202,0.026028
182.6,0.019564,158.99,145.53,0.016203
187.44,0.0026069,87.551,95.315,0.011317
124.21,0.0073174,136.53,81.95,0.019236
282.19,0.015298,174.61,36.641,0.016027
97.705,0.016201,142.26,50.709,0.014518
114.79,0.0020372,176.17,84.552,0.011273
62.244,0.0083443,120.42,152.47,0.0030853
176.5,0.014225,179.28,77.974,-0.0037046
124.43,0.013152,91.27,52.848,0.02091
179.95,-0.0033581,81.851,64.23,0.012162
-17.691,0.012422,71.134,113.38,0.019859
163.5,0.0078947,116.08,-58.358,0.016723
202.69,0.015137,177.1,68.175,-0.00048802
128.21,0.018315,185.4,34.374,0.014931
215.89,0.017273,191.26,95.46,0.022683
106.54,0.016345,189.28,125.63,0.012897
-31.498,0.0094728,19.696,91.218,0.032202
117.51,0.019655,131.92,114.48,0.026487
118.15,0.013011,64.289,95.539,0.027352
102.62,0.023092,102.63,95.068,0.01444
273.33,0.008673,159.01,53.708,0.022124
128.12,0.026092,43.557,49.499,0.015499
-15.128,0.015061,122.4,51.694,0.012403
151.91,0.0097617,119.26,79.103,0.015101
129.83,0.014483,201.45,43.106,0.026692
273.6,0.031125,154,90.9,0.015148
96.51,0.0054909,87.743,99.016,0.019791
223.96,0.017935,148.67,57.185,0.0069278
148.2,0.022721,-21.1,150.02,0.026707
157.48,0.013126,110.05,34.974,0.022063
230.69,0.016965,173.22,73.427,0.024546
149.3,0.022439,150.23,108.62,0.017504
165.14,0.015716,-46.446,81.175,0.019406
145.53,0.01619,173.16,133.34,0.025277
150.61,0.0023304,174.64,141.78,0.019011
225.71,0.014583,152.55,16.013,0.027691
63.426,0.011966,66.566,109.02,0.0073004
57.182,0.016144,174.67,23.538,0.0087496
76.225,0.010775,51.955,97.814,0.010842
340.88,0.0056092,61.729,83.369,0.022716
135.09,0.011343,96.347,41.897,0.011279
142.06,0.013269,122.77,77.908,0.014696
30.349,0.014498,112.26,96.887,0.016489
209.15,0.01004,112.15,56.827,0.0026703
117.16,-0.00035664,66.405,56.687,0.0062316
121.94,0.010816,218.46,31.696,0.014299
137.81,0.015578,129.11,89.264,0.019596
159.3,0.0099311,215.24,58.538,0.0028815
140.62,0.019598,-4.0656,87.991,0.0033842
183.27,0.0087622,145.23,40.845,0.0052609
60.332,-0.0011934,115.69,127.92,0.027031
135.44,0.013188,267.54,92.108,0.010825
119.86,0.013221,170.64,88.325,0.0091967
272.54,0.018496,179.67,136.63,0.012614
165.44,0.0065212,180.89,104.79,0.017888
110.08,0.010578,239.13,89.575,0.02049
163.21,0.015882,121.74,126.25,0.025894
85.908,0.010978,237.91,93.662,0.017596
195.64,0.011478,188.43,105.19,0.010867
192.45,0.0081281,143.1,133.89,0.025545
197.67,0.021096,128.13,144.66,0.030788
94.356,0.019943,188.87,83.965,0.019207
108.22,0.013219,214.77,149.66,0.012313
182.15,0.014613,197.4,13.501,0.021452
119.3,0.011011,160.5,59.959,0.011543
104.3,0.025745,160.04,115.01,0.0029887
31.577,0.02312,80.639,116.65,0.011014
209.88,0.0039095,238.05,100.19,0.026079
156.59,0.017776,87.26,179.76,0.01423
119.55,0.0035229,153.02,149.04,0.014908
217.39,0.017796,95.676,79.26,0.016697
174.64,0.014682,-47.049,162.35,0.01468
109.8,0.013164,169.52,87.24,0.0056767
25.973,0.0036794,25.713,83.284,0.031359
212.95,0.012064,174.83,30.379,0.026239
227.77,0.0067359,160.15,11.296,0.014215
152.61,0.015717,20.872,50.493,0.01403
222.35,0.017159,157.12,65.529,0.014824
159.03,0.0043295,232.47,151.4,0.014176
166.12,0.011294,88.571,122.25,0.017951
154.81,0.011156,71.382,66.72,0.010947
112.41,0.018376,23.454,22.358,0.012755
139.25,0.0059838,109.73,37.417,0.0141
193.5,0.001839,158.74,125.29,0.016441
22.491,0.019744,219.98,141.15,0.015625
117.38,0.0095397,92.113,62.498,0.013853
259.32,-0.0065597,156.71,86.251,0.014971
175.33,0.02088,139.9,76.328,0.0085349
262.3,0.022198,138.95,110.74,0.022238
22.3,0.022757,55.145,120.94,0.021322
42.12,0.0029722,110.57,76.64,0.02219
139.26,0.013124,130.97,49.863,0.013059
142.82,0.023589,121.37,122.05,0.024586
233.76,0.011693,112.53,77.732,0.0032635
231.34,0.0088303,194.31,128.57,0.017551
90.099,0.013938,122.47,97.931,0.016833
177.98,0.0051943,147.85,93.663,0.0239
199.07,0.02266,194.32,95.198,0.031165
192.33,0.0098912,87.423,84.568,0.030556
137.74,0.01911,131.96,134.84,0.016504
222.42,0.018893,243.54,69.136,0.025619
79.912,0.025149,24.579,75.734,0.010777
176.5,0.010494,143.89,117.47,0.012767
278.19,0.011618,202.53,31.819,0.022274
79.399,0.020382,145.82,102.84,0.02034
93.83,0.027618,130.65,70.725,0.03234
158.68,0.015535,200.49,39.198,0.011439
140.07,0.0050415,197.43,92.487,0.015055
140.65,0.0111,71.163,104.11,0.022993
119.29,0.027917,57.449,102.74,0.002739
167.03,0.018898,150.59,140.16,0.025265
72.465,0.016045,81.003,97.671,0.021378
132.49,0.011226,132.22,68.23,0.010687
141.46,-0.0072439,-26.989,65.872,0.017773
65.275,0.012628,218.96,70.888,0.02223
90.7,0.012454,207.85,116.6,0.017279
214.55,0.0080086,179.26,72.716,0.015721
322.49,0.021509,85.349,61.779,0.019284
132.92,0.014227,182.05,103.45,0.0090639
203.32,0.0081391,180,108.22,0.015556
178.07,0.0034699,240.15,5.5902,0.013447
33.143,0.0070022,114.07,45.402,0.02797
176.43,0.0050338,169.33,107.83,0.0051815
124.07,0.010189,257.98,102.06,0.025188
224.09,0.002038,130.46,89.233,0.0089114
86.795,0.0055211,226.93,65.512,0.013774
242.91,0.010097,73.93,85.738,0.0020071
231.85,0.020609,99.452,20.799,0.016103
227.16,0.017444,74.182,51.939,0.033788
108.95,0.018996,117.73,112.11,0.018188
215.42,0.010825,33.7,157.08,0.00043185
146.05,0.017276,36.798,117.13,0.023594
225.47,0.012554,32.388,102.92,0.020235
113.19,0.01768,263.04,36.119,0.025559
232.15,0.0099834,186.96,60.587,0.013622
141.54,0.015215,136.81,123.01,0.031148
220.37,0.018371,274.59,135.38,0.012502
10.4,0.023619,59.044,98.321,0.00855
89.938,0.018702,234.86,125.08,0.030439
99.413,0.0027391,102.86,6.5233,0.011784
130.86,0.010445,47.241,79.96,0.011271
70.845,0.0063542,161.75,60.597,0.016578
93.421,0.024991,294.8,92.359,0.026025
275.03,0.0070359,160.64,127.17,0.0071923
154.23,-0.0016653,181.91,73.515,0.015441
148.98,0.014064,18.687,31.688,-0.0074177
74.143,0.0098114,158.73,39.297,0.029072
164.2,0.021793,215.8,77.758,0.015295
34.615,0.002815,229.33,68.419,0.012856
84.394,0.0091242,-30.527,55.439,0.0092974
95.155,0.015115,5.9742,139.81,-0.0078054
101.3,0.0025376,94.468,136.48,0.025028
132.8,0.012318,95.713,-2.3271,0.020921
126.15,0.0054902,64.815,99.149,0.015638
112.51,0.00014934,104.45,23.287,0.018404
135.29,0.012652,195.62,37.85,-0.0030032
35.551,0.00026338,59.354,86.795,0.016099
205.75,0.013149,240.32,185.49,0.0080367
174.38,0.0096981,172.96,67.03,0.009764
111.8,0.0075303,127.66,57.807,0.008447
198.38,0.0089522,206.35,51.405,0.016239
270.73,0.0078875,76.241,94.607,0.0069612
42.351,0.011578,120.66,71.417,0.013845
128.43,0.025295,174.32,51.268,0.016983
149.17,0.0058722,188.32,85.489,0.016177
213.56,0.020226,149.48,145.07,0.034462
110.84,0.018449,82.898,60.082,0.013155
227.44,0.0090678,-25.846,69.217,0.0068518
197.47,0.014114,259.98,32.901,0.034508
117.1,0.0223,170.02,26.915,0.020571
77.334,0.019525,132.64,104.87,0.033575
125.16,0.0018449,209.81,124.11,0.021545
108.12,-0.0064229,157.43,56.047,0.030864
166.36,0.015588,127.71,129.91,0.029497
98.666,0.019718,-54.589,31.521,0.020938
86.744,0.011917,246.94,139.17,0.01719
249.33,0.013787,353.19,145.8,0.009429
257.86,0.013808,35.548,79.26,0.021528
268.9,0.025306,191.63,51.345,0.009408
165.14,0.007793,63.41,109.24,0.0095458
147.53,0.018696,193.61,74.396,0.017521
140.58,0.014427,194.8,102.89,0.023322
56.45,0.010885,108.2,49.203,0.0081356
75.071,0.0072209,140.05,129.36,0.0012449
108.01,0.025024,21.593,49.974,0.0077362
197.88,0.019155,63.424,93.375,0.013221
119.07,0.015779,161.68,153.78,-0.0057102
177.14,0.0075341,171.46,55.061,0.0062372
153.11,0.0061904,75.999,88.782,0.0096162
116.33,0.005446,5.9486,180.66,0.010391
214.92,0.01135,221.63,79.537,0.019033
225.47,0.0084204,107.4,95.033,0.03137
148.92,0.015409,137.26,92.206,0.0089715
97.171,-0.00055476,129.5,38.844,0.014062
147.1,0.0059846,227.05,73.69,0.010074
91.5,0.012399,99.876,93.802,0.021639
-34.792,0.0081247,98.311,42.467,0.024753
50.451,0.010378,89.12,49.677,0.013788
-32.996,0.02411,151.13,114.06,0.017487
203.85,0.02486,197.57,19.38,0.018715
74.453,0.014723,24.911,35.595,0.018806
65.064,0.0031433,91.119,134.08,0.015858
-15.937,0.019451,52.804,53.078,0.018174
108.69,0.0011365,215.89,68.96,0.014248
115.89,0.019385,171.17,99.276,0.02464
235.19,0.007105,115.45,109.02,0.013018
119.75,0.023857,-32.791,145.43,0.028297
154.35,0.010781,210.24,62.517,0.015183
-7.9834,0.015338,-37.535,107.48,0.013453
188.29,0.018432,220.76,123.23,0.034909
77.694,0.014843,79.374,88.686,0.022787
153.99,0.024383,75.399,117.35,0.020934
142.82,0.019287,123.86,63.053,0.010981
198.76,0.012733,138.84,135.23,0.025088
118.72,0.014123,176.75,9.8572,0.020229
164.32,0.0081411,130.31,113.23,0.02513
13.191,0.01235,45.33,107.53,0.017567
172.34,0.027701,69.523,108.9,0.006694
85.999,0.028771,189.6,62.334,0.022262
297.71,-0.007229,136.82,27.105,0.024262
190.51,0.013623,203.51,38.159,-0.0050944
134.19,0.025219,116.19,29.02,0.012776
97.425,0.015941,228.92,93.466,0.014974
66.43,0.013479,181.22,112.48,0.0075257
63.957,0.0035939,152.04,100.19,0.01623
149.91,0.014607,221.97,30.066,0.00079994
177.63,0.0090994,79.451,97.768,0.0086233
24.461,0.00027581,229.45,89.553,0.015264
61.091,0.013543,108.97,56.804,0.011768
220.4,0.00072837,177.36,84.198,0.013568
303.3,0.016087,120.62,35.922,0.013942
81.633,0.018429,115.79,91.233,0.022717
192.29,0.013201,-16.914,105.66,0.0088784
111.05,0.013111,198.27,68.01,0.0099297
101.81,0.016964,242.45,98.271,0.018563
183.78,0.018842,122.73,96.167,0.017647
116.77,0.010244,287.49,82.563,0.0086804
206.12,0.0070705,82.528,136.3,0.019114
35.361,0.0076171,129.81,140.89,0.012252
249.23,0.013261,155.46,31.282,0.026105
155.36,0.0028469,159.92,83.511,0.024098
82.296,0.020383,154.17,111.46,0.0048832
197.95,0.014679,106.84,53.528,0.014639
118.39,0.013422,160.8,40.87,0.015378
63.069,0.024048,158.24,-1.5747,0.028193
70.345,0.015442,136.27,98.917,0.012033
261.27,0.027437,88.892,172.68,0.018935
115.16,0.0086173,76.647,118.07,0.016816
44.546,0.021203,83.603,152.66,0.021999
157.1,-0.0024957,-23.798,96.566,0.024994
-9.8838,-0.0018916,85.915,175.63,0.0070394
116.78,0.010023,221.54,86.857,0.022108
29.584,0.021228,100.11,170.24,0.0272
-36.262,0.01933,126.74,108.24,0.024155
171.61,0.011145,208.21,22.618,0.013703
160.44,0.0098658,84.324,75.57,0.0033839
153.51,0.0073125,147.05,112.92,0.0089599
116.8,0.0043296,71.574,40.386,0.017107
85.642,0.011845,213.53,120.16,0.016142
139.43,0.0077309,94.94,61.011,0.016793
256.98,0.005369,298.86,47.069,0.0081
206.39,0.0095177,83.032,91.146,-0.00014163
141.31,0.0081396,262.95,145.67,0.016516
93.787,0.0060242,85.193,41.983,0.013316
92.667,0.010769,250.71,71.812,0.0080637
249.54,-0.0019239,33.687,44.218,0.017747
106.54,0.007072,88.329,70.469,0.022325
187.86,-4.1551e-05,196.36,54.035,0.011914
123.76,0.014486,208.67,103.8,0.020383
95.936,0.010647,191.23,76.387,-0.0033106
74.857,0.007108,179.12,80.791,0.02025
266.47,0.010493,260.82,45.682,0.022224
118.85,0.014144,204.72,66.818,0.0051566
41.287,0.020039,168.28,116.16,0.012377
41.464,0.0069696,96.455,130.48,0.020139
102.19,0.017229,34.777,66.222,0.027527
129.22,0.020386,126.84,80.739,0.024726
137.17,0.011424,203.37,180.87,0.012265
122.69,0.021446,97.979,122.2,0.013221
206.61,0.016826,40.523,1.0684,0.015773
167.72,0.0074161,54.727,105.99,0.023143
101.1,0.013871,167.96,79.333,0.022309
191.2,0.014671,151.42,43.666,0.019787
88.889,0.018532,101.44,104.92,0.0080428
134.69,0.0091714,123.65,107.61,0.015146
130.94,0.013772,107.78,83.739,0.026459
141.54,0.0094607,-7.8361,140.95,0.021632
27.944,0.0077699,86.232,60.315,0.0361
276.26,0.015185,29.289,121.3,0.021275
64.082,0.013937,69.535,35.492,0.0027629
255.61,0.018676,68.009,46.034,0.023437
92.194,0.02165,105.64,69.139,0.014709
19.548,0.015607,273.64,123.36,0.013148
116.32,0.0076155,175.39,95.184,0.0083827
73.47,0.0087335,173.31,66.918,0.011699
76.323,0.010381,90.037,22.553,0.012566
83.298,1.599e-05,196.74,117.2,0.016449
156.39,-0.00036048,50.873,127.6,0.0014771
86.564,-0.0024485,81.8,99.576,0.010366
397.85,0.016944,31.067,87.959,0.0010413
153.51,2.1211e-05,-17.191,46.128,0.018725
253.37,0.0082465,-45.356,94.833,0.012382
74.494,0.018402,121.32,15.604,0.012146
25.177,0.013201,201.36,60.958,0.011589
48.184,0.014833,110,91.477,0.012984
247.67,0.018554,193.56,46.956,0.010897
245.44,0.012943,73.319,129.36,0.032006
-48.385,0.0071594,181.64,97.256,0.015721
212.53,0.0051105,202.25,69.744,0.01305
231.08,0.01434,146.16,60.061,0.021557
181.94,0.016732,207.07,-37.661,0.019109
131.33,0.01903,226.56,125.1,0.0063078
210.38,0.0084667,222.97,152.28,0.0054194
110.39,0.0065568,136.83,11.393,0.012233
143.32,0.010037,154.95,89.003,0.018589
174.11,0.013971,277.76,28.147,0.027787
225.03,0.020923,133.86,91.9,0.013702
134.66,-0.0031995,190.79,114.86,0.017302
256.6,0.02058,125.7,113.39,0.012611
239.72,0.025956,195.53,144.19,0.021405
250.93,0.0042718,109.06,102.83,0.013153
106.57,0.012926,281.25,111.34,0.021717
60.861,-0.0011111,163.52,12.995,0.0068635
148.71,0.020701,115.74,77.963,0.019889
193.45,0.0061005,67.525,28.095,0.0079907
52.905,0.017674,83.738,150.27,0.019319
130.41,0.012126,207.74,125.03,0.015544
52.79,0.013418,225.53,57.406,0.011581
193.94,0.0072845,225.22,120.79,0.01038
75.135,0.017145,114.63,59.418,0.0072723
3.8404,0.0112,106,138.61,0.013195
23.632,0.011819,195.15,107.73,0.00063768
71.93,0.0077353,176.89,108.88,-0.00050743
188.9,0.0048963,107.54,125.21,-0.001458
147,0.0079418,132.48,136.66,0.023332
225.36,0.012683,213.45,83.648,0.01863
125.66,0.013925,180.28,117.48,0.024927
208.63,0.014444,155.2,84.947,0.015974
101.86,0.0059689,160.44,122.82,0.019091
107.62,0.015866,130.08,132.86,0.021575
113.44,0.0004735,137.14,71.18,0.020638
160.32,0.012646,301.83,31.85,0.024432
208.19,0.0024669,145.89,146.83,0.015867
113.78,0.0053877,98.913,95.601,0.021337
201.46,0.016484,105.78,59.717,0.0087137
172.13,0.018476,205.44,74.034,0.019531
287.86,0.018074,163.93,88.993,0.013604
136.71,0.0035384,176.18,119.09,0.019682
25.899,0.02533,125.12,56.226,0.0084613
98.629,0.014339,234.57,98.502,0.02025
28.357,0.026,144.33,78.205,0.016682
103.39,0.013451,134.42,72.138,0.0099918
153.39,0.018411,170.68,152.71,0.024548
203.21,0.021763,190.59,27.293,-0.0020449
-14.471,0.019592,94.283,82.032,0.024353
106.49,0.0070087,-42.751,63.79,0.028805
-29.47,0.016412,187.75,127.89,0.017567
159.71,0.022495,201.39,145.21,0.010756
84.55,0.022429,89.171,57.698,0.0088334
141.36,0.014008,247.56,147.25,0.015737
132.62,0.019297,87.51,185.01,0.02198
219.73,0.020508,158.07,92.982,0.030209
128.47,0.0048595,138.97,47.599,0.010195
173.54,0.017998,164.13,95.546,0.019273
166.06,0.021528,188.61,79.772,0.015645
127.7,0.012053,122.45,3.8525,0.0071296
225.2,0.021658,79.501,76.819,0.006673
157.32,0.013438,115.29,80.071,0.0099842
197.66,0.01892,60.44,77.975,0.027061
129.6,0.0040505,192.31,116.35,0.014075
254.53,0.014761,169.3,42.955,0.0099662
140.14,0.015579,127.94,132.77,0.0083619
92.939,0.018378,19.748,19.92,0.011377
21.29,0.017411,-14.458,60.654,0.01876
173.98,0.0060426,158.48,25.308,0.0096773
125.91,0.013928,203.33,43.282,0.029113
66.055,0.0070899,242.4,7.9527,0.01014
80.672,0.01192,171.87,106.19,0.012229
176.13,0.0041284,97.946,79.442,0.018811
120.37,0.0092318,94.225,84.347,0.011498
177.37,0.011482,180.98,111.19,0.014412
153.44,0.020498,48.726,12.405,0.028248
-11.292,0.024298,200.54,89.479,0.025474
99.809,0.0054716,147.61,94.572,0.040285
224.18,0.0096691,158.77,119.32,0.02169
97.607,0.017665,120.52,22.941,0.015901
122.32,0.017369,31.422,93.571,0.010789
103.24,-0.00044469,92.522,140.66,0.01559
256.93,0.015078,200.48,121.02,0.026536
185.8,0.01883,123.98,102.77,0.01976
165.82,0.013793,166.07,33.605,0.013966
200.02,0.021518,196.81,43.343,0.01089
182.68,0.017155,4.7371,70.647,0.014933
134.5,0.01594,114.99,103.35,0.017943
114.41,0.010666,111.64,55.322,0.017411
218.55,0.012394,197.1,104.61,0.019338
231.77,0.011629,141.1,21.397,0.01482
105.11,0.014409,207.74,163.78,0.02516
207.86,0.021302,202.43,69.552,0.026034
154.74,0.012553,236.62,105.16,0.014751
243.25,0.012317,180.48,39.498,0.010394
204.16,0.016837,149.71,93.607,0.00037997
79.616,0.0070144,196.78,87.104,0.019659
134.2,0.016484,121.43,42.884,0.0059195
69.434,0.012658,133.96,182.28,0.0040737
274.03,0.012239,117.53,84.714,-0.0074803
108.35,0.011202,78.86,91.659,0.0099792
190.61,0.022449,187.37,35.888,0.018051
60.619,0.0047522,259.85,62.11,0.0098923
169.6,-0.0042207,37.974,72.885,0.015584
27.238,0.0071859,112.11,108.71,0.0082918
254.48,0.010009,183.17,133.46,0.013238
159.41,0.01881,218.24,184.98,0.017478
336.58,0.00054554,238.56,109.34,0.021174
-50.63,0.015745,131.66,124.42,0.029917
214.6,0.025347,210.22,86.947,0.012331
206.37,0.015085,145.96,112.18,0.006279
94.627,0.0088038,164.52,51.507,0.012254
132.08,0.013236,109.93,58.81,0.02995
248.64,0.00099741,217.19,112.02,0.026625
47.883,0.01709,129.38,95.513,0.0031612
118.85,0.019218,62.376,133.94,0.025483
176.21,0.023097,113.28,152.91,0.0083099
129.41,0.01875,38.565,83.916,0.023491
164.58,0.019567,185.19,82.621,0.022125
141.03,0.022286,153.72,73.459,0.016595
94.677,0.017727,17.272,64.528,0.012428
172.5,0.0044475,80.987,130.59,0.02351
226.05,0.0057004,125.97,47.049,0.022788
8.5184,0.012731,4.1254,144.43,0.014058
-3.3754,0.016097,210.12,116.19,0.014462
175.17,0.01564,-63.097,73.999,0.0245
229.04,0.007239,50.721,92.851,0.0091639
190.22,0.012932,-10.358,89.217,0.025287
103.07,0.0098834,184.52,0.85592,0.027448
108.02,0.019569,160.16,123.66,0.013822
151.85,0.0037559,60.128,107.16,0.0068767
133.83,0.01185,40.109,50.467,0.0057098
208.71,0.0039927,98.057,38.571,0.022927
193.45,0.0098007,271.95,87.801,0.023553
27.242,0.019247,156.52,45.029,0.0060621
148.49,0.024604,153.14,127.57,0.020198
203.75,0.0080667,93.824,30.761,0.017333
274.74,0.01364,158.45,113.1,0.0090588
79.687,0.0071988,180.96,73.176,0.015275
98.731,0.0054071,31.77,67.738,-0.0001682
175.05,0.0073315,224.12,58.466,0.015229
193.73,0.015118,77.189,121.05,-0.00051657
183.61,0.018881,142.64,102.55,0.0082249
287.82,0.018906,137.07,82.894,0.028771
8.9115,0.0097457,237.78,69.886,0.022709
128.6,0.0047169,222.39,28.918,0.0063106
200.24,-0.0019886,48.208,188.47,0.0066347
210.33,0.0062301,75.432,50.82,0.013966
22.532,0.022789,187.79,132.1,0.035483
165.63,0.0026348,132.73,104.19,0.026339
61.593,0.017523,186.77,66.569,0.016837
102.87,0.019515,219.57,-0.61303,0.01722
83.631,0.012736,65.829,112.39,-0.00026938
79.123,0.021971,176.24,50.755,0.025725
190.4,0.021286,84.305,66.656,0.021109
157.11,0.01848,31.494,96.952,0.026854
230.59,0.020963,111.07,127.39,0.011754
180.33,0.0089409,136.54,105.42,0.016508
84.827,0.023836,178.51,70.328,0.017356
127.98,0.01247,82.32,84.061,0.0072704
150.39,0.013074,207.07,116.87,0.033358
216.6,0.019766,214.92,119.53,0.014622
59.63,0.01522,196.2,105.95,0.008009
172.53,0.016971,188.75,125.15,0.0021036
39.172,0.014315,22.716,103.55,0.025232
98.021,0.01535,-55.853,71.602,0.024486
157.29,0.0021019,192.94,60.6,1.9372e-05
193.28,0.004542,139.33,184.21,0.015818
310.02,-0.0026432,233.97,110.32,0.0087936
113.78,0.012763,118.26,51.767,0.009732
166.61,0.011905,259.63,27.907,0.026457
111.43,0.011408,58.072,27.353,0.015235
155.31,2.7942e-05,166.23,66.473,0.0079867
114.7,0.00922,122.19,0.14093,0.0053578
251.62,0.014044,158.99,121.21,0.019228
203.28,0.02915,172.8,90.771,0.014197
145.06,0.0091093,159.39,120.43,0.02279
159.36,0.010125,69.785,23.498,0.024366
244.31,0.01821,199.04,33.968,0.023414
173.19,0.016597,130.28,44.746,-0.0031954
87.972,0.0081948,-14.238,85.856,0.01763
93.167,0.0086095,185.41,88.509,0.019078
76.596,0.021886,77.806,52.585,0.025606
139.38,0.016583,265.77,88.566,0.03372
55.07,0.00467,150.95,174.72,0.0228
164.62,0.015643,12.253,140.19,0.0099658
85.196,0.0068112,143.63,151.69,0.032426
174.57,0.0057824,106.26,175.03,0.022714
270.38,0.015913,180.76,74.828,0.017324
147.85,0.012698,102.76,18.248,0.020186
8.0161,0.015639,50.156,165.69,0.017273
213.28,0.0081283,172.27,182.68,0.0248
193.35,0.0082424,149.81,70.945,0.024386
77.184,0.021903,209.31,176.55,0.024964
109.37,0.015287,105.09,117.71,0.011315
211.94,0.019658,173.4,153.37,0.021887
32.741,0.025287,132.76,106.54,0.020343
242.98,0.01243,268.31,95.978,0.019907
165.66,-0.0019631,152.41,-40.516,0.015537
131.24,0.021126,163.09,76.223,0.021564
173.89,0.011698,247.88,99.595,0.020182
222.91,0.0041379,120.71,94.853,0.010556
69.453,0.0060884,39.361,27.56,0.010445
107.69,0.014254,-19.167,73.302,0.01242
28.582,0.014103,159.19,172.46,0.01489
132.37,-0.0017694,95.211,36.583,0.0074244
151.69,0.014516,185.1,70.997,0.026744
97.586,0.011619,16.144,108.32,0.018235
236.33,0.0031325,169.7,80.16,0.027278
114.87,0.011786,134.03,118.4,0.0088142
202.97,0.010503,93.523,85.812,0.0042203
250.56,0.015274,68.264,123.21,0.012947
39.286,0.0046375,122.38,36.441,0.018508
241.5,0.00089845,195.16,34.249,0.00061839
203.69,0.0085866,57.573,70.664,0.017001
44.053,0.0067701,188.61,131.82,0.015758
93.996,0.014567,195.07,104.61,0.019406
135.92,0.01444,138.16,77.609,0.02295
205.99,0.0081514,285.56,52.674,0.017236
164.05,0.011731,116.85,62.097,0.0082134
159.71,0.018721,198.39,144.26,0.016096
101.12,0.018012,148.55,30.267,0.027953
243.31,0.015173,168.53,48.889,0.0064761
64.11,0.015603,147.66,46.319,0.016586
257.11,0.010625,121.53,102.81,0.020566
107.91,0.017793,232.61,35.178,-0.010701
267.45,0.011995,202.56,63.013,0.025985
178.58,0.025154,30.262,76.824,0.026149
103.9,0.020298,132.1,167.08,0.017913
122,0.015938,129.78,88.482,0.015938
184.05,0.019731,137.43,46.63,0.029098
119.12,0.024785,235.28,23.973,0.018453
2.8298,0.0043256,171.83,64.282,0.0064485
105.76,0.016518,92.871,55.471,0.023343
167.34,0.018855,109.77,49.37,0.012436
132.3,0.0092494,193.25,142.66,0.026933
158.24,0.014083,29.278,109.33,0.011963
48.203,0.015543,187.77,117.4,0.021081
155.97,0.017553,121.73,-6.8543,0.014348
80.309,0.014975,37.478,118,0.0028406
98.755,0.012703,196.7,166.93,0.015135
164.62,0.020788,99.845,67.85,0.017013
155.53,0.01876,186.49,140.14,0.016818
94.866,0.011421,99.038,84.522,0.017251
194.53,0.012894,73.102,12.717,0.011374
157.54,0.0063845,135.03,82.465,0.0022977
86.178,0.00084326,214.97,96.653,0.014924
201.32,0.012508,146.08,84.088,0.0063844
23.728,0.014279,185.32,71.251,0.0207
146.5,0.013344,107.7,159.1,0.011509
124.52,0.012315,119.13,152.66,0.0067738
188.99,0.017139,51.872,76.874,0.010574
290.21,0.028661,225.64,73.16,0.023182
224.27,0.0092269,153.13,98.838,0.013407
112.12,0.0084358,189.18,71.039,0.016918
60.529,0.020066,108.4,82.483,0.014683
71.314,0.013523,47.604,73.46,0.016798
77.108,0.0041954,52.503,52.581,0.016446
105.95,0.0026261,204.47,152.12,0.014557
286.38,0.019302,34.444,91.812,0.02904
232.51,0.016818,295.68,85.858,0.022539
251.34,0.0039108,262.3,73.722,0.023132
221.78,0.010238,27.658,105.08,0.028612
95.31,0.0085071,337.83,88.218,0.02518
192.89,0.018397,133.63,103.61,0.015719
211.91,0.0097138,200.24,101.24,0.025555
83.557,0.0072611,235.07,115.74,0.013869
156.69,0.014754,36.878,113.62,0.024298
133.56,0.019907,98.826,55.593,0.017337
-18.486,0.017366,198.76,55.776,0.017134
118.48,0.0075863,148.44,62.581,0.010679
155.92,0.013658,74.929,136.12,0.019755
151.08,0.013439,220.74,179.61,0.0032619
220.9,0.0080827,32.891,77.429,0.018461
57.48,0.016211,232.47,109.66,0.020433
76.041,0.017834,233.27,108.19,0.018758
33.45,0.010566,152.12,64.794,0.012783
88.01,0.013018,102.2,51.948,0.013406
106.53,0.0091481,145.47,78.683,0.011496
260.41,0.0086553,166.01,110,0.0080734
100.57,0.0097598,94.987,98.561,0.018269
254.85,0.022011,148.86,118.78,0.0199
214.09,0.015056,93.596,97.381,0.020256
139.78,0.0059797,113.51,130.76,0.010879
49.83,0.0072594,143.94,73.389,0.015619
218.59,0.0024053,-24.287,113.16,0.013386
132.83,0.013502,126.83,64.912,0.015597
29.134,0.017191,69.06,75.024,0.012918
152.8,0.014652,98.188,106.4,0.012224
144.3,0.022473,182.57,59.046,0.0048128
83.786,0.027426,227.82,78.325,0.018215
37.23,0.020229,178.59,99.88,0.015631
87.673,0.016614,95.404,42.315,0.021073
261.09,0.022647,37.193,-16.73,0.015008
179.68,0.01889,72.018,150.34,0.020427
138.59,0.0352,135.99,71.364,0.0081007
190.36,-0.0027568,227.4,89.795,0.017021
128.36,0.0089102,68.108,172.21,0.022779
98.608,0.015831,224.15,96.069,0.026094
93.817,0.033005,71.413,14.044,0.018296
108.63,0.01081,151.94,109.78,0.015991
6.2578,0.016806,86.38,64.154,0.015792
129.01,0.013986,191.62,86.314,0.021087
186.5,0.018274,109.7,35.245,0.036079
256.07,0.019863,156.28,80.037,0.026659
288.18,0.014279,122.71,133.78,0.013853
136.32,0.0059435,133.43,108.35,0.022935
88.488,0.0085949,-30.682,87.197,0.02626
113.5,0.012338,129.8,40.135,0.0010104
198.43,0.0043344,281.54,41.247,0.023255
29.727,0.010648,113.83,94.114,0.012185
76.697,0.01054,190.38,126.92,0.027418
151.13,0.0066835,110.75,107.88,0.01327
144.45,0.0018252,236.86,75.034,0.018967
165.69,-0.0059237,45.272,33.99,0.011352
120.89,0.0091964,123.55,73.341,0.020604
43.207,0.018194,184.79,15.865,0.02069
165.18,0.0048497,176.56,116.87,0.015047
171.29,0.0097446,26.442,115.1,0.016574
150.37,0.0050043,138.72,75.537,0.0091587
218.65,0.012664,204.49,60.51,0.016248
219.79,0.00012205,187.8,-27.876,0.011787
214.19,0.005826,197.99,138.48,0.005671
149.6,0.013385,130.63,112.82,0.003482
136.87,-0.00052889,202.36,89.203,0.014685
81.336,0.0052656,109.26,98.853,0.022109
105.81,0.013177,30.327,-17.163,0.0019319
180.65,0.021456,177.09,60.891,0.01392
51.241,0.015167,149.42,91.529,0.0091661
157.46,0.014332,114.93,99.423,0.013484
123.55,0.013238,124.62,120.92,0.025579
153.51,0.0187,258.36,76.341,0.017588
177.47,0.017029,208.6,63.358,0.01886
11.372,0.013385,19.227,133.48,0.021879
119.69,0.0094918,143.42,57.923,0.021203
114.4,0.018876,41.019,29.532,0.021054
128.91,0.025878,228.15,125.3,0.030792
207.99,0.022789,82.199,104.76,0.020114
181.68,0.015682,115.34,57.54,0.023551
74.865,0.016092,191.83,127.84,0.020195
139.72,0.0043423,231.32,118.59,0.00058828
89.377,0.01399,227.57,46.82,0.0067446
125.59,0.0092427,132.71,79.377,0.01205
195.41,0.016268,82.332,124.69,0.021888
169.8,0.01882,85.204,126,0.020649
64.088,0.013181,105.45,39.731,0.019551
-10.75,0.0020067,63.018,142.11,-0.0034414
196.37,0.010611,354.63,93.98,0.018442
141.24,0.012817,180.19,127.95,0.017818
298.07,0.0097066,64.254,23.147,0.015938
3.7611,0.015114,149.66,90.173,0.016721
155.28,0.014084,182.37,90.893,0.014716
54.628,0.015727,113.4,20.061,0.005684
125.66,0.0031945,157.95,82.819,0.015193
204.69,0.010415,150.82,17.572,0.018183
198.05,0.015883,-6.9912,92.117,0.01652
251.19,0.0077319,58.183,61.236,-0.0063602
132.75,0.011312,114.96,162.58,0.0057866
143.94,0.018943,107.2,147.34,0.018367
193.21,0.015976,192.63,54.656,0.014302
240.18,0.019535,91.508,25.374,0.0058026
202.13,0.0098125,133.82,158.85,0.019381
283.31,0.014404,205.71,56.212,0.015286
73.63,0.024336,190.8,125.59,0.016532
157.12,0.0072481,163.95,32.962,0.01739
220.23,0.010478,91.426,28.278,0.0078257
239.8,0.015071,120.74,117.01,0.017633
224,0.015052,102.63,174.37,0.02046
91.761,0.020713,77.866,106.03,0.027361
52.091,0.015523,130.69,35.989,0.01865
158.65,0.024779,168.86,99.407,0.02188
131.14,0.0080488,83.596,71.661,0.018992
138.85,0.01393,89.553,49.335,0.020664
80.012,0.016317,147.79,40.462,0.027157
256.5,0.026015,26.753,92.208,0.018941
153.48,0.016365,26.213,-5.6913,0.019636
169.28,0.014018,116.76,20.228,0.014673
59.535,0.0061784,158.7,46.83,0.013116
90.473,0.01762,204.06,178.29,0.020738
186.87,0.011628,32.392,72.136,0.0086624
146.12,0.018292,87.482,95.959,0.019383
271.43,0.0065917,131.65,89.667,0.015265
111.63,0.010473,118.56,47.939,0.0059316
72.972,0.014325,169.79,113.89,0.01623
69.417,0.017976,96.803,27.077,0.022696
110.89,0.0060548,271.16,91.908,0.019859
90.781,0.010686,179.13,100.28,0.0059856
114.54,0.022989,237.12,25.365,0.009936
50.599,0.02177,177.36,70.149,0.016012
279.4,0.017128,147.19,138.01,0.013111
149.09,0.012476,205.3,82.469,0.02254
57.309,0.016282,72.654,103.92,0.01997
63.798,0.016315,169.12,98.002,0.00076675
175.6,0.014666,119.32,21.939,0.012856
193,0.0082739,188.76,51.246,0.021977
120.29,0.019274,174.59,91.105,0.011139
284.55,0.011207,264.08,17.379,0.017301
177.72,0.0081871,170.97,78.86,0.013525
165.28,0.021933,89.026,36.125,0.016318
176.89,0.013387,84.422,76.05,0.011495
230.52,0.011799,-30.905,51.606,0.010081
70.09,0.0068188,107.22,142.19,0.01606
136.65,0.0078308,140.86,136.15,0.013929
170.8,0.011831,90.359,72.352,0.022784
226.75,0.026847,121.33,-6.1665,0.018661
59.44,0.026599,29.36,71.497,0.027833
209.32,0.012226,218.11,86.02,0.0093417
-41.795,0.015132,150.07,131.17,0.0096864
139.9,0.0095454,157.08,92.643,0.026703
92.871,0.013194,-45.513,84.084,0.012653
62.384,0.0092539,208.11,124.49,0.021793
164.91,0.0055325,126.36,83.623,0.013741
78.24,0.023566,274.67,128.16,0.007244
183.81,0.018556,198.64,66.493,0.01135
263.2,0.0087785,158.36,110.49,0.015232
261.29,0.00018868,158.63,91.402,0.023061
196.77,0.0055593,41.891,108.95,-0.0042003
159.71,0.0051149,192.57,80.549,0.021799
130.17,0.014363,111.68,76.835,0.010919
203.45,0.0169,227.97,69.634,0.012153
62.66,0.019435,106.98,15,0.016046
152.65,0.014326,132.66,85.323,0.0054147
228.88,0.010988,147.58,110.69,0.017075
184.25,0.0018705,54.596,107.12,-0.0016384
162.87,0.013806,123.95,71.631,0.011129
105.85,-0.0038307,165.6,77.501,0.01851
88.825,0.0011683,173.08,72.194,0.021613
273.75,0.0062301,128.43,42.659,0.015812
105.42,0.0084168,109.45,126.32,0.016914
189.49,0.0075886,105.63,2.7968,0.021302
136.38,0.016465,107.32,51.149,0.01647
77.974,0.013831,78.066,50.653,0.0044763
287.45,0.012252,218.78,24.064,0.019269
55.517,0.0092528,82.895,120.46,0.023703
147.08,0.013783,130.83,59.342,0.028658
188.52,0.0098083,32.943,157.9,0.021627
20.796,0.020154,108.51,93.458,0.016662
210.1,0.021069,157.66,66.895,0.015258
-4.6645,0.015788,7.4344,-16.689,0.024474
108.66,0.014393,9.3805,91.507,0.0289
69.067,0.015427,136.82,107.13,0.026509
198.34,0.0049054,118.07,102.11,0.017119
50.734,0.0214,94.761,37.728,0.018599
-19.852,0.0092,186.37,24.28,0.020498
101.35,0.013177,84.982,176.08,0.033105
248.34,0.011611,22.49,101.52,0.0091811
42.26,0.012734,176.79,122.95,0.012753
-5.7807,0.018975,154.42,54.502,0.021563
178.1,0.013234,113.74,105.89,0.020763
164.77,0.016808,8.0925,154.7,0.0048409
81.536,0.020145,189.77,10.103,0.013576
53.275,0.0039498,155.73,75.724,0.013149
177.35,0.015664,-17.906,99.183,0.010025
100.75,0.0083914,238.44,135.2,0.014172
120.47,0.013196,177.26,64.112,0.018586
193.21,0.012121,101.99,50.061,0.026564
162.62,0.0078515,104.83,-37.062,0.020801
96.651,0.0099859,99.396,49.871,0.0075885
42.559,0.0081476,173.53,111.1,0.0095476
171.74,0.0037965,56.819,36.232,0.016184
67.441,0.0087857,215.1,71.452,0.023656
148.25,0.018157,148.75,105.67,0.02535
198.79,-4.4068e-05,240.9,13.561,0.020842
231.89,0.016711,184.26,102.62,0.01761
23.612,0.011797,132.05,105.5,-0.0015462
110.9,0.011535,22.275,80.817,0.015471
101.51,0.0092122,188.1,160.64,0.018078
189.84,0.019421,269.86,125.78,0.026495
55.52,0.015458,156.32,60.382,-0.0074794
84.075,0.010236,287.06,56.762,0.02175
217.83,0.016684,-25.18,55.519,0.020923
169.36,0.01361,84.435,96.115,0.012859
101.94,0.013825,88.583,100.3,0.00099977
161.22,0.020111,167.46,51.983,0.016454
113.52,0.017302,181.57,173.55,0.012077
102.02,0.0095308,141.52,108.28,0.03023
162.79,0.015541,209.93,170.1,0.011991
176.51,0.0068383,82.443,124.66,0.015166
208.64,0.010234,128.79,46.978,0.019348
50.942,0.02147,39.982,9.6034,0.0090283
33.36,0.010162,180.7,82.227,0.029235
95.206,0.024259,93.385,125.99,0.011895
161.13,0.01323,-29.902,149.06,0.011127
247.04,0.019847,151.71,97.604,0.035776
101.17,0.01333,99.547,31.27,0.021213
152.5,0.018919,231.07,114.49,0.013064
180.87,0.015048,182.48,94.045,0.032553
164.72,0.011074,165.02,64.678,0.019088
223.28,0.0039812,160.17,84.078,0.022452
233.65,0.011903,112.25,64.521,0.030331
250.36,-0.0055753,101.51,73.013,0.010261
