187.8,0.007839,131.81,66.427,0.015776
110.49,0.015679,157.12,114.68,0.011802
143.16,0.0040052,104.63,109.5,0.0053431
142.46,0.0041095,191.07,3.4544,0.0095338
148.22,0.011773,117.88,76.464,0.020011
126.43,0.0079223,166.81,124.15,0.0084089
83.583,0.020434,107.91,89.626,0.017553
130.63,0.012124,176.35,-34.985,0.015739
120.53,0.009668,128.87,4.8584,0.021523
75.275,0.019217,155.05,107.79,0.019265
146.26,0.013586,103.94,107.54,0.009813
142.15,0.016612,25.661,162.41,0.026086
145.81,0.018635,75.913,133.61,0.01848
120.73,0.023713,79.593,174.61,0.021831
79.993,0.027731,114.31,108.44,0.020534
159.11,0.018028,93.847,126.39,0.021686
61.419,0.041521,147.17,130.27,0.028857
110.86,0.037176,96.442,133.37,0.037188
109.43,0.028702,71.803,129.93,0.041342
90.376,0.037888,114.24,77.168,0.042435
77.284,0.03812,54.378,94.218,0.04257
120.14,0.05424,80.702,167.93,0.054423
105.7,0.051727,45.422,172.54,0.060055
6.615,0.059279,54.973,180.92,0.06775
144.56,0.068363,77.121,95.32,0.066566
128.32,0.060892,49.54,204.15,0.07339
61.462,0.069565,23.243,171.49,0.074077
81.004,0.080378,50.905,187.39,0.088163
61.015,0.086164,50.359,173.1,0.091852
0.2455,0.094236,-10.797,168.96,0.095011
114.32,0.093786,57.373,194.96,0.10063
-13.799,0.10851,52.187,161.04,0.10019
29.133,0.091467,-19.784,171.71,0.11063
10.701,0.10183,-42.531,202.93,0.11586
5.9488,0.10871,29.836,192.86,0.11119
103.09,0.1094,26.83,181.23,0.11518
53.85,0.11095,35.108,203.75,0.10545
18.255,0.11893,-1.8013,241.33,0.10776
40.954,0.11175,47.905,200.46,0.11286
63.506,0.099928,-39.399,185.68,0.10772
45.569,0.1155,62.634,177.28,0.10441
5.1852,0.11506,36.912,206.16,0.117
12.173,0.12375,-25.257,159.77,0.10166
82.394,0.11532,28.642,146.26,0.10688
49.56,0.12042,13.355,195.69,0.12227
117.14,0.11113,-9.7001,235.99,0.12165
39.731,0.12713,-29.906,233.99,0.10911
-9.4514,0.11278,2.0696,160.76,0.11604
66.248,0.12359,-5.5008,241.1,0.11357
-32.633,0.12268,66.807,223.24,0.11784
52.067,0.12844,28.565,267.3,0.11844
68.267,0.11437,84.373,166.22,0.11084
17.852,0.13978,36.386,168.86,0.11898
53.749,0.13304,-15.929,230.31,0.1211
39.052,0.14247,32.589,187.45,0.12544
-48.628,0.1325,-44.182,260.53,0.124
16.372,0.13859,13.789,191.4,0.13106
22.79,0.15052,-44.593,252.11,0.13117
64.88,0.1502,25.16,181.37,0.13616
-2.927,0.15316,3.6788,213.15,0.13254
0.09384,0.15736,35.2,258.19,0.1322
-1.8969,0.16435,18.977,235.71,0.14177
-9.6552,0.16812,-22.885,266.6,0.14863
-18.249,0.16444,-12.735,251.72,0.14817
-14.35,0.17328,-50.51,208.48,0.14447
-52.87,0.19546,26.253,245.97,0.15977
-61.484,0.19109,47.878,318.12,0.15795
29.37,0.18845,58.381,275.89,0.15465
-41.497,0.18494,-30.453,262.35,0.15409
27.576,0.19509,-12.787,245.78,0.15521
135.62,0.19356,4.2467,183.06,0.15709
-36.062,0.19519,4.2373,263.91,0.1569
-12.834,0.18538,-53.944,148.75,0.1633
28.511,0.19629,64.017,232.97,0.15243
32.438,0.1922,13.225,313.04,0.16363
-23.838,0.19724,-4.1559,248.16,0.17145
-53.804,0.18245,34.665,221.62,0.1628
41.568,0.19151,-35.323,246.85,0.16304
42.741,0.19533,55.436,232.75,0.16701
18.379,0.20255,20.607,260.12,0.17338
25.139,0.18724,2.5845,267.46,0.16861
23.858,0.21056,-14.357,227.24,0.16707
-29.962,0.19736,-15.951,175.13,0.16397
-23.531,0.19423,-40.134,279.99,0.16386
76.832,0.19261,-8.6194,250.96,0.1658
5.8985,0.20933,-53.223,197.37,0.16604
14.978,0.19567,9.5839,230.08,0.16673
29.525,0.19533,50.293,236.05,0.16764
-37.457,0.19956,23.306,248.97,0.17518
-16.893,0.20365,-59.323,237.83,0.16823
-70.597,0.1914,11.013,302.05,0.16224
-58.834,0.1947,-17.248,227.59,0.17247
28.297,0.19142,-37.915,255.72,0.16694
-5.9831,0.20286,-32.764,189.37,0.17151
40.993,0.19294,12.466,211.39,0.17051
-5.4646,0.19504,-16.585,232.43,0.17355
-2.7244,0.19809,-36.6,294.43,0.15649
63.4,0.19254,-5.9993,273.3,0.16873
21.538,0.20352,-12.875,329.05,0.16828
43.378,0.21049,-13.097,250.84,0.16272
48.401,0.1783,60.783,280.07,0.16362
-5.8487,0.20308,4.3003,247.51,0.17104
4.9131,0.19906,-2.6863,215.91,0.17175
18.716,0.20844,-35.791,216.17,0.16474
8.9643,0.20581,-10.579,232.47,0.1664
-45.394,0.19337,-31.16,252.03,0.17134
-43.955,0.20775,-13.23,276.32,0.17429
4.5982,0.20205,58.412,237.59,0.16995
-47.926,0.19511,-24.072,306.92,0.17404
-2.9749,0.21226,23.91,242.88,0.16252
-11.028,0.20791,-77.447,252.03,0.17533
-0.0064535,0.20906,-11.527,284.17,0.17966
-0.13895,0.21947,-13.951,304.54,0.17111
0.36538,0.21734,43.388,250.46,0.18224
-8.784,0.20655,-12.934,284.84,0.17358
-25.931,0.21541,1.263,219.17,0.17242
46.227,0.21523,-26.831,268.74,0.17897
-8.3368,0.22234,-13.104,255.66,0.17189
-1.4189,0.23994,-2.5469,193.45,0.1794
39.185,0.22703,-32.599,232.19,0.18648
-36.088,0.22806,-18.864,306.75,0.18176
-14.009,0.23709,-0.13944,248.85,0.1748
43.852,0.22503,13.937,277.19,0.18655
56.262,0.24941,-15.691,257.48,0.18403
-47.156,0.25274,15.571,205.59,0.18654
47.858,0.26951,-24.574,306.3,0.19072
16.624,0.26848,-0.56953,355.79,0.19536
18.043,0.28064,2.7496,183.28,0.19752
26.835,0.27973,30.529,263.54,0.1956
73.884,0.27952,-28.684,90.103,0.1913
39.975,0.29754,-31.937,157.18,0.19985
52.952,0.28349,-11.708,51.855,0.17441
83.223,0.27065,1.0326,50.378,0.18478
26.098,0.2961,17.699,51.59,0.17917
93.935,0.28871,49.76,15.772,0.17855
17.284,0.28192,48.305,2.239,0.16994
-59.679,0.27066,-11.109,47.964,0.15607
42.142,0.27011,48.084,42.149,0.15741
51.483,0.26032,38.016,44.825,0.15537
24.692,0.2438,15.08,1.9514,0.14722
-53.671,0.23486,-64.262,-4.2718,0.13491
104.84,0.22611,52.114,56.36,0.13006
65.037,0.21994,1.978,42.376,0.11568
17.27,0.21349,-0.6472,9.8646,0.11262
7.3143,0.20851,-2.0419,124.02,0.10573
99.315,0.19659,21.579,77.155,0.098319
39.253,0.18146,3.3269,108.13,0.086198
-15.972,0.17107,31.815,58.431,0.092335
30.367,0.17991,98.491,9.9765,0.075192
3.8201,0.16747,1.8329,40.555,0.073341
14.5,0.15487,-23.612,99.508,0.072442
47.903,0.15695,61.168,60.652,0.0679
59.108,0.14753,-26.664,58.612,0.054754
1.4035,0.14771,-25.347,41.455,0.06851
5.1684,0.13998,31.935,11.827,0.047828
16.328,0.15282,-8.8274,57.506,0.060682
-15.243,0.13905,-21.365,7.5407,0.066211
6.0252,0.13788,-3.1429,-68.72,0.060201
21.151,0.1299,61.347,128.63,0.050707
47.686,0.12555,54.372,26.129,0.046217
-5.9182,0.1344,24.387,40.023,0.058152
69.661,0.11994,39.59,58.939,0.049257
60.321,0.11492,8.4625,13.203,0.043344
36.272,0.13161,16.668,26.909,0.044664
56.858,0.12764,42.87,81.592,0.041244
40.312,0.1231,70.498,50.882,0.044134
40.794,0.1067,21.553,-5.2024,0.043919
-2.1398,0.11137,21.831,36.364,0.038035
48.707,0.11007,54.214,-48.686,0.040778
10.961,0.099757,-32.25,34.969,0.026926
55.473,0.094556,108.52,73.301,0.026864
8.358,0.081338,61.017,33.796,0.027109
16.319,0.079434,90.468,37,0.020329
27.11,0.061694,35.545,8.4512,0.019762
11.002,0.076485,52.382,34.543,0.026314
49.619,0.060278,30.743,42.973,0.0090928
-37.719,0.063671,22.121,12.557,0.017475
90.211,0.055482,13.1,15.28,0.013269
36.563,0.044663,48.839,72.889,0.0073908
51.167,0.039981,34.293,-10.972,0.016521
22.53,0.043497,44.704,16.774,0.0018712
39.532,0.033694,29.617,46.408,0.01176
79.871,0.033078,17.211,55.981,0.0056947
52.705,0.034658,31.16,-2.9918,0.0046881
62.389,0.027926,82.781,88.337,0.0026661
50.751,0.0057499,42.856,70.996,0.0017285
60.53,0.01775,16.56,-1.7943,-0.00096726
-12.024,0.039254,32.705,52.824,7.3916e-06
41.231,0.023497,89.211,51.573,-0.0017143
16.505,0.017765,41.994,54.585,-0.0083509
32.475,0.014567,13.528,65.25,0.0025192
60.356,0.023328,43.667,7.248,-0.002651
25.23,0.0087521,13.279,-15.253,-0.0013925
43.515,0.0090359,98.448,32.28,0.0023767
52.089,0.0094961,64.632,72.059,0.0042683
35.328,0.0037262,2.4922,23.367,-0.0023132
20.343,0.017305,67.096,54.95,0.012923
31.337,0.0063534,35.369,88.565,0.0030922
24.564,0.016719,72.096,101.88,-0.0026569
3.9716,0.0083013,-13.156,-13.401,-0.0023799
12.714,-0.0044069,50.2,90.776,-0.0066198
21.594,0.0016265,78.973,54.14,0.0015811
80.447,0.0092251,75.835,-0.075345,0.0016709
35.187,0.012667,13.004,111.5,-0.0018615
5.0543,0.00055219,65.888,62.658,0.003754
38.541,0.010036,115.17,-11.597,-0.0062692
21.487,0.016068,35.874,55.118,4.9049e-05
70.547,0.026367,53.881,49.09,-0.0017209
5.5937,0.0039521,60.895,59.4,0.0012922
43.162,0.0067489,47.652,6.6673,-0.00043821
36.288,-0.0025931,-1.2633,83.231,0.0030737
54.971,0.0027835,1.1123,42.621,-0.0022223
60.204,0.012188,12.888,94.225,0.00080847
65.012,-0.0091877,20.008,7.4518,0.0048428
83.634,0.0033124,4.1118,103.14,-0.0041334
62.041,0.014799,48.64,46.649,-0.0056956
1.7151,0.0070923,7.5827,64.501,-0.0011024
61.535,0.0019872,80.337,2.5068,-0.0043079
73.197,0.01681,31.009,78.747,0.0061284
9.6303,0.0015957,20.345,69.309,-0.0010459
43.93,-0.0043381,124.34,10.12,0.0044339
26.894,0.009321,3.3146,25.149,0.0019813
46.335,-0.0082075,139.88,11.543,-0.0077874
110.03,-0.0052239,103.68,90.589,0.0059022
103.99,-0.0011128,55.758,102.44,-0.0057048
52.56,0.012657,72.031,124.53,0.0052739
45.871,-0.0017936,103.06,33.588,0.00042765
30.966,-0.004834,129.89,88.601,0.0030257
85.884,-0.0042478,50.515,81.449,0.0042123
12.476,0.0035835,-1.1442,39.673,0.0055054
57.478,-0.00026021,70.254,64.535,0.0020452
107.09,0.0024528,35.714,97.784,-0.001967
41.082,-0.010838,66.095,45.983,-0.0046204
33.307,0.0022167,50.155,42.723,0.0019376
71.436,-0.00070164,-3.7275,27.407,-0.0025336
30.258,0.011152,86.03,84.939,-0.00042726
56.134,-0.0039633,44.398,58.097,-0.0045533
45.391,0.011336,9.0388,18.271,0.003315
38.615,-0.0020714,-4.326,-7.5389,0.0023075
68.719,-0.0022829,59.085,17.659,0.00050534
16.98,-0.0037684,95.793,43.864,0.0056964
88.535,-0.00023191,63.402,12.433,0.0086208
60.995,0.0080447,41.672,87.247,0.0042525
10.443,0.0033948,16.374,5.0539,-0.0022554
17.828,-0.0034706,36.49,72.696,0.00083214
31.604,0.0092948,-4.7289,61.627,-0.0012301
58.205,-0.0048541,69.424,14.493,-0.00026202
88.585,0.014279,44.522,74.953,0.0019817
97.564,-0.0028664,110.09,46.998,0.0025452
70.221,-0.001962,36.634,-0.83253,-0.0029473
85.474,0.010659,55.53,62.384,-0.001202
4.6907,-0.0012718,71.146,47.708,-0.0086439
70.56,0.00021186,98.758,1.3169,0.0024237
73.092,-0.0012742,83.943,48.884,-0.0021556
-4.9447,0.00049552,29.316,35.044,0.012324
43.331,0.0051135,23.618,22.715,-0.00987
67.362,-0.0082698,77.925,28.26,0.003239
59.101,-0.0089282,117.05,15.151,-0.00079159
61.054,-0.009267,82.901,60.03,-0.0016454
21.715,0.0086129,42.822,70.132,-0.006478
8.1258,0.0021813,81.046,98.926,0.00067328
63.537,-0.00082474,56.961,55.84,-0.0064996
54.151,0.0021552,9.8115,92.421,0.0032085
78.991,-0.010209,137.68,125.21,0.00069282
96.686,-0.0021134,32.156,74.243,0.0025595
52.588,-0.0085357,61.706,59.435,-0.00074686
29.525,-0.0015279,100.6,70.748,0.00056683
98.578,-0.0014426,27.663,33.474,-0.0056745
101.2,-0.0038875,-20.42,30.846,0.0039699
52.737,0.0066495,20.418,31.074,-0.00047079
69.459,0.0036885,33.983,102.57,-0.0035074
69.194,0.0029751,79.598,32.487,0.0023682
72.828,-0.0050841,95.769,73.266,0.0051537
5.9008,0.00094737,122.66,85.968,0.00026732
88.802,0.0041137,43.895,102.36,0.00065181
44.188,0.0054303,114.89,75.704,-0.0020084
83.767,-0.002967,85.642,125.97,0.0014134
31.037,-0.0050006,87.114,61.96,0.0018785
80.726,0.0023631,101.75,41.635,0.0075157
53.25,0.0051404,47.192,41.185,0.00329
48.407,0.0015148,-30.343,73.076,0.001763
69.566,-0.0018047,71.284,18.834,-0.0062771
46.958,0.0028546,36.738,0.095801,0.001181
36.764,-0.0021715,49.56,18.887,-0.0079331
91.552,0.0018941,57.6,71.282,0.0049116
49.633,0.0067856,14.419,35.309,-0.0044711
73.411,0.00083486,72.036,30.032,0.0011727
90.801,-0.0065415,23.236,28.719,-0.0046491
82.818,-0.0014506,77.097,-2.0927,0.003518
37.429,0.0038943,75.487,114.56,0.0029167
88.132,-0.0044956,62.21,70.286,-0.0016117
94.43,0.00219,47.226,62.655,0.0046631
18.265,0.0089249,92.221,52.235,0.0045749
-15.886,0.00090596,55.255,47.752,-0.00017986
100.36,0.0058968,69.691,21.658,-0.003992
39.326,-0.0074601,76.452,31.318,0.007515
141.31,-0.0027415,65.534,80.329,0.0025539
34.32,0.014801,103.29,42.969,-0.0059345
59.262,-0.0011001,73.632,64.255,0.00331
112.14,0.001019,62.971,50.403,-0.0046661
51.26,0.010409,35.444,61.125,-0.0037813
20.244,-0.0034002,94.988,64.355,-0.00044336
47.123,-0.0020293,32.35,61.553,-0.0011544
44.617,-0.013521,40.533,30.325,-0.0030549
83.144,-0.0079054,47.345,93.231,-0.0075627
62.707,0.024003,90.681,74.61,-0.005614
121.51,0.0023462,88.148,60.886,-0.0057314
58.377,-0.0051444,120.91,42.173,-0.0013669
78.684,0.0026822,-21.416,153.92,-0.0019977
26.961,0.011691,21.931,68.713,-0.0029389
74.258,0.0086205,67.226,47.908,0.00183
68.552,0.0090286,59.679,30.376,0.0051452
45.368,0.013866,41.534,30.471,0.0061199
43.519,0.00044801,88.316,68.91,0.0057256
96.74,-0.0018614,95.465,132.17,-0.0015723
23.992,0.010289,128.58,28.296,-0.0052042
46.703,0.0015295,50.124,54.549,-0.0022011
55.382,0.00023148,40.147,58.596,0.00052899
88.566,-0.0044126,53.111,82.395,-0.0068794
82.587,0.011256,84.975,0.74958,-0.0034486
52.255,0.0032666,39.951,92.987,0.010658
92.837,-0.012983,29.842,35.942,-0.0029229
67.919,0.0026618,52.633,89.25,-0.00012165
51.641,0.004708,19.47,43.853,-0.0089298
54.29,0.002587,32.372,68.376,-0.00030649
20.676,0.0035233,77.279,52.343,0.00031817
38.117,-0.011197,72.532,15.183,-0.00031625
52.913,0.0062726,52.026,70.787,0.0038565
80.788,0.0077647,64.359,39.392,-0.0018117
51.131,0.0023348,48.751,23.548,-0.003249
60.972,-0.010459,27.024,89.829,-0.00028499
23.551,-0.0081238,33.572,21.155,-0.0068767
98.468,-0.0079391,118.3,7.2655,0.00047237
42.034,-0.0044785,27.237,56.553,0.0070048
77.925,-0.006351,89.785,53.169,-0.003117
27.051,-0.0013789,60.238,45.111,0.0023544
4.5187,-0.0016614,106.3,56.44,0.0069165
95.359,0.00049003,125.21,27.869,-0.0050014
98.501,0.0090848,64.259,89.505,-0.0053595
79.662,0.0012243,76.622,30.963,-0.0018406
60.654,0.0035415,99.671,55.536,0.0065098
114.6,0.0066273,22.693,87.786,-0.0013373
17.043,0.011799,86.479,121.96,0.00026734
78.014,0.008657,68.946,64.794,-0.006151
11.143,0.0048573,120.7,64.356,0.0061561
70.613,-0.0095182,52.789,15.876,0.0054501
73.101,0.0058317,92.105,108.94,-0.0026336
43.492,0.00076007,119.53,49.065,0.0040457
18.859,0.0093498,99.642,53.143,0.0014466
48.947,0.0055533,112.69,36.74,-0.0033027
80.456,-0.00234,91.28,80.288,0.0012243
12.876,0.0065781,85.755,41.372,-0.0091646
53.826,0.0045319,53.538,94.258,0.0027963
65.469,-0.013937,22.423,74.314,-0.0023516
36.54,0.0049272,52.146,90.012,0.0031526
55.489,-0.0011674,56.934,45.669,-0.00059784
136.03,-0.0047814,63.473,43.885,0.0092434
127.39,-0.012663,-27.333,76.408,0.003442
112.57,-0.0045416,122.82,68.377,-0.0016574
23.988,-0.0022668,62.525,139.55,-0.00015526
72.023,-0.0067487,88.416,34.575,-0.0016786
17.395,0.00046779,103.18,129.52,0.00012958
45.337,0.0038361,96.825,81.66,3.3036e-05
70.556,-0.0097311,88.168,-22.771,5.2234e-05
35.273,-0.00058821,-0.88729,44.727,0.00025236
58.188,0.0048721,55.394,42.594,-0.0051635
48.58,0.002656,64.521,69.311,-0.0011909
27.816,-0.012623,51.915,54.89,-0.00050506
8.9888,-0.0075227,27.417,145.05,0.0020091
34.14,-0.0044124,21.869,102.92,0.00025848
62.863,0.00026239,84.852,67.049,-0.0063009
59.596,0.0037456,39.819,32.84,-0.000271
135.54,-0.0031613,61.97,122.57,0.0015859
49.86,-0.013421,-7.4551,103.35,0.0043584
27.66,-0.0051753,106.65,-41.516,0.0048038
6.6926,0.011185,83.229,114.3,0.00097067
41.212,-0.0042843,65.094,58.066,-0.0049965
80.347,-0.0092217,71.071,81.481,-0.00021641
25.417,-0.0031467,48.004,31.468,0.0075176
66.889,0.0014093,67.993,44.819,0.0097685
140.53,0.0094471,49.887,65.301,0.003135
62.064,0.0055849,118.64,42.453,0.0022665
61.104,0.0052781,63.962,100.9,-0.0010127
77.756,0.0023374,74.526,130.23,-0.0035396
56.54,0.0096783,77.895,100.53,0.0040609
120.89,-0.0055488,71.117,71.806,-0.0018227
15.651,-0.0092288,77.884,-7.067,-0.0028591
72.952,-0.00060231,86.216,40.455,-0.0010564
-14.98,0.0091711,17.217,88.369,0.0003992
132.2,0.0074969,76.614,29.564,-0.0039912
93.825,-0.0055907,93.291,53.7,0.006484
46.532,0.0041232,79.083,12.638,0.0014073
57.502,0.00064787,87.207,55.25,0.0074097
81.468,0.0033678,67.33,59.537,-0.0059259
100.14,0.0038473,12.028,21.77,-0.0047665
28.767,0.002542,42.418,61.66,-0.0065369
64.187,0.0012273,86.559,99.126,0.007766
99.955,0.0024998,73.262,36.235,0.0098843
69.336,0.0017694,5.5993,75.122,0.0026966
120.64,0.0023015,116.68,133.74,-0.00017993
8.4806,0.0030884,72.176,31.581,0.005028
58.263,-0.0060153,76.511,60.535,0.0040252
61.019,0.0071905,52.227,50.191,0.0025402
94.202,0.0016017,100.38,66.383,-0.012211
141.88,-0.0082029,31.875,83.991,0.00060688
15.045,-0.0049106,23.11,16.323,0.0013809
59.009,-0.0004475,6.4446,6.8817,-0.002069
45.868,0.0012596,51.456,167.19,0.0018766
53.484,0.0013685,9.6122,44.214,0.0026992
103.89,0.010787,127.5,38.798,0.00015219
91.846,-0.0085457,106.01,34.555,-0.0072583
78.406,0.0056605,-17.446,68.381,0.0041092
63.501,-8.9414e-05,15.318,40.953,0.0052198
40.149,0.0049137,106.71,105.99,-0.0014853
116.58,-0.007367,55.604,51.47,0.0020713
97.938,0.010169,32.764,47.837,-0.00011272
63.524,0.0052063,115.26,36.499,0.001533
85.401,0.00065888,95.729,65.601,0.00076895
18.802,0.0066241,49.043,77.829,0.0054794
53.89,-0.0045637,75.863,34.264,-0.0060019
32.677,0.00026971,54.738,67.31,-0.004266
73.593,0.0036472,-0.1835,28.623,-0.012234
123.43,0.0076437,45.307,81.954,0.00072323
25.61,0.014212,93.429,58.736,-0.0051157
133.87,0.0024233,51.851,60.941,0.00082201
130.43,0.006387,56.969,141.4,0.00082759
104.5,0.0023484,66.002,72.701,-0.0020821
32.254,0.0014023,78.473,114.88,0.004867
74.777,-0.0055942,75.372,82.711,0.001057
62.138,-0.0027147,93.545,58.469,-0.0029553
67.67,-0.010454,79.556,32.595,0.0013744
70.528,-0.0013786,51.482,49.384,-0.0056825
33.172,0.012664,102.37,18.611,-0.00045487
33.466,0.0013888,53.39,126.93,0.002854
26.818,0.0049107,75.355,29.767,-0.00082676
71.471,0.0014856,61.32,60.714,0.0017807
74.23,0.0064846,70.128,73.668,0.00035747
105.45,-0.00363,75.59,60.55,0.0042564
90.944,-0.00029717,104.04,57.557,-0.0084862
88.084,-0.003813,26.578,64.634,-0.0025528
52.385,0.0008309,105.72,65.891,0.0029124
52.873,-0.0093434,18.293,50.968,0.00061791
63.165,0.0052777,60.846,24.925,-0.005772
77.981,0.0078624,74.95,65.078,0.005437
118.04,0.001245,77.683,96.452,-0.00056216
66.312,-0.0066654,73.514,30.859,0.0026223
77.485,0.0031527,45.6,31.697,0.002881
61.245,-0.0060893,79.588,83.551,0.0025165
70.522,-0.0041375,112.88,42.54,0.0055105
66.251,0.010193,42.47,57.026,-0.00074598
43.177,0.0041769,62.156,58.734,0.012833
67.463,-0.0016891,-1.7709,55.519,-0.0043148
40.791,0.0093612,144.24,57.59,0.0043016
106.59,-0.0036844,60.554,-9.1812,0.0045677
112.9,0.00062582,86.379,51.716,-0.0027304
78.069,-0.0037764,57.51,58.912,0.0065491
43.644,0.0065372,100.46,21.702,0.0032796
44.434,-0.0048596,98.716,52.434,0.0054439
52.169,-0.0016884,72.428,90.795,0.0031217
97.66,-0.005862,43.543,92.877,-0.0019694
70.385,-0.0023547,98.804,38.271,-0.0013677
89.813,-0.0052981,25.901,23.872,0.0074764
93.941,-0.0040617,110.03,20.922,0.0033251
129.05,-0.0039502,66.466,69.093,-0.0079997
121.35,0.0085784,115.42,78.85,-0.00050954
84.376,0.0012468,25.403,50.122,-0.00053076
39.88,-0.0087908,65.248,155.69,0.0032476
59.868,0.0045772,88.558,132.3,0.0053295
79.134,0.0037386,98.489,-5.8466,-0.0039577
72.768,0.0039388,82.232,30.071,0.0013415
60.416,-0.0064964,74.781,105.42,0.0065823
110.24,0.0084535,4.7075,30.853,0.004111
47.754,-0.0095286,55.328,60.342,0.0024372
46.438,-0.0042949,15.523,91.686,0.0042015
83.364,0.0091057,11.85,55.971,0.0019912
98.476,-0.006433,83.327,80.655,0.00043878
27.111,-0.0028261,112.44,62.299,-0.0036688
67.423,-0.0046036,97.563,135.43,0.0026238
89.006,-0.0067883,43.868,53.09,0.0053413
114.34,-0.006757,90.381,41.314,0.0028492
-3.6286,0.0072224,0.37653,119.75,0.0077438
82.581,-0.018725,44.821,55.724,-0.0013178
53.545,-0.0027532,48.814,42.276,-0.0056555
77.734,-0.013887,14.959,109.95,0.0029809
29.071,0.0021342,110.45,50.511,0.0042615
34.772,0.0063461,8.9666,14.795,0.0037511
88.253,-0.0069372,53.226,65.168,0.0059778
16.024,-0.0037968,62.556,34.982,-0.00013816
98.125,0.0069532,90.008,105.65,-0.013738
43.246,-0.0010727,-3.442,38.05,-0.0032108
61.994,-0.0074359,38.591,114.73,0.0044162
65.259,0.0042973,89.361,83.946,-0.0056889
52.633,-0.00094802,63.108,53.051,-0.0047672
58.18,0.0024872,120.17,75.595,-0.0052095
47.273,-0.0046998,71.036,124.23,-0.0030081
65.17,-0.0017062,68.751,51.708,0.0028058
78.806,-0.0008682,123.76,105.65,0.0033597
61.634,-0.0029721,43.489,105.26,0.015256
49.074,-0.0042862,73.852,65.78,0.0021084
124.48,-0.005577,112.57,69.334,0.0078981
48.451,0.0052895,78.515,60.639,-0.0023097
77.705,0.0025706,84.149,29.439,-0.0069488
43.278,0.0031113,84.54,88.192,0.0011277
79.278,0.011007,78.977,9.7712,-0.0020332
122.74,0.0050372,94.323,47.856,0.0044945
117.91,0.017185,66.484,10.41,0.0041727
57.427,0.0088897,108.97,82.183,-0.0024389
88.823,0.0018435,71.8,84.468,-0.0025772
67.614,0.0080837,75.465,58.894,-0.0059835
112.69,-0.0027587,70.351,90.835,0.0027416
41.526,0.0023332,73.902,55.57,-0.011009
67.276,-0.004034,14.657,51.229,-0.0017848
32.039,-0.0076083,55.867,44.913,-0.0012584
95.276,-0.00096637,68.549,50.895,-0.00086093
121.01,-0.0030635,66.432,64.339,-0.0035093
-41.875,-0.0043183,28.098,53.924,0.00082387
36.774,0.0070191,98.309,73.613,-0.00040519
62.687,-0.0035706,65.16,33.076,0.00094827
60.322,-0.0080685,68.17,76.314,0.001577
24.629,-0.0054008,50.111,90.481,-0.0042386
69.361,-0.012592,92.748,29.323,-0.0073744
26.717,-0.0059775,86.279,67.789,0.0021603
64.155,-0.0092301,57.857,22.864,-0.0021258
75.291,-0.0010462,103.69,52.597,-0.0022179
44.264,0.006626,42.702,6.0004,0.0027701
33.352,-0.0029618,27.008,104.22,0.0030574
-2.0324,0.0026867,85.778,50.241,0.0003823
84.581,0.0012332,76.603,64.717,0.0012571
40.573,-0.0036961,104.85,37.202,0.0068404
56.884,0.0068658,155.42,36.421,-0.0010561
54.88,-0.017672,31.233,78.753,-0.0025953
52.522,0.0017973,95.852,49.15,-0.010353
114.41,-0.0019625,94.062,27.379,0.0056831
83.262,0.0010896,85.732,43.766,0.0036206
89.164,-0.0072828,84.446,38.064,0.00613
156.89,-0.0056867,23.531,88.016,0.00057534
42.037,0.017125,21.072,54.142,-0.0024964
122.24,-0.00099661,5.419,31.88,0.0032388
46.264,0.0053257,46.094,43.524,0.0038391
85.871,-0.0021691,71.632,88.837,-0.0049589
32.692,0.00092916,76.466,63.146,0.0014685
85.081,0.0049383,61.24,96.12,-0.0024063
85.902,-0.0070764,28.396,89.1,0.0064465
79.267,0.0037302,113.43,41.126,0.0048368
94.17,-0.016909,69.845,29.323,-0.00585
87.619,-0.0065732,54.986,62.934,0.0034064
83.154,-0.0064761,71.048,59.475,0.0025304
106.68,0.00067107,57.764,63.859,0.0049415
104,0.007362,-18.244,75.06,-0.00051753
93.442,0.0097752,92.619,0.95434,-0.00035589
1.248,0.011443,33.942,86.724,0.0052452
67.328,0.008355,48.651,39.745,0.00024914
92.558,0.010951,109.01,42.29,-0.0024467
116.39,0.0005625,14.716,123.36,-0.0011188
31.512,-0.014763,124.42,90.308,0.0036209
76.592,0.010055,122.48,85.926,0.003451
81.787,-0.0033366,86.757,-1.8746,0.00074679
99.464,-0.0036852,88.264,33.819,-0.0048757
43.78,0.0076305,0.016391,111.86,-0.0066464
82.753,-0.00044639,91.008,98.616,-0.0009202
47.148,-5.4498e-05,55.584,43.262,-0.0025007
115.02,-0.002957,46.226,26.088,-0.00088297
69.589,0.004682,100.18,33.25,-0.002474
62.629,0.0051546,41.656,51.453,0.0049308
13.858,-0.0041569,75.176,61.711,0.0026334
29.279,0.005964,66.794,33.084,0.010294
57.803,0.01309,67.303,69.52,-0.0079663
90.943,-0.002065,139.82,117.33,-0.00071359
80.708,-0.019179,30.787,134.21,-0.0019328
85.154,-0.016432,117.08,81.105,-0.0040097
6.39,-0.0098236,11.544,47.642,0.00070516
43.664,-0.0037843,84.948,45.207,-0.0035139
44.953,-0.0017345,74.715,-14.278,-0.0045433
127.35,-0.0055179,46.284,45.947,-0.00099523
-32.47,-0.0026921,63.195,124.09,0.0054063
85.096,0.0044207,60.211,59.087,-0.00053625
-13.174,0.0049975,32.727,3.6695,0.009933
120.63,0.0025539,111.3,99.03,0.0019883
105.55,0.013234,90.379,28.111,-0.0059661
94.186,0.0054509,78.154,1.2734,-0.011063
97.628,0.012361,84.857,-4.5765,0.0081741
93.918,0.007381,60.769,109.95,0.0011846
74.674,0.0083789,115.94,83.839,0.0024071
90.56,-0.010776,85.52,103.39,0.00011109
71.769,0.001535,125.14,89.161,-0.00189
69.727,0.01203,105.82,110.57,0.002329
40.94,0.0031409,44.501,62.848,0.0042167
62.416,-0.0043541,143.74,68.713,-0.0017764
43.055,0.013921,101.62,79.679,-0.0037595
85.167,-0.0034145,69.397,95.678,-0.001258
38.765,-0.0063619,98.271,36.555,0.0031241
122.29,0.0024497,45.264,14.976,0.00014455
83.547,0.0029929,110.34,55.23,-0.0036154
91.412,0.0018952,73.812,53.36,0.0028542
114.71,0.0059064,87.58,122.68,0.0012413
42.833,-0.010051,55.242,53.822,-0.0019608
70.912,-0.0054975,100.18,45.031,0.012465
67.911,-0.001396,115.79,60.774,-0.0068331
103.61,0.0040703,16.112,71.984,0.0091773
75.159,0.0069484,92.521,55.732,0.0029599
33.475,0.0043947,43.792,79.57,-0.0059325
20.199,-0.009952,116.31,60.724,-0.006164
109.83,-0.0018779,72.489,27.932,0.00042288
100.6,0.012757,72.462,88.746,0.01237
-14.823,0.0018789,46.2,82.577,-0.00071356
103.85,-0.0027644,13.447,-2.6258,0.00097044
62.84,-0.010922,91.609,38.105,-0.00012661
77.792,0.0012407,78.257,78.597,0.0013598
103.7,-0.0089522,63.983,49.922,-0.0027261
40.003,-0.0046004,117.58,83.802,0.0059539
51.602,-0.0059775,88.431,36.453,-0.00048553
74.052,-0.0088378,68.703,71.822,0.01147
115.74,0.0011775,71.481,79.045,0.003943
51.456,-0.0075749,106.63,94.714,-0.0037224
88.128,0.0038826,144.9,34.213,0.00075024
69.658,0.0017767,34.452,64.925,-0.004313
64.079,0.0089237,53.047,51.583,0.00091208
29.71,0.00087759,90.307,47.061,-0.0014894
93.201,0.0039672,76.93,97.39,0.0042508
53.222,-0.0097362,78.114,105.14,0.011986
77.908,0.0027715,34.842,86.831,-0.0087894
110.71,0.0016487,53.472,81.936,0.0069644
64.867,0.011899,84.757,112.58,0.010776
103.1,-0.005149,82.013,73.134,-0.00057729
90.643,-0.0086234,81.471,80.852,0.00019703
45.011,0.0022227,92.079,108.74,0.010201
88.809,0.0078528,50.195,118.38,0.0088891
53.116,-0.001355,128.26,98.974,-0.0024964
64.242,0.0036349,128.15,34.845,0.010026
124.95,0.005675,92.714,55.222,-0.0035936
32.312,0.0066494,82.332,83.532,-0.0031612
94.034,-0.0062047,66.984,124.16,-0.0045377
65.95,-0.013964,90.27,64.845,0.0003795
53.407,-0.0027173,41.741,-7.5193,0.008716
51.694,-0.0060911,121.54,118.22,0.0032611
129.17,0.0038214,33.395,22.687,-0.010828
79.806,0.0099429,35.31,92.134,-0.0034997
28.76,-0.017834,29.731,79.93,-0.0049385
81.54,0.00070819,2.8934,47.714,0.0029397
50.889,0.012375,60.59,78.902,0.0002093
77.619,0.013029,80.582,37.348,-0.002457
68.667,0.0047554,101.42,57.921,-0.0012187
38.13,-0.0094806,70.553,123.24,-0.0023153
139.93,-0.0029178,50.654,68.464,-0.0027349
102.5,-0.007544,62.947,72.662,0.0069728
145.47,-0.0021696,37.852,34.373,-0.0022953
57.495,0.0045329,76.68,57.799,-0.0023491
31.642,-0.009636,19.215,82.54,-0.0015682
38.756,0.00043357,142.9,6.9649,0.0020646
-56.93,0.015584,50.851,47.647,-0.0010825
35.564,-0.0024206,51.913,28.277,0.0071585
81.323,0.0067069,78.981,38.06,-0.0029591
55.081,0.0092532,90.929,59.145,0.0018812
58.39,0.012006,103.28,25.357,0.0040045
72.426,0.0034712,82.253,30.18,0.0013791
14.936,-0.0091708,74.992,44.254,-0.0017352
58.164,0.0018945,92.659,128.87,0.011914
113.21,0.0039268,45.57,30.013,0.0034359
84.369,-0.0068209,84.873,44.963,-0.0024711
49.227,0.0053178,35.376,24.634,0.00628
104.7,-0.0077844,106.42,66.991,0.0051973
87.365,0.0084516,104.56,30.582,-0.015031
-8.6042,0.0073977,52.235,43.652,-0.00011641
120.88,-0.0037439,83.447,53.896,0.00090671
94.339,0.0058309,99.362,48.791,-0.0011831
83.629,-0.01954,67.001,12.279,0.0047142
66.707,0.0034191,68.865,38.236,-0.0037554
24.92,-0.001324,41.133,76.229,0.00017868
88.379,-0.014422,52.141,10.544,-0.0012953
94.914,0.0084105,50.239,78.598,0.0016123
90.871,-0.0062104,54.893,68.745,-0.010383
66.096,0.0055663,99.879,42.38,0.0037456
70.95,-0.0019937,65.759,129.33,-0.0099871
57.212,0.0032247,52.669,80.254,-0.00076347
59.274,-0.011783,73.03,114.38,0.0033614
101.69,0.0076814,70.107,52.902,-0.0082018
38.52,-0.0011841,115.31,71.862,0.0023035
111.91,-0.001714,66.22,47.199,0.0015202
81.194,-0.0039094,18.498,91.168,-0.009223
68.636,0.0035445,22.416,54.876,0.00041793
71.022,-0.0094784,80.678,54.694,-0.0020282
26.151,0.0058289,103.13,73.105,0.0066591
51.842,0.0040041,106.94,76.856,0.0035925
48.796,0.0051358,20.175,28.29,0.0020878
93.864,0.0094256,63.645,7.4701,-0.0031222
31.781,0.013805,87.15,66.258,0.0064569
98.997,0.0015942,74.749,45.743,0.0099338
62.238,0.0078723,78.907,19.992,0.001432
74.747,-0.0035061,88.742,-2.3675,-0.0086048
68.122,-0.007924,5.4303,74.14,0.0024326
24.069,7.9368e-05,63.236,144.68,-0.0071768
62.101,0.0044577,66.998,51.101,-0.0012675
9.8285,0.001402,82.112,27.737,0.00027967
112.9,0.00032715,54.543,68.727,0.0048342
43.241,1.5481e-05,73.119,54.247,-0.00473
66.926,0.0066424,59.389,45.345,-0.0032056
102.92,-0.0031957,108.88,88.092,0.003963
69.041,0.0021592,115.27,44.219,0.0025081
62.237,0.004281,76.511,88.926,-0.0064733
82.746,-0.0067194,43.769,76.617,0.00065738
81.733,0.0097319,77.782,87.057,0.0019332
50.121,0.011048,92.684,66.118,0.0029388
90.636,-0.014678,72.445,109.87,-0.0022586
69.039,0.0019211,139.99,58.926,-0.0082755
58.917,0.0077293,49.891,140.64,0.0047427
74.38,0.0030341,15.971,14.565,-0.00084699
45.442,-0.0065535,98.677,110.92,0.0050219
161.13,0.0035777,44.476,54.343,0.0012979
55.86,-0.010768,64.067,71.584,0.0034346
91.066,-0.0027866,53.609,82.626,-0.0019637
121.37,-0.010045,55.49,113.64,-0.0063403
88.96,0.0003251,46.994,35.542,0.0013997
73.61,-0.012943,85.862,85.903,-0.0027427
71.765,0.0078903,44.28,102.69,0.0050967
-2.7972,0.0033119,6.4979,62.42,-0.0093038
36.356,-0.00092279,71.665,77.399,0.004877
66.054,0.0025783,100.11,106.61,0.00092269
60.608,8.3658e-05,33.26,98.602,0.0045359
87.146,0.015459,82.361,93.003,-0.0042466
35.265,-0.00061448,73.055,-0.77005,-0.00051197
154.54,-0.0055605,86.101,65.982,-0.00084939
29.841,0.0038073,20.262,16.161,0.0048679
64.818,-0.0029315,103.86,58.014,-0.0022535
80.115,0.010187,117.27,110.58,-0.00043123
25.233,-0.0037131,49.828,83.586,-0.014285
68.052,-3.4958e-05,91.652,88.493,0.0023301
74.944,0.0017062,51.944,23.286,-0.0019106
55.709,-0.008785,88.039,45.853,-0.0020637
118.16,0.0047222,36.971,83.725,0.0028132
66.842,0.012986,27.449,58.432,8.4854e-05
56.577,0.00081653,71.48,30.004,0.0051865
59.729,0.010564,77.71,21.065,-0.0068423
108.51,0.0056325,117.54,54.628,-0.0065344
56.379,0.013954,103.04,118.78,0.005421
72.362,0.0020033,80.714,150.86,0.011935
60.766,0.0048626,34.578,50.11,0.0012192
78.278,0.0010879,89.131,47.912,-0.0096077
18.477,-0.005083,17.756,60.562,-0.0018534
15.411,-6.9812e-05,36.579,94.462,-0.0025389
93.646,-0.01928,72.017,61.861,-0.001177
108.6,0.0066084,76.687,126.97,-0.0049381
49.536,0.0011676,30.737,43.76,-0.0013037
56.455,-0.0029529,71.02,47.24,0.0001818
55.785,0.0014971,54.211,57.879,0.0041505
78.55,0.0024567,108.94,21.067,-0.0030252
120.88,-0.0052445,77.523,52.825,-0.0024392
113.61,-0.0051988,20.783,49.939,-0.0032134
55.472,-0.012219,52.597,98.337,-0.0045029
46.955,-0.0035835,26.183,8.2313,0.009977
66.979,-0.0038412,49.332,66.609,-0.00039663
118.56,-0.00088047,47.439,53.141,0.00098555
47.08,-0.011125,33.579,80.6,0.00058464
67.899,0.0025034,97.398,56.958,0.0042777
25.185,0.0071707,37.21,16.668,-0.005642
43.66,0.00094844,-0.072086,89.513,-0.0038462
43.164,0.011135,95.954,33.797,0.0072591
125.94,-0.0086484,58.348,118.23,0.0081119
9.5576,0.0031634,88.995,44.652,-0.0030732
-2.0136,0.0053134,116.27,104.9,-0.0068382
71.858,0.0053893,38.909,32.545,-0.0056004
102.5,0.00069238,32.381,17.902,0.0027473
40.876,0.010669,66.852,39.842,-0.0033554
127.68,0.014998,41.872,-1.3989,-0.00015178
65.191,-0.0086317,128.57,116.6,-0.0068999
120.6,-0.00048806,75.362,61.698,-0.00023833
110.15,0.00025693,12.338,59.362,-0.00081819
27.192,0.012311,126.92,53.878,0.001208
25.612,0.0071986,74.775,68.814,-0.0023711
22.171,-0.0052263,90.885,116.16,-0.0025495
28.694,-0.0053675,53.483,132.73,-0.0036331
77.962,-0.0035559,40.305,11.425,0.0012593
159.43,0.00069126,66.531,71.922,-0.0043705
53.151,0.007178,99.132,92.202,-0.0031321
82.708,-0.0043002,58.788,75.641,0.0045552
12.305,0.0070376,77.303,101.51,-0.0044758
73.968,-0.0037979,68.024,79.863,-0.0012378
71.065,-0.0043492,102.08,46.641,0.0011966
73.288,0.0040981,48.179,69.454,-0.007298
65.982,-1.4568e-05,50.382,19.704,0.0011407
21.449,-0.0020889,135.31,95.831,-0.0043842
94.183,0.011455,17.982,90.834,-0.00023451
58.154,0.0054908,76.244,69.831,0.0012951
113.61,-0.0087688,87.129,57.566,-0.0092235
153.24,-0.0014371,26.271,19.572,-0.0030266
95.876,0.007805,55.506,16.743,-0.002251
82.162,-0.0070109,33.941,-6.5193,0.0071073
80.872,-0.0087937,48.863,62.963,0.0028162
119.88,0.0056395,123.11,130.8,0.0087079
28.342,0.0037512,73.677,119.11,-0.0042894
34.879,-0.0068117,81.395,-10.209,-0.0033432
53.981,-0.0017017,61.496,51.557,-0.0062102
48.056,-0.0038935,76.325,72.403,0.0066247
72.42,-0.00272,113.59,22.168,0.0093423
106.04,-0.0024834,97.684,5.0933,-0.00046586
49.452,-0.0059163,34.62,66.432,-0.0037534
103.24,-0.0034437,42.625,83.346,-0.0016525
18.689,-0.0068651,58.298,88.595,-0.0043883
58.416,-0.00016925,16.11,32.173,0.0032378
92.708,0.0023324,81.063,56.828,0.0076979
68.941,0.0098075,43.405,8.2162,0.0038184
48.085,-0.0016116,82.824,64.696,0.0037964
54.234,-0.0028699,53.411,88.646,-0.002394
85.604,0.0096401,56.906,30.044,-0.0014422
72.017,-0.0043573,162.72,26.128,0.0073225
82.306,-0.0046374,59.923,61.48,0.0010283
50.522,0.0070591,101.76,60.345,-0.0019243
-5.6013,0.0013015,98.916,63.464,-0.002093
39.038,-0.016554,23.117,69.292,0.00040421
74.026,-0.001831,93.722,118.5,0.010292
128.72,0.0061126,99.415,42.09,0.00020873
98.515,-0.0078247,34.133,40.127,0.00091163
53.759,0.0054957,41.53,62.324,0.0029366
48.532,-0.0031567,32.524,64.643,0.00033216
81.686,0.0067426,56.415,49.38,-0.00014645
103.5,0.0048903,115.67,97.806,-0.0053109
71.582,-0.0050727,40.151,122.4,-0.0024176
102.24,0.0024467,79.16,61.608,-0.0075991
89.283,0.0054012,100.55,41.624,-0.0086758
54.624,-0.006666,74.542,111.77,-0.00021289
79.18,0.011935,54.829,97.535,-0.0047405
41.75,-0.005389,117.37,83.418,-0.0010195
30.311,0.0030023,91.426,121.65,0.0034464
119,0.0032533,97.673,79.713,3.0902e-05
47.898,-0.0015978,65.247,137.78,0.00018954
93.492,0.0066656,80.983,24.775,-0.00091043
66.804,0.0055779,103.42,80.953,0.0014439
55.821,-0.012237,32.975,67.512,0.006494
84.628,-0.00036156,155.38,37.153,-0.0050931
109.74,0.0029822,130.72,90.875,0.0074088
45.238,-0.0069826,60.877,119.21,0.0033268
18.098,-1.7399e-05,20.713,100.56,-0.0017014
65.495,-0.0033939,98.78,24.543,-0.0030608
73.875,-0.013112,39.163,35.431,0.0027393
93.555,-0.0030039,45.198,68.652,-0.00018541
77.411,0.00069502,107.32,48.475,0.0034358
65.087,0.0080844,103.94,69.94,0.0015113
139.79,-0.0071883,102.88,65.428,0.011008
77.15,0.00386,74.624,48.623,0.0075671
114.44,-0.013623,10.461,45.291,-0.0047661
31.706,-0.00015525,-2.5974,100.62,-0.0028776
104.01,-0.0043211,103.14,24.573,-0.0020493
103.03,-0.010139,65.445,50.939,-0.0040363
52.505,0.0017531,107.54,67.391,0.0015845
100.71,-0.0012549,28.181,30.83,0.0034483
55.687,-9.7528e-05,58.293,60.47,0.004497
32.823,0.010527,85.407,91.825,0.0051138
65.383,0.0077902,83.622,26.498,-0.0031339
73.869,0.0064373,86.396,113.7,-0.0069291
35.46,-0.00053934,122.56,88.007,-0.0044002
33.233,0.0098933,23.874,43.594,0.0016063
39.675,-0.0015678,100.85,46.85,0.0012348
105.11,0.002544,50,68.79,-0.0015832
66.232,0.0034609,54.433,4.4416,0.0063483
47.883,-0.0015629,97.338,43.516,0.00061981
57.736,0.0079406,39.076,85.685,0.0066735
50.627,-0.00080059,84.025,-0.83788,0.0015117
76.151,0.000142,88.74,39.655,0.0031332
29.539,-0.0088564,134.12,35.021,0.0034491
11.092,-0.008889,66.351,8.0953,0.0095498
40.216,-0.0026181,30.455,12.095,-0.002205
57.72,0.0063192,104.47,99.572,-0.0080841
37.499,-0.0018906,116.58,91.313,-0.0017962
88.525,-0.0036928,75.08,38.262,0.0021058
28.937,-0.0023498,92.726,55.742,0.0032628
80.384,0.0012919,47.899,51.965,-0.0032325
102.34,6.0322e-06,45.512,88.639,0.0031053
140.71,-0.0011482,33.724,36.599,0.0063168
130.93,0.00047982,25.553,112.7,9.7224e-05
73.909,-0.0010913,125.56,35.037,0.0054386
98.591,0.0038484,40.039,105.03,-0.004137
50.157,-0.006237,140.79,56.549,-0.0020591
89.098,-0.013871,58.185,71.06,-0.0018603
84.795,0.00070253,117.1,25.703,0.00246
110.65,0.010205,24.677,57.692,7.205e-05
108.23,0.012423,83.171,94.085,0.0043598
53.948,-0.00088132,38.193,45.938,-0.0032558
84.593,0.0036448,86.101,114.52,8.0649e-05
4.7089,0.0064003,91.212,41.777,0.00011158
50.695,-0.0076964,50.234,-6.9528,0.00092235
110.74,0.0031224,92.91,17.677,-0.0018225
14.799,0.0055601,128.08,81.534,0.0013263
100.79,8.2492e-05,70.654,91.953,-0.0052193
96.643,0.0074453,99.665,56.495,-0.0096314
101.05,-0.0043647,97.485,77.113,-0.0022626
86.67,0.0042707,107.65,104.38,-0.0012261
61.381,-0.0066445,48.09,94.687,0.0037377
32.722,0.0049416,91.321,109.18,0.0020443
88.751,-0.0019325,70.759,107.13,-0.0046943
-9.297,-0.0057004,100.68,85.979,0.0038481
69.731,0.00022939,32.979,43.203,0.0089507
61.819,-0.0052564,37.093,35.173,-0.0027174
114.9,-0.0070351,70.714,56.009,0.010089
86.839,0.011325,83.504,117.45,0.0038533
60.617,0.0087184,95.894,42.127,-0.0032497
62.135,-0.0017088,69.977,20.572,-0.0059939
-6.8518,0.0010375,103.21,77.559,0.005468
61.035,-0.0046738,93.731,113.15,0.0013318
65.708,0.00029049,78.443,66.547,-0.0028337
98.088,-0.0010089,126.94,64.415,0.005287
89.095,-0.0018593,50.037,142.61,0.00059454
75.795,-0.00068622,85.569,79.183,-0.0022097
87.461,0.001474,14.667,56.34,-0.00072282
52.966,-0.0017901,42.659,-31.713,0.0075743
116.64,0.0081631,58.669,40.395,-0.0014077
120.27,-0.0045155,97.84,88.076,0.0055528
56.367,0.0024465,15.09,63.769,-0.003456
115.41,0.0036786,103.84,39.406,0.0063373
70.442,-0.00028492,48.636,96.31,0.0023516
72.34,0.017089,125.15,52.691,0.0097033
41.944,0.009099,54.083,-0.93868,0.0094999
130.98,-0.0050862,90.968,49.326,-0.0079873
85.804,0.00052671,62.837,96.121,0.0032144
77.718,-0.0011687,106.23,48.786,-0.0052187
61.272,0.005705,91.159,46.785,-0.0062169
77.039,0.0029027,82.007,48.575,-0.0099734
32.765,0.00019613,51.5,49.41,-0.0054907
48.945,0.0035797,59.221,27.51,-0.0035634
33.799,-0.004443,139.98,69.865,0.0021846
65.173,-0.0048468,104.15,89.617,-0.0019923
28.568,-0.0052792,21.268,62.895,-0.00091812
127.72,0.012622,27.129,60.711,0.0061031
60.14,-0.013111,59.777,33.047,-0.01032
88.187,-0.0050042,58.452,98.022,-0.0027903
26.678,-0.0025779,104.45,41.909,-0.0087414
67.048,0.0050512,18.173,40.04,-0.0080963
63.575,-0.0097599,19.012,78.35,0.00019093
61.592,0.015594,14.253,100.43,-0.0021286
11.056,-0.009743,65.642,86.778,-0.0046942
85.872,-0.010213,25.117,130.12,0.0078513
55.552,-0.0055057,90.134,71.944,0.0031083
33.922,0.0071693,60.101,38.045,0.0089647
68.982,-0.0063318,48.712,88.804,0.00032977
126,0.004058,90.049,119.44,0.0038158
100.32,-0.0025259,106.59,75.41,-0.001108
105.01,0.00054731,42.873,50.386,-0.0052173
109.39,8.8523e-05,68.398,72.363,0.0015794
43.949,0.0010259,38.578,-8.5592,0.0040598
97.054,0.011088,55.19,125.85,0.0021806
59.699,-0.008881,116.55,114.49,-0.0040241
100.7,0.0016572,69.727,71.835,-0.0047824
108.08,-0.0015886,142.53,99.551,-0.0043709
117.35,-0.006709,24.015,100.97,0.0020892
82.516,0.0046655,31.025,76.697,0.00091996
59.444,-0.0053369,69.561,67.912,0.0025628
66.509,-0.004076,128.78,59.45,-0.00085996
98.889,-0.013214,77.465,26.403,0.0017915
95.221,0.0024471,84.48,50.765,-0.0015329
62.692,-0.00034971,69.69,113.36,0.0076907
118.04,-0.0026343,36.168,32.396,-0.0052421
88.952,-0.00058973,95.76,0.61417,0.0002529
68.235,-0.011328,49.19,2.9335,-0.0018727
59.012,0.0071002,90.999,54.277,-0.0050231
100.35,-0.00013296,66.282,47.057,-0.0030619
55.143,-0.012707,31.664,83.33,0.014005
69.88,-0.0015654,83.308,83.933,0.0066616
67.13,-0.00048702,-2.9343,69.364,-0.0010206
85.805,0.005131,115.31,23.402,-0.0034003
25.436,0.0057608,90.686,50.218,-0.0068237
134.37,0.0046638,28.65,48.951,-3.3292e-05
41.756,0.0055337,88.916,27.374,-0.0018744
5.3474,0.014495,96.875,80.87,0.0077029
50.117,0.0042108,89.257,40.31,0.002005
108.03,-0.011884,153.25,50.772,0.0026457
126.02,-0.0066202,42.886,37.641,0.0059004
93.934,0.00017573,83.381,136.95,-0.011903
20.82,-0.0097998,32.84,65.765,0.0010577
24.527,0.010237,48.344,66.05,0.00052568
38.756,0.0014625,88.642,59.684,5.2026e-05
53.707,0.0037747,81.303,92.747,-0.0047974
47.293,-0.0028128,95.833,33.182,-0.00014686
92.213,-0.006966,66.448,52.665,0.002424
114.2,-0.0040014,82.88,64.019,-0.00099518
42.774,-0.013158,78.77,139.68,0.0087465
98.627,0.0014662,48.108,70.735,0.00048067
40.81,-0.0031699,137.78,102.16,0.0032344
75.042,0.0057291,22.498,68.007,0.00066511
21.733,0.00083668,50.578,28.3,0.0056721
85.628,-0.00093069,81.788,-2.4369,0.0026841
56.198,-0.0062516,77.879,95.759,0.0034636
65.347,-0.010333,94.001,12.742,-0.0068975
76.809,-0.001581,55.066,82.157,0.0010724
105.44,-0.00013,84.509,85.406,-0.0058275
71.768,-0.0013878,54.636,59.648,-0.0038716
87.11,0.0023509,58.592,23.024,-0.00076826
64.432,-0.0076283,99.304,75.275,0.0013603
83.38,0.010357,109.59,3.9382,-0.0038021
86.773,0.00010557,93.609,20.651,-0.0085203
112.11,-0.0033445,97.501,72.813,0.00027007
74.032,-0.0058341,117.86,84.119,0.0025519
-4.0635,0.0068379,11.676,36.765,0.0069782
66.41,-0.00271,95.9,61.376,-0.0061661
11.791,-0.0039497,96.453,78.409,0.0072598
121.6,-0.0097273,107.94,105.18,0.0025023
52.694,-0.0078579,87.974,59.084,0.00035651
80.054,0.0073446,63.231,92.865,-0.0061168
71.276,-0.013762,59.16,55.769,0.00070654
49.745,0.0045623,76.38,70.231,0.0038058
104.83,0.0078992,73.131,97.517,-0.002591
51.22,0.00049079,133.76,63.054,-0.0053483
61.489,0.0062618,136.49,-18,0.0096083
5.082,-0.00093905,132.44,135.1,-0.00080888
36.884,-0.0016801,93.026,14.304,0.0027027
87.28,0.0009059,50.731,-4.6143,-0.0030702
98.963,0.0029164,40.937,88.732,-0.0049493
31.1,-0.003451,47.664,23.583,-0.0081149
49.084,0.0040922,80.503,40.122,-0.0014082
142.1,0.0017443,91.195,70.695,0.0055491
70.567,0.0041079,18.776,63.574,-0.0024562
39.55,0.0011086,10.058,41.312,-0.0055316
28.886,-0.011538,56.241,32.656,0.0023376
73.7,-0.011344,14.65,21.851,0.0031483
78.909,-0.0022386,84.556,115.27,0.0056061
65.264,-0.010496,9.7782,82.393,-0.0029537
65.441,-0.0059587,49.176,43.52,-0.00086433
57.333,0.0073296,57.695,21.635,0.0034752
98.394,-0.0068668,53.79,78.897,0.00074897
56.497,-0.0039953,35.628,12.903,0.0079538
83.794,0.0018021,52.042,55.543,0.012715
14.853,-0.0013628,62.687,89.464,0.0044421
105.48,-0.0092774,127.38,35.152,-0.005812
53.169,-0.0043626,61.175,28.574,-0.0060898
60.325,-0.0046155,91.273,97.464,0.0057032
69.259,0.007937,39.853,68.856,0.0024761
90.65,-0.0081545,118.54,10.414,0.00073572
106.5,-0.0051651,62.557,51.469,-0.0027412
69.608,0.0058856,141.86,69.656,-6.7892e-05
104.35,0.0003544,96.236,106.13,0.0050163
35.231,-0.0044505,63.728,85.284,-0.0099445
66.516,0.0066504,43.442,13.943,-0.014228
97.513,0.012155,78.306,35.643,0.0001437
78.747,0.002948,74.394,31.862,0.010109
92.553,-0.011289,125.89,45.556,-0.008598
83.427,0.0014554,22.088,70.528,-0.0012281
104.32,-0.0084322,118.93,104.45,-0.0010599
33.168,0.00026238,71.007,92.022,0.0044676
76.683,0.010195,101.68,109.87,0.0019849
74.764,-0.00048072,105.82,68.082,-0.0059553
120.68,-0.0047238,47.631,121.82,0.0076787
70.483,-0.010505,38.231,61.577,-0.0018747
65.72,0.0048631,25.075,31.175,-0.0035118
43.126,-0.0018136,112.27,105.08,-0.0070271
83.929,0.0040529,57.971,73.895,-0.0040092
94.884,-0.0098024,-21.277,79.119,0.0040819
94.91,0.0024301,73.361,72.33,0.011557
102.29,-5.8042e-05,-3.7838,66.164,0.0078019
79.308,-0.0029974,106.58,37.388,-0.0017258
41.532,-0.0093004,37.003,33.995,0.0030721
145.81,0.0016059,40.557,13.392,-0.00045181
6.4276,-0.0016377,59.7,82.235,0.0024829
72.077,-0.0020206,52.419,55.364,7.18e-05
81.29,-0.0060929,65.247,62.645,0.00133
46.397,-0.00047475,46.06,76.474,-0.0021315
74.795,-0.004263,121.99,105.64,-0.0012163
69.056,-0.010359,74.528,46.267,-0.0036616
24.209,0.00016186,73.282,71.834,-0.0029009
59.391,-0.0051372,5.9322,59.066,0.0057332
80.559,0.0065418,34.692,4.7192,-0.0023554
42.394,0.0052455,73.302,34.764,0.0046024
84.718,-0.0051098,60.714,96.821,0.001301
44.476,-0.0052561,58.851,16.473,0.0010843
26.383,0.002387,6.359,91.669,-0.01193
29.948,-0.0020407,60.912,17.467,0.0026008
58.346,-0.0050713,99.603,83.508,-0.0029054
116.38,-0.0028388,56.656,50.633,-0.0023547
120.09,0.005435,143.4,85.154,-0.0018996
44.792,0.0063691,69.447,101.15,0.0032907
59.096,0.012869,78.269,90.131,0.00053041
97.199,0.010834,28.728,66.866,-0.003591
45.414,-0.0073409,32.945,124.03,0.00071046
69.438,0.0049614,90.016,161.42,0.0057908
-6.8834,0.0040448,131.65,56.006,0.00058117
128.01,0.0026684,71.584,126.49,-0.0057484
37.798,0.0013907,73.667,63.473,-0.0028995
100.96,-0.00068023,63.768,8.3104,-0.00014237
53.054,-0.0010765,109.57,66.983,-0.0080252
48.733,0.0026837,51.026,62.433,0.00018348
100.13,-0.0083883,89.777,112.14,0.0039185
84.291,-0.0006436,28.669,98.527,-0.0040108
92.996,-0.0057247,42.02,55.064,-0.0035918
101.46,0.0046283,67.127,49.915,-0.0011258
-8.3379,-0.01063,59.553,-11.618,0.0018665
43.041,0.0028579,72.211,44.937,-0.0033036
10.376,-0.0069667,111.72,63.002,0.00052682
78.654,0.0075634,73.001,65.714,0.002724
124.55,-0.0011518,120.67,40.993,-0.0024783
81.349,-0.00027483,39.958,47.077,-0.0011846
57.921,-0.0091001,67.253,2.431,0.0083372
59.882,0.0033212,29.372,96.92,0.013497
64.437,-0.00051279,60.918,15.776,5.8264e-05
107.92,-0.013342,99.463,97.758,-0.0014972
71.666,0.00022312,35.138,113.79,0.00099911
109.67,0.00519,37.478,65.211,0.0023466
56.471,0.0081017,78.064,-11.949,-0.014038
73.211,0.010784,96.187,25.168,-0.0089519
58.726,-0.0009247,-0.93924,69.773,0.0012166
92.128,-0.00020886,98.563,120.12,-0.0048529
48.124,0.0015311,73.068,99.103,0.0024664
121.79,0.011523,114.67,83.039,-0.0048484
117.91,-0.00030769,49.999,62.343,0.0034312
90.624,-0.011179,38.523,73.287,0.0026672
98.146,0.002651,116.12,72.871,-0.00076518
111.67,-0.001485,89.028,56.674,0.0016186
86.155,0.0019497,84.402,42.607,0.011342
105.78,-0.0018612,95.872,67.331,0.0026541
32.774,-0.00032709,55.607,64.888,-0.0036791
73.813,0.0040493,24.485,43.604,-0.0048486
59.851,0.0017045,108.97,75.617,0.0072376
116.83,-0.0079844,95.632,37.32,0.0012092
61.236,0.0045721,104.25,40.717,0.003961
47.186,-0.0068654,73.594,95.753,-0.0093091
47.856,0.00021148,115.27,107.09,0.0069388
75.142,0.0025586,108.08,76.792,0.0050558
128.65,0.010355,62.548,84.052,0.0034902
24.112,-0.010357,56.967,102.98,-0.0015893
58.98,0.0036778,64.676,90.554,-0.00032742
94.365,-0.0017501,68.689,16.944,-0.006027
78.847,-0.016484,41.659,29.151,0.0020072
83.796,0.0064362,65.01,94.722,-0.012748
126.63,0.0055652,112.73,25.655,0.0019922
75.098,-0.0090127,59.214,78.602,0.0037218
17.56,0.0068887,10.788,116.5,-0.0024741
59.407,-0.0075509,48.017,18.963,0.0068677
63.21,-0.002641,126.03,68.517,-0.0026397
35.681,0.001876,57.466,53.399,0.0079414
80.779,-0.0009827,70.16,111.79,0.0055759
100.71,-0.0012583,65.665,59.662,-0.0026968
47.539,-0.0023486,126.18,98.585,0.0032653
93.732,-0.0065888,23.315,15.87,0.0060045
109.38,0.011563,114.41,57.096,0.00093556
64.24,0.0035722,139.16,37.619,-6.5548e-05
15.047,-0.0038688,91.03,26.657,0.0038871
27.797,0.00052154,97.477,83.348,-0.0034958
46.777,0.0076821,44.21,42.586,0.00042816
45.738,0.0059648,50.949,63.62,-0.0045368
35.822,0.0051285,41.051,129.1,0.003641
10.698,0.0043924,53.942,63.358,0.0062641
45.064,0.0064918,42.954,64.168,0.0030363
65.635,-0.0023947,60.101,67.971,-0.0091584
87.153,-0.0065053,15.539,33.757,0.0055145
80.004,-0.00075056,77.445,98.545,-0.004776
67.339,0.00035054,50.055,42.683,0.0019989
80.256,0.0093619,104.42,50.752,0.00295
63.103,0.0065096,130.06,110.42,0.0073097
58.039,-0.0014067,65.951,46.213,-0.0024223
89.391,-0.00057582,37.096,90.281,0.0042681
132.75,-0.0049206,148.75,65.195,-0.010707
131.29,-0.014276,126.58,33.002,0.0028379
66.384,-0.00039023,132.13,50.741,-0.0041755
86.124,-0.0048644,78.979,111.06,0.0064251
40.553,-0.0048758,108.56,108.86,-0.0021302
89.152,0.0089491,87.226,76.679,0.0029009
63.861,0.0050832,9.814,21.98,0.0073967
85.353,0.0048313,82.515,13.642,-0.0060648
102.92,0.0067001,109.04,58.376,0.0026196
94.953,-0.0054193,107.45,135.27,0.0057612
66.765,0.0047806,53.748,13.278,0.00087324
94.345,-0.00056215,56.495,100.05,-0.0076161
47.132,-0.00076298,80.358,113.48,-0.0019299
99.193,-0.008213,35.557,-0.35287,0.002817
15.256,-0.014972,19.461,144.67,-0.0096207
6.5002,-0.0080003,74.628,18.889,-0.0057548
61.822,0.0098098,44.204,76.468,0.0060594
55.073,7.3028e-05,35.958,77.563,-0.0025556
7.6623,-0.0021862,39.25,76.353,0.0032582
77.484,-0.0028987,128.83,26.318,-0.0016027
9.5315,-0.0019509,88.618,-48.945,-0.001454
46.608,-0.00057824,69.344,58.928,0.0016755
93.433,0.0029394,6.6899,64.1,-0.00076582
87.416,0.0033569,72.229,49.132,0.0016864
51.62,0.0053872,67.94,48.54,-3.1223e-05
80.003,-0.012398,80.132,65.496,0.0065984
13.67,-0.011523,97.431,126.07,0.0015444
72.813,-0.0068406,88.218,69.958,0.0026555
37.553,0.0065513,97.11,28.387,-0.00016923
50.027,-0.0019127,77.845,79.832,-0.0087512
77.927,0.0065708,34.49,86.453,0.0045104
99.207,-0.013306,125.7,140.88,-0.0066064
75.108,0.00021475,87.765,59.689,-0.0063653
24.195,0.009643,41.96,87.186,-0.0073316
148.26,0.001661,84.759,41.705,0.001099
62.887,0.011827,68.773,47.441,0.00083079
34.268,-0.0011127,49.916,28.762,-0.0010246
52.062,0.0068671,60,89.604,0.0018354
50.844,0.0051271,167.24,37.266,0.0060806
57.347,-0.0081397,96.573,66.026,0.00052396
79.491,0.0082971,85.567,79.181,0.0051828
28.916,-0.00074691,46.294,62.042,-0.013807
72.548,0.012221,18.659,32.915,0.0011755
83.527,0.00077131,55.361,65.149,0.010356
28.889,0.0010777,108.25,79.971,-0.00046559
64.898,-0.0064116,91.222,74.236,0.00040161
102.15,0.0012452,56.149,61.009,1.0324e-05
100.58,0.0051376,67.812,57.549,-0.00097509
71.515,0.0031637,52.434,50.112,0.010959
65.293,0.007004,26.343,29.402,-0.00052294
36.931,0.0044583,88.715,96.499,-0.008501
89.914,-0.00077707,115.43,85.396,-0.0037682
104.34,-0.0008695,31.854,58.37,-0.0015359
85.374,-0.0036112,31.167,67.443,-0.002787
94.554,0.0045952,38.92,52.961,0.0011792
43.099,-0.0066354,95.774,78.954,0.0018475
52.803,-0.011121,56.606,65.175,-0.0054436
58.32,-0.0046665,47.731,72.418,0.0015478
20.075,0.0028643,72.669,70.606,0.0076421
56.568,-0.0001635,42.809,9.4214,-0.0046521
59.766,-0.00092109,97.071,-12.25,0.0048848
80.164,0.0052465,91.306,121.87,0.00052323
113.36,-0.0028848,50.291,81.302,0.011451
79.62,0.008187,57.422,51.084,0.0048834
37.039,0.014428,46.896,53.814,-0.0033248
117.41,-0.0025469,31.855,75.3,0.0054247
72.317,-0.0060493,50.19,40.703,0.0058253
79.503,-0.0031238,58.747,1.395,-0.006543
34.109,-0.0049895,45.58,50.432,0.0010936
61.325,0.0033229,121.25,102.07,0.01088
63.821,-0.00018689,36.206,91.289,0.0034723
43.864,0.00089134,94.14,70.137,0.010251
98.109,-0.0027776,100.63,8.8077,-0.0014949
36.563,-0.010327,39.024,47.851,0.0099781
55.914,0.012557,74.791,64.767,0.0068014
23.541,0.011,77.199,95.083,0.0015975
71.747,0.0050155,81.355,-13.91,0.0028419
84.232,0.0028859,109.38,83.953,-0.0043041
117.4,-0.0062904,102.37,53.843,0.00038452
73.338,-0.0079957,30.701,56.855,0.0013724
35.577,-0.0025118,52.954,67.2,0.0017041
107.02,0.00050698,110.24,95.702,-0.0049363
55.832,0.0022749,106.59,66.262,0.0015155
54.966,-0.0078518,85.756,98.906,0.0081815
77.704,0.0012108,92.026,9.5948,0.0030065
62.19,-0.0021699,37.957,50.022,0.010016
114.31,0.0014606,94.447,-9.1255,-0.013645
-9.787,-0.0082372,49.914,70.509,0.0050609
92.968,0.0056154,108.35,71.727,-0.0041003
72.118,-0.0013141,101.94,25.134,0.0012464
142.76,0.016979,78.256,28.439,0.00063417
55.086,-0.00070227,70.829,38.971,0.0073399
86.612,-0.012159,89.059,50.202,0.00055529
113.2,-0.0066208,67.255,56.305,0.001123
101.83,-0.0070242,59.115,110.13,-0.00013822
106.54,0.0055868,79.268,100.72,-0.0013821
85.755,0.011099,74.23,73.06,0.00055502
102.17,0.0062501,37.551,24.428,0.0015049
44.994,0.0010772,93.582,69.338,-0.0020042
12.277,0.0068173,96.787,21.286,-0.0011914
75.094,0.0028293,59.178,36.494,0.0023555
96.682,0.0039602,27.666,13.964,0.0011101
57.913,0.0086178,74.261,119.13,-0.0053359
43.877,-0.0027747,98.143,117.46,-0.0034784
94.238,-0.0074938,42.861,87.231,0.0019606
73.754,0.0040876,84.281,26.521,0.0027357
58.965,0.0089521,81.897,25.528,-0.001043
41.78,-0.010339,137.67,113.16,-0.0036894
139.43,0.0058506,96.264,12.023,0.0074658
13.404,0.0021164,78.247,85.211,-0.0031034
35.215,-0.0043475,92.107,126.46,0.00066665
42.183,-0.0050924,68.448,110.78,0.00053259
93.614,-0.0048139,73.695,38.496,-0.0011912
88.433,0.001683,66.944,86.498,0.0035011
104.31,-0.0049562,56.204,41.732,0.0086746
47.803,0.013699,58.512,47.48,-0.0017944
78.147,-0.0045143,31.236,37.355,0.0026236
142.4,-0.0054479,42.242,78.795,-0.0036376
111.75,0.0049131,68.248,50.911,-0.0064355
17.988,-0.00083397,98.951,10.349,0.0018729
59.883,0.0044175,116.02,81.801,0.0043832
49.419,-0.0049018,86.242,50.704,0.00045762
43.771,-0.0077829,125.34,98.614,0.0021099
81.46,0.0092409,64.996,18.798,-0.001734
64.302,-0.0046944,43.827,94.849,0.0040831
115.35,-0.00027639,89.367,76.465,-0.0090394
62.718,-0.010582,101.64,22.273,-0.0018585
95.326,0.0011863,70.62,1.6543,-0.0015929
103.42,0.0019574,63.628,18.022,0.0026718
64.369,0.0051768,68.607,123.78,0.0024945
48.379,0.013407,5.8099,89.053,-0.009553
34.951,0.0038493,118.77,64.36,-0.0033382
-7.8063,-0.012382,51.813,11.591,-0.0017619
99.944,-0.0040083,90.256,78.155,-0.0045993
99.322,-0.0062446,120.05,91.522,0.006804
49.723,-0.0027894,32.959,79.568,-0.0042608
77.626,-0.01539,63.729,64.486,0.0043101
51.596,0.0052586,52.97,116.36,0.0017379
44.684,0.0089571,54.295,10.699,0.00077181
1.4014,0.0038399,46.728,100.3,-0.00064341
19.241,-0.014667,59.263,83.184,0.0075853
22.055,0.0044809,77.394,48.097,0.0019082
58.862,-0.0075375,60.392,71.187,0.0015858
66.513,0.0019688,70.739,78.369,-0.0011168
83.09,0.021268,97.162,89.303,0.0019891
117.73,-0.0012743,32.524,87.796,-0.00097706
89.99,-0.004989,43.942,52.439,0.0069237
79.75,-0.010802,31.914,75.426,-0.0027974
110.65,-0.0017913,38.857,30.223,-0.0081194
87.201,-0.014069,115.72,54.376,-0.0029404
62.608,0.0035681,55.833,51.846,-0.00027564
103.29,-0.010115,103.05,59.412,0.0019261
60.455,0.0048019,94.669,46.028,-0.0046539
126.14,0.00293,54.631,121.25,-0.0016561
60.678,-0.0076252,63.03,95.288,0.0034474
66.846,-0.00060118,77.685,79.892,0.0085906
41.978,0.0045996,86.321,115.65,-0.0026126
43.06,-0.0077802,25.15,33.442,0.0029349
79.908,-0.0066943,-4.1367,59.459,-0.0036178
41.92,-0.0093919,67.336,61.686,-0.003194
63.194,-0.0056407,44.587,72.711,-3.4415e-05
50.595,0.00092225,20.703,70.132,-0.0071601
7.6993,0.0032311,80.05,1.6593,0.0015023
73.974,0.012976,83.14,108.24,0.00065493
80.12,-0.0019147,65.928,59.333,-3.7429e-05
82.285,-0.0022943,42.689,90.962,-0.0016628
60.518,-0.013359,66.72,58.217,0.0038053
55.51,0.0055489,87.421,89.296,-0.0032156
65.211,-0.0088803,62.585,53.689,0.0034095
78.907,0.0081923,45.664,94.132,0.0023293
75.602,0.0018857,40.632,83.283,0.0052807
83.873,0.001899,55.182,65.197,-0.0032336
85.279,0.0006465,55.413,39.027,-0.0052743
9.757,-0.0023262,24.719,107.33,-0.0014725
133.63,-0.00042123,93.228,88.993,-0.0060811
99.323,-0.0043381,150.74,51.401,0.00079903
23.898,-0.0019351,100.17,120.15,-0.0047265
72.673,0.002449,40.941,-12.63,-0.009794
90.569,-0.011097,78.481,98.834,0.0027146
57.02,0.0094744,65.908,53.15,0.0015969
60.347,0.0048777,66.589,82.767,0.00060078
45.949,-0.00091837,22.041,61.344,-0.00142
59.949,-0.0062244,74.537,44.955,0.00089462
61.549,0.0050585,-24.584,44.455,-0.0025076
80.553,-0.0069811,71.268,61.812,-0.00016229
34.835,-0.0026051,72.978,25.242,0.002825
37.914,0.010111,63.367,104.86,-0.0069591
62.957,-0.0053459,52.462,43.236,-0.0075526
54.98,0.011012,149.94,32.904,0.0056697
45.006,0.00449,91.19,45.42,-0.010236
71.117,-0.0047912,35.274,64.545,0.0045895
23.258,0.001295,68.77,59.17,-0.0013641
48.943,0.0091293,81.86,29.209,0.00027265
45.923,-0.0064944,65.545,42.071,0.0047074
85.405,0.0022524,60.216,92.487,-0.00087223
101.47,0.0032499,84.03,61.47,-0.0041754
105.82,-0.012557,106.67,87.369,0.0023161
50.136,0.0043574,121.88,31.194,-0.00044545
115.64,0.00063092,51.101,53.685,0.00079858
39.993,-0.0037175,96.362,11.948,0.0054273
73.168,0.0085072,91.626,4.289,0.0048271
80.841,-0.0062641,80.393,28.211,-0.0013552
52.527,0.0014784,93.891,15.151,0.0090088
82.515,-0.0063832,48.591,94.312,0.010767
117,0.0012458,75.912,89.57,0.0041925
77.528,0.002863,64.985,39.691,-0.0029379
76.687,-0.0058342,98.384,125.49,0.0056485
81.299,-0.0022432,135.49,87.405,-0.0056401
80.994,-0.006103,63.77,43.416,0.0038989
140.59,0.0090745,42.53,77.061,-0.0013411
80.513,0.00021498,112.81,104.84,-0.00039557
72.676,0.00023499,30.281,63.785,-0.0058144
22.856,-0.017142,65.948,72.048,-0.006061
98.261,-0.00029836,74.467,20.03,0.0058097
116.69,-0.0042393,62.45,90.758,0.0028128
62.169,-0.00078776,86.89,35.925,-0.003277
132.38,0.00010171,76.759,136.24,-0.0076043
-26.967,0.00066404,22.965,83.148,-0.0093991
66.37,-0.0092455,83.463,83.48,-0.0082676
68.225,6.8294e-05,55.659,28.337,-0.00061731
65.542,0.0016672,86.336,81.701,0.0078283
73.582,-0.003843,54.92,54.545,0.0019527
84.721,0.0010462,79.468,96.748,-0.0038107
28.042,-0.010328,102.41,77.241,0.0086662
38.788,0.0075577,78.704,64.058,0.00077932
103.41,0.012171,83.504,88.236,-0.0037269
93.392,-0.0014452,68.738,-4.1465,-0.00087241
23.731,-0.0079577,68.019,42.604,-0.0019576
70.063,0.0051108,69.341,39.934,0.0055113
54.149,-0.0034159,86.083,71.838,0.0039221
112.03,-0.0057745,86.868,86.109,-0.00437
87.605,0.0061924,56.845,45.602,-0.0052145
72.364,-0.0056645,71.805,88.007,-0.0016892
64.82,-0.0086469,63.768,75.699,-0.001659
25.666,-0.016636,75.001,25.414,0.0034435
87.297,-0.005009,71.829,114.07,-0.010582
56.204,0.0050909,70.628,64.893,0.0032741
82.865,0.0010407,101.46,56.418,0.0087058
91.533,-0.005466,70.923,-4.3145,-0.00023729
128.86,0.011592,80.775,96.844,-0.0059535
150.34,-0.002656,97.767,22.433,0.0019874
70.94,-0.0030881,82.411,75.961,-0.0010643
69.978,-0.006498,99.722,88.243,0.0011191
76.275,0.0091715,105.85,22.642,-0.0061803
118.95,-0.0035327,79.343,90.741,0.0013978
46.211,0.00776,13.819,144.79,0.005844
67.942,-0.0054602,103.54,98.298,-0.0034679
90.905,0.012818,83.575,68.473,-0.0014475
53.44,0.014748,110.62,95.4,-0.0026624
67.626,-0.0019653,45.788,28.897,0.0084106
49.257,-0.0015776,47.168,34.523,-0.0031272
29.974,-0.0037829,22.781,45.504,4.4656e-05
49.613,0.0040328,137.52,99.496,-0.0057635
70.996,-0.0075542,154.26,43.917,0.0085412
86.473,-0.0078271,74.907,53.504,-0.0046438
54.051,-0.0017982,83.678,29.546,0.00206
8.5329,0.002318,24.344,65.027,-0.001476
45.702,-0.0066957,69.17,72.444,-0.0067908
-3.9969,0.0017108,-0.37044,25.234,0.0046358
135.03,0.0078991,93.824,87.934,0.0057447
92.203,0.0042079,68.197,52.349,0.0009249
27.523,0.013554,24.644,37.996,-0.0050617
53.305,0.0052529,51.983,50.453,-0.00050991
103.91,0.00086866,61.943,53.937,-0.0044633
46.717,0.0086041,-0.12577,22.79,-0.0011581
24.881,0.0077503,102.6,70.197,0.0039251
38.39,0.0059114,75.445,73.093,-0.0047845
67.763,-0.0020946,92.926,47.114,-0.0038351
95.603,-0.0063468,139.16,57.085,-0.0097206
63.091,0.0069365,144.3,12.298,-0.0087365
99.436,0.010605,81.004,53.395,-0.001481
54.733,0.0045108,75.534,72.516,-0.010183
109.1,-0.0029786,35.964,96.471,0.00012609
-4.5106,0.0028216,110.49,80.065,0.0055443
82.638,0.013542,42.397,7.9459,-0.0063373
47.045,-0.0017553,34.344,113.41,-0.0088411
49.362,0.0023888,109.41,77.323,0.009218
57.879,-0.0014334,71.975,58.868,-0.0070365
100.93,0.0070147,57.832,5.496,-0.0064998
52.565,0.0041038,112.67,57.751,-0.0023381
77.546,0.0013874,53.312,69.6,0.00032267
85.41,0.0014396,28.698,53.802,0.0012248
82.958,0.00058236,97.196,79.553,0.0022973
119.35,-0.0023769,63.271,67.522,0.0060575
60.615,-0.006528,65.009,60.311,-0.0058052
75.097,0.019361,59.835,50.002,0.00089407
40.214,0.002518,64.142,70.275,0.0071807
51.829,-0.00058103,45.927,47.229,-0.012494
16.411,-0.00662,95.406,17.43,0.0023028
69.474,-0.0044667,86.575,42.367,0.0046062
75.766,-0.0064555,55.379,74.179,-0.0037012
43.199,-0.005304,97.529,86.606,0.00099319
117,0.010366,99.804,110.6,0.0036385
74.713,-0.0082003,30.029,75.002,-0.0036814
78.459,-0.005476,144.96,77.737,0.0037072
-0.045469,-0.0089948,52.758,72.743,-0.006536
73.74,0.0009959,70.905,59.963,-0.0074287
-16.775,-0.0019499,115.95,101.98,0.0040992
35.987,-0.0056706,64.877,56.766,-0.0031167
67.356,0.01085,102.7,44.178,-0.00021494
63.491,0.012685,44.248,53.549,-0.00035227
52.801,0.012851,41.497,131.6,-0.0050095
83.504,-0.014959,48.327,8.8339,-0.0083059
36.214,0.020242,52.429,67.019,0.0028704
91.599,0.006199,48.06,139.57,0.0030194
59.588,0.0036748,63.03,87.4,0.0070091
62.794,-0.0052877,64.387,56.569,0.0074474
45.868,0.0010748,86.727,64.441,0.0085585
112.13,0.0012882,24.708,13.953,0.0054106
59.89,0.0001552,135.59,28.576,-0.0015965
85.277,-0.0019128,24.582,74.251,-0.0035648
19.647,0.00023079,34.999,40.113,0.001266
110.17,-5.3179e-05,88.33,47.116,-0.0078224
36.599,0.0045982,40.518,93.217,0.0093632
113.86,-0.0010532,75.435,86.268,0.0020332
68.321,-0.0018379,97.42,90.37,-0.0022344
63.574,-0.0033691,58.271,87.25,0.0088449
69.73,0.0052035,80.851,109.93,0.0064569
95.905,-0.0054254,47.728,97.86,0.0040459
66.517,-0.0048983,59.835,52.125,-0.0068358
24.966,0.0018993,41.389,79.726,-0.00021061
79.3,-0.0022939,163.1,55.55,-0.0017901
29.573,-0.0083336,72.259,24.36,-0.00052922
71.085,0.00044835,51.392,3.2999,-0.0038788
120.11,-0.00085341,78.478,76.946,-0.0086649
95.361,0.0010897,89.252,99.769,0.00086995
30.201,0.0022619,82.537,42.521,-0.0019643
48.817,-0.0026505,87.034,57.284,0.00075039
58.123,0.0028564,74.164,48.751,-0.0022452
59.022,-0.0018024,104.14,80.126,-0.0015808
60.037,-0.0041068,142.74,12.887,0.0065988
84.678,0.0021069,64.787,38.554,-0.0025949
69.192,-0.0058854,78.606,71.733,0.0018948
138.62,-0.0080774,116.71,45.883,0.0017443
97.135,-0.0072929,104.33,22.21,-0.00062417
-26.066,-0.0052213,67.864,94.504,-0.0034355
46.784,0.0041959,35.451,55.255,-0.003076
103.27,0.0041043,63.989,81.261,0.0022855
81.582,0.0044153,55.782,74.551,0.013131
16.144,0.0039437,29.078,20.669,-0.0021868
82.536,0.00036193,126.06,76.353,0.0063229
37.754,0.0057534,80.881,16.342,-0.0066378
85.643,0.0014799,60.588,50.744,0.0043233
57.683,-0.0043781,87.344,41.056,-0.0018613
90.43,-0.0052351,71.171,120.83,0.0032911
113.35,-0.0079761,36.224,49.127,-0.0019947
68.786,0.0037257,84.416,43.115,0.0031928
59.099,-0.0027172,41.751,78.526,-0.0013344
131.13,0.0086776,107.1,34.961,0.0015326
77.95,-0.00097614,31.337,49.02,0.0026467
117.35,-0.0050957,-15.121,91.87,-0.00079105
69.236,-0.0028767,19.094,76.695,0.00016263
42.961,-0.0044556,98.939,72.556,-0.00055883
25.633,0.0036133,77.465,90,0.0094079
126.73,0.0032969,55.279,99.882,-0.0054805
57.87,-0.0032345,93.633,47.53,-0.00096014
106.51,0.0087076,102.45,78.613,0.003395
41.112,-0.0045647,38.606,26.964,0.0061564
117.93,0.0042064,107.67,29.86,-0.0026144
39.49,-0.0044823,47.31,43.536,0.0062039
50.552,0.0092102,86.592,66.598,0.0011344
71.621,0.0068827,21.483,45.837,0.0049983
22.486,0.0030505,122.87,117.03,0.0072992
52.413,-0.00956,54.626,81.378,0.0027702
74.06,0.0027209,49.446,93.64,0.0007111
89.859,-0.0034506,97.523,124.06,0.0021364
130.57,0.0088665,72.031,85.266,0.0045347
129.82,0.004059,7.6702,157.96,0.0067544
99.061,-0.011582,83.566,62.952,-0.0013938
116.79,0.0045282,85.067,20.021,-0.0056234
66.348,0.010159,69.977,65.002,0.0087139
96.832,-0.0039253,90.65,79.62,-0.0014123
83.077,0.00048014,111.45,51.451,-0.0043078
106.15,-0.020864,87.117,91.46,0.0041005
16.141,1.1399e-05,117.41,77.812,-0.001404
23.251,0.017824,94.794,80.481,-0.0011931
57.496,-0.0014834,115.36,85.833,0.0021448
81.268,0.0093111,40.89,52.863,-0.011061
53.679,-0.0035511,46.087,111.31,0.0019144
120.03,0.0043507,34.517,73.213,0.0017625
101.27,0.00010144,62.328,17.859,-0.0018994
18.871,0.018136,23.561,92.32,-0.00042995
82.613,0.0063107,37.507,105.77,0.0023203
25.871,0.00013461,48.125,15.615,0.010062
28.744,0.0055175,84.223,81.149,-0.003664
27.097,-0.0020117,75.136,95.951,0.00086419
87.377,0.0017004,100.24,95.385,-0.0034267
100.97,0.0051489,116.31,10.852,0.0099068
48.496,0.00041809,73.054,117.47,-0.0039274
13.088,-0.0066958,79.091,73.042,-0.0013035
66.814,0.0016323,71.245,47.157,0.0056098
51.769,0.0092867,73.595,105.32,0.0032098
49.62,-0.0078797,160.58,38.983,0.0012757
50.922,-0.010945,44.941,48.897,-0.0049903
101.08,-0.0051096,32.823,116.06,-0.0043473
104.18,0.0042859,77.031,50.486,-0.009806
80.49,-0.0064812,61.503,76.318,0.0042258
90.328,-0.00090663,48.316,46.768,-0.0019385
64.281,0.0012206,92.302,61.305,-0.0057828
60.548,0.0081678,107.76,70.74,-0.0054509
129.04,-0.010104,60.229,174.61,0.0058886
54.072,0.0062121,23.218,59.871,0.0065954
26.186,-0.0028023,14.148,96.75,-0.010039
75.846,0.0035851,79.823,6.1904,-0.0041678
52.006,0.0028531,66.727,91.214,0.00080014
87.357,-9.1015e-05,71.194,54.801,-0.0050264
38.681,0.0066426,18.781,102.05,-0.0017462
64.975,0.0093987,81.574,53.401,-0.00082202
76.98,-0.0074436,104.05,128.3,0.0081458
4.3985,0.0062604,14.49,87.447,0.002945
107.54,0.008211,26.452,91.666,-0.00012629
48.131,-5.7411e-05,85.029,110.65,-0.00058531
37.719,0.0068281,47.345,55.006,-4.2445e-06
60.482,-0.0069657,32.439,58.685,-0.0066071
89.851,0.0040864,58.561,67.435,-0.0020118
93.119,-0.01096,108.12,39.536,-0.0033106
1.992,-0.003514,60.255,75.384,-0.0059282
49.693,-0.0034596,95.527,32.08,-0.0045856
52.982,0.0055539,118.54,69.561,0.0018074
116.01,0.021736,86.752,101.68,0.012874
72.328,3.2718e-05,49.046,38.417,0.0031691
58.484,-0.011699,117.22,72.782,-0.0047281
74.37,-9.4785e-05,46.744,64.84,-0.0011036
65.049,-0.0092918,39.66,54.508,0.007588
99.341,-0.0024949,116.72,69.46,-0.0018152
76.781,0.0028097,65.403,112.91,-0.0050885
98.406,0.0020923,101.6,-35.929,-0.0058872
66.342,-0.0066702,38.358,21.11,0.00052574
46.786,0.0079009,53.964,71.74,-0.00083485
97.641,0.0026368,84.133,154.89,0.012224
26.729,0.0090126,34.321,76.402,0.0012719
89.219,-0.0028308,2.5589,95.053,0.0013335
90.334,0.0056422,69.774,42.281,-0.009874
67.726,0.0025154,91.603,90.242,-0.0096339
54.25,0.0022796,92.677,33.399,-0.00068925
118.16,-0.0043734,86.74,64.39,0.0067215
100.88,-0.0043917,87.519,55.585,0.0029387
83.842,-0.0021887,72.748,56.118,0.0011827
92.483,0.007505,123.01,33.806,-0.0078143
40.653,0.010607,92.755,58.155,0.0041032
0.30745,-0.007369,73.226,82.151,0.00059375
88.17,-0.00082873,97.461,69.905,-0.0087747
90.267,0.0030989,71.503,17.864,0.0010172
112.93,-0.00054794,81.39,45.831,0.0026344
87.132,-0.0019533,19.689,20.811,0.0046009
151.29,0.0062623,113.21,61.476,0.0058296
96.056,0.0019844,110.49,88.856,0.010911
76.369,0.0010097,144.31,41.276,-0.00068625
26.937,-0.014493,110.66,59,-0.0057124
88.563,0.0060778,33.678,40.618,0.0046036
98.921,-0.0034825,109.28,66.222,0.0022375
74.345,-0.0086053,18.693,82.047,-0.003101
69.482,-0.0034948,65.664,21.687,0.0073167
81.444,0.011442,117.43,120.38,-0.00083426
102.95,-0.00086085,130.87,47.622,-0.003879
79.868,0.0063508,35.754,-1.8237,-0.00023686
98.718,-0.0017095,55.866,100.54,-0.0015696
31.458,0.0035695,46.602,40.69,0.010265
35.034,0.0069669,28.85,52.236,0.0038551
12.979,-0.0062363,66.386,32.644,-0.0070556
54.845,-0.0074067,34.381,39.587,-0.0057311
73.331,0.0021775,16.715,99.42,0.0025699
27.048,0.0038572,74.22,76.763,0.013622
66.601,0.017167,38.326,49.272,-0.0012788
90.133,0.007904,96.917,48.57,-0.0001976
64.642,-0.0025955,80.372,38.76,-0.0015382
94.122,0.011246,-3.4629,86.774,0.012286
91.595,0.0019758,108.65,32.696,0.001269
107,0.015351,90.264,12.594,-0.0069769
89.405,0.0013507,31.239,86.22,-0.0060312
117.27,-0.0044493,88.642,97.84,0.0034726
86.465,0.0078983,85.358,-16.19,-0.0055968
86.25,0.0045938,123.99,51.907,0.0022709
56.277,0.009969,96.787,3.6857,-0.0027899
21.664,0.00052607,98.052,39.311,-0.0051231
89.341,-0.009986,29.623,95.312,0.0033561
120.11,-0.0044232,71.591,43.532,-0.0033585
89.807,0.0084215,93.851,82.079,-0.00030435
106.93,-0.0040103,6.2803,115.45,0.0019719
42.837,-0.0010102,142.58,53.591,0.0010962
79.959,-0.013914,115.28,77.122,-0.0012786
122.52,0.0013525,80.46,112.99,-0.00069311
115.38,-0.0013687,153.74,47.63,-0.0065168
47.579,0.0040548,106.07,79.689,0.0020188
76.617,0.0075444,73.058,58.809,-0.0064798
84.335,-0.0061477,59.585,30.012,0.0054869
119.27,-0.0033381,107.92,38.368,0.0054819
40.455,0.0047,67.258,44.799,0.001013
61.655,-0.0040003,51.8,116.96,-0.0006435
75.398,-0.0027548,118.35,59.426,-0.0080598
56.73,-0.01636,71.471,56.178,-0.0018094
-3.25,0.0072847,70.625,124.11,-0.0013538
49.962,0.0088272,74.698,-0.02559,-0.0015242
62.032,0.0085421,7.2019,43.664,-0.00043331
75.523,0.011569,131.1,78.918,-0.0012721
48.508,-0.012711,98.54,52.717,-0.0037313
54.352,0.0055051,93.148,57.222,-0.003639
5.3118,0.0018387,85.326,87.772,-0.0073711
103.37,0.0064049,44.184,56.534,0.0017631
53.393,0.00026256,76.264,76.269,0.0064019
80.464,-0.00063507,42.544,54.1,0.0019173
74.068,0.0059422,90.06,119.68,0.0050912
11.314,-0.0048423,119.39,132.91,0.0016428
113.69,0.0028082,52.76,43.746,0.0054802
20.993,0.0021267,58.696,19.618,-0.00051105
142.63,0.0076507,70.688,73.326,-0.0073854
14.456,-0.005569,74.913,135.09,-0.00055592
52.493,0.0014433,74.277,52.873,-0.0082175
77.018,0.0089321,106.33,-13.509,0.0052018
142.02,0.00086606,45.886,107.36,0.0031408
18.587,-0.011877,91.716,112.78,-0.006026
32.315,-0.0084293,1.1808,46.546,0.0036645
128.72,-0.0020999,28.832,-32.839,-0.0031946
45.962,-0.0044095,66.092,54.818,-0.0084175
66.115,0.001169,83.986,132.54,-0.00033037
95.49,-0.0081945,51.818,51.286,-0.0022533
74.916,-0.0090612,71.582,72.7,-0.0021177
48.93,0.0016822,56.797,58.244,0.0013029
56.495,0.001084,86.06,54.785,0.0031409
85.904,0.0050582,42.524,41.985,-0.0037776
84.285,-0.0007147,84.546,62.111,-0.0066606
90.009,0.0020124,100.96,102.72,-0.0015366
42.711,-0.0078085,65.67,100.25,-0.0046646
-14.746,0.010119,34.658,64.436,-0.0058559
87.551,-0.0015177,125.59,59.378,0.001677
103.59,0.011743,131.88,92.258,-0.0066772
76.195,-0.0080774,68.673,75.692,-0.0027591
58.601,-0.0021621,64.928,39.542,-0.00037844
124.88,-0.0040775,25.39,121.8,-0.0069356
119.34,0.00041727,59.665,13.138,0.0075481
39.651,0.0090742,67.302,30.782,0.0042253
92.082,0.002092,109.76,56.851,-0.010046
52.166,0.00015405,10.189,22.314,-0.0042056
92.523,0.022557,21.364,93.764,-0.0069565
64.369,-0.0015772,49.976,53.847,-0.0072351
111.63,0.0006265,38.329,13.718,0.001786
97.225,-0.006952,42.88,87.831,0.00055636
86.315,-0.0079927,56.273,-15.562,0.0022745
69.82,0.0057304,69.583,13.142,0.0056175
82.217,-0.004641,78.7,32.36,0.003935
98.149,-0.0025634,55.098,55.097,-0.0037224
73.97,-0.015873,27.229,118.18,0.00349
78.497,0.0055425,72.037,75.787,-0.0031623
48.045,0.0081178,96.258,144.36,-0.0035743
67.603,2.622e-05,80.522,19.2,-0.0026285
31.519,0.010148,84.594,26.697,-0.0012118
86.154,0.0042793,81.198,-6.9116,-0.0042277
47.428,0.0048395,25.066,72.041,0.00055088
97.982,0.0072212,53.213,40.956,-0.0018436
40.842,-0.0094364,14.314,130.67,-0.0051707
112.7,0.0096444,50.177,158.86,0.0095957
117.17,-0.0098042,111.31,64.107,-0.00023029
24.174,-0.0030881,59.052,64.092,0.0043416
83.831,-0.011246,95.106,25.22,-0.010834
67.115,-0.0022257,68.723,103.84,-0.0033379
106.02,0.00077317,102.58,85.534,-0.0005984
65.591,-0.0057631,110.38,73.741,0.0011368
56.188,-0.0036323,52.737,34.103,-0.0020288
108.65,-0.0023395,72.528,38.032,0.0019957
78.944,0.0029277,37.611,103.25,-0.010742
25.735,0.0038707,40.384,30.242,-0.0047136
75.469,-0.00024843,113.1,33.206,6.7901e-05
87.411,0.0088862,62.112,55.724,-0.0012516
81.128,-0.0058904,66.724,57.302,0.0014174
111.54,0.0033673,65.691,95.3,0.0031571
42.427,-0.0084767,59.679,-13.357,-0.0024937
101.72,0.0064399,63.054,13.034,0.00071395
54.105,0.0038305,132.41,37.785,0.0053834
44.088,0.0083016,53.839,73.011,0.0058232
66.186,-0.0007301,2.1749,43.201,0.0030575
40.891,-0.0061599,88.838,100.01,-0.0031062
130.31,-0.0011009,89.501,26.648,0.0010609
83.69,-0.0031491,64.431,66.427,-0.00052466
40.12,-0.00080892,66.152,27.144,-0.0032697
102.05,-0.0075804,76.965,98.655,0.0030167
73.634,-0.0051773,56.638,14.934,0.0015483
93.633,0.001251,45.176,75.906,0.0090725
82.73,0.0016755,142.39,56.861,-0.010945
41.112,-0.00019268,76.991,133.18,-0.0015097
83.749,-0.00074099,57.945,112.63,-0.0027043
37.201,0.0046067,97.405,58.192,0.0059953
70.286,0.005747,92.274,61.399,0.0077789
142.45,0.0015787,55.928,33.278,-0.00033052
-20.531,0.0036956,107.43,76.512,0.010796
21.173,-0.0073604,93.547,11.706,0.00088732
42.639,-9.0305e-05,85.015,76.214,0.0046583
61.21,-0.0029434,63.956,4.977,0.0073491
75.063,-0.014082,69.117,98.832,5.8204e-05
84.091,0.00024825,115.84,140.87,-0.0031128
12.096,-0.00061539,62.215,79.132,0.0021516
94.558,0.014275,88.136,64.226,0.00074313
102.29,0.005222,29.078,64.427,0.0014795
55.038,-0.0037501,63.986,84.474,-0.0028422
62.562,-0.013245,68.667,66.831,0.00085331
96.921,0.0010639,78.513,38.088,0.0010304
23.516,0.0054278,105.52,103.96,-0.00022442
86.961,0.0044419,89.087,9.2262,-0.0073488
102.61,0.0098356,96.365,29.088,0.00036396
106.82,-0.0019269,21.727,105.88,-0.0042181
40.378,0.0035555,83.843,50.053,0.0074298
108.39,-0.010215,34.473,-2.8971,-0.0014782
79.887,0.010064,99.922,41.779,0.0067715
82.827,0.002619,126.23,29.884,-0.0048089
7.9421,-0.0043621,61.649,51.514,0.012491
3.7417,0.010858,54.467,104.2,0.003761
55.128,0.015053,47.251,75.054,0.0054714
48.945,0.0012023,74.626,55.985,-0.0054702
71.867,-0.010079,28.52,62.842,-0.0059138
59.84,-0.0055607,62.292,93.58,-0.0048995
86.534,-0.0043575,51.964,156.49,-0.00052819
74.234,-0.0042989,79.774,92.953,-0.0067503
71.902,-0.0029065,115.82,58.298,0.0089206
20.359,-0.00091124,81.766,35.781,0.0033908
120.19,0.0016087,53.697,101.34,-0.0026531
123.46,0.0011039,62.544,45.357,0.012393
31.766,0.0021624,30.659,55.406,-0.0011554
79.294,0.0010419,21.091,147.1,0.00090227
77.222,0.0022459,56.08,55.527,0.0059259
38.095,0.009945,109.29,33.649,3.7617e-05
55.877,0.010932,97.749,58.741,-0.0039132
104.2,-5.2545e-05,94.943,7.6253,-0.00045719
157.02,0.0029385,37.494,115.62,-0.0064545
81.676,0.0010695,9.1858,85.845,-0.0072571
86.436,0.0058479,51.021,58.306,-0.0018944
78.71,0.0029055,48.092,128.54,0.005103
20.391,0.00058505,70.709,76.737,-0.0061753
19.635,-0.011541,78.021,132.64,0.0010303
-2.8618,-0.0023772,70.013,129.84,0.00059892
66.723,-0.0013288,48.865,84.183,-0.013182
104.31,-0.0082911,56.052,108.1,-0.0033196
70.568,-0.00096299,77.941,68.866,-0.0075963
75.808,-0.0036785,137.14,92.393,-0.0047174
91.342,0.002306,101.36,45.028,0.0018476
68.092,-0.00019172,44.531,67.584,-0.0026133
53.564,-0.0046735,100.11,75.144,-0.0028399
111.83,0.0021471,93.458,52.877,-0.0042167
87.245,-0.0014983,130.22,63.956,-0.00054162
115.21,0.007167,59.792,54.984,-0.0066382
32.253,0.0033254,68.782,52.707,0.0019574
144.93,-0.0058416,115.32,97.156,-0.004303
103.8,-0.011932,109.26,74.713,-0.00043865
14.989,0.0063656,95.278,80.419,0.0066619
84.656,-0.0066949,22.34,64.377,0.00139
39.389,0.0052459,62.44,52.09,-0.00092736
53.942,-0.00044606,102.2,81.234,0.0036152
90.072,-0.0020977,113.38,53.718,-0.0058667
111.87,0.0061623,47.436,10.818,-0.0080115
132.65,-0.009119,57.287,41.442,0.0095051
61.395,0.013412,57.924,68.056,0.0049603
41.604,-0.004217,24.595,24.242,-0.001709
7.8184,0.0046424,66.665,34.712,0.0043713
6.6095,-0.0034014,61.361,30.844,-0.0048832
21.513,-0.00012098,33.298,63.241,0.0076019
124.45,0.00066791,62.551,47.603,-0.0038519
74.945,0.0081785,48.054,58.384,0.0021522
121.79,-0.007506,143.41,175.84,0.0053801
66.285,-0.012825,55.113,45.455,0.0034439
13.871,0.00035184,74.033,68.414,0.0094345
99.666,-0.00025328,69.532,67.31,0.0085022
71.221,0.0048137,47.343,46.394,0.0053902
47.141,-0.00039099,43.675,26.418,0.010108
76.339,-0.0027737,117.57,3.8075,0.0030864
21.447,-0.0047513,78.732,65.856,-0.00096244
99.805,-0.0022795,95.972,39.802,-0.0013885
63.788,-0.00036133,56.315,86.588,-0.0054763
107.14,-0.0095725,91.212,87.595,-0.0023091
65.32,-0.0032979,62.414,30.745,-0.0011554
88.495,-0.0030426,66.517,23.466,0.00052588
95.498,0.0030421,33.002,64.246,-0.0067418
80.951,0.0029626,111.12,79.289,0.0034081
74.047,0.0086427,78.672,74.007,-0.0024009
95.965,-0.0063238,64.755,67.846,0.0068188
81.09,-0.0027583,1.4945,49.129,0.0077747
15.679,-0.0050537,91.781,62.201,0.0094829
57.454,0.0068558,82.076,110.58,-0.0051423
48.434,-0.0028292,118.06,120.35,0.0021527
51.803,-0.0037177,75.557,72.894,0.0028586
49.525,0.0027113,106.88,84.059,0.02108
135.77,0.0062836,56.927,108.93,0.0016943
86.422,-0.0071541,135.78,49.939,0.0037893
96.446,-0.00089133,33.911,90.178,0.004488
126.41,-0.0079556,95.823,51.727,-0.0054989
76.514,0.0065709,83.75,91.064,-0.005842
58.132,0.0072497,51.62,14.437,-0.0007941
67.08,0.0043249,68.209,33.027,-0.00066883
39.296,0.0021568,60.771,81.575,-0.0011004
49.291,0.004305,73.281,60.947,0.0039652
-0.35922,0.0037671,66.065,34.497,-0.0041832
62.153,0.0048436,77.204,36.946,0.013717
106.13,0.006599,65.491,106.1,-0.0046242
48.912,0.019202,106.75,79.297,0.0070095
61.087,0.00059951,48.792,69.073,-0.0068989
108.4,-0.00045856,35.216,119.47,-0.0057704
111.45,-0.002714,182.95,114.22,-0.0014418
34.984,0.0039374,67.988,88.193,0.0098834
54.521,-0.0042695,58.347,-19.125,-0.0030529
73.456,0.011103,72.035,19.551,0.0013378
3.6672,0.00076702,107.75,41.791,0.00031716
157.17,0.0046906,89.317,129.42,0.0041562
92.882,0.0073397,-0.72655,49.442,0.0080618
23.358,0.010349,92.287,88.62,0.0022104
64.786,-0.002196,99.29,63.939,0.00018221
78.444,-0.0022671,85.887,113.02,0.00011554
109.65,-0.0098252,65.138,28.538,-0.0060784
81.746,-0.00075039,82.398,66.228,-0.00052024
-11.809,-0.0031879,40.016,90.262,-0.011146
52.429,0.013394,62.755,87.872,0.0096812
97.068,0.011268,109.95,85.054,-0.00058147
15.728,0.0022008,92.432,-19.335,-0.00039366
50.755,-0.0011955,51.828,57.093,-7.1968e-05
57.604,0.0016046,73.378,40.574,-0.013683
83.058,0.010092,79.532,102.73,0.0068404
140.48,0.01356,103.91,107.04,0.00062626
34.752,0.00078394,55.316,21.044,-0.00093898
79.932,0.0082189,110.42,22.196,0.002862
63.342,0.0073547,71.833,26.279,0.0021906
69.13,-0.00053802,87.894,54.084,0.0038724
56.156,-0.005969,18.102,27.965,-0.0058397
-11.66,0.00034437,64.891,99.035,-0.0059131
125.78,0.0072362,44.148,16.605,-0.0015784
59.415,0.0072647,85.871,-9.2426,-0.00047624
80.794,-0.0033373,107.28,6.7803,-0.0011456
93.975,0.0057892,77.681,-1.9617,-0.0024688
61.308,0.0017589,39.721,46.83,-0.002829
95.387,0.0020351,98.342,62.949,0.0017347
30.298,0.0034319,63.666,21.135,0.0025564
44.227,-0.0093998,88.175,116.78,-0.0059481
63.167,0.012573,89.912,85.478,0.00085108
70.446,-0.011978,98.175,68.475,-0.0055675
47.014,-0.0093483,71.346,52.168,-3.0135e-06
66.927,0.0048288,100.46,109.35,-0.0027373
64.756,0.0039893,44.032,37.055,0.004684
64.196,-0.008052,15.676,58.792,-0.00038214
-4.8634,-0.0049987,47.042,76.342,-0.00017741
26.514,-0.001325,90.205,41.888,0.0052176
79.294,0.0094102,65.224,70.933,0.0072939
80.668,-0.0033409,43.595,55.122,-0.0097639
103.15,0.0036386,92.45,58.664,0.00083576
86.477,0.00067455,67.793,92.345,0.0028909
91.072,-0.002533,76.242,87.696,0.002872
100.39,-0.002341,49.449,54.825,-0.0075235
41.802,-0.0028682,27.009,-3.6678,-0.0033403
101.39,-0.0030788,34.215,5.9234,0.0022984
67.802,0.0051403,50.231,64.088,-0.00095593
69.837,-0.0017702,41.613,70.904,-0.0083266
57.093,0.0070733,105.04,97.484,-0.00056134
71.899,-0.0037976,41.714,24.078,-0.00032819
68.619,0.0013373,90.208,110.48,0.00033619
68.848,-0.00037406,40.754,51.672,0.0095658
76.148,0.0060317,108.32,117.5,0.00054288
101.43,0.0044963,40.531,98.449,0.00087094
76.146,0.0019786,97.114,77.327,0.0082507
116.64,-0.0076458,-3.6858,78.975,0.005428
24.137,0.0026703,63.553,107.85,0.0049522
99.516,-0.0013438,8.0161,28.29,-0.0016243
67.447,0.0013652,26.572,29.059,-0.0067585
136.74,0.0050962,24.99,71.678,0.0042725
105.44,-0.0079415,32.298,106.67,-0.0032034
58.3,-0.0025051,69.009,53.134,-0.0085788
128.98,0.0079329,94.45,17.124,0.011185
93.346,0.0072111,79.093,65.613,-0.0013624
30.94,0.001597,111.23,48.518,0.0055304
122.63,-0.011498,127.16,16.912,0.0018028
64.421,0.0010136,65.48,41.915,-0.0026918
106.54,-0.012174,66.212,76.443,0.0036478
61.615,-0.012697,99.46,31.276,0.0024941
63.118,0.0012243,58.613,62.064,-0.0057942
79.157,0.0079688,72.506,100.9,0.0010196
100.08,-0.0037418,84.454,30.572,0.0013705
56.002,0.010581,26.512,59.782,-0.012904
56.91,-0.0091307,117.41,104.16,0.0086698
90.552,0.001952,31.344,73.485,0.0070343
41.371,0.0086841,108.13,39.094,0.0055352
114.01,0.006221,-4.1575,58.292,0.011826
123.06,0.010822,43.307,86.366,-1.3716e-06
65.162,-0.0040695,122.61,55.364,0.0056716
23.374,0.0033508,34.279,72.303,0.00068055
82.594,0.0057759,30.224,46.186,-0.0023132
111.58,-0.0028228,30.05,128.43,0.0035234
65.41,0.0017197,78.786,120.52,0.00031056
40.809,0.003652,65.783,26.097,-0.0098382
28.923,0.012111,33.862,83.648,0.0024475
76.821,-0.0023817,35.539,93.148,0.00051234
114.1,-0.0028649,122.78,70.301,-0.00059034
89.786,0.0024105,48.744,77.138,-0.0043875
35.831,0.0036022,50.146,129.85,0.0035071
74.109,-0.00068092,65.024,36.912,-0.0079613
36.735,-0.00094185,91.127,52.773,-0.0038829
5.9073,0.0060884,78.361,55.224,0.0003144
39.144,-0.018761,21.371,33.745,0.0036073
82.997,-0.0096383,56.881,73.689,0.0043557
93.141,-0.0072527,88.49,36.947,0.0037795
69.777,0.00014546,105.58,48.054,0.001956
129.19,-1.5059e-05,70.437,60.609,0.00031075
25.071,0.0090738,30.594,124.32,-0.0047944
89.172,0.0091807,60.728,109.81,0.0037072
70.859,0.0033834,7.3951,76.135,0.0092441
74.831,-0.00039922,107.4,3.017,-0.0022387
47.712,-0.0048695,77.829,108.21,0.0026954
93.592,-0.00063075,105.03,16.637,0.0038727
25.917,0.0043841,128.68,104.02,-0.0013413
66.345,0.0063964,88.499,68.89,-0.0016387
147.72,0.0025193,64.329,72.577,0.0014783
96.176,-0.0074959,61.395,14.022,-0.0081056
59.033,0.00058574,86.147,32.401,-0.0047746
80.3,0.0082419,75.624,104.38,-0.0021184
62.902,1.5303e-05,86.696,95.439,-0.0013731
86.613,0.0049787,63.951,81.66,0.0042035
33.449,0.0036457,101.87,34.147,-0.0039249
32.961,0.0088223,95.219,83.315,-0.0019902
81.973,0.0071408,39.315,50.394,-0.0046127
55.624,0.0037145,39.991,73.933,0.0013634
90.217,0.0076347,113.66,37.264,-0.0041355
34.359,-0.014791,53.489,68.92,0.0051453
112.2,0.0034194,54.563,80.486,-0.0002838
64.96,0.008351,84.486,75.796,0.0069536
-13.392,-0.0028291,50.971,104.46,-0.011183
51.155,0.006174,19.684,64.13,-0.0015038
104.9,0.0017862,32.235,57.641,0.0010969
56.966,0.01573,45.124,47.451,-0.0026044
82.013,-0.014853,26.673,30.489,-0.00065341
61.196,-0.014834,45.781,71.974,0.00010995
72.203,-0.00087099,58.86,37.428,-0.0025993
97.581,0.00073232,52.805,40.839,-0.0035491
85.55,0.010412,74.887,20.226,-0.0062725
58.951,-0.0038117,38.846,57.455,-0.0064371
108.49,-0.00062481,51.83,71.567,0.0045011
24.193,0.0050952,36.269,23.094,0.0031977
51.965,0.0053806,83.641,63.982,-0.0018099
70.653,-0.0044066,79.514,63.552,0.0016027
152.31,-0.011531,84.429,61.865,-0.009934
49.671,-0.0068482,97.97,69.559,0.0011493
123.39,0.001545,83.807,61.549,0.0022108
99.845,0.0049885,60.785,68.36,-0.0032957
-30.158,-0.0081875,57.932,77.086,0.0025393
47.95,0.0048722,133.26,29.949,-0.0046396
57.542,-0.0060906,44.105,-4.5677,-0.005847
79.308,-0.0083139,127.88,60.002,0.003733
91.972,0.00237,20.049,122.65,-0.0029772
105.96,-0.011533,140.88,-4.9549,-0.00061
40.919,-0.0072485,46.325,59.703,-0.0047205
92.903,0.020488,76.931,107.14,-0.0014096
61.523,0.0035163,53.346,64.601,-0.0061566
86.697,-0.0087013,81.595,75.647,0.002459
80.422,0.0024854,58.738,98.977,-0.0057708
20.554,0.0086308,102.8,-9.0398,-0.0041681
63.785,-0.0062999,-6.202,-2.2109,0.0039412
0.89302,-0.0029372,74.956,37.764,0.0043071
11.923,0.0021222,54.507,30.453,0.0035241
82.405,0.010314,84.235,55.943,-0.0025103
26.924,0.00097139,10.296,79.527,-0.00034749
75.351,0.0033074,12.672,-38.98,0.0033279
115.74,-0.012283,41.353,12.006,0.0086866
112.87,0.0051787,50.578,67.557,-0.0073293
30.447,-0.0013851,73.441,51.016,0.0021487
75.947,-0.0040591,77.544,72.799,0.0040302
76.512,-0.0012305,119.77,36.8,0.0065193
58.706,0.011769,20.748,47.71,-0.010654
100.04,0.013484,76.516,22.779,-0.0070235
58.804,-0.0031116,77.413,-8.7886,0.0030231
10.519,-0.0051071,57.089,27.769,-0.0043399
57.599,-0.0033674,4.9305,11.668,-0.00029201
172.44,-0.0081419,61.493,89.52,0.0010136
100.47,-0.013066,3.8439,37.04,-7.1925e-05
74.876,-0.00087998,76.101,75.612,-0.0029457
85.42,-0.0046216,59.862,79.292,-0.0095567
83.248,-0.0063143,59.384,82.26,0.0044528
140.97,0.0060778,90.347,46.944,0.00035805
100.72,-0.0081792,80.432,73.533,0.00097134
40.525,0.0002881,103.38,62.478,-0.010746
97.246,-0.0028902,51.249,69.349,-0.0015018
104.21,0.0032377,60.501,38.156,-0.0032884
94.339,-0.0025035,75.276,75.984,-0.008344
103.53,0.00066211,71.134,53.099,-0.0021135
70.132,0.0051308,63.208,73.697,-0.002615
64.303,0.0094476,125.46,28.798,-0.0052068
137.14,-0.00011512,94.539,78.207,0.0057105
127.94,0.011411,76.83,104.65,-0.0069406
56.256,0.0010428,73.657,55.962,0.0028626
27.871,0.011698,95.845,45.794,0.0030364
66.695,-0.00032438,102.78,79.891,-0.004486
112.29,-0.0012931,63.943,112.3,-0.0085856
93.162,-0.0014177,24.543,-10.144,0.0065764
54.747,-0.009901,45.05,55.231,-0.0077792
85.235,-0.0020725,27.182,26.304,0.0050285
81.608,-0.013717,63.103,112.97,-0.0016495
52.191,0.0030888,48.017,68.961,-0.00098626
64.836,-0.0077554,102.46,103.98,3.5535e-05
53.52,0.001511,107.93,94.515,0.00062852
106.51,-0.0025392,48.87,42.871,0.0019306
67.185,0.0031164,89.498,109.02,0.0059467
55.628,0.0073199,108.28,13.644,0.0031255
106.49,0.010444,56.996,138.49,0.001874
39.187,-0.011522,111.95,77.147,-0.00098456
61.734,0.0069316,48.474,54.344,0.0043323
40.195,-0.006628,74.839,44.602,-0.0031681
47.469,-0.0039136,53.852,104.13,0.0062543
41.544,-0.002831,29.331,73.281,-0.0033916
59.62,-0.0019405,83.009,64.187,-0.0012408
96.784,-0.0016253,95.096,150.85,0.00086671
35.592,0.0034711,109.59,64.365,-0.0046633
43.764,-0.0064188,109.3,12.308,0.003015
23.642,-0.0048214,24.056,128.25,-0.0013565
87.748,-0.0024832,55.847,126.84,0.0047903
107.87,-0.0022018,87.701,83.068,0.0015181
7.6992,0.0069034,80.992,83.695,-0.003804
71.83,0.012519,77.384,83.73,-0.0022637
74.396,-0.0052142,62.213,-6.1829,-0.0063709
18.657,0.0091544,115.08,27.084,-0.0026807
153.55,0.0073819,88.661,45.966,0.0034782
41.351,0.00013228,107.26,92.712,0.0042194
-4.0826,0.015357,49.478,126.31,0.0011764
55.44,-0.010464,94.901,102.01,0.0040269
40.528,-0.0013977,51.676,41.937,0.0024889
35.927,0.01234,21.764,77.286,-0.00040969
124.19,0.0097524,96.298,90.102,-0.0054297
92.471,-0.0007356,36.081,59.255,-0.0050788
125.04,0.001339,88.12,52.243,-0.0047013
61.418,0.0020006,46.442,130.74,0.0047861
81.239,0.0052754,104.51,106.45,-0.005003
132.88,-0.0032144,59.287,11.596,-0.0031949
-1.2911,0.0025962,71.616,72.171,-0.0035172
134.46,0.0066143,31.001,15.723,-0.0051809
38.237,0.0058065,28.735,35.125,0.00010455
58.448,0.0036302,132.06,67.108,-0.00013668
72.311,0.010556,100.85,6.2511,0.001553
44.359,-0.0037591,53.291,28.501,-0.0040244
45.487,0.0096494,69.407,68.679,0.00087395
51.053,0.0034172,121.82,84.596,0.00020234
46.019,0.0044526,119,45.345,-0.0012823
75.145,0.0091084,65.323,54.067,0.00079521
89.128,-0.0063188,69.531,88.623,-0.0031844
52.779,-0.0023609,59.048,11.716,-0.0029815
