150,0.0080419,148.39,65.835,0.0097571
148.62,0.0085051,146.94,68.072,0.010327
147.19,0.0089869,145.44,70.293,0.010919
145.72,0.0094881,143.89,72.5,0.011534
144.21,0.010008,142.3,74.687,0.012171
141.8,0.010857,139.77,78.056,0.013208
139.38,0.011741,137.23,81.324,0.014285
136.96,0.012659,134.69,84.497,0.0154
134.49,0.013629,132.1,87.639,0.016575
132.5,0.014442,130,90.125,0.017557
130.36,0.015342,127.75,92.74,0.018642
128.03,0.016367,125.29,95.556,0.019872
125.44,0.017558,122.57,98.634,0.021297
122.66,0.018905,119.64,101.9,0.022904
119.61,0.020479,116.42,105.45,0.024774
116.31,0.022305,112.93,109.27,0.026934
112.8,0.024397,109.21,113.3,0.029397
108.55,0.027151,104.7,118.16,0.032621
104.2,0.030247,100.07,123.11,0.036219
99.816,0.033655,95.412,128.06,0.040147
95.477,0.03734,90.793,132.93,0.044353
91.112,0.04137,86.147,137.81,0.048905
86.852,0.045629,81.615,142.55,0.053657
82.704,0.050091,77.211,147.13,0.058571
78.676,0.054728,72.943,151.57,0.063604
74.678,0.059621,68.723,155.95,0.068828
70.833,0.064591,64.683,160.15,0.074038
67.16,0.069562,60.845,164.14,0.079144
63.669,0.074461,57.222,167.91,0.084065
60.435,0.079129,53.89,171.39,0.088638
57.367,0.083647,50.753,174.68,0.092948
54.45,0.088003,47.797,177.79,0.096983
51.676,0.092182,45.01,180.76,0.10073
50.323,0.094226,43.66,182.2,0.10252
49.006,0.096211,42.354,183.6,0.10422
47.73,0.098129,41.093,184.96,0.10583
46.495,0.099969,39.88,186.28,0.10733
45.849,0.10093,39.247,186.96,0.1081
43.59,0.10123,37.163,188.69,0.10713
41.562,0.10153,35.298,190.31,0.10623
39.742,0.10178,33.632,191.81,0.10535
38.108,0.10199,32.142,193.19,0.10449
36.427,0.10216,30.617,194.65,0.10351
34.922,0.10229,29.257,195.99,0.10258
33.555,0.10242,28.026,197.25,0.10171
32.293,0.10261,26.891,198.46,0.10096
31.109,0.10289,25.828,199.64,0.10034
29.987,0.10328,24.82,200.81,0.09987
28.919,0.10378,23.861,201.97,0.099539
27.909,0.10436,22.955,203.11,0.099324
26.904,0.10503,22.055,204.28,0.099189
25.975,0.10572,21.224,205.39,0.09912
25.111,0.10644,20.454,206.45,0.099124
24.283,0.10726,19.715,207.51,0.099252
23.627,0.10806,19.129,208.37,0.0995
22.93,0.1091,18.505,209.33,0.099957
22.159,0.11048,17.813,210.43,0.1007
21.278,0.11233,17.023,211.74,0.10183
20.254,0.11477,16.106,213.31,0.10343
19.061,0.11793,15.044,215.18,0.10558
17.685,0.12191,13.829,217.37,0.10836
16.121,0.12679,12.467,219.9,0.11181
14.859,0.13098,11.383,221.95,0.1148
13.507,0.13571,10.24,224.17,0.11819
12.077,0.141,9.0501,226.51,0.12201
10.58,0.14689,7.8285,228.98,0.12629
9.4751,0.15149,6.9429,230.79,0.12967
8.3483,0.15646,6.0547,232.64,0.13337
7.2043,0.16185,5.1686,234.51,0.13745
6.046,0.16773,4.288,236.4,0.14199
5.434,0.17104,3.8299,237.39,0.14459
4.8173,0.17452,3.3734,238.39,0.14736
4.1944,0.1782,2.9176,239.38,0.15032
3.5621,0.18205,2.4608,240.39,0.15346
3.3071,0.18363,2.2782,240.79,0.15475
3.0495,0.18523,2.0948,241.19,0.15605
2.7888,0.18684,1.9103,241.6,0.15735
2.5247,0.18846,1.7244,242.01,0.15865
2.2567,0.19007,1.5369,242.42,0.15994
1.9838,0.19163,1.3472,242.84,0.16117
1.7055,0.19311,1.1549,243.26,0.16229
1.4215,0.19451,0.95992,243.69,0.1633
1.3599,0.1948,0.91775,243.79,0.16351
1.298,0.19509,0.87542,243.88,0.16371
1.2357,0.19537,0.83295,243.97,0.1639
1.1732,0.19564,0.79034,244.07,0.16409
1.1104,0.19591,0.74757,244.16,0.16427
1.0472,0.19617,0.70465,244.26,0.16444
0.98377,0.19643,0.66157,244.35,0.1646
0.92002,0.19669,0.61834,244.45,0.16476
0.82594,0.19706,0.55463,244.59,0.165
0.73117,0.19742,0.49058,244.73,0.16521
0.6357,0.19775,0.42617,244.87,0.1654
0.53958,0.19809,0.36143,245.02,0.16559
0.46367,0.19838,0.31037,245.13,0.16577
0.3873,0.19866,0.25908,245.25,0.16593
0.31049,0.1989,0.20756,245.36,0.16605
0.23327,0.19916,0.15583,245.48,0.16619
0.17454,0.1994,0.11654,245.56,0.16634
0.11555,0.19962,0.077112,245.65,0.16647
0.056308,0.1998,0.037558,245.74,0.16655
0.0031737,0.19999,0.0021158,245.83,0.16664
0.062912,0.20023,0.041918,245.92,0.1668
0.1229,0.20046,0.081844,246.01,0.16693
0.18311,0.20064,0.12188,246.1,0.16702
0.24357,0.20083,0.16204,246.19,0.16711
0.30587,0.20107,0.20337,246.28,0.16725
0.36843,0.20129,0.24483,246.38,0.16738
0.43123,0.20151,0.2864,246.47,0.1675
0.49429,0.20173,0.3281,246.56,0.16762
0.58024,0.20203,0.38486,246.69,0.16779
0.66665,0.20234,0.44183,246.82,0.16796
0.75351,0.20264,0.49902,246.95,0.16812
0.84084,0.20295,0.55642,247.08,0.16829
1.0168,0.20357,0.67183,247.35,0.16863
1.1945,0.20419,0.788,247.61,0.16897
1.3738,0.20482,0.90486,247.88,0.16931
1.5547,0.20545,1.0223,248.15,0.16965
1.9206,0.20674,1.2589,248.7,0.17034
2.2913,0.20803,1.4969,249.25,0.17104
2.6659,0.20934,1.7357,249.81,0.17173
3.0434,0.21066,1.9748,250.37,0.17243
3.8038,0.21332,2.4514,251.5,0.17381
4.567,0.21597,2.923,252.64,0.17517
5.329,0.21861,3.3872,253.77,0.1765
6.087,0.22123,3.8423,254.89,0.1778
7.2739,0.22529,4.5418,256.63,0.17977
8.4428,0.22926,5.2153,258.33,0.18164
9.5916,0.23311,5.8624,259.98,0.18339
10.719,0.23684,6.4833,261.55,0.18503
12.384,0.24224,7.3759,263.78,0.18729
13.996,0.24733,8.2124,265.73,0.18929
15.553,0.25208,8.9953,267.29,0.19101
17.054,0.25649,9.7277,268.27,0.19247
19.721,0.26385,10.979,267.53,0.19451
22.178,0.26995,12.078,260.95,0.19566
24.419,0.27479,13.04,244.83,0.19595
26.438,0.27839,13.88,216.86,0.19545
29.043,0.28157,14.935,160.24,0.19337
31.14,0.28231,15.772,109.23,0.18992
32.754,0.28096,16.426,76.819,0.18539
33.938,0.27792,16.93,59.165,0.18007
34.803,0.27332,17.333,49.399,0.17387
35.354,0.26772,17.635,44.195,0.16732
35.655,0.26143,17.859,41.286,0.16062
35.744,0.25469,18.016,39.604,0.1539
35.642,0.24766,18.109,38.626,0.14726
35.365,0.24047,18.139,38.075,0.14082
34.942,0.23329,18.113,37.788,0.13464
34.422,0.22624,18.045,37.66,0.12878
33.972,0.2208,17.972,37.622,0.12435
33.52,0.21557,17.894,37.61,0.12015
33.084,0.21058,17.817,37.605,0.11618
32.665,0.20583,17.743,37.605,0.11242
32.332,0.2021,17.682,37.61,0.10949
31.999,0.1985,17.619,37.629,0.10669
31.664,0.19501,17.55,37.666,0.10401
31.327,0.19164,17.478,37.722,0.10144
30.999,0.18845,17.405,37.788,0.099031
30.695,0.1854,17.339,37.841,0.09673
30.443,0.18253,17.293,37.842,0.094536
30.276,0.17987,17.285,37.743,0.092439
30.233,0.1776,17.328,37.524,0.09054
30.336,0.17556,17.439,37.179,0.088691
30.613,0.17375,17.634,36.761,0.086861
31.084,0.17212,17.923,36.361,0.085013
31.742,0.17065,18.307,36.085,0.08314
32.59,0.16921,18.79,35.985,0.08116
33.611,0.16769,19.369,36.073,0.079029
34.774,0.16598,20.034,36.319,0.076708
36.174,0.16371,20.853,36.722,0.073891
37.633,0.16092,21.74,37.209,0.070792
39.085,0.15752,22.671,37.741,0.067419
40.469,0.15348,23.623,38.293,0.063802
41.68,0.14904,24.532,38.821,0.060165
42.752,0.14409,25.426,39.339,0.056404
43.666,0.13872,26.292,39.839,0.05258
44.417,0.13302,27.122,40.316,0.048752
45.413,0.1217,28.58,41.147,0.041678
45.931,0.11019,29.88,41.881,0.035079
46.065,0.098985,31.018,42.517,0.029141
45.896,0.088405,31.983,43.053,0.023959
45.621,0.081313,32.563,43.374,0.020715
45.24,0.074693,33.045,43.642,0.017857
44.775,0.068565,33.433,43.857,0.015363
44.252,0.062934,33.735,44.026,0.013204
43.693,0.057786,33.962,44.155,0.011344
43.119,0.053098,34.126,44.251,0.0097503
42.543,0.04884,34.238,44.318,0.0083878
41.967,0.044979,34.301,44.36,0.0072256
41.167,0.04022,34.306,44.374,0.0058938
40.348,0.036082,34.208,44.334,0.0048305
39.51,0.032495,34.01,44.242,0.0039834
38.671,0.029392,33.734,44.11,0.0033088
38.16,0.027667,33.539,44.016,0.0029577
37.67,0.026094,33.338,43.918,0.0026525
37.205,0.024656,33.136,43.82,0.0023866
36.765,0.023343,32.935,43.722,0.0021545
36.344,0.02214,32.733,43.623,0.0019513
35.936,0.021038,32.526,43.522,0.0017731
35.535,0.020028,32.311,43.416,0.0016167
35.142,0.019102,32.088,43.306,0.0014792
34.788,0.018308,31.879,43.203,0.0013657
34.461,0.017577,31.685,43.108,0.0012648
34.183,0.016903,31.526,43.03,0.0011747
33.98,0.01628,31.429,42.983,0.0010937
33.882,0.015682,31.425,42.982,0.0010177
33.927,0.015121,31.548,43.046,0.00094791
34.139,0.014586,31.824,43.186,0.0008826
34.529,0.014065,32.265,43.409,0.00082035
35.055,0.01358,32.831,43.695,0.00076376
35.723,0.013088,33.533,44.049,0.00070815
36.511,0.012583,34.354,44.463,0.00065318
37.39,0.01206,35.266,44.922,0.00059879
38.355,0.011501,36.272,45.428,0.0005435
39.343,0.010923,37.308,45.949,0.00048955
40.322,0.010332,38.343,46.469,0.00043753
41.264,0.0097321,39.351,46.975,0.00038804
42.22,0.009085,40.386,47.495,0.00033815
43.101,0.008446,41.355,47.981,0.00029239
43.903,0.007823,42.251,48.431,0.00025105
44.627,0.0072228,43.072,48.843,0.00021423
45.302,0.0066277,43.849,49.232,0.00018061
45.897,0.0060675,44.546,49.582,0.00015158
46.413,0.005545,45.161,49.89,0.00012678
46.848,0.005062,45.692,50.156,0.00010581
47.256,0.004542,46.207,50.414,8.5334e-05
47.549,0.0040779,46.599,50.611,6.8902e-05
47.736,0.0036679,46.877,50.75,5.5833e-05
47.831,0.0033088,47.053,50.839,4.5505e-05
47.852,0.0029865,47.148,50.886,3.7125e-05
47.807,0.0027095,47.168,50.897,3.0599e-05
47.706,0.002473,47.123,50.875,2.5522e-05
47.547,0.0022724,47.013,50.82,2.1574e-05
47.306,0.0020925,46.816,50.721,1.8316e-05
46.988,0.0019448,46.536,50.581,1.5839e-05
46.601,0.0018255,46.179,50.403,1.3971e-05
46.163,0.001731,45.767,50.197,1.2576e-05
45.711,0.001659,45.335,49.981,1.1565e-05
45.258,0.0016048,44.898,49.762,1.0834e-05
44.811,0.0015658,44.463,49.545,1.0323e-05
44.366,0.0015396,44.027,49.327,9.9911e-06
43.953,0.0015255,43.62,49.124,9.8177e-06
43.529,0.0015197,43.2,48.913,9.7523e-06
43.108,0.0015214,42.782,48.704,9.783e-06
42.726,0.0015295,42.402,48.514,9.8952e-06
42.499,0.0015388,42.175,48.401,1.0021e-05
42.355,0.0015498,42.029,48.328,1.0168e-05
42.32,0.0015613,41.992,48.309,1.0319e-05
42.419,0.0015717,42.088,48.357,1.0454e-05
42.655,0.001579,42.321,48.473,1.0546e-05
43.035,0.0015823,42.697,48.662,1.058e-05
43.555,0.00158,43.214,48.92,1.0538e-05
44.203,0.0015712,43.859,49.243,1.0407e-05
45.048,0.0015525,44.701,49.664,1.0146e-05
45.986,0.0015245,45.638,50.133,9.7669e-06
46.977,0.0014872,46.63,50.629,9.2828e-06
47.982,0.0014419,47.638,51.133,8.7146e-06
48.918,0.0013927,48.579,51.604,8.1219e-06
49.814,0.001339,49.483,52.055,7.5019e-06
50.657,0.0012824,50.334,52.481,6.8764e-06
51.439,0.0012243,51.126,52.877,6.2641e-06
52.343,0.0011503,52.043,53.336,5.527e-06
53.146,0.001078,52.861,53.745,4.8533e-06
53.85,0.0010092,53.579,54.104,4.2527e-06
54.452,0.00094506,54.196,54.413,3.7285e-06
54.994,0.00088064,54.753,54.691,3.2374e-06
55.403,0.00082345,55.176,54.903,2.8306e-06
55.68,0.00077379,55.466,55.048,2.4997e-06
55.835,0.00073166,55.632,55.131,2.2351e-06
55.886,0.00069675,55.692,55.161,2.0272e-06
55.854,0.0006685,55.668,55.149,1.8664e-06
55.751,0.0006463,55.571,55.1,1.7448e-06
55.582,0.00062953,55.408,55.019,1.6557e-06
55.347,0.00061771,55.177,54.903,1.5945e-06
55.038,0.00061035,54.871,54.75,1.5571e-06
54.654,0.00060721,54.489,54.559,1.5415e-06
54.206,0.00060806,54.041,54.335,1.5463e-06
53.71,0.00061268,53.546,54.088,1.5704e-06
53.194,0.00062073,53.029,53.829,1.6125e-06
52.674,0.00063181,52.508,53.569,1.6712e-06
52.159,0.00064552,51.991,53.31,1.7452e-06
51.748,0.00065811,51.578,53.104,1.8144e-06
51.332,0.00067206,51.16,52.894,1.8928e-06
50.906,0.00068733,50.731,52.68,1.9805e-06
50.473,0.0007039,50.296,52.463,2.0779e-06
50.063,0.0007209,49.883,52.256,2.1802e-06
49.678,0.00073891,49.495,52.062,2.2913e-06
49.345,0.00075763,49.159,51.894,2.4096e-06
49.098,0.0007765,48.908,51.769,2.5316e-06
48.974,0.00079445,48.781,51.705,2.6502e-06
48.999,0.0008108,48.801,51.715,2.7601e-06
49.193,0.00082445,48.991,51.81,2.8529e-06
49.563,0.00083427,49.357,51.993,2.9199e-06
50.123,0.00083927,49.914,52.271,2.9531e-06
50.841,0.00083831,50.629,52.629,2.9442e-06
51.684,0.00083105,51.47,53.049,2.8912e-06
52.61,0.00081756,52.396,53.512,2.796e-06
53.519,0.00079964,53.305,53.967,2.673e-06
54.428,0.00077747,54.218,54.423,2.5255e-06
55.313,0.00075197,55.105,54.867,2.3615e-06
56.151,0.00072416,55.949,55.289,2.1892e-06
57.19,0.00068482,56.995,55.812,1.9571e-06
58.116,0.0006451,57.929,56.279,1.7361e-06
58.928,0.00060648,58.75,56.69,1.5343e-06
59.627,0.00057023,59.458,57.044,1.3561e-06
60.178,0.00053926,60.016,57.323,1.2128e-06
60.624,0.00051135,60.469,57.55,1.0905e-06
60.961,0.00048674,60.813,57.722,9.8802e-07
61.19,0.00046554,61.048,57.839,9.0384e-07
61.32,0.00044673,61.183,57.906,8.3231e-07
61.347,0.00043162,61.215,57.923,7.7701e-07
61.291,0.00041996,61.162,57.896,7.3565e-07
61.163,0.00041143,61.038,57.834,7.0614e-07
60.986,0.00040591,60.862,57.746,6.8737e-07
60.751,0.00040267,60.629,57.629,6.7653e-07
60.455,0.00040158,60.334,57.482,6.7294e-07
60.094,0.00040253,59.973,57.302,6.762e-07
59.686,0.00040531,59.565,57.098,6.8567e-07
59.227,0.0004099,59.106,56.868,7.0142e-07
58.732,0.00041625,58.61,56.62,7.2345e-07
58.216,0.00042424,58.092,56.361,7.5164e-07
57.708,0.00043347,57.583,56.106,7.8485e-07
57.202,0.00044394,57.076,55.853,8.2337e-07
56.701,0.0004555,56.572,55.601,8.6702e-07
56.197,0.00046807,56.066,55.348,9.1571e-07
55.679,0.00048172,55.546,55.088,9.7013e-07
55.151,0.0004964,55.014,54.822,1.0304e-06
54.622,0.0005121,54.483,54.556,1.0969e-06
54.122,0.00052868,53.979,54.304,1.1694e-06
53.761,0.00054275,53.615,54.122,1.2327e-06
53.477,0.00055686,53.328,53.979,1.2979e-06
53.299,0.00057054,53.147,53.888,1.3625e-06
53.254,0.00058315,53.099,53.864,1.4233e-06
53.357,0.00059369,53.2,53.914,1.4751e-06
53.616,0.00060182,53.455,54.042,1.5154e-06
54.027,0.00060694,53.863,54.246,1.5408e-06
54.579,0.00060853,54.413,54.521,1.5483e-06
55.359,0.00060559,55.192,54.911,1.5326e-06
56.25,0.00059757,56.083,55.356,1.4915e-06
57.205,0.00058486,57.038,55.834,1.4281e-06
58.176,0.00056814,58.011,56.32,1.3471e-06
59.048,0.00055011,58.886,56.758,1.2625e-06
59.877,0.00053033,59.719,57.174,1.1731e-06
60.651,0.00050957,60.497,57.563,1.0829e-06
61.361,0.00048853,61.212,57.921,9.9515e-07
62.146,0.00046322,62.002,58.316,8.9458e-07
62.835,0.0004391,62.697,58.663,8.0379e-07
63.429,0.00041668,63.298,58.964,7.2378e-07
63.927,0.00039636,63.801,59.215,6.5488e-07
64.347,0.00037719,64.226,59.428,5.9306e-07
64.644,0.00036078,64.528,59.579,5.4257e-07
64.82,0.00034716,64.707,59.669,5.0241e-07
64.883,0.00033629,64.774,59.702,4.7146e-07
64.848,0.00032802,64.742,59.686,4.4857e-07
64.735,0.00032212,64.63,59.63,4.326e-07
64.555,0.00031837,64.452,59.541,4.2261e-07
64.314,0.00031653,64.212,59.421,4.1777e-07
63.909,0.00031664,63.808,59.219,4.181e-07
63.385,0.0003195,63.284,58.957,4.2575e-07
62.742,0.00032512,62.641,58.635,4.4093e-07
62.009,0.00033339,61.906,58.268,4.6372e-07
61.502,0.00034014,61.397,58.014,4.8275e-07
60.988,0.00034788,60.882,57.756,5.0503e-07
60.476,0.00035649,60.369,57.499,5.3042e-07
59.968,0.00036589,59.859,57.244,5.5882e-07
59.462,0.00037597,59.35,56.99,5.9013e-07
58.949,0.00038673,58.835,56.733,6.2449e-07
58.427,0.00039818,58.311,56.47,6.6213e-07
57.898,0.00041033,57.779,56.205,7.0329e-07
57.4,0.00042253,57.279,55.954,7.4588e-07
56.93,0.00043528,56.806,55.718,7.9171e-07
56.519,0.00044835,56.393,55.511,8.4012e-07
56.205,0.00046136,56.075,55.352,8.8967e-07
56.028,0.00047337,55.896,55.263,9.3664e-07
56.007,0.00048413,55.872,55.251,9.7968e-07
56.162,0.00049295,56.024,55.327,1.0156e-06
56.497,0.00049913,56.356,55.493,1.0409e-06
57.045,0.00050208,56.902,55.766,1.053e-06
57.76,0.00050088,57.616,56.123,1.0476e-06
58.601,0.00049543,58.456,56.543,1.0245e-06
59.521,0.00048595,59.376,57.003,9.8537e-07
60.385,0.00047429,60.242,57.436,9.3837e-07
61.24,0.00046037,61.099,57.864,8.8389e-07
62.061,0.00044484,61.924,58.277,8.2512e-07
62.832,0.00042837,62.698,58.664,7.6503e-07
63.991,0.00040045,63.864,59.247,6.6842e-07
64.976,0.00037354,64.855,59.742,5.8157e-07
65.786,0.00034873,65.671,60.151,5.0684e-07
66.416,0.00032722,66.308,60.469,4.4623e-07
66.79,0.0003126,66.686,60.658,4.0725e-07
67.032,0.00030043,66.931,60.781,3.7618e-07
67.145,0.00029073,67.048,60.839,3.5227e-07
67.143,0.00028338,67.048,60.839,3.3471e-07
67.045,0.00027823,66.952,60.791,3.2265e-07
66.869,0.00027505,66.777,60.704,3.1534e-07
66.626,0.00027364,66.535,60.582,3.1213e-07
66.316,0.00027382,66.225,60.427,3.1255e-07
65.929,0.00027545,65.839,60.234,3.1633e-07
65.462,0.00027857,65.371,60,3.2356e-07
64.916,0.0002832,64.825,59.727,3.3442e-07
64.306,0.00028931,64.214,59.422,3.4905e-07
63.656,0.00029687,63.562,59.096,3.6757e-07
62.991,0.00030574,62.895,58.763,3.8993e-07
62.329,0.00031577,62.231,58.43,4.16e-07
61.673,0.00032681,61.572,58.101,4.4565e-07
60.777,0.00034302,60.673,57.652,4.9106e-07
59.855,0.00036108,59.747,57.188,5.4428e-07
58.947,0.00038108,58.835,56.732,6.0642e-07
58.188,0.00040207,58.071,56.35,6.7521e-07
57.891,0.00041415,57.771,56.2,7.1644e-07
57.757,0.00042531,57.634,56.132,7.5559e-07
57.816,0.00043482,57.691,56.16,7.8968e-07
58.083,0.00044187,57.955,56.293,8.1537e-07
58.526,0.00044558,58.396,56.513,8.2896e-07
59.132,0.00044602,59.001,56.815,8.3036e-07
59.871,0.00044301,59.738,57.184,8.1897e-07
60.701,0.00043663,60.569,57.599,7.9532e-07
61.555,0.00042751,61.424,58.027,7.6225e-07
62.418,0.00041604,62.289,58.459,7.2176e-07
63.259,0.00040282,63.132,58.881,6.765e-07
64.056,0.00038848,63.932,59.281,6.2911e-07
64.996,0.0003694,64.877,59.753,5.6876e-07
65.832,0.00035048,65.717,60.173,5.1194e-07
66.561,0.0003324,66.451,60.54,4.6045e-07
67.184,0.00031576,67.078,60.854,4.155e-07
67.678,0.00030167,67.576,61.103,3.7922e-07
68.071,0.00028925,67.972,61.301,3.4865e-07
68.358,0.0002786,68.263,61.446,3.2345e-07
68.538,0.00026974,68.446,61.538,3.032e-07
68.615,0.00026228,68.525,61.578,2.8668e-07
68.589,0.00025673,68.501,61.566,2.7468e-07
68.477,0.00025295,68.39,61.51,2.6666e-07
68.292,0.00025077,68.206,61.418,2.6209e-07
68.058,0.00024999,67.973,61.301,2.6049e-07
67.767,0.00025041,67.682,61.156,2.6136e-07
67.416,0.00025194,67.331,60.98,2.6458e-07
66.998,0.00025456,66.913,60.772,2.7012e-07
66.528,0.00025814,66.443,60.536,2.778e-07
66.002,0.00026278,65.915,60.272,2.879e-07
65.431,0.00026848,65.344,59.987,3.0055e-07
64.835,0.00027518,64.746,59.688,3.1578e-07
64.234,0.00028277,64.143,59.387,3.3347e-07
63.635,0.00029116,63.543,59.086,3.5359e-07
63.042,0.00030026,62.947,58.789,3.7609e-07
62.448,0.00031001,62.351,58.491,4.0095e-07
61.826,0.00032071,61.727,58.179,4.2916e-07
61.192,0.00033213,61.09,57.86,4.6035e-07
60.557,0.00034431,60.453,57.541,4.9481e-07
59.954,0.00035712,59.847,57.238,5.3241e-07
59.53,0.00036755,59.421,57.025,5.6403e-07
59.189,0.00037796,59.078,56.854,5.9646e-07
58.963,0.00038797,58.849,56.739,6.285e-07
58.877,0.0003971,58.761,56.695,6.5844e-07
58.949,0.0004046,58.83,56.73,6.835e-07
59.183,0.00041026,59.061,56.846,7.0265e-07
59.573,0.00041364,59.45,57.04,7.1417e-07
60.107,0.00041444,59.983,57.306,7.1677e-07
60.846,0.00041202,60.721,57.675,7.0823e-07
61.689,0.00040621,61.564,58.097,6.8822e-07
62.588,0.00039736,62.464,58.547,6.5842e-07
63.5,0.00038603,63.377,59.004,6.2127e-07
64.336,0.00037368,64.216,59.423,5.8209e-07
65.128,0.00036036,65.011,59.82,5.4125e-07
65.861,0.00034659,65.747,60.188,5.0063e-07
66.529,0.00033287,66.418,60.524,4.6174e-07
67.241,0.00031711,67.134,60.882,4.1904e-07
67.862,0.00030237,67.759,61.195,3.8098e-07
68.391,0.00028891,68.293,61.461,3.478e-07
68.827,0.00027692,68.732,61.681,3.1954e-07
69.191,0.00026557,69.099,61.865,2.9388e-07
69.429,0.00025616,69.34,61.985,2.7342e-07
69.543,0.0002487,69.456,62.043,2.5773e-07
69.541,0.00024312,69.457,62.043,2.463e-07
69.443,0.00023929,69.36,61.995,2.3861e-07
69.265,0.00023705,69.183,61.907,2.3418e-07
69.021,0.00023625,68.94,61.785,2.3261e-07
68.714,0.00023672,68.633,61.631,2.3356e-07
68.349,0.0002383,68.267,61.449,2.3668e-07
67.911,0.00024098,67.83,61.23,2.4205e-07
67.401,0.00024478,67.318,60.974,2.4977e-07
66.824,0.00024972,66.741,60.685,2.5997e-07
66.198,0.0002558,66.113,60.372,2.728e-07
65.546,0.00026295,65.46,60.045,2.8831e-07
64.887,0.00027109,64.799,59.715,3.0646e-07
64.233,0.00028008,64.143,59.387,3.2716e-07
63.703,0.00028797,63.611,59.121,3.4588e-07
63.17,0.00029632,63.077,58.853,3.6627e-07
62.631,0.00030514,62.535,58.583,3.8845e-07
62.083,0.00031445,61.985,58.307,4.1257e-07
61.539,0.00032412,61.439,58.035,4.3836e-07
61.008,0.00033425,60.906,57.768,4.6627e-07
60.514,0.00034477,60.41,57.52,4.9612e-07
60.093,0.00035542,59.986,57.308,5.2732e-07
59.767,0.00036646,59.657,57.144,5.6062e-07
59.607,0.00037665,59.495,57.062,5.9225e-07
59.647,0.00038532,59.532,57.081,6.1979e-07
59.9,0.00039173,59.783,57.206,6.4048e-07
60.33,0.00039504,60.211,57.421,6.5125e-07
60.926,0.00039539,60.805,57.718,6.5227e-07
61.654,0.00039266,61.533,58.081,6.4313e-07
62.474,0.00038691,62.353,58.492,6.2431e-07
63.316,0.00037877,63.196,58.913,5.9819e-07
64.165,0.00036859,64.047,59.339,5.6638e-07
64.992,0.00035692,64.876,59.753,5.31e-07
65.774,0.00034432,65.661,60.146,4.9412e-07
66.708,0.00032745,66.598,60.614,4.4683e-07
67.532,0.00031083,67.428,61.029,4.026e-07
68.248,0.00029506,68.147,61.389,3.6277e-07
68.855,0.00028069,68.758,61.694,3.2828e-07
69.328,0.00026869,69.235,61.933,3.0081e-07
69.698,0.00025823,69.608,62.119,2.7786e-07
69.959,0.00024938,69.872,62.251,2.5914e-07
70.11,0.00024215,70.025,62.328,2.4433e-07
70.155,0.00023621,70.072,62.351,2.325e-07
70.096,0.00023198,70.015,62.323,2.2425e-07
69.952,0.00022933,69.871,62.251,2.1916e-07
69.735,0.00022809,69.656,62.143,2.168e-07
69.471,0.00022806,69.392,62.011,2.1675e-07
69.148,0.00022908,69.068,61.849,2.187e-07
68.76,0.0002311,68.681,61.655,2.226e-07
68.305,0.00023412,68.225,61.427,2.2846e-07
67.802,0.00023796,67.721,61.176,2.3603e-07
67.245,0.00024276,67.164,60.897,2.4567e-07
66.65,0.00024851,66.567,60.598,2.5747e-07
66.032,0.00025517,65.948,60.289,2.7147e-07
65.426,0.00026245,65.34,59.985,2.8721e-07
64.823,0.00027041,64.735,59.683,3.0494e-07
64.224,0.00027899,64.135,59.382,3.2461e-07
63.624,0.00028812,63.533,59.081,3.4625e-07
63.01,0.00029786,62.917,58.773,3.701e-07
62.386,0.00030822,62.29,58.46,3.9634e-07
61.763,0.00031921,61.664,58.147,4.2518e-07
61.171,0.00033074,61.07,57.85,4.5651e-07
60.731,0.00034065,60.628,57.629,4.8432e-07
60.378,0.00035051,60.272,57.451,5.1281e-07
60.144,0.00035997,60.036,57.333,5.4087e-07
60.058,0.00036854,59.948,57.289,5.6693e-07
60.134,0.00037544,60.021,57.326,5.8831e-07
60.372,0.00038055,60.258,57.444,6.0439e-07
60.769,0.00038351,60.652,57.641,6.1372e-07
61.307,0.00038401,61.19,57.91,6.1522e-07
62.045,0.0003815,61.926,58.278,6.0706e-07
62.881,0.00037589,62.763,58.696,5.892e-07
63.77,0.00036754,63.653,59.141,5.6319e-07
64.668,0.00035696,64.553,59.591,5.3116e-07
65.497,0.00034544,65.384,60.007,4.9735e-07
66.279,0.00033307,66.169,60.399,4.6234e-07
67.001,0.00032037,66.894,60.762,4.2772e-07
67.657,0.00030778,67.553,61.092,3.9475e-07
68.345,0.00029361,68.245,61.438,3.5922e-07
68.944,0.00028043,68.847,61.739,3.2767e-07
69.453,0.00026843,69.36,61.995,3.0024e-07
69.87,0.0002578,69.78,62.205,2.7692e-07
70.223,0.00024749,70.136,62.383,2.5522e-07
70.445,0.00023906,70.361,62.495,2.3814e-07
70.537,0.00023251,70.455,62.543,2.2527e-07
70.511,0.00022776,70.431,62.53,2.1617e-07
70.386,0.00022468,70.307,62.469,2.1035e-07
70.182,0.0002231,70.103,62.367,2.0741e-07
69.909,0.00022287,69.831,62.23,2.07e-07
69.569,0.00022385,69.491,62.06,2.0883e-07
69.178,0.0002258,69.1,61.865,2.125e-07
68.715,0.00022877,68.637,61.633,2.1814e-07
68.179,0.00023279,68.1,61.365,2.2589e-07
67.581,0.00023788,67.5,61.065,2.3588e-07
66.938,0.00024401,66.856,60.743,2.4823e-07
66.273,0.00025114,66.19,60.41,2.6297e-07
65.606,0.00025916,65.521,60.076,2.8006e-07
64.945,0.00026796,64.858,59.744,2.9942e-07
64.393,0.00027584,64.305,59.467,3.1732e-07
63.838,0.00028418,63.747,59.189,3.3684e-07
63.274,0.000293,63.181,58.906,3.581e-07
62.702,0.0003023,62.607,58.619,3.8125e-07
62.148,0.00031179,62.051,58.341,4.056e-07
61.616,0.00032171,61.517,58.073,4.3188e-07
61.133,0.00033193,61.032,57.831,4.598e-07
60.736,0.00034218,60.633,57.631,4.8866e-07
60.464,0.00035209,60.358,57.494,5.1743e-07
60.354,0.0003611,60.245,57.438,5.4422e-07
60.431,0.0003686,60.32,57.475,5.6703e-07
60.705,0.00037398,60.591,57.611,5.8365e-07
61.175,0.00037671,61.06,57.845,5.9209e-07
61.814,0.00037639,61.698,58.164,5.9096e-07
62.584,0.00037296,62.468,58.549,5.8012e-07
63.44,0.00036657,63.324,58.977,5.603e-07
64.277,0.00035826,64.162,59.396,5.3507e-07
65.111,0.00034819,64.998,59.814,5.0534e-07
65.916,0.00033688,65.805,60.217,4.73e-07
66.672,0.00032488,66.564,60.597,4.3986e-07
67.679,0.00030702,67.575,61.103,3.928e-07
68.549,0.00028979,68.45,61.54,3.4991e-07
69.282,0.00027377,69.187,61.909,3.123e-07
69.877,0.00025965,69.787,62.208,2.8091e-07
70.304,0.00024848,70.217,62.424,2.5727e-07
70.598,0.00023919,70.513,62.572,2.3839e-07
70.755,0.00023181,70.673,62.651,2.239e-07
70.783,0.00022628,70.703,62.666,2.1335e-07
70.658,0.00022173,70.58,62.605,2.0487e-07
70.393,0.00021972,70.316,62.473,2.0118e-07
70.013,0.00021995,69.936,62.283,2.0161e-07
69.517,0.00022212,69.44,62.035,2.0562e-07
69.079,0.00022477,69.001,61.816,2.1057e-07
68.57,0.00022841,68.492,61.561,2.1745e-07
67.997,0.00023306,67.918,61.274,2.2641e-07
67.375,0.00023872,67.295,60.962,2.3756e-07
66.724,0.00024534,66.643,60.636,2.5095e-07
66.066,0.00025285,65.983,60.306,2.6657e-07
65.411,0.00026114,65.326,59.978,2.8435e-07
64.762,0.0002701,64.675,59.652,3.0423e-07
64.209,0.00027819,64.12,59.375,3.2276e-07
63.647,0.00028674,63.556,59.093,3.4295e-07
63.076,0.00029578,62.983,58.807,3.6494e-07
62.503,0.0003053,62.408,58.519,3.8887e-07
61.944,0.00031529,61.847,58.238,4.1478e-07
61.43,0.00032564,61.33,57.98,4.425e-07
60.999,0.00033609,60.897,57.763,4.7141e-07
60.692,0.00034625,60.587,57.608,5.0035e-07
60.553,0.00035483,60.446,57.538,5.2548e-07
60.576,0.00036221,60.467,57.548,5.4754e-07
60.771,0.0003679,60.66,57.645,5.6483e-07
61.138,0.00037145,61.025,57.827,5.7568e-07
61.667,0.00037246,61.552,58.091,5.7873e-07
62.327,0.00037077,62.212,58.421,5.7338e-07
63.085,0.00036643,62.969,58.8,5.5991e-07
63.901,0.00035964,63.786,59.208,5.3925e-07
64.732,0.00035086,64.618,59.624,5.1318e-07
65.55,0.00034057,65.439,60.034,4.8344e-07
66.333,0.00032924,66.224,60.427,4.5177e-07
67.063,0.0003174,66.957,60.793,4.1982e-07
68.122,0.00029835,68.02,61.325,3.709e-07
69.017,0.00028031,68.921,61.775,3.2739e-07
69.751,0.00026385,69.659,62.144,2.9006e-07
70.317,0.00024977,70.23,62.43,2.5994e-07
70.668,0.00023975,70.583,62.606,2.3951e-07
70.876,0.00023168,70.794,62.712,2.2365e-07
70.945,0.00022555,70.865,62.748,2.1198e-07
70.891,0.00022127,70.813,62.721,2.0401e-07
70.735,0.00021868,70.658,62.644,1.9926e-07
70.498,0.0002176,70.421,62.525,1.9732e-07
70.188,0.0002179,70.111,62.371,1.9786e-07
69.804,0.00021941,69.728,62.179,2.0062e-07
69.287,0.00022238,69.21,61.92,2.0612e-07
68.663,0.00022682,68.585,61.608,2.1444e-07
67.945,0.00023278,67.866,61.248,2.2586e-07
67.163,0.00024021,67.082,60.856,2.4054e-07
66.51,0.00024723,66.428,60.529,2.5483e-07
65.856,0.00025505,65.772,60.201,2.7123e-07
65.208,0.00026357,65.122,59.876,2.8969e-07
64.563,0.00027272,64.475,59.552,3.1018e-07
63.911,0.00028244,63.821,59.225,3.3273e-07
63.245,0.00029281,63.153,58.891,3.5765e-07
62.575,0.00030387,62.48,58.555,3.8523e-07
61.929,0.00031554,61.832,58.231,4.1544e-07
61.478,0.00032482,61.378,58.004,4.4028e-07
61.099,0.00033414,60.997,57.813,4.6595e-07
60.823,0.00034321,60.719,57.675,4.916e-07
60.679,0.00035162,60.573,57.601,5.1601e-07
60.687,0.00035883,60.579,57.604,5.3737e-07
60.857,0.00036449,60.746,57.688,5.5441e-07
61.188,0.00036821,61.076,57.853,5.6568e-07
61.669,0.00036964,61.555,58.093,5.7001e-07
62.321,0.00036844,62.207,58.418,5.6618e-07
63.081,0.00036445,62.966,58.798,5.5387e-07
63.907,0.00035789,63.793,59.211,5.3404e-07
64.76,0.00034916,64.647,59.639,5.082e-07
65.587,0.00033898,65.476,60.053,4.7895e-07
66.38,0.00032774,66.271,60.451,4.4766e-07
67.121,0.00031592,67.015,60.822,4.1593e-07
67.8,0.000304,67.698,61.164,3.8509e-07
68.591,0.00028895,68.492,61.561,3.479e-07
69.275,0.00027486,69.18,61.905,3.1479e-07
69.853,0.00026202,69.762,62.196,2.8606e-07
70.324,0.00025071,70.236,62.433,2.6189e-07
70.687,0.00024086,70.602,62.616,2.4172e-07
70.924,0.00023274,70.841,62.736,2.257e-07
71.035,0.00022635,70.955,62.792,2.1348e-07
71.03,0.00022163,70.952,62.791,2.0468e-07
70.926,0.00021848,70.848,62.739,1.989e-07
70.74,0.00021675,70.664,62.647,1.9577e-07
70.488,0.00021631,70.412,62.521,1.9498e-07
70.171,0.000217,70.095,62.363,1.9624e-07
69.72,0.00021909,69.643,62.137,2.0004e-07
69.165,0.00022258,69.088,61.859,2.0648e-07
68.508,0.00022754,68.43,61.53,2.1581e-07
67.767,0.00023397,67.687,61.159,2.2819e-07
66.975,0.0002418,66.895,60.762,2.4375e-07
66.171,0.00025092,66.088,60.359,2.6251e-07
65.373,0.00026114,65.288,59.959,2.8437e-07
64.58,0.00027232,64.492,59.561,3.0927e-07
63.771,0.00028439,63.681,59.155,3.3734e-07
62.945,0.0002975,62.851,58.74,3.692e-07
62.133,0.00031166,62.036,58.333,4.0526e-07
61.417,0.00032646,61.317,57.973,4.4474e-07
61.032,0.00033685,60.929,57.78,4.7352e-07
60.797,0.00034667,60.692,57.661,5.0155e-07
60.747,0.00035533,60.64,57.635,5.2691e-07
60.904,0.00036215,60.794,57.712,5.4731e-07
61.236,0.00036623,61.124,57.877,5.5961e-07
61.733,0.00036782,61.619,58.125,5.6438e-07
62.371,0.00036673,62.257,58.443,5.6094e-07
63.116,0.00036294,63.002,58.816,5.4931e-07
63.952,0.00035642,63.838,59.234,5.2964e-07
64.815,0.00034766,64.703,59.666,5.0386e-07
65.67,0.00033719,65.559,60.095,4.739e-07
66.487,0.00032559,66.379,60.505,4.4179e-07
67.352,0.00031172,67.247,60.938,4.0492e-07
68.131,0.00029781,68.03,61.33,3.6957e-07
68.821,0.00028435,68.724,61.677,3.3691e-07
69.424,0.00027179,69.329,61.98,3.0778e-07
69.936,0.00026048,69.845,62.238,2.8269e-07
70.361,0.00025038,70.273,62.451,2.612e-07
70.693,0.00024157,70.608,62.619,2.4314e-07
70.93,0.00023408,70.847,62.738,2.2831e-07
71.074,0.0002275,70.993,62.812,2.1565e-07
71.11,0.00022244,71.031,62.83,2.0618e-07
71.049,0.00021885,70.971,62.801,1.9958e-07
70.907,0.00021661,70.83,62.73,1.9552e-07
70.7,0.00021558,70.624,62.627,1.9367e-07
70.435,0.00021563,70.359,62.495,1.9376e-07
70.113,0.00021666,70.037,62.334,1.9562e-07
69.729,0.00021861,69.653,62.141,1.9918e-07
69.263,0.00022156,69.186,61.908,2.0459e-07
68.725,0.0002255,68.647,61.639,2.1195e-07
68.123,0.00023048,68.045,61.337,2.2142e-07
67.476,0.00023647,67.396,61.013,2.331e-07
66.768,0.00024384,66.686,60.658,2.4789e-07
66.056,0.00025217,65.973,60.302,2.6513e-07
65.351,0.00026133,65.266,59.948,2.8477e-07
64.649,0.00027122,64.562,59.596,3.0676e-07
63.923,0.000282,63.833,59.231,3.3168e-07
63.18,0.0002936,63.088,58.859,3.5957e-07
62.44,0.00030604,62.345,58.487,3.9075e-07
61.752,0.00031913,61.654,58.142,4.2497e-07
61.318,0.00032908,61.217,57.923,4.5192e-07
60.994,0.00033883,60.891,57.76,4.7911e-07
60.816,0.00034792,60.71,57.67,5.0517e-07
60.812,0.0003558,60.704,57.667,5.2831e-07
60.979,0.00036152,60.869,57.749,5.4538e-07
61.311,0.00036525,61.199,57.915,5.5661e-07
61.797,0.00036668,61.684,58.157,5.6088e-07
62.413,0.00036561,62.299,58.464,5.5753e-07
63.268,0.0003611,63.154,58.892,5.4372e-07
64.202,0.00035341,64.089,59.359,5.2071e-07
65.16,0.00034313,65.048,59.839,4.9077e-07
66.094,0.00033098,65.984,60.307,4.5657e-07
66.919,0.00031861,66.813,60.721,4.2305e-07
67.678,0.0003059,67.575,61.102,3.8994e-07
68.364,0.00029331,68.264,61.447,3.5848e-07
68.975,0.00028125,68.879,61.754,3.2958e-07
69.548,0.00026929,69.454,62.042,3.0215e-07
70.038,0.00025839,69.948,62.289,2.7819e-07
70.444,0.00024867,70.356,62.493,2.5764e-07
70.761,0.00024018,70.676,62.653,2.4036e-07
71.012,0.00023192,70.93,62.78,2.2411e-07
71.136,0.00022539,71.056,62.843,2.1167e-07
71.141,0.00022055,71.063,62.847,2.0268e-07
71.044,0.0002173,70.967,62.798,1.9676e-07
70.86,0.00021546,70.784,62.707,1.9345e-07
70.604,0.00021496,70.529,62.579,1.9255e-07
70.283,0.00021565,70.207,62.418,1.9379e-07
69.891,0.00021743,69.815,62.223,1.9702e-07
69.408,0.00022034,69.331,61.981,2.0234e-07
68.839,0.0002244,68.762,61.696,2.0989e-07
68.195,0.00022967,68.117,61.373,2.1987e-07
67.496,0.00023612,67.416,61.023,2.3241e-07
66.764,0.00024377,66.683,60.656,2.4773e-07
66.029,0.00025242,65.946,60.288,2.6565e-07
65.301,0.00026194,65.216,59.923,2.8611e-07
64.575,0.00027224,64.487,59.559,3.0908e-07
63.875,0.00028267,63.785,59.207,3.3327e-07
63.161,0.00029386,63.068,58.849,3.6022e-07
62.451,0.00030582,62.356,58.493,3.9019e-07
61.791,0.00031837,61.692,58.161,4.2294e-07
61.347,0.0003285,61.246,57.938,4.5031e-07
61.019,0.0003384,60.916,57.773,4.7791e-07
60.844,0.00034762,60.738,57.684,5.043e-07
60.85,0.00035556,60.742,57.686,5.2757e-07
61.029,0.00036114,60.919,57.774,5.4423e-07
61.374,0.00036471,61.262,57.946,5.5495e-07
61.87,0.00036595,61.757,58.194,5.5865e-07
62.496,0.00036469,62.382,58.506,5.5471e-07
63.347,0.00036004,63.233,58.932,5.4053e-07
64.272,0.00035232,64.159,59.395,5.1749e-07
65.218,0.0003421,65.107,59.868,4.8782e-07
66.14,0.00033009,66.031,60.33,4.5411e-07
66.967,0.00031769,66.861,60.745,4.2059e-07
67.727,0.00030496,67.624,61.127,3.8754e-07
68.413,0.00029236,68.313,61.471,3.5616e-07
69.024,0.0002803,68.927,61.779,3.2737e-07
69.593,0.0002684,69.5,62.065,3.0017e-07
70.081,0.00025758,69.99,62.31,2.7643e-07
70.483,0.00024792,70.396,62.513,2.5608e-07
70.797,0.0002395,70.712,62.671,2.3899e-07
71.043,0.00023134,70.961,62.796,2.2299e-07
71.164,0.00022489,71.084,62.857,2.1074e-07
71.167,0.00022012,71.089,62.859,2.0189e-07
71.068,0.00021692,70.991,62.811,1.9607e-07
70.884,0.00021511,70.808,62.719,1.9283e-07
70.628,0.00021462,70.553,62.591,1.9195e-07
70.307,0.00021532,70.232,62.431,1.9321e-07
69.917,0.0002171,69.841,62.235,1.9643e-07
69.434,0.00022001,69.357,61.994,2.0173e-07
68.866,0.00022406,68.789,61.709,2.0925e-07
68.222,0.00022932,68.144,61.387,2.192e-07
67.524,0.00023575,67.444,61.037,2.3168e-07
66.79,0.00024339,66.709,60.67,2.4697e-07
66.054,0.00025204,65.971,60.3,2.6487e-07
65.325,0.00026157,65.24,59.935,2.853e-07
64.598,0.00027187,64.51,59.57,3.0824e-07
63.896,0.00028231,63.806,59.218,3.324e-07
63.181,0.00029349,63.089,58.859,3.5931e-07
62.471,0.00030545,62.375,58.503,3.8925e-07
61.809,0.000318,61.711,58.171,4.2196e-07
61.365,0.00032813,61.265,57.947,4.4932e-07
61.038,0.00033804,60.935,57.782,4.7689e-07
60.863,0.00034725,60.758,57.694,5.0324e-07
60.871,0.00035518,60.763,57.697,5.2645e-07
61.053,0.00036074,60.943,57.786,5.43e-07
61.399,0.00036427,61.287,57.959,5.5362e-07
61.898,0.00036548,61.785,58.207,5.5721e-07
62.525,0.00036419,62.411,58.52,5.5318e-07
63.375,0.00035951,63.261,58.946,5.3896e-07
64.299,0.0003518,64.186,59.408,5.1596e-07
65.243,0.00034159,65.131,59.881,4.8639e-07
66.162,0.00032962,66.053,60.342,4.5281e-07
66.989,0.00031722,66.883,60.757,4.1937e-07
67.749,0.00030451,67.646,61.138,3.8638e-07
68.435,0.00029192,68.335,61.483,3.5508e-07
69.046,0.00027987,68.95,61.79,3.2637e-07
69.615,0.000268,69.522,62.076,2.9927e-07
70.101,0.0002572,70.011,62.321,2.7563e-07
70.503,0.00024756,70.416,62.523,2.5536e-07
70.816,0.00023917,70.732,62.681,2.3834e-07
71.062,0.00023104,70.98,62.805,2.2242e-07
71.181,0.00022462,71.101,62.866,2.1023e-07
71.184,0.00021987,71.106,62.868,2.0144e-07
71.085,0.00021669,71.008,62.819,1.9565e-07
70.9,0.0002149,70.824,62.727,1.9243e-07
70.644,0.00021441,70.569,62.599,1.9157e-07
70.323,0.00021511,70.248,62.439,1.9284e-07
69.933,0.00021689,69.857,62.243,1.9605e-07
69.45,0.0002198,69.373,62.002,2.0135e-07
68.882,0.00022386,68.805,61.717,2.0886e-07
68.238,0.0002291,68.16,61.395,2.1879e-07
67.54,0.00023553,67.461,61.045,2.3125e-07
66.806,0.00024317,66.725,60.677,2.4652e-07
66.069,0.00025182,65.986,60.308,2.6439e-07
65.34,0.00026134,65.254,59.942,2.848e-07
64.612,0.00027163,64.524,59.577,3.0771e-07
63.91,0.00028207,63.82,59.225,3.3184e-07
63.195,0.00029325,63.102,58.866,3.5871e-07
62.484,0.0003052,62.389,58.509,3.8861e-07
61.823,0.00031775,61.724,58.177,4.2128e-07
61.378,0.00032788,61.278,57.954,4.4861e-07
61.05,0.00033778,60.947,57.789,4.7615e-07
60.876,0.00034699,60.771,57.7,5.0246e-07
60.884,0.0003549,60.776,57.703,5.2563e-07
61.066,0.00036045,60.956,57.793,5.4215e-07
61.413,0.00036398,61.301,57.966,5.5273e-07
61.912,0.00036518,61.799,58.214,5.563e-07
62.539,0.00036388,62.426,58.528,5.5224e-07
63.39,0.00035921,63.276,58.953,5.3803e-07
64.313,0.00035149,64.2,59.415,5.1507e-07
65.256,0.0003413,65.145,59.887,4.8555e-07
66.175,0.00032934,66.066,60.348,4.5204e-07
67.002,0.00031695,66.896,60.763,4.1865e-07
67.762,0.00030424,67.659,61.145,3.8572e-07
68.448,0.00029167,68.348,61.489,3.5447e-07
69.059,0.00027963,68.962,61.796,3.2581e-07
69.627,0.00026778,69.534,62.082,2.9876e-07
70.114,0.00025699,70.024,62.327,2.7517e-07
70.515,0.00024736,70.428,62.529,2.5495e-07
70.828,0.00023898,70.743,62.687,2.3797e-07
71.073,0.00023087,70.991,62.81,2.2208e-07
71.192,0.00022446,71.113,62.871,2.0993e-07
71.195,0.00021972,71.116,62.873,2.0116e-07
71.095,0.00021654,71.018,62.824,1.9539e-07
70.91,0.00021476,70.834,62.732,1.9218e-07
70.655,0.00021428,70.579,62.605,1.9133e-07
70.333,0.00021498,70.258,62.444,1.926e-07
69.943,0.00021676,69.867,62.249,1.9581e-07
69.46,0.00021967,69.384,62.007,2.0111e-07
68.892,0.00022372,68.815,61.722,2.0861e-07
68.248,0.00022897,68.17,61.4,2.1853e-07
67.55,0.00023539,67.47,61.05,2.3098e-07
66.816,0.00024303,66.735,60.682,2.4624e-07
66.079,0.00025167,65.996,60.313,2.6409e-07
65.349,0.00026119,65.264,59.947,2.8448e-07
64.621,0.00027149,64.534,59.582,3.0737e-07
63.92,0.00028191,63.83,59.23,3.3148e-07
63.204,0.00029309,63.111,58.871,3.5833e-07
62.493,0.00030504,62.397,58.514,3.882e-07
61.831,0.00031758,61.733,58.181,4.2084e-07
61.387,0.00032771,61.286,57.958,4.4814e-07
61.059,0.00033761,60.956,57.793,4.7566e-07
60.884,0.00034681,60.779,57.704,5.0195e-07
60.893,0.00035472,60.785,57.707,5.2509e-07
61.075,0.00036027,60.965,57.797,5.4159e-07
61.422,0.00036379,61.31,57.97,5.5216e-07
61.921,0.00036499,61.808,58.219,5.5571e-07
62.548,0.00036369,62.435,58.532,5.5165e-07
63.398,0.00035901,63.285,58.957,5.3745e-07
64.321,0.0003513,64.209,59.419,5.1451e-07
65.264,0.00034112,65.153,59.892,4.8502e-07
66.183,0.00032916,66.074,60.352,4.5156e-07
67.01,0.00031678,66.904,60.767,4.182e-07
67.77,0.00030408,67.667,61.148,3.853e-07
68.456,0.00029151,68.356,61.493,3.5409e-07
69.066,0.00027948,68.97,61.8,3.2547e-07
69.635,0.00026764,69.542,62.086,2.9845e-07
70.121,0.00025686,70.031,62.331,2.7489e-07
70.523,0.00024724,70.436,62.533,2.5469e-07
70.835,0.00023887,70.751,62.69,2.3773e-07
71.08,0.00023076,70.998,62.814,2.2187e-07
71.199,0.00022436,71.12,62.875,2.0974e-07
71.202,0.00021962,71.123,62.877,2.0098e-07
71.102,0.00021645,71.025,62.828,1.9522e-07
70.917,0.00021467,70.841,62.736,1.9202e-07
70.661,0.00021419,70.586,62.608,1.9118e-07
70.34,0.00021489,70.265,62.447,1.9244e-07
69.95,0.00021668,69.874,62.252,1.9566e-07
69.466,0.00021958,69.39,62.01,2.0095e-07
68.898,0.00022364,68.821,61.726,2.0846e-07
68.255,0.00022888,68.177,61.403,2.1837e-07
67.556,0.0002353,67.477,61.053,2.3081e-07
66.822,0.00024294,66.741,60.685,2.4606e-07
66.085,0.00025158,66.002,60.316,2.639e-07
65.355,0.0002611,65.27,59.95,2.8428e-07
64.627,0.00027139,64.54,59.585,3.0716e-07
63.925,0.00028181,63.835,59.233,3.3124e-07
63.209,0.00029299,63.117,58.873,3.5808e-07
62.498,0.00030493,62.403,58.516,3.8793e-07
61.837,0.00031747,61.739,58.184,4.2055e-07
61.392,0.0003276,61.292,57.961,4.4784e-07
61.064,0.00033749,60.961,57.795,4.7534e-07
60.89,0.00034669,60.784,57.707,5.0162e-07
60.898,0.0003546,60.79,57.71,5.2474e-07
61.08,0.00036015,60.97,57.8,5.4123e-07
61.427,0.00036367,61.315,57.973,5.5179e-07
61.926,0.00036487,61.813,58.222,5.5534e-07
62.554,0.00036356,62.44,58.535,5.5128e-07
63.404,0.00035889,63.29,58.96,5.3708e-07
64.327,0.00035118,64.214,59.422,5.1416e-07
65.27,0.000341,65.159,59.894,4.8469e-07
66.188,0.00032905,66.079,60.355,4.5125e-07
67.015,0.00031667,66.909,60.77,4.1791e-07
67.775,0.00030398,67.672,61.151,3.8504e-07
68.461,0.00029141,68.361,61.496,3.5385e-07
69.071,0.00027939,68.975,61.802,3.2525e-07
69.64,0.00026755,69.547,62.088,2.9825e-07
70.126,0.00025677,70.036,62.333,2.7471e-07
70.527,0.00024716,70.44,62.535,2.5453e-07
70.84,0.00023879,70.756,62.693,2.3758e-07
71.085,0.00023069,71.003,62.816,2.2174e-07
71.204,0.00022429,71.124,62.877,2.0961e-07
71.206,0.00021956,71.128,62.879,2.0087e-07
71.106,0.00021639,71.03,62.83,1.9511e-07
70.922,0.00021461,70.845,62.738,1.9192e-07
70.666,0.00021413,70.59,62.61,1.9108e-07
70.344,0.00021484,70.269,62.449,1.9235e-07
69.954,0.00021662,69.878,62.254,1.9556e-07
69.47,0.00021953,69.394,62.012,2.0085e-07
68.902,0.00022358,68.826,61.728,2.0836e-07
68.259,0.00022883,68.181,61.405,2.1826e-07
67.56,0.00023525,67.481,61.055,2.307e-07
66.826,0.00024289,66.745,60.687,2.4594e-07
66.089,0.00025153,66.006,60.318,2.6378e-07
65.359,0.00026104,65.274,59.952,2.8415e-07
64.631,0.00027133,64.543,59.587,3.0702e-07
63.929,0.00028175,63.839,59.234,3.311e-07
63.213,0.00029292,63.121,58.875,3.5792e-07
62.502,0.00030487,62.407,58.518,3.8776e-07
61.84,0.00031741,61.742,58.186,4.2037e-07
61.396,0.00032752,61.295,57.963,4.4764e-07
61.067,0.00033742,60.965,57.797,4.7514e-07
60.893,0.00034662,60.788,57.709,5.014e-07
60.901,0.00035453,60.794,57.712,5.2452e-07
61.083,0.00036007,60.974,57.802,5.41e-07
61.43,0.00036359,61.319,57.974,5.5155e-07
61.929,0.00036479,61.817,58.223,5.551e-07
62.557,0.00036348,62.444,58.537,5.5104e-07
63.407,0.00035881,63.293,58.962,5.3685e-07
64.33,0.0003511,64.217,59.424,5.1393e-07
65.273,0.00034092,65.162,59.896,4.8448e-07
66.191,0.00032898,66.083,60.356,4.5105e-07
67.018,0.00031661,66.913,60.771,4.1773e-07
67.778,0.00030391,67.675,61.153,3.8487e-07
68.464,0.00029135,68.364,61.497,3.537e-07
69.075,0.00027933,68.978,61.804,3.2511e-07
69.643,0.00026749,69.55,62.09,2.9813e-07
70.129,0.00025672,70.039,62.335,2.7459e-07
70.53,0.00024711,70.443,62.537,2.5443e-07
70.843,0.00023875,70.759,62.694,2.3749e-07
71.088,0.00023065,71.006,62.818,2.2165e-07
71.207,0.00022425,71.127,62.878,2.0954e-07
71.209,0.00021952,71.131,62.88,2.0079e-07
71.109,0.00021635,71.032,62.831,1.9504e-07
70.924,0.00021457,70.848,62.739,1.9185e-07
70.668,0.0002141,70.593,62.611,1.9101e-07
70.347,0.00021481,70.272,62.451,1.9228e-07
69.956,0.00021659,69.881,62.255,1.955e-07
69.473,0.00021949,69.397,62.013,2.0079e-07
68.905,0.00022355,68.828,61.729,2.0829e-07
68.261,0.00022879,68.183,61.407,2.182e-07
67.563,0.00023521,67.483,61.057,2.3063e-07
66.829,0.00024285,66.748,60.689,2.4587e-07
66.091,0.00025149,66.008,60.319,2.637e-07
65.361,0.000261,65.276,59.953,2.8406e-07
64.633,0.00027129,64.546,59.588,3.0693e-07
63.931,0.00028171,63.841,59.236,3.31e-07
63.215,0.00029288,63.123,58.876,3.5782e-07
62.504,0.00030482,62.409,58.519,3.8765e-07
61.842,0.00031736,61.744,58.187,4.2025e-07
61.398,0.00032748,61.297,57.964,4.4752e-07
61.07,0.00033738,60.967,57.798,4.7501e-07
60.895,0.00034657,60.79,57.71,5.0126e-07
60.904,0.00035448,60.796,57.713,5.2438e-07
61.086,0.00036002,60.976,57.803,5.4085e-07
61.433,0.00036354,61.321,57.975,5.514e-07
61.932,0.00036474,61.819,58.224,5.5494e-07
62.559,0.00036343,62.446,58.538,5.5089e-07
63.409,0.00035876,63.296,58.963,5.3669e-07
64.332,0.00035105,64.219,59.425,5.1379e-07
65.275,0.00034088,65.164,59.897,4.8434e-07
66.193,0.00032893,66.085,60.357,4.5093e-07
67.021,0.00031656,66.915,60.772,4.1761e-07
67.78,0.00030387,67.677,61.154,3.8477e-07
68.466,0.00029131,68.366,61.498,3.536e-07
69.077,0.00027929,68.98,61.805,3.2502e-07
69.645,0.00026746,69.552,62.091,2.9805e-07
70.131,0.00025668,70.041,62.335,2.7452e-07
70.532,0.00024708,70.445,62.538,2.5436e-07
70.845,0.00023872,70.76,62.695,2.3743e-07
71.089,0.00023062,71.008,62.819,2.216e-07
71.209,0.00022423,71.129,62.879,2.0949e-07
71.211,0.0002195,71.133,62.881,2.0075e-07
71.111,0.00021633,71.034,62.832,1.95e-07
70.926,0.00021455,70.85,62.74,1.9181e-07
70.67,0.00021408,70.595,62.612,1.9097e-07
70.349,0.00021478,70.273,62.452,1.9224e-07
69.958,0.00021657,69.882,62.256,1.9546e-07
69.475,0.00021947,69.399,62.014,2.0075e-07
68.907,0.00022353,68.83,61.73,2.0825e-07
68.263,0.00022877,68.185,61.407,2.1815e-07
67.564,0.00023519,67.485,61.058,2.3059e-07
66.83,0.00024283,66.749,60.69,2.4582e-07
66.093,0.00025146,66.01,60.32,2.6365e-07
65.363,0.00026098,65.278,59.954,2.8401e-07
64.635,0.00027126,64.547,59.589,3.0687e-07
63.933,0.00028168,63.843,59.236,3.3094e-07
63.217,0.00029285,63.125,58.877,3.5775e-07
62.505,0.0003048,62.41,58.52,3.8758e-07
61.844,0.00031733,61.746,58.188,4.2018e-07
61.399,0.00032745,61.299,57.964,4.4744e-07
61.071,0.00033735,60.968,57.799,4.7492e-07
60.897,0.00034654,60.791,57.711,5.0118e-07
60.905,0.00035445,60.797,57.714,5.2429e-07
61.087,0.00035999,60.977,57.804,5.4076e-07
61.434,0.00036351,61.323,57.976,5.513e-07
61.933,0.0003647,61.82,58.225,5.5484e-07
62.561,0.0003634,62.447,58.539,5.5079e-07
63.411,0.00035873,63.297,58.963,5.366e-07
64.334,0.00035102,64.221,59.425,5.1369e-07
65.276,0.00034085,65.165,59.898,4.8426e-07
66.195,0.0003289,66.086,60.358,4.5085e-07
67.022,0.00031653,66.916,60.773,4.1754e-07
67.782,0.00030384,67.679,61.154,3.847e-07
68.467,0.00029128,68.368,61.499,3.5354e-07
69.078,0.00027927,68.982,61.806,3.2496e-07
69.646,0.00026743,69.553,62.092,2.98e-07
70.132,0.00025666,70.042,62.336,2.7447e-07
70.534,0.00024706,70.447,62.538,2.5432e-07
70.846,0.0002387,70.762,62.696,2.3739e-07
71.091,0.0002306,71.009,62.819,2.2156e-07
71.21,0.00022421,71.13,62.88,2.0945e-07
71.212,0.00021948,71.134,62.882,2.0072e-07
71.112,0.00021631,71.035,62.833,1.9497e-07
70.927,0.00021453,70.851,62.741,1.9179e-07
70.671,0.00021406,70.596,62.613,1.9095e-07
70.35,0.00021477,70.274,62.452,1.9222e-07
69.959,0.00021655,69.884,62.257,1.9543e-07
69.476,0.00021946,69.4,62.015,2.0072e-07
68.908,0.00022351,68.831,61.73,2.0822e-07
68.264,0.00022876,68.186,61.408,2.1813e-07
67.565,0.00023518,67.486,61.058,2.3056e-07
66.831,0.00024281,66.75,60.69,2.4579e-07
66.094,0.00025145,66.011,60.32,2.6362e-07
65.364,0.00026096,65.279,59.954,2.8398e-07
64.636,0.00027125,64.548,59.589,3.0683e-07
63.934,0.00028167,63.844,59.237,3.309e-07
63.218,0.00029284,63.125,58.878,3.5771e-07
62.506,0.00030478,62.411,58.521,3.8754e-07
61.845,0.00031731,61.747,58.188,4.2013e-07
61.4,0.00032743,61.3,57.965,4.4739e-07
61.072,0.00033733,60.969,57.799,4.7487e-07
60.898,0.00034652,60.792,57.711,5.0112e-07
60.906,0.00035443,60.798,57.714,5.2423e-07
61.088,0.00035997,60.978,57.804,5.407e-07
61.435,0.00036349,61.323,57.977,5.5124e-07
61.934,0.00036468,61.821,58.226,5.5478e-07
62.562,0.00036338,62.448,58.539,5.5072e-07
63.411,0.00035871,63.298,58.964,5.3654e-07
64.334,0.000351,64.222,59.426,5.1363e-07
65.277,0.00034083,65.166,59.898,4.842e-07
66.196,0.00032888,66.087,60.358,4.508e-07
67.023,0.00031652,66.917,60.773,4.1749e-07
67.782,0.00030382,67.68,61.155,3.8465e-07
68.468,0.00029127,68.369,61.499,3.535e-07
69.079,0.00027925,68.982,61.806,3.2492e-07
69.647,0.00026742,69.554,62.092,2.9796e-07
70.133,0.00025665,70.043,62.337,2.7445e-07
70.534,0.00024705,70.447,62.539,2.5429e-07
70.847,0.00023868,70.762,62.696,2.3737e-07
71.091,0.00023059,71.01,62.82,2.2154e-07
71.211,0.0002242,71.131,62.88,2.0943e-07
71.213,0.00021947,71.134,62.882,2.007e-07
71.113,0.0002163,71.036,62.833,1.9496e-07
70.928,0.00021452,70.852,62.741,1.9177e-07
70.672,0.00021405,70.597,62.613,1.9093e-07
70.351,0.00021476,70.275,62.453,1.922e-07
69.96,0.00021654,69.884,62.257,1.9542e-07
69.477,0.00021945,69.4,62.015,2.0071e-07
68.909,0.0002235,68.832,61.731,2.0821e-07
68.265,0.00022875,68.187,61.408,2.1811e-07
67.566,0.00023517,67.487,61.058,2.3054e-07
66.832,0.0002428,66.751,60.69,2.4577e-07
66.095,0.00025144,66.012,60.321,2.636e-07
65.365,0.00026095,65.279,59.955,2.8395e-07
64.637,0.00027124,64.549,59.589,3.0681e-07
63.934,0.00028166,63.845,59.237,3.3088e-07
63.219,0.00029283,63.126,58.878,3.5769e-07
62.507,0.00030477,62.412,58.521,3.8751e-07
61.845,0.0003173,61.747,58.189,4.201e-07
61.401,0.00032742,61.3,57.965,4.4736e-07
61.073,0.00033732,60.97,57.8,4.7484e-07
60.898,0.00034651,60.793,57.711,5.0109e-07
60.907,0.00035442,60.799,57.714,5.2419e-07
61.088,0.00035996,60.979,57.804,5.4066e-07
61.435,0.00036347,61.324,57.977,5.512e-07
61.935,0.00036467,61.822,58.226,5.5474e-07
62.562,0.00036337,62.449,58.539,5.5068e-07
63.412,0.00035869,63.299,58.964,5.365e-07
64.335,0.00035099,64.222,59.426,5.136e-07
65.278,0.00034081,65.167,59.898,4.8416e-07
66.196,0.00032887,66.088,60.359,4.5076e-07
67.023,0.0003165,66.917,60.774,4.1746e-07
67.783,0.00030381,67.68,61.155,3.8463e-07
68.469,0.00029126,68.369,61.499,3.5347e-07
69.079,0.00027924,68.983,61.806,3.249e-07
69.647,0.00026741,69.554,62.092,2.9794e-07
70.134,0.00025664,70.044,62.337,2.7443e-07
70.535,0.00024704,70.448,62.539,2.5427e-07
70.847,0.00023868,70.763,62.696,2.3735e-07
71.092,0.00023058,71.01,62.82,2.2153e-07
71.211,0.00022419,71.131,62.881,2.0942e-07
71.213,0.00021946,71.135,62.882,2.0069e-07
71.113,0.0002163,71.037,62.833,1.9494e-07
70.928,0.00021452,70.852,62.741,1.9176e-07
70.673,0.00021405,70.597,62.613,1.9092e-07
70.351,0.00021475,70.276,62.453,1.9219e-07
69.96,0.00021654,69.885,62.257,1.9541e-07
69.477,0.00021944,69.401,62.015,2.007e-07
68.909,0.0002235,68.832,61.731,2.082e-07
68.265,0.00022874,68.187,61.409,2.181e-07
67.567,0.00023516,67.487,61.059,2.3053e-07
66.832,0.0002428,66.751,60.691,2.4576e-07
66.095,0.00025143,66.012,60.321,2.6358e-07
65.365,0.00026095,65.28,59.955,2.8394e-07
64.637,0.00027123,64.549,59.59,3.068e-07
63.935,0.00028165,63.845,59.237,3.3086e-07
63.219,0.00029282,63.126,58.878,3.5767e-07
62.507,0.00030476,62.412,58.521,3.8749e-07
61.846,0.0003173,61.748,58.189,4.2008e-07
61.401,0.00032741,61.301,57.965,4.4734e-07
61.073,0.00033731,60.97,57.8,4.7481e-07
60.899,0.0003465,60.793,57.712,5.0106e-07
60.907,0.00035441,60.799,57.715,5.2417e-07
61.089,0.00035995,60.979,57.804,5.4063e-07
61.436,0.00036347,61.324,57.977,5.5117e-07
61.935,0.00036466,61.822,58.226,5.5472e-07
62.563,0.00036336,62.449,58.539,5.5066e-07
63.412,0.00035869,63.299,58.964,5.3647e-07
64.335,0.00035098,64.223,59.426,5.1357e-07
65.278,0.00034081,65.167,59.899,4.8414e-07
66.197,0.00032886,66.088,60.359,4.5074e-07
67.024,0.0003165,66.918,60.774,4.1744e-07
67.783,0.00030381,67.68,61.155,3.8461e-07
68.469,0.00029125,68.369,61.5,3.5346e-07
69.08,0.00027924,68.983,61.807,3.2489e-07
69.648,0.0002674,69.555,62.092,2.9793e-07
70.134,0.00025663,70.044,62.337,2.7441e-07
70.535,0.00024703,70.448,62.539,2.5426e-07
70.848,0.00023867,70.763,62.697,2.3734e-07
71.092,0.00023058,71.01,62.82,2.2152e-07
71.211,0.00022419,71.132,62.881,2.0941e-07
71.213,0.00021946,71.135,62.883,2.0068e-07
71.114,0.00021629,71.037,62.833,1.9494e-07
70.929,0.00021451,70.853,62.741,1.9175e-07
70.673,0.00021404,70.597,62.614,1.9091e-07
70.351,0.00021475,70.276,62.453,1.9219e-07
69.961,0.00021653,69.885,62.257,1.954e-07
69.477,0.00021944,69.401,62.016,2.0069e-07
68.909,0.00022349,68.832,61.731,2.0819e-07
68.265,0.00022874,68.187,61.409,2.1809e-07
67.567,0.00023516,67.488,61.059,2.3052e-07
66.833,0.00024279,66.752,60.691,2.4575e-07
66.095,0.00025143,66.012,60.321,2.6358e-07
65.365,0.00026094,65.28,59.955,2.8393e-07
64.637,0.00027123,64.55,59.59,3.0679e-07
63.935,0.00028165,63.845,59.238,3.3085e-07
63.219,0.00029282,63.127,58.878,3.5766e-07
62.508,0.00030476,62.413,58.521,3.8748e-07
61.846,0.00031729,61.748,58.189,4.2007e-07
61.401,0.00032741,61.301,57.965,4.4732e-07
61.073,0.0003373,60.97,57.8,4.748e-07
60.899,0.0003465,60.793,57.712,5.0105e-07
60.907,0.0003544,60.799,57.715,5.2415e-07
61.089,0.00035994,60.979,57.805,5.4062e-07
61.436,0.00036346,61.325,57.977,5.5116e-07
61.935,0.00036466,61.822,58.226,5.547e-07
62.563,0.00036335,62.449,58.54,5.5064e-07
63.413,0.00035868,63.299,58.964,5.3646e-07
64.336,0.00035098,64.223,59.426,5.1356e-07
65.278,0.0003408,65.167,59.899,4.8413e-07
66.197,0.00032886,66.088,60.359,4.5073e-07
67.024,0.00031649,66.918,60.774,4.1743e-07
67.784,0.0003038,67.681,61.155,3.846e-07
68.469,0.00029124,68.37,61.5,3.5345e-07
69.08,0.00027923,68.983,61.807,3.2488e-07
69.648,0.0002674,69.555,62.092,2.9792e-07
70.134,0.00025663,70.044,62.337,2.7441e-07
70.536,0.00024703,70.448,62.539,2.5425e-07
70.848,0.00023867,70.764,62.697,2.3733e-07
71.092,0.00023057,71.011,62.82,2.2151e-07
71.212,0.00022418,71.132,62.881,2.0941e-07
71.213,0.00021946,71.135,62.883,2.0067e-07
71.114,0.00021629,71.037,62.834,1.9493e-07
70.929,0.00021451,70.853,62.741,1.9175e-07
70.673,0.00021404,70.597,62.614,1.9091e-07
70.352,0.00021475,70.276,62.453,1.9218e-07
69.961,0.00021653,69.885,62.258,1.954e-07
69.478,0.00021944,69.401,62.016,2.0069e-07
68.909,0.00022349,68.833,61.731,2.0818e-07
68.266,0.00022874,68.188,61.409,2.1809e-07
67.567,0.00023515,67.488,61.059,2.3051e-07
66.833,0.00024279,66.752,60.691,2.4575e-07
66.096,0.00025143,66.013,60.321,2.6357e-07
65.365,0.00026094,65.28,59.955,2.8393e-07
64.637,0.00027122,64.55,59.59,3.0678e-07
63.935,0.00028164,63.845,59.238,3.3084e-07
63.219,0.00029281,63.127,58.878,3.5765e-07
62.508,0.00030475,62.413,58.521,3.8747e-07
61.846,0.00031729,61.748,58.189,4.2006e-07
61.402,0.0003274,61.301,57.965,4.4732e-07
61.073,0.0003373,60.97,57.8,4.7479e-07
60.899,0.00034649,60.794,57.712,5.0104e-07
60.907,0.0003544,60.8,57.715,5.2414e-07
61.089,0.00035994,60.979,57.805,5.4061e-07
61.436,0.00036346,61.325,57.977,5.5115e-07
61.935,0.00036465,61.823,58.226,5.5469e-07
62.563,0.00036335,62.449,58.54,5.5063e-07
63.413,0.00035868,63.299,58.965,5.3645e-07
64.336,0.00035097,64.223,59.426,5.1355e-07
65.279,0.0003408,65.168,59.899,4.8412e-07
66.197,0.00032885,66.088,60.359,4.5072e-07
67.024,0.00031649,66.918,60.774,4.1742e-07
67.784,0.0003038,67.681,61.155,3.8459e-07
68.469,0.00029124,68.37,61.5,3.5344e-07
69.08,0.00027923,68.984,61.807,3.2487e-07
69.648,0.0002674,69.555,62.093,2.9791e-07
70.134,0.00025663,70.044,62.337,2.744e-07
70.536,0.00024703,70.449,62.539,2.5425e-07
70.848,0.00023866,70.764,62.697,2.3733e-07
71.093,0.00023057,71.011,62.82,2.2151e-07
71.212,0.00022418,71.132,62.881,2.094e-07
71.214,0.00021945,71.136,62.883,2.0067e-07
71.114,0.00021629,71.037,62.834,1.9493e-07
70.929,0.00021451,70.853,62.741,1.9174e-07
70.673,0.00021404,70.598,62.614,1.9091e-07
70.352,0.00021475,70.276,62.453,1.9218e-07
69.961,0.00021653,69.885,62.258,1.9539e-07
69.478,0.00021944,69.401,62.016,2.0068e-07
68.91,0.00022349,68.833,61.731,2.0818e-07
68.266,0.00022874,68.188,61.409,2.1808e-07
67.567,0.00023515,67.488,61.059,2.3051e-07
66.833,0.00024279,66.752,60.691,2.4574e-07
66.096,0.00025142,66.013,60.321,2.6357e-07
65.366,0.00026094,65.28,59.955,2.8392e-07
64.637,0.00027122,64.55,59.59,3.0678e-07
63.935,0.00028164,63.846,59.238,3.3084e-07
63.219,0.00029281,63.127,58.878,3.5765e-07
62.508,0.00030475,62.413,58.521,3.8747e-07
61.846,0.00031729,61.748,58.189,4.2005e-07
61.402,0.0003274,61.301,57.966,4.4731e-07
61.073,0.0003373,60.971,57.8,4.7478e-07
60.899,0.00034649,60.794,57.712,5.0103e-07
60.907,0.0003544,60.8,57.715,5.2413e-07
61.089,0.00035994,60.98,57.805,5.406e-07
61.436,0.00036345,61.325,57.977,5.5114e-07
61.935,0.00036465,61.823,58.226,5.5468e-07
62.563,0.00036335,62.45,58.54,5.5062e-07
63.413,0.00035868,63.299,58.965,5.3644e-07
64.336,0.00035097,64.223,59.427,5.1354e-07
65.279,0.00034079,65.168,59.899,4.8411e-07
66.197,0.00032885,66.088,60.359,4.5072e-07
67.024,0.00031649,66.918,60.774,4.1742e-07
67.784,0.0003038,67.681,61.155,3.8459e-07
68.469,0.00029124,68.37,61.5,3.5343e-07
69.08,0.00027923,68.984,61.807,3.2487e-07
69.648,0.00026739,69.555,62.093,2.9791e-07
70.134,0.00025663,70.044,62.337,2.744e-07
70.536,0.00024702,70.449,62.539,2.5425e-07
70.848,0.00023866,70.764,62.697,2.3733e-07
71.093,0.00023057,71.011,62.82,2.2151e-07
71.212,0.00022418,71.132,62.881,2.094e-07
71.214,0.00021945,71.136,62.883,2.0067e-07
71.114,0.00021629,71.037,62.834,1.9493e-07
70.929,0.00021451,70.853,62.742,1.9174e-07
70.673,0.00021404,70.598,62.614,1.909e-07
70.352,0.00021474,70.276,62.453,1.9218e-07
69.961,0.00021653,69.885,62.258,1.9539e-07
69.478,0.00021943,69.402,62.016,2.0068e-07
68.91,0.00022349,68.833,61.731,2.0818e-07
68.266,0.00022873,68.188,61.409,2.1808e-07
67.567,0.00023515,67.488,61.059,2.3051e-07
66.833,0.00024279,66.752,60.691,2.4574e-07
66.096,0.00025142,66.013,60.321,2.6357e-07
65.366,0.00026094,65.28,59.955,2.8392e-07
64.638,0.00027122,64.55,59.59,3.0677e-07
63.935,0.00028164,63.846,59.238,3.3084e-07
63.219,0.00029281,63.127,58.878,3.5764e-07
62.508,0.00030475,62.413,58.521,3.8746e-07
61.846,0.00031728,61.748,58.189,4.2005e-07
61.402,0.0003274,61.301,57.966,4.4731e-07
61.073,0.0003373,60.971,57.8,4.7478e-07
60.899,0.00034649,60.794,57.712,5.0103e-07
60.907,0.0003544,60.8,57.715,5.2413e-07
61.089,0.00035994,60.98,57.805,5.4059e-07
61.436,0.00036345,61.325,57.977,5.5114e-07
61.935,0.00036465,61.823,58.226,5.5468e-07
62.563,0.00036335,62.45,58.54,5.5062e-07
63.413,0.00035867,63.299,58.965,5.3643e-07
64.336,0.00035097,64.223,59.427,5.1354e-07
65.279,0.00034079,65.168,59.899,4.8411e-07
66.197,0.00032885,66.088,60.359,4.5071e-07
67.024,0.00031649,66.918,60.774,4.1741e-07
67.784,0.00030379,67.681,61.155,3.8458e-07
68.469,0.00029124,68.37,61.5,3.5343e-07
69.08,0.00027923,68.984,61.807,3.2486e-07
69.648,0.00026739,69.555,62.093,2.9791e-07
70.134,0.00025663,70.044,62.337,2.744e-07
70.536,0.00024702,70.449,62.539,2.5425e-07
70.848,0.00023866,70.764,62.697,2.3733e-07
71.093,0.00023057,71.011,62.82,2.2151e-07
71.212,0.00022418,71.132,62.881,2.094e-07
71.214,0.00021945,71.136,62.883,2.0067e-07
71.114,0.00021629,71.037,62.834,1.9493e-07
70.929,0.00021451,70.853,62.742,1.9174e-07
70.673,0.00021404,70.598,62.614,1.909e-07
70.352,0.00021474,70.276,62.453,1.9218e-07
69.961,0.00021653,69.885,62.258,1.9539e-07
69.478,0.00021943,69.402,62.016,2.0068e-07
68.91,0.00022349,68.833,61.731,2.0818e-07
68.266,0.00022873,68.188,61.409,2.1808e-07
67.567,0.00023515,67.488,61.059,2.3051e-07
66.833,0.00024279,66.752,60.691,2.4574e-07
66.096,0.00025142,66.013,60.321,2.6356e-07
65.366,0.00026094,65.28,59.955,2.8392e-07
64.638,0.00027122,64.55,59.59,3.0677e-07
63.936,0.00028164,63.846,59.238,3.3084e-07
63.22,0.00029281,63.127,58.879,3.5764e-07
62.508,0.00030475,62.413,58.521,3.8746e-07
61.846,0.00031728,61.748,58.189,4.2005e-07
61.402,0.0003274,61.301,57.966,4.473e-07
61.073,0.0003373,60.971,57.8,4.7478e-07
60.899,0.00034649,60.794,57.712,5.0103e-07
60.908,0.0003544,60.8,57.715,5.2413e-07
61.089,0.00035994,60.98,57.805,5.4059e-07
61.436,0.00036345,61.325,57.977,5.5113e-07
61.936,0.00036465,61.823,58.226,5.5467e-07
62.563,0.00036335,62.45,58.54,5.5062e-07
63.413,0.00035867,63.299,58.965,5.3643e-07
64.336,0.00035097,64.223,59.427,5.1353e-07
65.279,0.00034079,65.168,59.899,4.841e-07
66.197,0.00032885,66.088,60.359,4.5071e-07
67.024,0.00031648,66.918,60.774,4.1741e-07
67.784,0.00030379,67.681,61.155,3.8458e-07
68.47,0.00029124,68.37,61.5,3.5343e-07
69.08,0.00027922,68.984,61.807,3.2486e-07
69.648,0.00026739,69.555,62.093,2.9791e-07
70.134,0.00025663,70.045,62.337,2.7439e-07
70.536,0.00024702,70.449,62.539,2.5424e-07
70.848,0.00023866,70.764,62.697,2.3732e-07
71.093,0.00023057,71.011,62.82,2.215e-07
71.212,0.00022418,71.132,62.881,2.094e-07
71.214,0.00021945,71.136,62.883,2.0067e-07
71.114,0.00021629,71.037,62.834,1.9492e-07
70.929,0.00021451,70.853,62.742,1.9174e-07
70.673,0.00021404,70.598,62.614,1.909e-07
70.352,0.00021474,70.276,62.453,1.9217e-07
69.961,0.00021653,69.885,62.258,1.9539e-07
69.478,0.00021943,69.402,62.016,2.0068e-07
68.91,0.00022349,68.833,61.731,2.0818e-07
68.266,0.00022873,68.188,61.409,2.1808e-07
67.567,0.00023515,67.488,61.059,2.3051e-07
66.833,0.00024279,66.752,60.691,2.4574e-07
66.096,0.00025142,66.013,60.321,2.6356e-07
65.366,0.00026094,65.281,59.955,2.8392e-07
64.638,0.00027122,64.55,59.59,3.0677e-07
63.936,0.00028164,63.846,59.238,3.3083e-07
63.22,0.00029281,63.127,58.879,3.5764e-07
62.508,0.00030475,62.413,58.521,3.8746e-07
61.846,0.00031728,61.748,58.189,4.2005e-07
61.402,0.0003274,61.301,57.966,4.473e-07
61.074,0.00033729,60.971,57.8,4.7478e-07
60.899,0.00034649,60.794,57.712,5.0102e-07
60.908,0.0003544,60.8,57.715,5.2413e-07
61.089,0.00035993,60.98,57.805,5.4059e-07
61.436,0.00036345,61.325,57.977,5.5113e-07
61.936,0.00036465,61.823,58.226,5.5467e-07
62.563,0.00036334,62.45,58.54,5.5062e-07
63.413,0.00035867,63.299,58.965,5.3643e-07
64.336,0.00035097,64.223,59.427,5.1353e-07
65.279,0.00034079,65.168,59.899,4.841e-07
66.197,0.00032885,66.088,60.359,4.5071e-07
67.024,0.00031648,66.918,60.774,4.1741e-07
67.784,0.00030379,67.681,61.155,3.8458e-07
68.47,0.00029124,68.37,61.5,3.5343e-07
69.08,0.00027922,68.984,61.807,3.2486e-07
69.648,0.00026739,69.555,62.093,2.9791e-07
70.134,0.00025662,70.045,62.337,2.7439e-07
70.536,0.00024702,70.449,62.539,2.5424e-07
70.848,0.00023866,70.764,62.697,2.3732e-07
71.093,0.00023057,71.011,62.82,2.215e-07
71.212,0.00022418,71.132,62.881,2.094e-07
71.214,0.00021945,71.136,62.883,2.0067e-07
71.114,0.00021629,71.037,62.834,1.9492e-07
70.929,0.00021451,70.853,62.742,1.9174e-07
70.673,0.00021404,70.598,62.614,1.909e-07
70.352,0.00021474,70.276,62.453,1.9217e-07
69.961,0.00021653,69.885,62.258,1.9539e-07
69.478,0.00021943,69.402,62.016,2.0068e-07
68.91,0.00022349,68.833,61.731,2.0818e-07
68.266,0.00022873,68.188,61.409,2.1808e-07
67.567,0.00023515,67.488,61.059,2.3051e-07
66.833,0.00024278,66.752,60.691,2.4574e-07
66.096,0.00025142,66.013,60.321,2.6356e-07
65.366,0.00026094,65.281,59.955,2.8392e-07
64.638,0.00027122,64.55,59.59,3.0677e-07
63.936,0.00028164,63.846,59.238,3.3083e-07
63.22,0.00029281,63.127,58.879,3.5764e-07
62.508,0.00030475,62.413,58.521,3.8746e-07
61.846,0.00031728,61.748,58.189,4.2005e-07
61.402,0.0003274,61.301,57.966,4.473e-07
61.074,0.00033729,60.971,57.8,4.7478e-07
60.899,0.00034649,60.794,57.712,5.0102e-07
60.908,0.00035439,60.8,57.715,5.2412e-07
61.089,0.00035993,60.98,57.805,5.4059e-07
61.436,0.00036345,61.325,57.977,5.5113e-07
61.936,0.00036465,61.823,58.226,5.5467e-07
62.563,0.00036334,62.45,58.54,5.5061e-07
63.413,0.00035867,63.3,58.965,5.3643e-07
64.336,0.00035097,64.223,59.427,5.1353e-07
65.279,0.00034079,65.168,59.899,4.841e-07
66.197,0.00032885,66.089,60.359,4.5071e-07
67.024,0.00031648,66.918,60.774,4.1741e-07
67.784,0.00030379,67.681,61.155,3.8458e-07
68.47,0.00029124,68.37,61.5,3.5343e-07
69.08,0.00027922,68.984,61.807,3.2486e-07
69.648,0.00026739,69.555,62.093,2.9791e-07
70.134,0.00025662,70.045,62.337,2.7439e-07
70.536,0.00024702,70.449,62.539,2.5424e-07
70.848,0.00023866,70.764,62.697,2.3732e-07
71.093,0.00023057,71.011,62.82,2.215e-07
71.212,0.00022418,71.132,62.881,2.094e-07
71.214,0.00021945,71.136,62.883,2.0067e-07
71.114,0.00021629,71.037,62.834,1.9492e-07
70.929,0.00021451,70.853,62.742,1.9174e-07
70.673,0.00021404,70.598,62.614,1.909e-07
70.352,0.00021474,70.276,62.453,1.9217e-07
69.961,0.00021653,69.885,62.258,1.9539e-07
69.478,0.00021943,69.402,62.016,2.0068e-07
68.91,0.00022349,68.833,61.731,2.0818e-07
68.266,0.00022873,68.188,61.409,2.1808e-07
67.567,0.00023515,67.488,61.059,2.3051e-07
66.833,0.00024278,66.752,60.691,2.4574e-07
66.096,0.00025142,66.013,60.321,2.6356e-07
65.366,0.00026094,65.281,59.955,2.8392e-07
64.638,0.00027122,64.55,59.59,3.0677e-07
63.936,0.00028164,63.846,59.238,3.3083e-07
63.22,0.00029281,63.127,58.879,3.5764e-07
62.508,0.00030475,62.413,58.521,3.8746e-07
61.846,0.00031728,61.748,58.189,4.2005e-07
61.402,0.0003274,61.301,57.966,4.473e-07
61.074,0.00033729,60.971,57.8,4.7478e-07
60.899,0.00034649,60.794,57.712,5.0102e-07
60.908,0.00035439,60.8,57.715,5.2412e-07
61.089,0.00035993,60.98,57.805,5.4059e-07
61.436,0.00036345,61.325,57.977,5.5113e-07
61.936,0.00036465,61.823,58.226,5.5467e-07
62.563,0.00036334,62.45,58.54,5.5061e-07
63.413,0.00035867,63.3,58.965,5.3643e-07
64.336,0.00035097,64.223,59.427,5.1353e-07
65.279,0.00034079,65.168,59.899,4.841e-07
66.197,0.00032885,66.089,60.359,4.5071e-07
67.024,0.00031648,66.918,60.774,4.1741e-07
67.784,0.00030379,67.681,61.156,3.8458e-07
68.47,0.00029124,68.37,61.5,3.5343e-07
69.08,0.00027922,68.984,61.807,3.2486e-07
69.648,0.00026739,69.555,62.093,2.9791e-07
70.134,0.00025662,70.045,62.337,2.7439e-07
70.536,0.00024702,70.449,62.539,2.5424e-07
70.848,0.00023866,70.764,62.697,2.3732e-07
71.093,0.00023057,71.011,62.82,2.215e-07
71.212,0.00022418,71.132,62.881,2.094e-07
71.214,0.00021945,71.136,62.883,2.0067e-07
71.114,0.00021629,71.037,62.834,1.9492e-07
70.929,0.00021451,70.853,62.742,1.9174e-07
70.673,0.00021404,70.598,62.614,1.909e-07
70.352,0.00021474,70.276,62.453,1.9217e-07
69.961,0.00021653,69.885,62.258,1.9539e-07
69.478,0.00021943,69.402,62.016,2.0068e-07
68.91,0.00022349,68.833,61.731,2.0818e-07
68.266,0.00022873,68.188,61.409,2.1808e-07
67.567,0.00023515,67.488,61.059,2.3051e-07
66.833,0.00024278,66.752,60.691,2.4574e-07
66.096,0.00025142,66.013,60.321,2.6356e-07
65.366,0.00026094,65.281,59.955,2.8392e-07
64.638,0.00027122,64.55,59.59,3.0677e-07
63.936,0.00028164,63.846,59.238,3.3083e-07
63.22,0.00029281,63.127,58.879,3.5764e-07
62.508,0.00030475,62.413,58.521,3.8746e-07
61.846,0.00031728,61.748,58.189,4.2005e-07
61.402,0.0003274,61.301,57.966,4.473e-07
61.074,0.00033729,60.971,57.8,4.7478e-07
60.899,0.00034649,60.794,57.712,5.0102e-07
60.908,0.00035439,60.8,57.715,5.2412e-07
61.089,0.00035993,60.98,57.805,5.4059e-07
61.436,0.00036345,61.325,57.977,5.5113e-07
61.936,0.00036465,61.823,58.226,5.5467e-07
62.563,0.00036334,62.45,58.54,5.5061e-07
63.413,0.00035867,63.3,58.965,5.3643e-07
64.336,0.00035097,64.223,59.427,5.1353e-07
65.279,0.00034079,65.168,59.899,4.841e-07
66.197,0.00032885,66.089,60.359,4.5071e-07
67.024,0.00031648,66.918,60.774,4.1741e-07
67.784,0.00030379,67.681,61.156,3.8458e-07
68.47,0.00029124,68.37,61.5,3.5343e-07
69.08,0.00027922,68.984,61.807,3.2486e-07
69.648,0.00026739,69.555,62.093,2.9791e-07
70.134,0.00025662,70.045,62.337,2.7439e-07
70.536,0.00024702,70.449,62.539,2.5424e-07
70.848,0.00023866,70.764,62.697,2.3732e-07
71.093,0.00023057,71.011,62.82,2.215e-07
71.212,0.00022418,71.132,62.881,2.094e-07
71.214,0.00021945,71.136,62.883,2.0067e-07
71.114,0.00021629,71.037,62.834,1.9492e-07
70.929,0.00021451,70.853,62.742,1.9174e-07
70.673,0.00021403,70.598,62.614,1.909e-07
70.352,0.00021474,70.276,62.453,1.9217e-07
69.961,0.00021653,69.885,62.258,1.9539e-07
69.478,0.00021943,69.402,62.016,2.0068e-07
68.91,0.00022349,68.833,61.731,2.0818e-07
68.266,0.00022873,68.188,61.409,2.1808e-07
67.567,0.00023515,67.488,61.059,2.3051e-07
66.833,0.00024278,66.752,60.691,2.4574e-07
66.096,0.00025142,66.013,60.321,2.6356e-07
65.366,0.00026094,65.281,59.955,2.8392e-07
64.638,0.00027122,64.55,59.59,3.0677e-07
63.936,0.00028164,63.846,59.238,3.3083e-07
63.22,0.00029281,63.127,58.879,3.5764e-07
62.508,0.00030475,62.413,58.521,3.8746e-07
61.846,0.00031728,61.748,58.189,4.2005e-07
61.402,0.0003274,61.301,57.966,4.473e-07
61.074,0.00033729,60.971,57.8,4.7478e-07
60.899,0.00034649,60.794,57.712,5.0102e-07
60.908,0.00035439,60.8,57.715,5.2412e-07
61.089,0.00035993,60.98,57.805,5.4059e-07
61.436,0.00036345,61.325,57.977,5.5113e-07
61.936,0.00036465,61.823,58.226,5.5467e-07
62.563,0.00036334,62.45,58.54,5.5061e-07
63.413,0.00035867,63.3,58.965,5.3643e-07
64.336,0.00035097,64.223,59.427,5.1353e-07
65.279,0.00034079,65.168,59.899,4.841e-07
66.197,0.00032885,66.089,60.359,4.5071e-07
67.024,0.00031648,66.918,60.774,4.1741e-07
67.784,0.00030379,67.681,61.156,3.8458e-07
68.47,0.00029124,68.37,61.5,3.5343e-07
69.08,0.00027922,68.984,61.807,3.2486e-07
69.648,0.00026739,69.555,62.093,2.9791e-07
70.134,0.00025662,70.045,62.337,2.7439e-07
70.536,0.00024702,70.449,62.539,2.5424e-07
70.848,0.00023866,70.764,62.697,2.3732e-07
71.093,0.00023057,71.011,62.82,2.215e-07
71.212,0.00022418,71.132,62.881,2.094e-07
71.214,0.00021945,71.136,62.883,2.0067e-07
71.114,0.00021629,71.037,62.834,1.9492e-07
70.929,0.00021451,70.853,62.742,1.9174e-07
70.673,0.00021403,70.598,62.614,1.909e-07
70.352,0.00021474,70.276,62.453,1.9217e-07
69.961,0.00021653,69.885,62.258,1.9539e-07
69.478,0.00021943,69.402,62.016,2.0068e-07
68.91,0.00022349,68.833,61.731,2.0818e-07
68.266,0.00022873,68.188,61.409,2.1808e-07
67.567,0.00023515,67.488,61.059,2.3051e-07
66.833,0.00024278,66.752,60.691,2.4574e-07
66.096,0.00025142,66.013,60.321,2.6356e-07
65.366,0.00026094,65.281,59.955,2.8392e-07
64.638,0.00027122,64.55,59.59,3.0677e-07
63.936,0.00028164,63.846,59.238,3.3083e-07
63.22,0.00029281,63.127,58.879,3.5764e-07
62.508,0.00030475,62.413,58.521,3.8746e-07
61.846,0.00031728,61.748,58.189,4.2005e-07
61.402,0.0003274,61.301,57.966,4.473e-07
61.074,0.00033729,60.971,57.8,4.7478e-07
60.899,0.00034649,60.794,57.712,5.0102e-07
60.908,0.00035439,60.8,57.715,5.2412e-07
61.089,0.00035993,60.98,57.805,5.4059e-07
61.436,0.00036345,61.325,57.977,5.5113e-07
61.936,0.00036465,61.823,58.226,5.5467e-07
62.563,0.00036334,62.45,58.54,5.5061e-07
63.413,0.00035867,63.3,58.965,5.3643e-07
64.336,0.00035097,64.223,59.427,5.1353e-07
65.279,0.00034079,65.168,59.899,4.841e-07
66.197,0.00032885,66.089,60.359,4.5071e-07
67.024,0.00031648,66.918,60.774,4.1741e-07
67.784,0.00030379,67.681,61.156,3.8458e-07
68.47,0.00029124,68.37,61.5,3.5343e-07
69.08,0.00027922,68.984,61.807,3.2486e-07
69.648,0.00026739,69.555,62.093,2.979e-07
70.134,0.00025662,70.045,62.337,2.7439e-07
70.536,0.00024702,70.449,62.539,2.5424e-07
70.848,0.00023866,70.764,62.697,2.3732e-07
71.093,0.00023057,71.011,62.82,2.215e-07
71.212,0.00022418,71.132,62.881,2.094e-07
71.214,0.00021945,71.136,62.883,2.0067e-07
71.114,0.00021629,71.037,62.834,1.9492e-07
70.929,0.00021451,70.853,62.742,1.9174e-07
70.673,0.00021403,70.598,62.614,1.909e-07
70.352,0.00021474,70.276,62.453,1.9217e-07
69.961,0.00021653,69.885,62.258,1.9539e-07
69.478,0.00021943,69.402,62.016,2.0068e-07
68.91,0.00022349,68.833,61.731,2.0818e-07
68.266,0.00022873,68.188,61.409,2.1808e-07
67.567,0.00023515,67.488,61.059,2.3051e-07
66.833,0.00024278,66.752,60.691,2.4574e-07
66.096,0.00025142,66.013,60.321,2.6356e-07
65.366,0.00026094,65.281,59.955,2.8392e-07
64.638,0.00027122,64.55,59.59,3.0677e-07
63.936,0.00028164,63.846,59.238,3.3083e-07
63.22,0.00029281,63.127,58.879,3.5764e-07
62.508,0.00030475,62.413,58.521,3.8746e-07
61.846,0.00031728,61.748,58.189,4.2005e-07
61.402,0.0003274,61.301,57.966,4.473e-07
61.074,0.00033729,60.971,57.8,4.7477e-07
60.899,0.00034649,60.794,57.712,5.0102e-07
60.908,0.00035439,60.8,57.715,5.2412e-07
61.089,0.00035993,60.98,57.805,5.4059e-07
61.436,0.00036345,61.325,57.977,5.5113e-07
61.936,0.00036465,61.823,58.226,5.5467e-07
62.563,0.00036334,62.45,58.54,5.5061e-07
63.413,0.00035867,63.3,58.965,5.3643e-07
64.336,0.00035097,64.223,59.427,5.1353e-07
65.279,0.00034079,65.168,59.899,4.841e-07
66.197,0.00032885,66.089,60.359,4.5071e-07
67.024,0.00031648,66.918,60.774,4.1741e-07
67.784,0.00030379,67.681,61.156,3.8458e-07
68.47,0.00029124,68.37,61.5,3.5343e-07
69.08,0.00027922,68.984,61.807,3.2486e-07
69.648,0.00026739,69.555,62.093,2.979e-07
70.134,0.00025662,70.045,62.337,2.7439e-07
70.536,0.00024702,70.449,62.539,2.5424e-07
70.848,0.00023866,70.764,62.697,2.3732e-07
71.093,0.00023057,71.011,62.82,2.215e-07
71.212,0.00022418,71.132,62.881,2.094e-07
71.214,0.00021945,71.136,62.883,2.0067e-07
71.114,0.00021629,71.037,62.834,1.9492e-07
70.929,0.00021451,70.853,62.742,1.9174e-07
70.673,0.00021403,70.598,62.614,1.909e-07
70.352,0.00021474,70.276,62.453,1.9217e-07
69.961,0.00021653,69.885,62.258,1.9539e-07
69.478,0.00021943,69.402,62.016,2.0068e-07
68.91,0.00022349,68.833,61.731,2.0818e-07
68.266,0.00022873,68.188,61.409,2.1808e-07
67.567,0.00023515,67.488,61.059,2.3051e-07
66.833,0.00024278,66.752,60.691,2.4574e-07
66.096,0.00025142,66.013,60.321,2.6356e-07
65.366,0.00026094,65.281,59.955,2.8392e-07
64.638,0.00027122,64.55,59.59,3.0677e-07
63.936,0.00028164,63.846,59.238,3.3083e-07
63.22,0.00029281,63.127,58.879,3.5764e-07
62.508,0.00030475,62.413,58.521,3.8746e-07
61.846,0.00031728,61.748,58.189,4.2005e-07
61.402,0.0003274,61.301,57.966,4.473e-07
61.074,0.00033729,60.971,57.8,4.7477e-07
60.899,0.00034649,60.794,57.712,5.0102e-07
60.908,0.00035439,60.8,57.715,5.2412e-07
61.089,0.00035993,60.98,57.805,5.4059e-07
61.436,0.00036345,61.325,57.977,5.5113e-07
61.936,0.00036465,61.823,58.226,5.5467e-07
62.563,0.00036334,62.45,58.54,5.5061e-07
63.413,0.00035867,63.3,58.965,5.3643e-07
64.336,0.00035097,64.223,59.427,5.1353e-07
65.279,0.00034079,65.168,59.899,4.841e-07
66.197,0.00032885,66.089,60.359,4.5071e-07
67.024,0.00031648,66.918,60.774,4.1741e-07
67.784,0.00030379,67.681,61.156,3.8458e-07
68.47,0.00029124,68.37,61.5,3.5343e-07
69.08,0.00027922,68.984,61.807,3.2486e-07
69.648,0.00026739,69.555,62.093,2.979e-07
70.134,0.00025662,70.045,62.337,2.7439e-07
70.536,0.00024702,70.449,62.539,2.5424e-07
70.848,0.00023866,70.764,62.697,2.3732e-07
71.093,0.00023057,71.011,62.82,2.215e-07
71.212,0.00022418,71.132,62.881,2.094e-07
71.214,0.00021945,71.136,62.883,2.0067e-07
71.114,0.00021629,71.037,62.834,1.9492e-07
70.929,0.00021451,70.853,62.742,1.9174e-07
70.673,0.00021403,70.598,62.614,1.909e-07
70.352,0.00021474,70.276,62.453,1.9217e-07
69.961,0.00021653,69.885,62.258,1.9539e-07
69.478,0.00021943,69.402,62.016,2.0068e-07
68.91,0.00022349,68.833,61.731,2.0818e-07
68.266,0.00022873,68.188,61.409,2.1808e-07
67.567,0.00023515,67.488,61.059,2.3051e-07
66.833,0.00024278,66.752,60.691,2.4574e-07
66.096,0.00025142,66.013,60.321,2.6356e-07
65.366,0.00026094,65.281,59.955,2.8392e-07
64.638,0.00027122,64.55,59.59,3.0677e-07
63.936,0.00028164,63.846,59.238,3.3083e-07
63.22,0.00029281,63.127,58.879,3.5764e-07
62.508,0.00030475,62.413,58.521,3.8746e-07
61.846,0.00031728,61.748,58.189,4.2005e-07
61.402,0.0003274,61.301,57.966,4.473e-07
61.074,0.00033729,60.971,57.8,4.7477e-07
60.899,0.00034649,60.794,57.712,5.0102e-07
60.908,0.00035439,60.8,57.715,5.2412e-07
61.089,0.00035993,60.98,57.805,5.4059e-07
61.436,0.00036345,61.325,57.977,5.5113e-07
61.936,0.00036465,61.823,58.226,5.5467e-07
62.563,0.00036334,62.45,58.54,5.5061e-07
63.413,0.00035867,63.3,58.965,5.3643e-07
64.336,0.00035097,64.223,59.427,5.1353e-07
65.279,0.00034079,65.168,59.899,4.841e-07
66.197,0.00032885,66.089,60.359,4.5071e-07
67.024,0.00031648,66.918,60.774,4.1741e-07
67.784,0.00030379,67.681,61.156,3.8458e-07
68.47,0.00029124,68.37,61.5,3.5343e-07
69.08,0.00027922,68.984,61.807,3.2486e-07
69.648,0.00026739,69.555,62.093,2.979e-07
70.134,0.00025662,70.045,62.337,2.7439e-07
70.536,0.00024702,70.449,62.539,2.5424e-07
70.848,0.00023866,70.764,62.697,2.3732e-07
71.093,0.00023057,71.011,62.82,2.215e-07
71.212,0.00022418,71.132,62.881,2.094e-07
71.214,0.00021945,71.136,62.883,2.0067e-07
71.114,0.00021629,71.037,62.834,1.9492e-07
70.929,0.00021451,70.853,62.742,1.9174e-07
70.673,0.00021403,70.598,62.614,1.909e-07
70.352,0.00021474,70.276,62.453,1.9217e-07
69.961,0.00021653,69.885,62.258,1.9539e-07
69.478,0.00021943,69.402,62.016,2.0068e-07
68.91,0.00022349,68.833,61.731,2.0818e-07
68.266,0.00022873,68.188,61.409,2.1808e-07
67.567,0.00023515,67.488,61.059,2.3051e-07
66.833,0.00024278,66.752,60.691,2.4574e-07
66.096,0.00025142,66.013,60.321,2.6356e-07
65.366,0.00026094,65.281,59.955,2.8392e-07
64.638,0.00027122,64.55,59.59,3.0677e-07
63.936,0.00028164,63.846,59.238,3.3083e-07
63.22,0.00029281,63.127,58.879,3.5764e-07
62.508,0.00030475,62.413,58.521,3.8746e-07
61.846,0.00031728,61.748,58.189,4.2005e-07
61.402,0.0003274,61.301,57.966,4.473e-07
61.074,0.00033729,60.971,57.8,4.7477e-07
60.899,0.00034649,60.794,57.712,5.0102e-07
60.908,0.00035439,60.8,57.715,5.2412e-07
61.09,0.00035993,60.98,57.805,5.4059e-07
61.436,0.00036345,61.325,57.977,5.5113e-07
61.936,0.00036465,61.823,58.226,5.5467e-07
62.563,0.00036334,62.45,58.54,5.5061e-07
63.413,0.00035867,63.3,58.965,5.3643e-07
64.336,0.00035097,64.223,59.427,5.1353e-07
65.279,0.00034079,65.168,59.899,4.841e-07
66.197,0.00032885,66.089,60.359,4.5071e-07
67.024,0.00031648,66.918,60.774,4.1741e-07
67.784,0.00030379,67.681,61.156,3.8458e-07
68.47,0.00029124,68.37,61.5,3.5343e-07
69.08,0.00027922,68.984,61.807,3.2486e-07
69.648,0.00026739,69.555,62.093,2.979e-07
70.134,0.00025662,70.045,62.337,2.7439e-07
70.536,0.00024702,70.449,62.539,2.5424e-07
70.848,0.00023866,70.764,62.697,2.3732e-07
71.093,0.00023057,71.011,62.82,2.215e-07
71.212,0.00022418,71.132,62.881,2.094e-07
71.214,0.00021945,71.136,62.883,2.0067e-07
71.114,0.00021629,71.037,62.834,1.9492e-07
70.929,0.00021451,70.853,62.742,1.9174e-07
70.673,0.00021403,70.598,62.614,1.909e-07
70.352,0.00021474,70.276,62.453,1.9217e-07
69.961,0.00021653,69.885,62.258,1.9539e-07
69.478,0.00021943,69.402,62.016,2.0068e-07
68.91,0.00022349,68.833,61.731,2.0818e-07
68.266,0.00022873,68.188,61.409,2.1808e-07
67.567,0.00023515,67.488,61.059,2.3051e-07
66.833,0.00024278,66.752,60.691,2.4574e-07
66.096,0.00025142,66.013,60.321,2.6356e-07
65.366,0.00026094,65.281,59.955,2.8392e-07
64.638,0.00027122,64.55,59.59,3.0677e-07
63.936,0.00028164,63.846,59.238,3.3083e-07
63.22,0.00029281,63.127,58.879,3.5764e-07
62.508,0.00030475,62.413,58.521,3.8746e-07
61.846,0.00031728,61.748,58.189,4.2005e-07
61.402,0.0003274,61.301,57.966,4.473e-07
61.074,0.00033729,60.971,57.8,4.7477e-07
60.899,0.00034649,60.794,57.712,5.0102e-07
60.908,0.00035439,60.8,57.715,5.2412e-07
61.09,0.00035993,60.98,57.805,5.4059e-07
61.436,0.00036345,61.325,57.977,5.5113e-07
61.936,0.00036465,61.823,58.226,5.5467e-07
62.563,0.00036334,62.45,58.54,5.5061e-07
63.413,0.00035867,63.3,58.965,5.3643e-07
64.336,0.00035097,64.223,59.427,5.1353e-07
65.279,0.00034079,65.168,59.899,4.841e-07
66.197,0.00032885,66.089,60.359,4.5071e-07
67.024,0.00031648,66.918,60.774,4.1741e-07
67.784,0.00030379,67.681,61.156,3.8458e-07
68.47,0.00029124,68.37,61.5,3.5343e-07
69.08,0.00027922,68.984,61.807,3.2486e-07
69.648,0.00026739,69.555,62.093,2.979e-07
70.134,0.00025662,70.045,62.337,2.7439e-07
70.536,0.00024702,70.449,62.539,2.5424e-07
70.848,0.00023866,70.764,62.697,2.3732e-07
71.093,0.00023057,71.011,62.82,2.215e-07
71.212,0.00022418,71.132,62.881,2.094e-07
71.214,0.00021945,71.136,62.883,2.0067e-07
71.114,0.00021629,71.037,62.834,1.9492e-07
70.929,0.00021451,70.853,62.742,1.9174e-07
70.673,0.00021403,70.598,62.614,1.909e-07
70.352,0.00021474,70.276,62.453,1.9217e-07
69.961,0.00021653,69.885,62.258,1.9539e-07
69.478,0.00021943,69.402,62.016,2.0068e-07
68.91,0.00022349,68.833,61.731,2.0818e-07
68.266,0.00022873,68.188,61.409,2.1808e-07
67.567,0.00023515,67.488,61.059,2.3051e-07
66.833,0.00024278,66.752,60.691,2.4574e-07
66.096,0.00025142,66.013,60.321,2.6356e-07
65.366,0.00026094,65.281,59.955,2.8392e-07
64.638,0.00027122,64.55,59.59,3.0677e-07
63.936,0.00028164,63.846,59.238,3.3083e-07
63.22,0.00029281,63.127,58.879,3.5764e-07
62.508,0.00030475,62.413,58.521,3.8746e-07
61.846,0.00031728,61.748,58.189,4.2005e-07
61.402,0.0003274,61.301,57.966,4.473e-07
61.074,0.00033729,60.971,57.8,4.7477e-07
60.899,0.00034649,60.794,57.712,5.0102e-07
60.908,0.00035439,60.8,57.715,5.2412e-07
61.09,0.00035993,60.98,57.805,5.4059e-07
61.436,0.00036345,61.325,57.977,5.5113e-07
61.936,0.00036465,61.823,58.226,5.5467e-07
62.563,0.00036334,62.45,58.54,5.5061e-07
63.413,0.00035867,63.3,58.965,5.3643e-07
64.336,0.00035097,64.223,59.427,5.1353e-07
65.279,0.00034079,65.168,59.899,4.841e-07
66.197,0.00032885,66.089,60.359,4.5071e-07
67.024,0.00031648,66.918,60.774,4.1741e-07
67.784,0.00030379,67.681,61.156,3.8458e-07
68.47,0.00029124,68.37,61.5,3.5343e-07
69.08,0.00027922,68.984,61.807,3.2486e-07
69.648,0.00026739,69.555,62.093,2.979e-07
70.134,0.00025662,70.045,62.337,2.7439e-07
70.536,0.00024702,70.449,62.539,2.5424e-07
70.848,0.00023866,70.764,62.697,2.3732e-07
71.093,0.00023057,71.011,62.82,2.215e-07
71.212,0.00022418,71.132,62.881,2.094e-07
71.214,0.00021945,71.136,62.883,2.0067e-07
71.114,0.00021629,71.037,62.834,1.9492e-07
70.929,0.00021451,70.853,62.742,1.9174e-07
70.673,0.00021403,70.598,62.614,1.909e-07
70.352,0.00021474,70.276,62.453,1.9217e-07
69.961,0.00021653,69.885,62.258,1.9539e-07
69.478,0.00021943,69.402,62.016,2.0068e-07
68.91,0.00022349,68.833,61.731,2.0818e-07
68.266,0.00022873,68.188,61.409,2.1808e-07
67.567,0.00023515,67.488,61.059,2.3051e-07
66.833,0.00024278,66.752,60.691,2.4574e-07
66.096,0.00025142,66.013,60.321,2.6356e-07
65.366,0.00026094,65.281,59.955,2.8392e-07
64.638,0.00027122,64.55,59.59,3.0677e-07
63.936,0.00028164,63.846,59.238,3.3083e-07
63.22,0.00029281,63.127,58.879,3.5764e-07
62.508,0.00030475,62.413,58.521,3.8746e-07
61.846,0.00031728,61.748,58.189,4.2005e-07
61.402,0.0003274,61.301,57.966,4.473e-07
61.074,0.00033729,60.971,57.8,4.7477e-07
60.899,0.00034649,60.794,57.712,5.0102e-07
60.908,0.00035439,60.8,57.715,5.2412e-07
61.09,0.00035993,60.98,57.805,5.4059e-07
61.436,0.00036345,61.325,57.977,5.5113e-07
61.936,0.00036465,61.823,58.226,5.5467e-07
62.563,0.00036334,62.45,58.54,5.5061e-07
63.413,0.00035867,63.3,58.965,5.3643e-07
64.336,0.00035097,64.223,59.427,5.1353e-07
65.279,0.00034079,65.168,59.899,4.841e-07
66.197,0.00032885,66.089,60.359,4.5071e-07
67.024,0.00031648,66.918,60.774,4.1741e-07
67.784,0.00030379,67.681,61.156,3.8458e-07
68.47,0.00029124,68.37,61.5,3.5343e-07
69.08,0.00027922,68.984,61.807,3.2486e-07
69.648,0.00026739,69.555,62.093,2.979e-07
70.134,0.00025662,70.045,62.337,2.7439e-07
70.536,0.00024702,70.449,62.539,2.5424e-07
70.848,0.00023866,70.764,62.697,2.3732e-07
71.093,0.00023057,71.011,62.82,2.215e-07
71.212,0.00022418,71.132,62.881,2.094e-07
71.214,0.00021945,71.136,62.883,2.0067e-07
71.114,0.00021629,71.037,62.834,1.9492e-07
70.929,0.00021451,70.853,62.742,1.9174e-07
70.673,0.00021403,70.598,62.614,1.909e-07
70.352,0.00021474,70.276,62.453,1.9217e-07
69.961,0.00021653,69.885,62.258,1.9539e-07
69.478,0.00021943,69.402,62.016,2.0068e-07
68.91,0.00022349,68.833,61.731,2.0818e-07
68.266,0.00022873,68.188,61.409,2.1808e-07
67.567,0.00023515,67.488,61.059,2.3051e-07
66.833,0.00024278,66.752,60.691,2.4574e-07
66.096,0.00025142,66.013,60.321,2.6356e-07
65.366,0.00026094,65.281,59.955,2.8392e-07
64.638,0.00027122,64.55,59.59,3.0677e-07
63.936,0.00028164,63.846,59.238,3.3083e-07
63.22,0.00029281,63.127,58.879,3.5764e-07
62.508,0.00030475,62.413,58.521,3.8746e-07
61.846,0.00031728,61.748,58.189,4.2005e-07
61.402,0.0003274,61.301,57.966,4.473e-07
61.074,0.00033729,60.971,57.8,4.7477e-07
60.899,0.00034649,60.794,57.712,5.0102e-07
60.908,0.00035439,60.8,57.715,5.2412e-07
61.09,0.00035993,60.98,57.805,5.4059e-07
61.436,0.00036345,61.325,57.977,5.5113e-07
61.936,0.00036465,61.823,58.226,5.5467e-07
62.563,0.00036334,62.45,58.54,5.5061e-07
63.413,0.00035867,63.3,58.965,5.3643e-07
64.336,0.00035097,64.223,59.427,5.1353e-07
65.279,0.00034079,65.168,59.899,4.841e-07
66.197,0.00032885,66.089,60.359,4.5071e-07
67.024,0.00031648,66.918,60.774,4.1741e-07
67.784,0.00030379,67.681,61.156,3.8458e-07
68.47,0.00029124,68.37,61.5,3.5343e-07
69.08,0.00027922,68.984,61.807,3.2486e-07
69.648,0.00026739,69.555,62.093,2.979e-07
70.134,0.00025662,70.045,62.337,2.7439e-07
70.536,0.00024702,70.449,62.539,2.5424e-07
70.848,0.00023866,70.764,62.697,2.3732e-07
71.093,0.00023057,71.011,62.82,2.215e-07
71.212,0.00022418,71.132,62.881,2.094e-07
71.214,0.00021945,71.136,62.883,2.0067e-07
71.114,0.00021629,71.037,62.834,1.9492e-07
70.929,0.00021451,70.853,62.742,1.9174e-07
70.673,0.00021403,70.598,62.614,1.909e-07
70.352,0.00021474,70.276,62.453,1.9217e-07
69.961,0.00021653,69.885,62.258,1.9539e-07
69.478,0.00021943,69.402,62.016,2.0068e-07
68.91,0.00022349,68.833,61.731,2.0818e-07
68.266,0.00022873,68.188,61.409,2.1808e-07
67.567,0.00023515,67.488,61.059,2.3051e-07
66.833,0.00024278,66.752,60.691,2.4574e-07
66.096,0.00025142,66.013,60.321,2.6356e-07
65.366,0.00026094,65.281,59.955,2.8392e-07
64.638,0.00027122,64.55,59.59,3.0677e-07
63.936,0.00028164,63.846,59.238,3.3083e-07
63.22,0.00029281,63.127,58.879,3.5764e-07
62.508,0.00030475,62.413,58.521,3.8746e-07
61.846,0.00031728,61.748,58.189,4.2005e-07
61.402,0.0003274,61.301,57.966,4.473e-07
61.074,0.00033729,60.971,57.8,4.7477e-07
60.899,0.00034649,60.794,57.712,5.0102e-07
60.908,0.00035439,60.8,57.715,5.2412e-07
61.09,0.00035993,60.98,57.805,5.4059e-07
61.436,0.00036345,61.325,57.977,5.5113e-07
61.936,0.00036465,61.823,58.226,5.5467e-07
62.563,0.00036334,62.45,58.54,5.5061e-07
63.413,0.00035867,63.3,58.965,5.3643e-07
64.336,0.00035097,64.223,59.427,5.1353e-07
65.279,0.00034079,65.168,59.899,4.841e-07
66.197,0.00032885,66.089,60.359,4.5071e-07
67.024,0.00031648,66.918,60.774,4.1741e-07
67.784,0.00030379,67.681,61.156,3.8458e-07
68.47,0.00029124,68.37,61.5,3.5343e-07
69.08,0.00027922,68.984,61.807,3.2486e-07
69.648,0.00026739,69.555,62.093,2.979e-07
70.134,0.00025662,70.045,62.337,2.7439e-07
70.536,0.00024702,70.449,62.539,2.5424e-07
70.848,0.00023866,70.764,62.697,2.3732e-07
71.093,0.00023057,71.011,62.82,2.215e-07
71.212,0.00022418,71.132,62.881,2.094e-07
71.214,0.00021945,71.136,62.883,2.0067e-07
71.114,0.00021629,71.037,62.834,1.9492e-07
70.929,0.00021451,70.853,62.742,1.9174e-07
70.673,0.00021403,70.598,62.614,1.909e-07
70.352,0.00021474,70.276,62.453,1.9217e-07
69.961,0.00021653,69.885,62.258,1.9539e-07
69.478,0.00021943,69.402,62.016,2.0068e-07
68.91,0.00022349,68.833,61.731,2.0818e-07
68.266,0.00022873,68.188,61.409,2.1808e-07
67.567,0.00023515,67.488,61.059,2.3051e-07
66.833,0.00024278,66.752,60.691,2.4574e-07
66.096,0.00025142,66.013,60.321,2.6356e-07
65.366,0.00026094,65.281,59.955,2.8392e-07
64.638,0.00027122,64.55,59.59,3.0677e-07
63.936,0.00028164,63.846,59.238,3.3083e-07
63.22,0.00029281,63.127,58.879,3.5764e-07
62.508,0.00030475,62.413,58.521,3.8746e-07
61.846,0.00031728,61.748,58.189,4.2005e-07
61.402,0.0003274,61.301,57.966,4.473e-07
61.074,0.00033729,60.971,57.8,4.7477e-07
60.899,0.00034649,60.794,57.712,5.0102e-07
60.908,0.00035439,60.8,57.715,5.2412e-07
61.09,0.00035993,60.98,57.805,5.4059e-07
61.436,0.00036345,61.325,57.977,5.5113e-07
61.936,0.00036465,61.823,58.226,5.5467e-07
62.563,0.00036334,62.45,58.54,5.5061e-07
63.413,0.00035867,63.3,58.965,5.3643e-07
64.336,0.00035097,64.223,59.427,5.1353e-07
65.279,0.00034079,65.168,59.899,4.841e-07
66.197,0.00032885,66.089,60.359,4.5071e-07
67.024,0.00031648,66.918,60.774,4.1741e-07
67.784,0.00030379,67.681,61.156,3.8458e-07
68.47,0.00029124,68.37,61.5,3.5343e-07
69.08,0.00027922,68.984,61.807,3.2486e-07
69.648,0.00026739,69.555,62.093,2.979e-07
70.134,0.00025662,70.045,62.337,2.7439e-07
70.536,0.00024702,70.449,62.539,2.5424e-07
70.848,0.00023866,70.764,62.697,2.3732e-07
71.093,0.00023057,71.011,62.82,2.215e-07
71.212,0.00022418,71.132,62.881,2.094e-07
71.214,0.00021945,71.136,62.883,2.0067e-07
71.114,0.00021629,71.037,62.834,1.9492e-07
70.929,0.00021451,70.853,62.742,1.9174e-07
70.673,0.00021403,70.598,62.614,1.909e-07
70.352,0.00021474,70.276,62.453,1.9217e-07
69.961,0.00021653,69.885,62.258,1.9539e-07
69.478,0.00021943,69.402,62.016,2.0068e-07
68.91,0.00022349,68.833,61.731,2.0818e-07
68.266,0.00022873,68.188,61.409,2.1808e-07
67.567,0.00023515,67.488,61.059,2.3051e-07
66.833,0.00024278,66.752,60.691,2.4574e-07
66.096,0.00025142,66.013,60.321,2.6356e-07
65.366,0.00026094,65.281,59.955,2.8392e-07
64.638,0.00027122,64.55,59.59,3.0677e-07
63.936,0.00028164,63.846,59.238,3.3083e-07
63.22,0.00029281,63.127,58.879,3.5764e-07
62.508,0.00030475,62.413,58.521,3.8746e-07
61.846,0.00031728,61.748,58.189,4.2005e-07
61.402,0.0003274,61.301,57.966,4.473e-07
61.074,0.00033729,60.971,57.8,4.7477e-07
60.899,0.00034649,60.794,57.712,5.0102e-07
60.908,0.00035439,60.8,57.715,5.2412e-07
61.09,0.00035993,60.98,57.805,5.4059e-07
61.436,0.00036345,61.325,57.977,5.5113e-07
61.936,0.00036465,61.823,58.226,5.5467e-07
62.563,0.00036334,62.45,58.54,5.5061e-07
63.413,0.00035867,63.3,58.965,5.3643e-07
64.336,0.00035097,64.223,59.427,5.1353e-07
65.279,0.00034079,65.168,59.899,4.841e-07
66.197,0.00032885,66.089,60.359,4.5071e-07
67.024,0.00031648,66.918,60.774,4.1741e-07
67.784,0.00030379,67.681,61.156,3.8458e-07
68.47,0.00029124,68.37,61.5,3.5343e-07
69.08,0.00027922,68.984,61.807,3.2486e-07
69.648,0.00026739,69.555,62.093,2.979e-07
70.134,0.00025662,70.045,62.337,2.7439e-07
70.536,0.00024702,70.449,62.539,2.5424e-07
70.848,0.00023866,70.764,62.697,2.3732e-07
71.093,0.00023057,71.011,62.82,2.215e-07
71.212,0.00022418,71.132,62.881,2.094e-07
71.214,0.00021945,71.136,62.883,2.0067e-07
71.114,0.00021629,71.037,62.834,1.9492e-07
70.929,0.00021451,70.853,62.742,1.9174e-07
70.673,0.00021403,70.598,62.614,1.909e-07
70.352,0.00021474,70.276,62.453,1.9217e-07
69.961,0.00021653,69.885,62.258,1.9539e-07
69.478,0.00021943,69.402,62.016,2.0068e-07
68.91,0.00022349,68.833,61.731,2.0818e-07
68.266,0.00022873,68.188,61.409,2.1808e-07
67.567,0.00023515,67.488,61.059,2.3051e-07
67.395,0.00023686,67.315,60.973,2.3387e-07
67.221,0.00023863,67.141,60.886,2.3739e-07
67.047,0.00024046,66.966,60.798,2.4106e-07
66.872,0.00024236,66.791,60.711,2.4487e-07
