150,0.0080419,148.39,65.835,0.0097571
151.4,0.0079162,149.81,64.906,0.0096207
152.75,0.0077925,151.18,63.996,0.0094848
154.05,0.0076702,152.49,63.101,0.0093493
155.31,0.0075475,153.77,62.208,0.0092119
156.75,0.0074015,155.23,61.156,0.0090463
158.17,0.0072502,156.67,60.075,0.0088728
159.56,0.0070984,158.09,58.989,0.0086974
160.86,0.0069572,159.41,57.963,0.0085335
162.63,0.0067848,161.2,56.648,0.0083351
163.45,0.0067628,162.02,56.316,0.008318
163.11,0.0069277,161.66,57.205,0.0085275
161.77,0.0072629,160.27,59.131,0.008944
160.55,0.0075483,159,60.74,0.0092966
159.22,0.007856,157.62,62.422,0.0096758
157.9,0.008165,156.25,64.057,0.010056
156.66,0.0084604,154.97,65.57,0.010419
155.53,0.0087344,153.8,66.933,0.010755
154.53,0.0089828,152.75,68.136,0.011059
153.65,0.0092011,151.84,69.169,0.011327
152.93,0.0093836,151.09,70.018,0.01155
152.38,0.0095223,150.53,70.653,0.011719
152.01,0.0096171,150.14,71.083,0.011835
151.8,0.009669,149.93,71.317,0.011899
151.74,0.009683,149.87,71.381,0.011915
151.81,0.0096659,149.93,71.305,0.011895
151.99,0.0096205,150.12,71.101,0.011839
152.28,0.0095459,150.43,70.761,0.011748
152.72,0.0094373,150.88,70.263,0.011616
153.33,0.0092904,151.51,69.578,0.011437
154.1,0.0091059,152.31,68.701,0.011212
155.03,0.0088917,153.27,67.66,0.01095
156.05,0.0086611,154.33,66.51,0.010669
157.12,0.0084287,155.43,65.318,0.010386
158.19,0.0082053,156.53,64.139,0.010113
159.23,0.0079939,157.61,62.991,0.0098554
160.26,0.0077908,158.67,61.859,0.0096077
161.33,0.0075866,159.77,60.69,0.0093586
162.44,0.0073816,160.91,59.485,0.0091083
163.54,0.0071822,162.05,58.279,0.0088649
164.57,0.0070043,163.1,57.173,0.0086477
165.54,0.006843,164.1,56.14,0.0084511
165.89,0.0067959,164.46,55.817,0.0083944
165.48,0.0068843,164.03,56.356,0.008504
164.35,0.0071022,162.87,57.691,0.0087723
162.81,0.007402,161.28,59.475,0.0091406
161.07,0.0077488,159.49,61.459,0.009566
159.35,0.0081044,157.71,63.409,0.010001
157.76,0.0084424,156.07,65.193,0.010415
156.52,0.0087121,154.79,66.57,0.010744
155.43,0.0089536,153.66,67.772,0.011039
154.51,0.0091612,152.7,68.784,0.011291
153.76,0.0093279,151.94,69.584,0.011494
153.22,0.0094466,151.38,70.151,0.011638
152.88,0.0095171,151.03,70.49,0.011723
152.73,0.0095433,150.87,70.625,0.011754
152.73,0.0095319,150.87,70.587,0.011739
152.84,0.0094941,150.99,70.424,0.011692
153.07,0.0094286,151.23,70.132,0.011611
153.44,0.0093317,151.61,69.691,0.011493
153.96,0.0091992,152.16,69.074,0.01133
154.61,0.0090409,152.83,68.322,0.011137
155.4,0.0088546,153.65,67.417,0.010909
156.3,0.0086496,154.57,66.398,0.010659
157.26,0.0084373,155.56,65.314,0.010399
158.22,0.0082312,156.56,64.234,0.010147
159.17,0.008034,157.54,63.173,0.0099067
160.1,0.0078463,158.5,62.138,0.0096774
161.03,0.0076645,159.46,61.11,0.0094554
162.02,0.0074766,160.48,60.02,0.0092258
163.04,0.0072878,161.53,58.898,0.0089952
164.07,0.0071036,162.58,57.773,0.00877
165.03,0.0069363,163.57,56.726,0.0085656
166.13,0.0067538,164.71,55.546,0.0083429
166.46,0.006711,165.04,55.247,0.0082915
165.84,0.0068351,164.4,56.021,0.0084448
164.38,0.0071119,162.89,57.728,0.0087854
162.95,0.0073876,161.42,59.372,0.009124
161.42,0.0076916,159.84,61.12,0.0094967
159.91,0.0079994,158.28,62.827,0.0098737
158.5,0.0082939,156.83,64.405,0.010234
157.23,0.0085663,155.51,65.82,0.010567
156.1,0.0088115,154.35,67.06,0.010866
155.14,0.0090242,153.36,68.112,0.011125
154.36,0.0091973,152.55,68.955,0.011336
153.82,0.0093153,151.99,69.525,0.011479
153.45,0.0093923,151.61,69.898,0.011572
153.25,0.0094304,151.4,70.088,0.011617
153.18,0.0094346,151.34,70.121,0.011622
153.24,0.0094111,151.4,70.024,0.011592
153.4,0.0093611,151.57,69.802,0.01153
153.7,0.0092822,151.88,69.443,0.011433
154.14,0.00917,152.33,68.921,0.011296
154.73,0.0090249,152.95,68.231,0.011118
155.48,0.0088468,153.72,67.367,0.0109
156.36,0.0086436,154.64,66.356,0.010652
157.34,0.0084275,155.65,65.253,0.010388
158.35,0.0082105,156.69,64.115,0.010123
159.35,0.0080021,157.73,62.991,0.0098682
160.34,0.0078046,158.74,61.897,0.0096268
161.31,0.0076145,159.75,60.816,0.0093947
162.35,0.0074188,160.82,59.674,0.0091556
163.42,0.0072221,161.92,58.495,0.0089152
164.5,0.0070303,163.03,57.313,0.0086807
165.5,0.0068581,164.06,56.223,0.0084702
166.54,0.0066896,165.12,55.122,0.0082645
166.83,0.006653,165.42,54.862,0.0082207
166.22,0.0067727,164.79,55.616,0.0083687
164.82,0.007036,163.34,57.255,0.0086926
163.37,0.0073132,161.85,58.925,0.0090331
161.8,0.0076209,160.23,60.712,0.0094105
160.25,0.0079331,158.63,62.458,0.0097929
158.81,0.0082317,157.15,64.071,0.010158
157.51,0.0085075,155.81,65.514,0.010495
156.37,0.0087551,154.63,66.774,0.010797
155.4,0.0089687,153.62,67.838,0.011058
154.61,0.0091408,152.81,68.681,0.011267
154.09,0.0092541,152.27,69.232,0.011404
153.74,0.0093269,151.91,69.588,0.011492
153.55,0.0093618,151.72,69.764,0.011534
153.49,0.0093639,151.66,69.787,0.011536
153.55,0.0093391,151.73,69.683,0.011505
153.73,0.0092879,151.91,69.454,0.011441
154.03,0.009208,152.22,69.087,0.011343
154.48,0.0090947,152.68,68.555,0.011204
155.07,0.0089499,153.3,67.861,0.011027
155.82,0.0087733,154.08,66.997,0.010811
156.7,0.008573,154.99,65.992,0.010566
157.67,0.0083607,155.99,64.9,0.010307
158.66,0.0081484,157.02,63.778,0.010047
159.65,0.0079446,158.04,62.671,0.0097982
160.62,0.0077513,159.04,61.593,0.009562
161.59,0.0075652,160.03,60.527,0.0093346
162.61,0.0073727,161.09,59.397,0.0090994
163.67,0.0071791,162.18,58.23,0.0088628
164.74,0.0069903,163.28,57.06,0.0086319
165.74,0.0068203,164.3,55.978,0.0084242
166.79,0.0066493,165.38,54.855,0.0082154
167.06,0.006616,165.66,54.614,0.0081756
166.4,0.0067454,164.97,55.434,0.0083354
164.91,0.0070225,163.44,57.165,0.0086763
163.39,0.007313,161.87,58.918,0.0090331
161.76,0.0076319,160.19,60.77,0.0094243
160.17,0.0079518,158.56,62.557,0.0098161
158.72,0.0082547,157.05,64.189,0.010187
157.41,0.008532,155.7,65.637,0.010525
156.27,0.0087777,154.53,66.886,0.010825
155.33,0.0089849,153.55,67.917,0.011077
154.59,0.0091456,152.79,68.705,0.011273
154.1,0.0092492,152.29,69.211,0.011398
153.81,0.0093058,151.99,69.493,0.011466
153.7,0.0093209,151.87,69.578,0.011484
153.74,0.0093008,151.91,69.497,0.011458
153.88,0.0092567,152.06,69.301,0.011404
154.15,0.0091848,152.34,68.97,0.011315
154.56,0.0090808,152.77,68.482,0.011188
155.13,0.0089416,153.36,67.815,0.011017
155.82,0.0087792,154.07,67.02,0.010819
156.63,0.008593,154.91,66.089,0.010591
157.53,0.0083929,155.85,65.063,0.010346
158.48,0.0081895,156.83,63.994,0.010098
159.41,0.0079975,157.78,62.957,0.009863
160.32,0.0078143,158.72,61.944,0.0096391
161.21,0.007639,159.64,60.95,0.0094249
162.11,0.0074679,160.57,59.957,0.0092159
163.05,0.0072941,161.53,58.925,0.0090035
164.01,0.00712,162.53,57.865,0.0087906
164.98,0.0069509,163.52,56.81,0.0085838
165.87,0.0067981,164.44,55.833,0.0083971
166.64,0.006672,165.23,55.007,0.0082431
167.12,0.0065985,165.72,54.512,0.0081536
167.22,0.0065904,165.82,54.444,0.0081443
166.91,0.0066535,165.5,54.843,0.0082224
166.25,0.0067759,164.82,55.622,0.0083732
165.31,0.0069504,163.85,56.717,0.008588
164.17,0.007165,162.68,58.03,0.0088517
162.92,0.0074052,161.39,59.457,0.0091464
161.75,0.0076364,160.18,60.792,0.0094299
160.6,0.0078669,158.99,62.087,0.0097123
159.51,0.0080898,157.87,63.305,0.0099852
158.5,0.0083008,156.83,64.431,0.010243
157.39,0.0085382,155.68,65.667,0.010533
156.4,0.0087508,154.66,66.749,0.010792
155.56,0.008934,153.79,67.664,0.011015
154.88,0.0090822,153.09,68.395,0.011196
154.34,0.0091975,152.53,68.96,0.011336
154,0.0092656,152.19,69.297,0.011418
153.85,0.0092907,152.03,69.43,0.011447
153.85,0.0092795,152.03,69.391,0.011433
153.96,0.0092428,152.14,69.229,0.011387
154.19,0.009179,152.39,68.937,0.011309
154.56,0.0090842,152.77,68.493,0.011192
155.09,0.0089546,153.32,67.874,0.011033
155.74,0.0088001,153.99,67.12,0.010844
156.53,0.0086193,154.81,66.219,0.010623
157.41,0.0084214,155.72,65.208,0.010381
158.36,0.0082173,156.7,64.139,0.010132
159.3,0.0080207,157.67,63.082,0.0098916
160.23,0.0078328,158.63,62.046,0.0096619
161.14,0.0076537,159.57,61.033,0.009443
162.05,0.0074799,160.51,60.026,0.0092306
163.02,0.0073009,161.5,58.964,0.0090118
164.01,0.0071211,162.52,57.87,0.008792
165.01,0.0069457,163.55,56.776,0.0085776
165.94,0.0067867,164.51,55.758,0.0083832
166.98,0.0066182,165.58,54.647,0.0081773
167.34,0.0065695,165.94,54.306,0.0081187
166.86,0.006666,165.44,54.919,0.0082381
165.59,0.0069004,164.14,56.403,0.0085266
164.16,0.007169,162.67,58.051,0.0088566
162.58,0.0074744,161.03,59.859,0.0092315
160.99,0.0077892,159.4,61.652,0.0096172
159.5,0.008093,157.86,63.321,0.0099892
158.16,0.0083747,156.47,64.818,0.010334
156.97,0.0086286,155.25,66.13,0.010643
155.95,0.0088489,154.2,67.241,0.010912
155.13,0.0090279,153.35,68.128,0.01113
154.58,0.0091462,152.78,68.709,0.011273
154.2,0.0092241,152.39,69.093,0.011368
153.99,0.0092637,152.17,69.294,0.011415
153.92,0.00927,152.1,69.337,0.011422
153.96,0.009249,152.15,69.25,0.011395
154.12,0.0092019,152.31,69.038,0.011337
154.41,0.0091264,152.61,68.688,0.011244
154.84,0.0090181,153.06,68.176,0.011111
155.42,0.0088772,153.66,67.496,0.010939
156.16,0.0087036,154.43,66.64,0.010727
157.04,0.0085053,155.34,65.638,0.010484
158.01,0.008294,156.34,64.542,0.010226
159.01,0.0080819,157.37,63.413,0.0099665
160.01,0.0078783,158.4,62.297,0.0097176
160.98,0.0076852,159.41,61.212,0.0094816
161.95,0.0074995,160.41,60.14,0.0092546
162.98,0.0073083,161.46,59.008,0.009021
164.04,0.0071161,162.56,57.839,0.008786
165.11,0.0069287,163.65,56.667,0.0085568
166.1,0.0067605,164.67,55.588,0.0083512
167.11,0.0065974,165.71,54.507,0.0081521
167.4,0.0065619,166,54.252,0.0081094
166.81,0.0066775,165.39,54.99,0.0082524
165.43,0.006933,163.97,56.604,0.0085667
164.01,0.0071996,162.51,58.234,0.0088943
162.47,0.0074968,160.92,59.987,0.0092589
160.94,0.0078,159.35,61.711,0.0096305
159.51,0.008092,157.87,63.314,0.0099879
158.22,0.0083631,156.53,64.756,0.010319
157.07,0.0086083,155.35,66.025,0.010619
156.08,0.0088225,154.32,67.108,0.01088
155.26,0.0089988,153.49,67.985,0.011094
154.69,0.009122,152.9,68.591,0.011244
154.3,0.0092045,152.49,68.998,0.011344
154.06,0.0092482,152.25,69.218,0.011396
153.98,0.0092577,152.16,69.276,0.011407
154.01,0.0092393,152.2,69.202,0.011384
154.16,0.0091946,152.35,69.001,0.011328
154.43,0.0091218,152.64,68.664,0.011239
154.85,0.0090165,153.07,68.166,0.01111
155.43,0.0088771,153.67,67.493,0.010939
156.17,0.0087041,154.43,66.64,0.010727
157.05,0.008505,155.34,65.635,0.010484
158.02,0.0082921,156.35,64.531,0.010223
159.03,0.0080779,157.4,63.389,0.0099616
160.04,0.0078721,158.44,62.262,0.0097101
161.03,0.0076771,159.45,61.165,0.0094718
162.01,0.0074896,160.46,60.081,0.0092426
163.04,0.007298,161.52,58.945,0.0090084
164.11,0.0071053,162.62,57.771,0.0087728
165.18,0.0069175,163.72,56.596,0.0085432
166.17,0.0067496,164.74,55.516,0.0083378
167.15,0.0065915,165.75,54.467,0.0081448
167.45,0.0065534,166.06,54.196,0.008099
166.92,0.006658,165.5,54.863,0.0082284
165.63,0.0068963,164.18,56.374,0.0085217
164.19,0.0071646,162.7,58.022,0.0088514
162.62,0.0074678,161.08,59.818,0.0092235
161.05,0.007779,159.46,61.594,0.0096049
159.58,0.0080791,157.94,63.244,0.0099722
158.25,0.0083573,156.56,64.726,0.010312
157.07,0.0086083,155.35,66.025,0.010619
156.06,0.0088263,154.31,67.127,0.010884
155.24,0.0090039,153.46,68.01,0.011101
154.69,0.0091228,152.89,68.596,0.011245
154.31,0.0092014,152.5,68.984,0.01134
154.09,0.0092417,152.28,69.188,0.011388
154.02,0.0092486,152.2,69.234,0.011396
154.06,0.0092283,152.25,69.15,0.01137
154.21,0.0091818,152.41,68.94,0.011313
154.5,0.009107,152.7,68.593,0.011221
154.92,0.0089995,153.15,68.084,0.011089
155.51,0.0088593,153.75,67.405,0.010917
156.25,0.0086863,154.52,66.551,0.010706
157.12,0.0084885,155.42,65.549,0.010464
158.09,0.0082776,156.42,64.454,0.010206
159.09,0.0080659,157.46,63.324,0.009947
160.09,0.0078626,158.49,62.209,0.0096985
161.07,0.0076699,159.49,61.123,0.0094629
162.04,0.0074844,160.49,60.05,0.0092363
163.06,0.0072938,161.55,58.919,0.0090032
164.13,0.007102,162.64,57.751,0.0087688
165.19,0.0069151,163.74,56.58,0.0085402
166.18,0.0067474,164.76,55.502,0.0083352
167.19,0.0065855,165.79,54.428,0.0081375
167.48,0.0065498,166.08,54.171,0.0080947
166.89,0.0066637,165.48,54.899,0.0082355
165.52,0.0069163,164.07,56.498,0.0085463
164.12,0.0071791,162.62,58.109,0.0088692
162.6,0.0074724,161.05,59.845,0.0092292
161.08,0.0077726,159.49,61.557,0.0095971
159.66,0.0080624,158.02,63.153,0.0099518
158.37,0.008332,156.69,64.593,0.010281
157.22,0.0085767,155.5,65.863,0.01058
156.22,0.0087914,154.47,66.952,0.010842
155.4,0.0089696,153.63,67.84,0.011059
154.81,0.0090972,153.01,68.47,0.011214
154.39,0.009184,152.59,68.898,0.011319
154.14,0.0092313,152.33,69.136,0.011376
154.04,0.0092439,152.23,69.209,0.01139
154.07,0.009228,152.26,69.146,0.01137
154.21,0.0091857,152.4,68.957,0.011318
154.47,0.0091155,152.67,68.632,0.011231
154.87,0.009013,153.09,68.147,0.011105
155.44,0.0088751,153.68,67.482,0.010937
156.18,0.0087024,154.45,66.63,0.010725
157.06,0.0085024,155.36,65.62,0.010481
158.05,0.0082877,156.38,64.507,0.010218
159.07,0.0080715,157.43,63.354,0.0099539
160.09,0.0078637,158.48,62.214,0.0096999
161.08,0.0076669,159.51,61.106,0.0094594
162.07,0.0074778,160.53,60.011,0.0092282
163.11,0.0072861,161.59,58.872,0.0089938
164.18,0.0070933,162.69,57.697,0.0087582
165.25,0.0069057,163.8,56.52,0.0085287
166.24,0.0067382,164.81,55.441,0.0083239
167.19,0.0065848,165.79,54.423,0.0081366
167.5,0.0065446,166.11,54.137,0.0080883
167.02,0.0066392,165.62,54.741,0.0082053
165.82,0.0068618,164.37,56.156,0.0084794
164.45,0.0071169,162.96,57.732,0.0087928
162.93,0.0074087,161.39,59.472,0.009151
161.39,0.0077119,159.8,61.215,0.0095227
159.93,0.0080074,158.3,62.854,0.0098846
158.6,0.0082837,156.93,64.337,0.010222
157.41,0.0085353,155.7,65.65,0.01053
156.38,0.0087573,154.64,66.78,0.0108
155.52,0.0089431,153.75,67.709,0.011027
154.9,0.0090777,153.11,68.374,0.01119
154.45,0.0091711,152.65,68.834,0.011303
154.18,0.0092238,152.37,69.098,0.011367
154.07,0.0092403,152.25,69.19,0.011386
154.08,0.0092273,152.26,69.141,0.011369
154.2,0.0091874,152.4,68.963,0.01132
154.45,0.0091194,152.66,68.65,0.011236
154.85,0.009019,153.07,68.175,0.011113
155.42,0.0088817,153.66,67.514,0.010945
156.16,0.0087084,154.42,66.66,0.010733
157.05,0.0085065,155.34,65.641,0.010486
158.04,0.0082888,156.37,64.512,0.01022
159.07,0.0080705,157.44,63.348,0.0099526
160.1,0.0078607,158.5,62.197,0.0096962
161.11,0.0076621,159.54,61.078,0.0094535
162.11,0.0074712,160.57,59.972,0.0092202
163.14,0.0072798,161.63,58.835,0.0089862
164.21,0.0070874,162.73,57.66,0.008751
165.28,0.0069004,163.83,56.486,0.0085222
166.27,0.0067337,164.84,55.411,0.0083184
167.2,0.0065841,165.8,54.418,0.0081358
167.52,0.0065418,166.12,54.119,0.0080848
167.09,0.0066273,165.68,54.664,0.0081907
165.96,0.0068356,164.52,55.991,0.0084472
164.19,0.0071664,162.69,58.032,0.0088537
162.2,0.0075505,160.64,60.296,0.009325
160.27,0.0079376,158.65,62.472,0.0097992
158.54,0.0082962,156.87,64.403,0.010238
157.36,0.0085466,155.65,65.708,0.010543
156.34,0.0087666,154.59,66.827,0.010812
155.49,0.00895,153.72,67.743,0.011035
154.84,0.0090901,153.05,68.435,0.011205
154.41,0.00918,152.6,68.879,0.011314
154.16,0.0092275,152.35,69.118,0.011371
154.07,0.0092379,152.25,69.181,0.011383
154.11,0.0092167,152.3,69.094,0.011356
154.26,0.0091717,152.46,68.892,0.0113
154.53,0.0090989,152.74,68.553,0.011211
154.95,0.0089939,153.18,68.055,0.011082
155.53,0.008854,153.78,67.378,0.010911
156.23,0.0086912,154.5,66.574,0.010712
157.05,0.0085057,155.35,65.636,0.010485
157.96,0.0083073,156.28,64.609,0.010242
158.9,0.0081065,157.26,63.542,0.0099967
159.82,0.0079183,158.2,62.516,0.0097666
160.72,0.0077388,159.13,61.513,0.0095472
161.61,0.0075667,160.05,60.529,0.0093369
162.5,0.0073984,160.97,59.543,0.0091312
163.42,0.0072284,161.92,58.524,0.0089234
164.37,0.0070582,162.9,57.479,0.0087152
165.32,0.0068933,163.87,56.441,0.0085136
166.2,0.0067448,164.77,55.484,0.0083321
167.01,0.0066134,165.6,54.616,0.0081715
167.46,0.0065455,166.07,54.152,0.0080889
167.46,0.0065559,166.07,54.206,0.0081024
166.97,0.0066497,165.56,54.807,0.0082183
166.24,0.0067842,164.81,55.666,0.008384
165.28,0.0069617,163.82,56.779,0.0086022
164.17,0.0071709,162.67,58.058,0.0088592
162.97,0.0073995,161.44,59.418,0.0091397
161.79,0.0076315,160.22,60.759,0.0094242
160.65,0.0078612,159.04,62.05,0.0097056
159.56,0.0080824,157.92,63.261,0.0099763
158.56,0.0082909,156.89,64.375,0.010231
157.49,0.0085193,155.78,65.568,0.01051
156.54,0.0087235,154.8,66.61,0.010759
155.73,0.0088987,153.96,67.488,0.010973
155.07,0.0090398,153.29,68.187,0.011144
154.56,0.0091491,152.76,68.726,0.011277
154.24,0.0092133,152.43,69.046,0.011354
154.09,0.0092366,152.28,69.171,0.011382
154.09,0.0092254,152.28,69.131,0.011367
154.2,0.0091891,152.39,68.97,0.011322
154.43,0.009126,152.63,68.679,0.011244
154.8,0.0090321,153.02,68.237,0.011129
155.32,0.0089037,153.56,67.62,0.010972
155.98,0.0087504,154.24,66.868,0.010784
156.76,0.0085709,155.05,65.968,0.010565
157.65,0.0083746,155.96,64.96,0.010324
158.59,0.0081723,156.94,63.895,0.010077
159.53,0.0079774,157.91,62.842,0.0098389
160.45,0.0077912,158.86,61.809,0.0096113
161.36,0.0076137,159.8,60.8,0.0093943
162.27,0.0074413,160.73,59.797,0.0091837
163.23,0.007264,161.72,58.739,0.0089669
164.22,0.0070858,162.74,57.65,0.008749
165.21,0.006912,163.76,56.56,0.0085364
166.14,0.0067544,164.71,55.547,0.0083438
167.17,0.0065882,165.77,54.446,0.0081408
167.53,0.0065395,166.14,54.103,0.0080819
167.06,0.006633,165.65,54.7,0.0081978
165.82,0.0068624,164.37,56.159,0.0084801
164.3,0.0071467,162.8,57.912,0.0088295
162.6,0.0074715,161.06,59.839,0.0092281
160.93,0.0078044,159.33,61.734,0.009636
159.37,0.0081225,157.73,63.477,0.010025
157.98,0.0084143,156.29,65.023,0.010382
156.77,0.0086729,155.04,66.353,0.010698
155.76,0.0088908,154,67.449,0.010963
154.98,0.0090591,153.2,68.282,0.011168
154.53,0.009155,152.73,68.755,0.011284
154.24,0.0092123,152.43,69.041,0.011353
154.1,0.0092349,152.29,69.161,0.01138
154.09,0.0092277,152.27,69.14,0.01137
154.18,0.0091956,152.37,68.999,0.01133
154.39,0.0091374,152.59,68.732,0.011258
154.73,0.0090494,152.95,68.319,0.01115
155.23,0.0089278,153.46,67.737,0.011001
155.85,0.008779,154.11,67.009,0.010819
156.62,0.0086024,154.9,66.127,0.010603
157.5,0.0084068,155.81,65.127,0.010364
158.44,0.0082032,156.79,64.059,0.010115
159.4,0.0080042,157.77,62.988,0.0098716
160.34,0.0078138,158.74,61.935,0.0096389
161.26,0.0076325,159.7,60.908,0.0094174
162.18,0.0074572,160.64,59.89,0.0092031
163.16,0.0072756,161.65,58.809,0.008981
164.18,0.007093,162.7,57.694,0.0087578
165.2,0.0069146,163.74,56.577,0.0085397
166.15,0.0067531,164.72,55.538,0.0083422
167.23,0.0065796,165.83,54.388,0.0081303
167.52,0.0065427,166.13,54.122,0.0080861
166.87,0.006669,165.45,54.931,0.0082421
165.38,0.0069442,163.92,56.67,0.0085808
163.91,0.0072205,162.4,58.357,0.0089202
162.34,0.0075244,160.78,60.145,0.009293
160.79,0.0078312,159.19,61.883,0.0096689
159.36,0.008124,157.72,63.485,0.010027
158.07,0.0083942,156.39,64.918,0.010357
156.94,0.0086366,155.21,66.169,0.010653
155.97,0.0088455,154.22,67.223,0.010908
155.19,0.0090137,153.41,68.059,0.011113
154.68,0.0091246,152.88,68.605,0.011247
154.33,0.0091958,152.52,68.958,0.011333
154.14,0.00923,152.32,69.134,0.011374
154.08,0.0092321,152.27,69.157,0.011376
154.14,0.0092079,152.33,69.054,0.011345
154.31,0.0091578,152.51,68.826,0.011283
154.61,0.009079,152.82,68.459,0.011186
155.06,0.0089672,153.29,67.926,0.011049
155.66,0.0088247,153.91,67.234,0.010875
156.41,0.0086514,154.68,66.374,0.010663
157.28,0.0084552,155.58,65.377,0.010423
158.24,0.0082477,156.57,64.295,0.010169
159.22,0.0080407,157.59,63.186,0.0099163
160.2,0.0078422,158.6,62.094,0.0096736
161.15,0.0076538,159.58,61.03,0.0094433
162.1,0.0074722,160.56,59.978,0.0092214
163.12,0.0072842,161.6,58.861,0.0089916
164.17,0.0070951,162.68,57.707,0.0087604
165.22,0.0069105,163.77,56.551,0.0085347
166.2,0.0067443,164.78,55.481,0.0083314
167.18,0.0065873,165.78,54.44,0.0081396
167.54,0.0065378,166.15,54.093,0.0080798
167.14,0.0066182,165.74,54.605,0.0081795
166.02,0.0068246,164.58,55.922,0.0084337
164.43,0.0071223,162.94,57.764,0.0087996
162.61,0.0074697,161.07,59.828,0.0092259
160.82,0.0078266,159.22,61.858,0.0096632
159.16,0.0081653,157.51,63.707,0.010078
157.93,0.0084249,156.24,65.078,0.010395
156.84,0.0086575,155.11,66.275,0.010679
155.91,0.0088578,154.16,67.285,0.010923
155.17,0.0090192,153.39,68.085,0.011119
154.63,0.009135,152.83,68.656,0.01126
154.28,0.0092051,152.47,69.005,0.011344
154.11,0.0092334,152.3,69.153,0.011378
154.09,0.0092261,152.28,69.132,0.011368
154.19,0.0091929,152.38,68.987,0.011327
154.41,0.0091329,152.61,68.711,0.011253
154.76,0.0090424,152.98,68.286,0.011142
155.27,0.0089174,153.5,67.686,0.010988
155.91,0.0087667,154.16,66.949,0.010804
156.68,0.0085889,154.97,66.059,0.010587
157.56,0.0083929,155.88,65.055,0.010347
158.51,0.0081896,156.85,63.987,0.010098
159.46,0.0079924,157.83,62.923,0.0098572
160.39,0.0078037,158.79,61.879,0.0096266
161.31,0.007624,159.74,60.859,0.009407
162.22,0.00745,160.68,59.847,0.0091943
163.19,0.0072702,161.68,58.776,0.0089744
164.2,0.0070894,162.72,57.672,0.0087534
165.21,0.006913,163.75,56.566,0.0085377
166.15,0.006753,164.72,55.538,0.0083421
167.21,0.0065821,165.81,54.405,0.0081333
167.54,0.0065402,166.14,54.107,0.008083
166.95,0.0066535,165.54,54.831,0.008223
165.56,0.0069109,164.1,56.463,0.0085398
164.19,0.0071662,162.7,58.03,0.0088534
162.71,0.0074507,161.17,59.717,0.0092025
161.24,0.0077424,159.65,61.386,0.0095601
159.84,0.0080251,158.21,62.95,0.0099063
158.57,0.0082895,156.9,64.368,0.01023
157.43,0.0085309,155.72,65.627,0.010524
156.44,0.0087448,154.7,66.717,0.010785
155.6,0.0089255,153.84,67.621,0.011005
154.97,0.0090631,153.18,68.302,0.011172
154.51,0.0091594,152.71,68.777,0.011289
154.23,0.0092149,152.42,69.055,0.011356
154.1,0.0092338,152.29,69.157,0.011378
154.1,0.0092227,152.29,69.118,0.011364
154.22,0.0091846,152.41,68.949,0.011316
154.46,0.0091187,152.67,68.645,0.011235
154.85,0.0090206,153.07,68.182,0.011115
155.41,0.0088842,153.65,67.525,0.010948
156.15,0.0087106,154.41,66.67,0.010735
157.05,0.0085073,155.34,65.644,0.010487
158.05,0.0082875,156.38,64.505,0.010218
159.09,0.0080673,157.46,63.331,0.0099488
160.13,0.0078558,158.53,62.17,0.0096902
161.14,0.0076556,159.57,61.04,0.0094455
162.15,0.0074632,160.61,59.925,0.0092104
163.18,0.0072722,161.67,58.788,0.0089769
164.25,0.0070801,162.77,57.615,0.0087421
165.32,0.0068936,163.87,56.443,0.008514
166.3,0.0067277,164.88,55.372,0.0083111
167.22,0.0065814,165.82,54.4,0.0081325
167.54,0.0065378,166.15,54.093,0.0080799
167.15,0.0066165,165.75,54.593,0.0081774
166.08,0.0068138,164.64,55.853,0.0084203
164.47,0.007114,162.98,57.714,0.0087894
162.63,0.0074667,161.09,59.811,0.0092222
160.8,0.0078295,159.2,61.874,0.0096668
159.13,0.0081734,157.47,63.75,0.010088
157.9,0.0084321,156.2,65.115,0.010404
156.81,0.0086637,155.08,66.306,0.010686
155.89,0.0088628,154.13,67.309,0.010929
155.15,0.0090228,153.37,68.103,0.011124
154.62,0.0091372,152.82,68.667,0.011262
154.27,0.009206,152.46,69.009,0.011345
154.11,0.0092332,152.3,69.153,0.011377
154.1,0.009225,152.28,69.127,0.011367
154.2,0.0091912,152.39,68.979,0.011325
154.42,0.0091305,152.62,68.7,0.01125
154.77,0.0090394,152.99,68.271,0.011138
155.28,0.0089137,153.52,67.668,0.010984
155.92,0.0087625,154.18,66.928,0.010799
156.7,0.0085844,154.99,66.036,0.010581
157.58,0.0083883,155.9,65.031,0.010341
158.53,0.0081853,156.87,63.964,0.010093
159.47,0.0079886,157.85,62.902,0.0098526
160.41,0.0078005,158.81,61.861,0.0096227
161.32,0.0076213,159.76,60.844,0.0094037
162.24,0.0074477,160.7,59.834,0.0091914
163.2,0.0072684,161.69,58.765,0.0089723
164.21,0.0070882,162.72,57.665,0.008752
165.21,0.0069123,163.76,56.562,0.0085369
166.15,0.0067529,164.72,55.537,0.0083419
167.21,0.0065828,165.81,54.409,0.0081342
167.54,0.0065395,166.15,54.102,0.008082
166.98,0.0066488,165.57,54.801,0.0082173
165.61,0.0069008,164.16,56.4,0.0085274
164.11,0.0071824,162.61,58.127,0.0088733
162.47,0.0074978,160.92,59.991,0.0092604
160.86,0.0078184,159.26,61.812,0.0096532
159.36,0.0081244,157.72,63.487,0.010028
158.02,0.0084058,156.33,64.978,0.010372
156.85,0.0086566,155.12,66.27,0.010678
155.86,0.0088702,154.1,67.346,0.010938
155.08,0.0090383,153.3,68.18,0.011142
154.6,0.0091406,152.8,68.684,0.011266
154.28,0.009204,152.48,69,0.011343
154.12,0.0092316,152.31,69.144,0.011376
154.09,0.0092286,152.28,69.142,0.011371
154.17,0.0092001,152.36,69.019,0.011336
154.36,0.0091456,152.56,68.77,0.011268
154.68,0.009062,152.9,68.378,0.011166
155.16,0.0089449,153.39,67.819,0.011022
155.77,0.0087992,154.02,67.109,0.010844
156.53,0.0086244,154.8,66.238,0.01063
157.4,0.0084288,155.71,65.241,0.010391
158.35,0.0082238,156.69,64.168,0.01014
159.31,0.0080213,157.69,63.081,0.0098926
160.27,0.0078273,158.67,62.011,0.0096555
161.21,0.007643,159.64,60.968,0.0094302
162.14,0.007465,160.6,59.936,0.0092126
163.14,0.0072803,161.63,58.837,0.0089868
164.17,0.0070945,162.69,57.704,0.0087597
165.21,0.0069131,163.75,56.567,0.0085378
166.18,0.006749,164.75,55.511,0.0083372
167.14,0.0065935,165.74,54.482,0.0081472
167.54,0.0065367,166.15,54.087,0.0080784
167.24,0.0066004,165.83,54.49,0.0081576
166.25,0.0067838,164.81,55.663,0.0083835
164.9,0.0070337,163.42,57.223,0.0086907
163.32,0.0073321,161.8,59.021,0.0090571
161.7,0.0076494,160.13,60.861,0.0094462
160.15,0.0079619,158.53,62.605,0.0098289
158.86,0.0082283,157.2,64.043,0.010155
157.7,0.0084731,156,65.328,0.010454
156.68,0.0086922,154.95,66.451,0.010721
155.81,0.0088802,154.05,67.396,0.01095
155.11,0.0090315,153.33,68.146,0.011134
154.6,0.0091404,152.8,68.683,0.011266
154.27,0.009206,152.46,69.01,0.011345
154.11,0.0092323,152.3,69.148,0.011376
154.09,0.0092262,152.28,69.132,0.011368
154.2,0.0091916,152.39,68.98,0.011325
154.42,0.0091285,152.63,68.69,0.011247
154.8,0.0090325,153.02,68.239,0.01113
155.36,0.0088956,153.6,67.58,0.010962
156.11,0.0087189,154.38,66.712,0.010746
157.03,0.0085103,155.33,65.659,0.01049
158.07,0.0082838,156.4,64.485,0.010213
159.12,0.0080616,157.48,63.299,0.0099418
160.17,0.0078483,158.56,62.128,0.0096811
161.19,0.0076466,159.62,60.989,0.0094346
162.21,0.0074526,160.67,59.863,0.0091975
163.23,0.0072636,161.72,58.737,0.0089665
164.29,0.0070738,162.81,57.576,0.0087344
165.34,0.0068897,163.89,56.418,0.0085092
166.31,0.0067261,164.89,55.362,0.0083091
167.2,0.0065836,165.8,54.415,0.0081351
167.54,0.0065371,166.15,54.089,0.0080789
167.21,0.0066053,165.81,54.521,0.0081635
166.23,0.0067862,164.8,55.679,0.0083865
164.8,0.0070519,163.32,57.334,0.008713
163.13,0.0073692,161.6,59.24,0.0091025
161.43,0.0077038,159.85,61.169,0.0095128
159.82,0.0080295,158.19,62.974,0.0099116
158.5,0.0083053,156.82,64.451,0.010249
157.32,0.0085555,155.6,65.754,0.010554
156.3,0.008775,154.55,66.869,0.010822
155.46,0.0089571,153.69,67.778,0.011044
154.86,0.0090851,153.07,68.411,0.011199
154.44,0.0091726,152.64,68.842,0.011305
154.19,0.0092205,152.38,69.084,0.011363
154.09,0.0092335,152.28,69.159,0.011378
154.11,0.0092181,152.3,69.098,0.011358
154.25,0.0091762,152.44,68.911,0.011306
154.51,0.0091066,152.71,68.588,0.01122
154.91,0.0090046,153.13,68.106,0.011095
155.48,0.0088671,153.72,67.441,0.010927
156.22,0.0086947,154.49,66.59,0.010716
157.1,0.0084948,155.4,65.58,0.010471
158.08,0.0082801,156.42,64.466,0.010209
159.11,0.0080639,157.47,63.312,0.0099446
160.13,0.0078561,158.52,62.171,0.0096906
161.13,0.0076593,159.55,61.061,0.0094501
162.12,0.0074702,160.57,59.966,0.0092189
163.15,0.0072787,161.64,58.828,0.0089849
164.22,0.0070862,162.74,57.652,0.0087495
165.29,0.0068988,163.84,56.476,0.0085204
166.28,0.0067317,164.86,55.398,0.008316
167.23,0.0065791,165.83,54.384,0.0081297
167.54,0.0065388,166.15,54.098,0.0080811
167.07,0.006632,165.66,54.693,0.0081965
165.87,0.0068523,164.43,56.096,0.0084678
164.48,0.0071125,162.99,57.704,0.0087875
162.92,0.0074107,161.38,59.484,0.0091536
161.35,0.0077203,159.76,61.262,0.009533
159.86,0.0080211,158.23,62.928,0.0099013
158.51,0.0083013,156.84,64.43,0.010244
157.32,0.0085554,155.61,65.753,0.010554
156.28,0.0087778,154.54,66.883,0.010825
155.44,0.0089615,153.66,67.8,0.011049
154.85,0.0090883,153.06,68.426,0.011203
154.43,0.0091744,152.63,68.852,0.011307
154.19,0.0092212,152.38,69.087,0.011364
154.09,0.0092334,152.28,69.158,0.011377
154.12,0.0092172,152.31,69.094,0.011357
154.25,0.0091747,152.45,68.904,0.011304
154.52,0.0091043,152.72,68.578,0.011218
154.92,0.0090016,153.15,68.091,0.011092
155.49,0.0088638,153.74,67.425,0.010923
156.23,0.0086914,154.5,66.574,0.010712
157.11,0.008492,155.41,65.566,0.010468
158.09,0.008278,156.43,64.455,0.010206
159.11,0.0080626,157.48,63.305,0.009943
160.13,0.0078555,158.53,62.168,0.0096899
161.12,0.0076594,159.55,61.062,0.0094502
162.11,0.0074709,160.57,59.97,0.0092198
163.14,0.0072795,161.63,58.833,0.0089859
164.21,0.0070871,162.73,57.658,0.0087506
165.28,0.0068998,163.83,56.482,0.0085215
166.28,0.0067325,164.85,55.404,0.008317
167.23,0.0065787,165.83,54.381,0.0081291
167.54,0.006539,166.15,54.099,0.0080814
167.05,0.0066351,165.64,54.713,0.0082003
165.83,0.00686,164.39,56.144,0.0084772
164.49,0.0071108,163,57.694,0.0087855
162.99,0.0073971,161.46,59.404,0.0091368
161.47,0.0076948,159.9,61.118,0.0095018
160.04,0.0079855,158.41,62.734,0.0098578
158.72,0.0082581,157.05,64.201,0.010191
157.54,0.0085073,155.84,65.505,0.010495
156.51,0.0087283,154.78,66.634,0.010765
155.65,0.0089152,153.88,67.571,0.010993
154.98,0.0090609,153.19,68.291,0.01117
154.5,0.0091614,152.7,68.787,0.011292
154.21,0.0092172,152.4,69.067,0.011359
154.09,0.0092334,152.28,69.158,0.011378
154.11,0.0092176,152.3,69.096,0.011357
154.26,0.0091721,152.46,68.892,0.011301
154.55,0.0090952,152.76,68.535,0.011206
155.01,0.0089815,153.23,67.995,0.011067
155.6,0.0088387,153.85,67.303,0.010892
156.36,0.0086626,154.63,66.43,0.010677
157.25,0.0084616,155.56,65.41,0.010431
158.23,0.008248,156.57,64.297,0.01017
159.23,0.0080391,157.6,63.178,0.0099143
160.21,0.0078388,158.61,62.075,0.0096694
161.18,0.0076487,159.61,61.001,0.0094371
162.14,0.0074655,160.6,59.939,0.0092132
163.15,0.0072783,161.64,58.825,0.0089844
164.2,0.00709,162.71,57.676,0.0087542
165.25,0.0069065,163.79,56.525,0.0085297
166.22,0.0067414,164.8,55.462,0.0083279
167.23,0.0065785,165.83,54.381,0.008129
167.54,0.0065401,166.14,54.105,0.0080828
166.97,0.0066499,165.56,54.808,0.0082185
165.63,0.0068979,164.18,56.381,0.0085238
164.27,0.0071517,162.78,57.942,0.0088356
162.79,0.007436,161.25,59.632,0.0091846
161.3,0.0077286,159.72,61.309,0.0095433
159.9,0.0080129,158.27,62.884,0.0098913
158.62,0.0082789,156.95,64.312,0.010217
157.47,0.008522,155.77,65.581,0.010513
156.47,0.0087376,154.73,66.681,0.010776
155.63,0.0089199,153.86,67.594,0.010998
154.98,0.0090596,153.19,68.285,0.011168
154.52,0.0091575,152.72,68.768,0.011287
154.23,0.0092139,152.42,69.05,0.011355
154.1,0.0092332,152.29,69.155,0.011377
154.1,0.009222,152.29,69.115,0.011363
154.22,0.0091835,152.42,68.944,0.011315
154.47,0.0091167,152.67,68.636,0.011233
154.86,0.0090173,153.08,68.166,0.011111
155.42,0.0088802,153.67,67.505,0.010943
156.17,0.0087063,154.43,66.648,0.01073
157.07,0.008503,155.36,65.622,0.010481
158.07,0.0082835,156.4,64.484,0.010213
159.11,0.0080644,157.47,63.315,0.0099453
160.14,0.007854,158.54,62.16,0.009688
161.15,0.0076548,159.58,61.036,0.0094446
162.15,0.0074633,160.61,59.926,0.0092106
163.18,0.0072726,161.67,58.791,0.0089774
164.25,0.0070809,162.77,57.619,0.0087431
165.31,0.0068946,163.86,56.449,0.0085152
166.3,0.0067287,164.87,55.379,0.0083124
167.22,0.006581,165.82,54.397,0.008132
167.54,0.0065376,166.15,54.091,0.0080797
167.14,0.0066186,165.73,54.607,0.00818
166.05,0.0068199,164.61,55.891,0.0084279
164.39,0.0071289,162.9,57.804,0.0088077
162.51,0.0074905,160.96,59.949,0.0092514
160.65,0.0078602,159.05,62.044,0.0097043
158.96,0.0082082,157.3,63.936,0.01013
157.76,0.0084618,156.06,65.27,0.01044
156.7,0.0086882,154.97,66.431,0.010716
155.8,0.0088817,154.04,67.404,0.010952
155.09,0.0090361,153.31,68.169,0.01114
154.58,0.0091451,152.78,68.707,0.011272
154.25,0.0092095,152.45,69.027,0.011349
154.1,0.0092334,152.29,69.155,0.011378
154.1,0.0092229,152.29,69.119,0.011364
154.21,0.0091874,152.4,68.962,0.01132
154.44,0.0091251,152.64,68.675,0.011243
154.8,0.0090322,153.02,68.237,0.011129
155.32,0.0089049,153.56,67.625,0.010973
155.97,0.0087522,154.23,66.877,0.010786
156.75,0.0085733,155.04,65.98,0.010567
157.64,0.0083772,155.95,64.974,0.010328
158.58,0.0081748,156.93,63.908,0.01008
159.52,0.0079794,157.9,62.852,0.0098413
160.45,0.0077927,158.85,61.817,0.0096131
161.36,0.0076147,159.79,60.806,0.0093956
162.27,0.007442,160.73,59.8,0.0091845
163.23,0.007264,161.72,58.739,0.008967
164.22,0.0070853,162.74,57.646,0.0087484
165.22,0.0069108,163.77,56.553,0.0085351
166.15,0.0067527,164.73,55.536,0.0083417
167.19,0.0065852,165.79,54.426,0.0081371
167.54,0.0065382,166.15,54.094,0.0080804
167.04,0.0066369,165.63,54.725,0.0082026
165.76,0.0068738,164.31,56.23,0.0084942
164.37,0.0071328,162.88,57.828,0.0088125
162.84,0.0074265,161.3,59.576,0.0091729
161.3,0.0077298,159.71,61.316,0.0095447
159.85,0.0080242,158.22,62.945,0.0099051
158.53,0.0082987,156.85,64.416,0.010241
157.35,0.0085482,155.64,65.716,0.010545
156.33,0.0087675,154.59,66.831,0.010813
155.49,0.00895,153.72,67.743,0.011035
154.89,0.0090801,153.09,68.386,0.011193
154.46,0.0091695,152.65,68.827,0.011301
154.2,0.0092191,152.39,69.076,0.011361
154.09,0.0092334,152.28,69.158,0.011378
154.11,0.009219,152.3,69.102,0.011359
154.24,0.0091781,152.44,68.919,0.011308
154.5,0.0091094,152.7,68.601,0.011224
154.9,0.0090085,153.12,68.124,0.0111
155.46,0.0088713,153.7,67.462,0.010932
156.2,0.0086987,154.47,66.611,0.010721
157.09,0.0084983,155.38,65.598,0.010476
158.07,0.0082824,156.4,64.478,0.010212
159.1,0.0080652,157.47,63.319,0.0099462
160.13,0.0078564,158.52,62.173,0.009691
161.13,0.0076587,159.56,61.058,0.0094494
162.12,0.0074687,160.58,59.957,0.0092172
163.16,0.0072772,161.64,58.819,0.0089831
164.23,0.0070847,162.74,57.643,0.0087476
165.3,0.0068974,163.85,56.467,0.0085186
166.29,0.0067304,164.86,55.39,0.0083144
167.23,0.0065795,165.83,54.387,0.0081302
167.54,0.0065383,166.15,54.095,0.0080806
167.09,0.0066277,165.68,54.666,0.0081912
165.93,0.006842,164.49,56.031,0.0084551
164.41,0.0071251,162.92,57.781,0.0088029
162.71,0.0074518,161.17,59.724,0.0092039
161.01,0.0077883,159.41,61.644,0.0096163
159.43,0.0081106,157.79,63.413,0.010011
158.02,0.0084062,156.33,64.98,0.010372
156.79,0.0086681,155.06,66.329,0.010692
155.77,0.0088886,154.01,67.438,0.01096
154.99,0.0090584,153.2,68.279,0.011167
154.53,0.0091538,152.73,68.749,0.011282
154.25,0.0092107,152.44,69.034,0.011351
154.11,0.0092329,152.3,69.152,0.011377
154.1,0.0092254,152.28,69.129,0.011367
154.19,0.009193,152.38,68.987,0.011327
154.4,0.0091345,152.6,68.718,0.011255
154.74,0.0090463,152.96,68.304,0.011146
155.24,0.0089243,153.47,67.719,0.010997
155.87,0.0087753,154.13,66.991,0.010814
156.64,0.0085986,154.92,66.108,0.010598
157.52,0.008403,155.83,65.108,0.010359
158.46,0.0081996,156.81,64.04,0.010111
159.41,0.008001,157.79,62.97,0.0098677
160.35,0.0078109,158.76,61.919,0.0096353
161.28,0.00763,159.71,60.893,0.0094142
162.2,0.0074549,160.66,59.876,0.0092002
163.18,0.0072736,161.66,58.797,0.0089786
164.19,0.0070913,162.71,57.684,0.0087557
165.21,0.0069133,163.75,56.568,0.008538
166.16,0.006752,164.73,55.531,0.0083408
167.23,0.0065789,165.83,54.383,0.0081294
167.53,0.0065413,166.14,54.113,0.0080844
166.89,0.0066659,165.47,54.911,0.0082383
165.41,0.0069389,163.95,56.637,0.0085742
163.95,0.0072123,162.45,58.307,0.0089101
162.39,0.0075136,160.84,60.082,0.0092797
160.86,0.0078183,159.26,61.811,0.0096531
159.43,0.0081097,157.79,63.408,0.01001
158.15,0.0083792,156.46,64.839,0.010339
157.01,0.0086215,155.29,66.092,0.010635
156.04,0.0088313,154.28,67.152,0.010891
155.25,0.0090014,153.47,67.997,0.011098
154.72,0.0091158,152.92,68.562,0.011236
154.35,0.0091903,152.55,68.931,0.011326
154.15,0.0092272,152.34,69.119,0.011371
154.09,0.0092315,152.28,69.153,0.011375
154.14,0.0092091,152.33,69.059,0.011347
154.3,0.0091606,152.5,68.839,0.011287
154.6,0.0090837,152.81,68.481,0.011192
155.04,0.0089739,153.26,67.959,0.011058
155.63,0.0088327,153.87,67.273,0.010885
156.37,0.0086598,154.64,66.416,0.010673
157.24,0.0084631,155.55,65.418,0.010433
158.2,0.0082545,156.54,64.331,0.010178
159.2,0.0080458,157.56,63.214,0.0099225
160.18,0.0078455,158.58,62.112,0.0096776
161.15,0.0076555,159.57,61.039,0.0094454
162.1,0.0074725,160.56,59.979,0.0092217
163.12,0.0072834,161.61,58.856,0.0089907
164.18,0.0070933,162.69,57.696,0.0087583
165.24,0.0069078,163.78,56.534,0.0085314
166.22,0.0067411,164.8,55.46,0.0083275
167.26,0.0065753,165.86,54.358,0.008125
167.53,0.0065421,166.14,54.117,0.0080853
166.89,0.006666,165.47,54.912,0.0082384
165.43,0.0069337,163.98,56.604,0.0085678
163.94,0.0072143,162.44,58.319,0.0089125
162.34,0.007524,160.79,60.142,0.0092925
160.77,0.0078368,159.17,61.914,0.0096757
159.31,0.0081347,157.67,63.543,0.01004
158.01,0.0084089,156.32,64.995,0.010375
156.86,0.0086539,155.13,66.256,0.010674
155.89,0.0088634,154.13,67.312,0.01093
155.12,0.0090297,153.34,68.138,0.011132
154.63,0.0091348,152.83,68.656,0.011259
154.3,0.0092007,152.49,68.983,0.011339
154.13,0.0092304,152.32,69.137,0.011374
154.09,0.0092291,152.28,69.144,0.011372
154.16,0.009202,152.35,69.027,0.011338
154.35,0.009149,152.55,68.785,0.011273
154.66,0.009067,152.87,68.402,0.011172
155.13,0.0089518,153.36,67.852,0.011031
155.73,0.0088073,153.98,67.149,0.010854
156.49,0.0086331,154.76,66.282,0.010641
157.36,0.0084374,155.67,65.285,0.010401
158.31,0.0082316,156.65,64.21,0.01015
159.28,0.0080277,157.65,63.116,0.0099004
160.25,0.0078323,158.65,62.038,0.0096615
161.19,0.0076466,159.62,60.989,0.0094345
162.13,0.0074674,160.59,59.95,0.0092156
163.13,0.0072815,161.62,58.845,0.0089884
164.17,0.0070946,162.69,57.704,0.0087598
165.21,0.006912,163.76,56.56,0.0085365
166.19,0.0067471,164.76,55.499,0.0083349
167.14,0.0065926,165.74,54.476,0.0081461
167.54,0.0065364,166.15,54.086,0.0080781
167.24,0.0066002,165.84,54.488,0.0081572
166.25,0.0067829,164.82,55.657,0.0083823
164.9,0.0070329,163.43,57.218,0.0086897
163.33,0.0073317,161.8,59.019,0.0090566
161.7,0.0076495,160.13,60.861,0.0094462
160.15,0.0079623,158.53,62.607,0.0098294
158.86,0.0082286,157.2,64.045,0.010155
157.7,0.0084734,156,65.33,0.010454
156.68,0.0086925,154.95,66.452,0.010721
155.81,0.0088804,154.05,67.397,0.01095
155.11,0.0090318,153.33,68.148,0.011135
154.6,0.0091406,152.8,68.684,0.011266
154.27,0.0092061,152.46,69.01,0.011345
154.11,0.0092321,152.3,69.147,0.011376
154.1,0.0092256,152.28,69.13,0.011367
154.2,0.0091906,152.39,68.976,0.011324
154.43,0.0091269,152.63,68.683,0.011245
154.81,0.0090302,153.03,68.228,0.011127
155.37,0.0088931,153.61,67.568,0.010959
156.12,0.0087165,154.39,66.7,0.010743
157.04,0.0085083,155.34,65.649,0.010488
158.07,0.0082825,156.4,64.478,0.010212
159.12,0.008061,157.49,63.296,0.009941
160.17,0.0078483,158.56,62.128,0.0096811
161.19,0.0076471,159.62,60.992,0.0094352
162.2,0.0074536,160.66,59.869,0.0091987
163.23,0.0072646,161.72,58.742,0.0089676
164.28,0.0070746,162.8,57.581,0.0087354
165.34,0.0068904,163.89,56.422,0.00851
166.31,0.0067265,164.89,55.365,0.0083097
167.2,0.0065832,165.8,54.412,0.0081347
167.54,0.0065369,166.15,54.088,0.0080788
167.2,0.0066067,165.8,54.53,0.0081653
166.21,0.0067903,164.78,55.704,0.0083914
164.76,0.0070601,163.28,57.385,0.0087232
163.07,0.0073817,161.54,59.314,0.009118
161.35,0.0077197,159.77,61.259,0.0095323
159.73,0.0080476,158.1,63.073,0.0099338
158.39,0.0083275,156.71,64.568,0.010276
157.2,0.0085803,155.49,65.881,0.010585
156.18,0.0088004,154.43,66.997,0.010853
155.35,0.0089804,153.57,67.894,0.011072
154.79,0.0091014,152.99,68.491,0.011219
154.4,0.0091821,152.59,68.89,0.011317
154.17,0.0092243,152.36,69.103,0.011367
154.09,0.0092327,152.28,69.157,0.011377
154.13,0.0092137,152.32,69.079,0.011352
154.28,0.0091685,152.47,68.875,0.011297
154.55,0.0090952,152.76,68.535,0.011206
154.97,0.0089893,153.2,68.032,0.011077
155.55,0.0088501,153.8,67.358,0.010906
156.29,0.0086777,154.56,66.506,0.010695
157.17,0.0084798,155.47,65.504,0.010453
158.14,0.0082686,156.47,64.405,0.010195
159.15,0.0080562,157.51,63.27,0.0099352
160.15,0.0078522,158.54,62.15,0.0096858
161.13,0.0076588,159.56,61.059,0.0094495
162.1,0.0074729,160.56,59.982,0.0092222
163.13,0.0072822,161.62,58.849,0.0089892
164.19,0.0070905,162.71,57.679,0.0087548
165.26,0.0069037,163.81,56.507,0.0085263
166.25,0.0067363,164.83,55.429,0.0083217
167.24,0.006577,165.84,54.37,0.0081272
167.54,0.0065402,166.14,54.106,0.008083
166.98,0.0066488,165.57,54.801,0.0082173
165.65,0.0068931,164.2,56.352,0.008518
164.3,0.0071465,162.81,57.911,0.0088293
162.81,0.0074311,161.28,59.603,0.0091786
161.33,0.0077243,159.74,61.285,0.009538
159.92,0.0080093,158.29,62.864,0.0098869
158.63,0.0082761,156.97,64.297,0.010213
157.48,0.0085199,155.78,65.57,0.010511
156.48,0.0087362,154.74,66.674,0.010775
155.63,0.0089191,153.87,67.59,0.010997
154.98,0.0090593,153.2,68.283,0.011168
154.52,0.0091575,152.72,68.768,0.011287
154.23,0.009214,152.42,69.05,0.011355
154.1,0.0092332,152.29,69.155,0.011377
154.1,0.0092218,152.29,69.114,0.011363
154.23,0.0091829,152.42,68.941,0.011314
154.47,0.0091156,152.68,68.63,0.011231
154.87,0.0090154,153.09,68.157,0.011108
155.43,0.008878,153.67,67.495,0.01094
156.18,0.008704,154.44,66.637,0.010727
157.07,0.0085008,155.37,65.611,0.010479
158.08,0.0082817,156.41,64.474,0.010211
159.11,0.0080632,157.48,63.308,0.0099438
160.14,0.0078534,158.54,62.156,0.0096873
161.15,0.0076548,159.58,61.035,0.0094446
162.15,0.0074638,160.61,59.929,0.0092112
163.18,0.0072732,161.67,58.795,0.0089782
164.24,0.0070816,162.76,57.624,0.0087439
165.31,0.0068954,163.86,56.454,0.0085162
166.29,0.0067295,164.87,55.384,0.0083133
167.22,0.0065809,165.82,54.396,0.0081318
167.54,0.0065377,166.15,54.092,0.0080798
167.13,0.0066203,165.72,54.618,0.008182
166.03,0.0068242,164.59,55.918,0.0084331
164.33,0.0071398,162.84,57.87,0.0088211
162.42,0.0075082,160.87,60.051,0.0092731
160.54,0.007883,158.93,62.171,0.0097323
158.83,0.0082342,157.17,64.074,0.010162
157.65,0.0084852,155.94,65.391,0.010469
156.6,0.0087086,154.87,66.534,0.010741
155.73,0.0088985,153.96,67.487,0.010972
155.03,0.0090486,153.25,68.231,0.011155
154.54,0.0091532,152.74,68.746,0.011282
154.23,0.0092134,152.42,69.047,0.011354
154.1,0.0092338,152.29,69.158,0.011378
154.11,0.0092204,152.3,69.108,0.011361
154.23,0.0091825,152.42,68.939,0.011314
154.47,0.0091177,152.67,68.64,0.011234
154.84,0.009022,153.06,68.188,0.011117
155.38,0.0088917,153.62,67.561,0.010957
156.03,0.0087368,154.3,66.8,0.010767
156.83,0.0085565,155.11,65.895,0.010547
157.71,0.0083601,156.03,64.884,0.010307
158.66,0.0081583,157.01,63.82,0.01006
159.59,0.0079648,157.97,62.772,0.0098235
160.51,0.0077801,158.92,61.746,0.0095977
161.41,0.0076038,159.85,60.743,0.0093822
162.32,0.0074324,160.78,59.744,0.0091728
163.27,0.0072566,161.76,58.694,0.0089578
164.25,0.0070799,162.77,57.613,0.0087419
165.24,0.0069078,163.78,56.534,0.0085314
166.16,0.0067519,164.73,55.53,0.0083407
167.16,0.0065893,165.76,54.454,0.0081421
167.54,0.006537,166.15,54.088,0.0080789
167.14,0.0066189,165.73,54.609,0.0081803
165.99,0.0068307,164.55,55.96,0.0084411
164.39,0.0071291,162.9,57.805,0.0088079
162.58,0.007476,161.04,59.864,0.0092336
160.79,0.0078316,159.19,61.885,0.0096694
159.15,0.0081688,157.5,63.726,0.010082
157.91,0.0084296,156.21,65.103,0.010401
156.82,0.0086631,155.09,66.303,0.010686
155.89,0.0088636,154.13,67.313,0.01093
155.15,0.0090243,153.36,68.111,0.011125
154.61,0.0091387,152.81,68.675,0.011264
154.27,0.009207,152.46,69.015,0.011347
154.11,0.0092332,152.29,69.153,0.011377
154.1,0.0092237,152.29,69.122,0.011365
154.21,0.0091888,152.4,68.968,0.011322
154.43,0.009127,152.63,68.683,0.011245
154.79,0.0090345,153.01,68.248,0.011132
155.31,0.0089074,153.55,67.638,0.010976
155.96,0.0087552,154.22,66.891,0.01079
156.74,0.0085765,155.02,65.996,0.010571
157.62,0.0083803,155.94,64.99,0.010331
158.56,0.0081777,156.91,63.923,0.010084
159.51,0.0079819,157.88,62.866,0.0098444
160.43,0.0077948,158.84,61.829,0.0096157
161.35,0.0076165,159.78,60.816,0.0093978
162.26,0.0074435,160.72,59.809,0.0091864
163.22,0.0072652,161.71,58.746,0.0089684
164.22,0.0070861,162.74,57.651,0.0087493
165.22,0.0069112,163.76,56.555,0.0085356
166.15,0.0067528,164.73,55.536,0.0083418
167.19,0.0065845,165.79,54.421,0.0081363
167.54,0.0065385,166.15,54.096,0.0080808
167.03,0.0066401,165.62,54.745,0.0082065
165.72,0.006881,164.27,56.276,0.0085031
164.37,0.0071335,162.88,57.832,0.0088132
162.88,0.0074186,161.34,59.53,0.0091632
161.38,0.0077133,159.8,61.222,0.0095244
159.96,0.0080003,158.34,62.815,0.0098758
158.67,0.0082691,157,64.26,0.010205
157.51,0.0085148,155.8,65.544,0.010505
156.49,0.0087328,154.75,66.656,0.010771
155.64,0.0089172,153.88,67.58,0.010995
154.98,0.0090591,153.2,68.282,0.011168
154.51,0.0091582,152.71,68.771,0.011288
154.23,0.0092148,152.42,69.054,0.011356
154.1,0.0092334,152.29,69.156,0.011378
154.11,0.0092211,152.29,69.111,0.011362
154.23,0.0091807,152.43,68.931,0.011312
154.49,0.0091111,152.7,68.609,0.011226
154.9,0.0090077,153.12,68.12,0.011099
155.47,0.0088691,153.71,67.451,0.010929
156.22,0.0086946,154.49,66.59,0.010716
157.11,0.0084921,155.41,65.566,0.010468
158.11,0.0082744,156.44,64.436,0.010202
159.13,0.0080584,157.5,63.282,0.0099379
160.15,0.007851,158.55,62.143,0.0096844
161.15,0.0076545,159.58,61.034,0.0094443
162.14,0.0074656,160.6,59.939,0.0092133
163.17,0.0072755,161.65,58.808,0.008981
164.23,0.0070845,162.75,57.641,0.0087474
165.29,0.0068985,163.84,56.474,0.00852
166.28,0.0067325,164.85,55.404,0.008317
167.22,0.0065803,165.82,54.393,0.0081312
167.54,0.0065382,166.15,54.095,0.0080805
167.09,0.0066275,165.69,54.664,0.0081909
165.93,0.0068424,164.48,56.033,0.0084555
164.38,0.0071306,162.89,57.814,0.0088097
162.65,0.0074633,161.11,59.79,0.009218
160.92,0.007805,159.33,61.737,0.0096368
159.33,0.0081311,157.68,63.524,0.010036
158.05,0.0083989,156.36,64.942,0.010363
156.93,0.0086391,155.2,66.181,0.010656
155.97,0.0088462,154.21,67.226,0.010909
155.2,0.009013,153.42,68.055,0.011112
154.64,0.0091325,152.84,68.644,0.011257
154.28,0.0092045,152.47,69.002,0.011343
154.11,0.0092328,152.3,69.151,0.011377
154.1,0.0092242,152.29,69.124,0.011366
154.2,0.0091898,152.4,68.972,0.011323
154.42,0.0091283,152.63,68.69,0.011247
154.78,0.0090361,153,68.256,0.011134
155.3,0.0089091,153.54,67.646,0.010978
155.95,0.0087571,154.21,66.901,0.010792
156.73,0.0085785,155.01,66.007,0.010574
157.61,0.0083824,155.93,65,0.010334
158.56,0.0081796,156.9,63.933,0.010086
159.5,0.0079835,157.88,62.875,0.0098464
160.43,0.0077962,158.83,61.836,0.0096174
161.34,0.0076176,159.78,60.822,0.0093991
162.25,0.0074445,160.71,59.815,0.0091875
163.22,0.0072659,161.71,58.751,0.0089692
164.22,0.0070865,162.73,57.654,0.0087499
165.22,0.0069114,163.76,56.556,0.0085358
166.15,0.0067527,164.73,55.536,0.0083417
167.2,0.006584,165.8,54.418,0.0081357
167.54,0.0065386,166.15,54.097,0.008081
167.01,0.0066421,165.6,54.758,0.0082089
165.69,0.0068856,164.24,56.304,0.0085087
164.34,0.0071384,162.85,57.862,0.0088193
162.85,0.0074233,161.32,59.557,0.0091689
161.36,0.0077174,159.78,61.246,0.0095295
159.95,0.0080036,158.32,62.833,0.0098799
158.66,0.0082716,156.99,64.273,0.010208
157.5,0.0085166,155.79,65.553,0.010507
156.49,0.0087339,154.75,66.662,0.010772
155.64,0.0089178,153.87,67.583,0.010996
154.98,0.009059,153.2,68.282,0.011168
154.52,0.0091578,152.71,68.769,0.011287
154.23,0.0092144,152.42,69.052,0.011355
154.1,0.0092333,152.29,69.156,0.011378
154.1,0.0092214,152.29,69.112,0.011362
154.23,0.0091817,152.43,68.935,0.011313
154.48,0.0091131,152.69,68.619,0.011228
154.89,0.0090111,153.11,68.136,0.011103
155.46,0.008873,153.7,67.47,0.010934
156.2,0.0086987,154.47,66.611,0.010721
157.1,0.0084959,155.4,65.586,0.010473
158.1,0.0082776,156.43,64.453,0.010206
159.12,0.0080606,157.49,63.294,0.0099406
160.15,0.0078521,158.54,62.149,0.0096857
161.15,0.0076547,159.58,61.035,0.0094445
162.14,0.0074649,160.6,59.935,0.0092125
163.17,0.0072746,161.66,58.803,0.0089798
164.23,0.0070833,162.75,57.634,0.0087459
165.3,0.0068972,163.85,56.466,0.0085184
166.28,0.0067312,164.86,55.395,0.0083154
167.22,0.0065806,165.82,54.394,0.0081315
167.54,0.006538,166.15,54.093,0.0080801
167.11,0.0066243,165.7,54.644,0.008187
165.97,0.0068343,164.53,55.983,0.0084457
164.18,0.0071679,162.69,58.04,0.0088555
162.18,0.0075545,160.62,60.318,0.0093299
160.24,0.0079433,158.62,62.503,0.0098061
158.51,0.0083026,156.83,64.437,0.010246
157.34,0.0085498,155.63,65.724,0.010547
156.33,0.008767,154.59,66.829,0.010812
155.5,0.008948,153.73,67.733,0.011033
154.86,0.0090863,153.06,68.417,0.011201
154.43,0.0091758,152.62,68.858,0.011309
154.18,0.009223,152.37,69.097,0.011366
154.09,0.0092333,152.27,69.159,0.011377
154.13,0.0092123,152.32,69.073,0.011351
154.28,0.0091674,152.48,68.87,0.011295
154.55,0.0090946,152.76,68.532,0.011206
154.97,0.0089898,153.2,68.035,0.011077
155.55,0.00885,153.8,67.358,0.010906
156.25,0.0086874,154.52,66.554,0.010707
157.07,0.008502,155.37,65.617,0.01048
157.97,0.0083037,156.3,64.59,0.010238
158.92,0.0081031,157.28,63.524,0.0099926
159.84,0.007915,158.22,62.498,0.0097626
160.73,0.0077356,159.15,61.495,0.0095433
161.62,0.0075636,160.07,60.511,0.0093331
162.52,0.0073954,160.98,59.525,0.0091275
163.44,0.0072255,161.94,58.506,0.0089199
164.39,0.0070554,162.91,57.461,0.0087118
165.34,0.0068906,163.89,56.424,0.0085103
166.22,0.0067422,164.79,55.467,0.0083288
167.03,0.0066108,165.62,54.598,0.0081683
167.48,0.0065429,166.09,54.135,0.0080858
167.48,0.0065534,166.08,54.189,0.0080994
166.99,0.0066473,165.58,54.792,0.0082154
166.26,0.0067819,164.82,55.651,0.0083811
165.3,0.0069594,163.83,56.764,0.0085994
164.18,0.0071686,162.69,58.044,0.0088564
162.99,0.0073972,161.46,59.404,0.0091369
161.8,0.0076291,160.24,60.745,0.0094213
160.66,0.0078588,159.05,62.037,0.0097027
159.58,0.0080799,157.94,63.247,0.0099732
158.58,0.0082884,156.9,64.362,0.010228
157.5,0.0085167,155.79,65.554,0.010507
156.55,0.0087207,154.81,66.596,0.010756
155.74,0.0088959,153.98,67.474,0.010969
155.09,0.0090369,153.3,68.173,0.011141
154.57,0.0091462,152.77,68.712,0.011273
154.25,0.0092103,152.44,69.031,0.01135
154.1,0.0092336,152.29,69.156,0.011378
154.1,0.0092224,152.29,69.116,0.011363
154.21,0.0091862,152.41,68.956,0.011318
154.44,0.0091231,152.65,68.665,0.011241
154.81,0.0090293,153.03,68.223,0.011125
155.34,0.008901,153.58,67.606,0.010968
155.99,0.0087476,154.25,66.854,0.010781
156.77,0.0085683,155.06,65.955,0.010561
157.66,0.0083721,155.98,64.947,0.010321
158.6,0.0081698,156.95,63.881,0.010074
159.54,0.0079751,157.92,62.828,0.009836
160.46,0.0077889,158.87,61.796,0.0096085
161.37,0.0076115,159.81,60.787,0.0093917
162.28,0.0074392,160.74,59.784,0.0091811
163.24,0.0072619,161.73,58.726,0.0089644
164.23,0.0070838,162.75,57.637,0.0087466
165.22,0.0069101,163.77,56.548,0.0085342
166.15,0.0067527,164.73,55.535,0.0083416
167.18,0.0065866,165.78,54.435,0.0081388
167.54,0.0065378,166.15,54.092,0.0080799
167.07,0.0066312,165.66,54.688,0.0081955
165.83,0.0068603,164.38,56.146,0.0084776
164.3,0.0071456,162.81,57.905,0.0088282
162.6,0.0074717,161.06,59.84,0.0092284
160.92,0.0078057,159.32,61.741,0.0096377
159.36,0.0081247,157.71,63.489,0.010028
157.97,0.0084171,156.28,65.037,0.010385
156.76,0.008676,155.03,66.369,0.010701
155.75,0.0088937,153.99,67.463,0.010967
154.97,0.0090611,153.19,68.292,0.01117
154.53,0.0091556,152.72,68.758,0.011285
154.24,0.0092117,152.43,69.038,0.011352
154.11,0.0092332,152.29,69.153,0.011377
154.1,0.0092251,152.28,69.128,0.011367
154.19,0.0091922,152.39,68.983,0.011326
154.41,0.0091332,152.61,68.712,0.011253
154.75,0.0090445,152.97,68.295,0.011144
155.25,0.008922,153.48,67.708,0.010994
155.88,0.0087725,154.14,66.977,0.010811
156.65,0.0085956,154.94,66.093,0.010595
157.53,0.0084,155.84,65.092,0.010356
158.47,0.0081968,156.82,64.025,0.010107
159.43,0.0079986,157.8,62.957,0.0098647
160.36,0.0078089,158.77,61.908,0.0096329
161.29,0.0076283,159.72,60.884,0.0094123
162.2,0.0074536,160.66,59.868,0.0091986
163.18,0.0072727,161.67,58.791,0.0089775
164.19,0.0070908,162.71,57.681,0.0087551
165.21,0.0069132,163.75,56.568,0.008538
166.16,0.0067523,164.73,55.533,0.0083412
167.23,0.0065796,165.83,54.388,0.0081303
167.53,0.006541,166.14,54.111,0.0080839
166.9,0.0066629,165.49,54.892,0.0082347
165.44,0.0069324,163.98,56.596,0.0085662
164.01,0.0072012,162.51,58.24,0.0088964
162.47,0.0074981,160.92,59.992,0.0092607
160.95,0.0077994,159.36,61.706,0.0096299
159.54,0.0080885,157.9,63.294,0.0099838
158.25,0.0083566,156.57,64.721,0.010312
157.11,0.0085988,155.4,65.975,0.010607
156.14,0.0088097,154.39,67.044,0.010864
155.34,0.0089828,153.56,67.905,0.011075
154.78,0.0091031,152.98,68.499,0.011221
154.39,0.0091831,152.59,68.895,0.011318
154.17,0.0092246,152.36,69.106,0.011368
154.09,0.0092326,152.28,69.156,0.011376
154.13,0.0092131,152.32,69.076,0.011352
154.28,0.0091674,152.48,68.87,0.011295
154.56,0.0090935,152.77,68.527,0.011204
154.98,0.008987,153.21,68.021,0.011074
155.56,0.0088474,153.81,67.345,0.010903
156.3,0.0086749,154.58,66.492,0.010692
157.18,0.0084773,155.48,65.49,0.01045
158.15,0.0082664,156.48,64.394,0.010192
159.15,0.0080546,157.52,63.262,0.0099333
160.15,0.0078512,158.55,62.144,0.0096846
161.13,0.0076584,159.56,61.056,0.009449
162.1,0.0074729,160.56,59.982,0.0092223
163.13,0.0072825,161.61,58.85,0.0089895
164.19,0.007091,162.71,57.682,0.0087554
165.26,0.0069043,163.81,56.511,0.0085271
166.25,0.0067371,164.82,55.433,0.0083226
167.25,0.0065768,165.85,54.369,0.0081268
167.54,0.0065405,166.14,54.108,0.0080833
166.96,0.0066514,165.55,54.818,0.0082205
165.62,0.0068994,164.17,56.39,0.0085256
164.25,0.0071562,162.75,57.969,0.0088411
162.75,0.0074438,161.21,59.677,0.0091941
161.25,0.0077393,159.67,61.369,0.0095563
159.84,0.0080258,158.21,62.954,0.009907
158.55,0.0082933,156.88,64.388,0.010234
157.4,0.0085373,155.69,65.66,0.010532
156.4,0.0087528,154.66,66.758,0.010795
155.56,0.0089339,153.8,67.663,0.011015
154.94,0.0090687,153.15,68.33,0.011179
154.49,0.0091625,152.69,68.793,0.011293
154.22,0.0092159,152.41,69.06,0.011357
154.1,0.0092332,152.29,69.156,0.011377
154.11,0.0092211,152.3,69.111,0.011362
154.23,0.0091821,152.42,68.938,0.011313
154.47,0.0091155,152.68,68.63,0.011231
154.86,0.0090168,153.08,68.164,0.01111
155.42,0.0088802,153.67,67.505,0.010943
156.16,0.0087071,154.43,66.653,0.010731
157.06,0.0085049,155.35,65.632,0.010484
158.05,0.0082864,156.39,64.499,0.010217
159.09,0.008067,157.46,63.329,0.0099484
160.13,0.0078561,158.52,62.172,0.0096907
161.14,0.0076566,159.57,61.046,0.0094468
162.14,0.0074649,160.6,59.935,0.0092124
163.18,0.0072735,161.66,58.796,0.0089785
164.25,0.0070812,162.76,57.621,0.0087434
165.32,0.0068943,163.87,56.447,0.0085148
166.3,0.006728,164.88,55.374,0.0083115
167.22,0.0065806,165.82,54.394,0.0081315
167.54,0.0065377,166.15,54.091,0.0080797
167.14,0.0066193,165.73,54.611,0.0081808
166.04,0.0068212,164.6,55.9,0.0084295
164.37,0.0071337,162.88,57.833,0.0088135
162.47,0.0074989,160.92,59.997,0.0092617
160.6,0.0078715,158.99,62.107,0.0097182
158.9,0.0082214,157.23,64.007,0.010146
157.7,0.0084732,156,65.329,0.010454
156.66,0.0086976,154.92,66.478,0.010728
155.77,0.008889,154.01,67.44,0.010961
155.07,0.0090412,153.28,68.194,0.011146
154.56,0.0091482,152.76,68.722,0.011276
154.25,0.0092109,152.44,69.034,0.011351
154.1,0.0092335,152.29,69.156,0.011378
154.1,0.0092222,152.29,69.115,0.011363
154.21,0.0091859,152.41,68.955,0.011318
154.45,0.0091229,152.65,68.665,0.01124
154.81,0.0090293,153.03,68.223,0.011125
155.34,0.0089011,153.57,67.607,0.010969
155.99,0.0087479,154.25,66.855,0.010781
156.77,0.0085686,155.06,65.956,0.010562
157.66,0.0083724,155.97,64.949,0.010322
158.6,0.0081702,156.95,63.883,0.010075
159.54,0.0079754,157.92,62.83,0.0098364
160.46,0.0077892,158.87,61.798,0.0096089
161.37,0.0076117,159.81,60.789,0.0093919
162.28,0.0074394,160.74,59.785,0.0091813
163.24,0.0072621,161.73,58.727,0.0089645
164.23,0.0070839,162.75,57.638,0.0087467
165.22,0.0069101,163.77,56.548,0.0085342
166.15,0.0067526,164.73,55.535,0.0083416
167.18,0.0065863,165.78,54.433,0.0081385
167.54,0.0065378,166.15,54.092,0.0080799
167.07,0.0066318,165.66,54.692,0.0081962
165.82,0.0068617,164.38,56.155,0.0084793
164.32,0.007143,162.82,57.89,0.008825
162.64,0.0074643,161.1,59.796,0.0092192
160.98,0.0077938,159.39,61.674,0.009623
159.44,0.0081093,157.79,63.406,0.010009
158.05,0.0083992,156.36,64.944,0.010364
156.84,0.008657,155.12,66.273,0.010678
155.83,0.0088755,154.07,67.373,0.010944
155.05,0.0090459,153.26,68.217,0.011152
154.57,0.0091456,152.77,68.709,0.011273
154.27,0.0092065,152.46,69.012,0.011346
154.12,0.0092321,152.3,69.147,0.011376
154.09,0.0092274,152.28,69.137,0.01137
154.18,0.0091974,152.37,69.006,0.011332
154.38,0.0091413,152.58,68.75,0.011263
154.71,0.0090558,152.92,68.349,0.011158
155.19,0.0089368,153.42,67.78,0.011012
155.81,0.0087898,154.06,67.062,0.010832
156.57,0.0086142,154.85,66.187,0.010618
157.45,0.0084187,155.76,65.189,0.010378
158.39,0.0082143,156.73,64.118,0.010129
159.35,0.0080134,157.73,63.038,0.0098829
160.3,0.007821,158.71,61.976,0.0096477
161.24,0.0076381,159.67,60.94,0.0094242
162.16,0.0074613,160.62,59.914,0.0092081
163.15,0.0072779,161.64,58.823,0.0089839
164.18,0.0070935,162.69,57.697,0.0087585
165.21,0.0069134,163.75,56.569,0.0085382
166.17,0.0067504,164.74,55.52,0.0083389
167.15,0.0065916,165.75,54.469,0.0081449
167.54,0.0065366,166.15,54.086,0.0080783
167.2,0.0066082,165.79,54.54,0.0081672
166.13,0.0068042,164.7,55.792,0.0084085
164.69,0.0070726,163.21,57.461,0.0087385
163.03,0.0073895,161.5,59.359,0.0091275
161.34,0.0077214,159.76,61.268,0.0095344
159.75,0.0080435,158.12,63.05,0.0099287
158.4,0.008326,156.72,64.56,0.010274
157.2,0.008581,155.48,65.884,0.010585
156.17,0.0088026,154.42,67.008,0.010856
155.33,0.0089835,153.56,67.909,0.011076
154.77,0.0091036,152.98,68.502,0.011222
154.39,0.0091834,152.58,68.896,0.011318
154.17,0.0092248,152.36,69.106,0.011368
154.09,0.0092327,152.28,69.157,0.011376
154.13,0.0092132,152.32,69.077,0.011352
154.28,0.0091675,152.48,68.871,0.011295
154.56,0.0090938,152.77,68.528,0.011205
154.98,0.0089874,153.21,68.023,0.011074
155.56,0.0088479,153.81,67.347,0.010903
156.3,0.0086754,154.57,66.494,0.010692
157.18,0.0084778,155.48,65.493,0.010451
158.15,0.0082669,156.48,64.396,0.010193
159.15,0.008055,157.52,63.264,0.0099338
160.15,0.0078515,158.55,62.146,0.009685
161.13,0.0076586,159.56,61.057,0.0094493
162.1,0.007473,160.56,59.983,0.0092224
163.13,0.0072826,161.61,58.851,0.0089896
164.19,0.0070911,162.71,57.682,0.0087554
165.26,0.0069043,163.81,56.511,0.0085271
166.25,0.006737,164.82,55.433,0.0083225
167.25,0.0065768,165.85,54.369,0.0081269
167.54,0.0065405,166.14,54.108,0.0080833
166.97,0.0066512,165.55,54.817,0.0082202
165.62,0.0068988,164.17,56.387,0.0085249
164.25,0.0071552,162.76,57.963,0.00884
162.75,0.0074425,161.22,59.669,0.0091925
161.26,0.0077377,159.67,61.36,0.0095544
159.85,0.008024,158.22,62.944,0.0099049
158.56,0.0082915,156.89,64.378,0.010232
157.41,0.0085354,155.7,65.65,0.01053
156.41,0.0087511,154.67,66.749,0.010793
155.57,0.0089324,153.8,67.656,0.011014
154.94,0.0090677,153.16,68.325,0.011178
154.5,0.0091619,152.69,68.79,0.011292
154.22,0.0092157,152.41,69.059,0.011357
154.1,0.0092333,152.29,69.156,0.011377
154.1,0.0092213,152.29,69.112,0.011362
154.23,0.0091825,152.42,68.939,0.011314
154.47,0.009116,152.68,68.632,0.011232
154.86,0.0090174,153.08,68.166,0.011111
155.42,0.0088809,153.66,67.508,0.010944
156.16,0.0087077,154.43,66.655,0.010732
157.06,0.0085052,155.35,65.634,0.010484
158.05,0.0082866,156.38,64.5,0.010217
159.09,0.008067,157.46,63.329,0.0099484
160.13,0.007856,158.52,62.171,0.0096905
161.14,0.0076564,159.57,61.045,0.0094466
162.15,0.0074646,160.6,59.933,0.0092121
163.18,0.0072733,161.67,58.795,0.0089782
164.25,0.007081,162.77,57.62,0.0087432
165.32,0.0068942,163.87,56.447,0.0085147
166.3,0.0067279,164.88,55.374,0.0083114
167.22,0.0065807,165.82,54.395,0.0081316
167.54,0.0065377,166.15,54.092,0.0080797
167.14,0.0066188,165.73,54.608,0.0081802
166.05,0.00682,164.61,55.892,0.008428
164.38,0.0071303,162.89,57.812,0.0088093
162.49,0.0074933,160.95,59.965,0.0092548
160.63,0.0078641,159.03,62.066,0.0097092
158.94,0.008213,157.28,63.962,0.010136
157.74,0.0084662,156.04,65.293,0.010445
156.68,0.0086921,154.95,66.45,0.010721
155.79,0.008885,154.03,67.42,0.010956
155.08,0.0090385,153.3,68.181,0.011143
154.57,0.0091467,152.77,68.715,0.011274
154.25,0.0092103,152.44,69.031,0.01135
154.1,0.0092335,152.29,69.155,0.011378
154.1,0.0092225,152.29,69.117,0.011363
154.21,0.0091864,152.41,68.957,0.011319
154.44,0.0091236,152.65,68.668,0.011241
154.81,0.0090302,153.03,68.227,0.011127
155.33,0.0089022,153.57,67.612,0.01097
155.98,0.0087492,154.24,66.862,0.010783
156.77,0.00857,155.05,65.963,0.010563
157.65,0.0083738,155.97,64.956,0.010323
158.59,0.0081715,156.94,63.89,0.010076
159.53,0.0079765,157.91,62.836,0.0098378
160.46,0.0077902,158.87,61.803,0.0096101
161.37,0.0076126,159.8,60.793,0.009393
162.28,0.0074402,160.74,59.789,0.0091822
163.24,0.0072626,161.73,58.731,0.0089652
164.23,0.0070843,162.75,57.64,0.0087472
165.22,0.0069103,163.77,56.549,0.0085344
166.15,0.0067526,164.73,55.535,0.0083416
167.19,0.006586,165.78,54.431,0.0081381
167.54,0.0065379,166.15,54.093,0.00808
167.06,0.0066332,165.65,54.701,0.008198
165.8,0.0068651,164.36,56.176,0.0084834
164.34,0.0071387,162.85,57.864,0.0088197
162.71,0.0074506,161.17,59.717,0.0092025
161.09,0.0077714,159.5,61.549,0.0095957
159.58,0.00808,157.94,63.248,0.0099734
158.21,0.0083651,156.53,64.765,0.010322
157.01,0.0086206,155.29,66.087,0.010634
156,0.0088401,154.24,67.196,0.010901
155.19,0.0090155,153.41,68.067,0.011115
154.67,0.0091254,152.87,68.609,0.011248
154.33,0.0091957,152.52,68.958,0.011333
154.14,0.0092292,152.33,69.13,0.011373
154.09,0.0092307,152.27,69.15,0.011374
154.15,0.0092061,152.34,69.045,0.011343
154.32,0.0091555,152.52,68.816,0.011281
154.63,0.0090762,152.84,68.446,0.011183
155.08,0.0089639,153.31,67.911,0.011045
155.67,0.0088212,153.92,67.217,0.010871
156.42,0.0086478,154.7,66.356,0.010659
157.3,0.0084517,155.6,65.359,0.010419
158.25,0.0082445,156.59,64.278,0.010165
159.23,0.0080381,157.6,63.172,0.0099131
160.21,0.0078401,158.61,62.082,0.009671
161.16,0.0076521,159.59,61.02,0.0094413
162.11,0.007471,160.57,59.971,0.0092199
163.12,0.0072833,161.61,58.855,0.0089905
164.17,0.0070945,162.69,57.704,0.0087597
165.22,0.0069102,163.77,56.549,0.0085343
166.2,0.0067442,164.78,55.48,0.0083313
167.17,0.006588,165.77,54.445,0.0081405
167.54,0.0065369,166.15,54.087,0.0080787
167.17,0.0066132,165.76,54.572,0.0081733
166.08,0.0068136,164.65,55.852,0.0084201
164.56,0.0070971,163.08,57.611,0.0087686
162.82,0.0074299,161.28,59.596,0.0091771
161.07,0.0077752,159.48,61.571,0.0096003
159.45,0.0081065,157.81,63.391,0.010006
158.15,0.0083792,156.46,64.839,0.010339
157,0.0086243,155.27,66.106,0.010638
156.02,0.0088359,154.26,67.175,0.010896
155.23,0.0090067,153.45,68.024,0.011104
154.65,0.0091294,152.85,68.629,0.011253
154.29,0.0092034,152.48,68.997,0.011342
154.11,0.0092327,152.3,69.15,0.011377
154.1,0.0092242,152.29,69.124,0.011366
154.2,0.0091896,152.4,68.972,0.011323
154.43,0.009128,152.63,68.688,0.011247
154.79,0.0090354,153,68.252,0.011133
155.31,0.0089079,153.55,67.64,0.010977
155.95,0.0087557,154.21,66.894,0.010791
156.73,0.0085769,155.02,65.999,0.010572
157.62,0.0083807,155.94,64.992,0.010332
158.56,0.0081779,156.91,63.924,0.010084
159.51,0.0079821,157.88,62.867,0.0098446
160.43,0.0077949,158.84,61.829,0.0096158
161.35,0.0076165,159.78,60.816,0.0093978
162.26,0.0074435,160.72,59.809,0.0091864
163.22,0.0072652,161.71,58.746,0.0089684
164.22,0.007086,162.74,57.651,0.0087493
165.22,0.0069112,163.76,56.555,0.0085355
166.15,0.0067527,164.73,55.535,0.0083417
167.2,0.0065845,165.79,54.421,0.0081362
167.54,0.0065385,166.15,54.096,0.0080807
167.03,0.00664,165.62,54.745,0.0082064
165.72,0.0068809,164.27,56.275,0.0085029
164.37,0.0071333,162.88,57.831,0.0088131
162.88,0.0074185,161.34,59.529,0.0091631
161.38,0.0077132,159.8,61.222,0.0095244
159.96,0.0080003,158.34,62.815,0.0098759
158.67,0.0082691,157,64.26,0.010205
157.51,0.0085148,155.8,65.544,0.010505
156.49,0.0087329,154.75,66.657,0.010771
155.64,0.0089173,153.87,67.581,0.010995
154.98,0.0090591,153.2,68.282,0.011168
154.51,0.0091581,152.71,68.771,0.011288
154.23,0.0092147,152.42,69.054,0.011356
154.1,0.0092333,152.29,69.156,0.011378
154.11,0.009221,152.29,69.111,0.011362
154.23,0.0091807,152.43,68.931,0.011312
154.49,0.0091112,152.7,68.61,0.011226
154.9,0.0090078,153.12,68.121,0.011099
155.47,0.0088693,153.71,67.452,0.01093
156.22,0.0086949,154.49,66.592,0.010716
157.11,0.0084923,155.41,65.568,0.010468
158.11,0.0082746,156.44,64.437,0.010202
158.34,0.0082248,156.68,64.174,0.010141
158.58,0.0081751,156.92,63.91,0.010081
158.81,0.0081257,157.17,63.645,0.01002
159.05,0.0080766,157.41,63.381,0.0099602
