150,0.0080419,148.39,65.835,0.0097571
150.57,0.0081112,148.95,65.946,0.0098569
151.08,0.0081776,149.44,66.063,0.0099517
151.52,0.0082405,149.88,66.184,0.010041
151.92,0.008297,150.27,66.289,0.010121
152.31,0.0083433,150.65,66.359,0.010188
152.68,0.0083791,151.01,66.39,0.010242
153.03,0.0084097,151.36,66.409,0.010287
153.31,0.0084465,151.62,66.472,0.01034
153.44,0.0085037,151.74,66.656,0.010417
153.35,0.0086006,151.65,67.049,0.010541
153,0.0087542,151.27,67.73,0.010733
152.32,0.0089779,150.55,68.75,0.011011
151.34,0.0092695,149.53,70.075,0.01137
150.07,0.0096368,148.21,71.711,0.01182
148.55,0.010076,146.62,73.606,0.012358
146.84,0.010578,144.84,75.688,0.012971
144.95,0.01115,142.87,77.955,0.013667
143.01,0.011757,140.84,80.251,0.014405
141.08,0.012383,138.83,82.509,0.015164
139.2,0.013016,136.87,84.687,0.015931
136.72,0.013887,134.28,87.529,0.016982
134.4,0.014739,131.85,90.162,0.01801
132.25,0.015561,129.6,92.574,0.018997
130.3,0.016334,127.56,94.742,0.019922
128.78,0.016953,125.96,96.415,0.020661
127.44,0.017506,124.56,97.871,0.02132
126.27,0.017991,123.34,99.118,0.021894
125.27,0.01841,122.29,100.18,0.02239
124.4,0.018772,121.38,101.08,0.022816
123.65,0.019079,120.59,101.85,0.023177
123.03,0.019327,119.95,102.46,0.023466
122.56,0.019501,119.46,102.9,0.023667
122.28,0.019584,119.18,103.13,0.02376
122.19,0.019575,119.09,103.15,0.023744
122.27,0.019484,119.17,102.97,0.02363
122.47,0.019334,119.39,102.66,0.023447
122.75,0.019153,119.69,102.27,0.023227
123.04,0.018971,120.01,101.87,0.023007
123.33,0.0188,120.31,101.49,0.022801
123.62,0.018635,120.62,101.12,0.022602
123.95,0.018451,120.98,100.7,0.022381
124.35,0.018246,121.39,100.21,0.022135
124.77,0.018034,121.84,99.701,0.021881
125.12,0.017862,122.21,99.281,0.021676
125.25,0.017799,122.35,99.124,0.021599
125.1,0.01787,122.19,99.301,0.021684
124.58,0.018116,121.64,99.908,0.021978
123.64,0.018562,120.65,100.99,0.022509
122.44,0.019146,119.39,102.37,0.023204
120.96,0.019886,117.83,104.06,0.024082
119.27,0.020757,116.05,105.99,0.025114
117.46,0.021726,114.14,108.04,0.026258
115.76,0.022665,112.34,109.96,0.027364
114.08,0.023626,110.56,111.85,0.028493
112.44,0.024589,108.83,113.68,0.029619
110.86,0.025536,107.16,115.42,0.030724
108.86,0.026771,105.05,117.61,0.032158
107,0.02795,103.08,119.63,0.033521
105.29,0.029057,101.27,121.47,0.034793
103.74,0.030067,99.639,123.11,0.035948
102.47,0.030894,98.303,124.43,0.036886
101.38,0.031597,97.153,125.54,0.037679
100.45,0.032173,96.184,126.45,0.038321
99.68,0.032631,95.379,127.19,0.038826
99.039,0.032987,94.712,127.78,0.039214
98.515,0.03325,94.17,128.23,0.039493
98.112,0.033416,93.757,128.54,0.039662
97.849,0.033469,93.493,128.7,0.0397
97.753,0.033379,93.408,128.66,0.039576
97.853,0.033133,93.529,128.4,0.039274
98.136,0.032744,93.847,127.93,0.038811
98.565,0.032253,94.317,127.3,0.03823
99.126,0.031666,94.928,126.52,0.037543
99.717,0.031085,95.568,125.72,0.036863
100.3,0.030536,96.201,124.95,0.036222
100.89,0.030009,96.836,124.19,0.035609
101.51,0.029482,97.501,123.41,0.034997
102.19,0.028932,98.229,122.57,0.034359
102.9,0.028386,98.983,121.71,0.033727
103.52,0.027921,99.648,120.96,0.033191
103.95,0.027624,100.1,120.47,0.032849
103.57,0.027925,99.693,120.95,0.0332
102.2,0.028961,98.235,122.59,0.034398
99.957,0.030701,95.844,125.26,0.036399
97.77,0.032458,93.514,127.82,0.038409
95.449,0.034391,91.043,130.51,0.040606
93.154,0.036367,88.6,133.14,0.042836
90.978,0.038291,86.288,135.61,0.044991
88.957,0.040114,84.144,137.86,0.047016
87.101,0.04181,82.18,139.9,0.048882
85.425,0.043346,80.41,141.72,0.050556
83.954,0.044677,78.863,143.27,0.05199
82.91,0.045594,77.768,144.35,0.052963
82.033,0.046322,76.855,145.22,0.053723
81.319,0.046864,76.115,145.89,0.054275
80.75,0.047238,75.531,146.4,0.054641
80.304,0.047471,75.078,146.75,0.054851
79.971,0.047576,74.746,146.98,0.05492
79.755,0.047548,74.537,147.07,0.054846
79.673,0.04737,74.471,147,0.054609
79.751,0.047004,74.576,146.74,0.054167
80.01,0.046442,74.872,146.27,0.053514
80.441,0.045703,75.351,145.61,0.05267
81.01,0.044837,75.976,144.78,0.051692
81.77,0.043773,76.804,143.73,0.050496
82.567,0.042726,77.669,142.65,0.049321
83.362,0.041737,78.528,141.6,0.048216
84.162,0.040796,79.39,140.56,0.047166
84.991,0.03987,80.281,139.51,0.046135
85.884,0.038924,81.237,138.39,0.045083
86.799,0.038,82.216,137.27,0.044058
87.621,0.037213,83.091,136.28,0.043186
88.239,0.036675,83.745,135.58,0.042596
88.112,0.036883,83.602,135.8,0.04284
87.072,0.037993,82.483,137.14,0.044087
85.187,0.039978,80.464,139.49,0.046299
83.426,0.041867,78.58,141.66,0.048388
81.502,0.043981,76.525,143.99,0.050709
79.539,0.046189,74.433,146.35,0.053114
77.628,0.048382,72.402,148.62,0.055481
75.992,0.050286,70.667,150.53,0.057516
74.456,0.052087,69.043,152.31,0.059424
73.027,0.053768,67.537,153.94,0.061185
71.71,0.055311,66.154,155.42,0.062784
70.437,0.056782,64.821,156.83,0.06429
69.322,0.058033,63.66,158.03,0.065549
68.379,0.059033,62.685,159.02,0.066532
67.615,0.059767,61.9,159.78,0.06723
67.014,0.06025,61.291,160.34,0.067658
66.567,0.060504,60.844,160.7,0.067847
66.253,0.060565,60.538,160.91,0.067834
66.06,0.060451,60.36,160.97,0.067642
65.992,0.060175,60.313,160.88,0.067286
66.062,0.059708,60.41,160.63,0.066735
66.289,0.059027,60.672,160.19,0.065967
66.679,0.058132,61.107,159.56,0.064979
67.169,0.057156,61.643,158.82,0.063918
67.761,0.056071,62.287,157.96,0.062746
68.425,0.054929,63.005,157.03,0.061519
69.128,0.053784,63.763,156.06,0.060292
69.8,0.052737,64.486,155.15,0.059172
70.47,0.051735,65.205,154.25,0.058102
71.14,0.050773,65.924,153.36,0.057076
71.822,0.049833,66.653,152.48,0.056075
72.553,0.048864,67.433,151.53,0.055044
73.32,0.047886,68.251,150.56,0.054005
74.109,0.046917,69.091,149.57,0.052976
74.882,0.046006,69.912,148.61,0.052009
75.509,0.0453,70.577,147.85,0.051262
76.014,0.044763,71.111,147.25,0.050697
76.34,0.044458,71.452,146.89,0.050383
76.434,0.044438,71.546,146.83,0.050376
76.268,0.04473,71.36,147.1,0.050704
75.834,0.045344,70.89,147.71,0.051379
75.137,0.04628,70.139,148.65,0.052396
74.203,0.047516,69.137,149.87,0.053731
72.846,0.049318,67.684,151.64,0.055664
71.304,0.05139,66.038,153.61,0.057869
69.667,0.053626,64.295,155.68,0.060228
68.012,0.055923,62.539,157.75,0.062629
66.558,0.057968,61,159.55,0.064747
65.164,0.059944,59.531,161.26,0.066773
63.846,0.061821,58.146,162.85,0.068677
62.61,0.063581,56.852,164.34,0.070443
61.341,0.065378,55.53,165.84,0.072224
60.18,0.067003,54.325,167.19,0.07381
59.135,0.068432,53.247,168.39,0.075183
58.218,0.06964,52.306,169.42,0.076318
57.375,0.070676,51.446,170.34,0.077263
56.704,0.071402,50.769,171.03,0.077889
56.2,0.071829,50.268,171.51,0.078213
55.845,0.07199,49.923,171.8,0.078272
55.611,0.071924,49.704,171.93,0.078103
55.501,0.071649,49.615,171.9,0.077732
55.515,0.071175,49.654,171.72,0.07717
55.667,0.070483,49.835,171.37,0.076398
55.975,0.069548,50.178,170.83,0.075394
56.452,0.068359,50.697,170.07,0.074145
57.09,0.066944,51.383,169.12,0.072678
57.859,0.065372,52.206,168.01,0.071062
58.854,0.063473,53.266,166.6,0.069118
59.887,0.061621,54.365,165.17,0.067227
60.92,0.059877,55.46,163.77,0.065449
61.955,0.058222,56.557,162.39,0.063767
63.008,0.056626,57.671,161.01,0.062145
64.12,0.055025,58.846,159.57,0.060519
65.251,0.053477,60.04,158.13,0.058947
66.289,0.052142,61.132,156.83,0.057594
66.867,0.051455,61.738,156.14,0.056904
67.243,0.05107,62.129,155.71,0.05653
67.36,0.051057,62.243,155.64,0.056542
67.178,0.051463,62.039,155.96,0.05699
66.704,0.05227,61.525,156.66,0.057853
65.952,0.053476,60.716,157.71,0.059125
64.952,0.055045,59.646,159.08,0.060766
63.756,0.056922,58.372,160.7,0.062712
62.446,0.058995,56.979,162.44,0.064843
61.063,0.061207,55.516,164.27,0.067096
59.661,0.063478,54.037,166.1,0.069387
58.281,0.065736,52.587,167.88,0.071643
57.565,0.066915,51.837,168.8,0.072811
56.866,0.068069,51.107,169.69,0.073947
56.187,0.069192,50.4,170.56,0.075046
55.529,0.070281,49.715,171.39,0.076105
55.111,0.070973,49.281,171.91,0.076773
51.598,0.069505,46.034,173.78,0.073647
48.539,0.068316,43.206,175.57,0.07098
45.887,0.067277,40.759,177.24,0.068614
43.607,0.066275,38.665,178.72,0.066423
41.714,0.065247,36.938,179.96,0.064357
40.125,0.064104,35.503,180.95,0.062294
38.81,0.062811,34.333,181.68,0.060194
37.735,0.061363,33.395,182.17,0.058045
36.873,0.059799,32.66,182.42,0.055884
36.173,0.058129,32.082,182.49,0.053701
35.609,0.056373,31.634,182.38,0.051508
35.162,0.05454,31.301,182.12,0.049304
34.784,0.052341,31.049,181.61,0.046759
34.546,0.05002,30.935,180.87,0.044174
34.436,0.047584,30.95,179.9,0.041549
34.428,0.045066,31.067,178.72,0.038906
34.482,0.042659,31.241,177.46,0.036426
34.556,0.040295,31.435,176.12,0.034017
34.622,0.038021,31.619,174.77,0.031715
34.664,0.035857,31.78,173.43,0.029536
34.682,0.034331,31.882,172.46,0.028007
34.694,0.032854,31.979,171.48,0.026535
34.706,0.031419,32.075,170.48,0.025116
34.72,0.030024,32.172,169.47,0.023746
34.731,0.028685,32.265,168.46,0.022442
34.727,0.027407,32.341,167.47,0.021201
34.685,0.026216,32.376,166.55,0.020043
34.577,0.025147,32.34,165.78,0.018992
34.389,0.024302,32.214,165.29,0.01814
34.088,0.023625,31.968,165.07,0.01742
33.654,0.023142,31.581,165.21,0.01685
33.071,0.022876,31.036,165.77,0.016441
32.351,0.022842,30.344,166.74,0.016206
31.485,0.023039,29.497,168.16,0.016134
30.485,0.023471,28.508,170,0.016226
29.371,0.024136,27.398,172.23,0.016474
28.039,0.025129,26.064,175.08,0.01692
26.643,0.026369,24.662,178.22,0.017528
25.225,0.027824,23.237,181.53,0.018276
23.824,0.029458,21.83,184.91,0.019143
22.553,0.031124,20.555,188.06,0.020048
21.352,0.032881,19.352,191.11,0.021024
20.235,0.034702,18.237,194,0.022059
19.212,0.036567,17.216,196.71,0.023147
18.042,0.039004,16.05,199.87,0.024618
17.031,0.041473,15.043,202.69,0.026173
16.177,0.043959,14.19,205.15,0.027814
15.478,0.046439,13.487,207.24,0.029536
14.949,0.048802,12.948,208.93,0.031265
14.565,0.051088,12.545,210.26,0.033031
14.324,0.053251,12.278,211.26,0.034802
14.22,0.055245,12.138,211.92,0.036537
14.243,0.057068,12.116,212.29,0.038232
14.38,0.05865,12.201,212.38,0.039813
14.612,0.059981,12.374,212.25,0.041251
14.923,0.061052,12.622,211.92,0.042522
15.263,0.061799,12.904,211.48,0.043518
15.656,0.062317,13.237,210.91,0.044345
16.101,0.062592,13.623,210.2,0.044984
16.6,0.062612,14.062,209.36,0.04542
17.159,0.062364,14.563,208.37,0.045642
17.769,0.061854,15.117,207.24,0.045643
18.419,0.061107,15.715,206.01,0.045433
19.094,0.060163,16.344,204.69,0.045036
19.85,0.058945,17.056,203.18,0.044414
20.593,0.057605,17.765,201.66,0.043646
21.311,0.056189,18.459,200.15,0.042765
22.002,0.054714,19.134,198.65,0.04179
22.552,0.053462,19.677,197.43,0.040926
23.094,0.052164,20.217,196.2,0.04
23.63,0.050821,20.756,194.95,0.039017
24.157,0.049443,21.292,193.69,0.037986
24.654,0.048086,21.802,192.46,0.036948
25.11,0.046765,22.276,191.29,0.035916
25.497,0.045541,22.684,190.24,0.034935
25.782,0.044481,22.992,189.39,0.034054
25.92,0.043714,23.153,188.86,0.03338
25.915,0.043202,23.17,188.64,0.032878
25.747,0.042991,23.022,188.79,0.032584
25.402,0.043119,22.696,189.35,0.032525
24.889,0.043606,22.198,190.31,0.032718
24.21,0.044465,21.534,191.67,0.033171
23.384,0.045699,20.722,193.41,0.033886
22.436,0.0473,19.789,195.47,0.034858
21.283,0.049469,18.656,198.04,0.036216
20.066,0.052017,17.464,200.81,0.037848
18.829,0.054896,16.258,203.69,0.039732
17.612,0.058059,15.079,206.56,0.04185
16.503,0.061301,14.009,209.22,0.044077
15.466,0.064734,13.014,211.75,0.046504
14.515,0.068343,12.106,214.12,0.049142
13.658,0.072124,11.291,216.29,0.052007
12.854,0.076342,10.525,218.38,0.055329
12.159,0.080767,9.8625,220.25,0.058956
11.571,0.085392,9.2994,221.89,0.0629
11.092,0.09019,8.8334,223.3,0.067148
10.717,0.095143,8.4602,224.49,0.071697
10.451,0.10012,8.1832,225.45,0.076429
10.294,0.10498,8.001,226.18,0.081227
10.244,0.10961,7.9106,226.68,0.085948
10.291,0.11372,7.9058,226.95,0.090293
10.424,0.11737,7.9745,227.05,0.094306
10.631,0.12051,8.1082,226.99,0.097901
10.903,0.1231,8.298,226.79,0.10103
11.224,0.12515,8.5332,226.48,0.10365
11.592,0.12668,8.81,226.07,0.1058
12.003,0.12773,9.126,225.57,0.10748
12.457,0.12831,9.4823,224.97,0.10872
13.216,0.12833,10.09,223.92,0.10976
14.096,0.12738,10.811,222.63,0.10989
15.102,0.12553,11.651,221.1,0.10916
16.214,0.1229,12.599,219.36,0.10768
17.197,0.12025,13.45,217.79,0.10597
18.196,0.11733,14.329,216.18,0.10394
19.185,0.11425,15.212,214.54,0.10168
20.146,0.11108,16.084,212.93,0.099265
20.904,0.10847,16.781,211.62,0.097207
21.645,0.10583,17.47,210.33,0.095075
22.373,0.10315,18.155,209.03,0.092863
23.095,0.10041,18.842,207.72,0.090571
23.812,0.097632,19.533,206.39,0.088198
24.519,0.09482,20.222,205.05,0.085763
25.199,0.092028,20.892,203.72,0.083309
25.825,0.089332,21.519,202.45,0.080896
26.317,0.087043,22.02,201.41,0.078805
26.705,0.084997,22.425,200.52,0.076888
26.957,0.083278,22.701,199.84,0.075215
27.047,0.08196,22.821,199.43,0.073853
26.954,0.081111,22.763,199.34,0.072859
26.666,0.080777,22.516,199.6,0.072275
26.185,0.080985,22.079,200.21,0.072124
25.519,0.081741,21.462,201.16,0.072411
24.578,0.083225,20.583,202.62,0.073241
23.475,0.085326,19.549,204.42,0.074563
22.26,0.087965,18.412,206.47,0.076318
20.983,0.091049,17.224,208.68,0.078436
19.721,0.094405,16.057,210.91,0.080795
18.49,0.097993,14.928,213.12,0.083371
17.323,0.10173,13.866,215.25,0.086114
16.241,0.10556,12.889,217.26,0.088992
15.176,0.10977,11.936,219.27,0.092244
14.23,0.114,11.095,221.08,0.09562
13.403,0.11822,10.364,222.7,0.099104
12.692,0.1224,9.738,224.11,0.10267
12.133,0.12622,9.2465,225.25,0.10603
11.674,0.12989,8.8416,226.21,0.10937
11.314,0.13336,8.523,227,0.11262
11.057,0.13654,8.2904,227.6,0.11569
10.895,0.13947,8.1373,228.04,0.11865
10.843,0.14192,8.0751,228.28,0.12124
10.893,0.14383,8.097,228.34,0.1234
11.033,0.14521,8.1942,228.24,0.12511
11.251,0.14607,8.3562,228,0.12638
11.534,0.14647,8.5738,227.64,0.12723
11.876,0.14645,8.8412,227.18,0.12769
12.274,0.14602,9.1567,226.62,0.1278
12.787,0.1451,9.5692,225.87,0.12751
13.383,0.1437,10.054,224.99,0.1268
14.069,0.14181,10.62,223.94,0.12566
14.848,0.13945,11.271,222.75,0.12411
15.658,0.13685,11.955,221.49,0.12229
16.527,0.13392,12.7,220.12,0.12017
17.437,0.13076,13.489,218.67,0.11781
18.361,0.12745,14.303,217.18,0.11526
19.247,0.12418,15.093,215.73,0.11269
20.112,0.1209,15.875,214.29,0.11004
20.952,0.11763,16.643,212.87,0.10734
21.769,0.11436,17.401,211.46,0.10459
22.58,0.11104,18.162,210.03,0.10175
23.384,0.10768,18.928,208.59,0.09884
24.184,0.10428,19.698,207.12,0.095851
24.969,0.10087,20.465,205.64,0.092815
25.68,0.097681,21.168,204.27,0.089936
26.321,0.094646,21.813,202.97,0.087146
26.85,0.091878,22.357,201.83,0.084543
27.222,0.089502,22.755,200.92,0.082235
27.388,0.087739,22.954,200.35,0.080432
27.347,0.08652,22.954,200.13,0.079063
27.083,0.085909,22.736,200.29,0.078184
26.592,0.08594,22.297,200.85,0.077825
25.912,0.086593,21.672,201.78,0.077983
25.053,0.087838,20.876,203.04,0.07862
24.049,0.089631,19.942,204.59,0.0797
22.939,0.091907,18.91,206.38,0.081172
21.543,0.095122,17.617,208.69,0.08334
20.126,0.098755,16.314,211.09,0.085863
18.746,0.10267,15.056,213.48,0.088645
17.447,0.10674,13.882,215.78,0.091611
16.375,0.11045,12.922,217.7,0.094381
15.4,0.11418,12.056,219.47,0.097238
14.526,0.11789,11.284,221.09,0.10017
13.753,0.12157,10.605,222.54,0.10315
13.083,0.12515,10.021,223.81,0.10615
12.508,0.12864,9.5197,224.93,0.10915
12.028,0.13199,9.1016,225.88,0.11212
11.644,0.13514,8.766,226.67,0.115
11.335,0.13829,8.4922,227.34,0.11799
11.144,0.14101,8.3181,227.8,0.12069
11.07,0.14325,8.2403,228.06,0.12302
11.104,0.14495,8.2519,228.12,0.12494
11.235,0.14613,8.3434,228.03,0.12642
11.448,0.14681,8.5033,227.78,0.12747
11.731,0.14703,8.7223,227.42,0.12813
12.077,0.14684,8.9943,226.94,0.12842
12.512,0.14621,9.3418,226.32,0.12834
13.021,0.14513,9.7528,225.57,0.12788
13.609,0.14362,10.235,224.69,0.12703
14.286,0.14166,10.795,223.65,0.12579
14.999,0.13943,11.392,222.55,0.12428
15.784,0.13685,12.058,221.33,0.12245
16.629,0.13396,12.782,219.99,0.12035
17.513,0.13085,13.551,218.58,0.11801
18.488,0.12733,14.41,217.01,0.11528
19.455,0.12372,15.274,215.42,0.11242
20.396,0.12011,16.128,213.85,0.10948
21.307,0.11651,16.966,212.3,0.10648
22.115,0.11323,17.719,210.89,0.1037
22.912,0.10992,18.472,209.48,0.10085
23.703,0.10658,19.228,208.05,0.097935
24.488,0.1032,19.988,206.59,0.094951
25.2,0.10008,20.686,205.24,0.092153
25.874,0.097017,21.356,203.92,0.089374
26.479,0.094108,21.968,202.69,0.086688
26.978,0.091456,22.483,201.6,0.084185
27.307,0.089336,22.835,200.79,0.082121
27.477,0.087621,23.037,200.23,0.080374
27.464,0.086386,23.062,199.97,0.079008
27.253,0.085685,22.894,200.05,0.078074
26.845,0.085555,22.534,200.48,0.077608
26.247,0.085992,21.988,201.26,0.077602
25.475,0.086985,21.274,202.37,0.078048
24.557,0.088504,20.419,203.76,0.078919
23.38,0.090794,19.324,205.63,0.080368
22.113,0.093592,18.148,207.71,0.08223
20.808,0.096787,16.944,209.9,0.084423
19.515,0.10027,15.758,212.12,0.086869
18.295,0.10387,14.649,214.25,0.089451
17.15,0.10756,13.618,216.28,0.092165
16.1,0.1113,12.679,218.18,0.094978
15.15,0.11505,11.837,219.91,0.09787
14.279,0.11888,11.069,221.53,0.10092
13.514,0.12267,10.399,222.98,0.10403
12.855,0.12638,9.8232,224.24,0.10717
12.301,0.12997,9.3398,225.33,0.11031
11.794,0.13385,8.8972,226.36,0.11382
11.429,0.13736,8.5754,227.14,0.11712
11.208,0.14039,8.3735,227.66,0.1201
11.126,0.14284,8.2872,227.95,0.12266
11.169,0.1446,8.3053,228.01,0.12465
11.317,0.14578,8.41,227.89,0.12616
11.554,0.14643,8.5892,227.61,0.12721
11.867,0.14657,8.8324,227.2,0.12782
12.227,0.14629,9.1168,226.7,0.12803
12.647,0.14563,9.4531,226.1,0.1279
13.13,0.14458,9.8451,225.38,0.12743
13.684,0.14316,10.299,224.55,0.12662
14.336,0.14127,10.839,223.56,0.12543
15.071,0.13898,11.455,222.42,0.12388
15.883,0.13631,12.145,221.15,0.12199
16.757,0.13333,12.896,219.77,0.11981
18.084,0.12862,14.055,217.64,0.11623
19.417,0.12371,15.243,215.47,0.11235
20.705,0.11875,16.414,213.31,0.10831
21.938,0.11381,17.556,211.18,0.10416
22.773,0.11036,18.343,209.71,0.1012
23.601,0.10688,19.133,208.21,0.098166
24.424,0.10335,19.929,206.69,0.095052
25.229,0.099821,20.718,205.16,0.091895
25.931,0.096629,21.417,203.79,0.088996
26.557,0.093608,22.05,202.5,0.086203
27.06,0.090881,22.572,201.39,0.083619
27.396,0.088574,22.937,200.53,0.081355
27.519,0.086928,23.095,200.03,0.079646
27.435,0.085825,23.053,199.88,0.078372
27.131,0.085324,22.796,200.11,0.077583
26.607,0.085452,22.325,200.73,0.077305
25.886,0.086203,21.661,201.72,0.077537
24.99,0.087546,20.828,203.05,0.07825
23.953,0.089435,19.862,204.67,0.079404
22.815,0.0918,18.804,206.51,0.080944
21.441,0.094997,17.531,208.79,0.083108
20.056,0.098573,16.257,211.15,0.085596
18.712,0.1024,15.031,213.49,0.088322
17.447,0.10637,13.888,215.73,0.091218
16.374,0.1101,12.926,217.66,0.094
15.399,0.11383,12.06,219.43,0.096868
14.527,0.11756,11.289,221.05,0.099807
13.756,0.12124,10.613,222.5,0.1028
13.094,0.12481,10.033,223.76,0.1058
12.527,0.12829,9.5387,224.87,0.1088
12.055,0.13162,9.127,225.81,0.11176
11.68,0.13474,8.7983,226.59,0.11462
11.381,0.13786,8.5324,227.24,0.11759
11.201,0.14056,8.3669,227.69,0.12027
11.138,0.14275,8.2979,227.93,0.12258
11.184,0.14442,8.3183,227.98,0.12447
11.324,0.14557,8.418,227.87,0.12593
11.547,0.14621,8.5857,227.61,0.12696
11.839,0.1464,8.8119,227.23,0.1276
12.192,0.14618,9.0909,226.74,0.12786
12.642,0.14551,9.4508,226.1,0.12776
13.168,0.14438,9.8768,225.32,0.12725
13.777,0.14279,10.377,224.4,0.12635
14.478,0.14075,10.958,223.33,0.12504
15.204,0.13847,11.569,222.21,0.12349
16,0.13584,12.246,220.96,0.12162
16.853,0.13292,12.98,219.61,0.11947
17.74,0.12979,13.754,218.19,0.11711
18.69,0.12634,14.594,216.65,0.11443
19.63,0.12284,15.435,215.11,0.11163
20.543,0.11932,16.266,213.57,0.10877
21.428,0.11582,17.081,212.06,0.10585
22.183,0.11275,17.787,210.75,0.10324
22.928,0.10966,18.491,209.42,0.10058
23.668,0.10654,19.199,208.08,0.097857
24.404,0.10339,19.91,206.72,0.095073
25.115,0.10028,20.607,205.37,0.092295
25.793,0.097218,21.28,204.05,0.089525
26.41,0.094291,21.901,202.8,0.086831
26.929,0.091599,22.435,201.68,0.084301
27.284,0.089416,22.813,200.83,0.08219
27.487,0.087618,23.046,200.22,0.080379
27.513,0.086283,23.109,199.89,0.078935
27.343,0.08547,22.981,199.9,0.07791
26.978,0.085221,22.662,200.26,0.077349
26.42,0.085534,22.156,200.96,0.077244
25.686,0.086404,21.477,202,0.077592
24.799,0.087804,20.652,203.33,0.078368
23.621,0.09003,19.555,205.19,0.079757
22.339,0.092803,18.363,207.28,0.081589
21.009,0.096009,17.134,209.51,0.08378
19.684,0.099529,15.918,211.78,0.086247
18.463,0.10309,14.807,213.92,0.088794
17.314,0.10675,13.77,215.95,0.091476
16.256,0.11047,12.822,217.86,0.09426
15.297,0.11419,11.97,219.61,0.097125
14.4,0.11807,11.179,221.28,0.10021
13.614,0.12192,10.488,222.76,0.10335
12.935,0.12569,9.8951,224.07,0.10653
12.363,0.12934,9.3965,225.19,0.10971
11.854,0.13318,8.9518,226.22,0.11317
11.482,0.13667,8.6233,227.01,0.11644
11.247,0.13972,8.4102,227.56,0.11942
11.146,0.14222,8.309,227.88,0.12201
11.175,0.14417,8.3141,227.97,0.12418
11.322,0.14548,8.4167,227.86,0.12583
11.568,0.14619,8.6026,227.58,0.12697
11.899,0.14635,8.8597,227.14,0.12762
12.261,0.14606,9.1456,226.64,0.12783
12.682,0.1454,9.4832,226.03,0.12769
13.167,0.14435,9.8763,225.32,0.12722
13.722,0.14292,10.331,224.48,0.12641
14.374,0.14104,10.872,223.49,0.12522
15.109,0.13874,11.489,222.35,0.12367
15.921,0.13608,12.179,221.08,0.12178
16.794,0.1331,12.929,219.7,0.1196
18.091,0.12851,14.063,217.62,0.11611
19.394,0.12371,15.224,215.49,0.11233
20.656,0.11887,16.37,213.38,0.10838
21.864,0.11404,17.488,211.3,0.10434
22.646,0.11082,18.224,209.92,0.10158
23.422,0.10757,18.963,208.53,0.098756
24.193,0.10428,19.706,207.11,0.095862
24.953,0.10097,20.448,205.68,0.092917
25.66,0.097814,21.147,204.31,0.090065
26.308,0.094776,21.798,203.01,0.087279
26.859,0.091966,22.363,201.83,0.084648
27.27,0.089503,22.798,200.87,0.082274
27.492,0.087554,23.053,200.2,0.080312
27.506,0.086148,23.106,199.87,0.078782
27.29,0.08536,22.937,199.94,0.077748
26.837,0.085234,22.536,200.42,0.077251
26.204,0.085734,21.957,201.25,0.077287
25.391,0.086819,21.203,202.43,0.077798
24.427,0.088451,20.306,203.91,0.078751
23.348,0.090574,19.301,205.62,0.080102
21.898,0.093812,17.956,208.01,0.082265
20.413,0.097534,16.587,210.53,0.084836
18.961,0.10158,15.259,213.04,0.087703
17.592,0.10581,14.02,215.46,0.090778
16.518,0.1095,13.056,217.38,0.09352
15.539,0.11319,12.185,219.17,0.096347
14.66,0.11688,11.408,220.79,0.099247
13.882,0.12054,10.723,222.25,0.10221
13.204,0.12412,10.131,223.55,0.10519
12.622,0.12761,9.6222,224.68,0.10819
12.134,0.13096,9.1968,225.65,0.11115
11.743,0.13412,8.8541,226.45,0.11404
11.428,0.13727,8.575,227.13,0.11701
11.23,0.14001,8.394,227.61,0.11972
11.146,0.14228,8.308,227.88,0.12207
11.169,0.14404,8.3107,227.97,0.12403
11.289,0.14528,8.3929,227.89,0.12557
11.491,0.14604,8.5435,227.67,0.12669
11.763,0.14634,8.7532,227.33,0.12741
12.096,0.14622,9.0154,226.87,0.12777
12.515,0.14568,9.3493,226.28,0.12777
13.004,0.14472,9.7435,225.56,0.1274
13.568,0.14333,10.205,224.72,0.12665
14.216,0.1415,10.741,223.73,0.12552
14.913,0.13936,11.324,222.66,0.12409
15.684,0.13686,11.977,221.45,0.12234
16.519,0.13405,12.691,220.14,0.1203
17.397,0.13099,13.453,218.74,0.11801
18.403,0.12737,14.338,217.12,0.11523
19.404,0.12367,15.232,215.48,0.11229
20.379,0.11994,16.117,213.85,0.10927
21.322,0.11622,16.984,212.24,0.10618
22.107,0.11304,17.716,210.88,0.10349
22.881,0.10984,18.447,209.5,0.10073
23.649,0.1066,19.181,208.11,0.097909
24.412,0.10333,19.919,206.7,0.095022
25.122,0.10022,20.615,205.36,0.092244
25.801,0.097167,21.288,204.03,0.089475
26.417,0.094242,21.909,202.78,0.086783
26.934,0.091553,22.441,201.67,0.084255
27.288,0.089373,22.818,200.82,0.082146
27.49,0.087579,23.05,200.21,0.080338
27.514,0.086249,23.111,199.89,0.078898
27.342,0.08544,22.981,199.9,0.077878
26.975,0.085196,22.661,200.25,0.077321
26.416,0.085515,22.152,200.96,0.07722
25.68,0.08639,21.473,202,0.077571
24.792,0.087794,20.646,203.34,0.078352
23.61,0.09003,19.546,205.2,0.079747
22.325,0.092814,18.351,207.3,0.081587
20.992,0.09603,17.119,209.54,0.083787
19.665,0.099561,15.902,211.81,0.086261
18.444,0.10312,14.79,213.95,0.088812
17.296,0.10679,13.754,215.98,0.091497
16.239,0.11051,12.808,217.89,0.094283
15.282,0.11423,11.957,219.64,0.097151
14.388,0.11811,11.168,221.3,0.10023
13.604,0.12195,10.48,222.78,0.10337
12.928,0.12571,9.8894,224.08,0.10655
12.359,0.12935,9.3926,225.2,0.10972
11.85,0.1332,8.9482,226.23,0.11318
11.479,0.1367,8.6204,227.02,0.11646
11.245,0.13974,8.4086,227.57,0.11945
11.147,0.14224,8.309,227.88,0.12203
11.169,0.14403,8.3107,227.97,0.12402
11.289,0.14528,8.3932,227.89,0.12557
11.494,0.14604,8.5459,227.67,0.1267
11.77,0.14633,8.759,227.32,0.12742
12.105,0.14621,9.022,226.86,0.12777
12.498,0.14571,9.3351,226.3,0.12777
12.951,0.14483,9.7007,225.64,0.12745
13.47,0.14358,10.124,224.86,0.12679
14.11,0.14181,10.653,223.89,0.12571
14.841,0.13959,11.263,222.77,0.12425
15.657,0.13695,11.953,221.5,0.12241
16.544,0.13396,12.713,220.1,0.12023
17.58,0.13033,13.614,218.45,0.11751
18.637,0.12651,14.547,216.73,0.11455
19.683,0.12261,15.484,215.01,0.11145
20.697,0.1187,16.408,213.31,0.10825
21.457,0.11568,17.109,212.01,0.10572
22.201,0.11266,17.804,210.71,0.10316
22.934,0.10962,18.497,209.41,0.10054
23.662,0.10655,19.193,208.09,0.097859
24.386,0.10344,19.894,206.75,0.09512
25.097,0.10033,20.59,205.4,0.092343
25.777,0.097273,21.264,204.08,0.089572
26.397,0.094341,21.888,202.82,0.086875
26.908,0.0917,22.413,201.73,0.084395
27.286,0.089386,22.815,200.82,0.08216
27.495,0.087503,23.057,200.18,0.080258
27.506,0.086136,23.107,199.87,0.078768
27.317,0.085393,22.96,199.91,0.077806
26.93,0.085201,22.62,200.31,0.07729
26.352,0.085575,22.093,201.05,0.077234
25.598,0.086506,21.396,202.12,0.07763
24.503,0.088307,20.377,203.79,0.07866
23.253,0.090769,19.213,205.78,0.080227
21.91,0.093779,17.966,207.99,0.082241
20.533,0.097212,16.697,210.32,0.084608
19.29,0.10062,15.559,212.47,0.087015
18.1,0.10419,14.479,214.55,0.089584
16.988,0.10784,13.477,216.54,0.092273
15.969,0.11152,12.567,218.38,0.095056
14.905,0.11581,11.624,220.34,0.098392
13.977,0.12007,10.807,222.07,0.10182
13.18,0.12425,10.109,223.59,0.1053
12.513,0.12831,9.5271,224.89,0.1088
11.999,0.13199,9.0786,225.92,0.11208
11.605,0.1354,8.7325,226.74,0.11523
11.332,0.13845,8.4889,227.35,0.11816
11.18,0.14105,8.3459,227.75,0.12078
11.144,0.14311,8.2992,227.94,0.12298
11.212,0.14465,8.3382,227.96,0.12476
11.37,0.14568,8.4528,227.81,0.12612
11.607,0.14622,8.6328,227.53,0.12706
11.905,0.14633,8.8647,227.13,0.12761
12.261,0.14605,9.1464,226.64,0.12781
12.675,0.1454,9.4777,226.04,0.12768
13.149,0.14438,9.8623,225.34,0.12723
13.799,0.1427,10.395,224.37,0.12627
14.553,0.14048,11.022,223.21,0.12485
15.412,0.13776,11.745,221.88,0.12298
16.362,0.13458,12.557,220.39,0.12069
17.314,0.13128,13.381,218.87,0.11823
18.292,0.12777,14.241,217.3,0.11554
19.269,0.12417,15.111,215.7,0.1127
20.224,0.12054,15.975,214.11,0.10976
21.086,0.11716,16.766,212.65,0.10697
21.924,0.11379,17.545,211.2,0.10412
22.746,0.1104,18.319,209.74,0.10122
23.56,0.10698,19.095,208.28,0.09824
24.294,0.10384,19.804,206.92,0.095472
25.017,0.10069,20.511,205.56,0.092661
25.711,0.097578,21.198,204.21,0.08985
26.345,0.094592,21.836,202.93,0.087107
26.836,0.092089,22.339,201.88,0.084764
27.216,0.089859,22.74,201,0.082623
27.455,0.087986,23.007,200.33,0.080757
27.526,0.086546,23.113,199.94,0.079234
27.41,0.085606,23.037,199.86,0.078112
27.096,0.085206,22.768,200.12,0.077427
26.587,0.085371,22.309,200.73,0.077201
25.895,0.086099,21.671,201.69,0.077432
24.912,0.087588,20.758,203.15,0.078229
23.768,0.08971,19.693,204.95,0.07954
22.516,0.092378,18.528,206.98,0.081294
21.209,0.095483,17.319,209.17,0.083408
19.939,0.098804,16.152,211.34,0.085726
18.707,0.10233,15.029,213.48,0.088238
17.543,0.10597,13.976,215.54,0.090892
16.466,0.10968,13.01,217.48,0.093654
15.405,0.11373,12.066,219.41,0.09676
14.463,0.11777,11.234,221.16,0.099953
13.64,0.12176,10.512,222.71,0.10321
12.934,0.12567,9.8949,224.07,0.10651
12.37,0.12928,9.4025,225.18,0.10965
11.911,0.1327,9.0013,226.1,0.11272
11.558,0.13586,8.6913,226.84,0.11567
11.314,0.13869,8.4723,227.39,0.1184
11.175,0.14119,8.3405,227.77,0.12092
11.145,0.14319,8.299,227.95,0.12307
11.215,0.14469,8.3404,227.96,0.12481
11.373,0.14569,8.4552,227.81,0.12614
11.607,0.14622,8.6327,227.53,0.12706
11.905,0.14633,8.8646,227.13,0.12761
12.261,0.14605,9.1462,226.64,0.12781
12.674,0.1454,9.4772,226.04,0.12768
13.22,0.14421,9.9199,225.24,0.12714
13.856,0.14254,10.442,224.28,0.12617
14.59,0.14037,11.053,223.16,0.12477
15.42,0.13773,11.752,221.87,0.12296
16.281,0.13486,12.487,220.51,0.12089
17.197,0.13169,13.279,219.06,0.11854
18.14,0.12832,14.106,217.54,0.11597
19.088,0.12485,14.949,216,0.11324
19.948,0.1216,15.724,214.57,0.11063
20.784,0.11836,16.487,213.16,0.10796
21.596,0.11512,17.238,211.77,0.10525
22.389,0.11188,17.981,210.38,0.10249
23.226,0.10839,18.776,208.88,0.099471
24.059,0.10485,19.576,207.36,0.096366
24.882,0.10128,20.378,205.82,0.093195
25.671,0.097758,21.159,204.29,0.090013
26.263,0.09499,21.753,203.1,0.087476
26.777,0.092404,22.278,202.01,0.085062
27.181,0.09009,22.702,201.09,0.082847
27.441,0.088136,22.99,200.38,0.08091
27.528,0.086628,23.112,199.96,0.079325
27.42,0.085637,23.044,199.85,0.078153
27.106,0.085209,22.777,200.11,0.077438
26.587,0.085371,22.309,200.73,0.0772
25.855,0.086152,21.634,201.75,0.077456
24.947,0.087527,20.791,203.1,0.078194
23.9,0.089448,19.815,204.74,0.079373
22.755,0.091845,18.75,206.59,0.080937
21.387,0.095042,17.483,208.87,0.083104
20.011,0.098607,16.218,211.22,0.085587
18.677,0.10242,15.001,213.54,0.088302
17.422,0.10637,13.868,215.76,0.091184
16.349,0.1101,12.906,217.69,0.093976
15.375,0.11385,12.039,219.47,0.096854
14.504,0.11758,11.27,221.08,0.099803
13.735,0.12128,10.595,222.53,0.10281
13.076,0.12485,10.018,223.79,0.10581
12.512,0.12832,9.5261,224.89,0.10881
12.043,0.13165,9.1173,225.83,0.11177
11.672,0.13477,8.7916,226.6,0.11464
11.376,0.13788,8.5288,227.25,0.11761
11.201,0.14056,8.3667,227.69,0.12028
11.142,0.14275,8.3011,227.92,0.12258
11.192,0.1444,8.3247,227.97,0.12446
11.336,0.14553,8.4275,227.85,0.1259
11.562,0.14616,8.5978,227.58,0.12693
11.857,0.14634,8.8266,227.2,0.12755
12.213,0.1461,9.1081,226.71,0.1278
12.669,0.14541,9.4727,226.05,0.12768
13.201,0.14426,9.9044,225.27,0.12716
13.819,0.14264,10.412,224.34,0.12623
14.529,0.14056,11.001,223.25,0.1249
15.26,0.13825,11.617,222.12,0.12332
16.062,0.1356,12.299,220.86,0.12143
16.917,0.13267,13.036,219.51,0.11927
17.807,0.12953,13.813,218.08,0.11689
18.749,0.1261,14.646,216.55,0.11423
19.68,0.12262,15.481,215.02,0.11145
20.585,0.11914,16.304,213.5,0.10861
21.461,0.11567,17.113,212,0.10571
22.231,0.11253,17.833,210.66,0.10305
22.991,0.10938,18.552,209.3,0.10033
23.747,0.10618,19.275,207.93,0.097541
24.497,0.10296,20.002,206.54,0.094693
25.207,0.099849,20.698,205.19,0.091906
25.881,0.096795,21.368,203.87,0.089135
26.488,0.093887,21.981,202.63,0.086452
26.991,0.091229,22.501,201.54,0.083945
27.326,0.089096,22.86,200.72,0.081873
27.505,0.087362,23.07,200.14,0.080111
27.502,0.0861,23.104,199.87,0.078726
27.302,0.085369,22.947,199.93,0.077768
26.906,0.085206,22.598,200.34,0.077276
26.318,0.085608,22.063,201.09,0.077242
25.557,0.086565,21.358,202.18,0.07766
24.647,0.088048,20.511,203.56,0.078503
23.382,0.090498,19.333,205.57,0.08005
22.014,0.093532,18.063,207.82,0.082073
20.609,0.097014,16.767,210.19,0.08447
19.225,0.10081,15.5,212.58,0.087148
18.013,0.10446,14.4,214.71,0.089782
16.885,0.10819,13.385,216.72,0.09254
15.853,0.11196,12.464,218.59,0.095393
14.925,0.11572,11.642,220.3,0.098324
14.097,0.11948,10.912,221.85,0.10134
13.371,0.12319,10.277,223.22,0.1044
12.747,0.12681,9.7313,224.43,0.1075
12.223,0.13031,9.2745,225.47,0.11057
11.722,0.13431,8.8358,226.49,0.11421
11.376,0.13788,8.5289,227.25,0.1176
11.186,0.14089,8.3522,227.73,0.12062
11.146,0.14326,8.2992,227.95,0.12314
11.237,0.1449,8.3559,227.94,0.12507
11.439,0.1459,8.5043,227.73,0.12646
11.733,0.14632,8.7303,227.36,0.12735
12.107,0.14621,9.0239,226.86,0.12777
12.52,0.14567,9.3532,226.27,0.12776
13,0.14472,9.7409,225.57,0.1274
13.554,0.14336,10.194,224.74,0.12667
14.189,0.14158,10.718,223.77,0.12557
14.882,0.13946,11.298,222.7,0.12416
15.65,0.13697,11.947,221.51,0.12242
16.481,0.13417,12.659,220.2,0.12039
17.358,0.13112,13.419,218.8,0.11811
18.372,0.12748,14.311,217.17,0.11531
19.382,0.12375,15.213,215.51,0.11236
20.366,0.11999,16.104,213.87,0.10931
21.317,0.11624,16.979,212.25,0.1062
22.1,0.11307,17.709,210.89,0.10351
22.871,0.10988,18.437,209.52,0.10077
23.636,0.10666,19.168,208.14,0.097956
24.396,0.1034,19.904,206.73,0.095081
25.107,0.10029,20.6,205.39,0.092304
25.786,0.097233,21.273,204.06,0.089535
26.404,0.094306,21.895,202.81,0.086841
26.924,0.09161,22.43,201.69,0.084309
27.281,0.089422,22.81,200.84,0.082194
27.487,0.087618,23.046,200.22,0.080378
27.516,0.086275,23.112,199.89,0.078928
27.35,0.085453,22.987,199.89,0.077896
26.988,0.085194,22.672,200.24,0.077328
26.433,0.085498,22.168,200.94,0.077215
25.702,0.086358,21.493,201.97,0.077555
24.818,0.087748,20.67,203.3,0.078324
23.646,0.089956,19.579,205.14,0.079698
22.371,0.092708,18.393,207.22,0.081515
21.046,0.095891,17.169,209.44,0.08369
19.726,0.099391,15.957,211.71,0.086141
18.503,0.10294,14.844,213.84,0.08868
17.353,0.1066,13.805,215.88,0.091356
16.292,0.11031,12.855,217.79,0.094134
15.331,0.11403,12,219.55,0.096994
14.427,0.11793,11.203,221.23,0.10008
13.635,0.12179,10.507,222.72,0.10324
12.951,0.12558,9.9094,224.04,0.10643
12.375,0.12924,9.407,225.16,0.10962
11.866,0.13307,8.9619,226.19,0.11306
11.491,0.13656,8.6318,226.99,0.11633
11.253,0.13961,8.4162,227.55,0.11931
11.149,0.14212,8.3117,227.87,0.1219
11.172,0.14407,8.3122,227.97,0.12406
11.309,0.14539,8.4075,227.87,0.12572
11.544,0.14613,8.5843,227.61,0.12687
11.862,0.14634,8.8308,227.19,0.12756
12.215,0.1461,9.1097,226.7,0.1278
12.628,0.14548,9.4397,226.11,0.12771
13.103,0.14449,9.8241,225.41,0.12728
13.646,0.14311,10.269,224.6,0.12652
14.294,0.14127,10.805,223.61,0.12537
15.026,0.139,11.419,222.48,0.12384
15.837,0.13635,12.107,221.21,0.12198
16.713,0.13338,12.859,219.83,0.1198
18.16,0.12825,14.123,217.51,0.11591
19.611,0.12288,15.419,215.13,0.11167
21.005,0.11749,16.69,212.79,0.10724
22.336,0.1121,17.931,210.47,0.10268
23.241,0.10832,18.79,208.85,0.099414
24.142,0.10449,19.657,207.2,0.09605
25.029,0.10064,20.522,205.54,0.092614
25.869,0.096848,21.356,203.9,0.089183
26.435,0.094152,21.927,202.74,0.086699
26.914,0.091663,22.42,201.71,0.084359
27.274,0.089468,22.803,200.85,0.082239
27.484,0.087653,23.043,200.23,0.080414
27.518,0.086297,23.112,199.89,0.078954
27.355,0.085464,22.992,199.89,0.077913
26.99,0.085194,22.673,200.24,0.077329
26.425,0.085505,22.161,200.95,0.077216
25.633,0.086455,21.429,202.07,0.077603
24.669,0.088008,20.532,203.53,0.078479
23.572,0.090105,19.51,205.26,0.079794
22.387,0.092669,18.409,207.2,0.081489
21.052,0.095878,17.174,209.44,0.083681
19.72,0.099406,15.952,211.72,0.086151
18.438,0.10314,14.784,213.96,0.088824
17.236,0.10699,13.7,216.09,0.091646
16.153,0.11082,12.731,218.05,0.094525
15.176,0.11467,11.863,219.84,0.097492
14.307,0.11849,11.097,221.45,0.10053
13.545,0.12226,10.428,222.89,0.10363
12.909,0.12583,9.8725,224.12,0.10664
12.369,0.12928,9.4017,225.18,0.10965
11.926,0.13257,9.0148,226.07,0.11261
11.582,0.13563,8.7119,226.79,0.11545
11.317,0.13865,8.4754,227.39,0.11836
11.174,0.14121,8.3394,227.77,0.12094
11.146,0.14326,8.299,227.95,0.12314
11.223,0.14477,8.346,227.95,0.12491
11.392,0.14576,8.4694,227.79,0.12624
11.64,0.14626,8.658,227.49,0.12714
11.954,0.14631,8.9032,227.07,0.12766
12.33,0.14596,9.2008,226.54,0.12781
12.766,0.14522,9.5515,225.91,0.12761
13.27,0.14409,9.9608,225.16,0.12707
13.848,0.14256,10.435,224.29,0.12618
14.504,0.14063,10.981,223.29,0.12495
15.232,0.13834,11.593,222.16,0.12339
16.029,0.13571,12.271,220.91,0.12151
16.881,0.13279,13.004,219.56,0.11937
17.767,0.12967,13.778,218.15,0.117
18.714,0.12623,14.615,216.61,0.11433
19.649,0.12274,15.454,215.07,0.11155
20.559,0.11924,16.281,213.54,0.10869
21.44,0.11575,17.094,212.04,0.10578
22.198,0.11267,17.802,210.72,0.10317
22.946,0.10957,18.509,209.39,0.10049
23.69,0.10643,19.22,208.04,0.097756
24.428,0.10326,19.934,206.67,0.094959
25.138,0.10015,20.63,205.33,0.092179
25.816,0.097096,21.303,204,0.08941
26.43,0.094174,21.922,202.75,0.08672
26.945,0.09149,22.452,201.64,0.084195
27.296,0.089319,22.826,200.8,0.082093
27.493,0.087537,23.054,200.19,0.080294
27.512,0.086219,23.11,199.88,0.078864
27.335,0.085425,22.975,199.9,0.077855
26.963,0.085196,22.649,200.27,0.07731
26.398,0.08553,22.136,200.98,0.077222
25.658,0.08642,21.452,202.03,0.077586
24.765,0.087839,20.622,203.38,0.078378
23.572,0.090107,19.51,205.26,0.079796
22.275,0.092925,18.305,207.38,0.081662
20.933,0.096178,17.065,209.64,0.083889
19.599,0.099745,15.841,211.93,0.086391
18.379,0.10332,14.732,214.06,0.088954
17.234,0.107,13.699,216.09,0.091649
16.181,0.11072,12.756,217.99,0.094445
15.228,0.11445,11.91,219.74,0.097322
14.345,0.11831,11.131,221.38,0.10039
13.571,0.12212,10.451,222.84,0.10351
12.902,0.12587,9.867,224.13,0.10668
12.34,0.12948,9.3763,225.23,0.10983
11.833,0.13334,8.9328,226.26,0.11332
11.464,0.13685,8.6077,227.05,0.11661
11.236,0.13989,8.4002,227.59,0.1196
11.145,0.14238,8.3064,227.89,0.12218
11.176,0.14414,8.3146,227.97,0.12415
11.305,0.14537,8.4045,227.88,0.12569
11.519,0.14609,8.5653,227.64,0.12679
11.806,0.14634,8.7871,227.27,0.12748
12.149,0.14617,9.0568,226.8,0.12779
12.55,0.14562,9.3771,226.23,0.12775
13.012,0.1447,9.7507,225.55,0.12738
13.542,0.14339,10.184,224.76,0.12668
14.185,0.14159,10.715,223.78,0.12557
14.915,0.13935,11.326,222.65,0.12409
15.729,0.13671,12.014,221.38,0.12224
16.61,0.13373,12.771,219.99,0.12006
17.572,0.13036,13.606,218.46,0.11754
18.551,0.12683,14.47,216.88,0.1148
19.523,0.12322,15.34,215.28,0.11193
20.469,0.11959,16.199,213.7,0.10898
21.238,0.11656,16.906,212.39,0.10646
21.988,0.11353,17.605,211.08,0.1039
22.726,0.11048,18.3,209.78,0.10129
23.458,0.10741,18.997,208.46,0.098617
24.186,0.10431,19.699,207.12,0.095884
24.905,0.10118,20.401,205.77,0.093105
25.598,0.098091,21.086,204.43,0.090316
26.239,0.095105,21.729,203.15,0.087582
26.775,0.092418,22.276,202.02,0.085075
27.191,0.090023,22.713,201.06,0.082783
27.452,0.088021,23.003,200.35,0.080793
27.526,0.086501,23.113,199.93,0.079184
27.401,0.085579,23.03,199.86,0.078075
27.078,0.085202,22.752,200.14,0.077408
26.559,0.085392,22.283,200.77,0.077201
25.856,0.08615,21.635,201.75,0.077455
24.859,0.087678,20.709,203.23,0.078282
23.702,0.089842,19.631,205.05,0.079625
22.439,0.092551,18.457,207.11,0.08141
21.124,0.095696,17.241,209.31,0.083555
19.857,0.099027,16.077,211.48,0.085883
18.631,0.10256,14.96,213.62,0.088402
17.474,0.1062,13.914,215.67,0.091059
16.405,0.1099,12.956,217.59,0.093822
15.352,0.11394,12.019,219.51,0.096926
14.419,0.11797,11.195,221.24,0.10011
13.604,0.12195,10.48,222.78,0.10337
12.905,0.12585,9.8691,224.12,0.10666
12.344,0.12946,9.3794,225.23,0.10981
11.888,0.13288,8.9816,226.15,0.11289
11.541,0.13604,8.6757,226.88,0.11584
11.302,0.13886,8.4615,227.42,0.11857
11.17,0.14132,8.3355,227.78,0.12106
11.146,0.1433,8.2992,227.95,0.12318
11.222,0.14476,8.3452,227.95,0.1249
11.385,0.14573,8.4638,227.79,0.1262
11.622,0.14624,8.6444,227.51,0.1271
11.923,0.14632,8.8789,227.11,0.12763
12.282,0.14602,9.1628,226.61,0.12781
12.698,0.14535,9.4963,226.01,0.12766
13.252,0.14413,9.9457,225.19,0.1271
13.898,0.14242,10.477,224.22,0.1261
14.642,0.14021,11.097,223.07,0.12466
15.485,0.13752,11.807,221.77,0.12281
16.357,0.1346,12.553,220.39,0.1207
17.283,0.13139,13.354,218.92,0.11831
18.235,0.12798,14.19,217.39,0.1157
19.188,0.12447,15.038,215.83,0.11294
20.045,0.12123,15.812,214.41,0.11032
20.878,0.11799,16.574,213,0.10765
21.688,0.11475,17.324,211.61,0.10494
22.479,0.11151,18.066,210.22,0.10217
23.301,0.10807,18.847,208.75,0.099196
24.119,0.10459,19.635,207.25,0.096137
24.927,0.10109,20.422,205.73,0.093017
25.701,0.097624,21.188,204.23,0.089891
26.289,0.094867,21.779,203.05,0.087362
26.798,0.092296,22.299,201.97,0.08496
27.195,0.09,22.717,201.05,0.08276
27.448,0.088066,22.998,200.36,0.080839
27.527,0.08658,23.113,199.95,0.079272
27.412,0.085611,23.038,199.86,0.078119
27.091,0.085205,22.764,200.13,0.077422
26.567,0.085386,22.29,200.76,0.077201
25.827,0.086189,21.608,201.79,0.077473
24.912,0.087587,20.758,203.15,0.078229
23.858,0.089531,19.777,204.8,0.079425
22.708,0.091949,18.706,206.67,0.081007
21.345,0.095146,17.444,208.94,0.083176
19.975,0.098705,16.185,211.28,0.085656
18.648,0.1025,14.975,213.59,0.088364
17.401,0.10644,13.848,215.8,0.091237
16.327,0.11018,12.886,217.73,0.094036
15.353,0.11394,12.02,219.51,0.096922
14.483,0.11768,11.252,221.12,0.099879
13.715,0.12138,10.577,222.57,0.10289
13.058,0.12495,10.003,223.83,0.10589
12.497,0.12842,9.5132,224.92,0.10889
12.031,0.13174,9.1066,225.86,0.11186
11.662,0.13485,8.7832,226.62,0.11472
11.37,0.13796,8.523,227.26,0.11768
11.198,0.14063,8.3634,227.7,0.12035
11.142,0.14281,8.3005,227.92,0.12264
11.195,0.14445,8.3268,227.97,0.12451
11.342,0.14556,8.4319,227.84,0.12594
11.57,0.14617,8.6045,227.57,0.12695
11.868,0.14634,8.8354,227.18,0.12756
12.227,0.14609,9.119,226.69,0.12781
12.687,0.14537,9.4875,226.03,0.12767
13.225,0.1442,9.9242,225.23,0.12713
13.85,0.14255,10.437,224.29,0.12618
14.568,0.14044,11.034,223.19,0.12482
15.304,0.13811,11.654,222.05,0.12322
16.11,0.13544,12.34,220.78,0.12132
16.969,0.13249,13.081,219.42,0.11914
17.86,0.12933,13.859,218,0.11675
18.796,0.12593,14.688,216.48,0.11409
19.72,0.12247,15.518,214.95,0.11133
20.618,0.11901,16.335,213.44,0.1085
21.488,0.11556,17.138,211.96,0.10562
23.028,0.10922,18.586,209.24,0.1002
24.55,0.10273,20.054,206.44,0.094485
25.989,0.096287,21.477,203.66,0.088669
27.102,0.090584,22.618,201.28,0.083326
27.404,0.088487,22.946,200.5,0.081265
27.527,0.086847,23.104,200,0.079564
27.447,0.085743,23.066,199.85,0.078291
27.15,0.085229,22.816,200.06,0.077494
26.663,0.08532,22.378,200.64,0.077206
25.987,0.085984,21.757,201.56,0.077382
25.146,0.087201,20.976,202.8,0.078008
24.168,0.088932,20.065,204.31,0.079048
22.871,0.091592,18.858,206.4,0.080771
21.498,0.094772,17.586,208.68,0.08292
20.111,0.098338,16.31,211.04,0.085398
18.763,0.10216,15.079,213.39,0.08812
17.55,0.10595,13.982,215.53,0.090878
16.431,0.10981,12.979,217.54,0.093753
15.418,0.11368,12.078,219.39,0.09672
14.516,0.11753,11.281,221.06,0.099762
13.752,0.12119,10.61,222.5,0.10274
13.086,0.12479,10.028,223.77,0.10576
12.517,0.12829,9.5308,224.88,0.10878
12.045,0.13164,9.1184,225.83,0.11177
11.546,0.13599,8.6806,226.87,0.11579
11.247,0.13971,8.4104,227.56,0.11941
11.143,0.14265,8.3025,227.91,0.12247
11.218,0.14471,8.3426,227.95,0.12484
11.418,0.14584,8.489,227.76,0.12637
11.723,0.14631,8.722,227.38,0.12733
12.114,0.1462,9.0295,226.85,0.12777
12.588,0.14556,9.4075,226.17,0.12773
13.097,0.1445,9.8195,225.42,0.12729
13.688,0.143,10.303,224.54,0.12645
14.367,0.14105,10.867,223.5,0.12522
15.137,0.13865,11.513,222.31,0.1236
15.953,0.13597,12.206,221.03,0.1217
16.828,0.13298,12.958,219.65,0.11951
17.74,0.12976,13.754,218.19,0.11708
18.665,0.12641,14.572,216.69,0.11447
19.542,0.12314,15.357,215.25,0.11188
20.397,0.11987,16.133,213.82,0.10921
21.227,0.1166,16.896,212.41,0.1065
22.034,0.11334,17.647,211,0.10374
22.837,0.11002,18.405,209.58,0.10089
23.635,0.10666,19.168,208.14,0.097958
24.428,0.10326,19.935,206.67,0.094958
25.204,0.09986,20.695,205.2,0.091916
25.909,0.096667,21.396,203.82,0.089018
26.538,0.09364,22.032,202.53,0.086222
27.048,0.090899,22.56,201.4,0.083629
27.393,0.088571,22.934,200.53,0.08135
27.525,0.086895,23.102,200.02,0.079615
27.452,0.085761,23.069,199.85,0.078315
27.157,0.08523,22.822,200.06,0.077501
26.64,0.085332,22.358,200.66,0.077201
25.929,0.086054,21.703,201.64,0.077411
25.042,0.087368,20.879,202.95,0.078101
24.013,0.089227,19.92,204.56,0.079232
22.882,0.091564,18.868,206.38,0.080751
21.501,0.094761,17.589,208.68,0.082911
20.106,0.098347,16.305,211.05,0.085404
18.752,0.10219,15.069,213.41,0.08814
17.477,0.10619,13.917,215.66,0.09105
16.403,0.1099,12.954,217.59,0.093825
15.428,0.11363,12.087,219.37,0.096685
14.555,0.11735,11.315,220.99,0.099616
13.783,0.12103,10.637,222.44,0.10261
13.118,0.1246,10.055,223.71,0.1056
12.548,0.12808,9.5579,224.82,0.1086
12.073,0.13142,9.1436,225.77,0.11156
11.695,0.13455,8.8122,226.55,0.11444
11.393,0.13768,8.5437,227.21,0.11741
11.21,0.14038,8.3751,227.66,0.1201
11.143,0.1426,8.3029,227.91,0.12242
11.184,0.14429,8.32,227.97,0.12433
11.321,0.14545,8.4165,227.86,0.1258
11.54,0.14612,8.581,227.61,0.12685
11.828,0.14634,8.8041,227.24,0.12751
12.178,0.14614,9.08,226.76,0.12779
12.622,0.14549,9.4347,226.12,0.12771
13.14,0.1444,9.8542,225.36,0.12724
13.74,0.14286,10.346,224.46,0.12637
14.429,0.14086,10.918,223.4,0.1251
15.149,0.13861,11.523,222.29,0.12357
15.941,0.13601,12.195,221.05,0.12173
16.789,0.13311,12.925,219.71,0.11961
17.675,0.13,13.696,218.29,0.11726
18.634,0.12653,14.544,216.74,0.11456
19.583,0.12299,15.394,215.18,0.11175
20.507,0.11944,16.233,213.63,0.10886
21.401,0.11591,17.057,212.11,0.10591
22.151,0.11286,17.757,210.8,0.10333
22.891,0.1098,18.456,209.48,0.10069
23.626,0.1067,19.158,208.16,0.097994
24.356,0.10357,19.864,206.81,0.095236
25.067,0.10047,20.56,205.46,0.092463
25.748,0.097408,21.235,204.14,0.089695
26.369,0.094473,21.86,202.88,0.086997
26.896,0.091764,22.401,201.75,0.084455
27.262,0.089553,22.789,200.88,0.082324
27.479,0.087722,23.036,200.25,0.080486
27.52,0.086347,23.113,199.9,0.07901
27.367,0.085489,23.002,199.88,0.07795
27.018,0.085193,22.699,200.21,0.077351
26.477,0.085458,22.208,200.88,0.077208
25.758,0.086281,21.544,201.89,0.077517
24.883,0.087635,20.732,203.2,0.078257
23.735,0.089776,19.662,205,0.079583
22.481,0.092457,18.495,207.04,0.081347
21.174,0.095569,17.287,209.23,0.083467
19.867,0.099,16.086,211.46,0.085864
18.641,0.10252,14.969,213.6,0.088378
17.484,0.10616,13.923,215.65,0.091033
16.415,0.10986,12.965,217.57,0.093792
15.444,0.11357,12.101,219.34,0.096635
14.517,0.11752,11.282,221.06,0.099754
13.704,0.12143,10.568,222.59,0.10294
13.002,0.12527,9.954,223.94,0.10617
12.411,0.12899,9.4384,225.09,0.1094
11.9,0.13279,8.9916,226.12,0.11281
11.519,0.13626,8.6567,226.93,0.11605
11.272,0.13931,8.4333,227.5,0.11902
11.154,0.14186,8.3184,227.84,0.12162
11.16,0.14381,8.3056,227.97,0.12377
11.275,0.14519,8.3827,227.91,0.12544
11.483,0.14602,8.5377,227.68,0.12665
11.771,0.14633,8.7594,227.32,0.12742
12.104,0.14621,9.0216,226.86,0.12777
12.496,0.14571,9.3338,226.3,0.12777
12.948,0.14484,9.6981,225.64,0.12745
13.465,0.1436,10.12,224.87,0.1268
14.105,0.14182,10.648,223.9,0.12572
14.835,0.13961,11.258,222.78,0.12426
15.65,0.13697,11.948,221.51,0.12242
16.538,0.13398,12.708,220.11,0.12025
17.503,0.13061,13.546,218.57,0.11772
18.488,0.12706,14.414,216.98,0.11498
19.466,0.12343,15.289,215.37,0.1121
20.42,0.11978,16.154,213.78,0.10914
21.192,0.11674,16.863,212.47,0.10662
21.944,0.11371,17.563,211.16,0.10405
22.684,0.11066,18.26,209.86,0.10144
23.416,0.10759,18.958,208.54,0.09877
24.146,0.10448,19.66,207.2,0.096037
24.866,0.10135,20.363,205.84,0.093255
25.563,0.098251,21.051,204.5,0.090461
26.208,0.095253,21.697,203.21,0.087719
26.74,0.0926,22.24,202.09,0.085246
27.16,0.090221,22.679,201.14,0.082975
27.433,0.088213,22.98,200.41,0.080988
27.528,0.086661,23.111,199.96,0.07936
27.428,0.085668,23.051,199.85,0.078195
27.131,0.085218,22.799,200.08,0.077468
26.636,0.085336,22.353,200.67,0.077202
25.954,0.086023,21.726,201.6,0.077398
24.994,0.08745,20.834,203.03,0.078149
23.871,0.089507,19.788,204.78,0.07941
22.636,0.092107,18.64,206.79,0.081112
21.344,0.095148,17.443,208.94,0.083177
20.068,0.098453,16.27,211.12,0.085479
18.826,0.10197,15.137,213.27,0.087982
17.651,0.10562,14.073,215.35,0.090632
16.562,0.10933,13.096,217.3,0.093394
15.483,0.11341,12.135,219.27,0.096516
14.525,0.11748,11.289,221.04,0.099726
13.688,0.12151,10.554,222.62,0.10301
12.971,0.12546,9.9265,224,0.10633
12.403,0.12905,9.431,225.11,0.10945
11.939,0.13247,9.0259,226.04,0.11252
11.581,0.13564,8.711,226.79,0.11546
11.329,0.13849,8.4862,227.36,0.1182
11.181,0.14102,8.3471,227.75,0.12075
11.143,0.14306,8.2991,227.94,0.12293
11.207,0.1446,8.3349,227.96,0.1247
11.36,0.14563,8.445,227.82,0.12606
11.589,0.1462,8.6188,227.55,0.12701
11.883,0.14633,8.8475,227.16,0.12758
12.236,0.14608,9.1263,226.67,0.12781
12.646,0.14545,9.4546,226.09,0.1277
13.163,0.14435,9.873,225.32,0.12721
13.761,0.1428,10.364,224.42,0.12633
14.448,0.1408,10.934,223.37,0.12506
15.225,0.13837,11.587,222.17,0.1234
16.055,0.13562,12.293,220.87,0.12145
16.943,0.13258,13.059,219.46,0.11921
17.866,0.12931,13.865,217.99,0.11673
18.799,0.12592,14.691,216.47,0.11408
19.67,0.12266,15.472,215.04,0.11148
20.518,0.1194,16.244,213.61,0.10882
21.341,0.11615,17.002,212.21,0.10612
22.142,0.1129,17.749,210.81,0.10336
23.034,0.1092,18.593,209.23,0.10017
23.92,0.10544,19.442,207.61,0.09689
24.797,0.10166,20.295,205.98,0.093527
25.64,0.097903,21.127,204.35,0.090145
26.236,0.095121,21.725,203.16,0.087597
26.756,0.092518,22.256,202.06,0.08517
27.166,0.090184,22.686,201.12,0.082939
27.433,0.088208,22.981,200.41,0.080983
27.528,0.086677,23.11,199.97,0.079379
27.427,0.085663,23.05,199.85,0.078188
27.12,0.085214,22.789,200.1,0.077454
26.606,0.085357,22.326,200.71,0.077201
25.881,0.086117,21.659,201.71,0.07744
24.981,0.087471,20.822,203.05,0.078161
23.94,0.089371,19.852,204.67,0.079324
22.799,0.091747,18.791,206.52,0.080872
21.427,0.094944,17.52,208.8,0.083037
20.044,0.098516,16.249,211.16,0.085523
18.703,0.10234,15.025,213.49,0.088245
17.442,0.1063,13.885,215.72,0.091136
16.368,0.11003,12.923,217.65,0.093922
15.394,0.11377,12.057,219.43,0.096793
14.522,0.1175,11.286,221.05,0.099736
13.752,0.12119,10.61,222.5,0.10274
13.091,0.12476,10.032,223.76,0.10573
12.525,0.12823,9.5377,224.87,0.10873
12.054,0.13156,9.1268,225.81,0.1117
11.68,0.13469,8.799,226.58,0.11456
11.382,0.13781,8.5341,227.23,0.11753
11.204,0.1405,8.3696,227.68,0.12021
11.143,0.1427,8.3016,227.92,0.12252
11.189,0.14436,8.3229,227.97,0.12441
11.331,0.1455,8.4234,227.85,0.12587
11.554,0.14615,8.5918,227.59,0.1269
11.846,0.14634,8.8185,227.21,0.12754
12.201,0.14612,9.0981,226.72,0.1278
12.652,0.14544,9.4591,226.08,0.1277
13.179,0.14431,9.8864,225.3,0.12719
13.79,0.14272,10.388,224.38,0.12628
14.493,0.14067,10.971,223.3,0.12497
15.22,0.13838,11.583,222.18,0.12341
16.018,0.13575,12.261,220.93,0.12154
16.871,0.13283,12.996,219.58,0.11939
17.759,0.1297,13.771,218.16,0.11703
18.707,0.12626,14.609,216.62,0.11435
19.644,0.12276,15.449,215.08,0.11156
20.556,0.11925,16.278,213.55,0.1087
21.438,0.11576,17.091,212.04,0.10579
22.195,0.11268,17.799,210.72,0.10318
22.942,0.10958,18.505,209.39,0.10051
23.684,0.10645,19.215,208.05,0.097776
24.421,0.10329,19.928,206.68,0.094984
25.132,0.10018,20.624,205.34,0.092205
25.81,0.097124,21.297,204.02,0.089435
26.425,0.094201,21.917,202.77,0.086744
26.941,0.091515,22.448,201.65,0.084218
27.293,0.08934,22.823,200.81,0.082114
27.492,0.087553,23.053,200.2,0.080311
27.513,0.08623,23.11,199.88,0.078877
27.338,0.085431,22.978,199.9,0.077864
26.968,0.085196,22.654,200.26,0.077314
26.406,0.085523,22.143,200.97,0.077221
25.667,0.086407,21.46,202.02,0.077579
24.776,0.08782,20.632,203.36,0.078366
23.588,0.090075,19.525,205.24,0.079775
22.296,0.092879,18.324,207.35,0.081631
20.958,0.096116,17.087,209.6,0.083846
19.626,0.099668,15.866,211.88,0.086337
18.406,0.10324,14.756,214.01,0.088894
17.26,0.10691,13.722,216.05,0.091585
16.205,0.11063,12.778,217.95,0.094377
15.251,0.11436,11.929,219.7,0.09725
14.363,0.11823,11.146,221.35,0.10032
13.585,0.12205,10.463,222.82,0.10345
12.913,0.1258,9.8763,224.11,0.10662
12.348,0.12943,9.3832,225.22,0.10978
11.84,0.13328,8.9393,226.25,0.11326
11.47,0.13679,8.613,227.04,0.11655
11.24,0.13983,8.4037,227.58,0.11954
11.146,0.14232,8.3075,227.89,0.12212
11.173,0.14409,8.3129,227.97,0.12409
11.298,0.14533,8.3995,227.89,0.12563
11.508,0.14607,8.5565,227.65,0.12675
11.79,0.14634,8.7743,227.29,0.12745
12.129,0.14619,9.0409,226.83,0.12778
12.526,0.14566,9.3579,226.26,0.12776
12.984,0.14476,9.7278,225.59,0.12741
13.509,0.14348,10.156,224.81,0.12673
14.151,0.14169,10.686,223.83,0.12564
14.881,0.13946,11.297,222.71,0.12416
15.695,0.13682,11.986,221.44,0.12232
16.579,0.13384,12.744,220.04,0.12014
17.541,0.13047,13.58,218.51,0.11762
18.522,0.12693,14.445,216.92,0.11488
19.496,0.12332,15.316,215.32,0.11201
20.445,0.11968,16.177,213.74,0.10906
21.215,0.11665,16.885,212.43,0.10654
21.966,0.11362,17.584,211.12,0.10398
22.705,0.11057,18.28,209.82,0.10136
23.437,0.1075,18.978,208.5,0.098694
24.166,0.10439,19.68,207.16,0.095961
24.886,0.10127,20.382,205.81,0.09318
25.58,0.098172,21.068,204.47,0.090389
26.224,0.09518,21.713,203.18,0.087651
26.757,0.092513,22.257,202.06,0.085164
27.175,0.090129,22.695,201.1,0.082885
27.442,0.088124,22.991,200.38,0.080898
27.527,0.086588,23.112,199.95,0.07928
27.417,0.085627,23.042,199.86,0.07814
27.108,0.08521,22.778,200.11,0.07744
26.601,0.08536,22.322,200.72,0.077201
25.91,0.086079,21.686,201.67,0.077423
24.934,0.087551,20.778,203.12,0.078208
23.796,0.089656,19.718,204.9,0.079505
22.548,0.092304,18.558,206.93,0.081244
21.246,0.095391,17.353,209.11,0.083345
19.974,0.098708,16.184,211.28,0.085658
18.739,0.10223,15.058,213.43,0.088168
17.572,0.10588,14.002,215.49,0.090821
16.492,0.10958,13.034,217.43,0.093583
15.427,0.11364,12.085,219.37,0.096691
14.481,0.11768,11.25,221.13,0.099887
13.655,0.12169,10.524,222.68,0.10315
12.946,0.12561,9.9048,224.05,0.10646
12.38,0.12921,9.4114,225.15,0.10959
11.92,0.13262,9.009,226.08,0.11266
11.565,0.13579,8.6974,226.83,0.1156
11.319,0.13863,8.4766,227.38,0.11834
11.177,0.14113,8.3425,227.76,0.12087
11.144,0.14315,8.299,227.95,0.12302
11.212,0.14466,8.3387,227.96,0.12478
11.369,0.14567,8.452,227.81,0.12611
11.601,0.14621,8.6283,227.53,0.12704
11.898,0.14633,8.8592,227.14,0.1276
12.253,0.14606,9.1399,226.65,0.12781
12.666,0.14541,9.4701,226.06,0.12769
13.562,0.14334,10.2,224.72,0.12666
14.696,0.14004,11.142,222.99,0.12455
16.065,0.13559,12.302,220.85,0.12143
17.601,0.13026,13.632,218.41,0.11746
18.473,0.12712,14.401,217,0.11503
19.34,0.12391,15.175,215.58,0.11249
20.188,0.12068,15.942,214.17,0.10987
21.012,0.11746,16.697,212.77,0.10721
21.812,0.11425,17.44,211.39,0.10451
22.597,0.11102,18.178,210.01,0.10175
23.375,0.10776,18.918,208.61,0.098925
24.147,0.10447,19.662,207.19,0.096032
24.862,0.10137,20.359,205.85,0.093272
25.553,0.098296,21.041,204.52,0.090502
26.194,0.095321,21.683,203.24,0.087781
26.752,0.092538,22.252,202.07,0.085188
27.16,0.090222,22.679,201.14,0.082976
27.428,0.088259,22.975,200.42,0.081035
27.527,0.086729,23.108,199.98,0.079435
27.437,0.085701,23.058,199.85,0.078237
27.152,0.085229,22.817,200.06,0.077495
26.672,0.085312,22.387,200.62,0.077205
26.009,0.085955,21.777,201.53,0.077369
25.183,0.087139,21.011,202.74,0.077971
24.11,0.089041,20.011,204.4,0.079116
22.921,0.091482,18.904,206.32,0.080697
21.664,0.094366,17.74,208.4,0.082641
20.39,0.09759,16.565,210.56,0.084873
19.151,0.10102,15.432,212.71,0.087301
17.969,0.1046,14.36,214.79,0.089885
16.867,0.10825,13.369,216.75,0.092586
15.859,0.11194,12.469,218.58,0.095378
14.829,0.11614,11.557,220.48,0.098654
13.928,0.12031,10.764,222.17,0.10201
13.153,0.1244,10.086,223.64,0.10543
12.503,0.12838,9.5187,224.91,0.10886
11.989,0.13207,9.0693,225.94,0.11216
11.595,0.1355,8.7238,226.76,0.11532
11.325,0.13855,8.482,227.37,0.11826
11.176,0.14115,8.342,227.76,0.12088
11.145,0.14319,8.2992,227.95,0.12307
11.218,0.14472,8.3423,227.95,0.12484
11.381,0.14572,8.4609,227.8,0.12618
11.623,0.14624,8.6449,227.51,0.1271
11.924,0.14632,8.8798,227.11,0.12763
12.284,0.14602,9.1643,226.61,0.12781
12.701,0.14535,9.4986,226.01,0.12766
13.179,0.14431,9.8865,225.3,0.12719
13.826,0.14262,10.417,224.33,0.12622
14.575,0.14042,11.04,223.18,0.1248
15.426,0.13771,11.758,221.86,0.12294
16.366,0.13457,12.56,220.38,0.12068
17.325,0.13124,13.391,218.85,0.1182
18.311,0.12771,14.257,217.27,0.11549
19.294,0.12408,15.133,215.66,0.11262
20.255,0.12042,16.003,214.06,0.10966
21.117,0.11704,16.794,212.59,0.10686
21.956,0.11366,17.575,211.14,0.10401
22.78,0.11026,18.351,209.68,0.1011
23.595,0.10683,19.129,208.21,0.098109
24.328,0.10369,19.837,206.86,0.095343
25.049,0.10055,20.542,205.5,0.092534
25.74,0.097446,21.227,204.15,0.089729
26.37,0.094471,21.861,202.88,0.086995
26.856,0.091981,22.36,201.84,0.084662
27.23,0.089768,22.755,200.97,0.082534
27.462,0.087915,23.015,200.31,0.080684
27.525,0.086496,23.114,199.93,0.079178
27.401,0.085578,23.03,199.86,0.078074
27.08,0.085202,22.754,200.14,0.077409
26.563,0.085389,22.287,200.77,0.077201
25.864,0.086139,21.643,201.73,0.07745
24.87,0.087658,20.719,203.22,0.078271
23.716,0.089815,19.644,205.03,0.079607
22.455,0.092516,18.471,207.09,0.081386
21.141,0.095653,17.256,209.28,0.083526
19.874,0.098983,16.092,211.45,0.085852
18.646,0.10251,14.973,213.59,0.088369
17.487,0.10615,13.926,215.64,0.091026
16.417,0.10985,12.967,217.57,0.093788
15.363,0.1139,12.029,219.49,0.096893
14.428,0.11793,11.203,221.23,0.10008
13.611,0.12191,10.486,222.77,0.10334
12.911,0.12581,9.8744,224.11,0.10663
12.349,0.12942,9.3842,225.22,0.10978
11.893,0.13284,8.9857,226.14,0.11286
11.544,0.136,8.679,226.87,0.1158
11.305,0.13883,8.4637,227.42,0.11853
11.171,0.14129,8.3365,227.78,0.12103
11.146,0.14327,8.2992,227.95,0.12316
11.22,0.14475,8.3442,227.95,0.12488
11.383,0.14572,8.462,227.8,0.12619
11.619,0.14623,8.6419,227.51,0.12709
11.919,0.14633,8.8759,227.11,0.12762
12.278,0.14603,9.1593,226.62,0.12781
12.693,0.14536,9.4923,226.02,0.12767
13.246,0.14415,9.9409,225.2,0.12711
13.891,0.14244,10.471,224.23,0.12611
14.635,0.14023,11.09,223.09,0.12468
15.476,0.13755,11.8,221.78,0.12283
16.348,0.13463,12.544,220.41,0.12073
17.272,0.13143,13.344,218.94,0.11834
18.222,0.12803,14.179,217.41,0.11574
19.174,0.12452,15.026,215.85,0.11298
20.032,0.12128,15.8,214.43,0.11036
20.866,0.11804,16.562,213.02,0.10769
21.675,0.1148,17.312,211.63,0.10498
22.467,0.11156,18.054,210.24,0.10222
23.291,0.10812,18.838,208.76,0.099233
24.111,0.10463,19.627,207.26,0.096169
24.92,0.10111,20.416,205.74,0.093043
25.696,0.097644,21.184,204.24,0.089909
26.285,0.094886,21.775,203.06,0.087379
26.795,0.092312,22.296,201.98,0.084975
27.193,0.090013,22.714,201.06,0.082773
27.447,0.088077,22.997,200.36,0.08085
27.527,0.086588,23.112,199.95,0.07928
27.413,0.085615,23.039,199.86,0.078124
27.093,0.085206,22.766,200.12,0.077424
26.57,0.085384,22.293,200.76,0.077201
25.831,0.086183,21.612,201.78,0.077471
24.917,0.087578,20.763,203.14,0.078224
23.865,0.089518,19.782,204.79,0.079417
22.715,0.091933,18.713,206.66,0.080996
21.351,0.09513,17.45,208.93,0.083165
19.98,0.09869,16.19,211.27,0.085646
18.652,0.10249,14.979,213.58,0.088355
17.404,0.10643,13.851,215.79,0.091228
16.33,0.11017,12.889,217.72,0.094027
15.357,0.11392,12.023,219.5,0.096911
14.486,0.11766,11.255,221.12,0.099867
13.718,0.12136,10.58,222.56,0.10288
13.061,0.12493,10.005,223.82,0.10588
12.499,0.1284,9.5152,224.92,0.10888
12.033,0.13173,9.1083,225.85,0.11184
11.664,0.13484,8.7845,226.62,0.11471
11.371,0.13795,8.5239,227.26,0.11767
11.198,0.14062,8.3639,227.69,0.12034
11.142,0.1428,8.3006,227.92,0.12263
11.194,0.14444,8.3265,227.97,0.1245
11.341,0.14555,8.4312,227.84,0.12594
11.569,0.14617,8.6035,227.58,0.12695
11.866,0.14634,8.834,227.19,0.12756
12.225,0.14609,9.1173,226.69,0.1278
12.684,0.14538,9.4852,226.03,0.12767
13.222,0.14421,9.9211,225.24,0.12714
13.845,0.14257,10.433,224.3,0.12619
14.562,0.14045,11.029,223.2,0.12483
15.298,0.13813,11.648,222.06,0.12324
16.102,0.13546,12.334,220.8,0.12134
16.961,0.13252,13.074,219.44,0.11916
17.852,0.12936,13.852,218.01,0.11677
18.789,0.12596,14.682,216.49,0.11412
19.714,0.12249,15.512,214.96,0.11135
20.613,0.11903,16.33,213.45,0.10852
21.483,0.11557,17.134,211.96,0.10563
22.99,0.10938,18.55,209.31,0.10033
24.48,0.10304,19.985,206.57,0.094758
25.897,0.096719,21.384,203.84,0.089065
27.023,0.09105,22.534,201.46,0.083775
27.351,0.088913,22.887,200.65,0.081692
27.515,0.087196,23.083,200.09,0.079937
27.488,0.085976,23.096,199.85,0.078579
27.256,0.085311,22.908,199.96,0.077668
26.83,0.085232,22.53,200.43,0.077243
26.213,0.08572,21.966,201.24,0.077279
25.425,0.086763,21.235,202.38,0.077765
24.492,0.088328,20.367,203.8,0.078674
23.231,0.090818,19.192,205.81,0.08026
21.877,0.093859,17.936,208.05,0.082296
20.493,0.09732,16.66,210.39,0.084684
19.133,0.10107,15.417,212.74,0.087338
17.921,0.10475,14.317,214.87,0.089997
16.794,0.10851,13.303,216.89,0.092779
15.766,0.1123,12.386,218.75,0.095655
14.842,0.11608,11.569,220.45,0.098609
14.028,0.11982,10.852,221.98,0.10161
13.315,0.1235,10.227,223.33,0.10467
12.702,0.1271,9.692,224.52,0.10774
12.189,0.13056,9.2443,225.54,0.11079
11.689,0.13461,8.8067,226.56,0.11449
11.351,0.1382,8.5059,227.31,0.11792
11.174,0.1412,8.34,227.77,0.12094
11.152,0.14353,8.3013,227.96,0.12344
11.256,0.14505,8.3692,227.92,0.12526
11.463,0.14596,8.5229,227.7,0.12657
11.758,0.14633,8.7495,227.33,0.12739
12.127,0.14619,9.04,226.83,0.12777
12.548,0.14562,9.3754,226.23,0.12775
13.037,0.14464,9.7706,225.51,0.12736
13.602,0.14323,10.232,224.67,0.12659
14.249,0.1414,10.768,223.68,0.12545
14.948,0.13925,11.354,222.6,0.12401
15.722,0.13674,12.009,221.39,0.12225
16.557,0.13391,12.725,220.08,0.1202
17.436,0.13085,13.487,218.68,0.1179
18.434,0.12726,14.366,217.07,0.11514
19.426,0.12358,15.253,215.44,0.11222
20.393,0.11988,16.129,213.82,0.10922
21.328,0.1162,16.989,212.23,0.10616
22.116,0.11301,17.724,210.86,0.10345
22.892,0.10979,18.457,209.48,0.10069
23.663,0.10654,19.194,208.09,0.097855
24.428,0.10326,19.935,206.67,0.094957
25.139,0.10015,20.631,205.32,0.092177
25.816,0.097093,21.303,204,0.089408
26.431,0.094172,21.923,202.75,0.086717
26.945,0.091488,22.453,201.64,0.084193
27.296,0.089317,22.826,200.8,0.082091
27.494,0.087535,23.054,200.19,0.080292
27.512,0.086217,23.11,199.88,0.078862
27.335,0.085424,22.976,199.9,0.077854
26.963,0.085195,22.649,200.27,0.077309
26.399,0.085528,22.136,200.98,0.077221
25.658,0.086419,21.452,202.03,0.077584
24.765,0.087838,20.622,203.38,0.078376
23.572,0.090105,19.51,205.26,0.079794
22.275,0.092924,18.305,207.38,0.081661
20.933,0.096177,17.065,209.64,0.083888
19.599,0.099744,15.841,211.93,0.08639
18.379,0.10332,14.731,214.06,0.088953
17.234,0.107,13.698,216.09,0.091649
16.181,0.11072,12.756,217.99,0.094445
15.228,0.11445,11.91,219.74,0.097321
14.345,0.11831,11.13,221.38,0.10039
13.571,0.12212,10.451,222.84,0.10351
12.902,0.12586,9.867,224.13,0.10668
12.34,0.12948,9.3764,225.23,0.10983
11.833,0.13334,8.9329,226.26,0.11332
11.464,0.13685,8.6077,227.05,0.11661
11.236,0.13989,8.4003,227.59,0.1196
11.145,0.14238,8.3065,227.89,0.12218
11.176,0.14414,8.3147,227.97,0.12415
11.305,0.14537,8.4047,227.88,0.12569
11.519,0.14609,8.5655,227.64,0.12679
11.806,0.14634,8.7873,227.27,0.12748
12.149,0.14617,9.0571,226.8,0.12778
12.55,0.14562,9.3774,226.22,0.12775
13.013,0.14469,9.7511,225.55,0.12738
13.543,0.14339,10.184,224.75,0.12668
14.186,0.14159,10.715,223.78,0.12557
14.916,0.13935,11.326,222.65,0.12408
15.729,0.13671,12.015,221.38,0.12223
16.611,0.13373,12.771,219.99,0.12006
17.572,0.13036,13.607,218.46,0.11753
18.552,0.12683,14.471,216.87,0.1148
19.523,0.12321,15.34,215.28,0.11193
20.47,0.11959,16.199,213.7,0.10898
21.238,0.11656,16.907,212.39,0.10646
21.989,0.11353,17.605,211.08,0.1039
22.727,0.11048,18.301,209.78,0.10129
23.458,0.10741,18.998,208.46,0.098616
24.186,0.1043,19.7,207.12,0.095883
24.905,0.10118,20.401,205.77,0.093103
25.598,0.09809,21.086,204.43,0.090315
26.24,0.095104,21.729,203.15,0.087581
26.775,0.092416,22.276,202.02,0.085073
27.191,0.090021,22.713,201.06,0.082781
27.452,0.088019,23.003,200.34,0.080791
27.526,0.0865,23.114,199.93,0.079182
27.401,0.085577,23.029,199.86,0.078073
27.078,0.085201,22.752,200.14,0.077406
26.558,0.085392,22.282,200.77,0.077201
25.855,0.086151,21.634,201.75,0.077455
24.858,0.087679,20.708,203.24,0.078283
23.701,0.089844,19.63,205.05,0.079626
22.437,0.092555,18.455,207.11,0.081412
21.122,0.0957,17.239,209.32,0.083558
19.856,0.099031,16.076,211.48,0.085886
18.629,0.10256,14.958,213.62,0.088405
17.472,0.1062,13.913,215.67,0.091062
16.404,0.1099,12.955,217.59,0.093825
15.351,0.11395,12.018,219.51,0.096929
14.418,0.11797,11.194,221.24,0.10012
13.603,0.12195,10.479,222.78,0.10337
12.904,0.12585,9.8685,224.13,0.10667
12.343,0.12946,9.3789,225.23,0.10981
11.888,0.13288,8.9812,226.15,0.1129
11.54,0.13604,8.6754,226.88,0.11584
11.302,0.13886,8.4612,227.42,0.11857
11.17,0.14132,8.3354,227.78,0.12107
11.146,0.1433,8.2993,227.95,0.12319
11.222,0.14476,8.3454,227.95,0.1249
11.385,0.14573,8.464,227.79,0.1262
11.623,0.14624,8.6447,227.51,0.1271
11.924,0.14632,8.8793,227.11,0.12763
12.283,0.14602,9.1633,226.61,0.12781
12.699,0.14535,9.4968,226.01,0.12766
13.252,0.14413,9.9462,225.19,0.1271
13.898,0.14242,10.477,224.22,0.1261
14.643,0.1402,11.097,223.07,0.12466
15.485,0.13752,11.808,221.76,0.12281
16.359,0.13459,12.554,220.39,0.1207
17.284,0.13138,13.355,218.92,0.11831
18.236,0.12798,14.191,217.39,0.1157
19.189,0.12447,15.04,215.83,0.11294
20.047,0.12122,15.814,214.41,0.11032
20.88,0.11798,16.575,213,0.10765
21.689,0.11475,17.325,211.61,0.10493
22.48,0.11151,18.067,210.22,0.10217
23.302,0.10807,18.848,208.74,0.099191
24.12,0.10459,19.636,207.24,0.096133
24.928,0.10108,20.423,205.73,0.093014
25.701,0.097621,21.188,204.23,0.089889
26.289,0.094865,21.779,203.05,0.08736
26.798,0.092294,22.299,201.97,0.084958
27.195,0.089998,22.717,201.05,0.082758
27.448,0.088065,22.998,200.36,0.080838
27.527,0.086579,23.113,199.94,0.079271
27.412,0.08561,23.038,199.86,0.078118
27.091,0.085205,22.763,200.13,0.077421
26.566,0.085386,22.29,200.76,0.077201
25.826,0.086189,21.608,201.79,0.077474
24.911,0.087588,20.757,203.15,0.078229
23.858,0.089532,19.776,204.8,0.079426
22.707,0.09195,18.706,206.67,0.081008
21.344,0.095148,17.444,208.94,0.083177
19.974,0.098707,16.184,211.28,0.085657
18.648,0.1025,14.975,213.59,0.088365
17.401,0.10644,13.848,215.8,0.091237
16.327,0.11018,12.886,217.73,0.094037
15.353,0.11394,12.02,219.51,0.096923
14.483,0.11768,11.251,221.12,0.09988
13.715,0.12138,10.577,222.57,0.1029
13.058,0.12495,10.003,223.83,0.10589
12.497,0.12842,9.513,224.92,0.1089
12.031,0.13174,9.1064,225.86,0.11186
11.662,0.13486,8.783,226.62,0.11472
11.37,0.13796,8.5229,227.26,0.11769
11.198,0.14063,8.3634,227.7,0.12035
11.142,0.14281,8.3005,227.93,0.12264
11.195,0.14445,8.3268,227.97,0.12451
11.342,0.14556,8.432,227.84,0.12594
11.571,0.14617,8.6047,227.57,0.12695
11.868,0.14634,8.8355,227.18,0.12756
12.227,0.14609,9.1192,226.69,0.12781
12.688,0.14537,9.4878,226.03,0.12767
13.226,0.1442,9.9246,225.23,0.12713
13.851,0.14255,10.438,224.29,0.12618
14.569,0.14043,11.035,223.19,0.12482
15.305,0.1381,11.655,222.05,0.12322
16.111,0.13543,12.341,220.78,0.12131
16.97,0.13248,13.082,219.42,0.11914
17.861,0.12933,13.86,217.99,0.11675
18.797,0.12593,14.689,216.47,0.11409
19.721,0.12247,15.518,214.95,0.11133
20.619,0.11901,16.336,213.44,0.1085
21.488,0.11556,17.138,211.95,0.10562
23.032,0.1092,18.591,209.23,0.10018
24.559,0.10269,20.062,206.43,0.094452
26,0.096235,21.488,203.63,0.088621
27.111,0.090528,22.628,201.26,0.083273
27.403,0.088489,22.946,200.5,0.081268
27.526,0.086885,23.103,200.01,0.079605
27.456,0.085787,23.073,199.85,0.078346
27.182,0.085247,22.843,200.03,0.077539
26.711,0.08529,22.422,200.58,0.077212
26.052,0.085905,21.817,201.46,0.077349
25.226,0.087073,21.05,202.68,0.077935
24.261,0.088757,20.151,204.17,0.078938
23.01,0.091291,18.987,206.17,0.080571
21.68,0.094329,17.754,208.38,0.082617
20.331,0.097749,16.511,210.67,0.084985
19.01,0.10143,15.304,212.95,0.087595
17.795,0.10515,14.204,215.09,0.090292
16.669,0.10895,13.191,217.11,0.093111
15.644,0.11278,12.278,218.97,0.096023
14.726,0.11659,11.466,220.67,0.099012
13.93,0.1203,10.766,222.16,0.102
13.235,0.12395,10.157,223.49,0.10504
12.637,0.12751,9.6356,224.65,0.1081
12.139,0.13093,9.2005,225.64,0.11113
11.64,0.13506,8.7638,226.67,0.11492
11.314,0.13869,8.4726,227.39,0.1184
11.159,0.14168,8.3239,227.82,0.12143
11.165,0.14393,8.3084,227.97,0.1239
11.313,0.14541,8.4104,227.87,0.12574
11.578,0.14618,8.6103,227.56,0.12697
11.941,0.14632,8.8924,227.09,0.12765
12.39,0.14587,9.2489,226.46,0.1278
12.887,0.14497,9.6487,225.73,0.12751
13.468,0.14359,10.123,224.87,0.1268
14.142,0.14171,10.679,223.84,0.12565
14.914,0.13936,11.324,222.65,0.12409
15.694,0.13683,11.985,221.44,0.12232
16.538,0.13398,12.708,220.11,0.12025
17.425,0.13088,13.478,218.69,0.11793
18.334,0.12762,14.277,217.23,0.11542
19.229,0.12432,15.075,215.76,0.11282
20.106,0.12099,15.868,214.31,0.11013
20.957,0.11767,16.647,212.87,0.10739
21.783,0.11436,17.413,211.44,0.10461
22.604,0.11099,18.185,210,0.10172
23.418,0.10758,18.959,208.53,0.098764
24.227,0.10413,19.739,207.05,0.095727
25.023,0.10066,20.517,205.55,0.092637
25.727,0.097503,21.214,204.18,0.089781
26.369,0.094475,21.86,202.88,0.086999
26.909,0.091688,22.415,201.72,0.084383
27.304,0.089262,22.835,200.78,0.082037
27.504,0.087381,23.068,200.15,0.080132
27.497,0.086043,23.101,199.86,0.078659
27.262,0.085316,22.913,199.96,0.077678
26.795,0.085243,22.498,200.47,0.077228
26.145,0.085794,21.902,201.33,0.077304
25.315,0.086929,21.133,202.54,0.077854
24.336,0.088612,20.222,204.05,0.078847
23.246,0.090782,19.206,205.79,0.080235
21.815,0.094004,17.878,208.15,0.082393
20.354,0.097685,16.532,210.63,0.084939
18.926,0.10167,15.228,213.1,0.087768
17.582,0.10584,14.011,215.47,0.090796
16.507,0.10953,13.047,217.4,0.093541
15.529,0.11323,12.176,219.19,0.096372
14.65,0.11692,11.399,220.81,0.099275
13.872,0.12058,10.715,222.27,0.10224
13.196,0.12416,10.124,223.56,0.10522
12.615,0.12765,9.6163,224.69,0.10822
12.129,0.131,9.1919,225.66,0.11119
11.739,0.13416,8.8503,226.46,0.11407
11.425,0.1373,8.5722,227.14,0.11705
11.228,0.14004,8.3924,227.61,0.11975
11.146,0.14231,8.3077,227.89,0.1221
11.171,0.14406,8.3118,227.97,0.12406
11.292,0.1453,8.3955,227.89,0.12559
11.496,0.14604,8.5476,227.67,0.1267
11.77,0.14633,8.7587,227.32,0.12742
12.105,0.14621,9.0223,226.86,0.12776
12.526,0.14566,9.3581,226.26,0.12776
13.017,0.14468,9.7548,225.54,0.12738
13.585,0.14328,10.219,224.69,0.12662
14.237,0.14143,10.759,223.7,0.12547
14.936,0.13929,11.343,222.62,0.12404
15.71,0.13678,11.998,221.41,0.12228
16.545,0.13395,12.714,220.1,0.12023
17.424,0.13089,13.477,218.7,0.11794
18.424,0.12729,14.358,217.08,0.11516
19.42,0.12361,15.247,215.45,0.11225
20.389,0.1199,16.126,213.83,0.10924
21.326,0.1162,16.988,212.23,0.10616
22.114,0.11301,17.722,210.86,0.10346
22.889,0.1098,18.455,209.49,0.1007
23.659,0.10656,19.191,208.09,0.097869
24.424,0.10328,19.93,206.68,0.094974
25.134,0.10017,20.626,205.33,0.092195
25.812,0.097113,21.299,204.01,0.089426
26.427,0.094191,21.919,202.76,0.086735
26.942,0.091506,22.449,201.65,0.08421
27.294,0.089332,22.824,200.8,0.082106
27.493,0.087547,23.053,200.2,0.080305
27.513,0.086226,23.11,199.88,0.078872
27.337,0.085428,22.977,199.9,0.07786
26.966,0.085195,22.652,200.26,0.077312
26.403,0.085525,22.141,200.98,0.07722
25.664,0.086411,21.457,202.02,0.077581
24.773,0.087826,20.628,203.37,0.07837
23.583,0.090085,19.52,205.24,0.079781
22.289,0.092894,18.318,207.36,0.08164
20.95,0.096136,17.08,209.61,0.08386
19.617,0.099692,15.858,211.9,0.086354
18.397,0.10326,14.748,214.03,0.088913
17.252,0.10694,13.714,216.06,0.091606
16.197,0.11066,12.77,217.96,0.094399
15.243,0.11439,11.923,219.71,0.097273
14.357,0.11825,11.141,221.36,0.10034
13.58,0.12207,10.459,222.83,0.10347
12.91,0.12582,9.8733,224.12,0.10664
12.345,0.12945,9.381,225.22,0.1098
11.838,0.1333,8.9372,226.25,0.11328
11.468,0.13681,8.6113,227.04,0.11657
11.239,0.13985,8.4026,227.58,0.11956
11.145,0.14234,8.3071,227.89,0.12214
11.174,0.14411,8.3134,227.97,0.12411
11.3,0.14534,8.4011,227.88,0.12565
11.511,0.14607,8.5593,227.65,0.12676
11.795,0.14634,8.7783,227.28,0.12746
12.135,0.14619,9.0459,226.82,0.12778
12.534,0.14565,9.3639,226.25,0.12776
12.993,0.14474,9.735,225.58,0.1274
13.519,0.14345,10.165,224.79,0.12672
14.161,0.14166,10.695,223.81,0.12562
14.892,0.13943,11.306,222.69,0.12414
15.706,0.13679,11.995,221.42,0.12229
16.589,0.1338,12.752,220.03,0.12012
17.551,0.13044,13.588,218.49,0.11759
18.531,0.1269,14.453,216.91,0.11486
19.505,0.12329,15.323,215.31,0.11199
20.453,0.11965,16.184,213.72,0.10903
21.222,0.11662,16.892,212.41,0.10651
21.973,0.11359,17.591,211.11,0.10395
22.712,0.11054,18.286,209.81,0.10134
23.444,0.10747,18.984,208.49,0.09867
24.172,0.10436,19.686,207.15,0.095937
24.892,0.10124,20.388,205.8,0.093156
25.586,0.098146,21.074,204.46,0.090366
26.229,0.095156,21.718,203.17,0.087629
26.762,0.092484,22.263,202.05,0.085137
27.18,0.090097,22.7,201.09,0.082855
27.445,0.088094,22.994,200.37,0.080867
27.527,0.086562,23.113,199.94,0.079252
27.412,0.085612,23.039,199.86,0.078121
27.099,0.085207,22.771,200.12,0.07743
26.589,0.085369,22.311,200.73,0.0772
25.894,0.086099,21.671,201.69,0.077432
24.912,0.087587,20.758,203.15,0.078229
23.769,0.089709,19.693,204.95,0.079539
22.517,0.092375,18.529,206.98,0.081292
21.211,0.095478,17.321,209.17,0.083405
19.94,0.098799,16.153,211.34,0.085722
18.708,0.10232,15.03,213.48,0.088234
17.544,0.10597,13.977,215.54,0.090889
16.467,0.10967,13.011,217.47,0.093651
15.406,0.11372,12.067,219.41,0.096757
14.464,0.11776,11.235,221.16,0.099949
13.641,0.12176,10.512,222.71,0.10321
12.935,0.12567,9.8953,224.07,0.10651
12.371,0.12927,9.4029,225.17,0.10965
11.911,0.13269,9.0017,226.1,0.11272
11.559,0.13586,8.6916,226.84,0.11567
11.314,0.13869,8.4725,227.39,0.1184
11.175,0.14118,8.3406,227.77,0.12092
11.145,0.14319,8.299,227.95,0.12307
11.215,0.14469,8.3404,227.96,0.12481
11.373,0.14569,8.4551,227.81,0.12613
11.607,0.14622,8.6325,227.53,0.12706
11.905,0.14633,8.8644,227.13,0.12761
12.261,0.14605,9.1459,226.64,0.12781
12.674,0.1454,9.4769,226.05,0.12768
13.224,0.1442,9.9229,225.23,0.12713
13.865,0.14251,10.45,224.27,0.12615
14.606,0.14032,11.066,223.13,0.12474
15.444,0.13765,11.772,221.83,0.1229
16.309,0.13476,12.511,220.47,0.12082
17.228,0.13158,13.306,219.01,0.11846
18.174,0.1282,14.136,217.49,0.11587
19.123,0.12472,14.98,215.94,0.11313
19.982,0.12147,15.755,214.52,0.11052
20.817,0.11823,16.518,213.11,0.10785
21.628,0.11499,17.268,211.71,0.10514
22.42,0.11175,18.011,210.32,0.10238
23.252,0.10828,18.8,208.83,0.099376
24.08,0.10476,19.596,207.32,0.096288
24.897,0.10122,20.393,205.79,0.093136
25.681,0.097715,21.168,204.27,0.089974
26.272,0.094951,21.761,203.08,0.08744
26.784,0.09237,22.285,202,0.085029
27.185,0.090061,22.706,201.08,0.082819
27.443,0.088114,22.992,200.38,0.080887
27.527,0.086613,23.112,199.95,0.079308
27.417,0.085629,23.042,199.86,0.078142
27.101,0.085208,22.772,200.12,0.077433
26.581,0.085375,22.303,200.74,0.077201
25.846,0.086163,21.626,201.76,0.077461
24.936,0.087546,20.781,203.12,0.078205
23.887,0.089474,19.803,204.76,0.079389
22.74,0.091877,18.736,206.62,0.080959
21.374,0.095074,17.471,208.89,0.083127
20,0.098638,16.208,211.24,0.085609
18.668,0.10244,14.993,213.55,0.088322
17.416,0.10639,13.862,215.77,0.0912
16.342,0.11013,12.9,217.7,0.093995
15.368,0.11388,12.034,219.48,0.096875
14.497,0.11761,11.264,221.1,0.099827
13.729,0.12131,10.589,222.54,0.10284
13.07,0.12488,10.013,223.8,0.10583
12.507,0.12835,9.5222,224.9,0.10883
12.04,0.13168,9.114,225.84,0.1118
11.669,0.13479,8.789,226.61,0.11466
11.374,0.1379,8.527,227.25,0.11763
11.2,0.14058,8.3657,227.69,0.1203
11.142,0.14277,8.3009,227.92,0.1226
11.192,0.14442,8.3254,227.97,0.12448
11.338,0.14554,8.4288,227.85,0.12592
11.564,0.14616,8.5999,227.58,0.12693
11.86,0.14634,8.8293,227.2,0.12755
12.218,0.1461,9.1115,226.7,0.1278
12.674,0.1454,9.4773,226.04,0.12768
13.209,0.14424,9.9105,225.26,0.12715
13.829,0.14261,10.42,224.32,0.12622
14.541,0.14052,11.012,223.23,0.12487
15.274,0.13821,11.628,222.09,0.12329
16.076,0.13555,12.311,220.84,0.1214
16.933,0.13261,13.05,219.48,0.11923
17.823,0.12947,13.827,218.05,0.11685
18.764,0.12605,14.659,216.53,0.11419
19.692,0.12258,15.492,215,0.11142
20.595,0.1191,16.314,213.48,0.10858
21.469,0.11563,17.12,211.99,0.10568
22.251,0.11245,17.852,210.62,0.10298
23.024,0.10924,18.583,209.25,0.10021
23.791,0.106,19.318,207.85,0.097376
24.552,0.10272,20.056,206.44,0.094478
25.262,0.099604,20.752,205.09,0.091685
25.933,0.096553,21.42,203.77,0.088914
26.534,0.093656,22.028,202.54,0.086237
27.028,0.09102,22.539,201.45,0.083745
27.35,0.088918,22.886,200.65,0.081696
27.513,0.087223,23.081,200.1,0.079965
27.492,0.086009,23.098,199.86,0.078617
27.272,0.085329,22.922,199.95,0.077701
26.857,0.08522,22.554,200.39,0.077252
26.251,0.085678,22,201.19,0.077264
25.472,0.08669,21.279,202.31,0.077725
24.548,0.088225,20.419,203.72,0.07861
23.354,0.090556,19.307,205.61,0.080088
22.071,0.093399,18.116,207.72,0.081982
20.753,0.096641,16.899,209.94,0.08421
19.448,0.10017,15.703,212.19,0.086693
18.229,0.10378,14.596,214.33,0.08929
17.088,0.10749,13.567,216.36,0.092017
16.042,0.11124,12.632,218.25,0.094842
15.098,0.11499,11.794,219.98,0.097747
14.239,0.1188,11.037,221.58,0.10079
13.486,0.12257,10.377,223.01,0.10389
12.837,0.12626,9.8099,224.26,0.10702
12.292,0.12982,9.334,225.33,0.11013
11.787,0.13374,8.8927,226.36,0.11368
11.427,0.13727,8.5748,227.13,0.11701
11.214,0.1403,8.3793,227.65,0.12001
11.143,0.14274,8.3013,227.92,0.12257
11.196,0.14446,8.3277,227.97,0.12453
11.352,0.1456,8.4393,227.83,0.12601
11.596,0.14621,8.6241,227.54,0.12703
11.914,0.14633,8.872,227.12,0.12762
12.281,0.14602,9.1623,226.61,0.12781
12.709,0.14533,9.5051,225.99,0.12766
13.201,0.14426,9.9047,225.27,0.12716
13.766,0.14279,10.368,224.42,0.12633
14.421,0.14088,10.912,223.42,0.12512
15.159,0.13858,11.531,222.27,0.12355
15.972,0.1359,12.222,221,0.12165
16.845,0.13292,12.973,219.62,0.11946
18.087,0.12852,14.06,217.63,0.11612
19.336,0.12392,15.171,215.59,0.1125
20.547,0.11928,16.27,213.56,0.10873
21.709,0.11466,17.344,211.57,0.10486
22.54,0.11126,18.124,210.11,0.10195
23.363,0.10781,18.906,208.63,0.098969
24.181,0.10433,19.694,207.13,0.095905
24.986,0.10083,20.48,205.62,0.092785
25.69,0.097674,21.177,204.25,0.089937
26.334,0.094647,21.825,202.95,0.087158
26.88,0.091851,22.384,201.79,0.084538
27.283,0.089407,22.812,200.83,0.08218
27.497,0.087485,23.059,200.18,0.08024
27.503,0.086105,23.105,199.87,0.078732
27.28,0.08534,22.929,199.94,0.077718
26.822,0.085233,22.523,200.44,0.077239
26.183,0.085752,21.938,201.28,0.077289
25.364,0.086855,21.179,202.47,0.077814
24.394,0.088505,20.276,203.96,0.078781
23.312,0.090645,19.268,205.68,0.080145
21.869,0.093876,17.929,208.06,0.082307
20.393,0.097583,16.568,210.56,0.084868
18.95,0.10161,15.249,213.06,0.08772
17.59,0.10582,14.018,215.46,0.090778
16.515,0.1095,13.054,217.39,0.093521
15.536,0.1132,12.183,219.17,0.096349
14.658,0.11689,11.406,220.8,0.09925
13.88,0.12055,10.722,222.26,0.10221
13.203,0.12412,10.129,223.55,0.10519
12.62,0.12761,9.6208,224.68,0.10819
12.133,0.13097,9.1957,225.65,0.11116
11.742,0.13413,8.8532,226.45,0.11405
11.427,0.13727,8.5744,227.13,0.11702
11.229,0.14001,8.3937,227.61,0.11972
11.146,0.14228,8.3081,227.88,0.12208
11.17,0.14404,8.3111,227.97,0.12404
11.29,0.14528,8.3936,227.89,0.12557
11.492,0.14603,8.5447,227.67,0.12669
11.765,0.14633,8.7547,227.32,0.12741
12.099,0.14622,9.0172,226.87,0.12776
12.518,0.14568,9.3516,226.27,0.12777
13.007,0.14471,9.7464,225.56,0.12739
13.573,0.14331,10.209,224.71,0.12664
14.222,0.14148,10.745,223.72,0.1255
14.919,0.13934,11.329,222.65,0.12408
15.691,0.13684,11.982,221.44,0.12233
16.525,0.13402,12.697,220.13,0.12028
17.403,0.13096,13.459,218.73,0.11799
18.408,0.12735,14.343,217.11,0.11521
19.408,0.12365,15.236,215.47,0.11228
20.382,0.11993,16.119,213.84,0.10926
21.323,0.11622,16.985,212.24,0.10618
22.109,0.11303,17.718,210.87,0.10348
22.883,0.10983,18.449,209.5,0.10072
23.651,0.10659,19.183,208.11,0.097898
24.414,0.10332,19.921,206.7,0.09501
25.125,0.10021,20.617,205.35,0.092232
25.803,0.097153,21.29,204.03,0.089462
26.419,0.094229,21.911,202.78,0.086771
26.936,0.091541,22.443,201.66,0.084243
27.29,0.089362,22.819,200.81,0.082136
27.491,0.087571,23.051,200.2,0.080329
27.514,0.086242,23.111,199.88,0.078891
27.341,0.085437,22.98,199.9,0.077873
26.973,0.085195,22.659,200.26,0.077317
26.413,0.085516,22.15,200.96,0.077219
25.677,0.086394,21.469,202.01,0.077572
24.787,0.087801,20.642,203.34,0.078355
23.604,0.090042,19.54,205.21,0.079754
22.317,0.092831,18.343,207.31,0.081598
20.983,0.096052,17.111,209.55,0.083802
19.654,0.099589,15.892,211.83,0.086281
18.434,0.10315,14.781,213.96,0.088833
17.286,0.10682,13.745,216,0.09152
16.23,0.11054,12.8,217.91,0.094308
15.273,0.11426,11.95,219.66,0.097177
14.381,0.11814,11.162,221.31,0.10025
13.599,0.12198,10.476,222.79,0.10339
12.924,0.12574,9.8858,224.09,0.10657
12.356,0.12937,9.3901,225.2,0.10974
11.847,0.13322,8.9458,226.23,0.1132
11.476,0.13672,8.6185,227.02,0.11649
11.244,0.13977,8.4073,227.57,0.11947
11.147,0.14226,8.3086,227.88,0.12206
11.17,0.14404,8.3113,227.97,0.12404
11.292,0.1453,8.3949,227.89,0.12559
11.497,0.14605,8.5487,227.66,0.12671
11.775,0.14633,8.763,227.31,0.12743
12.111,0.14621,9.0269,226.85,0.12777
12.505,0.1457,9.3411,226.29,0.12777
12.959,0.14481,9.7077,225.63,0.12744
13.48,0.14356,10.133,224.85,0.12678
14.121,0.14178,10.662,223.88,0.12569
14.851,0.13956,11.272,222.75,0.12422
15.667,0.13692,11.961,221.48,0.12238
16.553,0.13393,12.721,220.08,0.12021
17.534,0.1305,13.574,218.52,0.11764
18.536,0.12689,14.456,216.9,0.11485
19.529,0.12319,15.345,215.27,0.11191
20.496,0.11948,16.224,213.65,0.10889
21.264,0.11645,16.93,212.34,0.10637
22.013,0.11343,17.628,211.04,0.10381
22.751,0.11038,18.323,209.74,0.1012
23.481,0.10731,19.02,208.42,0.09853
24.209,0.10421,19.722,207.08,0.095797
24.927,0.10109,20.422,205.73,0.093018
25.618,0.097999,21.106,204.39,0.090232
26.257,0.095019,21.747,203.11,0.087503
26.798,0.092293,22.3,201.97,0.084957
27.214,0.089875,22.737,201.01,0.082638
27.466,0.087871,23.02,200.3,0.080639
27.521,0.086374,23.113,199.91,0.079041
27.375,0.08551,23.009,199.88,0.07798
27.031,0.085195,22.71,200.19,0.077363
26.491,0.085447,22.221,200.86,0.077207
25.77,0.086265,21.556,201.87,0.077509
24.742,0.087881,20.6,203.41,0.078403
23.555,0.090142,19.494,205.29,0.079818
22.266,0.092948,18.296,207.4,0.081677
20.931,0.096184,17.063,209.64,0.083893
19.672,0.09954,15.908,211.8,0.086246
18.458,0.10308,14.803,213.92,0.08878
17.316,0.10672,13.772,215.95,0.091445
16.264,0.11041,12.83,217.84,0.094211
15.228,0.11445,11.909,219.74,0.097325
14.31,0.11847,11.099,221.45,0.10052
13.51,0.12244,10.398,222.96,0.10378
12.826,0.12633,9.8004,224.28,0.10707
12.273,0.12995,9.3181,225.37,0.11025
11.829,0.13337,8.9297,226.27,0.11335
11.495,0.13652,8.6351,226.98,0.11629
11.272,0.1393,8.4339,227.5,0.11901
11.159,0.14168,8.3235,227.82,0.12144
11.152,0.14357,8.3014,227.96,0.12349
11.243,0.14495,8.3597,227.94,0.12514
11.418,0.14584,8.4887,227.76,0.12637
11.666,0.14628,8.678,227.45,0.12721
11.976,0.1463,8.92,227.04,0.12768
12.343,0.14594,9.211,226.52,0.12781
12.767,0.14522,9.5517,225.91,0.12761
13.664,0.14307,10.284,224.57,0.12649
14.788,0.13975,11.219,222.85,0.12436
16.133,0.13536,12.36,220.75,0.12126
17.632,0.13015,13.659,218.36,0.11737
18.572,0.12675,14.489,216.84,0.11474
19.505,0.12329,15.323,215.31,0.11199
20.413,0.11981,16.148,213.79,0.10916
21.293,0.11634,16.957,212.29,0.10628
22.044,0.1133,17.657,210.99,0.10371
22.784,0.11024,18.355,209.68,0.10108
23.518,0.10716,19.055,208.35,0.098394
24.248,0.10404,19.76,207.01,0.095647
24.961,0.10094,20.456,205.67,0.092884
25.646,0.097872,21.134,204.34,0.090117
26.278,0.094918,21.768,203.07,0.087409
26.821,0.092172,22.323,201.92,0.084842
27.21,0.089905,22.733,201.02,0.082668
27.454,0.088004,23.005,200.34,0.080775
27.526,0.086546,23.113,199.94,0.079233
27.407,0.085596,23.034,199.86,0.078099
27.092,0.085206,22.765,200.12,0.077424
26.584,0.085373,22.307,200.74,0.077201
25.895,0.086099,21.672,201.69,0.077432
25.047,0.087361,20.884,202.95,0.078098
23.944,0.089364,19.856,204.67,0.07932
22.729,0.091902,18.726,206.63,0.080976
21.455,0.094876,17.546,208.75,0.08299
20.169,0.098179,16.363,210.94,0.085286
18.936,0.10165,15.237,213.08,0.087749
17.765,0.10525,14.176,215.15,0.090362
16.677,0.10892,13.199,217.1,0.093085
15.685,0.11261,12.315,218.9,0.095896
14.702,0.11669,11.445,220.71,0.099095
13.84,0.12074,10.687,222.33,0.10237
13.098,0.12472,10.038,223.75,0.1057
12.474,0.12857,9.4928,224.97,0.10903
11.959,0.13231,9.0437,226,0.11237
11.569,0.13575,8.7011,226.82,0.11556
11.306,0.13881,8.465,227.41,0.11852
11.168,0.14139,8.333,227.79,0.12113
11.148,0.1434,8.3,227.96,0.1233
11.234,0.14487,8.3534,227.94,0.12504
11.41,0.14582,8.4826,227.77,0.12633
11.665,0.14628,8.6771,227.45,0.1272
11.975,0.1463,8.9198,227.04,0.12768
12.344,0.14594,9.2121,226.52,0.12781
12.77,0.14521,9.5545,225.9,0.12761
13.259,0.14412,9.9515,225.18,0.12709
13.9,0.14241,10.479,224.21,0.12609
14.64,0.14022,11.094,223.08,0.12467
15.476,0.13755,11.799,221.78,0.12283
16.394,0.13447,12.584,220.34,0.12061
17.386,0.13102,13.444,218.76,0.11804
18.403,0.12737,14.339,217.12,0.11522
19.416,0.12362,15.243,215.46,0.11226
20.403,0.11985,16.139,213.81,0.10919
21.176,0.11681,16.848,212.49,0.10667
21.929,0.11377,17.549,211.19,0.10411
22.669,0.11072,18.246,209.88,0.10149
23.403,0.10765,18.944,208.56,0.098822
24.133,0.10454,19.648,207.22,0.096087
24.854,0.10141,20.351,205.87,0.093304
25.551,0.098303,21.039,204.52,0.090508
26.199,0.0953,21.687,203.23,0.087762
26.73,0.092653,22.23,202.12,0.085296
27.151,0.090276,22.67,201.16,0.083028
27.427,0.088264,22.974,200.43,0.08104
27.528,0.086704,23.109,199.97,0.079407
27.435,0.085693,23.056,199.85,0.078227
27.144,0.085224,22.81,200.07,0.077485
26.655,0.085323,22.371,200.65,0.077203
25.979,0.085992,21.749,201.57,0.077385
25.027,0.087395,20.865,202.98,0.078117
23.912,0.089425,19.827,204.72,0.079358
22.685,0.091998,18.685,206.71,0.08104
21.398,0.095014,17.494,208.85,0.083085
20.12,0.098312,16.317,211.03,0.08538
18.874,0.10183,15.181,213.19,0.087879
17.694,0.10548,14.112,215.27,0.090529
16.6,0.10919,13.13,217.23,0.093291
15.512,0.1133,12.161,219.22,0.096425
14.546,0.11739,11.308,221,0.099649
13.703,0.12144,10.567,222.59,0.10294
12.98,0.12541,9.9344,223.98,0.10628
12.411,0.12899,9.4383,225.09,0.1094
11.946,0.13241,9.0323,226.03,0.11246
11.586,0.13558,8.7162,226.78,0.1154
11.333,0.13843,8.4899,227.35,0.11815
11.183,0.14097,8.3489,227.74,0.1207
11.143,0.14303,8.2992,227.94,0.12289
11.205,0.14458,8.3335,227.96,0.12467
11.356,0.14562,8.4424,227.83,0.12603
11.584,0.14619,8.6152,227.56,0.12699
11.878,0.14634,8.8431,227.17,0.12758
12.23,0.14609,9.1211,226.68,0.12781
12.639,0.14546,9.4487,226.1,0.1277
13.19,0.14428,9.8952,225.28,0.12718
13.834,0.1426,10.424,224.31,0.12621
14.579,0.1404,11.044,223.17,0.12479
15.425,0.13772,11.756,221.86,0.12295
16.285,0.13484,12.49,220.51,0.12088
17.199,0.13168,13.281,219.06,0.11854
18.141,0.12832,14.107,217.54,0.11597
19.087,0.12485,14.948,216,0.11324
19.947,0.12161,15.723,214.57,0.11063
20.783,0.11836,16.486,213.16,0.10797
21.595,0.11513,17.237,211.77,0.10526
22.388,0.11189,17.98,210.38,0.1025
23.225,0.10839,18.775,208.88,0.099474
24.058,0.10485,19.576,207.36,0.096369
24.881,0.10129,20.378,205.82,0.093197
25.671,0.097759,21.158,204.29,0.090015
26.263,0.094991,21.753,203.1,0.087477
26.777,0.092405,22.278,202.01,0.085063
27.18,0.090091,22.701,201.09,0.082848
27.441,0.088137,22.989,200.38,0.080911
27.528,0.086629,23.111,199.96,0.079325
27.42,0.085637,23.044,199.85,0.078154
27.106,0.085209,22.777,200.11,0.077438
26.587,0.085371,22.309,200.73,0.077201
25.855,0.086151,21.635,201.75,0.077456
24.948,0.087527,20.791,203.1,0.078194
23.901,0.089447,19.816,204.74,0.079372
22.755,0.091844,18.75,206.59,0.080937
21.388,0.095041,17.484,208.87,0.083103
20.011,0.098606,16.218,211.22,0.085587
18.677,0.10242,15.002,213.54,0.088302
17.423,0.10637,13.868,215.76,0.091184
16.349,0.1101,12.906,217.69,0.093975
15.375,0.11385,12.04,219.47,0.096853
14.504,0.11758,11.27,221.08,0.099803
13.735,0.12127,10.595,222.53,0.10281
13.076,0.12485,10.018,223.79,0.1058
12.512,0.12832,9.5263,224.89,0.10881
12.044,0.13165,9.1174,225.83,0.11177
11.672,0.13476,8.7917,226.6,0.11464
11.376,0.13788,8.5289,227.25,0.1176
11.201,0.14056,8.3667,227.69,0.12028
11.142,0.14275,8.3011,227.92,0.12258
11.191,0.1444,8.3247,227.97,0.12446
11.336,0.14553,8.4274,227.85,0.1259
11.562,0.14616,8.5978,227.58,0.12693
11.856,0.14634,8.8265,227.2,0.12755
12.213,0.1461,9.108,226.71,0.1278
12.669,0.14541,9.4725,226.05,0.12769
13.201,0.14426,9.9042,225.27,0.12716
13.819,0.14264,10.411,224.34,0.12624
14.528,0.14056,11.001,223.25,0.1249
15.26,0.13825,11.616,222.12,0.12332
16.061,0.1356,12.298,220.86,0.12144
16.917,0.13267,13.036,219.51,0.11928
17.806,0.12953,13.812,218.08,0.1169
18.121,0.12839,14.089,217.57,0.11602
18.437,0.12725,14.369,217.06,0.11513
18.751,0.12609,14.648,216.55,0.11422
19.065,0.12493,14.928,216.03,0.11331
