150,0.0080419,148.39,65.835,0.0097571
151.63,0.0078555,150.05,64.588,0.0095464
153.21,0.0076742,151.66,63.361,0.0093402
154.75,0.0074978,153.22,62.152,0.0091385
156.26,0.0073247,154.76,60.953,0.0089394
158.15,0.0071057,156.68,59.417,0.0086856
160.03,0.0068862,158.59,57.857,0.0084296
161.87,0.0066698,160.46,56.291,0.0081755
163.63,0.006466,162.26,54.78,0.0079353
165.09,0.006304,163.74,53.544,0.0077442
166.32,0.0061756,165,52.527,0.0075933
167.27,0.0060903,165.96,51.809,0.0074942
167.89,0.0060539,166.58,51.446,0.0074544
168.14,0.0060674,166.83,51.452,0.007475
168.09,0.0061252,166.76,51.782,0.0075495
167.76,0.0062214,166.43,52.386,0.0076706
167.24,0.0063472,165.88,53.19,0.0078278
166.55,0.0065002,165.17,54.165,0.008018
165.8,0.0066618,164.39,55.181,0.0082186
165.05,0.0068219,163.62,56.169,0.0084169
164.35,0.006973,162.89,57.084,0.0086039
163.54,0.0071487,162.04,58.127,0.0088211
162.86,0.0072975,161.34,58.992,0.009005
162.32,0.0074158,160.79,59.668,0.0091512
161.96,0.007499,160.42,60.135,0.0092541
161.79,0.007542,160.24,60.369,0.0093076
161.83,0.0075433,160.27,60.366,0.0093099
162.05,0.0075058,160.5,60.141,0.0092644
162.44,0.0074358,160.9,59.725,0.0091791
162.93,0.0073456,161.41,59.188,0.0090689
163.55,0.0072339,162.04,58.515,0.0089324
164.3,0.0070991,162.81,57.69,0.0087674
165.21,0.006938,163.75,56.686,0.0085703
166.2,0.0067659,164.77,55.588,0.0083595
167.33,0.0065742,165.93,54.332,0.0081246
168.58,0.0063703,167.21,52.956,0.0078747
169.88,0.0061635,168.55,51.514,0.0076211
171.17,0.0059666,169.88,50.095,0.0073796
172.45,0.0057794,171.18,48.701,0.00715
173.69,0.0056021,172.46,47.338,0.0069325
174.93,0.0054319,173.72,45.987,0.0067235
176.22,0.0052609,175.04,44.588,0.0065136
177.52,0.0050922,176.38,43.163,0.0063064
178.83,0.00493,177.71,41.747,0.0061071
180.05,0.0047831,178.96,40.423,0.0059266
181.34,0.0046346,180.28,39.039,0.0057442
182.07,0.0045576,181.02,38.294,0.0056499
182.09,0.0045642,181.04,38.337,0.0056587
181.44,0.0046505,180.38,39.128,0.0057658
180.34,0.0047935,179.24,40.424,0.0059427
179,0.004968,177.88,41.961,0.0061583
177.64,0.0051497,176.48,43.509,0.0063826
176.39,0.005321,175.2,44.924,0.0065938
175.34,0.0054679,174.12,46.105,0.0067748
174.46,0.0055919,173.22,47.08,0.0069274
173.78,0.0056889,172.52,47.83,0.0070466
173.31,0.0057541,172.05,48.33,0.0071266
173.11,0.0057814,171.84,48.541,0.0071599
173.07,0.0057829,171.81,48.559,0.0071616
173.2,0.0057616,171.93,48.404,0.007135
173.45,0.005721,172.19,48.103,0.0070849
173.81,0.005665,172.56,47.681,0.0070158
174.29,0.0055932,173.05,47.131,0.0069272
174.9,0.0055038,173.68,46.435,0.006817
175.67,0.0053946,174.46,45.569,0.0066825
176.54,0.0052726,175.36,44.579,0.0065322
177.56,0.0051361,176.4,43.442,0.0063639
178.67,0.0049908,177.54,42.199,0.006185
179.83,0.0048439,178.73,40.902,0.0060039
180.97,0.0047046,179.89,39.636,0.0058323
182.09,0.0045722,181.04,38.395,0.0056691
183.19,0.0044463,182.16,37.181,0.0055139
184.29,0.0043246,183.28,35.975,0.0053639
185.41,0.004203,184.43,34.735,0.0052141
186.56,0.0040828,185.6,33.473,0.0050658
187.7,0.0039673,186.76,32.225,0.0049234
188.76,0.0038637,187.83,31.074,0.0047957
189.78,0.0037664,188.88,29.961,0.0046757
190.34,0.0037171,189.45,29.379,0.0046151
190.32,0.0037244,189.42,29.452,0.0046245
189.72,0.0037879,188.81,30.169,0.0047032
188.84,0.0038792,187.91,31.19,0.0048164
187.74,0.0039941,186.8,32.443,0.0049586
186.55,0.0041214,185.58,33.794,0.0051161
185.37,0.0042513,184.37,35.133,0.0052768
184.31,0.0043696,183.29,36.319,0.0054229
183.35,0.0044796,182.31,37.394,0.0055587
182.49,0.0045789,181.44,38.346,0.0056813
181.75,0.0046659,180.68,39.163,0.0057885
181.07,0.0047472,179.98,39.915,0.0058887
180.56,0.004807,179.46,40.463,0.0059623
180.24,0.0048432,179.14,40.794,0.0060067
180.12,0.0048558,179.01,40.913,0.0060221
180.19,0.0048431,179.09,40.806,0.0060061
180.46,0.0048058,179.37,40.479,0.0059599
180.91,0.0047473,179.83,39.954,0.0058876
181.57,0.0046656,180.5,39.206,0.0057865
182.24,0.0045842,181.18,38.448,0.005686
183.06,0.0044866,182.02,37.519,0.0055655
184.02,0.0043756,183,36.436,0.0054284
185.08,0.0042568,184.09,35.245,0.0052817
186.19,0.0041368,185.22,34.008,0.0051336
187.3,0.0040209,186.35,32.777,0.0049905
188.38,0.0039112,187.45,31.578,0.004855
189.44,0.0038067,188.53,30.404,0.0047259
190.78,0.00368,189.89,28.935,0.0045695
192.15,0.0035541,191.28,27.425,0.004414
193.5,0.0034338,192.67,25.931,0.0042653
194.7,0.003332,193.88,24.624,0.0041395
195.49,0.0032679,194.68,23.777,0.0040604
195.74,0.0032499,194.94,23.529,0.0040384
195.39,0.0032832,194.58,23.959,0.0040799
194.49,0.0033644,193.67,25.003,0.0041806
193.19,0.003483,192.34,26.491,0.0043276
191.7,0.0036219,190.83,28.173,0.0044996
190.22,0.0037654,189.31,29.848,0.0046772
188.84,0.0039023,187.91,31.392,0.0048466
187.62,0.0040263,186.67,32.746,0.0049998
186.58,0.0041338,185.61,33.889,0.0051326
185.75,0.0042215,184.76,34.801,0.0052407
185.15,0.0042855,184.14,35.457,0.0053196
184.82,0.0043194,183.81,35.804,0.0053613
184.67,0.0043337,183.65,35.953,0.0053788
184.67,0.0043305,183.66,35.927,0.0053747
184.81,0.0043126,183.8,35.753,0.0053524
185.06,0.0042827,184.06,35.457,0.0053153
185.43,0.00424,184.43,35.028,0.0052625
185.94,0.004183,184.95,34.447,0.0051919
186.6,0.0041102,185.63,33.69,0.0051019
187.38,0.0040269,186.43,32.807,0.0049988
188.29,0.0039326,187.36,31.785,0.0048823
189.29,0.0038323,188.37,30.668,0.0047583
190.32,0.0037311,189.43,29.512,0.0046332
191.32,0.0036366,190.44,28.402,0.0045164
192.3,0.0035467,191.44,27.318,0.0044052
193.26,0.0034607,192.41,26.256,0.004299
194.22,0.0033769,193.39,25.193,0.0041953
195.2,0.003294,194.38,24.116,0.0040928
196.19,0.0032118,195.39,23.022,0.0039912
197.16,0.0031335,196.38,21.953,0.0038943
198.04,0.0030647,197.27,20.99,0.0038093
198.81,0.0030063,198.05,20.153,0.0037371
199.18,0.0029798,198.43,19.763,0.0037043
199.08,0.0029908,198.32,19.914,0.0037182
198.48,0.0030399,197.72,20.609,0.0037792
197.61,0.0031115,196.84,21.607,0.0038681
196.52,0.0032028,195.73,22.848,0.0039812
195.31,0.0033062,194.5,24.216,0.0041094
194.08,0.0034147,193.24,25.606,0.0042437
192.94,0.0035173,192.08,26.884,0.0043709
191.87,0.0036152,191,28.07,0.004492
190.91,0.003706,190.02,29.143,0.0046043
190.05,0.0037882,189.14,30.093,0.0047058
189.22,0.003869,188.29,31.009,0.0048057
188.55,0.0039348,187.61,31.742,0.0048869
188.05,0.0039833,187.11,32.277,0.0049468
187.73,0.0040136,186.78,32.611,0.0049841
187.58,0.0040265,186.63,32.756,0.0049998
187.61,0.0040212,186.66,32.704,0.0049931
187.78,0.0040008,186.84,32.49,0.0049676
188.1,0.0039662,187.16,32.119,0.0049248
188.6,0.0039139,187.66,31.55,0.00486
189.3,0.0038417,188.38,30.748,0.0047706
190.22,0.0037498,189.32,29.706,0.0046569
191.33,0.0036435,190.45,28.465,0.0045254
192.37,0.0035461,191.51,27.295,0.0044049
193.43,0.0034502,192.59,26.111,0.0042863
194.47,0.0033591,193.65,24.953,0.0041735
195.49,0.0032727,194.68,23.826,0.0040668
196.5,0.0031891,195.71,22.707,0.0039633
197.54,0.0031057,196.77,21.559,0.0038601
198.6,0.0030227,197.85,20.387,0.0037574
199.64,0.0029444,198.89,19.25,0.0036605
200.44,0.0028854,199.71,18.373,0.0035875
201.05,0.0028416,200.33,17.708,0.0035333
201.39,0.0028182,200.67,17.346,0.0035044
201.41,0.0028188,200.69,17.349,0.0035053
201.1,0.0028434,200.38,17.717,0.0035359
200.5,0.0028901,199.77,18.415,0.003594
199.65,0.0029561,198.91,19.383,0.0036759
198.63,0.003037,197.87,20.543,0.0037762
197.49,0.0031293,196.71,21.83,0.0038906
196.33,0.0032257,195.53,23.138,0.0040101
195.2,0.0033217,194.38,24.402,0.004129
194.14,0.0034138,193.3,25.583,0.004243
192.88,0.0035261,192.02,26.982,0.004382
191.79,0.0036253,190.92,28.184,0.0045046
190.9,0.0037087,190,29.17,0.0046076
190.21,0.003773,189.3,29.919,0.0046871
189.75,0.0038155,188.84,30.409,0.0047395
189.51,0.0038366,188.59,30.654,0.0047654
189.46,0.0038386,188.55,30.683,0.0047678
189.58,0.0038247,188.67,30.531,0.0047504
189.81,0.0038007,188.9,30.263,0.0047205
190.16,0.0037645,189.26,29.854,0.0046757
190.66,0.0037147,189.77,29.282,0.0046139
191.32,0.0036501,190.44,28.527,0.004534
192.1,0.0035769,191.23,27.655,0.0044434
192.98,0.0034952,192.13,26.658,0.0043422
193.94,0.0034093,193.11,25.584,0.004236
194.92,0.0033238,194.11,24.488,0.0041302
195.85,0.0032454,195.05,23.456,0.0040331
196.76,0.0031708,195.97,22.45,0.0039407
197.65,0.0030988,196.88,21.457,0.0038517
198.56,0.0030279,197.8,20.456,0.003764
199.46,0.0029589,198.72,19.458,0.0036785
200.37,0.0028909,199.64,18.452,0.0035943
201.25,0.0028271,200.53,17.487,0.0035154
202.02,0.0027727,201.31,16.644,0.003448
202.63,0.0027307,201.93,15.981,0.0033961
202.89,0.002714,202.2,15.71,0.0033754
202.74,0.0027265,202.05,15.902,0.0033911
202.18,0.0027687,201.47,16.558,0.0034436
201.31,0.0028334,200.59,17.548,0.0035239
200.22,0.0029166,199.48,18.79,0.0036271
199,0.0030118,198.24,20.172,0.0037452
197.73,0.0031127,196.96,21.591,0.0038702
196.56,0.0032093,195.76,22.909,0.0039899
195.45,0.0033023,194.64,24.142,0.0041051
194.44,0.0033893,193.61,25.265,0.0042128
193.54,0.0034688,192.69,26.269,0.0043111
192.64,0.0035487,191.78,27.256,0.0044099
191.9,0.0036152,191.03,28.063,0.0044922
191.34,0.0036665,190.46,28.676,0.0045555
190.95,0.0037011,190.06,29.088,0.0045982
190.73,0.0037201,189.84,29.315,0.0046216
190.68,0.0037222,189.79,29.344,0.0046239
190.79,0.0037101,189.89,29.209,0.0046088
191.03,0.0036851,190.14,28.923,0.0045778
191.42,0.0036467,190.53,28.474,0.0045302
191.98,0.003592,191.11,27.825,0.0044624
192.75,0.0035203,191.89,26.957,0.0043736
193.69,0.0034344,192.86,25.892,0.0042672
194.78,0.003339,193.96,24.677,0.0041491
195.9,0.003243,195.1,23.418,0.0040302
197.02,0.0031513,196.23,22.18,0.0039168
198.1,0.003065,197.33,20.979,0.00381
199.29,0.0029733,198.54,19.665,0.0036964
200.51,0.0028814,199.79,18.307,0.0035826
201.75,0.0027917,201.04,16.939,0.0034716
202.87,0.0027139,202.17,15.716,0.0033753
203.51,0.0026707,202.82,15.019,0.0033218
203.82,0.0026509,203.14,14.692,0.0032973
203.73,0.0026588,203.05,14.815,0.0033073
203.23,0.0026957,202.54,15.402,0.0033531
202.35,0.0027593,201.65,16.401,0.0034321
201.21,0.0028438,200.49,17.696,0.003537
199.92,0.002942,199.18,19.157,0.0036588
198.58,0.0030467,197.82,20.662,0.0037885
197.4,0.0031416,196.62,21.985,0.0039062
196.29,0.003233,195.49,23.223,0.0040194
195.28,0.0033186,194.46,24.352,0.0041254
194.36,0.0033969,193.53,25.361,0.0042223
193.46,0.0034759,192.61,26.357,0.00432
192.72,0.0035418,191.86,27.173,0.0044015
192.14,0.0035927,191.27,27.793,0.0044642
191.75,0.0036272,190.88,28.211,0.0045068
191.52,0.0036464,190.64,28.446,0.0045305
191.47,0.003649,190.59,28.482,0.0045335
191.57,0.0036376,190.69,28.353,0.0045193
191.8,0.0036136,190.93,28.071,0.0044894
192.19,0.003576,191.32,27.623,0.0044428
192.76,0.003522,191.91,26.97,0.0043759
193.54,0.0034512,192.69,26.096,0.0042881
194.49,0.0033664,193.66,25.024,0.0041831
195.59,0.0032713,194.78,23.789,0.0040654
196.73,0.0031761,195.94,22.515,0.0039476
197.85,0.0030857,197.08,21.267,0.0038357
198.94,0.0030006,198.19,20.058,0.0037303
199.92,0.0029261,199.18,18.971,0.0036381
200.93,0.0028515,200.21,17.854,0.0035457
201.96,0.0027775,201.25,16.717,0.003454
202.95,0.0027086,202.25,15.63,0.0033687
203.68,0.0026584,203,14.82,0.0033065
204.21,0.0026239,203.53,14.252,0.0032638
204.44,0.0026099,203.76,14.017,0.0032466
204.32,0.0026195,203.65,14.169,0.0032586
203.87,0.0026518,203.19,14.692,0.0032988
203.13,0.0027049,202.44,15.541,0.0033647
202.16,0.0027753,201.45,16.644,0.0034521
201.04,0.0028584,200.32,17.912,0.0035552
199.86,0.0029478,199.12,19.237,0.0036661
198.69,0.0030395,197.93,20.556,0.0037797
197.56,0.0031295,196.78,21.815,0.0038912
196.51,0.0032153,195.72,22.983,0.0039975
195.23,0.0033229,194.41,24.406,0.0041307
194.14,0.0034168,193.3,25.613,0.0042469
193.25,0.003494,192.4,26.583,0.0043424
192.6,0.0035515,191.74,27.294,0.0044134
192.19,0.0035865,191.32,27.723,0.0044565
192,0.0036019,191.13,27.914,0.0044754
191.99,0.0036005,191.12,27.903,0.0044735
192.14,0.0035848,191.27,27.72,0.004454
192.39,0.0035596,191.53,27.42,0.0044227
192.79,0.003522,191.93,26.965,0.0043761
193.34,0.0034705,192.5,26.331,0.0043122
194.07,0.003405,193.23,25.511,0.0042311
194.9,0.0033319,194.08,24.576,0.0041405
195.82,0.0032528,195.02,23.541,0.0040426
196.78,0.0031724,196,22.461,0.0039431
197.75,0.0030944,196.98,21.386,0.0038464
198.64,0.0030242,197.88,20.395,0.0037596
199.52,0.0029569,198.78,19.421,0.0036762
200.4,0.0028908,199.67,18.444,0.0035943
201.3,0.0028248,200.59,17.446,0.0035126
202.17,0.0027633,201.46,16.494,0.0034365
203.01,0.0027046,202.31,15.565,0.0033637
203.77,0.0026526,203.09,14.725,0.0032993
204.38,0.0026121,203.71,14.058,0.0032492
204.76,0.0025882,204.09,13.658,0.0032197
204.82,0.0025853,204.16,13.604,0.0032162
204.55,0.0026052,203.88,13.929,0.003241
203.95,0.0026476,203.27,14.62,0.0032937
202.99,0.0027159,202.3,15.712,0.0033785
201.82,0.0028017,201.1,17.047,0.0034849
200.52,0.0028982,199.79,18.504,0.0036046
199.21,0.0029989,198.46,19.976,0.0037295
198.01,0.0030941,197.24,21.323,0.0038474
196.89,0.0031849,196.1,22.571,0.0039599
195.87,0.0032693,195.06,23.702,0.0040644
194.96,0.0033459,194.14,24.704,0.0041591
194.08,0.0034216,193.25,25.674,0.0042528
193.37,0.0034833,192.52,26.45,0.0043291
192.85,0.0035291,191.99,27.02,0.0043857
192.5,0.0035583,191.64,27.381,0.0044217
192.33,0.0035723,191.46,27.556,0.0044388
192.33,0.0035696,191.47,27.529,0.0044353
192.49,0.0035528,191.63,27.331,0.0044144
192.81,0.0035221,191.95,26.962,0.0043763
193.27,0.0034783,192.43,26.425,0.004322
193.93,0.0034182,193.1,25.675,0.0042475
194.78,0.0033427,193.96,24.713,0.004154
195.79,0.0032564,194.98,23.586,0.0040471
196.87,0.0031662,196.08,22.375,0.0039354
197.96,0.0030784,197.19,21.161,0.0038267
199.02,0.0029956,198.26,19.983,0.0037242
200.05,0.0029169,199.32,18.833,0.0036268
201.05,0.0028437,200.33,17.733,0.003536
202.07,0.0027701,201.37,16.6,0.0034449
203.1,0.0026986,202.41,15.469,0.0033564
204.03,0.0026353,203.35,14.442,0.003278
204.74,0.0025888,204.07,13.67,0.0032203
205.08,0.0025677,204.41,13.312,0.0031944
204.96,0.0025776,204.29,13.471,0.0032067
204.36,0.0026197,203.69,14.163,0.0032591
203.51,0.00268,202.82,15.138,0.003334
202.43,0.0027576,201.72,16.363,0.0034302
201.22,0.0028468,200.49,17.732,0.0035409
199.96,0.0029419,199.22,19.147,0.0036588
198.76,0.003035,198,20.489,0.0037742
197.63,0.0031251,196.85,21.752,0.0038859
196.59,0.00321,195.79,22.91,0.003991
195.65,0.0032881,194.84,23.949,0.0040877
194.71,0.0033676,193.88,24.985,0.0041861
193.93,0.0034349,193.09,25.842,0.0042693
193.32,0.0034878,192.47,26.508,0.0043347
192.88,0.0035251,192.03,26.972,0.0043807
192.61,0.0035477,191.75,27.254,0.0044085
192.52,0.0035539,191.66,27.335,0.004416
192.58,0.0035464,191.72,27.248,0.0044065
192.78,0.0035266,191.92,27.012,0.004382
193.11,0.0034951,192.25,26.628,0.0043428
193.6,0.003449,192.76,26.058,0.0042857
194.29,0.0033873,193.46,25.283,0.0042093
195.15,0.0033118,194.33,24.312,0.0041158
196.12,0.0032287,195.32,23.216,0.0040128
197.16,0.0031432,196.37,22.058,0.0039069
198.19,0.0030601,197.43,20.903,0.0038041
199.2,0.0029815,198.45,19.779,0.0037068
200.18,0.0029079,199.44,18.697,0.0036155
201.17,0.0028349,200.45,17.599,0.0035252
202.19,0.0027617,201.49,16.468,0.0034345
203.21,0.0026906,202.53,15.339,0.0033464
203.98,0.0026389,203.3,14.501,0.0032824
204.61,0.0025966,203.95,13.801,0.0032301
205.06,0.002568,204.4,13.319,0.0031946
205.25,0.0025566,204.59,13.122,0.0031805
205.15,0.0025649,204.49,13.258,0.003191
204.75,0.0025932,204.08,13.726,0.0032262
204.07,0.0026405,203.4,14.499,0.0032849
203.18,0.002704,202.49,15.519,0.0033637
201.99,0.0027897,201.28,16.86,0.0034701
200.72,0.0028844,199.99,18.296,0.0035876
199.44,0.0029821,198.69,19.73,0.0037086
198.22,0.003078,197.45,21.095,0.0038275
196.82,0.0031912,196.03,22.656,0.0039678
195.59,0.0032932,194.78,24.017,0.0040941
194.55,0.0033812,193.72,25.158,0.0042028
193.73,0.0034518,192.89,26.056,0.0042902
193.18,0.003499,192.33,26.648,0.0043485
192.84,0.0035284,191.98,27.014,0.0043846
192.68,0.0035409,191.82,27.173,0.0044
192.67,0.003539,191.81,27.155,0.0043975
192.8,0.0035257,191.94,26.998,0.004381
193.05,0.0035012,192.2,26.701,0.0043505
193.44,0.0034641,192.6,26.245,0.0043045
194,0.0034131,193.17,25.608,0.0042413
194.68,0.0033526,193.86,24.838,0.0041663
195.5,0.0032819,194.69,23.92,0.0040788
196.41,0.003205,195.61,22.898,0.0039835
197.37,0.0031264,196.59,21.826,0.0038861
198.29,0.0030529,197.52,20.8,0.0037952
199.19,0.002983,198.44,19.8,0.0037086
200.07,0.0029162,199.33,18.821,0.0036259
200.95,0.002851,200.23,17.843,0.0035451
201.85,0.0027864,201.14,16.852,0.0034651
202.76,0.0027221,202.06,15.844,0.0033855
203.65,0.002661,202.97,14.861,0.0033097
204.44,0.0026079,203.77,13.988,0.003244
205.1,0.0025652,204.44,13.272,0.0031911
205.36,0.0025495,204.7,13.002,0.0031718
205.15,0.0025658,204.48,13.27,0.0031921
204.45,0.0026145,203.78,14.074,0.0032527
203.47,0.0026832,202.79,15.187,0.003338
202.28,0.0027692,201.57,16.542,0.0034447
200.97,0.0028658,200.24,18.017,0.0035645
199.64,0.0029665,198.9,19.504,0.0036893
198.43,0.0030611,197.67,20.858,0.0038066
197.31,0.0031513,196.52,22.112,0.0039184
196.29,0.0032351,195.49,23.246,0.0040221
195.38,0.0033109,194.56,24.249,0.004116
194.5,0.0033859,193.67,25.219,0.0042087
193.79,0.0034467,192.95,25.992,0.0042838
193.27,0.0034915,192.42,26.555,0.0043392
192.93,0.0035198,192.08,26.909,0.004374
192.76,0.0035329,191.9,27.076,0.0043901
192.78,0.0035293,191.92,27.038,0.0043855
192.95,0.0035116,192.1,26.825,0.0043634
193.29,0.0034795,192.44,26.433,0.0043236
193.72,0.0034392,192.88,25.934,0.0042736
194.32,0.0033855,193.49,25.257,0.0042071
195.07,0.003319,194.25,24.404,0.0041248
195.96,0.0032431,195.16,23.407,0.0040307
196.92,0.0031626,196.14,22.324,0.003931
197.91,0.0030828,197.14,21.22,0.0038322
198.88,0.0030066,198.13,20.14,0.0037378
199.83,0.0029345,199.09,19.091,0.0036485
200.96,0.0028506,200.24,17.838,0.0035447
202.13,0.0027666,201.42,16.543,0.0034405
203.31,0.0026839,202.63,15.232,0.0033381
204.4,0.0026109,203.72,14.039,0.0032477
205.18,0.0025603,204.51,13.191,0.0031851
205.43,0.0025453,204.77,12.93,0.0031666
205.05,0.0025727,204.39,13.383,0.0032007
204.07,0.0026415,203.39,14.514,0.0032862
202.58,0.0027474,201.88,16.201,0.0034176
200.87,0.0028734,200.14,18.131,0.003574
199.15,0.0030049,198.4,20.059,0.003737
197.56,0.0031311,196.78,21.834,0.0038934
196.16,0.0032454,195.36,23.383,0.0040348
194.98,0.0033445,194.16,24.686,0.0041575
194.04,0.0034249,193.2,25.717,0.0042569
193.36,0.0034831,192.52,26.45,0.0043288
192.99,0.0035148,192.13,26.847,0.0043679
192.82,0.0035278,191.96,27.013,0.0043838
192.83,0.0035249,191.97,26.983,0.0043801
192.99,0.0035084,192.13,26.785,0.0043595
193.26,0.0034821,192.41,26.464,0.0043268
193.68,0.0034429,192.84,25.979,0.0042782
194.27,0.0033895,193.44,25.307,0.004212
195.03,0.0033223,194.22,24.446,0.0041288
195.9,0.0032478,195.1,23.469,0.0040365
196.85,0.0031686,196.07,22.404,0.0039384
197.83,0.0030893,197.06,21.311,0.0038402
198.8,0.0030131,198.04,20.233,0.0037459
199.69,0.0029447,198.95,19.241,0.0036612
200.58,0.0028785,199.85,18.258,0.0035792
201.48,0.0028128,200.77,17.26,0.0034979
202.4,0.0027472,201.7,16.239,0.0034165
203.25,0.002688,202.57,15.298,0.0033432
204.06,0.0026333,203.38,14.409,0.0032755
204.75,0.0025876,204.08,13.65,0.0032188
205.25,0.0025557,204.59,13.112,0.0031794
205.47,0.0025425,204.81,12.885,0.0031631
205.39,0.0025494,204.73,12.996,0.0031717
204.99,0.0025771,204.33,13.457,0.0032063
204.31,0.0026248,203.63,14.241,0.0032654
202.83,0.0027293,202.13,15.918,0.0033952
201.09,0.0028573,200.36,17.888,0.003554
199.31,0.0029925,198.56,19.88,0.0037217
197.66,0.0031229,196.88,21.72,0.0038832
196.33,0.0032314,195.53,23.196,0.0040175
195.19,0.0033268,194.37,24.455,0.0041356
194.26,0.0034061,193.43,25.478,0.0042337
193.56,0.0034663,192.71,26.24,0.0043081
193.15,0.0035014,192.29,26.68,0.0043513
192.92,0.0035204,192.06,26.919,0.0043747
192.84,0.0035251,191.98,26.982,0.0043804
192.9,0.0035177,192.05,26.896,0.0043711
193.07,0.0035003,192.22,26.687,0.0043495
193.37,0.0034719,192.52,26.339,0.0043143
193.81,0.0034312,192.97,25.832,0.0042637
194.42,0.0033769,193.59,25.148,0.0041965
195.14,0.0033137,194.32,24.334,0.0041181
195.97,0.0032418,195.17,23.389,0.0040292
196.89,0.0031656,196.1,22.363,0.0039347
197.83,0.0030891,197.06,21.308,0.00384
198.73,0.0030186,197.97,20.311,0.0037527
199.6,0.0029514,198.86,19.339,0.0036695
200.47,0.0028868,199.74,18.383,0.0035895
201.34,0.0028232,200.62,17.419,0.0035107
202.21,0.0027609,201.5,16.455,0.0034335
203.09,0.0026993,202.4,15.479,0.0033572
203.94,0.0026414,203.26,14.541,0.0032855
204.69,0.0025919,204.02,13.723,0.0032242
205.27,0.0025541,204.61,13.084,0.0031774
205.51,0.0025403,204.85,12.847,0.0031604
205.31,0.0025548,204.65,13.085,0.0031785
204.7,0.0025979,204.03,13.8,0.0032321
203.78,0.002662,203.1,14.844,0.0033116
202.64,0.0027434,201.94,16.139,0.0034127
201.37,0.0028361,200.65,17.568,0.0035277
200.07,0.002934,199.33,19.028,0.003649
198.86,0.0030273,198.11,20.379,0.0037648
197.73,0.0031171,196.96,21.639,0.0038759
196.7,0.003201,195.91,22.788,0.0039799
195.77,0.0032778,194.97,23.813,0.0040749
194.86,0.0033547,194.04,24.818,0.0041702
194.11,0.0034188,193.28,25.639,0.0042493
193.54,0.0034679,192.69,26.26,0.0043101
193.15,0.0035012,192.3,26.677,0.0043511
192.92,0.0035197,192.06,26.911,0.0043738
192.87,0.003522,192.01,26.945,0.0043766
192.97,0.0035109,192.12,26.814,0.0043627
193.21,0.0034872,192.36,26.526,0.0043332
193.63,0.0034484,192.78,26.048,0.0042851
194.24,0.0033923,193.41,25.343,0.0042156
195.08,0.0033188,194.26,24.401,0.0041245
196.09,0.0032322,195.29,23.261,0.0040173
197.12,0.003147,196.33,22.11,0.0039118
198.16,0.003063,197.4,20.941,0.0038076
199.19,0.0029832,198.44,19.802,0.0037088
200.19,0.0029077,199.45,18.694,0.0036154
201.18,0.0028342,200.47,17.587,0.0035243
202.22,0.0027603,201.51,16.446,0.0034328
203.26,0.0026875,202.57,15.289,0.0033425
204.25,0.0026209,203.57,14.204,0.0032601
204.99,0.0025724,204.32,13.395,0.0032
205.43,0.0025441,204.78,12.913,0.003165
205.5,0.0025415,204.84,12.864,0.003162
205.14,0.0025672,204.47,13.292,0.003194
204.44,0.0026159,203.76,14.096,0.0032544
203.46,0.0026847,202.77,15.21,0.0033399
202.29,0.0027686,201.59,16.532,0.003444
201.03,0.0028617,200.3,17.955,0.0035595
199.83,0.0029522,199.09,19.295,0.0036716
198.68,0.0030416,197.92,20.581,0.0037824
197.61,0.0031271,196.83,21.778,0.0038884
196.63,0.003207,195.83,22.869,0.0039874
195.59,0.0032932,194.78,24.015,0.004094
194.71,0.003368,193.88,24.989,0.0041865
193.99,0.0034293,193.15,25.772,0.0042623
193.45,0.0034754,192.61,26.354,0.0043192
193.08,0.0035065,192.23,26.745,0.0043577
192.91,0.0035204,192.05,26.921,0.0043747
192.89,0.0035194,192.04,26.914,0.0043733
193.02,0.0035057,192.17,26.751,0.0043562
193.27,0.0034822,192.42,26.465,0.004327
193.65,0.0034466,192.81,26.024,0.0042828
194.19,0.0033973,193.36,25.406,0.0042218
194.9,0.0033344,194.08,24.601,0.0041438
195.72,0.0032638,194.91,23.68,0.0040564
196.63,0.0031873,195.84,22.658,0.0039617
197.58,0.0031095,196.81,21.592,0.0038652
198.53,0.0030338,197.77,20.528,0.0037715
199.42,0.0029658,198.67,19.548,0.0036872
200.28,0.0029004,199.55,18.586,0.0036064
201.16,0.0028363,200.44,17.62,0.003527
202.05,0.0027723,201.34,16.633,0.0034477
202.9,0.0027126,202.2,15.692,0.0033737
203.73,0.0026555,203.05,14.772,0.003303
204.49,0.0026049,203.82,13.939,0.0032403
205.09,0.0025656,204.43,13.28,0.0031916
205.46,0.0025425,204.8,12.886,0.0031631
205.52,0.00254,204.86,12.839,0.0031601
205.24,0.0025601,204.58,13.173,0.0031851
204.63,0.0026023,203.96,13.872,0.0032375
203.67,0.0026699,202.98,14.971,0.0033214
202.48,0.0027545,201.78,16.313,0.0034265
201.19,0.0028498,200.46,17.776,0.0035447
199.87,0.0029494,199.13,19.254,0.0036682
198.66,0.0030436,197.9,20.609,0.0037849
197.53,0.0031335,196.75,21.867,0.0038963
196.5,0.0032172,195.71,23.005,0.0039999
195.59,0.0032931,194.78,24.015,0.0040939
194.7,0.0033684,193.88,24.994,0.004187
193.98,0.0034299,193.14,25.78,0.004263
193.45,0.0034757,192.6,26.357,0.0043196
193.1,0.0035051,192.25,26.726,0.0043558
192.92,0.0035195,192.06,26.91,0.0043736
192.91,0.0035175,192.06,26.892,0.004371
193.07,0.0035016,192.21,26.701,0.0043512
193.37,0.003472,192.53,26.339,0.0043144
193.83,0.0034297,192.99,25.813,0.0042619
194.48,0.0033714,193.65,25.077,0.0041897
195.32,0.0032981,194.5,24.13,0.0040989
196.3,0.0032142,195.51,23.02,0.0039949
197.37,0.0031264,196.59,21.826,0.0038862
198.45,0.0030407,197.68,20.627,0.0037801
199.49,0.00296,198.75,19.464,0.0036801
200.52,0.0028832,199.79,18.328,0.003585
201.49,0.0028119,200.78,17.245,0.0034967
202.5,0.0027402,201.8,16.13,0.0034079
203.51,0.0026704,202.83,15.013,0.0033214
204.44,0.002608,203.77,13.991,0.0032441
205.16,0.0025613,204.5,13.208,0.0031863
205.52,0.002539,204.86,12.824,0.0031587
205.44,0.0025464,204.78,12.945,0.0031681
204.88,0.0025853,204.21,13.591,0.0032164
203.97,0.002649,203.29,14.635,0.0032955
202.79,0.0027329,202.09,15.974,0.0033997
201.45,0.00283,200.74,17.474,0.0035201
200.08,0.002933,199.35,19.014,0.0036478
198.88,0.0030259,198.13,20.358,0.003763
197.76,0.0031152,196.98,21.613,0.0038736
196.73,0.0031987,195.94,22.757,0.0039771
195.81,0.0032751,195,23.777,0.0040716
194.89,0.003352,194.07,24.783,0.0041668
194.14,0.003416,193.31,25.604,0.0042459
193.57,0.0034651,192.73,26.225,0.0043066
193.18,0.0034983,192.33,26.642,0.0043475
192.95,0.0035168,192.1,26.875,0.0043703
192.9,0.0035192,192.05,26.91,0.004373
193,0.003508,192.15,26.778,0.0043591
193.24,0.0034843,192.4,26.49,0.0043296
193.66,0.0034455,192.82,26.01,0.0042815
194.28,0.0033893,193.45,25.304,0.0042118
195.11,0.0033157,194.3,24.36,0.0041207
196.13,0.003229,195.33,23.218,0.0040133
197.15,0.0031447,196.36,22.077,0.0039088
198.18,0.0030614,197.42,20.919,0.0038057
199.2,0.0029824,198.45,19.79,0.0037078
200.19,0.0029076,199.45,18.692,0.0036152
201.18,0.0028348,200.46,17.596,0.0035251
202.2,0.0027617,201.49,16.467,0.0034345
203.23,0.0026894,202.55,15.32,0.003345
204.22,0.002623,203.54,14.238,0.0032626
204.93,0.0025761,204.26,13.458,0.0032047
205.4,0.0025462,204.74,12.95,0.0031676
205.55,0.0025379,204.89,12.804,0.0031575
205.33,0.0025541,204.67,13.072,0.0031776
204.77,0.0025928,204.1,13.716,0.0032258
203.93,0.0026519,203.24,14.681,0.0032991
202.86,0.0027272,202.17,15.884,0.0033926
201.67,0.0028138,200.96,17.228,0.0035
200.48,0.0029027,199.75,18.567,0.0036103
199.31,0.0029925,198.56,19.879,0.0037216
198.2,0.0030797,197.43,21.119,0.0038297
197.18,0.0031622,196.39,22.26,0.0039319
196.01,0.0032579,195.21,23.549,0.0040503
195.02,0.0033418,194.19,24.65,0.0041541
194.2,0.0034114,193.36,25.545,0.0042402
193.58,0.0034645,192.73,26.217,0.0043058
193.16,0.0035003,192.3,26.667,0.00435
192.94,0.0035175,192.09,26.884,0.0043711
192.91,0.0035184,192.05,26.902,0.0043721
193.03,0.0035057,192.17,26.75,0.0043562
193.25,0.0034835,192.4,26.48,0.0043286
193.62,0.0034493,192.78,26.058,0.0042863
194.14,0.0034018,193.31,25.463,0.0042274
194.83,0.0033407,194.01,24.683,0.0041516
195.62,0.0032718,194.82,23.785,0.0040663
196.52,0.0031964,195.73,22.781,0.0039729
197.46,0.0031191,196.69,21.724,0.0038771
198.41,0.0030434,197.65,20.665,0.0037834
199.29,0.0029752,198.54,19.686,0.003699
200.16,0.0029099,199.42,18.727,0.0036181
201.02,0.0028461,200.3,17.769,0.0035391
201.9,0.0027826,201.2,16.792,0.0034604
202.76,0.0027225,202.06,15.849,0.003386
203.6,0.0026645,202.92,14.918,0.0033141
204.38,0.0026122,203.71,14.06,0.0032493
205.02,0.0025704,204.35,13.361,0.0031975
205.44,0.0025437,204.78,12.907,0.0031645
205.55,0.0025381,204.89,12.807,0.0031577
205.3,0.0025558,204.64,13.102,0.0031798
204.71,0.0025969,204.04,13.783,0.0032308
203.73,0.0026657,203.05,14.903,0.0033162
202.51,0.0027531,201.8,16.289,0.0034247
201.16,0.0028519,200.44,17.806,0.0035473
199.8,0.0029551,199.05,19.338,0.0036753
198.59,0.0030493,197.82,20.69,0.0037919
197.46,0.003139,196.68,21.941,0.0039031
196.44,0.0032222,195.65,23.073,0.0040062
195.54,0.0032977,194.72,24.075,0.0040996
194.65,0.0033724,193.83,25.046,0.004192
193.95,0.0034331,193.11,25.82,0.004267
193.42,0.0034777,192.58,26.383,0.0043221
193.09,0.0035058,192.24,26.736,0.0043567
192.92,0.0035188,192.06,26.902,0.0043727
192.94,0.0035151,192.08,26.863,0.004368
193.11,0.0034972,192.26,26.647,0.0043457
193.45,0.0034649,192.61,26.252,0.0043056
193.88,0.0034252,193.04,25.757,0.0042563
194.47,0.0033724,193.64,25.09,0.004191
195.21,0.0033074,194.4,24.251,0.0041103
196.08,0.0032331,195.28,23.272,0.0040183
197.03,0.0031542,196.25,22.208,0.0039207
198,0.0030759,197.23,21.123,0.0038236
198.96,0.003001,198.2,20.058,0.0037309
199.89,0.00293,199.15,19.024,0.003643
201.08,0.0028416,200.36,17.7,0.0035335
202.32,0.002753,201.62,16.331,0.0034238
203.57,0.0026663,202.89,14.948,0.0033164
204.69,0.0025919,204.02,13.723,0.0032242
205.27,0.0025542,204.61,13.086,0.0031775
205.54,0.0025376,204.89,12.801,0.003157
205.44,0.0025461,204.78,12.938,0.0031676
204.95,0.0025806,204.28,13.512,0.0032105
204.1,0.0026395,203.42,14.479,0.0032837
203,0.0027178,202.3,15.735,0.0033809
201.73,0.0028094,201.02,17.16,0.0034945
200.42,0.0029078,199.68,18.642,0.0036166
199.22,0.0029999,198.46,19.985,0.0037307
198.08,0.0030891,197.31,21.251,0.0038414
197.04,0.0031733,196.25,22.412,0.0039456
196.1,0.0032509,195.29,23.456,0.0040416
195.15,0.0033304,194.33,24.502,0.00414
194.36,0.0033978,193.53,25.371,0.0042234
193.74,0.0034511,192.89,26.048,0.0042892
193.29,0.0034889,192.44,26.524,0.004336
193.01,0.0035122,192.16,26.817,0.0043647
192.91,0.0035193,192.05,26.909,0.0043732
192.96,0.0035127,192.1,26.834,0.0043649
193.15,0.0034939,192.29,26.607,0.0043416
193.46,0.0034637,192.62,26.237,0.0043041
193.95,0.0034193,193.11,25.683,0.004249
194.61,0.0033595,193.79,24.925,0.004175
195.46,0.003286,194.65,23.973,0.0040839
196.41,0.0032051,195.62,22.898,0.0039837
197.43,0.0031215,196.65,21.758,0.0038801
198.46,0.00304,197.69,20.616,0.0037792
199.45,0.0029628,198.71,19.505,0.0036836
200.31,0.0028983,199.58,18.553,0.0036037
201.18,0.0028347,200.46,17.595,0.003525
202.06,0.0027711,201.36,16.614,0.0034462
202.97,0.0027079,202.27,15.616,0.0033678
203.82,0.0026493,203.14,14.67,0.0032953
204.59,0.0025983,203.92,13.829,0.0032321
205.18,0.00256,204.52,13.185,0.0031847
205.51,0.0025394,204.85,12.833,0.0031593
205.53,0.0025398,204.87,12.835,0.0031598
205.24,0.00256,204.58,13.171,0.003185
204.67,0.0025997,204,13.829,0.0032343
203.85,0.0026569,203.17,14.762,0.0033053
202.64,0.0027434,201.94,16.138,0.0034127
201.29,0.0028421,200.57,17.659,0.0035352
199.92,0.0029457,199.18,19.2,0.0036636
198.6,0.0030481,197.84,20.674,0.0037905
197.28,0.0031539,196.49,22.147,0.0039216
196.1,0.0032504,195.3,23.45,0.0040411
195.09,0.0033354,194.27,24.567,0.0041462
194.26,0.0034063,193.42,25.479,0.0042339
193.6,0.003463,192.75,26.198,0.004304
193.16,0.0034998,192.31,26.66,0.0043493
192.95,0.0035172,192.09,26.88,0.0043707
192.92,0.0035177,192.06,26.893,0.0043713
193.03,0.0035058,192.17,26.751,0.0043563
193.27,0.0034818,192.42,26.459,0.0043265
193.67,0.0034446,192.83,26,0.0042804
194.24,0.0033927,193.41,25.347,0.0042161
194.92,0.0033324,194.1,24.576,0.0041413
195.74,0.0032619,194.94,23.655,0.004054
196.65,0.0031851,195.86,22.628,0.0039589
197.61,0.0031067,196.84,21.553,0.0038618
198.53,0.0030341,197.77,20.532,0.0037719
199.43,0.0029649,198.68,19.536,0.0036862
200.3,0.0028988,199.57,18.562,0.0036044
201.19,0.0028342,200.47,17.587,0.0035243
202.08,0.0027703,201.37,16.602,0.0034452
202.98,0.0027068,202.29,15.599,0.0033665
203.87,0.0026464,203.19,14.623,0.0032917
204.65,0.0025941,203.98,13.759,0.0032269
205.3,0.0025523,204.64,13.054,0.0031751
205.56,0.002537,204.9,12.79,0.0031563
205.34,0.0025531,204.68,13.056,0.0031764
204.65,0.0026011,203.98,13.852,0.003236
203.68,0.002669,203,14.958,0.0033204
202.49,0.0027542,201.79,16.307,0.0034261
201.19,0.00285,200.46,17.778,0.0035449
199.86,0.00295,199.12,19.263,0.0036689
198.65,0.0030442,197.89,20.618,0.0037857
197.52,0.0031341,196.74,21.875,0.0038971
196.5,0.0032177,195.7,23.013,0.0040006
195.59,0.0032936,194.77,24.021,0.0040945
194.7,0.0033686,193.87,24.997,0.0041873
193.98,0.0034298,193.15,25.779,0.0042629
193.45,0.0034752,192.61,26.352,0.004319
193.11,0.0035042,192.26,26.716,0.0043547
192.93,0.0035182,192.07,26.894,0.0043719
192.93,0.0035156,192.08,26.869,0.0043686
193.09,0.0034991,192.24,26.671,0.0043481
193.41,0.0034687,192.56,26.298,0.0043103
193.86,0.0034276,193.02,25.787,0.0042593
194.48,0.0033718,193.65,25.081,0.0041901
195.27,0.003302,194.46,24.181,0.0041037
196.21,0.0032221,195.41,23.126,0.0040047
197.23,0.0031379,196.45,21.984,0.0039005
198.26,0.0030551,197.5,20.83,0.0037979
199.27,0.0029766,198.53,19.706,0.0037007
200.26,0.0029023,199.53,18.613,0.0036086
201.1,0.0028404,200.38,17.681,0.003532
201.96,0.0027783,201.26,16.727,0.0034551
202.84,0.0027164,202.15,15.752,0.0033784
203.71,0.0026568,203.03,14.793,0.0033046
204.5,0.0026039,203.83,13.923,0.0032391
205.13,0.0025634,204.46,13.244,0.0031889
205.49,0.0025406,204.83,12.854,0.0031608
205.53,0.0025394,204.87,12.828,0.0031594
205.25,0.0025597,204.59,13.165,0.0031846
204.67,0.0025999,204,13.832,0.0032345
203.84,0.0026579,203.16,14.779,0.0033066
202.82,0.0027303,202.12,15.933,0.0033965
201.64,0.0028165,200.92,17.269,0.0035034
200.41,0.0029079,199.68,18.644,0.0036168
199.22,0.0029999,198.46,19.986,0.0037308
198.09,0.0030889,197.32,21.248,0.0038411
196.69,0.0032016,195.9,22.796,0.0039807
195.49,0.0033016,194.68,24.126,0.0041044
194.5,0.0033857,193.67,25.217,0.0042085
193.74,0.0034508,192.9,26.044,0.0042888
193.29,0.0034893,192.44,26.528,0.0043364
193.02,0.0035116,192.16,26.809,0.0043638
192.91,0.0035192,192.06,26.908,0.0043731
192.94,0.0035142,192.09,26.852,0.0043669
193.09,0.003499,192.24,26.669,0.0043479
193.37,0.0034729,192.52,26.35,0.0043155
193.78,0.0034347,192.94,25.875,0.0042681
194.35,0.003383,193.52,25.224,0.004204
195.04,0.0033218,194.23,24.438,0.0041282
195.87,0.0032512,195.06,23.513,0.0040408
196.77,0.0031753,195.99,22.495,0.0039467
197.72,0.0030984,196.95,21.437,0.0038515
198.62,0.0030267,197.87,20.427,0.0037628
199.51,0.0029586,198.77,19.443,0.0036784
200.38,0.0028933,199.65,18.479,0.0035975
201.25,0.0028292,200.54,17.511,0.0035182
202.14,0.0027661,201.43,16.535,0.0034399
203.03,0.0027033,202.34,15.543,0.0033622
203.91,0.0026438,203.23,14.581,0.0032885
204.68,0.0025925,204.01,13.732,0.0032249
205.31,0.0025519,204.65,13.047,0.0031747
205.56,0.002537,204.9,12.789,0.0031563
205.35,0.0025523,204.69,13.042,0.0031753
204.69,0.0025983,204.02,13.806,0.0032326
203.75,0.0026645,203.06,14.885,0.0033148
202.58,0.002748,201.88,16.21,0.0034184
201.29,0.0028423,200.57,17.662,0.0035354
199.98,0.0029413,199.24,19.135,0.0036581
198.77,0.0030351,198.01,20.489,0.0037744
197.64,0.0031249,196.86,21.747,0.0038856
196.61,0.0032086,195.81,22.89,0.0039893
195.69,0.0032848,194.88,23.906,0.0040836
194.79,0.0033607,193.97,24.895,0.0041775
194.06,0.0034231,193.22,25.694,0.0042547
193.51,0.0034702,192.67,26.289,0.0043129
193.15,0.0035011,192.29,26.677,0.004351
192.94,0.0035172,192.09,26.881,0.0043707
192.92,0.003517,192.07,26.884,0.0043703
193.05,0.0035032,192.2,26.719,0.0043531
193.33,0.0034761,192.48,26.39,0.0043195
193.83,0.0034297,192.99,25.814,0.004262
194.58,0.0033628,193.75,24.967,0.004179
195.56,0.003277,194.76,23.854,0.0040727
196.72,0.0031794,195.93,22.551,0.0039518
197.64,0.0031048,196.87,21.527,0.0038594
198.55,0.0030325,197.79,20.51,0.0037699
199.44,0.0029639,198.7,19.52,0.0036849
200.31,0.0028983,199.58,18.553,0.0036037
201.19,0.0028339,200.47,17.583,0.003524
202.09,0.0027694,201.38,16.587,0.003444
203.01,0.0027051,202.32,15.572,0.0033644
203.9,0.0026442,203.22,14.587,0.003289
204.65,0.002594,203.99,13.757,0.0032267
205.22,0.0025571,204.56,13.137,0.0031811
205.53,0.0025386,204.87,12.818,0.0031582
205.5,0.0025417,204.84,12.867,0.0031623
205.15,0.0025664,204.49,13.278,0.003193
204.51,0.0026112,203.84,14.017,0.0032485
203.62,0.0026734,202.93,15.028,0.0033259
202.56,0.0027494,201.86,16.231,0.0034201
201.37,0.0028362,200.65,17.568,0.0035278
200.16,0.002927,199.43,18.926,0.0036404
198.99,0.0030176,198.23,20.239,0.0037527
197.89,0.0031048,197.11,21.468,0.0038607
196.58,0.0032113,195.78,22.927,0.0039927
195.44,0.003306,194.62,24.184,0.0041099
194.49,0.0033861,193.66,25.221,0.0042089
193.76,0.0034486,192.92,26.017,0.0042862
193.27,0.003491,192.42,26.55,0.0043385
192.99,0.0035138,192.14,26.837,0.0043665
192.91,0.003519,192.05,26.907,0.0043729
192.99,0.0035096,192.13,26.796,0.004361
193.18,0.0034904,192.33,26.564,0.0043372
193.51,0.0034599,192.66,26.189,0.0042993
193.98,0.0034164,193.14,25.647,0.0042455
194.62,0.0033593,193.79,24.922,0.0041747
195.36,0.0032941,194.55,24.078,0.0040939
196.22,0.003221,195.43,23.112,0.0040034
197.15,0.0031446,196.37,22.075,0.0039087
198.09,0.0030687,197.33,21.021,0.0038147
198.98,0.0029994,198.22,20.035,0.0037289
199.84,0.0029333,199.1,19.073,0.0036471
200.7,0.0028694,199.98,18.121,0.0035679
201.57,0.0028062,200.86,17.158,0.0034896
202.43,0.002745,201.73,16.205,0.0034138
203.3,0.0026849,202.61,15.248,0.0033394
204.12,0.0026291,203.45,14.339,0.0032702
204.83,0.0025823,204.17,13.561,0.0032123
205.36,0.0025483,204.71,12.986,0.0031702
205.56,0.002537,204.9,12.789,0.0031563
205.36,0.0025517,204.7,13.033,0.0031747
204.77,0.0025928,204.1,13.716,0.0032258
203.86,0.0026563,203.18,14.752,0.0033046
202.72,0.0027373,202.03,16.043,0.0034052
201.46,0.0028299,200.74,17.473,0.00352
200.15,0.0029277,199.42,18.936,0.0036413
198.95,0.0030208,198.19,20.286,0.0037567
197.82,0.0031104,197.04,21.547,0.0038677
196.78,0.0031944,195.99,22.697,0.0039717
195.85,0.0032711,195.05,23.725,0.0040667
194.94,0.0033484,194.11,24.736,0.0041623
194.18,0.0034128,193.35,25.562,0.0042419
193.6,0.0034624,192.76,26.191,0.0043032
193.21,0.0034962,192.35,26.615,0.0043449
192.97,0.0035153,192.11,26.857,0.0043685
192.91,0.0035183,192.06,26.899,0.004372
193.01,0.0035079,192.15,26.776,0.0043589
193.24,0.0034849,192.39,26.497,0.0043304
193.64,0.0034476,192.8,26.037,0.0042841
194.23,0.0033935,193.4,25.357,0.004217
195.04,0.0033223,194.22,24.445,0.0041289
196.02,0.0032379,195.22,23.336,0.0040243
197.22,0.003139,196.44,21.999,0.0039018
198.43,0.0030417,197.67,20.641,0.0037813
199.61,0.0029506,198.87,19.327,0.0036685
200.77,0.0028643,200.05,18.044,0.0035616
201.7,0.0027973,200.99,17.021,0.0034786
202.65,0.0027301,201.95,15.97,0.0033954
203.59,0.002665,202.91,14.925,0.0033147
204.46,0.0026068,203.79,13.97,0.0032426
205.14,0.0025625,204.48,13.227,0.0031878
205.51,0.0025392,204.86,12.83,0.003159
205.5,0.0025419,204.84,12.869,0.0031624
205.07,0.0025723,204.4,13.375,0.0032002
204.28,0.0026272,203.6,14.28,0.0032685
203.21,0.0027027,202.52,15.495,0.0033621
201.96,0.0027926,201.25,16.902,0.0034737
200.64,0.0028905,199.91,18.386,0.0035952
199.45,0.002982,198.7,19.727,0.0037085
198.31,0.0030712,197.54,20.999,0.0038191
197.26,0.0031557,196.47,22.171,0.0039238
196.3,0.003234,195.5,23.231,0.0040208
195.32,0.0033156,194.51,24.31,0.0041217
194.5,0.0033855,193.67,25.214,0.0042082
193.84,0.0034417,193,25.929,0.0042776
193.37,0.0034826,192.52,26.445,0.0043282
193.05,0.003509,192.2,26.776,0.0043607
192.92,0.0035188,192.06,26.903,0.0043727
192.94,0.0035146,192.09,26.857,0.0043674
193.1,0.0034983,192.25,26.661,0.004347
193.38,0.0034715,192.53,26.332,0.0043137
193.81,0.0034315,192.97,25.836,0.0042641
194.42,0.0033771,193.59,25.149,0.0041967
195.19,0.0033089,194.38,24.271,0.0041123
196.07,0.0032336,195.27,23.279,0.0040189
197.03,0.0031538,196.25,22.202,0.0039202
198.02,0.0030745,197.25,21.103,0.0038219
198.99,0.0029985,198.24,20.022,0.0037278
199.89,0.00293,199.15,19.025,0.003643
200.78,0.0028636,200.06,18.033,0.0035607
201.69,0.0027975,200.98,17.023,0.0034788
202.63,0.0027315,201.93,15.991,0.0033971
203.48,0.0026727,202.79,15.05,0.0033242
204.27,0.0026191,203.6,14.174,0.0032579
204.94,0.0025754,204.27,13.446,0.0032038
205.39,0.0025465,204.73,12.956,0.0031681
205.56,0.002537,204.9,12.789,0.0031563
205.42,0.0025474,204.76,12.96,0.0031692
204.98,0.0025782,204.32,13.473,0.0032075
204.27,0.0026281,203.59,14.295,0.0032696
202.93,0.0027229,202.23,15.815,0.0033872
201.37,0.0028365,200.65,17.573,0.0035281
199.77,0.0029573,199.02,19.369,0.0036779
198.25,0.0030759,197.48,21.065,0.0038249
196.96,0.00318,196.17,22.503,0.0039539
195.82,0.0032742,195.01,23.765,0.0040705
194.85,0.003356,194.02,24.834,0.0041717
194.06,0.003423,193.23,25.692,0.0042545
193.5,0.0034716,192.65,26.307,0.0043146
193.13,0.0035028,192.27,26.698,0.0043531
192.94,0.0035174,192.09,26.883,0.004371
192.92,0.0035176,192.06,26.891,0.0043711
193.02,0.0035062,192.17,26.756,0.0043568
193.25,0.0034835,192.4,26.48,0.0043286
193.63,0.0034485,192.79,26.048,0.0042853
194.16,0.0033996,193.33,25.435,0.0042247
194.83,0.0033407,194.01,24.683,0.0041516
195.63,0.003271,194.83,23.776,0.0040654
196.54,0.0031945,195.75,22.755,0.0039705
197.5,0.0031157,196.73,21.678,0.003873
198.43,0.003042,197.67,20.644,0.0037816
199.34,0.0029717,198.59,19.635,0.0036947
200.23,0.0029047,199.49,18.65,0.0036117
201.11,0.0028394,200.39,17.666,0.0035308
202.01,0.0027747,201.31,16.67,0.0034507
202.93,0.0027103,202.24,15.654,0.0033708
203.83,0.0026488,203.15,14.663,0.0032947
204.63,0.0025954,203.96,13.781,0.0032285
205.3,0.0025523,204.64,13.055,0.0031752
205.56,0.0025369,204.9,12.788,0.0031562
205.33,0.0025542,204.67,13.074,0.0031778
204.6,0.0026046,203.93,13.91,0.0032404
203.6,0.0026751,202.91,15.055,0.0033279
202.37,0.0027628,201.67,16.44,0.0034367
201.04,0.0028607,200.32,17.939,0.0035582
199.7,0.0029623,198.96,19.443,0.0036842
198.49,0.0030572,197.72,20.802,0.0038018
197.36,0.0031473,196.58,22.056,0.0039134
196.34,0.0032307,195.54,23.187,0.0040167
195.44,0.0033059,194.62,24.183,0.0041098
194.57,0.0033799,193.74,25.143,0.0042013
193.87,0.0034393,193.03,25.899,0.0042747
193.37,0.0034821,192.52,26.439,0.0043276
193.06,0.0035081,192.21,26.765,0.0043596
192.92,0.0035188,192.06,26.903,0.0043727
192.96,0.0035122,192.11,26.827,0.0043643
193.18,0.0034905,192.33,26.566,0.0043373
193.58,0.003453,192.74,26.104,0.0042908
194.05,0.0034102,193.21,25.569,0.0042378
194.67,0.003355,193.84,24.867,0.0041694
195.43,0.0032886,194.62,24.006,0.0040871
196.3,0.0032144,195.51,23.022,0.0039951
197.24,0.003137,196.46,21.972,0.0038993
198.19,0.0030609,197.43,20.911,0.003805
199.12,0.0029883,198.37,19.876,0.0037152
200.03,0.0029195,199.29,18.868,0.0036299
200.88,0.0028563,200.16,17.923,0.0035517
201.75,0.0027932,201.04,16.957,0.0034736
202.65,0.00273,201.95,15.967,0.0033952
203.54,0.0026686,202.86,14.984,0.0033192
204.37,0.0026129,203.69,14.072,0.0032502
205.04,0.0025691,204.37,13.339,0.003196
205.46,0.0025427,204.8,12.89,0.0031633
205.55,0.0025382,204.89,12.808,0.0031578
205.31,0.0025553,204.65,13.092,0.0031791
204.78,0.0025923,204.11,13.707,0.0032251
203.99,0.0026474,203.31,14.608,0.0032935
203,0.0027173,202.31,15.728,0.0033803
201.82,0.0028032,201.11,17.065,0.0034868
200.58,0.0028951,199.85,18.454,0.0036009
199.37,0.0029882,198.62,19.817,0.0037163
198.21,0.0030787,197.45,21.104,0.0038284
196.84,0.0031893,196.05,22.629,0.0039654
195.65,0.0032883,194.84,23.951,0.0040879
194.65,0.0033727,193.82,25.05,0.0041924
193.87,0.0034396,193.03,25.903,0.0042751
193.37,0.003482,192.53,26.437,0.0043274
193.06,0.0035079,192.21,26.763,0.0043593
192.92,0.0035186,192.07,26.899,0.0043724
192.93,0.0035162,192.07,26.875,0.0043693
193.05,0.0035031,192.2,26.719,0.004353
193.3,0.0034793,192.45,26.428,0.0043234
193.68,0.0034435,192.84,25.986,0.004279
194.22,0.0033944,193.39,25.369,0.0042182
194.89,0.003335,194.07,24.609,0.0041446
195.7,0.0032654,194.89,23.701,0.0040583
196.6,0.0031894,195.81,22.685,0.0039642
197.56,0.0031115,196.78,21.619,0.0038677
198.48,0.0030384,197.72,20.593,0.0037772
199.38,0.0029688,198.63,19.592,0.003691
200.26,0.0029023,199.53,18.614,0.0036087
201.14,0.0028374,200.42,17.636,0.0035283
202.04,0.0027731,201.33,16.645,0.0034487
202.95,0.0027091,202.26,15.635,0.0033693
203.84,0.002648,203.16,14.65,0.0032937
204.64,0.002595,203.97,13.775,0.0032281
205.3,0.0025523,204.64,13.055,0.0031752
205.56,0.0025369,204.9,12.788,0.0031562
205.33,0.0025537,204.67,13.066,0.0031772
204.62,0.0026032,203.95,13.887,0.0032387
203.63,0.0026726,202.95,15.016,0.0033249
202.42,0.0027593,201.72,16.386,0.0034324
201.1,0.0028564,200.38,17.874,0.0035528
199.77,0.0029573,199.02,19.369,0.003678
198.55,0.0030519,197.79,20.727,0.0037952
197.43,0.0031419,196.64,21.982,0.0039067
196.4,0.0032254,195.61,23.116,0.0040101
195.5,0.0033009,194.69,24.117,0.0041035
194.62,0.0033753,193.79,25.083,0.0041956
193.92,0.0034354,193.08,25.85,0.0042699
193.41,0.0034793,192.56,26.403,0.0043241
193.08,0.0035065,192.23,26.745,0.0043576
192.92,0.0035186,192.07,26.9,0.0043724
192.95,0.0035137,192.1,26.846,0.0043662
193.14,0.0034944,192.29,26.613,0.0043422
193.5,0.0034601,192.66,26.192,0.0042997
193.99,0.0034154,193.15,25.634,0.0042442
194.66,0.0033558,193.83,24.878,0.0041704
195.49,0.0032829,194.69,23.931,0.00408
196.46,0.003201,195.67,22.842,0.0039786
197.5,0.0031164,196.72,21.687,0.0038738
198.53,0.0030342,197.77,20.533,0.0037719
199.54,0.0029565,198.79,19.413,0.0036758
200.52,0.0028826,199.8,18.319,0.0035843
201.65,0.0028009,200.94,17.076,0.0034831
202.81,0.0027191,202.11,15.794,0.0033817
203.94,0.0026414,203.26,14.541,0.0032855
204.9,0.0025778,204.24,13.486,0.0032068
205.45,0.0025432,204.79,12.899,0.003164
205.53,0.0025394,204.87,12.828,0.0031593
205.1,0.00257,204.44,13.338,0.0031974
204.19,0.0026336,203.51,14.384,0.0032764
202.8,0.0027318,202.1,15.956,0.0033983
201.21,0.0028484,200.49,17.753,0.0035429
199.59,0.0029713,198.84,19.573,0.0036953
198.06,0.003091,197.29,21.276,0.0038436
196.73,0.0031983,195.94,22.751,0.0039766
195.58,0.0032943,194.77,24.03,0.0040953
194.61,0.0033761,193.78,25.094,0.0041966
193.85,0.003441,193.01,25.92,0.0042767
193.36,0.0034831,192.51,26.45,0.0043287
193.06,0.0035086,192.2,26.771,0.0043601
192.92,0.0035187,192.07,26.901,0.0043726
192.93,0.0035158,192.08,26.871,0.0043688
193.06,0.0035021,192.21,26.707,0.0043518
193.32,0.0034775,192.47,26.407,0.0043212
193.71,0.0034408,192.87,25.952,0.0042757
194.27,0.0033905,193.44,25.319,0.0042133
194.95,0.0033304,194.13,24.55,0.0041389
195.76,0.0032604,194.95,23.635,0.0040521
196.66,0.0031843,195.87,22.618,0.003958
197.61,0.0031068,196.84,21.554,0.0038619
198.53,0.0030342,197.77,20.534,0.003772
199.42,0.0029652,198.68,19.539,0.0036865
200.3,0.0028991,199.57,18.566,0.0036048
201.18,0.0028346,200.46,17.593,0.0035248
202.07,0.0027707,201.36,16.608,0.0034457
202.98,0.0027071,202.29,15.604,0.0033669
203.86,0.0026467,203.18,14.628,0.003292
204.65,0.0025942,203.98,13.762,0.0032271
205.3,0.0025522,204.64,13.053,0.0031751
205.56,0.0025369,204.9,12.788,0.0031562
205.34,0.0025531,204.68,13.056,0.0031764
204.65,0.0026013,203.98,13.856,0.0032363
203.68,0.0026695,202.99,14.965,0.0033209
202.48,0.0027548,201.78,16.317,0.0034269
201.17,0.0028508,200.45,17.79,0.0035459
199.85,0.0029509,199.11,19.277,0.0036701
198.64,0.0030452,197.88,20.633,0.0037869
197.51,0.0031351,196.73,21.889,0.0038983
196.49,0.0032187,195.69,23.026,0.0040018
195.58,0.0032945,194.76,24.033,0.0040956
194.69,0.0033695,193.86,25.008,0.0041884
193.98,0.0034305,193.14,25.788,0.0042638
193.45,0.0034757,192.6,26.358,0.0043196
193.11,0.0035044,192.25,26.719,0.004355
192.93,0.0035181,192.07,26.894,0.0043719
192.94,0.0035153,192.08,26.864,0.0043682
193.1,0.0034984,192.25,26.662,0.0043472
193.42,0.0034675,192.58,26.283,0.0043088
193.86,0.0034269,193.03,25.778,0.0042584
194.47,0.0033722,193.64,25.086,0.0041906
195.25,0.003304,194.44,24.207,0.0041062
196.16,0.003226,195.37,23.178,0.0040095
197.16,0.0031435,196.38,22.061,0.0039074
198.17,0.0030621,197.41,20.929,0.0038066
199.17,0.0029848,198.42,19.824,0.0037108
200.13,0.0029115,199.4,18.751,0.0036201
200.96,0.0028506,200.24,17.837,0.0035446
201.8,0.0027896,201.09,16.902,0.0034691
202.67,0.0027286,201.97,15.945,0.0033935
203.53,0.0026693,202.84,14.995,0.00332
204.33,0.0026153,203.66,14.111,0.0032531
204.99,0.0025721,204.33,13.389,0.0031996
205.42,0.0025447,204.76,12.924,0.0031658
205.56,0.0025373,204.9,12.794,0.0031567
205.37,0.002551,204.71,13.021,0.0031738
204.89,0.0025846,204.22,13.579,0.0032155
204.14,0.0026365,203.47,14.432,0.00328
203.19,0.0027039,202.5,15.514,0.0033636
202.01,0.0027894,201.3,16.853,0.0034698
200.76,0.0028821,200.03,18.26,0.0035847
199.52,0.0029766,198.77,19.65,0.0037019
198.34,0.0030689,197.57,20.967,0.0038163
196.81,0.003192,196.02,22.666,0.0039688
195.5,0.0033006,194.69,24.114,0.0041032
194.44,0.0033909,193.61,25.283,0.0042148
193.65,0.0034586,192.8,26.143,0.0042985
193.23,0.0034945,192.37,26.594,0.0043428
192.99,0.0035141,192.13,26.841,0.0043669
192.91,0.003519,192.05,26.907,0.0043729
192.97,0.0035116,192.12,26.821,0.0043636
193.14,0.0034942,192.29,26.61,0.0043419
193.44,0.0034658,192.6,26.262,0.0043066
193.88,0.003425,193.05,25.754,0.004256
194.49,0.0033707,193.66,25.067,0.0041888
195.21,0.0033074,194.4,24.252,0.0041104
196.05,0.0032357,195.25,23.308,0.0040216
196.96,0.0031596,196.18,22.282,0.0039273
197.91,0.0030834,197.14,21.227,0.0038329
198.8,0.0030131,198.05,20.232,0.0037458
199.67,0.0029462,198.93,19.262,0.003663
200.54,0.0028817,199.81,18.306,0.0035832
201.41,0.0028183,200.69,17.344,0.0035046
202.28,0.0027562,201.57,16.381,0.0034277
203.16,0.0026948,202.47,15.407,0.0033517
204,0.0026372,203.33,14.472,0.0032802
204.75,0.002588,204.08,13.657,0.0032193
205.33,0.0025504,204.67,13.023,0.0031729
205.56,0.0025369,204.9,12.788,0.0031562
205.37,0.0025514,204.71,13.027,0.0031742
204.75,0.0025943,204.08,13.74,0.0032276
203.84,0.0026583,203.15,14.784,0.003307
202.69,0.0027396,201.99,16.078,0.0034079
201.43,0.0028322,200.71,17.508,0.0035228
200.13,0.0029299,199.39,18.968,0.003644
198.92,0.0030232,198.16,20.319,0.0037596
197.79,0.0031128,197.01,21.58,0.0038707
196.75,0.0031967,195.96,22.73,0.0039746
195.83,0.0032734,195.02,23.755,0.0040696
194.91,0.0033504,194.09,24.762,0.0041648
194.16,0.0034145,193.33,25.584,0.004244
193.59,0.0034637,192.74,26.207,0.0043048
193.2,0.003497,192.34,26.626,0.0043459
192.97,0.0035156,192.11,26.861,0.0043688
192.91,0.0035181,192.06,26.897,0.0043717
193.01,0.0035071,192.16,26.767,0.004358
193.25,0.0034836,192.4,26.481,0.0043287
193.66,0.0034451,192.82,26.005,0.004281
194.28,0.0033893,193.45,25.304,0.0042119
195.11,0.0033163,194.29,24.367,0.0041214
196.12,0.0032301,195.32,23.232,0.0040146
197.16,0.0031439,196.37,22.067,0.0039079
198.22,0.0030589,197.45,20.883,0.0038026
199.25,0.0029783,198.5,19.73,0.0037028
200.26,0.002902,199.53,18.61,0.0036083
201.27,0.0028277,200.56,17.488,0.0035163
202.32,0.002753,201.62,16.331,0.0034237
203.38,0.0026795,202.69,15.161,0.0033327
204.36,0.0026131,203.69,14.075,0.0032504
205.3,0.0025521,204.64,13.051,0.0031749
205.55,0.0025383,204.89,12.81,0.003158
204.94,0.0025814,204.27,13.526,0.0032115
203.57,0.0026773,202.88,15.091,0.0033307
202.11,0.0027822,201.4,16.742,0.0034608
200.53,0.0028991,199.8,18.513,0.0036058
198.99,0.0030177,198.23,20.242,0.0037529
197.57,0.0031307,196.79,21.828,0.0038929
196.3,0.0032341,195.5,23.231,0.0040208
195.21,0.003325,194.4,24.432,0.0041334
194.32,0.0034009,193.49,25.411,0.0042273
193.64,0.003459,192.8,26.148,0.004299
193.23,0.0034944,192.38,26.593,0.0043427
192.99,0.0035138,192.13,26.838,0.0043666
192.91,0.003519,192.05,26.906,0.0043729
192.97,0.0035121,192.11,26.826,0.0043641
193.13,0.0034951,192.28,26.621,0.004343
193.43,0.0034672,192.58,26.279,0.0043084
193.86,0.0034269,193.02,25.779,0.0042585
194.46,0.0033733,193.63,25.101,0.004192
195.17,0.0033105,194.36,24.292,0.0041143
196.01,0.0032391,195.21,23.352,0.0040257
196.92,0.0031631,196.14,22.328,0.0039316
197.87,0.0030867,197.09,21.274,0.003837
198.76,0.0030161,198.01,20.275,0.0037496
199.64,0.002949,198.89,19.303,0.0036664
200.5,0.0028844,199.77,18.346,0.0035865
201.37,0.0028208,200.65,17.383,0.0035078
202.24,0.0027585,201.54,16.417,0.0034306
203.13,0.0026968,202.44,15.44,0.0033542
203.98,0.0026388,203.3,14.498,0.0032822
204.73,0.0025891,204.06,13.675,0.0032207
205.32,0.0025508,204.66,13.029,0.0031733
205.56,0.0025369,204.9,12.788,0.0031562
205.37,0.0025514,204.71,13.028,0.0031743
204.74,0.002595,204.07,13.751,0.0032285
203.82,0.0026593,203.14,14.801,0.0033083
202.67,0.0027409,201.97,16.099,0.0034096
201.4,0.0028338,200.68,17.532,0.0035248
200.1,0.0029317,199.36,18.994,0.0036462
198.89,0.003025,198.14,20.346,0.0037619
197.76,0.0031147,196.99,21.607,0.003873
196.73,0.0031986,195.94,22.755,0.0039769
195.81,0.0032752,195,23.779,0.0040718
194.89,0.003352,194.07,24.783,0.0041668
194.15,0.0034158,193.31,25.601,0.0042457
193.58,0.0034647,192.73,26.22,0.0043061
193.19,0.0034976,192.34,26.633,0.0043467
192.96,0.0035159,192.11,26.864,0.0043691
192.92,0.0035179,192.06,26.895,0.0043715
193.02,0.0035065,192.17,26.76,0.0043573
193.26,0.0034825,192.42,26.467,0.0043274
193.69,0.003443,192.85,25.98,0.0042784
194.32,0.0033859,193.49,25.261,0.0042076
195.17,0.0033112,194.35,24.301,0.0041151
196.19,0.0032235,195.4,23.145,0.0040065
197.17,0.0031429,196.39,22.052,0.0039066
198.16,0.0030632,197.39,20.945,0.003808
199.13,0.0029875,198.38,19.863,0.0037141
200.08,0.0029156,199.34,18.812,0.0036252
201.02,0.002846,200.3,17.766,0.0035389
201.99,0.0027761,201.29,16.692,0.0034524
202.99,0.0027065,202.29,15.595,0.0033662
203.95,0.0026408,203.27,14.532,0.0032848
204.7,0.0025913,204.03,13.712,0.0032234
205.25,0.0025555,204.59,13.108,0.0031791
205.53,0.0025381,204.88,12.81,0.0031576
205.49,0.0025425,204.83,12.88,0.0031632
205.12,0.0025686,204.46,13.313,0.0031956
204.46,0.0026147,203.78,14.075,0.0032529
203.55,0.0026782,202.87,15.105,0.0033318
202.48,0.0027552,201.77,16.322,0.0034273
201.29,0.0028422,200.57,17.66,0.0035352
200.09,0.0029329,199.35,19.012,0.0036477
198.92,0.0030231,198.16,20.318,0.0037595
197.83,0.0031097,197.05,21.537,0.0038669
196.52,0.0032159,195.72,22.988,0.0039984
195.39,0.00331,194.58,24.237,0.0041149
194.46,0.0033894,193.62,25.264,0.004213
193.74,0.0034511,192.89,26.048,0.0042893
193.29,0.0034893,192.44,26.529,0.0043365
193.02,0.0035115,192.16,26.808,0.0043637
192.91,0.003519,192.06,26.906,0.004373
192.95,0.0035142,192.09,26.852,0.0043668
193.09,0.003499,192.24,26.669,0.0043479
193.36,0.003473,192.52,26.351,0.0043156
193.78,0.0034348,192.94,25.877,0.0042683
194.35,0.0033832,193.52,25.227,0.0042043
195.04,0.0033221,194.22,24.442,0.0041286
195.86,0.0032516,195.06,23.518,0.0040412
196.77,0.0031756,195.98,22.5,0.0039472
197.71,0.0030987,196.94,21.442,0.0038519
198.62,0.003027,197.86,20.432,0.0037631
199.51,0.0029588,198.76,19.447,0.0036787
200.38,0.0028935,199.65,18.482,0.0035978
201.25,0.0028295,200.53,17.515,0.0035184
202.13,0.0027662,201.43,16.538,0.0034401
203.03,0.0027034,202.34,15.545,0.0033624
203.9,0.0026439,203.22,14.583,0.0032886
204.68,0.0025925,204.01,13.733,0.003225
205.31,0.0025519,204.65,13.047,0.0031746
205.56,0.0025369,204.9,12.788,0.0031562
205.35,0.0025522,204.69,13.041,0.0031753
204.69,0.0025984,204.02,13.808,0.0032327
203.74,0.0026647,203.06,14.888,0.003315
202.57,0.0027483,201.87,16.214,0.0034187
201.28,0.0028427,200.56,17.667,0.0035358
199.97,0.0029417,199.23,19.141,0.0036586
198.76,0.0030355,198,20.495,0.0037749
197.63,0.0031253,196.85,21.753,0.0038861
196.6,0.003209,195.81,22.895,0.0039898
195.69,0.0032852,194.88,23.911,0.0040841
194.79,0.003361,193.96,24.899,0.0041779
194.06,0.0034234,193.22,25.698,0.004255
193.51,0.0034704,192.66,26.291,0.0043131
193.15,0.0035012,192.29,26.678,0.0043511
192.94,0.0035172,192.09,26.881,0.0043707
192.92,0.0035169,192.07,26.883,0.0043701
193.05,0.0035029,192.2,26.716,0.0043527
193.34,0.0034757,192.49,26.384,0.004319
193.84,0.0034289,193,25.803,0.0042609
194.59,0.0033613,193.77,24.948,0.0041772
195.59,0.0032748,194.78,23.825,0.00407
196.76,0.0031766,195.97,22.513,0.0039484
197.68,0.0031019,196.9,21.486,0.0038558
198.59,0.0030296,197.83,20.467,0.0037662
199.48,0.0029609,198.73,19.477,0.0036812
200.35,0.0028952,199.62,18.508,0.0035999
201.23,0.0028308,200.51,17.535,0.0035201
202.14,0.002766,201.43,16.535,0.0034399
203.06,0.0027017,202.36,15.518,0.0033602
203.95,0.002641,203.27,14.534,0.003285
204.71,0.0025906,204.04,13.701,0.0032226
205.27,0.0025545,204.6,13.092,0.0031779
205.54,0.0025378,204.88,12.804,0.0031573
205.47,0.0025438,204.81,12.9,0.0031648
205.08,0.0025715,204.41,13.363,0.0031993
204.39,0.0026193,203.72,14.151,0.0032587
203.47,0.0026844,202.78,15.204,0.0033395
202.37,0.0027626,201.67,16.438,0.0034365
201.19,0.0028499,200.47,17.775,0.0035447
199.99,0.0029404,199.25,19.122,0.003657
198.83,0.0030301,198.07,20.418,0.0037682
197.75,0.0031161,196.97,21.626,0.0038748
196.45,0.003222,195.65,23.07,0.0040059
195.33,0.0033155,194.51,24.309,0.0041217
194.4,0.0033941,193.57,25.324,0.0042188
193.69,0.0034546,192.85,26.093,0.0042936
193.26,0.0034916,192.41,26.558,0.0043393
193.01,0.0035126,192.15,26.822,0.0043651
192.91,0.0035191,192.06,26.907,0.004373
192.95,0.0035134,192.1,26.842,0.0043658
193.11,0.0034975,192.26,26.651,0.004346
193.39,0.0034708,192.54,26.324,0.0043128
193.81,0.0034318,192.97,25.84,0.0042645
194.39,0.0033794,193.56,25.179,0.0041996
195.09,0.0033177,194.28,24.385,0.0041231
195.92,0.0032468,195.12,23.456,0.0040354
196.83,0.0031709,196.04,22.435,0.0039413
197.77,0.0030942,197,21.379,0.0038463
198.67,0.003023,197.92,20.374,0.0037581
199.55,0.0029552,198.81,19.394,0.0036742
200.42,0.0028902,199.69,18.433,0.0035937
201.29,0.0028264,200.58,17.467,0.0035146
202.17,0.0027635,201.47,16.495,0.0034368
203.06,0.0027011,202.37,15.508,0.0033595
203.93,0.0026422,203.25,14.554,0.0032864
204.69,0.0025914,204.03,13.714,0.0032235
205.31,0.0025515,204.65,13.041,0.0031742
205.56,0.0025369,204.9,12.788,0.0031562
205.36,0.0025519,204.7,13.035,0.0031749
204.71,0.002597,204.04,13.784,0.0032309
203.78,0.0026624,203.09,14.851,0.0033122
202.62,0.0027451,201.92,16.165,0.0034148
201.34,0.0028388,200.62,17.609,0.0035311
200.03,0.0029373,199.29,19.077,0.0036532
198.82,0.0030309,198.06,20.43,0.0037692
197.69,0.0031207,196.91,21.689,0.0038804
196.66,0.0032045,195.86,22.834,0.0039842
195.74,0.0032809,194.93,23.853,0.0040788
194.83,0.0033571,194.01,24.849,0.0041731
194.1,0.0034201,193.26,25.656,0.004251
193.54,0.0034679,192.69,26.26,0.00431
193.16,0.0034997,192.31,26.659,0.0043492
192.95,0.0035167,192.1,26.874,0.0043701
192.92,0.0035174,192.06,26.889,0.0043709
193.04,0.0035046,192.18,26.737,0.0043549
193.3,0.0034789,192.45,26.424,0.004323
193.77,0.0034358,192.93,25.89,0.0042695
194.46,0.0033735,193.63,25.103,0.0041923
195.38,0.003293,194.57,24.063,0.0040925
196.48,0.0032,195.68,22.829,0.0039773
197.4,0.0031244,196.62,21.798,0.0038837
198.32,0.0030505,197.56,20.765,0.0037922
199.23,0.0029802,198.48,19.758,0.0037052
200.11,0.0029133,199.38,18.777,0.0036223
200.99,0.0028482,200.27,17.8,0.0035416
201.9,0.0027829,201.19,16.798,0.0034608
202.83,0.0027177,202.13,15.773,0.0033801
203.74,0.0026552,203.06,14.766,0.0033026
204.49,0.0026049,203.82,13.939,0.0032403
205.09,0.0025657,204.43,13.282,0.0031918
205.46,0.0025422,204.81,12.881,0.0031627
205.55,0.0025379,204.89,12.803,0.0031574
205.33,0.0025542,204.67,13.074,0.0031778
204.81,0.0025905,204.14,13.677,0.0032229
204.02,0.002645,203.34,14.569,0.0032906
203.04,0.0027145,202.35,15.683,0.0033768
201.86,0.0028003,201.15,17.02,0.0034833
200.62,0.0028924,199.89,18.413,0.0035975
199.4,0.0029858,198.65,19.782,0.0037133
198.24,0.0030766,197.47,21.076,0.0038259
196.85,0.0031885,196.06,22.618,0.0039644
195.65,0.0032884,194.84,23.953,0.0040881
194.64,0.0033736,193.81,25.061,0.0041935
193.86,0.0034408,193.01,25.918,0.0042766
193.36,0.0034828,192.52,26.447,0.0043283
193.06,0.0035083,192.21,26.767,0.0043598
192.92,0.0035186,192.07,26.9,0.0043725
192.93,0.003516,192.07,26.873,0.0043691
193.06,0.0035027,192.2,26.714,0.0043525
193.3,0.0034787,192.46,26.421,0.0043227
193.69,0.0034427,192.85,25.976,0.0042781
194.23,0.0033934,193.4,25.356,0.0042169
194.91,0.0033338,194.09,24.595,0.0041431
195.71,0.0032642,194.91,23.685,0.0040568
196.62,0.0031882,195.83,22.669,0.0039627
197.57,0.0031104,196.79,21.604,0.0038664
198.49,0.0030374,197.73,20.579,0.003776
199.39,0.002968,198.64,19.58,0.00369
200.27,0.0029016,199.53,18.603,0.0036078
201.15,0.0028368,200.43,17.627,0.0035275
202.04,0.0027726,201.34,16.637,0.003448
202.96,0.0027086,202.26,15.628,0.0033688
203.85,0.0026478,203.17,14.645,0.0032934
204.64,0.0025949,203.97,13.772,0.0032279
205.3,0.0025523,204.64,13.055,0.0031752
205.56,0.0025369,204.9,12.788,0.0031562
205.34,0.0025536,204.68,13.064,0.003177
204.63,0.0026028,203.96,13.88,0.0032381
203.64,0.0026719,202.96,15.004,0.003324
202.43,0.0027583,201.73,16.37,0.0034311
201.12,0.0028551,200.39,17.855,0.0035512
199.79,0.0029558,199.04,19.348,0.0036762
198.57,0.0030504,197.81,20.705,0.0037933
197.45,0.0031404,196.66,21.961,0.0039048
196.42,0.0032239,195.63,23.095,0.0040082
195.52,0.0032994,194.7,24.098,0.0041017
194.64,0.003374,193.81,25.066,0.0041939
193.93,0.0034343,193.09,25.835,0.0042685
193.42,0.0034785,192.57,26.393,0.004323
193.09,0.003506,192.23,26.739,0.004357
192.92,0.0035185,192.07,26.899,0.0043723
192.95,0.0035141,192.09,26.851,0.0043667
193.13,0.0034954,192.28,26.625,0.0043434
193.48,0.003462,192.64,26.215,0.0043019
193.92,0.0034219,193.08,25.715,0.0042522
194.51,0.003369,193.68,25.046,0.0041867
195.25,0.0033043,194.43,24.211,0.0041065
196.11,0.0032306,195.31,23.24,0.0040153
197.05,0.0031527,196.26,22.187,0.0039188
198.01,0.0030753,197.24,21.115,0.003823
198.95,0.0030013,198.2,20.063,0.0037313
199.87,0.0029312,199.13,19.041,0.0036444
201.06,0.0028431,200.34,17.722,0.0035353
202.3,0.0027548,201.59,16.358,0.0034259
203.54,0.0026682,202.86,14.978,0.0033187
204.66,0.0025935,203.99,13.75,0.0032262
205.27,0.0025545,204.6,13.092,0.0031779
205.55,0.0025374,204.89,12.797,0.0031567
205.44,0.0025461,204.78,12.94,0.0031677
204.93,0.0025819,204.26,13.535,0.0032122
204.05,0.0026429,203.38,14.535,0.0032879
202.92,0.0027236,202.22,15.827,0.0033881
201.62,0.0028177,200.91,17.287,0.0035048
200.28,0.0029182,199.54,18.796,0.0036295
199.08,0.0030106,198.32,20.14,0.0037441
197.95,0.0030999,197.18,21.4,0.0038547
196.91,0.0031838,196.12,22.554,0.0039585
195.98,0.0032608,195.17,23.588,0.0040539
195.05,0.0033391,194.23,24.616,0.0041508
194.27,0.003405,193.44,25.464,0.0042323
193.67,0.0034565,192.83,26.116,0.0042959
193.25,0.0034924,192.4,26.568,0.0043402
192.99,0.0035137,192.14,26.836,0.0043664
192.91,0.0035188,192.05,26.904,0.0043726
192.98,0.0035104,192.13,26.807,0.0043621
193.19,0.0034898,192.34,26.557,0.0043365
193.54,0.0034566,192.7,26.149,0.0042953
194.07,0.0034082,193.24,25.543,0.0042353
194.79,0.0033437,193.97,24.722,0.0041554
195.7,0.0032656,194.89,23.704,0.0040586
196.73,0.0031788,195.94,22.542,0.0039511
197.81,0.0030909,197.04,21.332,0.0038422
198.88,0.0030067,198.13,20.14,0.0037379
199.92,0.0029273,199.19,18.984,0.0036396
201.02,0.0028461,200.3,17.769,0.0035391
202.15,0.0027648,201.45,16.515,0.0034384
203.31,0.0026844,202.62,15.239,0.0033387
204.38,0.0026118,203.71,14.054,0.0032489
205.23,0.0025569,204.57,13.133,0.0031809
205.56,0.0025368,204.9,12.786,0.0031561
205.25,0.0025594,204.59,13.16,0.0031842
204.31,0.0026247,203.64,14.239,0.0032653
203.01,0.0027165,202.32,15.714,0.0033793
201.49,0.0028272,200.78,17.432,0.0035166
199.92,0.0029457,199.18,19.199,0.0036635
198.42,0.0030628,197.65,20.88,0.0038087
197.14,0.003165,196.36,22.298,0.0039353
196.01,0.0032581,195.21,23.552,0.0040506
195.03,0.0033401,194.21,24.628,0.004152
194.23,0.0034085,193.4,25.508,0.0042366
193.61,0.0034616,192.77,26.181,0.0043022
193.19,0.0034971,192.34,26.627,0.004346
192.97,0.0035154,192.11,26.858,0.0043685
192.91,0.0035186,192.05,26.902,0.0043723
192.99,0.0035096,192.13,26.797,0.0043611
193.19,0.0034892,192.34,26.55,0.0043357
193.54,0.0034568,192.69,26.151,0.0042955
194.04,0.0034106,193.21,25.574,0.0042383
194.69,0.0033531,193.86,24.842,0.004167
195.48,0.0032838,194.67,23.943,0.0040812
196.4,0.0032065,195.6,22.917,0.0039854
197.37,0.0031261,196.6,21.822,0.0038858
198.32,0.0030506,197.56,20.767,0.0037923
199.25,0.0029787,198.5,19.736,0.0037033
200.15,0.0029103,199.42,18.732,0.0036185
201.05,0.0028437,200.33,17.732,0.0035361
201.97,0.0027781,201.26,16.723,0.0034548
202.9,0.0027126,202.2,15.692,0.0033738
203.81,0.0026501,203.13,14.684,0.0032963
204.63,0.0025957,203.96,13.786,0.0032289
205.3,0.0025521,204.64,13.051,0.0031749
205.56,0.0025369,204.9,12.788,0.0031562
205.31,0.0025554,204.65,13.095,0.0031793
204.55,0.0026079,203.88,13.965,0.0032445
203.51,0.0026809,202.83,15.148,0.0033352
202.26,0.0027712,201.55,16.572,0.0034472
200.9,0.0028715,200.17,18.101,0.0035716
199.54,0.0029748,198.79,19.624,0.0036997
198.32,0.0030704,197.55,20.987,0.0038181
197.2,0.0031607,196.41,22.239,0.00393
196.18,0.0032439,195.38,23.363,0.004033
195.29,0.0033185,194.47,24.348,0.0041254
194.43,0.0033916,193.6,25.292,0.0042157
193.76,0.003449,192.92,26.022,0.0042867
193.29,0.0034891,192.44,26.526,0.0043361
193.01,0.0035118,192.16,26.812,0.0043642
192.91,0.0035189,192.06,26.905,0.0043727
192.98,0.0035106,192.13,26.808,0.0043623
193.2,0.0034887,192.35,26.543,0.0043351
193.59,0.0034523,192.74,26.095,0.00429
194.17,0.0033987,193.34,25.424,0.0042235
194.98,0.0033274,194.16,24.511,0.0041351
195.98,0.0032417,195.18,23.387,0.0040289
197.1,0.0031486,196.32,22.131,0.0039137
198.04,0.0030727,197.27,21.078,0.0038197
198.97,0.0030001,198.22,20.045,0.0037298
199.87,0.0029312,199.13,19.041,0.0036444
200.77,0.0028647,200.04,18.05,0.0035621
201.68,0.0027986,200.97,17.041,0.0034802
202.62,0.0027323,201.92,16.004,0.0033981
203.55,0.0026678,202.87,14.971,0.0033182
204.41,0.0026099,203.74,14.021,0.0032464
205.32,0.0025512,204.66,13.036,0.0031738
205.55,0.0025384,204.89,12.812,0.0031581
204.95,0.0025804,204.28,13.511,0.0032104
203.62,0.0026736,202.93,15.031,0.0033261
202.16,0.0027781,201.45,16.679,0.0034558
200.58,0.0028952,199.85,18.456,0.003601
199.03,0.0030143,198.28,20.193,0.0037487
197.6,0.0031279,196.82,21.789,0.0038894
196.33,0.0032319,195.53,23.202,0.0040181
195.23,0.0033234,194.41,24.411,0.0041314
194.33,0.0033999,193.5,25.398,0.0042259
193.65,0.0034584,192.81,26.14,0.0042983
193.23,0.0034941,192.38,26.589,0.0043423
192.99,0.0035137,192.14,26.836,0.0043664
192.91,0.003519,192.05,26.907,0.0043729
192.96,0.0035122,192.11,26.828,0.0043644
193.13,0.0034954,192.28,26.625,0.0043434
193.42,0.0034676,192.58,26.285,0.0043089
193.86,0.0034275,193.02,25.786,0.0042592
194.45,0.003374,193.62,25.11,0.0041929
195.16,0.0033114,194.35,24.304,0.0041153
196,0.00324,195.2,23.365,0.0040269
196.91,0.003164,196.12,22.341,0.0039328
197.85,0.0030876,197.08,21.287,0.0038381
198.75,0.003017,197.99,20.288,0.0037507
199.63,0.0029497,198.88,19.314,0.0036674
200.49,0.0028851,199.76,18.357,0.0035874
201.36,0.0028215,200.64,17.393,0.0035086
202.23,0.0027592,201.53,16.427,0.0034314
203.12,0.0026974,202.43,15.448,0.0033549
203.97,0.0026392,203.3,14.505,0.0032828
204.72,0.0025894,204.06,13.68,0.0032211
205.32,0.0025509,204.66,13.031,0.0031735
205.56,0.0025369,204.9,12.788,0.0031562
205.37,0.0025515,204.71,13.029,0.0031744
204.74,0.0025952,204.07,13.755,0.0032287
203.82,0.0026596,203.13,14.806,0.0033087
202.67,0.0027414,201.97,16.106,0.0034102
201.4,0.0028343,200.68,17.54,0.0035255
200.09,0.0029322,199.36,19.003,0.0036469
198.89,0.0030256,198.13,20.354,0.0037627
197.76,0.0031153,196.98,21.615,0.0038738
196.72,0.0031992,195.93,22.763,0.0039777
195.8,0.0032758,194.99,23.787,0.0040725
194.89,0.0033525,194.06,24.79,0.0041674
194.14,0.0034163,193.31,25.607,0.0042462
193.57,0.003465,192.73,26.224,0.0043065
193.19,0.0034979,192.33,26.636,0.004347
192.96,0.003516,192.11,26.865,0.0043692
192.92,0.0035179,192.06,26.895,0.0043715
193.02,0.0035064,192.17,26.758,0.0043571
193.27,0.0034822,192.42,26.464,0.004327
193.69,0.0034424,192.85,25.972,0.0042776
194.33,0.0033848,193.5,25.247,0.0042062
195.19,0.0033096,194.37,24.28,0.0041131
196.22,0.0032214,195.42,23.117,0.0040039
196.62,0.003188,195.83,22.667,0.0039624
197.03,0.0031542,196.25,22.208,0.0039207
197.44,0.0031206,196.67,21.745,0.003879
197.86,0.0030873,197.09,21.283,0.0038378
