150,0.0080419,148.39,65.835,0.0097571
150.76,0.0080699,149.15,65.723,0.009807
151.46,0.0080951,149.83,65.621,0.0098521
152.09,0.0081171,150.46,65.524,0.0098919
152.68,0.0081329,151.05,65.415,0.0099231
153.26,0.008139,151.63,65.273,0.0099413
153.82,0.0081354,152.19,65.095,0.0099466
154.36,0.0081271,152.73,64.908,0.0099454
154.82,0.0081253,153.19,64.768,0.0099511
155.13,0.0081448,153.49,64.759,0.0099818
155.22,0.0082026,153.58,64.963,0.010058
155.04,0.0083144,153.37,65.459,0.0102
154.53,0.0084921,152.84,66.297,0.010422
153.72,0.0087345,151.99,67.45,0.010721
152.6,0.0090463,150.82,68.916,0.011105
151.24,0.0094232,149.4,70.642,0.011567
149.68,0.0098558,147.79,72.555,0.012097
147.96,0.010347,145.99,74.64,0.012696
146.19,0.010866,144.15,76.752,0.013329
144.43,0.011399,142.31,78.826,0.013978
142.72,0.011934,140.53,80.82,0.014627
140.58,0.012631,138.29,83.297,0.015471
138.57,0.013306,136.2,85.586,0.016288
136.72,0.013951,134.27,87.675,0.017066
135.05,0.014551,132.53,89.546,0.017788
133.58,0.015091,130.99,91.173,0.018436
132.32,0.015558,129.67,92.545,0.018995
131.27,0.015949,128.58,93.671,0.019462
130.41,0.01627,127.68,94.582,0.019843
129.72,0.016521,126.96,95.29,0.020141
129.17,0.016718,126.39,95.845,0.020373
128.77,0.016853,125.96,96.233,0.020531
128.54,0.016914,125.73,96.422,0.0206
128.5,0.016893,125.7,96.394,0.020572
128.64,0.016802,125.84,96.181,0.02046
128.91,0.016654,126.13,95.812,0.02028
129.28,0.016469,126.53,95.336,0.020055
129.7,0.016271,126.97,94.818,0.019816
130.12,0.016078,127.41,94.301,0.019582
130.53,0.015894,127.85,93.802,0.019361
130.94,0.015716,128.28,93.311,0.019146
131.42,0.015516,128.78,92.752,0.018907
131.95,0.015302,129.33,92.14,0.018649
132.5,0.015082,129.91,91.501,0.018385
133,0.01489,130.44,90.932,0.018154
133.36,0.01476,130.82,90.538,0.017999
132.96,0.014929,130.39,91.031,0.018204
131.59,0.015484,128.95,92.631,0.018871
129.34,0.016417,126.59,95.216,0.01999
127.38,0.017268,124.53,97.46,0.021008
125.29,0.018208,122.33,99.826,0.022129
123.2,0.019183,120.14,102.17,0.02329
121.2,0.020154,118.03,104.4,0.02444
119.32,0.021095,116.05,106.47,0.025551
117.57,0.021993,114.21,108.38,0.026608
115.97,0.022837,112.52,110.12,0.027597
114.51,0.023609,111,111.67,0.028499
113.2,0.024312,109.61,113.05,0.029316
112.09,0.024896,108.45,114.19,0.029991
111.2,0.025356,107.51,115.08,0.030517
110.49,0.0257,106.77,115.76,0.030907
109.99,0.025924,106.26,116.21,0.031157
109.6,0.026076,105.86,116.53,0.031324
109.33,0.026155,105.58,116.73,0.031405
109.2,0.026148,105.45,116.77,0.031385
109.22,0.026037,105.49,116.63,0.031245
109.43,0.025815,105.71,116.29,0.030976
109.79,0.025492,106.11,115.77,0.030589
110.3,0.025093,106.66,115.1,0.030114
111.02,0.024561,107.43,114.17,0.029484
111.78,0.024032,108.24,113.22,0.02886
112.53,0.023534,109.03,112.3,0.028272
113.28,0.023057,109.83,111.4,0.027709
114.01,0.022608,110.61,110.52,0.02718
114.81,0.022143,111.45,109.59,0.026633
115.61,0.021689,112.3,108.66,0.0261
116.31,0.02131,113.05,107.86,0.025655
116.75,0.021088,113.51,107.37,0.025396
116.71,0.021142,113.46,107.47,0.025463
116.06,0.021532,112.77,108.27,0.025926
114.81,0.022269,111.45,109.76,0.026795
113.54,0.023029,110.1,111.26,0.02769
112.07,0.023925,108.54,112.98,0.028742
110.49,0.024916,106.86,114.81,0.029901
108.87,0.025956,105.15,116.67,0.031115
107.37,0.026947,103.55,118.38,0.032266
105.91,0.027923,102.01,120.02,0.033396
104.53,0.028867,100.55,121.57,0.034485
103.23,0.029771,99.169,123.01,0.035523
101.87,0.030726,97.73,124.5,0.036615
100.62,0.031613,96.406,125.86,0.037624
99.486,0.032416,95.209,127.07,0.038533
98.486,0.033117,94.155,128.12,0.039322
97.566,0.033746,93.187,129.06,0.040022
96.819,0.034229,92.406,129.8,0.040554
96.235,0.034573,91.798,130.34,0.040925
95.795,0.034794,91.344,130.71,0.041157
95.48,0.034912,91.024,130.94,0.041269
95.279,0.034934,90.823,131.05,0.041274
95.2,0.034852,90.754,131.01,0.041161
95.265,0.03465,90.837,130.81,0.040912
95.487,0.034323,91.086,130.44,0.040523
95.87,0.033868,91.507,129.88,0.03999
96.4,0.033304,92.083,129.16,0.039334
97.043,0.032667,92.777,128.31,0.038596
97.808,0.031949,93.601,127.33,0.037767
98.595,0.031246,94.447,126.34,0.036955
99.378,0.030578,95.285,125.37,0.036186
100.16,0.029941,96.118,124.42,0.035453
101.12,0.029189,97.146,123.27,0.034588
102.15,0.02842,98.246,122.04,0.033705
103.22,0.027664,99.377,120.8,0.032838
104.17,0.027023,100.39,119.72,0.032103
104.69,0.026702,100.93,119.15,0.031737
104.91,0.026597,101.16,118.94,0.031621
104.76,0.026753,101,119.18,0.031808
104.21,0.027195,100.4,119.89,0.032325
103.44,0.027784,99.586,120.85,0.03301
102.44,0.028554,98.516,122.07,0.033901
101.25,0.029474,97.248,123.5,0.034964
99.941,0.030509,95.848,125.07,0.036153
98.569,0.031609,94.385,126.7,0.037414
97.186,0.03274,92.911,128.32,0.038704
95.831,0.033868,91.468,129.9,0.039986
94.527,0.034968,90.081,131.4,0.041231
92.845,0.036408,88.293,133.31,0.04285
91.295,0.037749,86.648,135.05,0.044348
89.885,0.038973,85.155,136.61,0.045705
88.631,0.040055,83.83,137.97,0.046895
87.555,0.040963,82.697,139.1,0.047883
86.675,0.041669,81.775,140,0.048641
85.995,0.042165,81.068,140.66,0.049161
85.5,0.042465,80.557,141.09,0.049461
85.179,0.042594,80.233,141.33,0.049574
84.978,0.042601,80.036,141.43,0.049551
84.892,0.04249,79.961,141.39,0.049398
84.934,0.042249,80.022,141.21,0.049103
85.128,0.041857,80.245,140.85,0.048642
85.495,0.041297,80.652,140.29,0.047997
86.035,0.040578,81.242,139.53,0.047176
86.726,0.039734,81.991,138.6,0.046219
87.452,0.038898,82.777,137.65,0.045275
88.225,0.038053,83.609,136.66,0.044322
89.01,0.037231,84.453,135.66,0.043396
89.792,0.036447,85.291,134.69,0.042514
90.48,0.035783,86.028,133.84,0.041767
91.18,0.035132,86.775,132.99,0.041036
91.904,0.034481,87.548,132.12,0.040305
92.658,0.033824,88.351,131.22,0.039568
93.428,0.033176,89.17,130.32,0.03884
94.193,0.032553,89.983,129.42,0.038142
94.909,0.031992,90.742,128.6,0.037514
95.517,0.031541,91.384,127.92,0.03701
95.961,0.031241,91.852,127.44,0.036678
96.144,0.031165,92.039,127.29,0.036602
96.016,0.031348,91.895,127.52,0.036819
95.558,0.031806,91.399,128.15,0.037348
94.85,0.03247,90.637,129.06,0.038109
93.906,0.033342,89.625,130.26,0.039105
92.776,0.03439,88.413,131.66,0.040295
91.517,0.03557,87.066,133.21,0.041628
90.198,0.036824,85.655,134.81,0.04304
88.863,0.038114,84.229,136.42,0.044485
87.552,0.039399,82.83,137.98,0.045918
86.29,0.040651,81.485,139.46,0.047306
84.662,0.042283,79.753,141.36,0.049103
83.164,0.043794,78.164,143.07,0.050753
81.805,0.045164,76.725,144.61,0.052237
80.598,0.046367,75.451,145.94,0.053526
79.563,0.04737,74.364,147.05,0.054588
78.72,0.048141,73.483,147.93,0.055391
78.075,0.048668,72.815,148.56,0.055922
77.617,0.048963,72.347,148.96,0.0562
77.343,0.049059,72.072,149.15,0.056265
77.182,0.049017,71.919,149.21,0.056182
77.127,0.048852,71.879,149.14,0.055966
77.185,0.048558,71.957,148.94,0.055613
77.371,0.048119,72.172,148.59,0.055104
77.708,0.047511,72.547,148.06,0.054416
78.206,0.046734,73.091,147.35,0.053546
78.853,0.04581,73.795,146.46,0.052518
79.593,0.044821,74.594,145.47,0.051423
80.404,0.043792,75.469,144.41,0.050287
81.249,0.042772,76.377,143.32,0.049162
82.101,0.04179,77.291,142.24,0.04808
82.909,0.040896,78.156,141.23,0.047097
83.723,0.040034,79.026,140.23,0.046148
84.558,0.039183,79.915,139.21,0.045213
85.424,0.038332,80.839,138.17,0.044278
86.237,0.037562,81.703,137.2,0.043432
87.056,0.036811,82.573,136.23,0.042607
87.846,0.036116,83.411,135.31,0.041844
88.551,0.035524,84.157,134.5,0.041196
89.152,0.03506,84.789,133.84,0.040692
89.484,0.034859,85.134,133.53,0.040482
89.484,0.034973,85.123,133.62,0.040624
89.119,0.035427,84.723,134.16,0.041147
88.507,0.0361,84.06,134.99,0.041912
87.652,0.037011,83.139,136.11,0.042938
86.599,0.038124,82.008,137.46,0.044186
85.404,0.039395,80.727,138.97,0.045603
84.128,0.040769,79.359,140.56,0.047127
82.822,0.042192,77.962,142.17,0.048698
81.53,0.043619,76.582,143.74,0.050264
80.281,0.045014,75.25,145.25,0.051785
78.482,0.047041,73.337,147.39,0.053978
76.846,0.048892,71.602,149.31,0.05596
75.385,0.050538,70.058,150.98,0.057703
74.117,0.051938,68.725,152.4,0.059166
73.203,0.052909,67.769,153.4,0.060163
72.467,0.053634,67.005,154.16,0.060892
71.915,0.054106,66.436,154.7,0.061347
71.533,0.054341,66.05,155.03,0.061548
71.3,0.054374,65.822,155.17,0.061534
71.194,0.054238,65.729,155.16,0.061342
71.207,0.053951,65.762,155,0.060991
71.347,0.053504,65.929,154.7,0.060475
71.649,0.052848,66.268,154.19,0.059738
72.134,0.051973,66.801,153.47,0.058772
72.808,0.050888,67.532,152.53,0.057585
73.645,0.04964,68.436,151.39,0.056229
74.597,0.048307,69.46,150.13,0.054785
75.603,0.046976,70.54,148.82,0.053345
76.62,0.0457,71.628,147.52,0.051967
77.632,0.044494,72.709,146.25,0.050666
78.48,0.043529,73.613,145.2,0.049625
79.353,0.042573,74.542,144.13,0.048595
80.261,0.041616,75.507,143.03,0.047562
81.196,0.040665,76.5,141.9,0.046537
82.07,0.039811,77.427,140.87,0.045615
82.894,0.03904,78.299,139.9,0.044786
83.606,0.038414,79.05,139.09,0.044114
84.136,0.037992,79.606,138.52,0.043668
84.409,0.037837,79.887,138.27,0.043514
84.422,0.037948,79.89,138.35,0.043655
84.155,0.038344,79.594,138.78,0.044109
83.611,0.039026,79.002,139.55,0.044877
82.741,0.04006,78.062,140.72,0.046029
81.635,0.041355,76.872,142.17,0.047464
80.362,0.042849,75.504,143.81,0.049109
78.993,0.044472,74.038,145.55,0.050884
77.706,0.046017,72.661,147.16,0.052564
76.436,0.047559,71.305,148.74,0.054229
75.212,0.049059,70.001,150.24,0.055839
74.051,0.050491,68.767,151.65,0.057365
72.607,0.052276,67.237,153.38,0.05925
71.293,0.053895,65.849,154.93,0.060943
70.117,0.055328,64.612,156.29,0.062423
69.093,0.056544,63.539,157.45,0.063662
68.249,0.057498,62.661,158.37,0.064616
67.586,0.05818,61.977,159.07,0.065279
67.104,0.058589,61.486,159.53,0.065651
66.791,0.058745,61.174,159.78,0.065758
66.622,0.05869,61.015,159.85,0.065645
66.579,0.058458,60.988,159.77,0.06535
66.653,0.058064,61.086,159.54,0.06489
66.855,0.057501,61.318,159.16,0.064256
67.291,0.056578,61.799,158.47,0.063243
67.965,0.055355,62.532,157.5,0.061924
68.871,0.053869,63.508,156.25,0.060333
69.955,0.052219,64.673,154.79,0.058575
70.928,0.050825,65.714,153.51,0.057092
71.922,0.049472,66.776,152.22,0.055654
72.913,0.048188,67.833,150.95,0.054291
73.904,0.046966,68.887,149.71,0.052994
74.913,0.045776,69.96,148.46,0.051733
75.965,0.044588,71.077,147.17,0.050472
77.057,0.043406,72.234,145.84,0.049218
78.146,0.042281,73.388,144.54,0.048024
78.924,0.041515,74.21,143.63,0.047213
79.601,0.040889,74.922,142.85,0.046553
80.12,0.040453,75.466,142.29,0.0461
80.432,0.040255,75.787,141.99,0.045906
80.494,0.040331,75.841,142.01,0.04601
80.29,0.040697,75.612,142.37,0.046429
79.819,0.041355,75.097,143.07,0.047166
79.1,0.04229,74.318,144.06,0.048201
78.095,0.043566,73.234,145.42,0.049603
76.911,0.045063,71.961,146.98,0.051235
75.615,0.046711,70.571,148.66,0.053021
74.272,0.048438,69.134,150.38,0.05488
72.979,0.050118,67.755,152.01,0.056676
71.727,0.051762,66.421,153.58,0.058421
70.535,0.053335,65.155,155.05,0.060078
69.416,0.054818,63.97,156.42,0.061627
68.186,0.056444,62.671,157.9,0.063311
67.066,0.057914,61.493,159.24,0.064816
66.063,0.059209,60.443,160.41,0.066126
65.189,0.060304,59.532,161.4,0.067218
64.339,0.061308,58.651,162.34,0.068197
63.704,0.061965,58.001,163,0.06881
63.281,0.062282,57.576,163.39,0.06907
63.048,0.062299,57.351,163.53,0.069021
62.974,0.062086,57.293,163.49,0.068739
63.032,0.061678,57.374,163.28,0.068262
63.226,0.061079,57.597,162.9,0.067593
63.572,0.060269,57.981,162.34,0.066713
64.05,0.059308,58.501,161.62,0.065685
64.688,0.058144,59.189,160.71,0.064451
65.475,0.056807,60.034,159.63,0.063043
66.379,0.05536,61.001,158.41,0.061524
67.442,0.053752,62.136,156.99,0.059837
68.534,0.052187,63.299,155.57,0.058199
69.624,0.050707,64.459,154.17,0.05665
70.713,0.049303,65.616,152.79,0.055182
72.062,0.047654,67.047,151.1,0.053458
73.485,0.046011,68.553,149.36,0.051738
74.931,0.044435,70.081,147.61,0.050088
76.235,0.043116,71.456,146.08,0.048712
77.173,0.042302,72.436,145.05,0.047879
77.39,0.042343,72.644,144.97,0.047969
76.748,0.043373,71.936,145.98,0.049121
75.312,0.045338,70.382,147.98,0.051271
73.959,0.047152,68.927,149.79,0.053234
72.446,0.04919,67.306,151.78,0.055421
70.876,0.051331,65.628,153.81,0.057699
69.329,0.053465,63.98,155.78,0.05995
67.988,0.055332,62.556,157.47,0.061901
66.73,0.057089,61.224,159.04,0.063721
65.565,0.058716,59.995,160.47,0.065389
64.496,0.060199,58.872,161.76,0.066894
63.478,0.061593,57.807,162.97,0.068292
62.582,0.062791,56.874,164.02,0.069476
61.82,0.063766,56.085,164.89,0.070423
61.202,0.064498,55.45,165.56,0.071114
60.726,0.064984,54.966,166.05,0.071549
60.4,0.065217,54.64,166.35,0.071724
60.211,0.065224,54.459,166.47,0.071672
60.141,0.06504,54.403,166.44,0.071426
60.173,0.0647,54.454,166.28,0.071026
60.305,0.06421,54.609,166,0.070479
60.544,0.063566,54.876,165.58,0.069778
60.904,0.06275,55.269,165.02,0.068907
61.395,0.061755,55.8,164.3,0.067859
62.023,0.06058,56.475,163.4,0.066631
62.779,0.059253,57.283,162.36,0.065251
63.637,0.057827,58.198,161.19,0.063772
64.701,0.056149,59.332,159.77,0.062035
65.797,0.054512,60.497,158.33,0.060342
66.893,0.05296,61.66,156.9,0.058737
67.987,0.051489,62.82,155.51,0.057217
68.901,0.050314,63.787,154.36,0.056003
69.844,0.049145,64.785,153.18,0.054796
70.821,0.04798,65.817,151.97,0.05359
71.813,0.046841,66.865,150.76,0.052411
72.653,0.045915,67.751,149.75,0.051452
73.433,0.045094,68.573,148.82,0.050605
74.104,0.044433,69.277,148.05,0.049927
74.614,0.043986,69.808,147.5,0.049478
74.912,0.043804,70.112,147.22,0.04931
74.962,0.043921,70.151,147.27,0.049464
74.744,0.044359,69.905,147.66,0.049959
74.26,0.045115,69.376,148.39,0.050793
73.469,0.04626,68.519,149.52,0.052041
72.448,0.047701,67.417,150.92,0.053596
71.258,0.049371,66.139,152.52,0.055385
69.966,0.051193,64.756,154.24,0.057323
68.724,0.052962,63.43,155.86,0.059189
67.492,0.054733,62.117,157.46,0.061045
66.299,0.056461,60.851,158.99,0.062841
65.165,0.058112,59.65,160.42,0.064544
63.614,0.060372,58.014,162.36,0.06685
62.221,0.062391,56.553,164.07,0.068881
60.995,0.064137,55.273,165.54,0.070611
59.955,0.065569,54.194,166.76,0.072004
59.21,0.066533,53.427,167.61,0.072918
58.639,0.067193,52.845,168.23,0.073518
58.241,0.067549,52.445,168.61,0.073809
58.003,0.067627,52.214,168.8,0.07382
57.905,0.067471,52.13,168.8,0.073598
57.927,0.067121,52.17,168.65,0.073185
58.059,0.066599,52.326,168.36,0.072604
58.308,0.065903,52.603,167.93,0.071853
58.725,0.064933,53.057,167.28,0.070829
59.319,0.063711,53.696,166.41,0.069557
60.094,0.062247,54.524,165.31,0.068045
61.028,0.060596,55.52,164.02,0.066349
62.078,0.058847,56.635,162.6,0.064556
63.182,0.057105,57.808,161.13,0.062772
64.3,0.055435,58.992,159.66,0.061062
65.413,0.053856,60.17,158.22,0.059447
66.299,0.052655,61.108,157.09,0.058218
67.206,0.051472,62.065,155.95,0.057008
68.141,0.050294,63.053,154.78,0.055802
69.104,0.049125,64.069,153.59,0.054604
70.028,0.048044,65.043,152.45,0.053495
70.921,0.047044,65.983,151.37,0.05247
71.731,0.046184,66.834,150.42,0.051592
72.396,0.045535,67.53,149.66,0.050936
72.842,0.045171,67.992,149.19,0.050581
73.041,0.045121,68.189,149.05,0.05056
72.959,0.045419,68.086,149.28,0.050908
72.587,0.046074,67.675,149.88,0.051634
71.962,0.04704,66.995,150.8,0.052685
71.112,0.048297,66.076,152,0.05404
70.082,0.049797,64.968,153.41,0.055644
68.927,0.051478,63.73,154.97,0.057428
67.715,0.053254,62.434,156.58,0.059299
66.484,0.055074,61.121,158.2,0.061202
65.271,0.056881,59.833,159.78,0.063078
64.105,0.058632,58.597,161.28,0.06488
62.351,0.061275,56.746,163.51,0.06757
60.78,0.063635,55.098,165.47,0.069936
59.406,0.06567,53.664,167.15,0.071943
58.247,0.067329,52.464,168.53,0.073546
57.489,0.068352,51.684,169.4,0.07451
56.903,0.069066,51.087,170.04,0.075156
56.49,0.069466,50.672,170.46,0.075485
56.24,0.069575,50.429,170.66,0.075524
56.133,0.069435,50.335,170.68,0.075317
56.148,0.069091,50.368,170.54,0.074911
56.274,0.06857,50.517,170.27,0.074334
56.513,0.067875,50.782,169.85,0.073588
56.859,0.067033,51.158,169.3,0.072703
57.337,0.065994,51.673,168.59,0.071627
57.956,0.064756,52.334,167.7,0.070357
58.71,0.063343,53.136,166.64,0.068914
59.578,0.061801,54.058,165.44,0.067345
60.524,0.060204,55.061,164.16,0.065723
61.51,0.058617,56.105,162.84,0.064111
62.507,0.057086,57.16,161.53,0.062557
63.419,0.055748,58.123,160.34,0.061199
64.331,0.054462,59.087,159.17,0.059895
65.257,0.053208,60.064,157.99,0.058623
66.208,0.051967,61.067,156.79,0.057363
67.116,0.050824,62.023,155.65,0.0562
68.04,0.049699,62.997,154.51,0.055056
68.953,0.048631,63.958,153.39,0.053969
69.81,0.047674,64.859,152.36,0.052997
70.57,0.046883,65.654,151.47,0.052199
71.141,0.046356,66.248,150.84,0.051679
71.464,0.046158,66.577,150.55,0.051505
71.495,0.046334,66.594,150.64,0.051726
71.231,0.046873,66.297,151.1,0.052328
70.688,0.047768,65.704,151.93,0.053303
69.893,0.048992,64.843,153.07,0.054619
68.891,0.050497,63.765,154.46,0.056224
67.725,0.052242,62.514,156.05,0.05807
66.471,0.054128,61.172,157.74,0.060049
65.185,0.056078,59.802,159.45,0.062079
63.913,0.058023,58.451,161.12,0.064088
62.579,0.06008,57.039,162.85,0.066192
61.325,0.06202,55.717,164.45,0.068157
60.163,0.063817,54.497,165.92,0.069958
59.098,0.065454,53.383,167.25,0.071581
58.098,0.066973,52.342,168.48,0.073067
57.212,0.068289,51.424,169.55,0.074335
56.452,0.069376,50.642,170.45,0.075364
55.829,0.070212,50.004,171.17,0.076135
55.627,0.070464,49.798,171.39,0.07636
55.446,0.070675,49.615,171.58,0.076545
55.287,0.070846,49.455,171.75,0.076689
55.149,0.070979,49.317,171.89,0.076795
55.09,0.071029,49.259,171.95,0.076833
52.981,0.067719,47.437,172.16,0.072082
51.153,0.064555,45.875,172.24,0.067643
49.566,0.061512,44.534,172.2,0.063472
48.184,0.058576,43.382,172.05,0.059538
47.022,0.055838,42.427,171.78,0.055949
46.008,0.053171,41.611,171.41,0.052528
45.131,0.050556,40.923,170.92,0.04925
44.382,0.047981,40.355,170.3,0.046096
43.688,0.045161,39.855,169.45,0.042723
43.118,0.042387,39.473,168.45,0.039483
42.646,0.039679,39.183,167.31,0.036386
42.24,0.03707,38.955,166.07,0.033453
41.847,0.034435,38.743,164.7,0.030535
41.468,0.031975,38.537,163.32,0.027843
41.091,0.029693,38.324,161.96,0.025374
40.718,0.027576,38.107,160.61,0.02311
40.416,0.025907,37.93,159.48,0.021349
40.132,0.024325,37.766,158.32,0.019701
39.863,0.022826,37.613,157.15,0.018161
39.597,0.021418,37.459,155.98,0.016733
39.322,0.020164,37.285,154.92,0.01547
38.996,0.01904,37.054,154,0.014336
38.584,0.018073,36.726,153.33,0.013348
38.048,0.017292,36.265,153.02,0.012521
37.416,0.016758,35.69,153.14,0.01191
36.635,0.016419,34.954,153.74,0.01145
35.699,0.016284,34.053,154.84,0.011142
34.615,0.016355,32.991,156.47,0.010981
33.373,0.016639,31.762,158.65,0.010963
32.025,0.017126,30.416,161.28,0.01108
30.606,0.017802,28.993,164.28,0.011319
29.155,0.018645,27.533,167.53,0.011662
27.728,0.019615,26.095,170.87,0.012087
26.344,0.02069,24.698,174.23,0.012579
25.03,0.02184,23.372,177.53,0.01312
23.806,0.023038,22.138,180.68,0.013697
22.601,0.024353,20.924,183.85,0.014346
21.52,0.025673,19.836,186.77,0.015015
20.565,0.026981,18.873,189.4,0.015698
19.731,0.028264,18.033,191.76,0.016391
19.024,0.029496,17.319,193.81,0.017082
18.431,0.030677,16.718,195.58,0.017772
17.951,0.031791,16.228,197.07,0.018454
17.583,0.032819,15.848,198.27,0.019116
17.305,0.033827,15.555,199.26,0.019807
17.156,0.034689,15.386,199.91,0.020443
17.124,0.03539,15.331,200.26,0.021012
17.194,0.035928,15.378,200.33,0.021503
17.351,0.036309,15.509,200.17,0.021911
17.579,0.036541,15.71,199.81,0.022234
17.866,0.03663,15.972,199.29,0.022468
18.206,0.036578,16.287,198.61,0.02261
18.659,0.03634,16.714,197.65,0.022652
19.179,0.035902,17.211,196.49,0.022552
19.762,0.035269,17.775,195.13,0.022309
20.396,0.03446,18.396,193.6,0.02193
21.062,0.033511,19.055,191.94,0.021433
21.733,0.032471,19.726,190.22,0.020846
22.387,0.031382,20.388,188.49,0.020198
23.015,0.03027,21.029,186.78,0.019506
23.463,0.029434,21.49,185.52,0.01897
23.899,0.028588,21.943,184.26,0.018416
24.328,0.02773,22.391,182.98,0.017844
24.75,0.026861,22.835,181.7,0.017255
25.159,0.025993,23.27,180.41,0.01666
25.549,0.025136,23.686,179.14,0.016064
25.901,0.024317,24.066,177.94,0.015485
26.189,0.023567,24.383,176.88,0.014942
26.373,0.022967,24.594,176.09,0.014493
26.451,0.022493,24.695,175.58,0.014117
26.399,0.022175,24.664,175.41,0.013833
26.201,0.022038,24.482,175.63,0.013655
25.854,0.022101,24.146,176.28,0.013598
25.355,0.022374,23.653,177.38,0.013665
24.709,0.022865,23.009,178.91,0.01386
23.933,0.023579,22.231,180.84,0.014185
23.003,0.024562,21.295,183.24,0.014664
21.986,0.025774,20.271,185.94,0.015278
20.916,0.027199,19.193,188.85,0.01602
19.827,0.028812,18.099,191.87,0.016881
18.771,0.030555,17.04,194.84,0.017832
17.755,0.03243,16.023,197.75,0.018883
16.799,0.034419,15.066,200.53,0.020029
15.916,0.036505,14.184,203.15,0.021272
15.025,0.038942,13.294,205.85,0.022781
14.24,0.041485,12.51,208.29,0.024427
13.564,0.044131,11.829,210.46,0.02622
12.995,0.046875,11.252,212.36,0.028169
12.543,0.049637,10.785,213.97,0.030224
12.193,0.052458,10.414,215.32,0.032422
11.946,0.055301,10.138,216.41,0.034741
11.803,0.058116,9.9569,217.24,0.037146
11.764,0.060916,9.8688,217.84,0.039656
11.828,0.063558,9.8754,218.18,0.042146
11.99,0.065984,9.9698,218.29,0.044555
12.237,0.06815,10.143,218.18,0.046829
12.557,0.070027,10.384,217.9,0.048922
12.938,0.071602,10.682,217.48,0.050804
13.372,0.072868,11.03,216.92,0.052453
13.852,0.073821,11.425,216.25,0.053851
14.457,0.074519,11.931,215.34,0.055125
15.124,0.074786,12.501,214.27,0.056032
15.855,0.074616,13.137,213.05,0.056559
16.648,0.074023,13.839,211.67,0.056706
17.456,0.073091,14.565,210.23,0.056507
18.298,0.071858,15.331,208.68,0.056014
19.154,0.070391,16.122,207.07,0.05527
20.005,0.068756,16.919,205.44,0.054326
20.79,0.06711,17.663,203.89,0.053294
21.551,0.0654,18.392,202.37,0.052153
22.285,0.063638,19.105,200.85,0.050921
23,0.061827,19.806,199.35,0.049604
23.729,0.059881,20.531,197.76,0.048144
24.447,0.057878,21.252,196.16,0.046599
25.146,0.055843,21.963,194.54,0.044993
25.804,0.053831,22.641,192.96,0.043369
26.281,0.052273,23.141,191.76,0.042085
26.682,0.050839,23.567,190.69,0.040874
26.979,0.049586,23.892,189.82,0.039782
27.143,0.048573,24.086,189.19,0.038856
27.151,0.047853,24.123,188.89,0.038138
26.984,0.047471,23.985,188.96,0.037665
26.635,0.04746,23.661,189.43,0.037461
26.106,0.04784,23.155,190.31,0.037542
25.369,0.048666,22.44,191.66,0.037939
24.473,0.04992,21.565,193.41,0.038646
23.451,0.051575,20.565,195.47,0.039648
22.344,0.053594,19.482,197.78,0.040917
21.125,0.05607,18.294,200.39,0.042516
19.905,0.058827,17.109,203.06,0.04434
18.723,0.061803,15.967,205.7,0.046355
17.612,0.064941,14.898,208.23,0.048535
16.634,0.068055,13.962,210.49,0.050763
15.751,0.071254,13.119,212.58,0.053124
14.968,0.07452,12.372,214.48,0.055619
14.284,0.077842,11.72,216.19,0.058248
13.7,0.081203,11.161,217.69,0.061006
13.214,0.084587,10.691,218.99,0.063884
12.824,0.08796,10.309,220.1,0.066859
12.533,0.091275,10.015,221.01,0.06989
12.321,0.094881,9.7872,221.8,0.073323
12.236,0.098235,9.67,222.33,0.076662
12.273,0.10124,9.6598,222.61,0.07981
12.423,0.10383,9.7492,222.66,0.082676
12.675,0.10594,9.9277,222.5,0.085192
13.012,0.10758,10.182,222.16,0.087319
13.42,0.10874,10.502,221.68,0.089043
13.889,0.10945,10.877,221.07,0.090362
14.418,0.10972,11.31,220.34,0.09129
15.005,0.10955,11.797,219.48,0.091808
15.652,0.10893,12.344,218.5,0.091917
16.365,0.10788,12.955,217.39,0.091614
17.131,0.10642,13.622,216.16,0.090919
17.957,0.10458,14.351,214.8,0.089853
18.83,0.10241,15.132,213.33,0.088453
19.733,0.099968,15.952,211.79,0.086769
20.744,0.097053,16.882,210.02,0.084645
21.737,0.094014,17.811,208.25,0.08233
22.696,0.090919,18.722,206.49,0.079885
23.616,0.087799,19.608,204.75,0.077344
24.352,0.085202,20.327,203.32,0.075178
25.071,0.082577,21.039,201.89,0.072949
25.78,0.079921,21.748,200.44,0.070659
26.475,0.077242,22.453,198.97,0.068316
27.143,0.074596,23.138,197.52,0.065972
27.769,0.072005,23.79,196.1,0.063644
28.327,0.069541,24.381,194.76,0.061392
28.78,0.067288,24.873,193.58,0.05929
29.07,0.065485,25.204,192.7,0.057556
29.208,0.06401,25.386,192.08,0.056075
29.173,0.062921,25.394,191.78,0.054897
28.949,0.062264,25.213,191.83,0.05406
28.538,0.062069,24.844,192.26,0.053595
27.946,0.062335,24.291,193.06,0.053497
27.187,0.063057,23.571,194.21,0.05376
26.288,0.064213,22.709,195.68,0.054366
25.102,0.066062,21.571,197.73,0.055468
23.825,0.06837,20.345,200.02,0.056933
22.512,0.071046,19.087,202.45,0.058697
21.214,0.073993,17.85,204.92,0.060693
20.046,0.076928,16.743,207.19,0.062727
18.954,0.079958,15.713,209.36,0.064877
17.955,0.083034,14.776,211.38,0.067117
17.057,0.086123,13.937,213.23,0.069432
16.205,0.089442,13.143,215.02,0.071999
15.472,0.09273,12.461,216.61,0.074633
14.856,0.09596,11.886,217.98,0.077316
14.355,0.099096,11.417,219.15,0.080021
13.943,0.10234,11.024,220.17,0.082936
13.671,0.10533,10.756,220.93,0.08575
13.538,0.10798,10.609,221.42,0.088383
13.541,0.11022,10.581,221.66,0.090754
13.659,0.11189,10.655,221.67,0.092674
13.874,0.11314,10.814,221.5,0.094272
14.172,0.11398,11.048,221.16,0.095533
14.542,0.11442,11.345,220.69,0.096455
14.963,0.11448,11.691,220.11,0.09704
15.439,0.1142,12.087,219.42,0.097309
15.968,0.11357,12.534,218.63,0.097261
16.553,0.11259,13.036,217.72,0.096892
17.27,0.1111,13.659,216.58,0.096105
18.063,0.10917,14.358,215.29,0.094918
18.928,0.10685,15.131,213.85,0.09335
19.849,0.10418,15.965,212.29,0.091441
20.786,0.10131,16.827,210.67,0.089289
21.728,0.098283,17.706,209,0.086937
22.653,0.095175,18.581,207.33,0.084447
23.546,0.092041,19.439,205.67,0.081866
24.29,0.089326,20.162,204.25,0.079581
25.01,0.08661,20.872,202.83,0.077253
25.711,0.083885,21.571,201.42,0.07488
26.399,0.081141,22.266,199.99,0.07246
27.075,0.07838,22.957,198.55,0.069996
27.734,0.075621,23.638,197.09,0.067507
28.358,0.072908,24.294,195.66,0.065029
28.922,0.070308,24.895,194.3,0.06262
29.385,0.067928,25.403,193.08,0.060373
29.716,0.065831,25.783,192.07,0.058341
29.878,0.064103,25.996,191.34,0.056596
29.84,0.062818,26.011,190.97,0.055203
29.613,0.062084,25.83,191,0.054282
29.195,0.061803,25.456,191.39,0.053726
28.592,0.061988,24.896,192.17,0.053543
27.821,0.062633,24.165,193.31,0.05373
26.732,0.063953,23.124,195.05,0.054396
25.499,0.065815,21.939,197.15,0.055492
24.179,0.068137,20.671,199.49,0.056956
22.829,0.070822,19.378,201.97,0.058715
21.606,0.073526,18.211,204.28,0.060535
20.436,0.076376,17.101,206.53,0.062497
19.345,0.079309,16.07,208.67,0.064563
18.346,0.082279,15.132,210.67,0.066709
17.344,0.085623,14.193,212.72,0.069199
16.47,0.088945,13.379,214.55,0.071758
15.725,0.092218,12.684,216.16,0.074372
15.105,0.095412,12.105,217.53,0.077022
14.626,0.098381,11.654,218.65,0.079584
14.265,0.10119,11.309,219.55,0.082104
14.022,0.10377,11.069,220.22,0.084528
13.899,0.10606,10.933,220.67,0.086796
13.891,0.10802,10.899,220.91,0.088859
13.993,0.1096,10.961,220.94,0.090655
14.191,0.11079,11.108,220.78,0.092153
14.474,0.11158,11.329,220.47,0.093337
14.824,0.11199,11.612,220.02,0.094202
15.233,0.11206,11.949,219.46,0.094762
15.696,0.11179,12.336,218.79,0.095021
16.211,0.11118,12.774,218.01,0.094976
17.06,0.1097,13.506,216.68,0.094362
18.04,0.10749,14.368,215.09,0.093073
19.146,0.10458,15.359,213.25,0.091129
20.347,0.10109,16.455,211.18,0.088609
21.683,0.096918,17.697,208.82,0.085414
22.995,0.092542,18.943,206.43,0.08191
24.239,0.088123,20.149,204.06,0.078235
25.413,0.083706,21.311,201.73,0.074444
26.607,0.078988,22.517,199.24,0.070296
27.761,0.074226,23.709,196.7,0.066024
28.813,0.069597,24.821,194.22,0.061782
29.61,0.065472,25.699,192.08,0.057889
29.854,0.063693,25.99,191.24,0.056143
29.946,0.062244,26.13,190.66,0.054657
29.863,0.061181,26.095,190.41,0.053478
29.593,0.060545,25.871,190.51,0.052641
29.136,0.060364,25.458,190.99,0.052171
28.5,0.060639,24.862,191.84,0.052066
27.701,0.061362,24.102,193.05,0.052318
26.764,0.06251,23.203,194.57,0.052909
25.488,0.064425,21.975,196.76,0.054036
24.123,0.066818,20.661,199.21,0.055544
22.731,0.069585,19.326,201.8,0.057357
21.368,0.072619,18.024,204.39,0.0594
20.195,0.075517,16.91,206.68,0.0614
19.107,0.078491,15.881,208.85,0.063503
18.117,0.081497,14.95,210.86,0.065684
17.232,0.084503,14.12,212.69,0.06793
16.418,0.087628,13.36,214.42,0.070341
15.719,0.090712,12.706,215.94,0.072804
15.132,0.093731,12.157,217.26,0.075304
14.657,0.096648,11.708,218.37,0.077811
14.246,0.099857,11.314,219.41,0.080691
13.99,0.10277,11.057,220.15,0.083446
13.888,0.10531,10.935,220.6,0.085987
13.933,0.10738,10.943,220.77,0.088233
14.093,0.10886,11.054,220.71,0.089986
14.352,0.1099,11.252,220.45,0.091407
14.692,0.11053,11.524,220.04,0.092487
15.103,0.11077,11.86,219.49,0.093226
15.561,0.11063,12.242,218.83,0.093627
16.076,0.11015,12.677,218.07,0.093708
16.648,0.1093,13.169,217.18,0.093465
17.283,0.1081,13.72,216.18,0.09289
18.001,0.10649,14.353,215.01,0.09195
18.786,0.1045,15.054,213.7,0.090663
19.628,0.10219,15.816,212.27,0.089055
20.509,0.09961,16.625,210.74,0.087169
21.611,0.096196,17.651,208.79,0.084564
22.697,0.092638,18.68,206.81,0.081741
23.741,0.089033,19.686,204.85,0.078784
24.734,0.085424,20.66,202.91,0.075739
25.501,0.082519,21.423,201.36,0.073235
26.25,0.079594,22.179,199.8,0.070674
26.985,0.076644,22.931,198.22,0.068058
27.701,0.073691,23.672,196.63,0.065406
28.326,0.07102,24.329,195.18,0.062977
28.893,0.06845,24.935,193.79,0.060607
29.369,0.066063,25.456,192.53,0.058365
29.714,0.063949,25.852,191.48,0.056329
29.888,0.0622,26.079,190.72,0.054575
29.856,0.060901,26.1,190.32,0.053177
29.596,0.060115,25.891,190.36,0.052189
29.101,0.059882,25.444,190.87,0.051642
28.451,0.060167,24.835,191.75,0.051541
27.631,0.06092,24.054,192.99,0.051811
26.668,0.062115,23.13,194.57,0.052432
25.597,0.063713,22.099,196.41,0.053372
24.135,0.066251,20.691,199.04,0.054966
22.641,0.069223,19.256,201.83,0.056913
21.183,0.072497,17.863,204.62,0.059121
19.815,0.075953,16.564,207.32,0.061518
18.645,0.079275,15.459,209.67,0.063888
17.6,0.082623,14.477,211.82,0.066351
16.685,0.08596,13.621,213.75,0.06889
15.901,0.08926,12.887,215.45,0.071493
15.302,0.092188,12.326,216.79,0.073887
14.805,0.095038,11.859,217.93,0.076302
14.412,0.097773,11.485,218.89,0.078707
14.123,0.10035,11.203,219.65,0.081062
13.928,0.10289,11.003,220.26,0.083498
13.854,0.10512,10.91,220.63,0.085754
13.897,0.10699,10.919,220.78,0.08777
14.047,0.10846,11.021,220.73,0.089504
14.289,0.10952,11.206,220.5,0.090927
14.609,0.1102,11.461,220.12,0.092032
14.995,0.11051,11.775,219.61,0.092821
15.439,0.11046,12.143,218.98,0.093295
15.991,0.11001,12.609,218.17,0.093458
16.612,0.10913,13.141,217.21,0.093234
17.308,0.10781,13.746,216.1,0.092611
18.081,0.10607,14.428,214.84,0.091586
18.864,0.10408,15.129,213.54,0.090286
19.7,0.10177,15.887,212.11,0.088678
20.573,0.099212,16.688,210.6,0.086803
21.461,0.096473,17.515,209.02,0.084719
22.358,0.093576,18.361,207.4,0.082441
23.23,0.090633,19.196,205.78,0.080059
24.069,0.087679,20.01,204.18,0.077607
24.873,0.084726,20.803,202.59,0.075101
25.587,0.082012,21.515,201.14,0.072758
26.287,0.079279,22.221,199.68,0.070363
26.974,0.076525,22.924,198.21,0.067921
27.644,0.073767,23.618,196.72,0.065446
28.271,0.071097,24.277,195.27,0.063022
28.843,0.068524,24.887,193.87,0.060653
29.325,0.066128,25.414,192.61,0.058407
29.678,0.064001,25.817,191.54,0.056362
29.863,0.062226,26.055,190.75,0.054587
29.841,0.060902,26.086,190.34,0.053169
29.589,0.060094,25.885,190.36,0.052162
29.1,0.059843,25.444,190.86,0.0516
28.457,0.060114,24.842,191.72,0.051489
27.644,0.060852,24.068,192.96,0.051748
26.687,0.062032,23.15,194.52,0.052358
25.621,0.063616,22.124,196.35,0.053287
24.15,0.066163,20.707,199,0.054886
22.645,0.069154,19.261,201.8,0.056844
21.175,0.072452,17.858,204.62,0.059069
19.797,0.075938,16.548,207.34,0.061486
18.63,0.079256,15.447,209.69,0.063854
17.587,0.0826,14.467,211.84,0.066314
16.675,0.085933,13.612,213.76,0.068851
15.892,0.089231,12.88,215.46,0.071453
15.292,0.092162,12.319,216.8,0.07385
14.795,0.095016,11.851,217.95,0.076268
14.402,0.097757,11.477,218.9,0.078678
14.112,0.10034,11.195,219.67,0.081038
13.917,0.10289,10.994,220.27,0.083481
13.843,0.10512,10.901,220.65,0.085743
13.885,0.107,10.909,220.8,0.087766
14.034,0.10847,11.011,220.75,0.089506
14.276,0.10955,11.195,220.52,0.090936
14.596,0.11023,11.449,220.14,0.092048
14.981,0.11054,11.763,219.63,0.092843
15.425,0.1105,12.131,219.01,0.093323
15.975,0.11005,12.595,218.19,0.093492
16.595,0.10918,13.126,217.24,0.093274
17.289,0.10788,13.73,216.14,0.092658
18.061,0.10614,14.41,214.88,0.091642
18.843,0.10415,15.109,213.57,0.090348
19.678,0.10185,15.867,212.15,0.088745
20.551,0.099299,16.668,210.64,0.086875
21.439,0.096562,17.494,209.07,0.084794
22.338,0.093663,18.342,207.44,0.082516
23.212,0.090715,19.178,205.82,0.080132
24.052,0.087757,19.994,204.21,0.077677
24.859,0.084799,20.787,202.63,0.075168
25.574,0.082084,21.501,201.18,0.072824
26.274,0.079348,22.208,199.72,0.070428
26.962,0.076592,22.911,198.24,0.067984
27.633,0.073832,23.606,196.74,0.065507
28.261,0.071161,24.265,195.3,0.063083
28.833,0.068586,24.875,193.9,0.060713
29.316,0.066189,25.404,192.63,0.058466
29.671,0.064058,25.809,191.56,0.056419
29.859,0.062275,26.049,190.77,0.054637
29.839,0.060945,26.082,190.36,0.053213
29.589,0.060131,25.884,190.38,0.052201
29.101,0.059876,25.445,190.87,0.051635
28.46,0.060143,24.844,191.73,0.051521
27.648,0.060876,24.072,192.96,0.051778
26.693,0.062053,23.155,194.52,0.052385
25.629,0.063634,22.13,196.35,0.053311
24.155,0.066184,20.711,199,0.054911
22.647,0.06918,19.263,201.81,0.056872
21.175,0.072485,17.856,204.63,0.059102
19.793,0.075978,16.545,207.35,0.061525
18.627,0.079296,15.443,209.7,0.063893
17.585,0.082639,14.464,211.85,0.066353
16.673,0.085972,13.61,213.77,0.06889
15.89,0.089269,12.878,215.47,0.071491
15.291,0.092201,12.317,216.8,0.073889
14.794,0.095056,11.849,217.95,0.076308
14.4,0.097796,11.475,218.91,0.078718
14.111,0.10038,11.193,219.68,0.081078
13.915,0.10293,10.993,220.28,0.083521
13.842,0.10516,10.899,220.65,0.085783
13.884,0.10704,10.907,220.81,0.087806
14.033,0.10851,11.009,220.76,0.089546
14.275,0.10959,11.193,220.53,0.090976
14.595,0.11027,11.447,220.15,0.092087
14.98,0.11058,11.762,219.64,0.092881
15.424,0.11054,12.129,219.01,0.09336
15.974,0.11009,12.594,218.2,0.093528
16.594,0.10922,13.125,217.25,0.093309
17.289,0.10791,13.728,216.14,0.092693
18.06,0.10617,14.409,214.88,0.091675
18.842,0.10418,15.108,213.58,0.090381
19.678,0.10188,15.865,212.16,0.088776
20.55,0.099328,16.666,210.64,0.086906
21.438,0.09659,17.493,209.07,0.084824
22.337,0.093689,18.341,207.45,0.082544
23.211,0.090741,19.177,205.82,0.080159
24.052,0.087782,19.993,204.22,0.077704
24.859,0.084823,20.787,202.63,0.075194
25.574,0.082106,21.5,201.18,0.072848
26.274,0.07937,22.207,199.72,0.070452
26.962,0.076613,22.911,198.24,0.068006
27.633,0.073852,23.605,196.75,0.06553
28.261,0.07118,24.264,195.3,0.063104
28.834,0.068605,24.875,193.91,0.060734
29.317,0.066207,25.404,192.64,0.058486
29.672,0.064076,25.809,191.57,0.056437
29.86,0.062292,26.049,190.78,0.054655
29.84,0.060961,26.083,190.36,0.053231
29.59,0.060147,25.884,190.38,0.052218
29.102,0.059891,25.445,190.87,0.051652
28.461,0.060158,24.845,191.73,0.051537
27.649,0.060891,24.072,192.96,0.051794
26.694,0.062068,23.156,194.52,0.052401
25.63,0.063648,22.13,196.35,0.053327
24.156,0.066198,20.711,199,0.054927
22.648,0.069195,19.263,201.81,0.056888
21.176,0.0725,17.857,204.63,0.059119
19.794,0.075993,16.545,207.35,0.061542
18.628,0.079312,15.444,209.7,0.06391
17.586,0.082655,14.464,211.85,0.06637
16.673,0.085988,13.61,213.77,0.068907
15.891,0.089285,12.878,215.47,0.071508
15.291,0.092217,12.317,216.81,0.073906
14.795,0.095071,11.85,217.95,0.076325
14.401,0.097811,11.475,218.91,0.078734
14.111,0.10039,11.193,219.68,0.081094
13.916,0.10294,10.993,220.28,0.083536
13.842,0.10518,10.899,220.65,0.085798
13.885,0.10705,10.908,220.81,0.08782
14.034,0.10852,11.01,220.76,0.08956
14.275,0.1096,11.194,220.53,0.090988
14.595,0.11028,11.448,220.15,0.092099
14.981,0.11059,11.762,219.64,0.092892
15.424,0.11054,12.13,219.01,0.093371
15.975,0.1101,12.595,218.2,0.093538
16.596,0.10922,13.126,217.24,0.093318
17.29,0.10792,13.729,216.14,0.092701
18.061,0.10618,14.41,214.88,0.091682
18.844,0.10419,15.109,213.58,0.090387
19.679,0.10189,15.867,212.16,0.088782
20.552,0.09933,16.668,210.64,0.086911
21.44,0.096592,17.494,209.07,0.084828
22.339,0.093692,18.342,207.44,0.082548
23.213,0.090743,19.179,205.82,0.080163
24.053,0.087784,19.994,204.22,0.077707
24.86,0.084825,20.788,202.63,0.075197
25.575,0.082108,21.501,201.18,0.072851
26.275,0.079372,22.208,199.72,0.070454
26.963,0.076615,22.911,198.24,0.068009
27.634,0.073854,23.606,196.75,0.065532
28.262,0.071182,24.265,195.3,0.063106
28.835,0.068606,24.876,193.91,0.060736
29.318,0.066208,25.404,192.64,0.058488
29.673,0.064077,25.809,191.57,0.056439
29.86,0.062294,26.05,190.78,0.054658
29.841,0.060963,26.083,190.36,0.053233
29.591,0.060149,25.885,190.38,0.05222
29.103,0.059893,25.445,190.87,0.051654
28.461,0.06016,24.845,191.73,0.05154
27.65,0.060894,24.072,192.96,0.051796
26.694,0.06207,23.155,194.52,0.052404
25.63,0.063651,22.13,196.35,0.05333
24.156,0.066201,20.711,199,0.05493
22.648,0.069197,19.263,201.81,0.056891
21.176,0.072502,17.857,204.63,0.059121
19.795,0.075995,16.545,207.35,0.061544
18.628,0.079313,15.444,209.7,0.063912
17.586,0.082657,14.465,211.85,0.066372
16.674,0.08599,13.61,213.77,0.068909
15.891,0.089287,12.878,215.47,0.07151
15.292,0.092219,12.317,216.8,0.073908
14.795,0.095073,11.85,217.95,0.076327
14.401,0.097813,11.475,218.91,0.078736
14.112,0.10039,11.194,219.68,0.081096
13.916,0.10294,10.993,220.28,0.083538
13.843,0.10518,10.9,220.65,0.085799
13.885,0.10705,10.908,220.81,0.087821
14.034,0.10852,11.01,220.76,0.089561
14.276,0.1096,11.194,220.53,0.090989
14.596,0.11028,11.448,220.15,0.092099
14.982,0.11059,11.763,219.64,0.092892
15.425,0.11054,12.13,219.01,0.093371
15.976,0.1101,12.595,218.2,0.093538
16.596,0.10922,13.126,217.24,0.093318
17.29,0.10792,13.73,216.14,0.0927
18.062,0.10617,14.41,214.88,0.091682
18.844,0.10419,15.11,213.58,0.090386
19.68,0.10189,15.867,212.16,0.088781
20.553,0.099329,16.668,210.64,0.086909
21.441,0.096591,17.495,209.07,0.084827
22.339,0.09369,18.343,207.44,0.082547
23.213,0.090741,19.179,205.82,0.080161
24.054,0.087782,19.994,204.22,0.077706
24.86,0.084823,20.788,202.63,0.075196
25.575,0.082107,21.501,201.18,0.07285
26.275,0.079371,22.208,199.72,0.070453
26.963,0.076613,22.912,198.24,0.068008
27.635,0.073852,23.607,196.75,0.065531
28.262,0.07118,24.266,195.3,0.063105
28.835,0.068605,24.876,193.91,0.060734
29.318,0.066207,25.405,192.64,0.058486
29.673,0.064076,25.81,191.57,0.056438
29.86,0.062293,26.05,190.78,0.054657
29.841,0.060962,26.083,190.36,0.053232
29.591,0.060148,25.885,190.38,0.05222
29.103,0.059892,25.445,190.87,0.051654
28.461,0.06016,24.845,191.73,0.051539
27.649,0.060893,24.072,192.96,0.051796
26.694,0.06207,23.155,194.52,0.052403
25.629,0.063651,22.13,196.35,0.05333
24.156,0.066201,20.711,199,0.054929
22.648,0.069197,19.263,201.81,0.056891
21.176,0.072502,17.857,204.63,0.059121
19.795,0.075994,16.545,207.35,0.061543
18.628,0.079313,15.444,209.7,0.063911
17.586,0.082656,14.465,211.85,0.066371
16.674,0.085989,13.61,213.77,0.068908
15.891,0.089286,12.878,215.47,0.07151
15.292,0.092218,12.317,216.8,0.073907
14.795,0.095072,11.85,217.95,0.076326
14.401,0.097812,11.475,218.91,0.078735
14.112,0.10039,11.194,219.68,0.081095
13.916,0.10294,10.993,220.28,0.083537
13.843,0.10518,10.9,220.65,0.085798
13.885,0.10705,10.908,220.81,0.08782
14.034,0.10852,11.01,220.76,0.08956
14.276,0.1096,11.194,220.53,0.090988
14.596,0.11028,11.448,220.15,0.092098
14.982,0.11059,11.763,219.64,0.092891
15.425,0.11054,12.13,219.01,0.09337
15.976,0.1101,12.595,218.2,0.093537
16.596,0.10922,13.126,217.24,0.093317
17.29,0.10791,13.73,216.14,0.092699
18.062,0.10617,14.41,214.88,0.091681
18.844,0.10419,15.11,213.58,0.090385
19.68,0.10188,15.867,212.15,0.08878
20.553,0.099328,16.668,210.64,0.086908
21.441,0.09659,17.495,209.07,0.084826
22.339,0.093689,18.343,207.44,0.082546
23.213,0.09074,19.179,205.82,0.08016
24.054,0.087781,19.995,204.22,0.077705
24.86,0.084823,20.788,202.63,0.075195
25.575,0.082106,21.501,201.18,0.072849
26.275,0.07937,22.208,199.72,0.070453
26.963,0.076613,22.912,198.24,0.068007
27.635,0.073852,23.607,196.75,0.06553
28.262,0.07118,24.266,195.3,0.063105
28.835,0.068605,24.876,193.91,0.060734
29.318,0.066206,25.405,192.64,0.058486
29.673,0.064075,25.81,191.57,0.056438
29.86,0.062292,26.05,190.78,0.054656
29.841,0.060961,26.083,190.36,0.053232
29.591,0.060147,25.885,190.38,0.052219
29.103,0.059892,25.445,190.87,0.051653
28.461,0.060159,24.845,191.73,0.051539
27.649,0.060893,24.072,192.96,0.051795
26.694,0.06207,23.155,194.52,0.052403
25.629,0.063651,22.13,196.35,0.053329
24.156,0.066201,20.711,199,0.054929
22.648,0.069196,19.263,201.81,0.05689
21.176,0.072501,17.857,204.63,0.05912
19.795,0.075994,16.545,207.35,0.061543
18.628,0.079312,15.444,209.7,0.063911
17.586,0.082656,14.465,211.85,0.066371
16.674,0.085989,13.61,213.77,0.068908
15.891,0.089286,12.878,215.47,0.071509
15.292,0.092217,12.317,216.8,0.073907
14.795,0.095071,11.85,217.95,0.076325
14.401,0.097811,11.475,218.91,0.078735
14.112,0.10039,11.194,219.68,0.081094
13.916,0.10294,10.993,220.28,0.083536
13.843,0.10518,10.9,220.65,0.085798
13.885,0.10705,10.908,220.81,0.08782
14.034,0.10852,11.01,220.76,0.089559
14.276,0.1096,11.194,220.53,0.090988
14.596,0.11028,11.448,220.15,0.092098
14.982,0.11059,11.763,219.64,0.092891
15.425,0.11054,12.13,219.01,0.093369
15.976,0.1101,12.595,218.2,0.093537
16.596,0.10922,13.126,217.24,0.093316
17.29,0.10791,13.73,216.14,0.092699
18.062,0.10617,14.41,214.88,0.09168
18.844,0.10419,15.11,213.58,0.090385
19.68,0.10188,15.867,212.15,0.088779
20.553,0.099328,16.668,210.64,0.086908
21.441,0.09659,17.495,209.07,0.084826
22.339,0.093689,18.343,207.44,0.082546
23.213,0.09074,19.179,205.82,0.08016
24.054,0.087781,19.995,204.22,0.077705
24.86,0.084823,20.788,202.63,0.075195
25.575,0.082106,21.501,201.18,0.072849
26.275,0.07937,22.208,199.72,0.070452
26.963,0.076613,22.912,198.24,0.068007
27.635,0.073852,23.607,196.75,0.06553
28.262,0.07118,24.266,195.3,0.063104
28.835,0.068605,24.876,193.91,0.060734
29.318,0.066206,25.405,192.64,0.058486
29.673,0.064075,25.81,191.57,0.056438
29.86,0.062292,26.05,190.78,0.054656
29.841,0.060961,26.083,190.36,0.053231
29.591,0.060147,25.885,190.38,0.052219
29.103,0.059892,25.445,190.87,0.051653
28.461,0.060159,24.845,191.73,0.051539
27.649,0.060893,24.072,192.96,0.051795
26.694,0.06207,23.155,194.52,0.052403
25.629,0.063651,22.13,196.35,0.053329
24.156,0.0662,20.711,199,0.054929
22.648,0.069196,19.263,201.81,0.05689
21.176,0.072501,17.857,204.63,0.05912
19.795,0.075994,16.545,207.35,0.061543
18.628,0.079312,15.444,209.7,0.063911
17.586,0.082655,14.465,211.85,0.066371
16.674,0.085989,13.61,213.77,0.068908
15.891,0.089286,12.878,215.47,0.071509
15.292,0.092217,12.317,216.8,0.073907
14.795,0.095071,11.85,217.95,0.076325
14.401,0.097811,11.475,218.91,0.078735
14.112,0.10039,11.194,219.68,0.081094
13.916,0.10294,10.993,220.28,0.083536
13.843,0.10518,10.9,220.65,0.085798
13.885,0.10705,10.908,220.81,0.08782
14.034,0.10852,11.01,220.76,0.089559
14.276,0.1096,11.194,220.53,0.090988
14.596,0.11028,11.448,220.15,0.092098
14.982,0.11059,11.763,219.64,0.092891
15.425,0.11054,12.13,219.01,0.093369
15.976,0.1101,12.595,218.2,0.093537
16.596,0.10922,13.126,217.24,0.093316
17.29,0.10791,13.73,216.14,0.092699
18.062,0.10617,14.41,214.88,0.09168
18.844,0.10419,15.11,213.58,0.090385
19.68,0.10188,15.867,212.15,0.088779
20.553,0.099328,16.668,210.64,0.086908
21.441,0.09659,17.495,209.07,0.084826
22.339,0.093689,18.343,207.44,0.082546
23.213,0.09074,19.179,205.82,0.08016
24.054,0.087781,19.994,204.22,0.077705
24.86,0.084823,20.788,202.63,0.075195
25.575,0.082106,21.501,201.18,0.072849
26.275,0.07937,22.208,199.72,0.070452
26.963,0.076613,22.912,198.24,0.068007
27.635,0.073852,23.607,196.75,0.06553
28.262,0.07118,24.266,195.3,0.063104
28.835,0.068605,24.876,193.91,0.060734
29.318,0.066206,25.405,192.64,0.058486
29.673,0.064075,25.81,191.57,0.056438
29.86,0.062292,26.05,190.78,0.054656
29.841,0.060961,26.083,190.36,0.053231
29.591,0.060147,25.885,190.38,0.052219
29.103,0.059892,25.445,190.87,0.051653
28.461,0.060159,24.845,191.73,0.051539
27.649,0.060893,24.072,192.96,0.051795
26.694,0.06207,23.155,194.52,0.052403
25.629,0.063651,22.13,196.35,0.053329
24.156,0.0662,20.711,199,0.054929
22.648,0.069196,19.263,201.81,0.05689
21.176,0.072501,17.857,204.63,0.05912
19.795,0.075994,16.545,207.35,0.061543
18.628,0.079312,15.444,209.7,0.063911
17.586,0.082656,14.465,211.85,0.066371
16.674,0.085989,13.61,213.77,0.068908
15.891,0.089286,12.878,215.47,0.071509
15.292,0.092217,12.317,216.8,0.073907
14.795,0.095071,11.85,217.95,0.076325
14.401,0.097811,11.475,218.91,0.078735
14.112,0.10039,11.194,219.68,0.081094
13.916,0.10294,10.993,220.28,0.083536
13.843,0.10518,10.9,220.65,0.085798
13.885,0.10705,10.908,220.81,0.08782
14.034,0.10852,11.01,220.76,0.089559
14.276,0.1096,11.194,220.53,0.090988
14.596,0.11028,11.448,220.15,0.092098
14.982,0.11059,11.763,219.64,0.092891
15.425,0.11054,12.13,219.01,0.093369
15.976,0.1101,12.595,218.2,0.093537
16.596,0.10922,13.126,217.24,0.093316
17.29,0.10791,13.73,216.14,0.092699
18.062,0.10617,14.41,214.88,0.09168
18.844,0.10419,15.11,213.58,0.090385
19.68,0.10188,15.867,212.15,0.08878
20.553,0.099328,16.668,210.64,0.086908
21.441,0.09659,17.495,209.07,0.084826
22.339,0.093689,18.343,207.44,0.082546
23.213,0.09074,19.179,205.82,0.08016
24.054,0.087781,19.994,204.22,0.077705
24.86,0.084823,20.788,202.63,0.075195
25.575,0.082106,21.501,201.18,0.072849
26.275,0.07937,22.208,199.72,0.070452
26.963,0.076613,22.912,198.24,0.068007
27.635,0.073852,23.607,196.75,0.06553
28.262,0.07118,24.266,195.3,0.063104
28.835,0.068605,24.876,193.91,0.060734
29.318,0.066206,25.405,192.64,0.058486
29.673,0.064075,25.81,191.57,0.056438
29.86,0.062292,26.05,190.78,0.054656
29.841,0.060961,26.083,190.36,0.053231
29.591,0.060147,25.885,190.38,0.052219
29.103,0.059892,25.445,190.87,0.051653
28.461,0.060159,24.845,191.73,0.051539
27.649,0.060893,24.072,192.96,0.051795
26.694,0.06207,23.155,194.52,0.052403
25.629,0.063651,22.13,196.35,0.053329
24.156,0.0662,20.711,199,0.054929
22.648,0.069196,19.263,201.81,0.05689
21.176,0.072501,17.857,204.63,0.05912
19.795,0.075994,16.545,207.35,0.061543
18.628,0.079312,15.444,209.7,0.063911
17.586,0.082656,14.465,211.85,0.066371
16.674,0.085989,13.61,213.77,0.068908
15.891,0.089286,12.878,215.47,0.071509
15.292,0.092217,12.317,216.8,0.073907
14.795,0.095071,11.85,217.95,0.076325
14.401,0.097811,11.475,218.91,0.078735
14.112,0.10039,11.194,219.68,0.081094
13.916,0.10294,10.993,220.28,0.083536
13.843,0.10518,10.9,220.65,0.085798
13.885,0.10705,10.908,220.81,0.08782
14.034,0.10852,11.01,220.76,0.089559
14.276,0.1096,11.194,220.53,0.090988
14.596,0.11028,11.448,220.15,0.092098
14.982,0.11059,11.763,219.64,0.092891
15.425,0.11054,12.13,219.01,0.093369
15.976,0.1101,12.595,218.2,0.093537
16.596,0.10922,13.126,217.24,0.093316
17.29,0.10791,13.73,216.14,0.092699
18.062,0.10617,14.41,214.88,0.09168
18.844,0.10419,15.11,213.58,0.090385
19.68,0.10188,15.867,212.15,0.08878
20.553,0.099328,16.668,210.64,0.086908
21.441,0.09659,17.495,209.07,0.084826
22.339,0.093689,18.343,207.44,0.082546
23.213,0.09074,19.179,205.82,0.08016
24.054,0.087781,19.994,204.22,0.077705
24.86,0.084823,20.788,202.63,0.075195
25.575,0.082106,21.501,201.18,0.072849
26.275,0.07937,22.208,199.72,0.070452
26.963,0.076613,22.912,198.24,0.068007
27.635,0.073852,23.607,196.75,0.06553
28.262,0.07118,24.266,195.3,0.063104
28.835,0.068605,24.876,193.91,0.060734
29.318,0.066206,25.405,192.64,0.058486
29.673,0.064075,25.81,191.57,0.056438
29.86,0.062292,26.05,190.78,0.054656
29.841,0.060961,26.083,190.36,0.053231
29.591,0.060147,25.885,190.38,0.052219
29.103,0.059892,25.445,190.87,0.051653
28.461,0.060159,24.845,191.73,0.051539
27.649,0.060893,24.072,192.96,0.051795
26.694,0.06207,23.155,194.52,0.052403
25.629,0.063651,22.13,196.35,0.053329
24.156,0.0662,20.711,199,0.054929
22.648,0.069196,19.263,201.81,0.05689
21.176,0.072501,17.857,204.63,0.05912
19.795,0.075994,16.545,207.35,0.061543
18.628,0.079312,15.444,209.7,0.063911
17.586,0.082656,14.465,211.85,0.066371
16.674,0.085989,13.61,213.77,0.068908
15.891,0.089286,12.878,215.47,0.071509
15.292,0.092217,12.317,216.8,0.073907
14.795,0.095071,11.85,217.95,0.076325
14.401,0.097811,11.475,218.91,0.078735
14.112,0.10039,11.194,219.68,0.081094
13.916,0.10294,10.993,220.28,0.083536
13.843,0.10518,10.9,220.65,0.085798
13.885,0.10705,10.908,220.81,0.08782
14.034,0.10852,11.01,220.76,0.089559
14.276,0.1096,11.194,220.53,0.090988
14.596,0.11028,11.448,220.15,0.092098
14.982,0.11059,11.763,219.64,0.092891
15.425,0.11054,12.13,219.01,0.093369
15.976,0.1101,12.595,218.2,0.093537
16.596,0.10922,13.126,217.24,0.093316
17.29,0.10791,13.73,216.14,0.092699
18.062,0.10617,14.41,214.88,0.09168
18.844,0.10419,15.11,213.58,0.090385
19.68,0.10188,15.867,212.15,0.08878
20.553,0.099328,16.668,210.64,0.086908
21.441,0.09659,17.495,209.07,0.084826
22.339,0.093689,18.343,207.44,0.082546
23.213,0.09074,19.179,205.82,0.08016
24.054,0.087781,19.994,204.22,0.077705
24.86,0.084823,20.788,202.63,0.075195
25.575,0.082106,21.501,201.18,0.072849
26.275,0.07937,22.208,199.72,0.070452
26.963,0.076613,22.912,198.24,0.068007
27.635,0.073852,23.607,196.75,0.06553
28.262,0.07118,24.266,195.3,0.063104
28.835,0.068605,24.876,193.91,0.060734
29.318,0.066206,25.405,192.64,0.058486
29.673,0.064075,25.81,191.57,0.056438
29.86,0.062292,26.05,190.78,0.054656
29.841,0.060961,26.083,190.36,0.053231
29.591,0.060147,25.885,190.38,0.052219
29.103,0.059892,25.445,190.87,0.051653
28.461,0.060159,24.845,191.73,0.051539
27.649,0.060893,24.072,192.96,0.051795
26.694,0.06207,23.155,194.52,0.052403
25.629,0.063651,22.13,196.35,0.053329
24.156,0.0662,20.711,199,0.054929
22.648,0.069196,19.263,201.81,0.05689
21.176,0.072501,17.857,204.63,0.05912
19.795,0.075994,16.545,207.35,0.061543
18.628,0.079312,15.444,209.7,0.063911
17.586,0.082656,14.465,211.85,0.066371
16.674,0.085989,13.61,213.77,0.068908
15.891,0.089286,12.878,215.47,0.071509
15.292,0.092217,12.317,216.8,0.073907
14.795,0.095071,11.85,217.95,0.076325
14.401,0.097811,11.475,218.91,0.078735
14.112,0.10039,11.194,219.68,0.081094
13.916,0.10294,10.993,220.28,0.083536
13.843,0.10518,10.9,220.65,0.085798
13.885,0.10705,10.908,220.81,0.08782
14.034,0.10852,11.01,220.76,0.089559
14.276,0.1096,11.194,220.53,0.090988
14.596,0.11028,11.448,220.15,0.092098
14.982,0.11059,11.763,219.64,0.092891
15.425,0.11054,12.13,219.01,0.093369
15.976,0.1101,12.595,218.2,0.093537
16.596,0.10922,13.126,217.24,0.093316
17.29,0.10791,13.73,216.14,0.092699
18.062,0.10617,14.41,214.88,0.09168
18.844,0.10419,15.11,213.58,0.090385
19.68,0.10188,15.867,212.15,0.08878
20.553,0.099328,16.668,210.64,0.086908
21.441,0.09659,17.495,209.07,0.084826
22.339,0.093689,18.343,207.44,0.082546
23.213,0.09074,19.179,205.82,0.08016
24.054,0.087781,19.994,204.22,0.077705
24.86,0.084823,20.788,202.63,0.075195
25.575,0.082106,21.501,201.18,0.072849
26.275,0.07937,22.208,199.72,0.070452
26.963,0.076613,22.912,198.24,0.068007
27.635,0.073852,23.607,196.75,0.06553
28.262,0.07118,24.266,195.3,0.063104
28.835,0.068605,24.876,193.91,0.060734
29.318,0.066206,25.405,192.64,0.058486
29.673,0.064075,25.81,191.57,0.056438
29.86,0.062292,26.05,190.78,0.054656
29.841,0.060961,26.083,190.36,0.053231
29.591,0.060147,25.885,190.38,0.052219
29.103,0.059892,25.445,190.87,0.051653
28.461,0.060159,24.845,191.73,0.051539
27.649,0.060893,24.072,192.96,0.051795
26.694,0.06207,23.155,194.52,0.052403
25.629,0.063651,22.13,196.35,0.053329
24.156,0.0662,20.711,199,0.054929
22.648,0.069196,19.263,201.81,0.05689
21.176,0.072501,17.857,204.63,0.05912
19.795,0.075994,16.545,207.35,0.061543
18.628,0.079312,15.444,209.7,0.063911
17.586,0.082656,14.465,211.85,0.066371
16.674,0.085989,13.61,213.77,0.068908
15.891,0.089286,12.878,215.47,0.071509
15.292,0.092217,12.317,216.8,0.073907
14.795,0.095071,11.85,217.95,0.076325
14.401,0.097811,11.475,218.91,0.078735
14.112,0.10039,11.194,219.68,0.081094
13.916,0.10294,10.993,220.28,0.083536
13.843,0.10518,10.9,220.65,0.085798
13.885,0.10705,10.908,220.81,0.08782
14.034,0.10852,11.01,220.76,0.089559
14.276,0.1096,11.194,220.53,0.090988
14.596,0.11028,11.448,220.15,0.092098
14.982,0.11059,11.763,219.64,0.092891
15.425,0.11054,12.13,219.01,0.093369
15.976,0.1101,12.595,218.2,0.093537
16.596,0.10922,13.126,217.24,0.093316
17.29,0.10791,13.73,216.14,0.092699
18.062,0.10617,14.41,214.88,0.09168
18.844,0.10419,15.11,213.58,0.090385
19.68,0.10188,15.867,212.15,0.08878
20.553,0.099328,16.668,210.64,0.086908
21.441,0.09659,17.495,209.07,0.084826
22.339,0.093689,18.343,207.44,0.082546
23.213,0.09074,19.179,205.82,0.08016
24.054,0.087781,19.994,204.22,0.077705
24.86,0.084823,20.788,202.63,0.075195
25.575,0.082106,21.501,201.18,0.072849
26.275,0.07937,22.208,199.72,0.070452
26.963,0.076613,22.912,198.24,0.068007
27.635,0.073852,23.607,196.75,0.06553
28.262,0.07118,24.266,195.3,0.063104
28.835,0.068605,24.876,193.91,0.060734
29.318,0.066206,25.405,192.64,0.058486
29.673,0.064075,25.81,191.57,0.056438
29.86,0.062292,26.05,190.78,0.054656
29.841,0.060961,26.083,190.36,0.053231
29.591,0.060147,25.885,190.38,0.052219
29.103,0.059892,25.445,190.87,0.051653
28.461,0.060159,24.845,191.73,0.051539
27.649,0.060893,24.072,192.96,0.051795
26.694,0.06207,23.155,194.52,0.052403
25.629,0.063651,22.13,196.35,0.053329
24.156,0.0662,20.711,199,0.054929
22.648,0.069196,19.263,201.81,0.05689
21.176,0.072501,17.857,204.63,0.05912
19.795,0.075994,16.545,207.35,0.061543
18.628,0.079312,15.444,209.7,0.063911
17.586,0.082656,14.465,211.85,0.066371
16.674,0.085989,13.61,213.77,0.068908
15.891,0.089286,12.878,215.47,0.071509
15.292,0.092217,12.317,216.8,0.073907
14.795,0.095071,11.85,217.95,0.076325
14.401,0.097811,11.475,218.91,0.078735
14.112,0.10039,11.194,219.68,0.081094
13.916,0.10294,10.993,220.28,0.083536
13.843,0.10518,10.9,220.65,0.085798
13.885,0.10705,10.908,220.81,0.08782
14.034,0.10852,11.01,220.76,0.089559
14.276,0.1096,11.194,220.53,0.090988
14.596,0.11028,11.448,220.15,0.092098
14.982,0.11059,11.763,219.64,0.092891
15.425,0.11054,12.13,219.01,0.093369
15.976,0.1101,12.595,218.2,0.093537
16.596,0.10922,13.126,217.24,0.093316
17.29,0.10791,13.73,216.14,0.092699
18.062,0.10617,14.41,214.88,0.09168
18.844,0.10419,15.11,213.58,0.090385
19.68,0.10188,15.867,212.15,0.08878
20.553,0.099328,16.668,210.64,0.086908
21.441,0.09659,17.495,209.07,0.084826
22.339,0.093689,18.343,207.44,0.082546
23.213,0.09074,19.179,205.82,0.08016
24.054,0.087781,19.994,204.22,0.077705
24.86,0.084823,20.788,202.63,0.075195
25.575,0.082106,21.501,201.18,0.072849
26.275,0.07937,22.208,199.72,0.070452
26.963,0.076613,22.912,198.24,0.068007
27.635,0.073852,23.607,196.75,0.06553
28.262,0.07118,24.266,195.3,0.063104
28.835,0.068605,24.876,193.91,0.060734
29.318,0.066206,25.405,192.64,0.058486
29.673,0.064075,25.81,191.57,0.056438
29.86,0.062292,26.05,190.78,0.054656
29.841,0.060961,26.083,190.36,0.053231
29.591,0.060147,25.885,190.38,0.052219
29.103,0.059892,25.445,190.87,0.051653
28.461,0.060159,24.845,191.73,0.051539
27.649,0.060893,24.072,192.96,0.051795
26.694,0.06207,23.155,194.52,0.052403
25.629,0.063651,22.13,196.35,0.053329
24.156,0.0662,20.711,199,0.054929
22.648,0.069196,19.263,201.81,0.05689
21.176,0.072501,17.857,204.63,0.05912
19.795,0.075994,16.545,207.35,0.061543
18.628,0.079312,15.444,209.7,0.063911
17.586,0.082656,14.465,211.85,0.066371
16.674,0.085989,13.61,213.77,0.068908
15.891,0.089286,12.878,215.47,0.071509
15.292,0.092217,12.317,216.8,0.073907
14.795,0.095071,11.85,217.95,0.076325
14.401,0.097811,11.475,218.91,0.078735
14.112,0.10039,11.194,219.68,0.081094
13.916,0.10294,10.993,220.28,0.083536
13.843,0.10518,10.9,220.65,0.085798
13.885,0.10705,10.908,220.81,0.08782
14.034,0.10852,11.01,220.76,0.089559
14.276,0.1096,11.194,220.53,0.090988
14.596,0.11028,11.448,220.15,0.092098
14.982,0.11059,11.763,219.64,0.092891
15.425,0.11054,12.13,219.01,0.093369
15.976,0.1101,12.595,218.2,0.093537
16.596,0.10922,13.126,217.24,0.093316
17.29,0.10791,13.73,216.14,0.092699
18.062,0.10617,14.41,214.88,0.09168
18.844,0.10419,15.11,213.58,0.090385
19.68,0.10188,15.867,212.15,0.08878
20.553,0.099328,16.668,210.64,0.086908
21.441,0.09659,17.495,209.07,0.084826
22.339,0.093689,18.343,207.44,0.082546
23.213,0.09074,19.179,205.82,0.08016
24.054,0.087781,19.994,204.22,0.077705
24.86,0.084823,20.788,202.63,0.075195
25.575,0.082106,21.501,201.18,0.072849
26.275,0.07937,22.208,199.72,0.070452
26.963,0.076613,22.912,198.24,0.068007
27.635,0.073852,23.607,196.75,0.06553
28.262,0.07118,24.266,195.3,0.063104
28.835,0.068605,24.876,193.91,0.060734
29.318,0.066206,25.405,192.64,0.058486
29.673,0.064075,25.81,191.57,0.056438
29.86,0.062292,26.05,190.78,0.054656
29.841,0.060961,26.083,190.36,0.053231
29.591,0.060147,25.885,190.38,0.052219
29.103,0.059892,25.445,190.87,0.051653
28.461,0.060159,24.845,191.73,0.051539
27.649,0.060893,24.072,192.96,0.051795
26.694,0.06207,23.155,194.52,0.052403
25.629,0.063651,22.13,196.35,0.053329
24.156,0.0662,20.711,199,0.054929
22.648,0.069196,19.263,201.81,0.05689
21.176,0.072501,17.857,204.63,0.05912
19.795,0.075994,16.545,207.35,0.061543
18.628,0.079312,15.444,209.7,0.063911
17.586,0.082656,14.465,211.85,0.066371
16.674,0.085989,13.61,213.77,0.068908
15.891,0.089286,12.878,215.47,0.071509
15.292,0.092217,12.317,216.8,0.073907
14.795,0.095071,11.85,217.95,0.076325
14.401,0.097811,11.475,218.91,0.078735
14.112,0.10039,11.194,219.68,0.081094
13.916,0.10294,10.993,220.28,0.083536
13.843,0.10518,10.9,220.65,0.085798
13.885,0.10705,10.908,220.81,0.08782
14.034,0.10852,11.01,220.76,0.089559
14.276,0.1096,11.194,220.53,0.090988
14.596,0.11028,11.448,220.15,0.092098
14.982,0.11059,11.763,219.64,0.092891
15.425,0.11054,12.13,219.01,0.093369
15.976,0.1101,12.595,218.2,0.093537
16.596,0.10922,13.126,217.24,0.093316
17.29,0.10791,13.73,216.14,0.092699
18.062,0.10617,14.41,214.88,0.09168
18.844,0.10419,15.11,213.58,0.090385
19.68,0.10188,15.867,212.15,0.08878
20.553,0.099328,16.668,210.64,0.086908
21.441,0.09659,17.495,209.07,0.084826
22.339,0.093689,18.343,207.44,0.082546
23.213,0.09074,19.179,205.82,0.08016
24.054,0.087781,19.994,204.22,0.077705
24.86,0.084823,20.788,202.63,0.075195
25.575,0.082106,21.501,201.18,0.072849
26.275,0.07937,22.208,199.72,0.070452
26.963,0.076613,22.912,198.24,0.068007
27.635,0.073852,23.607,196.75,0.06553
28.262,0.07118,24.266,195.3,0.063104
28.835,0.068605,24.876,193.91,0.060734
29.318,0.066206,25.405,192.64,0.058486
29.673,0.064075,25.81,191.57,0.056438
29.86,0.062292,26.05,190.78,0.054656
29.841,0.060961,26.083,190.36,0.053231
29.591,0.060147,25.885,190.38,0.052219
29.103,0.059892,25.445,190.87,0.051653
28.461,0.060159,24.845,191.73,0.051539
27.649,0.060893,24.072,192.96,0.051795
26.694,0.06207,23.155,194.52,0.052403
25.629,0.063651,22.13,196.35,0.053329
24.156,0.0662,20.711,199,0.054929
22.648,0.069196,19.263,201.81,0.05689
21.176,0.072501,17.857,204.63,0.05912
19.795,0.075994,16.545,207.35,0.061543
18.628,0.079312,15.444,209.7,0.063911
17.586,0.082656,14.465,211.85,0.066371
16.674,0.085989,13.61,213.77,0.068908
15.891,0.089286,12.878,215.47,0.071509
15.292,0.092217,12.317,216.8,0.073907
14.795,0.095071,11.85,217.95,0.076325
14.401,0.097811,11.475,218.91,0.078735
14.112,0.10039,11.194,219.68,0.081094
13.916,0.10294,10.993,220.28,0.083536
13.843,0.10518,10.9,220.65,0.085798
13.885,0.10705,10.908,220.81,0.08782
14.034,0.10852,11.01,220.76,0.089559
14.276,0.1096,11.194,220.53,0.090988
14.596,0.11028,11.448,220.15,0.092098
14.982,0.11059,11.763,219.64,0.092891
15.425,0.11054,12.13,219.01,0.093369
15.976,0.1101,12.595,218.2,0.093537
16.596,0.10922,13.126,217.24,0.093316
17.29,0.10791,13.73,216.14,0.092699
18.062,0.10617,14.41,214.88,0.09168
18.844,0.10419,15.11,213.58,0.090385
19.68,0.10188,15.867,212.15,0.08878
20.553,0.099328,16.668,210.64,0.086908
21.441,0.09659,17.495,209.07,0.084826
22.339,0.093689,18.343,207.44,0.082546
23.213,0.09074,19.179,205.82,0.08016
24.054,0.087781,19.994,204.22,0.077705
24.86,0.084823,20.788,202.63,0.075195
25.575,0.082106,21.501,201.18,0.072849
26.275,0.07937,22.208,199.72,0.070452
26.963,0.076613,22.912,198.24,0.068007
27.635,0.073852,23.607,196.75,0.06553
28.262,0.07118,24.266,195.3,0.063104
28.835,0.068605,24.876,193.91,0.060734
29.318,0.066206,25.405,192.64,0.058486
29.673,0.064075,25.81,191.57,0.056438
29.86,0.062292,26.05,190.78,0.054656
29.841,0.060961,26.083,190.36,0.053231
29.591,0.060147,25.885,190.38,0.052219
29.103,0.059892,25.445,190.87,0.051653
28.461,0.060159,24.845,191.73,0.051539
27.649,0.060893,24.072,192.96,0.051795
26.694,0.06207,23.155,194.52,0.052403
25.629,0.063651,22.13,196.35,0.053329
24.156,0.0662,20.711,199,0.054929
22.648,0.069196,19.263,201.81,0.05689
21.176,0.072501,17.857,204.63,0.05912
19.795,0.075994,16.545,207.35,0.061543
18.628,0.079312,15.444,209.7,0.063911
17.586,0.082656,14.465,211.85,0.066371
16.674,0.085989,13.61,213.77,0.068908
15.891,0.089286,12.878,215.47,0.071509
15.292,0.092217,12.317,216.8,0.073907
14.795,0.095071,11.85,217.95,0.076325
14.401,0.097811,11.475,218.91,0.078735
14.112,0.10039,11.194,219.68,0.081094
13.916,0.10294,10.993,220.28,0.083536
13.843,0.10518,10.9,220.65,0.085798
13.885,0.10705,10.908,220.81,0.08782
14.034,0.10852,11.01,220.76,0.089559
14.276,0.1096,11.194,220.53,0.090988
14.596,0.11028,11.448,220.15,0.092098
14.982,0.11059,11.763,219.64,0.092891
15.425,0.11054,12.13,219.01,0.093369
15.976,0.1101,12.595,218.2,0.093537
16.596,0.10922,13.126,217.24,0.093316
17.29,0.10791,13.73,216.14,0.092699
18.062,0.10617,14.41,214.88,0.09168
18.844,0.10419,15.11,213.58,0.090385
19.68,0.10188,15.867,212.15,0.08878
20.553,0.099328,16.668,210.64,0.086908
21.441,0.09659,17.495,209.07,0.084826
22.339,0.093689,18.343,207.44,0.082546
23.213,0.09074,19.179,205.82,0.08016
24.054,0.087781,19.994,204.22,0.077705
24.86,0.084823,20.788,202.63,0.075195
25.575,0.082106,21.501,201.18,0.072849
26.275,0.07937,22.208,199.72,0.070452
26.963,0.076613,22.912,198.24,0.068007
27.635,0.073852,23.607,196.75,0.06553
28.262,0.07118,24.266,195.3,0.063104
28.835,0.068605,24.876,193.91,0.060734
29.318,0.066206,25.405,192.64,0.058486
29.673,0.064075,25.81,191.57,0.056438
29.86,0.062292,26.05,190.78,0.054656
29.841,0.060961,26.083,190.36,0.053231
29.591,0.060147,25.885,190.38,0.052219
29.103,0.059892,25.445,190.87,0.051653
28.461,0.060159,24.845,191.73,0.051539
27.649,0.060893,24.072,192.96,0.051795
26.694,0.06207,23.155,194.52,0.052403
25.629,0.063651,22.13,196.35,0.053329
24.156,0.0662,20.711,199,0.054929
22.648,0.069196,19.263,201.81,0.05689
21.176,0.072501,17.857,204.63,0.05912
19.795,0.075994,16.545,207.35,0.061543
18.628,0.079312,15.444,209.7,0.063911
17.586,0.082656,14.465,211.85,0.066371
16.674,0.085989,13.61,213.77,0.068908
15.891,0.089286,12.878,215.47,0.071509
15.292,0.092217,12.317,216.8,0.073907
14.795,0.095071,11.85,217.95,0.076325
14.401,0.097811,11.475,218.91,0.078735
14.112,0.10039,11.194,219.68,0.081094
13.916,0.10294,10.993,220.28,0.083536
13.843,0.10518,10.9,220.65,0.085798
13.885,0.10705,10.908,220.81,0.08782
14.034,0.10852,11.01,220.76,0.089559
14.276,0.1096,11.194,220.53,0.090988
14.596,0.11028,11.448,220.15,0.092098
14.982,0.11059,11.763,219.64,0.092891
15.425,0.11054,12.13,219.01,0.093369
15.976,0.1101,12.595,218.2,0.093537
16.596,0.10922,13.126,217.24,0.093316
17.29,0.10791,13.73,216.14,0.092699
18.062,0.10617,14.41,214.88,0.09168
18.844,0.10419,15.11,213.58,0.090385
19.68,0.10188,15.867,212.15,0.08878
20.553,0.099328,16.668,210.64,0.086908
21.441,0.09659,17.495,209.07,0.084826
22.339,0.093689,18.343,207.44,0.082546
23.213,0.09074,19.179,205.82,0.08016
24.054,0.087781,19.994,204.22,0.077705
24.86,0.084823,20.788,202.63,0.075195
25.575,0.082106,21.501,201.18,0.072849
26.275,0.07937,22.208,199.72,0.070452
26.963,0.076613,22.912,198.24,0.068007
27.635,0.073852,23.607,196.75,0.06553
28.262,0.07118,24.266,195.3,0.063104
28.835,0.068605,24.876,193.91,0.060734
29.318,0.066206,25.405,192.64,0.058486
29.673,0.064075,25.81,191.57,0.056438
29.86,0.062292,26.05,190.78,0.054656
29.841,0.060961,26.083,190.36,0.053231
29.591,0.060147,25.885,190.38,0.052219
29.103,0.059892,25.445,190.87,0.051653
28.461,0.060159,24.845,191.73,0.051539
27.649,0.060893,24.072,192.96,0.051795
26.694,0.06207,23.155,194.52,0.052403
25.629,0.063651,22.13,196.35,0.053329
24.156,0.0662,20.711,199,0.054929
22.648,0.069196,19.263,201.81,0.05689
21.176,0.072501,17.857,204.63,0.05912
19.795,0.075994,16.545,207.35,0.061543
18.628,0.079312,15.444,209.7,0.063911
17.586,0.082656,14.465,211.85,0.066371
16.674,0.085989,13.61,213.77,0.068908
15.891,0.089286,12.878,215.47,0.071509
15.292,0.092217,12.317,216.8,0.073907
14.795,0.095071,11.85,217.95,0.076325
14.401,0.097811,11.475,218.91,0.078735
14.112,0.10039,11.194,219.68,0.081094
13.916,0.10294,10.993,220.28,0.083536
13.843,0.10518,10.9,220.65,0.085798
13.885,0.10705,10.908,220.81,0.08782
14.034,0.10852,11.01,220.76,0.089559
14.276,0.1096,11.194,220.53,0.090988
14.596,0.11028,11.448,220.15,0.092098
14.982,0.11059,11.763,219.64,0.092891
15.425,0.11054,12.13,219.01,0.093369
15.976,0.1101,12.595,218.2,0.093537
16.596,0.10922,13.126,217.24,0.093316
17.29,0.10791,13.73,216.14,0.092699
18.062,0.10617,14.41,214.88,0.09168
18.844,0.10419,15.11,213.58,0.090385
19.68,0.10188,15.867,212.15,0.08878
20.553,0.099328,16.668,210.64,0.086908
21.441,0.09659,17.495,209.07,0.084826
22.339,0.093689,18.343,207.44,0.082546
23.213,0.09074,19.179,205.82,0.08016
24.054,0.087781,19.994,204.22,0.077705
24.86,0.084823,20.788,202.63,0.075195
25.575,0.082106,21.501,201.18,0.072849
26.275,0.07937,22.208,199.72,0.070452
26.963,0.076613,22.912,198.24,0.068007
27.635,0.073852,23.607,196.75,0.06553
28.262,0.07118,24.266,195.3,0.063104
28.835,0.068605,24.876,193.91,0.060734
29.318,0.066206,25.405,192.64,0.058486
29.673,0.064075,25.81,191.57,0.056438
29.86,0.062292,26.05,190.78,0.054656
29.841,0.060961,26.083,190.36,0.053231
29.591,0.060147,25.885,190.38,0.052219
29.103,0.059892,25.445,190.87,0.051653
28.461,0.060159,24.845,191.73,0.051539
27.649,0.060893,24.072,192.96,0.051795
26.694,0.06207,23.155,194.52,0.052403
25.629,0.063651,22.13,196.35,0.053329
24.156,0.0662,20.711,199,0.054929
22.648,0.069196,19.263,201.81,0.05689
21.176,0.072501,17.857,204.63,0.05912
19.795,0.075994,16.545,207.35,0.061543
18.628,0.079312,15.444,209.7,0.063911
17.586,0.082656,14.465,211.85,0.066371
16.674,0.085989,13.61,213.77,0.068908
15.891,0.089286,12.878,215.47,0.071509
15.292,0.092217,12.317,216.8,0.073907
14.795,0.095071,11.85,217.95,0.076325
14.401,0.097811,11.475,218.91,0.078735
14.112,0.10039,11.194,219.68,0.081094
13.916,0.10294,10.993,220.28,0.083536
13.843,0.10518,10.9,220.65,0.085798
13.885,0.10705,10.908,220.81,0.08782
14.034,0.10852,11.01,220.76,0.089559
14.276,0.1096,11.194,220.53,0.090988
14.596,0.11028,11.448,220.15,0.092098
14.982,0.11059,11.763,219.64,0.092891
15.425,0.11054,12.13,219.01,0.093369
15.976,0.1101,12.595,218.2,0.093537
16.596,0.10922,13.126,217.24,0.093316
17.29,0.10791,13.73,216.14,0.092699
18.062,0.10617,14.41,214.88,0.09168
18.844,0.10419,15.11,213.58,0.090385
19.68,0.10188,15.867,212.15,0.08878
20.553,0.099328,16.668,210.64,0.086908
21.441,0.09659,17.495,209.07,0.084826
22.339,0.093689,18.343,207.44,0.082546
23.213,0.09074,19.179,205.82,0.08016
24.054,0.087781,19.994,204.22,0.077705
24.86,0.084823,20.788,202.63,0.075195
25.575,0.082106,21.501,201.18,0.072849
26.275,0.07937,22.208,199.72,0.070452
26.963,0.076613,22.912,198.24,0.068007
27.635,0.073852,23.607,196.75,0.06553
28.262,0.07118,24.266,195.3,0.063104
28.835,0.068605,24.876,193.91,0.060734
29.318,0.066206,25.405,192.64,0.058486
29.673,0.064075,25.81,191.57,0.056438
29.86,0.062292,26.05,190.78,0.054656
29.841,0.060961,26.083,190.36,0.053231
29.591,0.060147,25.885,190.38,0.052219
29.103,0.059892,25.445,190.87,0.051653
28.461,0.060159,24.845,191.73,0.051539
27.649,0.060893,24.072,192.96,0.051795
26.694,0.06207,23.155,194.52,0.052403
25.629,0.063651,22.13,196.35,0.053329
24.156,0.0662,20.711,199,0.054929
22.648,0.069196,19.263,201.81,0.05689
21.176,0.072501,17.857,204.63,0.05912
19.795,0.075994,16.545,207.35,0.061543
18.628,0.079312,15.444,209.7,0.063911
17.586,0.082656,14.465,211.85,0.066371
16.674,0.085989,13.61,213.77,0.068908
15.891,0.089286,12.878,215.47,0.071509
15.292,0.092217,12.317,216.8,0.073907
14.795,0.095071,11.85,217.95,0.076325
14.401,0.097811,11.475,218.91,0.078735
14.112,0.10039,11.194,219.68,0.081094
13.916,0.10294,10.993,220.28,0.083536
13.843,0.10518,10.9,220.65,0.085798
13.885,0.10705,10.908,220.81,0.08782
14.034,0.10852,11.01,220.76,0.089559
14.276,0.1096,11.194,220.53,0.090988
14.596,0.11028,11.448,220.15,0.092098
14.982,0.11059,11.763,219.64,0.092891
15.425,0.11054,12.13,219.01,0.093369
15.976,0.1101,12.595,218.2,0.093537
16.596,0.10922,13.126,217.24,0.093316
17.29,0.10791,13.73,216.14,0.092699
18.062,0.10617,14.41,214.88,0.09168
18.844,0.10419,15.11,213.58,0.090385
19.68,0.10188,15.867,212.15,0.08878
20.553,0.099328,16.668,210.64,0.086908
21.441,0.09659,17.495,209.07,0.084826
22.339,0.093689,18.343,207.44,0.082546
23.213,0.09074,19.179,205.82,0.08016
24.054,0.087781,19.994,204.22,0.077705
24.86,0.084823,20.788,202.63,0.075195
25.575,0.082106,21.501,201.18,0.072849
26.275,0.07937,22.208,199.72,0.070452
26.963,0.076613,22.912,198.24,0.068007
27.635,0.073852,23.607,196.75,0.06553
28.262,0.07118,24.266,195.3,0.063104
28.835,0.068605,24.876,193.91,0.060734
29.318,0.066206,25.405,192.64,0.058486
29.673,0.064075,25.81,191.57,0.056438
29.86,0.062292,26.05,190.78,0.054656
29.841,0.060961,26.083,190.36,0.053231
29.591,0.060147,25.885,190.38,0.052219
29.103,0.059892,25.445,190.87,0.051653
28.461,0.060159,24.845,191.73,0.051539
27.649,0.060893,24.072,192.96,0.051795
26.694,0.06207,23.155,194.52,0.052403
25.629,0.063651,22.13,196.35,0.053329
24.156,0.0662,20.711,199,0.054929
22.648,0.069196,19.263,201.81,0.05689
21.176,0.072501,17.857,204.63,0.05912
19.795,0.075994,16.545,207.35,0.061543
18.628,0.079312,15.444,209.7,0.063911
17.586,0.082656,14.465,211.85,0.066371
16.674,0.085989,13.61,213.77,0.068908
15.891,0.089286,12.878,215.47,0.071509
15.292,0.092217,12.317,216.8,0.073907
14.795,0.095071,11.85,217.95,0.076325
14.401,0.097811,11.475,218.91,0.078735
14.112,0.10039,11.194,219.68,0.081094
13.916,0.10294,10.993,220.28,0.083536
13.843,0.10518,10.9,220.65,0.085798
13.885,0.10705,10.908,220.81,0.08782
14.034,0.10852,11.01,220.76,0.089559
14.276,0.1096,11.194,220.53,0.090988
14.596,0.11028,11.448,220.15,0.092098
14.982,0.11059,11.763,219.64,0.092891
15.425,0.11054,12.13,219.01,0.093369
15.976,0.1101,12.595,218.2,0.093537
16.596,0.10922,13.126,217.24,0.093316
17.29,0.10791,13.73,216.14,0.092699
18.062,0.10617,14.41,214.88,0.09168
18.844,0.10419,15.11,213.58,0.090385
19.68,0.10188,15.867,212.15,0.08878
20.553,0.099328,16.668,210.64,0.086908
21.441,0.09659,17.495,209.07,0.084826
22.339,0.093689,18.343,207.44,0.082546
23.213,0.09074,19.179,205.82,0.08016
24.054,0.087781,19.994,204.22,0.077705
24.86,0.084823,20.788,202.63,0.075195
25.575,0.082106,21.501,201.18,0.072849
26.275,0.07937,22.208,199.72,0.070452
26.963,0.076613,22.912,198.24,0.068007
27.635,0.073852,23.607,196.75,0.06553
28.262,0.07118,24.266,195.3,0.063104
28.835,0.068605,24.876,193.91,0.060734
29.318,0.066206,25.405,192.64,0.058486
29.673,0.064075,25.81,191.57,0.056438
29.86,0.062292,26.05,190.78,0.054656
29.841,0.060961,26.083,190.36,0.053231
29.591,0.060147,25.885,190.38,0.052219
29.103,0.059892,25.445,190.87,0.051653
28.461,0.060159,24.845,191.73,0.051539
27.649,0.060893,24.072,192.96,0.051795
26.694,0.06207,23.155,194.52,0.052403
25.629,0.063651,22.13,196.35,0.053329
24.156,0.0662,20.711,199,0.054929
22.648,0.069196,19.263,201.81,0.05689
21.176,0.072501,17.857,204.63,0.05912
19.795,0.075994,16.545,207.35,0.061543
18.628,0.079312,15.444,209.7,0.063911
17.586,0.082656,14.465,211.85,0.066371
16.674,0.085989,13.61,213.77,0.068908
15.891,0.089286,12.878,215.47,0.071509
15.292,0.092217,12.317,216.8,0.073907
14.795,0.095071,11.85,217.95,0.076325
14.401,0.097811,11.475,218.91,0.078735
14.112,0.10039,11.194,219.68,0.081094
13.916,0.10294,10.993,220.28,0.083536
13.843,0.10518,10.9,220.65,0.085798
13.885,0.10705,10.908,220.81,0.08782
14.034,0.10852,11.01,220.76,0.089559
14.276,0.1096,11.194,220.53,0.090988
14.596,0.11028,11.448,220.15,0.092098
14.982,0.11059,11.763,219.64,0.092891
15.425,0.11054,12.13,219.01,0.093369
15.976,0.1101,12.595,218.2,0.093537
16.596,0.10922,13.126,217.24,0.093316
17.29,0.10791,13.73,216.14,0.092699
18.062,0.10617,14.41,214.88,0.09168
18.844,0.10419,15.11,213.58,0.090385
19.68,0.10188,15.867,212.15,0.08878
20.553,0.099328,16.668,210.64,0.086908
21.441,0.09659,17.495,209.07,0.084826
22.339,0.093689,18.343,207.44,0.082546
23.213,0.09074,19.179,205.82,0.08016
24.054,0.087781,19.994,204.22,0.077705
24.86,0.084823,20.788,202.63,0.075195
25.575,0.082106,21.501,201.18,0.072849
26.275,0.07937,22.208,199.72,0.070452
26.963,0.076613,22.912,198.24,0.068007
27.635,0.073852,23.607,196.75,0.06553
28.262,0.07118,24.266,195.3,0.063104
28.835,0.068605,24.876,193.91,0.060734
29.318,0.066206,25.405,192.64,0.058486
29.673,0.064075,25.81,191.57,0.056438
29.86,0.062292,26.05,190.78,0.054656
29.841,0.060961,26.083,190.36,0.053231
29.591,0.060147,25.885,190.38,0.052219
29.103,0.059892,25.445,190.87,0.051653
28.461,0.060159,24.845,191.73,0.051539
27.649,0.060893,24.072,192.96,0.051795
26.694,0.06207,23.155,194.52,0.052403
25.629,0.063651,22.13,196.35,0.053329
24.156,0.0662,20.711,199,0.054929
22.648,0.069196,19.263,201.81,0.05689
21.176,0.072501,17.857,204.63,0.05912
19.795,0.075994,16.545,207.35,0.061543
18.628,0.079312,15.444,209.7,0.063911
17.586,0.082656,14.465,211.85,0.066371
16.674,0.085989,13.61,213.77,0.068908
15.891,0.089286,12.878,215.47,0.071509
15.292,0.092217,12.317,216.8,0.073907
14.795,0.095071,11.85,217.95,0.076325
14.401,0.097811,11.475,218.91,0.078735
14.112,0.10039,11.194,219.68,0.081094
13.916,0.10294,10.993,220.28,0.083536
13.843,0.10518,10.9,220.65,0.085798
13.885,0.10705,10.908,220.81,0.08782
14.034,0.10852,11.01,220.76,0.089559
14.276,0.1096,11.194,220.53,0.090988
14.596,0.11028,11.448,220.15,0.092098
14.982,0.11059,11.763,219.64,0.092891
15.425,0.11054,12.13,219.01,0.093369
15.976,0.1101,12.595,218.2,0.093537
16.596,0.10922,13.126,217.24,0.093316
17.29,0.10791,13.73,216.14,0.092699
18.062,0.10617,14.41,214.88,0.09168
18.844,0.10419,15.11,213.58,0.090385
19.68,0.10188,15.867,212.15,0.08878
20.553,0.099328,16.668,210.64,0.086908
21.441,0.09659,17.495,209.07,0.084826
22.339,0.093689,18.343,207.44,0.082546
23.213,0.09074,19.179,205.82,0.08016
24.054,0.087781,19.994,204.22,0.077705
24.86,0.084823,20.788,202.63,0.075195
25.575,0.082106,21.501,201.18,0.072849
26.275,0.07937,22.208,199.72,0.070452
26.963,0.076613,22.912,198.24,0.068007
27.635,0.073852,23.607,196.75,0.06553
28.262,0.07118,24.266,195.3,0.063104
28.835,0.068605,24.876,193.91,0.060734
29.318,0.066206,25.405,192.64,0.058486
29.673,0.064075,25.81,191.57,0.056438
29.86,0.062292,26.05,190.78,0.054656
29.841,0.060961,26.083,190.36,0.053231
29.591,0.060147,25.885,190.38,0.052219
29.103,0.059892,25.445,190.87,0.051653
28.461,0.060159,24.845,191.73,0.051539
27.649,0.060893,24.072,192.96,0.051795
26.694,0.06207,23.155,194.52,0.052403
25.629,0.063651,22.13,196.35,0.053329
24.156,0.0662,20.711,199,0.054929
22.648,0.069196,19.263,201.81,0.05689
21.176,0.072501,17.857,204.63,0.05912
19.795,0.075994,16.545,207.35,0.061543
18.628,0.079312,15.444,209.7,0.063911
17.586,0.082656,14.465,211.85,0.066371
16.674,0.085989,13.61,213.77,0.068908
15.891,0.089286,12.878,215.47,0.071509
15.292,0.092217,12.317,216.8,0.073907
14.795,0.095071,11.85,217.95,0.076325
14.401,0.097811,11.475,218.91,0.078735
14.112,0.10039,11.194,219.68,0.081094
13.916,0.10294,10.993,220.28,0.083536
13.843,0.10518,10.9,220.65,0.085798
13.885,0.10705,10.908,220.81,0.08782
14.034,0.10852,11.01,220.76,0.089559
14.276,0.1096,11.194,220.53,0.090988
14.596,0.11028,11.448,220.15,0.092098
14.982,0.11059,11.763,219.64,0.092891
15.425,0.11054,12.13,219.01,0.093369
15.976,0.1101,12.595,218.2,0.093537
16.596,0.10922,13.126,217.24,0.093316
17.29,0.10791,13.73,216.14,0.092699
18.062,0.10617,14.41,214.88,0.09168
18.844,0.10419,15.11,213.58,0.090385
19.68,0.10188,15.867,212.15,0.08878
20.553,0.099328,16.668,210.64,0.086908
21.441,0.09659,17.495,209.07,0.084826
22.339,0.093689,18.343,207.44,0.082546
23.213,0.09074,19.179,205.82,0.08016
24.054,0.087781,19.994,204.22,0.077705
24.86,0.084823,20.788,202.63,0.075195
25.575,0.082106,21.501,201.18,0.072849
26.275,0.07937,22.208,199.72,0.070452
26.963,0.076613,22.912,198.24,0.068007
27.635,0.073852,23.607,196.75,0.06553
28.262,0.07118,24.266,195.3,0.063104
28.835,0.068605,24.876,193.91,0.060734
29.318,0.066206,25.405,192.64,0.058486
29.673,0.064075,25.81,191.57,0.056438
29.86,0.062292,26.05,190.78,0.054656
29.841,0.060961,26.083,190.36,0.053231
29.591,0.060147,25.885,190.38,0.052219
29.103,0.059892,25.445,190.87,0.051653
28.461,0.060159,24.845,191.73,0.051539
27.649,0.060893,24.072,192.96,0.051795
26.694,0.06207,23.155,194.52,0.052403
25.629,0.063651,22.13,196.35,0.053329
24.156,0.0662,20.711,199,0.054929
22.648,0.069196,19.263,201.81,0.05689
21.176,0.072501,17.857,204.63,0.05912
19.795,0.075994,16.545,207.35,0.061543
18.628,0.079312,15.444,209.7,0.063911
17.586,0.082656,14.465,211.85,0.066371
16.674,0.085989,13.61,213.77,0.068908
15.891,0.089286,12.878,215.47,0.071509
15.292,0.092217,12.317,216.8,0.073907
14.795,0.095071,11.85,217.95,0.076325
14.401,0.097811,11.475,218.91,0.078735
14.112,0.10039,11.194,219.68,0.081094
13.916,0.10294,10.993,220.28,0.083536
13.843,0.10518,10.9,220.65,0.085798
13.885,0.10705,10.908,220.81,0.08782
14.034,0.10852,11.01,220.76,0.089559
14.276,0.1096,11.194,220.53,0.090988
14.596,0.11028,11.448,220.15,0.092098
14.982,0.11059,11.763,219.64,0.092891
15.425,0.11054,12.13,219.01,0.093369
15.976,0.1101,12.595,218.2,0.093537
16.596,0.10922,13.126,217.24,0.093316
17.29,0.10791,13.73,216.14,0.092699
18.062,0.10617,14.41,214.88,0.09168
18.844,0.10419,15.11,213.58,0.090385
19.68,0.10188,15.867,212.15,0.08878
20.553,0.099328,16.668,210.64,0.086908
21.441,0.09659,17.495,209.07,0.084826
22.339,0.093689,18.343,207.44,0.082546
23.213,0.09074,19.179,205.82,0.08016
24.054,0.087781,19.994,204.22,0.077705
24.86,0.084823,20.788,202.63,0.075195
25.575,0.082106,21.501,201.18,0.072849
26.275,0.07937,22.208,199.72,0.070452
26.963,0.076613,22.912,198.24,0.068007
27.635,0.073852,23.607,196.75,0.06553
28.262,0.07118,24.266,195.3,0.063104
28.835,0.068605,24.876,193.91,0.060734
29.318,0.066206,25.405,192.64,0.058486
29.673,0.064075,25.81,191.57,0.056438
29.86,0.062292,26.05,190.78,0.054656
29.841,0.060961,26.083,190.36,0.053231
29.591,0.060147,25.885,190.38,0.052219
29.103,0.059892,25.445,190.87,0.051653
28.461,0.060159,24.845,191.73,0.051539
27.649,0.060893,24.072,192.96,0.051795
26.694,0.06207,23.155,194.52,0.052403
25.629,0.063651,22.13,196.35,0.053329
24.156,0.0662,20.711,199,0.054929
22.648,0.069196,19.263,201.81,0.05689
21.176,0.072501,17.857,204.63,0.05912
19.795,0.075994,16.545,207.35,0.061543
18.628,0.079312,15.444,209.7,0.063911
17.586,0.082656,14.465,211.85,0.066371
16.674,0.085989,13.61,213.77,0.068908
15.891,0.089286,12.878,215.47,0.071509
15.292,0.092217,12.317,216.8,0.073907
14.795,0.095071,11.85,217.95,0.076325
14.401,0.097811,11.475,218.91,0.078735
14.112,0.10039,11.194,219.68,0.081094
13.916,0.10294,10.993,220.28,0.083536
13.843,0.10518,10.9,220.65,0.085798
13.885,0.10705,10.908,220.81,0.08782
14.034,0.10852,11.01,220.76,0.089559
14.276,0.1096,11.194,220.53,0.090988
14.596,0.11028,11.448,220.15,0.092098
14.982,0.11059,11.763,219.64,0.092891
15.425,0.11054,12.13,219.01,0.093369
15.976,0.1101,12.595,218.2,0.093537
16.596,0.10922,13.126,217.24,0.093316
17.29,0.10791,13.73,216.14,0.092699
18.062,0.10617,14.41,214.88,0.09168
18.844,0.10419,15.11,213.58,0.090385
19.68,0.10188,15.867,212.15,0.08878
20.553,0.099328,16.668,210.64,0.086908
21.441,0.09659,17.495,209.07,0.084826
22.339,0.093689,18.343,207.44,0.082546
23.213,0.09074,19.179,205.82,0.08016
24.054,0.087781,19.994,204.22,0.077705
24.86,0.084823,20.788,202.63,0.075195
25.575,0.082106,21.501,201.18,0.072849
26.275,0.07937,22.208,199.72,0.070452
26.963,0.076613,22.912,198.24,0.068007
27.635,0.073852,23.607,196.75,0.06553
28.262,0.07118,24.266,195.3,0.063104
28.835,0.068605,24.876,193.91,0.060734
29.318,0.066206,25.405,192.64,0.058486
29.673,0.064075,25.81,191.57,0.056438
29.86,0.062292,26.05,190.78,0.054656
29.841,0.060961,26.083,190.36,0.053231
29.591,0.060147,25.885,190.38,0.052219
29.103,0.059892,25.445,190.87,0.051653
28.461,0.060159,24.845,191.73,0.051539
27.649,0.060893,24.072,192.96,0.051795
26.694,0.06207,23.155,194.52,0.052403
25.629,0.063651,22.13,196.35,0.053329
24.156,0.0662,20.711,199,0.054929
22.648,0.069196,19.263,201.81,0.05689
21.176,0.072501,17.857,204.63,0.05912
19.795,0.075994,16.545,207.35,0.061543
18.628,0.079312,15.444,209.7,0.063911
17.586,0.082656,14.465,211.85,0.066371
16.674,0.085989,13.61,213.77,0.068908
15.891,0.089286,12.878,215.47,0.071509
15.292,0.092217,12.317,216.8,0.073907
14.795,0.095071,11.85,217.95,0.076325
14.401,0.097811,11.475,218.91,0.078735
14.112,0.10039,11.194,219.68,0.081094
13.916,0.10294,10.993,220.28,0.083536
13.843,0.10518,10.9,220.65,0.085798
13.885,0.10705,10.908,220.81,0.08782
14.034,0.10852,11.01,220.76,0.089559
14.276,0.1096,11.194,220.53,0.090988
14.596,0.11028,11.448,220.15,0.092098
14.982,0.11059,11.763,219.64,0.092891
15.425,0.11054,12.13,219.01,0.093369
15.976,0.1101,12.595,218.2,0.093537
16.596,0.10922,13.126,217.24,0.093316
17.29,0.10791,13.73,216.14,0.092699
18.062,0.10617,14.41,214.88,0.09168
18.844,0.10419,15.11,213.58,0.090385
19.68,0.10188,15.867,212.15,0.08878
20.553,0.099328,16.668,210.64,0.086908
21.441,0.09659,17.495,209.07,0.084826
22.339,0.093689,18.343,207.44,0.082546
23.213,0.09074,19.179,205.82,0.08016
24.054,0.087781,19.994,204.22,0.077705
24.86,0.084823,20.788,202.63,0.075195
25.575,0.082106,21.501,201.18,0.072849
26.275,0.07937,22.208,199.72,0.070452
26.963,0.076613,22.912,198.24,0.068007
27.635,0.073852,23.607,196.75,0.06553
28.262,0.07118,24.266,195.3,0.063104
28.835,0.068605,24.876,193.91,0.060734
29.318,0.066206,25.405,192.64,0.058486
29.673,0.064075,25.81,191.57,0.056438
29.86,0.062292,26.05,190.78,0.054656
29.841,0.060961,26.083,190.36,0.053231
29.591,0.060147,25.885,190.38,0.052219
29.103,0.059892,25.445,190.87,0.051653
28.461,0.060159,24.845,191.73,0.051539
27.649,0.060893,24.072,192.96,0.051795
26.694,0.06207,23.155,194.52,0.052403
25.629,0.063651,22.13,196.35,0.053329
24.156,0.0662,20.711,199,0.054929
22.648,0.069196,19.263,201.81,0.05689
21.176,0.072501,17.857,204.63,0.05912
19.795,0.075994,16.545,207.35,0.061543
18.628,0.079312,15.444,209.7,0.063911
17.586,0.082656,14.465,211.85,0.066371
16.674,0.085989,13.61,213.77,0.068908
15.891,0.089286,12.878,215.47,0.071509
15.292,0.092217,12.317,216.8,0.073907
14.795,0.095071,11.85,217.95,0.076325
14.401,0.097811,11.475,218.91,0.078735
14.112,0.10039,11.194,219.68,0.081094
13.916,0.10294,10.993,220.28,0.083536
13.843,0.10518,10.9,220.65,0.085798
13.885,0.10705,10.908,220.81,0.08782
14.034,0.10852,11.01,220.76,0.089559
14.276,0.1096,11.194,220.53,0.090988
14.596,0.11028,11.448,220.15,0.092098
14.982,0.11059,11.763,219.64,0.092891
15.425,0.11054,12.13,219.01,0.093369
15.976,0.1101,12.595,218.2,0.093537
16.596,0.10922,13.126,217.24,0.093316
17.29,0.10791,13.73,216.14,0.092699
18.062,0.10617,14.41,214.88,0.09168
18.844,0.10419,15.11,213.58,0.090385
19.68,0.10188,15.867,212.15,0.08878
20.553,0.099328,16.668,210.64,0.086908
21.441,0.09659,17.495,209.07,0.084826
22.339,0.093689,18.343,207.44,0.082546
23.213,0.09074,19.179,205.82,0.08016
24.054,0.087781,19.994,204.22,0.077705
24.86,0.084823,20.788,202.63,0.075195
25.575,0.082106,21.501,201.18,0.072849
26.275,0.07937,22.208,199.72,0.070452
26.963,0.076613,22.912,198.24,0.068007
27.635,0.073852,23.607,196.75,0.06553
28.262,0.07118,24.266,195.3,0.063104
28.835,0.068605,24.876,193.91,0.060734
29.318,0.066206,25.405,192.64,0.058486
29.673,0.064075,25.81,191.57,0.056438
29.86,0.062292,26.05,190.78,0.054656
29.841,0.060961,26.083,190.36,0.053231
29.591,0.060147,25.885,190.38,0.052219
29.103,0.059892,25.445,190.87,0.051653
28.461,0.060159,24.845,191.73,0.051539
27.649,0.060893,24.072,192.96,0.051795
26.694,0.06207,23.155,194.52,0.052403
25.629,0.063651,22.13,196.35,0.053329
24.156,0.0662,20.711,199,0.054929
22.648,0.069196,19.263,201.81,0.05689
21.176,0.072501,17.857,204.63,0.05912
19.795,0.075994,16.545,207.35,0.061543
18.628,0.079312,15.444,209.7,0.063911
17.586,0.082656,14.465,211.85,0.066371
16.674,0.085989,13.61,213.77,0.068908
15.891,0.089286,12.878,215.47,0.071509
15.292,0.092217,12.317,216.8,0.073907
14.795,0.095071,11.85,217.95,0.076325
14.401,0.097811,11.475,218.91,0.078735
14.112,0.10039,11.194,219.68,0.081094
13.916,0.10294,10.993,220.28,0.083536
13.843,0.10518,10.9,220.65,0.085798
13.885,0.10705,10.908,220.81,0.08782
14.034,0.10852,11.01,220.76,0.089559
14.276,0.1096,11.194,220.53,0.090988
14.596,0.11028,11.448,220.15,0.092098
14.982,0.11059,11.763,219.64,0.092891
15.425,0.11054,12.13,219.01,0.093369
15.976,0.1101,12.595,218.2,0.093537
16.596,0.10922,13.126,217.24,0.093316
17.29,0.10791,13.73,216.14,0.092699
18.062,0.10617,14.41,214.88,0.09168
18.844,0.10419,15.11,213.58,0.090385
19.68,0.10188,15.867,212.15,0.08878
20.553,0.099328,16.668,210.64,0.086908
21.441,0.09659,17.495,209.07,0.084826
22.339,0.093689,18.343,207.44,0.082546
23.213,0.09074,19.179,205.82,0.08016
24.054,0.087781,19.994,204.22,0.077705
24.86,0.084823,20.788,202.63,0.075195
25.575,0.082106,21.501,201.18,0.072849
26.275,0.07937,22.208,199.72,0.070452
26.963,0.076613,22.912,198.24,0.068007
27.635,0.073852,23.607,196.75,0.06553
28.262,0.07118,24.266,195.3,0.063104
28.835,0.068605,24.876,193.91,0.060734
29.318,0.066206,25.405,192.64,0.058486
29.673,0.064075,25.81,191.57,0.056438
29.86,0.062292,26.05,190.78,0.054656
29.841,0.060961,26.083,190.36,0.053231
29.591,0.060147,25.885,190.38,0.052219
29.103,0.059892,25.445,190.87,0.051653
28.461,0.060159,24.845,191.73,0.051539
27.649,0.060893,24.072,192.96,0.051795
26.694,0.06207,23.155,194.52,0.052403
25.629,0.063651,22.13,196.35,0.053329
24.156,0.0662,20.711,199,0.054929
22.648,0.069196,19.263,201.81,0.05689
21.176,0.072501,17.857,204.63,0.05912
19.795,0.075994,16.545,207.35,0.061543
18.628,0.079312,15.444,209.7,0.063911
17.586,0.082656,14.465,211.85,0.066371
16.674,0.085989,13.61,213.77,0.068908
15.891,0.089286,12.878,215.47,0.071509
15.292,0.092217,12.317,216.8,0.073907
14.795,0.095071,11.85,217.95,0.076325
14.401,0.097811,11.475,218.91,0.078735
14.112,0.10039,11.194,219.68,0.081094
13.916,0.10294,10.993,220.28,0.083536
13.843,0.10518,10.9,220.65,0.085798
13.885,0.10705,10.908,220.81,0.08782
14.034,0.10852,11.01,220.76,0.089559
14.276,0.1096,11.194,220.53,0.090988
14.596,0.11028,11.448,220.15,0.092098
14.982,0.11059,11.763,219.64,0.092891
15.425,0.11054,12.13,219.01,0.093369
15.976,0.1101,12.595,218.2,0.093537
16.596,0.10922,13.126,217.24,0.093316
17.29,0.10791,13.73,216.14,0.092699
18.062,0.10617,14.41,214.88,0.09168
18.844,0.10419,15.11,213.58,0.090385
19.68,0.10188,15.867,212.15,0.08878
20.553,0.099328,16.668,210.64,0.086908
21.441,0.09659,17.495,209.07,0.084826
21.674,0.095849,17.714,208.65,0.08425
21.906,0.095103,17.933,208.23,0.083666
22.137,0.094352,18.151,207.81,0.083073
22.367,0.093597,18.369,207.39,0.082472
