150,0.0080419,148.39,65.835,0.0097571
151.96,0.0077729,150.39,64.145,0.0094458
153.88,0.0075147,152.35,62.477,0.0091459
155.77,0.0072669,154.28,60.831,0.008857
157.64,0.0070279,156.18,59.201,0.0085773
160.22,0.0067029,158.81,56.912,0.0081952
162.79,0.0063878,161.43,54.608,0.0078228
165.33,0.0060845,164.02,52.302,0.0074627
167.78,0.0058007,166.52,50.053,0.0071245
169.91,0.0055655,168.69,48.107,0.0068437
171.8,0.0053677,170.62,46.4,0.0066074
173.38,0.005215,172.22,45.023,0.0064254
174.59,0.0051112,173.45,44.037,0.0063027
175.35,0.0050592,174.22,43.498,0.0062425
175.8,0.0050446,174.67,43.286,0.0062279
175.98,0.0050609,174.85,43.348,0.0062508
175.96,0.0050998,174.82,43.61,0.0063013
175.8,0.005155,174.65,44.012,0.0063716
175.58,0.0052147,174.41,44.454,0.0064471
175.36,0.0052707,174.18,44.869,0.0065179
175.18,0.0053178,174,45.212,0.0065774
175.05,0.0053615,173.85,45.521,0.006633
175.05,0.005382,173.85,45.649,0.0066598
175.2,0.0053775,174,45.581,0.0066554
175.53,0.0053454,174.34,45.297,0.0066169
176.06,0.0052837,174.88,44.772,0.0065418
176.79,0.0051937,175.63,44.01,0.0064317
177.71,0.00508,176.56,43.035,0.0062922
178.78,0.0049482,177.66,41.883,0.0061305
179.87,0.0048165,178.77,40.703,0.0059686
181.07,0.0046747,179.99,39.397,0.0057941
182.39,0.0045217,181.35,37.946,0.0056057
183.87,0.0043566,182.86,36.326,0.0054025
185.39,0.0041929,184.4,34.66,0.0052007
187.02,0.0040231,186.07,32.862,0.0049913
188.74,0.0038523,187.82,30.977,0.0047806
190.49,0.0036859,189.6,29.059,0.0045753
192.17,0.0035325,191.31,27.212,0.0043859
193.82,0.0033883,192.99,25.402,0.0042079
195.45,0.0032524,194.65,23.623,0.00404
197.07,0.0031227,196.29,21.856,0.0038798
198.69,0.0029976,197.94,20.081,0.0037251
200.32,0.0028768,199.59,18.297,0.0035758
201.92,0.002763,201.22,16.546,0.003435
203.42,0.0026608,202.74,14.91,0.0033085
204.9,0.0025643,204.24,13.305,0.0031891
205.97,0.002498,205.32,12.164,0.0031071
206.53,0.0024651,205.89,11.581,0.0030666
206.6,0.0024644,205.96,11.556,0.0030659
206.3,0.0024867,205.65,11.934,0.0030938
205.76,0.002524,205.11,12.566,0.0031402
205.11,0.0025694,204.44,13.328,0.0031967
204.43,0.0026168,203.75,14.11,0.0032555
203.82,0.0026593,203.14,14.801,0.0033083
203.3,0.0026965,202.61,15.396,0.0033545
202.87,0.0027268,202.17,15.877,0.0033921
202.56,0.0027493,201.85,16.231,0.00342
202.34,0.0027646,201.64,16.47,0.0034389
202.3,0.0027673,201.59,16.514,0.0034423
202.44,0.0027568,201.74,16.351,0.0034292
202.76,0.0027332,202.06,15.982,0.0033999
203.35,0.0026909,202.67,15.312,0.0033474
204.13,0.0026368,203.45,14.439,0.0032804
205.06,0.0025735,204.4,13.392,0.0032018
206.16,0.0025011,205.51,12.164,0.0031121
207.21,0.0024338,206.58,10.989,0.0030286
208.42,0.0023593,207.8,9.6483,0.0029361
209.76,0.0022788,209.15,8.1523,0.0028362
211.2,0.0021951,210.62,6.5412,0.0027324
212.7,0.002112,212.13,4.8772,0.0026292
214.19,0.0020323,213.64,3.2196,0.0025303
215.65,0.0019574,215.12,1.6004,0.0024373
217.08,0.0018869,216.57,0.01772,0.0023497
218.5,0.0018196,218,-1.5493,0.0022661
219.93,0.0017539,219.45,-3.1344,0.0021845
221.37,0.0016903,220.9,-4.7261,0.0021056
222.76,0.0016312,222.3,-6.2603,0.0020322
224,0.0015803,223.56,-7.6275,0.0019689
224.96,0.0015421,224.53,-8.6839,0.0019215
225.55,0.0015197,225.12,-9.3172,0.0018937
225.71,0.0015145,225.28,-9.4714,0.0018872
225.49,0.0015242,225.06,-9.202,0.0018994
224.98,0.0015453,224.54,-8.6143,0.0019257
224.27,0.001575,223.82,-7.8015,0.0019626
223.44,0.0016097,222.99,-6.8663,0.0020059
222.62,0.0016449,222.16,-5.9397,0.0020496
221.84,0.0016791,221.37,-5.0552,0.0020922
221.12,0.0017107,220.65,-4.2546,0.0021315
220.5,0.0017385,220.02,-3.5609,0.0021661
219.88,0.0017665,219.39,-2.8737,0.0022009
219.43,0.001787,218.94,-2.3772,0.0022263
219.17,0.0017989,218.67,-2.0881,0.0022411
219.1,0.0018018,218.6,-2.0182,0.0022446
219.24,0.0017946,218.75,-2.1885,0.0022356
219.58,0.0017783,219.09,-2.5768,0.0022155
220.08,0.0017549,219.6,-3.1458,0.0021863
220.73,0.0017254,220.25,-3.8717,0.0021497
221.47,0.001692,221,-4.7132,0.002108
222.38,0.0016525,221.92,-5.7278,0.0020589
223.46,0.0016068,223.01,-6.9331,0.0020021
224.69,0.0015559,224.25,-8.3166,0.0019388
226.05,0.0015022,225.62,-9.826,0.001872
227.44,0.0014487,227.03,-11.383,0.0018055
228.83,0.0013977,228.42,-12.924,0.0017421
230.17,0.0013499,229.78,-14.423,0.0016826
231.52,0.0013037,231.14,-15.92,0.0016252
232.88,0.0012587,232.52,-17.431,0.0015692
234.26,0.0012147,233.9,-18.962,0.0015144
235.6,0.0011735,235.25,-20.445,0.0014632
236.59,0.0011441,236.25,-21.538,0.0014265
237.37,0.0011213,237.04,-22.402,0.0013983
237.87,0.0011073,237.54,-22.944,0.0013809
238.02,0.0011033,237.69,-23.105,0.0013759
237.83,0.0011092,237.5,-22.88,0.0013832
237.35,0.0011237,237.01,-22.323,0.0014013
236.63,0.0011454,236.29,-21.505,0.0014284
235.75,0.0011722,235.4,-20.515,0.0014618
234.8,0.001202,234.44,-19.439,0.0014989
233.84,0.0012324,233.48,-18.368,0.0015367
232.94,0.0012616,232.58,-17.363,0.0015731
232.13,0.0012885,231.76,-16.457,0.0016065
231.2,0.0013199,230.82,-15.42,0.0016457
230.48,0.0013445,230.1,-14.625,0.0016763
230,0.0013612,229.61,-14.096,0.0016969
229.77,0.001369,229.38,-13.848,0.0017066
229.79,0.0013679,229.4,-13.881,0.0017052
230.02,0.0013594,229.63,-14.145,0.0016947
230.42,0.001345,230.03,-14.601,0.0016767
230.97,0.0013255,230.59,-15.225,0.0016525
231.65,0.0013021,231.28,-15.989,0.0016234
232.51,0.0012734,232.14,-16.947,0.0015876
233.54,0.0012394,233.18,-18.11,0.0015452
234.74,0.0012014,234.39,-19.447,0.0014979
236.14,0.0011584,235.79,-21.009,0.0014445
237.55,0.0011167,237.22,-22.585,0.0013925
238.92,0.0010777,238.6,-24.112,0.001344
240.26,0.0010411,239.94,-25.596,0.0012984
241.3,0.0010133,241,-26.761,0.0012637
242.37,0.00098575,242.07,-27.944,0.0012295
243.42,0.00095917,243.13,-29.118,0.0011964
244.41,0.00093505,244.12,-30.212,0.0011664
245.23,0.00091552,244.94,-31.12,0.001142
245.77,0.00090289,245.49,-31.718,0.0011263
245.96,0.00089873,245.68,-31.918,0.0011212
245.76,0.0009037,245.48,-31.684,0.0011274
245.2,0.00091731,244.92,-31.045,0.0011443
244.36,0.000938,244.07,-30.091,0.0011701
243.33,0.00096377,243.03,-28.93,0.0012022
242.21,0.00099235,241.91,-27.677,0.0012379
241.16,0.0010199,240.85,-26.501,0.0012722
240.17,0.0010466,239.86,-25.395,0.0013054
239.28,0.0010712,238.96,-24.395,0.0013361
238.49,0.0010932,238.17,-23.522,0.0013635
237.72,0.0011154,237.39,-22.66,0.0013911
237.13,0.0011323,236.79,-22.01,0.0014122
236.74,0.0011435,236.4,-21.586,0.0014261
236.56,0.0011487,236.22,-21.391,0.0014325
236.59,0.0011476,236.25,-21.428,0.0014312
236.81,0.0011407,236.47,-21.686,0.0014226
237.2,0.0011291,236.86,-22.125,0.0014081
237.74,0.001113,237.41,-22.738,0.0013881
238.43,0.0010931,238.1,-23.511,0.0013633
239.3,0.0010684,238.98,-24.491,0.0013325
240.35,0.0010395,240.04,-25.669,0.0012965
241.53,0.001008,241.22,-26.988,0.0012573
242.76,0.00097634,242.46,-28.359,0.0012178
243.97,0.00094608,243.68,-29.711,0.0011801
245.14,0.00091775,244.86,-31.016,0.0011448
246.29,0.00089078,246.02,-32.298,0.0011112
247.38,0.00086596,247.11,-33.51,0.0010803
248.48,0.00084167,248.21,-34.732,0.0010501
249.52,0.00081923,249.26,-35.893,0.0010221
250.39,0.00080099,250.14,-36.86,0.00099937
250.92,0.00079013,250.68,-37.447,0.00098586
251.07,0.00078743,250.82,-37.596,0.0009825
250.78,0.00079368,250.53,-37.259,0.0009903
250.08,0.00080849,249.83,-36.469,0.0010088
248.69,0.00083854,248.43,-34.906,0.0010462
247.06,0.00087525,246.79,-33.07,0.001092
245.43,0.00091325,245.15,-31.247,0.0011394
243.97,0.00094857,243.68,-29.619,0.0011834
242.76,0.00097892,242.46,-28.267,0.0012212
241.83,0.0010027,241.53,-27.235,0.0012508
241.21,0.0010187,240.91,-26.555,0.0012706
240.92,0.0010263,240.61,-26.234,0.0012801
240.91,0.0010262,240.6,-26.235,0.00128
241.1,0.0010208,240.79,-26.459,0.0012733
241.46,0.0010111,241.16,-26.869,0.0012611
241.99,0.00099717,241.69,-27.462,0.0012438
242.58,0.00098188,242.28,-28.124,0.0012247
243.31,0.00096311,243.02,-28.952,0.0012014
244.19,0.00094125,243.9,-29.936,0.0011741
245.18,0.00091736,244.89,-31.038,0.0011444
246.21,0.00089291,245.94,-32.197,0.0011139
247.25,0.00086918,246.98,-33.353,0.0010843
248.25,0.00084678,247.99,-34.474,0.0010564
249.23,0.00082555,248.97,-35.564,0.00103
250.19,0.00080522,249.94,-36.634,0.0010047
251.17,0.00078502,250.92,-37.725,0.00097948
252.15,0.00076529,251.91,-38.818,0.00095489
253.07,0.00074729,252.83,-39.839,0.00093247
253.82,0.00073295,253.58,-40.671,0.0009146
254.27,0.0007245,254.04,-41.17,0.00090407
254.34,0.00072347,254.11,-41.233,0.0009028
253.98,0.00073052,253.74,-40.819,0.0009116
253.26,0.00074441,253.03,-40.013,0.00092893
252.28,0.00076399,252.04,-38.902,0.00095335
251.12,0.00078759,250.87,-37.599,0.00098276
249.89,0.00081331,249.64,-36.221,0.0010148
248.74,0.00083804,248.48,-34.937,0.0010456
247.67,0.00086185,247.4,-33.735,0.0010753
246.7,0.00088393,246.42,-32.65,0.0011028
245.84,0.0009037,245.57,-31.7,0.0011275
245,0.00092366,244.72,-30.762,0.0011523
244.36,0.0009391,244.07,-30.049,0.0011716
243.92,0.00094952,243.63,-29.574,0.0011845
243.7,0.00095481,243.41,-29.334,0.0011911
243.68,0.00095501,243.39,-29.323,0.0011913
243.87,0.00095007,243.58,-29.544,0.0011852
244.24,0.00094086,243.95,-29.96,0.0011737
244.79,0.0009274,244.5,-30.577,0.0011569
245.39,0.00091276,245.11,-31.259,0.0011387
246.15,0.00089487,245.87,-32.108,0.0011164
247.04,0.00087428,246.77,-33.106,0.0010907
248.02,0.00085217,247.76,-34.204,0.0010632
249.03,0.00082998,248.77,-35.336,0.0010355
250.03,0.0008087,249.78,-36.451,0.001009
251,0.00078865,250.75,-37.528,0.00098401
251.94,0.00076953,251.7,-38.581,0.00096018
252.97,0.00074925,252.73,-39.727,0.00093491
254.02,0.0007292,253.78,-40.891,0.00090992
255.02,0.00071042,254.79,-42.011,0.00088652
255.87,0.00069505,255.64,-42.95,0.00086737
256.38,0.00068598,256.16,-43.515,0.00085606
256.45,0.00068487,256.23,-43.586,0.00085469
256.03,0.00069266,255.81,-43.103,0.00086441
255.15,0.00070891,254.92,-42.111,0.00088468
253.67,0.00073706,253.43,-40.443,0.00091979
251.98,0.00077036,251.74,-38.55,0.00096131
250.32,0.00080452,250.07,-36.69,0.0010039
248.83,0.00083637,248.57,-35.024,0.0010436
247.57,0.00086408,247.3,-33.625,0.0010781
246.59,0.00088629,246.32,-32.535,0.0011058
245.91,0.00090197,245.63,-31.781,0.0011253
245.53,0.00091058,245.25,-31.371,0.001136
245.45,0.00091245,245.16,-31.281,0.0011383
245.56,0.00090946,245.28,-31.42,0.0011346
245.85,0.00090249,245.57,-31.749,0.0011259
246.31,0.00089171,246.03,-32.263,0.0011125
246.84,0.00087922,246.57,-32.868,0.0010969
247.53,0.00086346,247.26,-33.642,0.0010773
248.37,0.00084482,248.1,-34.578,0.001054
249.31,0.00082426,249.05,-35.635,0.0010284
250.3,0.00080316,250.05,-36.747,0.0010021
251.29,0.00078271,251.05,-37.853,0.00097661
252.25,0.00076342,252.01,-38.924,0.00095258
253.19,0.00074514,252.95,-39.964,0.00092979
254.12,0.00072731,253.89,-41.003,0.00090758
255.07,0.00070956,254.84,-42.063,0.00088545
256.01,0.00069236,255.79,-43.116,0.00086401
256.87,0.00067712,256.65,-44.072,0.00084501
257.52,0.00066585,257.31,-44.792,0.00083097
257.83,0.00066069,257.61,-45.127,0.00082455
257.7,0.00066301,257.49,-44.979,0.00082744
257.13,0.00067313,256.92,-44.331,0.00084008
256.18,0.00069022,255.96,-43.258,0.00086139
254.97,0.00071256,254.74,-41.894,0.00088925
253.63,0.00073808,253.39,-40.386,0.00092107
252.27,0.00076472,252.03,-38.867,0.00095428
251.08,0.00078878,250.83,-37.538,0.00098427
250,0.0008113,249.75,-36.331,0.0010123
249.05,0.00083161,248.79,-35.269,0.0010376
248.24,0.0008492,247.98,-34.37,0.0010596
247.47,0.00086632,247.2,-33.513,0.0010809
246.94,0.00087816,246.67,-32.929,0.0010956
246.65,0.00088452,246.38,-32.618,0.0011035
246.59,0.00088582,246.31,-32.553,0.0011052
246.69,0.00088336,246.41,-32.671,0.0011021
246.92,0.00087797,246.64,-32.932,0.0010954
247.27,0.00086983,247,-33.331,0.0010852
247.75,0.00085875,247.49,-33.879,0.0010714
248.4,0.00084441,248.13,-34.601,0.0010535
249.19,0.00082703,248.93,-35.492,0.0010319
250.11,0.00080744,249.85,-36.52,0.0010074
251.09,0.00078691,250.85,-37.625,0.00098185
252.09,0.00076667,251.85,-38.742,0.00095663
253.07,0.0007475,252.83,-39.829,0.00093274
254.01,0.00072938,253.78,-40.882,0.00091015
254.95,0.00071183,254.72,-41.926,0.00088828
255.83,0.00069566,255.61,-42.912,0.00086813
256.72,0.00067985,256.5,-43.899,0.00084842
257.55,0.00066539,257.33,-44.822,0.00083039
258.22,0.00065381,258.01,-45.575,0.00081596
258.64,0.00064691,258.43,-46.031,0.00080737
258.69,0.00064625,258.48,-46.077,0.00080655
258.32,0.00065252,258.11,-45.664,0.00081438
257.58,0.00066556,257.36,-44.818,0.00083065
256,0.0006938,255.77,-43.039,0.00086586
254.14,0.00072843,253.9,-40.952,0.00090904
252.3,0.00076427,252.06,-38.892,0.00095372
250.66,0.0007975,250.41,-37.067,0.00099514
249.27,0.00082695,249.01,-35.51,0.0010318
248.23,0.00084934,247.97,-34.363,0.0010597
247.59,0.00086341,247.32,-33.656,0.0010772
247.33,0.00086903,247.06,-33.375,0.0010842
247.35,0.00086826,247.09,-33.412,0.0010833
247.54,0.0008639,247.27,-33.626,0.0010778
247.87,0.00085638,247.6,-34,0.0010684
248.35,0.00084556,248.09,-34.544,0.001055
249.01,0.00083102,248.75,-35.288,0.0010368
249.85,0.00081297,249.6,-36.229,0.0010143
250.83,0.00079235,250.58,-37.33,0.00098864
251.89,0.00077074,251.65,-38.516,0.0009617
252.88,0.00075115,252.64,-39.62,0.00093729
253.84,0.00073263,253.61,-40.691,0.00091421
254.77,0.00071507,254.55,-41.732,0.00089232
255.71,0.00069798,255.48,-42.77,0.00087102
256.57,0.00068256,256.35,-43.728,0.0008518
257.42,0.00066757,257.2,-44.681,0.00083311
258.21,0.000654,258,-45.562,0.0008162
258.85,0.00064333,258.64,-46.268,0.00080291
259.22,0.00063724,259.01,-46.678,0.00079531
259.24,0.00063704,259.03,-46.692,0.00079507
258.87,0.00064336,258.66,-46.271,0.00080296
258.13,0.00065603,257.92,-45.437,0.00081876
256.47,0.00068529,256.25,-43.568,0.00085525
254.52,0.0007212,254.29,-41.38,0.00090003
252.61,0.00075807,252.37,-39.242,0.00094599
250.94,0.0007918,250.69,-37.375,0.00098804
249.38,0.00082446,249.12,-35.64,0.0010287
248.34,0.00084684,248.08,-34.489,0.0010566
247.85,0.00085752,247.58,-33.948,0.0010699
247.83,0.00085758,247.56,-33.942,0.00107
248.02,0.00085315,247.76,-34.163,0.0010644
248.36,0.00084549,248.1,-34.549,0.0010549
248.86,0.00083446,248.6,-35.112,0.0010411
249.53,0.00081984,249.28,-35.869,0.0010229
250.3,0.00080356,250.05,-36.729,0.0010026
251.18,0.00078527,250.93,-37.715,0.00097982
252.13,0.00076613,251.88,-38.773,0.00095596
253.08,0.00074723,252.85,-39.845,0.0009324
253.96,0.00073044,253.73,-40.82,0.00091147
254.81,0.00071447,254.58,-41.768,0.00089157
255.65,0.00069901,255.43,-42.707,0.0008723
256.5,0.00068372,256.28,-43.656,0.00085324
257.32,0.00066939,257.1,-44.564,0.00083539
258.11,0.00065577,257.89,-45.446,0.00081841
258.81,0.00064389,258.6,-46.231,0.0008036
259.35,0.00063506,259.14,-46.823,0.0007926
259.62,0.00063069,259.41,-47.121,0.00078715
259.56,0.00063173,259.36,-47.052,0.00078845
259.16,0.00063858,258.95,-46.591,0.000797
258.43,0.00065101,258.22,-45.766,0.00081251
256.99,0.00067604,256.77,-44.151,0.00084373
255.31,0.00070648,255.09,-42.264,0.00088169
253.61,0.00073852,253.38,-40.363,0.00092163
252.05,0.00076916,251.81,-38.619,0.00095982
250.76,0.00079554,250.51,-37.172,0.0009927
249.7,0.0008177,249.44,-35.993,0.0010203
248.9,0.00083472,248.64,-35.108,0.0010415
248.38,0.00084598,248.11,-34.531,0.0010555
248.13,0.00085125,247.86,-34.263,0.0010621
248.11,0.00085145,247.84,-34.251,0.0010623
248.28,0.00084749,248.02,-34.45,0.0010574
248.62,0.00083984,248.36,-34.837,0.0010478
249.12,0.00082887,248.86,-35.4,0.0010342
249.82,0.0008139,249.56,-36.181,0.0010155
250.7,0.00079521,250.45,-37.177,0.0009922
251.74,0.000774,251.49,-38.336,0.00096578
252.7,0.00075479,252.46,-39.414,0.00094183
253.66,0.00073618,253.42,-40.484,0.00091863
254.58,0.00071864,254.36,-41.519,0.00089677
255.49,0.00070199,255.26,-42.524,0.00087602
256.39,0.00068566,256.17,-43.534,0.00085567
257.32,0.00066938,257.1,-44.565,0.00083537
258.23,0.00065368,258.02,-45.583,0.0008158
259.05,0.00063998,258.84,-46.492,0.00079872
259.71,0.0006291,259.51,-47.228,0.00078517
259.85,0.000627,259.64,-47.374,0.00078256
259.36,0.00063528,259.15,-46.813,0.00079289
258.28,0.00065356,258.07,-45.599,0.0008157
256.8,0.00067956,256.58,-43.929,0.00084811
255.14,0.00070969,254.91,-42.07,0.00088569
253.51,0.00074058,253.27,-40.243,0.0009242
252.03,0.0007697,251.79,-38.59,0.00096049
250.71,0.00079642,250.46,-37.125,0.0009938
249.67,0.00081832,249.41,-35.96,0.0010211
248.91,0.00083441,248.65,-35.123,0.0010411
248.46,0.00084415,248.19,-34.624,0.0010532
248.29,0.00084756,248.03,-34.449,0.0010575
248.34,0.00084629,248.08,-34.511,0.0010559
248.57,0.0008412,248.3,-34.769,0.0010495
248.96,0.00083253,248.7,-35.212,0.0010387
249.48,0.00082116,249.22,-35.801,0.0010246
250.18,0.00080624,249.92,-36.587,0.001006
251.04,0.00078817,250.8,-37.558,0.00098344
252.03,0.00076811,251.79,-38.663,0.00095843
253.06,0.00074768,252.83,-39.819,0.00093297
254.08,0.00072808,253.85,-40.959,0.00090854
255.07,0.00070971,254.84,-42.055,0.00088564
256.03,0.00069217,255.81,-43.129,0.00086378
256.98,0.00067525,256.76,-44.191,0.00084269
257.94,0.00065857,257.73,-45.264,0.00082189
258.85,0.0006432,258.64,-46.277,0.00080274
259.58,0.00063112,259.38,-47.091,0.00078768
259.97,0.00062491,259.77,-47.516,0.00077995
259.96,0.00062526,259.75,-47.494,0.00078038
259.51,0.00063283,259.3,-46.979,0.00078984
258.65,0.00064733,258.44,-46.01,0.00080793
257.18,0.00067272,256.97,-44.362,0.00083959
255.51,0.00070295,255.28,-42.479,0.00087729
253.83,0.00073442,253.6,-40.602,0.00091652
252.3,0.00076432,252.06,-38.891,0.00095379
250.98,0.00079089,250.73,-37.424,0.00098691
249.92,0.00081296,249.67,-36.242,0.0010144
249.13,0.0008296,248.88,-35.372,0.0010351
248.64,0.00084017,248.38,-34.826,0.0010483
248.43,0.00084456,248.17,-34.601,0.0010538
248.44,0.00084412,248.18,-34.622,0.0010532
248.63,0.00083973,248.37,-34.844,0.0010477
248.99,0.00083175,248.73,-35.253,0.0010378
249.55,0.0008197,249.29,-35.877,0.0010227
250.32,0.00080331,250.07,-36.743,0.0010023
251.29,0.00078308,251.05,-37.836,0.0009771
252.4,0.00076066,252.16,-39.081,0.00094915
253.29,0.00074333,253.05,-40.07,0.00092754
254.16,0.00072668,253.93,-41.042,0.00090679
255,0.00071094,254.77,-41.981,0.00088717
255.82,0.00069589,255.6,-42.899,0.00086841
256.65,0.00068106,256.43,-43.823,0.00084993
257.5,0.00066625,257.28,-44.766,0.00083147
258.34,0.00065185,258.13,-45.703,0.00081352
259.11,0.00063888,258.9,-46.566,0.00079735
259.75,0.00062837,259.55,-47.278,0.00078426
260.09,0.00062304,259.88,-47.645,0.00077761
260.02,0.00062421,259.82,-47.566,0.00077907
259.53,0.00063239,259.33,-47.009,0.00078929
258.69,0.00064664,258.48,-46.056,0.00080706
257.58,0.00066587,257.36,-44.801,0.00083104
256.3,0.00068849,256.08,-43.37,0.00085925
254.98,0.00071278,254.75,-41.884,0.00088955
253.76,0.00073574,253.53,-40.525,0.00091816
252.63,0.00075772,252.39,-39.262,0.00094557
251.61,0.00077803,251.37,-38.127,0.00097088
250.73,0.00079616,250.48,-37.139,0.00099348
249.85,0.0008144,249.6,-36.166,0.0010162
249.19,0.00082838,248.93,-35.435,0.0010336
248.75,0.00083771,248.49,-34.953,0.0010452
248.53,0.00084241,248.27,-34.711,0.0010511
248.5,0.00084288,248.24,-34.685,0.0010517
248.65,0.00083952,248.38,-34.856,0.0010475
248.95,0.00083285,248.69,-35.196,0.0010391
249.41,0.00082282,249.15,-35.715,0.0010266
250.05,0.00080898,249.8,-36.442,0.0010094
250.89,0.00079147,250.64,-37.379,0.00098755
251.88,0.00077125,251.63,-38.489,0.00096235
252.95,0.00074994,252.71,-39.69,0.00093578
253.82,0.00073302,253.59,-40.669,0.0009147
254.68,0.00071695,254.45,-41.62,0.00089466
255.5,0.00070168,255.28,-42.543,0.00087563
256.32,0.00068688,256.1,-43.458,0.00085719
257.16,0.00067214,256.94,-44.389,0.00083881
258,0.00065754,257.79,-45.331,0.00082062
258.82,0.00064381,258.61,-46.236,0.0008035
259.52,0.0006322,259.31,-47.017,0.00078903
260.05,0.00062364,259.84,-47.602,0.00077836
260.16,0.00062195,259.96,-47.721,0.00077625
259.79,0.00062822,259.58,-47.293,0.00078408
258.94,0.00064235,258.74,-46.341,0.00080171
257.51,0.00066699,257.3,-44.729,0.00083244
255.84,0.00069691,255.61,-42.849,0.00086975
254.14,0.00072844,253.91,-40.953,0.00090906
252.58,0.00075866,252.34,-39.209,0.00094674
251.28,0.00078476,251.04,-37.758,0.00097926
250.21,0.00080679,249.96,-36.569,0.0010067
249.4,0.00082389,249.14,-35.668,0.001028
248.86,0.0008354,248.6,-35.071,0.0010424
248.59,0.00084113,248.33,-34.776,0.0010495
248.55,0.00084174,248.29,-34.744,0.0010502
248.71,0.00083815,248.45,-34.926,0.0010457
249.04,0.00083086,248.78,-35.299,0.0010367
249.52,0.00082045,249.26,-35.839,0.0010237
250.18,0.00080618,249.93,-36.59,0.0010059
251.04,0.00078825,250.79,-37.554,0.00098354
252.05,0.00076778,251.81,-38.682,0.00095802
252.93,0.00075032,252.69,-39.668,0.00093626
253.81,0.00073326,253.58,-40.655,0.00091499
254.67,0.00071706,254.44,-41.613,0.0008948
255.5,0.00070171,255.28,-42.542,0.00087567
256.33,0.00068682,256.11,-43.461,0.00085712
257.17,0.00067199,256.95,-44.398,0.00083863
258.02,0.00065729,257.81,-45.347,0.0008203
258.84,0.00064343,258.63,-46.261,0.00080302
259.53,0.00063203,259.32,-47.028,0.00078882
260.01,0.00062415,259.81,-47.567,0.00077899
260.21,0.00062107,260.01,-47.781,0.00077516
260.06,0.00062364,259.86,-47.605,0.00077837
259.58,0.00063169,259.37,-47.057,0.00078841
258.8,0.00064474,258.59,-46.182,0.0008047
257.8,0.00066198,257.59,-45.052,0.00082619
256.65,0.00068223,256.43,-43.762,0.00085144
255.43,0.00070434,255.21,-42.394,0.00087903
254.23,0.00072683,254,-41.048,0.00090706
253.1,0.00074863,252.86,-39.78,0.00093424
252.06,0.00076902,251.82,-38.627,0.00095965
250.88,0.00079293,250.63,-37.313,0.00098945
249.93,0.00081267,249.68,-36.257,0.001014
249.23,0.00082749,248.97,-35.481,0.0010325
248.79,0.00083694,248.53,-34.992,0.0010443
248.59,0.00084104,248.33,-34.781,0.0010494
248.61,0.00084048,248.35,-34.808,0.0010487
248.8,0.00083609,248.54,-35.031,0.0010432
249.16,0.00082821,248.9,-35.436,0.0010334
249.72,0.00081605,249.46,-36.069,0.0010182
250.5,0.00079947,250.25,-36.949,0.00099753
251.49,0.00077904,251.25,-38.058,0.00097205
252.62,0.00075646,252.38,-39.319,0.00094392
253.5,0.00073927,253.26,-40.305,0.00092248
254.36,0.00072279,254.13,-41.272,0.00090194
255.2,0.0007072,254.98,-42.207,0.00088252
256.02,0.00069227,255.8,-43.123,0.00086391
256.85,0.00067754,256.63,-44.046,0.00084554
257.7,0.00066283,257.48,-44.987,0.0008272
258.53,0.00064858,258.32,-45.92,0.00080944
259.3,0.00063584,259.09,-46.77,0.00079357
259.97,0.00062491,259.76,-47.515,0.00077994
260.24,0.00062061,260.04,-47.812,0.00077459
260.01,0.00062452,259.81,-47.545,0.00077947
259.27,0.00063692,259.06,-46.705,0.00079494
258.16,0.00065574,257.95,-45.458,0.00081841
256.81,0.00067934,256.59,-43.943,0.00084785
255.37,0.0007055,255.14,-42.324,0.00088046
253.95,0.00073212,253.72,-40.737,0.00091365
252.72,0.00075589,252.49,-39.366,0.00094329
251.63,0.00077773,251.38,-38.144,0.0009705
250.69,0.00079699,250.44,-37.094,0.00099451
249.91,0.00081317,249.65,-36.231,0.0010147
249.24,0.00082728,248.98,-35.492,0.0010322
248.81,0.00083637,248.55,-35.021,0.0010436
248.61,0.00084053,248.35,-34.807,0.0010487
248.61,0.00084035,248.35,-34.814,0.0010485
248.77,0.00083673,248.51,-34.998,0.001044
249.08,0.00082997,248.82,-35.345,0.0010356
249.54,0.00082001,249.28,-35.862,0.0010231
250.17,0.00080658,249.91,-36.569,0.0010064
250.9,0.00079111,250.66,-37.399,0.00098711
251.77,0.00077346,251.52,-38.367,0.0009651
252.71,0.00075472,252.47,-39.418,0.00094175
253.67,0.00073606,253.43,-40.491,0.00091849
254.54,0.00071953,254.31,-41.466,0.00089789
255.39,0.00070384,255.16,-42.411,0.00087833
256.22,0.00068871,256,-43.344,0.00085946
257.07,0.00067377,256.85,-44.285,0.00084084
257.88,0.00065972,257.66,-45.189,0.00082333
258.67,0.00064627,258.46,-46.073,0.00080656
259.38,0.0006344,259.18,-46.868,0.00079177
259.93,0.00062543,259.73,-47.479,0.00078058
260.23,0.00062075,260.03,-47.802,0.00077476
260.19,0.00062149,259.99,-47.753,0.00077568
259.79,0.00062809,259.59,-47.301,0.00078393
259.06,0.00064038,258.85,-46.472,0.00079926
257.62,0.00066505,257.41,-44.854,0.00083003
255.93,0.00069518,255.71,-42.956,0.0008676
254.22,0.00072699,253.99,-41.038,0.00090726
252.64,0.00075748,252.4,-39.276,0.00094527
251.35,0.00078342,251.1,-37.831,0.0009776
250.28,0.00080534,250.03,-36.647,0.0010049
249.47,0.00082236,249.22,-35.748,0.0010261
248.93,0.00083385,248.67,-35.151,0.0010404
248.66,0.00083962,248.4,-34.854,0.0010476
248.62,0.00084028,248.36,-34.818,0.0010484
248.77,0.00083674,248.51,-34.998,0.001044
249.1,0.00082951,248.84,-35.369,0.001035
249.57,0.00081919,249.32,-35.905,0.0010221
250.24,0.00080502,249.99,-36.652,0.0010044
251.09,0.0007872,250.85,-37.611,0.00098224
252.1,0.00076684,251.85,-38.735,0.00095685
252.98,0.00074935,252.74,-39.724,0.00093505
253.87,0.00073224,253.63,-40.715,0.00091373
254.73,0.00071601,254.5,-41.676,0.00089349
255.56,0.00070062,255.34,-42.608,0.00087431
256.39,0.00068571,256.17,-43.531,0.00085573
257.23,0.00067084,257.02,-44.471,0.0008372
258.09,0.00065611,257.87,-45.424,0.00081883
258.91,0.00064225,258.7,-46.34,0.00080156
259.6,0.00063089,259.39,-47.106,0.00078739
260.08,0.00062312,259.88,-47.639,0.0007777
260.26,0.00062022,260.06,-47.84,0.0007741
260.1,0.00062305,259.89,-47.646,0.00077764
259.6,0.00063136,259.39,-47.08,0.000788
258.81,0.00064467,258.6,-46.187,0.00080461
257.79,0.00066213,257.58,-45.043,0.00082638
256.63,0.00068254,256.41,-43.742,0.00085184
255.41,0.00070468,255.19,-42.374,0.00087944
254.21,0.00072711,253.98,-41.031,0.00090741
253.09,0.00074882,252.85,-39.769,0.00093448
252.06,0.00076909,251.82,-38.623,0.00095974
250.9,0.00079261,250.65,-37.331,0.00098905
249.96,0.00081203,249.71,-36.291,0.0010132
249.27,0.00082662,249.01,-35.526,0.0010314
248.83,0.00083595,248.57,-35.043,0.001043
248.63,0.00084008,248.37,-34.83,0.0010482
248.65,0.00083955,248.39,-34.855,0.0010475
248.84,0.0008352,248.58,-35.076,0.0010421
249.2,0.00082738,248.94,-35.479,0.0010323
249.76,0.00081531,249.5,-36.108,0.0010173
250.53,0.00079884,250.28,-36.982,0.00099675
251.52,0.00077853,251.27,-38.086,0.00097142
252.64,0.00075606,252.4,-39.342,0.00094341
253.52,0.00073888,253.28,-40.328,0.000922
254.39,0.00072241,254.15,-41.295,0.00090147
255.22,0.00070683,255,-42.23,0.00088206
256.04,0.00069192,255.82,-43.144,0.00086347
256.87,0.0006772,256.65,-44.067,0.00084513
257.71,0.00066252,257.5,-45.007,0.00082682
258.55,0.00064827,258.34,-45.94,0.00080906
259.32,0.00063551,259.11,-46.793,0.00079315
259.96,0.00062496,259.76,-47.512,0.00078
260.26,0.0006202,260.06,-47.841,0.00077407
260.12,0.00062264,259.92,-47.674,0.00077712
259.52,0.00063272,259.31,-46.988,0.0007897
258.55,0.000649,258.34,-45.9,0.00081
257.33,0.00067017,257.12,-44.526,0.00083641
255.98,0.00069438,255.75,-43.005,0.0008666
254.6,0.00071974,254.37,-41.468,0.00089822
253.39,0.00074297,253.15,-40.106,0.00092718
252.27,0.00076481,252.03,-38.863,0.00095441
251.29,0.00078464,251.04,-37.765,0.00097912
250.45,0.00080195,250.19,-36.828,0.0010007
249.63,0.00081897,249.38,-35.926,0.0010219
249.06,0.00083109,248.8,-35.294,0.001037
248.73,0.00083809,248.47,-34.933,0.0010457
248.62,0.00084031,248.36,-34.818,0.0010485
248.68,0.00083878,248.42,-34.894,0.0010465
248.88,0.00083436,248.62,-35.119,0.001041
249.2,0.00082726,248.94,-35.485,0.0010322
249.66,0.0008173,249.41,-36.004,0.0010198
250.28,0.00080415,250.03,-36.699,0.0010034
251.05,0.00078802,250.81,-37.567,0.00098325
251.95,0.0007697,251.71,-38.575,0.00096042
252.92,0.00075044,252.69,-39.662,0.00093641
253.9,0.00073161,253.67,-40.752,0.00091294
254.85,0.00071377,254.62,-41.81,0.00089071
255.77,0.00069691,255.54,-42.836,0.00086969
256.68,0.00068056,256.46,-43.855,0.0008493
257.54,0.00066555,257.32,-44.811,0.0008306
258.39,0.00065089,258.18,-45.767,0.00081232
259.19,0.00063752,258.99,-46.657,0.00079566
259.84,0.00062695,259.64,-47.375,0.00078248
260.22,0.00062088,260.02,-47.793,0.00077492
260.24,0.00062073,260.03,-47.805,0.00077474
259.85,0.00062718,259.65,-47.364,0.00078278
259.08,0.00064004,258.87,-46.495,0.00079883
257.43,0.0006684,257.22,-44.639,0.00083421
255.5,0.00070307,255.28,-42.472,0.00087744
253.6,0.00073877,253.37,-40.349,0.00092194
251.93,0.00077166,251.69,-38.48,0.00096294
250.43,0.00080238,250.17,-36.805,0.0010012
249.37,0.00082464,249.11,-35.629,0.001029
248.78,0.00083708,248.52,-34.985,0.0010444
248.63,0.00084014,248.36,-34.826,0.0010482
248.72,0.00083786,248.46,-34.941,0.0010454
248.96,0.00083266,248.7,-35.206,0.0010389
249.32,0.00082467,249.06,-35.619,0.0010289
249.83,0.00081364,249.58,-36.196,0.0010152
250.51,0.00079928,250.26,-36.959,0.00099729
251.34,0.00078206,251.1,-37.892,0.00097583
252.29,0.00076299,252.05,-38.951,0.00095206
253.28,0.00074341,253.05,-40.065,0.00092765
254.2,0.00072583,253.97,-41.092,0.00090573
255.09,0.00070919,254.87,-42.087,0.00088499
255.97,0.00069332,255.74,-43.058,0.00086521
256.84,0.0006778,256.62,-44.029,0.00084587
257.67,0.00066331,257.45,-44.956,0.0008278
258.49,0.00064923,258.28,-45.877,0.00081025
259.26,0.0006365,259.05,-46.726,0.00079438
259.87,0.0006265,259.66,-47.406,0.00078192
260.23,0.00062075,260.03,-47.803,0.00077475
260.24,0.00062069,260.04,-47.808,0.00077469
259.86,0.00062696,259.66,-47.378,0.00078252
259.12,0.0006394,258.91,-46.538,0.00079803
257.49,0.0006673,257.28,-44.71,0.00083283
255.58,0.00070158,255.36,-42.563,0.00087558
253.69,0.00073707,253.46,-40.447,0.00091983
252.02,0.00076994,251.77,-38.576,0.0009608
250.59,0.00079905,250.34,-36.984,0.00099707
249.54,0.00082104,249.28,-35.817,0.0010245
248.89,0.0008347,248.63,-35.107,0.0010415
248.64,0.00084001,248.38,-34.833,0.0010481
248.66,0.00083926,248.4,-34.87,0.0010471
248.84,0.00083534,248.58,-35.069,0.0010422
249.14,0.00082857,248.88,-35.417,0.0010338
249.59,0.00081883,249.34,-35.924,0.0010217
250.21,0.00080573,249.95,-36.615,0.0010053
250.99,0.00078942,250.74,-37.491,0.000985
251.9,0.00077069,251.66,-38.52,0.00096166
252.9,0.00075088,252.66,-39.637,0.00093695
253.89,0.0007317,253.66,-40.746,0.00091305
254.86,0.00071355,254.63,-41.824,0.00089043
255.8,0.0006964,255.57,-42.868,0.00086905
256.73,0.00067976,256.51,-43.905,0.00084831
257.58,0.00066478,257.37,-44.861,0.00082964
258.44,0.00065017,258.23,-45.814,0.00081142
259.23,0.00063691,259.02,-46.698,0.0007949
259.87,0.00062651,259.66,-47.405,0.00078193
260.23,0.00062069,260.03,-47.806,0.00077468
260.24,0.00062072,260.03,-47.806,0.00077473
259.85,0.00062723,259.64,-47.36,0.00078285
259.08,0.00064003,258.87,-46.496,0.00079882
257.37,0.00066949,257.15,-44.569,0.00083557
255.37,0.00070547,255.14,-42.326,0.00088042
253.43,0.00074221,253.19,-40.15,0.00092623
251.73,0.00077564,251.49,-38.26,0.0009679
250.59,0.00079906,250.34,-36.983,0.00099708
249.69,0.0008177,249.44,-35.992,0.0010203
249.07,0.00083083,248.81,-35.307,0.0010367
248.73,0.00083818,248.47,-34.928,0.0010458
248.63,0.0008401,248.37,-34.828,0.0010482
248.73,0.00083764,248.47,-34.952,0.0010451
249.01,0.00083154,248.75,-35.264,0.0010375
249.45,0.00082185,249.19,-35.766,0.0010254
249.98,0.00081059,249.72,-36.357,0.0010114
250.65,0.0007964,250.4,-37.113,0.0009937
251.46,0.00077972,251.21,-38.021,0.00097291
252.36,0.0007615,252.12,-39.034,0.0009502
253.31,0.000743,253.07,-40.089,0.00092713
254.24,0.00072516,254.01,-41.131,0.0009049
255.14,0.00070835,254.91,-42.138,0.00088395
256.02,0.00069234,255.8,-43.118,0.00086399
257.03,0.00067444,256.81,-44.242,0.00084168
258.05,0.00065668,257.84,-45.387,0.00081954
259.04,0.00064012,258.83,-46.483,0.0007989
259.84,0.00062703,259.63,-47.37,0.00078257
260.24,0.00062055,260.04,-47.816,0.0007745
260.2,0.00062132,260,-47.765,0.00077547
259.68,0.00063009,259.47,-47.166,0.00078642
258.71,0.00064639,258.5,-46.073,0.00080675
257.13,0.00067379,256.91,-44.295,0.00084092
255.36,0.00070563,255.14,-42.316,0.00088063
253.64,0.00073802,253.41,-40.393,0.000921
252.11,0.00076809,251.87,-38.679,0.00095849
250.82,0.00079424,250.57,-37.243,0.00099108
249.81,0.00081516,249.56,-36.126,0.0010171
249.12,0.00082991,248.86,-35.355,0.0010355
248.73,0.00083808,248.47,-34.933,0.0010457
248.63,0.00084007,248.37,-34.829,0.0010482
248.74,0.00083758,248.48,-34.955,0.001045
249.02,0.00083136,248.76,-35.273,0.0010373
249.47,0.00082145,249.21,-35.787,0.0010249
250,0.00081002,249.75,-36.387,0.0010107
250.69,0.00079564,250.44,-37.155,0.00099275
251.51,0.00077877,251.26,-38.073,0.00097172
252.42,0.00076041,252.18,-39.096,0.00094884
253.37,0.00074184,253.13,-40.156,0.00092568
254.3,0.00072397,254.07,-41.202,0.00090341
255.21,0.00070714,254.98,-42.211,0.00088244
256.09,0.00069109,255.87,-43.196,0.00086244
257.07,0.00067371,256.85,-44.289,0.00084077
258.07,0.00065647,257.85,-45.401,0.00081928
259.02,0.00064037,258.81,-46.466,0.00079921
259.81,0.0006275,259.6,-47.337,0.00078316
260.23,0.00062069,260.03,-47.806,0.00077468
260.22,0.00062107,260.01,-47.782,0.00077517
259.71,0.00062945,259.51,-47.209,0.00078562
258.77,0.0006454,258.56,-46.138,0.00080552
257.3,0.00067067,257.09,-44.494,0.00083703
255.66,0.00070024,255.43,-42.645,0.0008739
254.02,0.00073078,253.79,-40.815,0.00091199
252.53,0.00075978,252.29,-39.146,0.00094813
251.24,0.00078562,250.99,-37.711,0.00098034
250.19,0.00080723,249.94,-36.546,0.0010073
249.41,0.00082374,249.15,-35.676,0.0010278
248.9,0.00083454,248.64,-35.115,0.0010413
248.66,0.00083949,248.4,-34.86,0.0010474
248.65,0.00083954,248.39,-34.856,0.0010475
248.83,0.00083558,248.57,-35.057,0.0010426
249.17,0.00082804,248.91,-35.444,0.0010331
249.68,0.00081693,249.42,-36.023,0.0010193
250.4,0.00080173,250.14,-36.828,0.0010003
251.31,0.00078278,251.06,-37.853,0.00097672
252.37,0.00076145,252.12,-39.037,0.00095014
253.24,0.0007443,253,-40.014,0.00092876
254.11,0.00072769,253.87,-40.982,0.00090805
254.94,0.00071196,254.72,-41.919,0.00088845
255.76,0.00069699,255.54,-42.831,0.00086979
256.58,0.00068238,256.36,-43.74,0.00085158
257.41,0.00066779,257.19,-44.667,0.00083339
258.25,0.0006534,258.04,-45.602,0.00081545
259.04,0.00064002,258.84,-46.489,0.00079877
259.75,0.00062842,259.54,-47.274,0.00078431
260.19,0.00062135,259.99,-47.76,0.00077551
260.26,0.00062031,260.06,-47.834,0.00077422
259.92,0.00062608,259.71,-47.438,0.00078142
259.24,0.00063742,259.03,-46.671,0.00079556
258.28,0.00065368,258.07,-45.593,0.00081584
257.13,0.00067369,256.91,-44.301,0.0008408
255.89,0.00069601,255.66,-42.905,0.00086864
254.67,0.00071852,254.44,-41.541,0.00089669
253.51,0.00074065,253.27,-40.24,0.00092429
252.44,0.00076159,252.19,-39.044,0.00095039
251.48,0.00078074,251.23,-37.978,0.00097426
250.49,0.00080107,250.24,-36.875,0.0009996
249.7,0.00081753,249.45,-36.001,0.0010201
249.13,0.00082959,248.87,-35.372,0.0010351
248.78,0.00083701,248.52,-34.988,0.0010444
248.64,0.00084002,248.37,-34.832,0.0010481
248.7,0.0008385,248.44,-34.909,0.0010462
248.93,0.00083324,248.67,-35.177,0.0010396
249.33,0.00082445,249.07,-35.631,0.0010287
249.83,0.00081363,249.58,-36.196,0.0010152
250.49,0.00079967,250.24,-36.938,0.00099777
251.3,0.00078288,251.06,-37.847,0.00097685
252.23,0.00076424,251.98,-38.88,0.00095361
253.2,0.0007451,252.96,-39.968,0.00092975
254.16,0.00072658,253.93,-41.048,0.00090667
255.1,0.00070915,254.87,-42.089,0.00088494
256.01,0.0006926,255.78,-43.103,0.00086431
256.91,0.0006765,256.69,-44.111,0.00084425
257.83,0.00066047,257.62,-45.14,0.00082426
258.74,0.00064509,258.53,-46.151,0.00080509
259.54,0.00063185,259.33,-47.041,0.00078859
260.1,0.00062279,259.9,-47.661,0.0007773
260.28,0.00061991,260.08,-47.861,0.00077372
260.02,0.00062437,259.82,-47.555,0.00077929
259.3,0.0006363,259.1,-46.746,0.00079417
258.14,0.00065607,257.93,-45.436,0.00081883
256.73,0.0006809,256.51,-43.845,0.00084979
255.22,0.00070827,254.99,-42.156,0.00088392
253.75,0.00073588,253.52,-40.517,0.00091834
252.53,0.00075979,252.29,-39.145,0.00094815
251.44,0.00078154,251.19,-37.934,0.00097525
250.52,0.00080049,250.27,-36.906,0.00099887
249.77,0.0008161,249.51,-36.076,0.0010183
249.17,0.00082884,248.91,-35.411,0.0010342
248.8,0.00083673,248.53,-35.002,0.001044
248.64,0.00083997,248.38,-34.835,0.001048
248.67,0.00083918,248.41,-34.874,0.001047
248.84,0.00083519,248.58,-35.077,0.0010421
249.16,0.0008282,248.9,-35.437,0.0010333
249.63,0.00081809,249.37,-35.963,0.0010207
250.26,0.00080463,250.01,-36.673,0.001004
251,0.00078912,250.75,-37.507,0.00098462
251.86,0.00077154,251.62,-38.473,0.00096271
252.79,0.00075298,252.56,-39.517,0.00093958
253.74,0.00073457,253.51,-40.579,0.00091663
254.61,0.00071815,254.38,-41.548,0.00089617
255.46,0.00070256,255.23,-42.489,0.00087674
256.29,0.0006875,256.07,-43.419,0.00085796
257.13,0.00067263,256.91,-44.358,0.00083942
257.94,0.00065864,257.73,-45.259,0.00082198
258.73,0.00064528,258.52,-46.138,0.00080532
259.44,0.00063354,259.23,-46.926,0.00079069
259.98,0.00062472,259.77,-47.528,0.0007797
260.26,0.00062023,260.06,-47.838,0.00077411
260.21,0.00062111,260.01,-47.779,0.00077521
259.81,0.00062781,259.61,-47.321,0.00078357
259.08,0.00064012,258.87,-46.49,0.00079893
257.64,0.00066483,257.42,-44.868,0.00082975
255.94,0.00069496,255.72,-42.969,0.00086732
254.23,0.00072674,254,-41.053,0.00090694
252.66,0.00075718,252.42,-39.293,0.00094489
251.36,0.00078319,251.11,-37.844,0.00097731
250.29,0.00080513,250.04,-36.658,0.0010046
249.48,0.00082212,249.23,-35.761,0.0010258
248.95,0.00083353,248.69,-35.168,0.00104
248.68,0.00083916,248.42,-34.877,0.001047
248.64,0.00083972,248.38,-34.847,0.0010477
248.8,0.00083611,248.54,-35.03,0.0010432
249.13,0.00082884,248.87,-35.404,0.0010341
249.61,0.00081839,249.36,-35.947,0.0010211
250.28,0.00080406,250.03,-36.703,0.0010032
251.15,0.00078607,250.9,-37.673,0.00098082
252.16,0.00076555,251.92,-38.807,0.00095525
253.04,0.00074825,252.8,-39.787,0.00093368
253.91,0.00073135,253.68,-40.767,0.00091262
254.76,0.00071531,254.54,-41.718,0.00089263
255.59,0.0007001,255.37,-42.64,0.00087367
256.41,0.00068535,256.19,-43.554,0.00085528
257.24,0.00067065,257.03,-44.484,0.00083695
258.09,0.00065607,257.88,-45.427,0.00081877
258.91,0.00064232,258.7,-46.335,0.00080164
259.59,0.00063095,259.39,-47.102,0.00078746
260.08,0.00062306,259.88,-47.642,0.00077763
260.28,0.00061993,260.08,-47.859,0.00077374
260.14,0.00062243,259.93,-47.689,0.00077686
259.66,0.00063038,259.45,-47.146,0.00078678
258.89,0.00064333,258.68,-46.276,0.00080293
257.89,0.00066046,257.67,-45.151,0.0008243
256.74,0.00068062,256.52,-43.863,0.00084944
255.52,0.00070271,255.3,-42.494,0.00087698
254.32,0.00072518,254.08,-41.145,0.000905
253.18,0.00074699,252.94,-39.874,0.00093219
252.14,0.0007674,251.9,-38.718,0.00095763
250.96,0.00079144,250.71,-37.394,0.00098758
250,0.00081128,249.75,-36.331,0.0010123
249.29,0.00082617,249.04,-35.549,0.0010309
248.85,0.00083565,248.59,-35.058,0.0010427
248.65,0.00083975,248.39,-34.846,0.0010478
248.67,0.00083919,248.41,-34.874,0.0010471
248.86,0.0008348,248.6,-35.097,0.0010416
249.22,0.00082693,248.96,-35.502,0.0010318
249.78,0.00081476,249.53,-36.137,0.0010166
250.57,0.00079815,250.32,-37.02,0.00099588
251.56,0.00077768,251.31,-38.133,0.00097037
252.69,0.0007551,252.45,-39.396,0.00094222
253.57,0.00073795,253.33,-40.382,0.00092084
254.43,0.00072152,254.2,-41.347,0.00090037
255.27,0.00070599,255.04,-42.281,0.000881
256.09,0.0006911,255.87,-43.195,0.00086245
256.92,0.0006764,256.7,-44.118,0.00084412
257.76,0.00066172,257.55,-45.059,0.00082583
258.59,0.00064752,258.38,-45.99,0.00080812
259.36,0.00063486,259.15,-46.837,0.00079234
260.05,0.0006236,259.84,-47.605,0.00077831
260.29,0.00061989,260.08,-47.863,0.00077368
259.96,0.00062542,259.75,-47.484,0.00078059
259.07,0.00064027,258.86,-46.48,0.00079912
257.79,0.0006621,257.58,-45.045,0.00082635
256.3,0.00068858,256.08,-43.364,0.00085937
254.75,0.00071698,254.52,-41.633,0.00089477
253.29,0.00074494,253.05,-39.992,0.00092964
252.02,0.00076978,251.78,-38.585,0.0009606
250.94,0.00079177,250.69,-37.376,0.000988
250.05,0.0008102,249.8,-36.388,0.001011
249.37,0.00082446,249.12,-35.638,0.0010287
248.9,0.00083444,248.64,-35.121,0.0010412
248.67,0.00083937,248.41,-34.866,0.0010473
248.64,0.0008398,248.38,-34.843,0.0010478
248.79,0.00083646,248.53,-35.012,0.0010437
249.06,0.0008305,248.8,-35.318,0.0010362
249.46,0.00082159,249.21,-35.779,0.0010251
250.03,0.0008095,249.77,-36.415,0.00101
250.75,0.00079423,250.5,-37.231,0.00099099
251.58,0.00077731,251.33,-38.154,0.0009699
252.48,0.00075911,252.24,-39.169,0.00094722
253.42,0.00074077,253.19,-40.218,0.00092436
254.35,0.00072311,254.12,-41.253,0.00090235
255.2,0.0007072,254.98,-42.207,0.00088252
256.04,0.0006919,255.82,-43.146,0.00086344
256.89,0.00067681,256.67,-44.092,0.00084463
257.75,0.00066182,257.54,-45.052,0.00082595
258.55,0.00064833,258.34,-45.936,0.00080914
259.27,0.0006362,259.07,-46.746,0.00079402
259.86,0.00062665,259.65,-47.395,0.00078211
260.21,0.00062095,260.01,-47.788,0.00077501
260.27,0.00062019,260.07,-47.842,0.00077407
260.01,0.0006245,259.81,-47.547,0.00077945
259.45,0.00063392,259.24,-46.907,0.00079119
258.61,0.00064796,258.4,-45.969,0.00080872
257.29,0.00067083,257.08,-44.483,0.00083723
255.83,0.0006971,255.6,-42.838,0.00086999
254.36,0.00072439,254.13,-41.192,0.00090402
252.98,0.00075079,252.75,-39.657,0.00093693
251.63,0.00077781,251.38,-38.14,0.0009706
250.5,0.0008009,250.25,-36.884,0.00099938
249.63,0.00081915,249.37,-35.916,0.0010221
249.03,0.0008318,248.77,-35.257,0.0010379
248.71,0.00083862,248.44,-34.905,0.0010464
248.64,0.0008399,248.38,-34.838,0.0010479
248.78,0.00083663,248.52,-35.004,0.0010439
249.1,0.00082942,248.85,-35.374,0.0010349
249.56,0.00081946,249.31,-35.891,0.0010224
250.2,0.00080579,249.95,-36.611,0.0010054
251.03,0.00078853,250.78,-37.539,0.00098389
252,0.00076867,251.76,-38.633,0.00095913
252.93,0.00075023,252.7,-39.674,0.00093615
253.87,0.00073216,253.64,-40.72,0.00091362
254.78,0.00071504,254.55,-41.734,0.00089229
255.66,0.00069886,255.44,-42.716,0.00087211
256.53,0.00068315,256.31,-43.692,0.00085254
257.43,0.00066748,257.21,-44.687,0.000833
258.33,0.00065206,258.11,-45.69,0.00081378
259.17,0.00063794,258.96,-46.629,0.00079618
259.89,0.00062617,259.68,-47.429,0.0007815
260.26,0.00062025,260.06,-47.837,0.00077413
260.17,0.00062186,259.97,-47.727,0.00077615
259.58,0.00063161,259.38,-47.063,0.00078832
258.67,0.00064695,258.46,-46.035,0.00080746
257.51,0.00066709,257.29,-44.723,0.00083257
256.2,0.00069034,255.98,-43.255,0.00086156
254.86,0.00071494,254.63,-41.755,0.00089224
253.64,0.00073802,253.41,-40.392,0.00092101
252.52,0.00075992,252.28,-39.138,0.00094831
251.52,0.00077997,251.27,-38.021,0.00097329
250.65,0.00079767,250.4,-37.058,0.00099535
249.81,0.00081522,249.56,-36.123,0.0010172
249.2,0.00082823,248.94,-35.442,0.0010334
248.81,0.00083638,248.55,-35.02,0.0010436
248.64,0.00083986,248.38,-34.841,0.0010479
248.66,0.00083938,248.4,-34.864,0.0010473
248.82,0.0008358,248.56,-35.046,0.0010428
249.1,0.00082946,248.84,-35.372,0.0010349
249.52,0.00082028,249.27,-35.848,0.0010235
250.1,0.0008079,249.85,-36.499,0.001008
250.84,0.00079237,250.59,-37.331,0.00098867
251.73,0.00077431,251.48,-38.32,0.00096616
252.7,0.00075493,252.46,-39.406,0.00094201
253.61,0.00073717,253.37,-40.427,0.00091987
254.5,0.0007202,254.27,-41.426,0.00089872
255.37,0.00070418,255.14,-42.391,0.00087875
256.22,0.0006888,256,-43.338,0.00085958
257.08,0.00067355,256.86,-44.299,0.00084057
257.95,0.00065839,257.74,-45.275,0.00082168
258.81,0.00064395,258.6,-46.227,0.00080367
259.56,0.00063156,259.35,-47.061,0.00078822
260.15,0.00062191,259.95,-47.722,0.00077619
260.26,0.00062035,260.06,-47.831,0.00077427
259.78,0.00062826,259.58,-47.29,0.00078414
258.77,0.00064532,258.56,-46.144,0.00080541
257.02,0.0006756,256.81,-44.18,0.00084318
255.07,0.00071101,254.84,-41.991,0.00088733
253.21,0.00074643,252.97,-39.906,0.00093149
251.6,0.00077835,251.35,-38.11,0.00097127
250.23,0.00080658,249.97,-36.581,0.0010064
249.27,0.00082669,249.01,-35.522,0.0010315
248.75,0.00083763,248.49,-34.956,0.0010451
248.63,0.00083995,248.37,-34.835,0.001048
248.74,0.00083756,248.48,-34.956,0.001045
248.97,0.00083248,248.71,-35.216,0.0010387
249.32,0.00082478,249.06,-35.614,0.0010291
249.8,0.00081427,249.55,-36.163,0.001016
250.45,0.00080065,250.2,-36.886,0.000999
251.24,0.00078429,250.99,-37.77,0.00097861
252.14,0.00076605,251.89,-38.779,0.00095587
253.09,0.00074713,252.86,-39.851,0.00093229
254.03,0.00072907,253.8,-40.901,0.00090977
254.94,0.00071197,254.72,-41.919,0.00088845
255.83,0.00069573,255.61,-42.909,0.00086822
256.72,0.00067994,256.5,-43.894,0.00084853
257.56,0.00066514,257.35,-44.838,0.00083009
258.41,0.00065069,258.2,-45.78,0.00081207
259.2,0.0006375,258.99,-46.658,0.00079563
259.84,0.00062701,259.63,-47.371,0.00078256
260.22,0.00062083,260.02,-47.797,0.00077486
260.25,0.00062054,260.05,-47.818,0.00077451
259.87,0.00062684,259.67,-47.387,0.00078236
259.11,0.00063956,258.9,-46.527,0.00079824
257.53,0.00066675,257.31,-44.745,0.00083215
255.66,0.00070009,255.44,-42.654,0.00087372
253.81,0.00073475,253.58,-40.583,0.00091694
252.16,0.0007671,251.92,-38.734,0.00095726
250.78,0.00079516,250.53,-37.193,0.00099222
249.72,0.00081713,249.47,-36.022,0.0010196
249.02,0.00083188,248.76,-35.253,0.001038
248.68,0.0008391,248.42,-34.88,0.001047
248.65,0.00083971,248.38,-34.847,0.0010477
248.81,0.00083583,248.55,-35.045,0.0010429
249.17,0.00082807,248.91,-35.443,0.0010332
249.71,0.0008163,249.45,-36.056,0.0010185
250.3,0.00080382,250.04,-36.716,0.001003
251.02,0.00078871,250.77,-37.529,0.00098411
251.86,0.0007716,251.62,-38.469,0.00096279
252.77,0.00075354,252.53,-39.485,0.00094027
253.69,0.00073566,253.45,-40.515,0.00091799
254.59,0.00071863,254.36,-41.52,0.00089676
255.46,0.00070253,255.23,-42.491,0.0008767
256.31,0.00068705,256.09,-43.447,0.0008574
257.21,0.00067117,257,-44.45,0.00083761
258.13,0.00065546,257.91,-45.467,0.00081802
259,0.00064076,258.79,-46.44,0.0007997
259.73,0.0006287,259.53,-47.255,0.00078466
260.2,0.00062117,260,-47.773,0.00077528
260.25,0.00062051,260.05,-47.82,0.00077446
259.82,0.00062763,259.62,-47.333,0.00078335
258.95,0.00064232,258.74,-46.343,0.00080167
257.23,0.00067196,257.01,-44.411,0.00083865
255.26,0.00070744,255.04,-42.207,0.00088289
253.37,0.00074338,253.13,-40.082,0.0009277
251.71,0.00077602,251.47,-38.239,0.00096837
250.56,0.00079967,250.31,-36.95,0.00099785
249.66,0.00081838,249.41,-35.956,0.0010212
249.05,0.00083139,248.79,-35.279,0.0010374
248.71,0.00083845,248.45,-34.914,0.0010461
248.63,0.00083999,248.37,-34.833,0.0010481
248.76,0.00083712,248.5,-34.979,0.0010445
249.05,0.00083053,248.79,-35.316,0.0010362
249.53,0.00082022,249.27,-35.851,0.0010234
250.07,0.00080867,249.81,-36.458,0.001009
250.75,0.0007943,250.5,-37.227,0.00099108
251.56,0.00077759,251.32,-38.138,0.00097026
252.46,0.00075952,252.22,-39.146,0.00094773
253.39,0.0007413,253.16,-40.188,0.00092501
254.31,0.00072377,254.08,-41.213,0.00090317
255.2,0.00070726,254.97,-42.204,0.00088258
256.07,0.00069149,255.84,-43.171,0.00086293
257.04,0.00067414,256.83,-44.261,0.0008413
258.04,0.00065691,257.83,-45.372,0.00081983
259,0.00064078,258.79,-46.438,0.00079972
259.79,0.0006278,259.58,-47.317,0.00078354
260.23,0.00062074,260.03,-47.803,0.00077475
260.22,0.00062102,260.02,-47.785,0.00077511
259.71,0.00062949,259.51,-47.206,0.00078567
258.75,0.00064572,258.54,-46.117,0.00080592
257.28,0.00067112,257.06,-44.465,0.00083759
255.63,0.00070076,255.4,-42.613,0.00087455
253.99,0.00073133,253.76,-40.783,0.00091266
252.5,0.0007603,252.26,-39.117,0.00094878
251.22,0.00078609,250.97,-37.685,0.00098093
250.17,0.00080763,249.92,-36.525,0.0010078
249.39,0.00082403,249.14,-35.661,0.0010282
248.89,0.0008347,248.63,-35.107,0.0010415
248.66,0.00083952,248.4,-34.859,0.0010475
248.66,0.00083947,248.39,-34.859,0.0010474
248.83,0.00083545,248.57,-35.064,0.0010424
249.18,0.00082785,248.92,-35.455,0.0010329
249.7,0.00081658,249.44,-36.042,0.0010189
250.42,0.00080117,250.17,-36.858,0.00099965
251.35,0.00078201,251.1,-37.895,0.00097576
252.41,0.0007605,252.17,-39.091,0.00094895
253.29,0.00074336,253.05,-40.068,0.00092759
254.15,0.0007268,253.92,-41.035,0.00090694
254.99,0.00071112,254.76,-41.97,0.00088739
255.81,0.00069618,255.58,-42.881,0.00086878
256.62,0.00068158,256.4,-43.79,0.00085058
257.45,0.00066699,257.24,-44.719,0.00083239
258.29,0.00065263,258.08,-45.652,0.00081449
259.08,0.00063934,258.88,-46.535,0.00079793
259.8,0.00062752,259.6,-47.336,0.00078319
260.22,0.00062081,260.02,-47.798,0.00077483
260.23,0.00062082,260.03,-47.799,0.00077486
259.78,0.0006283,259.58,-47.287,0.00078419
259.01,0.0006413,258.8,-46.411,0.00080041
257.96,0.00065918,257.75,-45.234,0.0008227
256.75,0.00068054,256.53,-43.868,0.00084934
255.46,0.00070382,255.23,-42.426,0.00087838
254.24,0.00072655,254.01,-41.064,0.00090671
253.1,0.00074857,252.86,-39.783,0.00093416
252.06,0.00076913,251.81,-38.621,0.00095978
251.14,0.00078769,250.89,-37.598,0.00098292
250.22,0.00080675,249.96,-36.572,0.0010067
249.5,0.00082178,249.24,-35.778,0.0010254
249,0.00083234,248.74,-35.229,0.0010385
248.72,0.00083833,248.46,-34.92,0.001046
248.63,0.00083998,248.37,-34.834,0.001048
248.76,0.00083696,248.5,-34.987,0.0010443
249.08,0.00083003,248.82,-35.342,0.0010356
249.58,0.00081914,249.32,-35.908,0.001022
250.13,0.00080737,249.88,-36.528,0.0010074
250.82,0.00079284,250.57,-37.306,0.00098926
251.64,0.00077608,251.39,-38.222,0.00096837
252.54,0.00075806,252.3,-39.229,0.00094591
253.46,0.00073998,253.23,-40.263,0.00092338
254.37,0.00072264,254.14,-41.281,0.00090176
255.25,0.00070629,255.03,-42.263,0.00088137
256.11,0.00069065,255.89,-43.223,0.00086188
257.07,0.00067369,256.85,-44.29,0.00084075
258.04,0.00065686,257.83,-45.375,0.00081977
258.98,0.00064108,258.77,-46.418,0.00080009
259.76,0.00062825,259.55,-47.286,0.0007841
260.22,0.00062089,260.02,-47.792,0.00077493
260.23,0.00062086,260.03,-47.797,0.0007749
259.74,0.00062905,259.53,-47.237,0.00078512
258.78,0.00064508,258.57,-46.16,0.00080512
257.19,0.00067265,256.97,-44.367,0.0008395
255.4,0.00070498,255.17,-42.356,0.00087981
253.65,0.00073794,253.41,-40.397,0.0009209
252.09,0.00076852,251.85,-38.655,0.00095902
250.78,0.00079501,250.53,-37.201,0.00099204
249.77,0.00081605,249.52,-36.079,0.0010182
249.08,0.00083064,248.82,-35.317,0.0010364
248.71,0.00083844,248.45,-34.914,0.0010461
248.64,0.00083997,248.37,-34.834,0.001048
248.76,0.00083703,248.5,-34.983,0.0010444
249.06,0.00083033,248.8,-35.327,0.001036
249.54,0.00081984,249.29,-35.871,0.0010229
250.09,0.00080823,249.83,-36.482,0.0010084
250.77,0.00079382,250.52,-37.253,0.00099048
251.59,0.00077712,251.34,-38.164,0.00096966
252.49,0.00075909,252.24,-39.171,0.00094719
253.41,0.00074093,253.18,-40.209,0.00092456
254.33,0.00072348,254.1,-41.231,0.00090281
255.21,0.00070703,254.99,-42.217,0.0008823
256.08,0.00069133,255.85,-43.181,0.00086273
257.05,0.00067407,256.83,-44.266,0.00084122
258.04,0.00065695,257.83,-45.369,0.00081987
258.99,0.0006409,258.78,-46.431,0.00079987
259.78,0.00062794,259.57,-47.307,0.00078371
260.23,0.00062078,260.02,-47.8,0.00077479
260.22,0.00062097,260.02,-47.789,0.00077504
259.72,0.00062938,259.51,-47.214,0.00078554
258.75,0.0006456,258.54,-46.125,0.00080577
257.24,0.00067178,257.02,-44.423,0.00083842
255.54,0.00070237,255.31,-42.515,0.00087656
253.86,0.00073378,253.63,-40.64,0.00091572
252.35,0.00076332,252.11,-38.947,0.00095254
251.06,0.00078937,250.81,-37.506,0.00098501
250.02,0.00081077,249.77,-36.358,0.0010117
249.27,0.00082658,249.02,-35.528,0.0010314
248.82,0.00083629,248.56,-35.025,0.0010435
248.64,0.0008399,248.38,-34.839,0.0010479
248.68,0.00083886,248.42,-34.89,0.0010466
248.9,0.00083403,248.64,-35.137,0.0010406
249.28,0.00082565,249.02,-35.568,0.0010302
249.8,0.00081433,249.55,-36.16,0.001016
250.51,0.00079936,250.26,-36.955,0.00099738
251.39,0.00078114,251.14,-37.943,0.00097468
252.39,0.00076092,252.15,-39.067,0.00094947
253.44,0.00074039,253.21,-40.24,0.00092388
254.47,0.00072075,254.24,-41.393,0.00089941
255.47,0.00070236,255.24,-42.502,0.00087647
256.44,0.00068476,256.22,-43.591,0.00085454
257.37,0.0006685,257.15,-44.622,0.00083428
258.3,0.00065252,258.09,-45.659,0.00081436
259.17,0.0006379,258.96,-46.632,0.00079613
259.87,0.00062646,259.67,-47.409,0.00078186
260.24,0.00062055,260.04,-47.816,0.00077451
260.23,0.00062091,260.02,-47.793,0.00077496
259.79,0.00062818,259.59,-47.296,0.00078403
258.96,0.00064209,258.75,-46.358,0.00080139
257.52,0.0006668,257.31,-44.742,0.00083221
255.86,0.00069642,255.64,-42.88,0.00086914
254.2,0.00072745,253.96,-41.011,0.00090783
252.66,0.00075713,252.42,-39.296,0.00094484
251.34,0.00078368,251.09,-37.817,0.00097793
250.25,0.00080596,250,-36.614,0.0010057
249.44,0.00082302,249.18,-35.713,0.0010269
248.91,0.00083424,248.65,-35.131,0.0010409
248.67,0.00083938,248.41,-34.865,0.0010473
248.65,0.00083956,248.39,-34.855,0.0010475
248.82,0.00083565,248.56,-35.054,0.0010426
249.16,0.00082811,248.91,-35.441,0.0010332
249.67,0.00081709,249.42,-36.015,0.0010195
250.38,0.00080203,250.13,-36.812,0.0010007
251.29,0.00078324,251.04,-37.828,0.0009773
252.34,0.00076206,252.09,-39.003,0.00095089
253.21,0.0007448,252.98,-39.985,0.00092938
254.08,0.00072808,253.85,-40.959,0.00090854
254.93,0.00071224,254.7,-41.903,0.0008888
255.75,0.00069718,255.53,-42.82,0.00087002
256.57,0.00068248,256.35,-43.734,0.00085171
257.41,0.00066781,257.19,-44.666,0.00083341
258.25,0.00065334,258.04,-45.606,0.00081537
259.05,0.0006399,258.84,-46.498,0.00079862
259.76,0.0006283,259.55,-47.282,0.00078417
260.19,0.00062129,259.99,-47.765,0.00077542
260.26,0.00062033,260.06,-47.833,0.00077424
259.91,0.00062622,259.7,-47.429,0.00078159
259.22,0.00063767,259.02,-46.654,0.00079588
258.26,0.00065405,258.05,-45.568,0.00081631
257.1,0.00067416,256.89,-44.271,0.00084139
255.86,0.00069656,255.63,-42.871,0.00086932
254.64,0.00071908,254.41,-41.507,0.0008974
253.48,0.00074121,253.24,-40.207,0.00092499
252.41,0.00076212,252.17,-39.014,0.00095105
251.46,0.00078123,251.21,-37.952,0.00097486
250.47,0.00080146,250.22,-36.854,0.0010001
249.69,0.00081781,249.43,-35.987,0.0010204
249.12,0.00082976,248.87,-35.363,0.0010353
248.78,0.00083708,248.52,-34.985,0.0010444
248.64,0.00084001,248.37,-34.833,0.0010481
248.7,0.00083841,248.44,-34.913,0.0010461
248.94,0.00083307,248.68,-35.186,0.0010394
249.34,0.00082417,249.09,-35.645,0.0010283
249.84,0.00081341,249.59,-36.208,0.0010149
250.5,0.00079955,250.25,-36.944,0.00099763
251.3,0.00078295,251.05,-37.844,0.00097693
252.21,0.00076453,251.97,-38.864,0.00095397
253.17,0.00074559,252.94,-39.94,0.00093036
254.13,0.00072724,253.9,-41.009,0.00090749
255.05,0.00070996,254.83,-42.04,0.00088595
255.95,0.00069355,255.73,-43.043,0.0008655
256.85,0.0006775,256.63,-44.048,0.0008455
257.77,0.0006615,257.56,-45.073,0.00082554
258.68,0.00064608,258.47,-46.085,0.00080632
259.49,0.00063266,259.28,-46.986,0.0007896
260.07,0.00062326,259.87,-47.629,0.00077788
260.29,0.00061987,260.08,-47.863,0.00077367
260.06,0.00062373,259.85,-47.599,0.00077848
259.38,0.00063504,259.17,-46.831,0.0007926
258.28,0.0006536,258.07,-45.598,0.00081575
256.93,0.00067718,256.72,-44.08,0.00084515
255.48,0.00070348,255.25,-42.447,0.00087794
254.04,0.00073035,253.81,-40.841,0.00091144
252.82,0.00075399,252.58,-39.474,0.00094091
251.73,0.00077575,251.48,-38.254,0.00096804
250.78,0.00079502,250.53,-37.2,0.00099205
250,0.00081128,249.75,-36.331,0.0010123
249.31,0.00082587,249.05,-35.565,0.0010305
248.86,0.00083531,248.6,-35.076,0.0010422
248.65,0.00083966,248.39,-34.851,0.0010477
248.65,0.00083953,248.39,-34.856,0.0010475
248.81,0.00083586,248.55,-35.043,0.0010429
249.13,0.00082895,248.87,-35.398,0.0010343
249.6,0.00081873,249.34,-35.929,0.0010215
250.24,0.00080494,249.99,-36.656,0.0010043
250.99,0.00078936,250.74,-37.494,0.00098492
251.86,0.00077165,251.61,-38.467,0.00096285
252.8,0.00075295,252.56,-39.519,0.00093954
253.75,0.00073438,253.52,-40.589,0.0009164
254.62,0.00071797,254.39,-41.559,0.00089594
255.47,0.00070238,255.24,-42.501,0.00087651
256.3,0.00068731,256.08,-43.431,0.00085773
257.14,0.00067243,256.93,-44.37,0.00083917
257.95,0.00065845,257.74,-45.271,0.00082175
258.74,0.00064511,258.53,-46.15,0.00080512
259.44,0.0006334,259.24,-46.935,0.00079052
259.98,0.00062464,259.78,-47.534,0.0007796
260.26,0.0006202,260.06,-47.84,0.00077407
260.21,0.00062113,260.01,-47.777,0.00077524
259.81,0.00062786,259.6,-47.317,0.00078364
259.07,0.00064019,258.87,-46.486,0.00079901
257.63,0.00066492,257.42,-44.862,0.00082986
255.94,0.00069505,255.72,-42.964,0.00086744
254.23,0.00072683,254,-41.048,0.00090705
252.66,0.00075725,252.42,-39.289,0.00094498
251.35,0.00078329,251.11,-37.838,0.00097744
250.29,0.00080525,250.04,-36.652,0.0010048
249.48,0.00082223,249.22,-35.755,0.001026
248.94,0.00083361,248.68,-35.164,0.0010401
248.68,0.00083918,248.42,-34.876,0.0010471
248.65,0.0008397,248.38,-34.848,0.0010477
248.8,0.00083606,248.54,-35.033,0.0010431
249.13,0.00082875,248.88,-35.408,0.001034
249.62,0.00081825,249.36,-35.954,0.0010209
250.29,0.00080385,250.04,-36.714,0.001003
251.16,0.00078578,250.92,-37.689,0.00098046
252.18,0.0007652,251.94,-38.827,0.00095481
253.05,0.00074788,252.82,-39.808,0.00093322
253.93,0.00073098,253.7,-40.788,0.00091216
254.78,0.00071495,254.56,-41.74,0.00089217
255.61,0.00069974,255.39,-42.662,0.00087321
256.43,0.00068498,256.21,-43.577,0.00085481
257.27,0.00067026,257.05,-44.509,0.00083646
258.11,0.00065567,257.9,-45.453,0.00081828
258.93,0.00064195,258.72,-46.36,0.00080118
259.62,0.00063058,259.41,-47.127,0.000787
260.1,0.0006228,259.89,-47.66,0.00077731
260.28,0.00061992,260.08,-47.861,0.00077372
260.11,0.00062277,259.91,-47.665,0.00077729
259.61,0.00063111,259.41,-47.097,0.00078769
258.82,0.00064444,258.61,-46.202,0.00080432
257.8,0.00066192,257.59,-45.056,0.00082612
256.64,0.00068234,256.43,-43.755,0.00085159
255.43,0.00070447,255.2,-42.387,0.00087918
254.23,0.0007269,253.99,-41.044,0.00090714
253.1,0.0007486,252.86,-39.782,0.00093419
252.07,0.00076885,251.83,-38.637,0.00095944
250.91,0.00079233,250.66,-37.346,0.0009887
249.98,0.00081171,249.72,-36.308,0.0010129
249.29,0.00082628,249.03,-35.543,0.001031
248.85,0.00083561,248.59,-35.06,0.0010426
248.65,0.00083974,248.39,-34.847,0.0010477
248.67,0.00083921,248.4,-34.872,0.0010471
248.86,0.00083487,248.6,-35.094,0.0010417
249.21,0.00082706,248.95,-35.496,0.0010319
249.77,0.000815,249.51,-36.124,0.0010169
250.55,0.00079854,250.3,-36.998,0.00099637
251.53,0.00077824,251.29,-38.102,0.00097106
252.65,0.00075578,252.41,-39.358,0.00094307
253.53,0.00073861,253.3,-40.343,0.00092167
254.4,0.00072215,254.17,-41.31,0.00090115
255.24,0.00070659,255.01,-42.245,0.00088175
256.06,0.00069168,255.83,-43.159,0.00086317
256.88,0.00067697,256.67,-44.081,0.00084484
257.73,0.0006623,257.51,-45.022,0.00082654
258.56,0.00064806,258.35,-45.954,0.00080879
259.33,0.00063531,259.12,-46.807,0.0007929
259.98,0.00062476,259.77,-47.525,0.00077975
260.28,0.00062,260.07,-47.855,0.00077382
260.13,0.00062245,259.93,-47.687,0.00077688
259.53,0.00063253,259.32,-47.001,0.00078946
258.57,0.0006488,258.35,-45.913,0.00080976
257.34,0.00066997,257.13,-44.538,0.00083617
255.99,0.00069418,255.76,-43.017,0.00086635
254.62,0.00071954,254.39,-41.48,0.00089797
253.4,0.00074276,253.16,-40.118,0.00092692
252.28,0.00076461,252.04,-38.874,0.00095415
251.3,0.00078443,251.05,-37.776,0.00097885
250.46,0.00080173,250.21,-36.839,0.0010004
249.64,0.00081875,249.39,-35.937,0.0010216
249.07,0.00083087,248.81,-35.305,0.0010367
248.74,0.00083787,248.48,-34.944,0.0010454
248.63,0.00084008,248.37,-34.829,0.0010482
248.69,0.00083856,248.43,-34.905,0.0010463
248.89,0.00083415,248.63,-35.131,0.0010408
249.21,0.00082705,248.95,-35.496,0.0010319
249.67,0.00081709,249.42,-36.015,0.0010195
250.29,0.00080395,250.04,-36.709,0.0010031
251.06,0.00078783,250.82,-37.577,0.00098302
251.96,0.00076952,251.72,-38.585,0.0009602
252.93,0.00075027,252.7,-39.672,0.00093619
253.91,0.00073144,253.67,-40.761,0.00091273
254.86,0.00071362,254.63,-41.82,0.00089051
255.78,0.00069676,255.55,-42.845,0.0008695
256.69,0.00068041,256.47,-43.864,0.00084912
257.55,0.00066541,257.33,-44.82,0.00083042
258.4,0.00065075,258.19,-45.776,0.00081215
259.2,0.00063739,258.99,-46.666,0.0007955
259.85,0.00062682,259.64,-47.384,0.00078232
260.23,0.00062075,260.02,-47.802,0.00077476
260.24,0.00062061,260.04,-47.814,0.00077459
259.86,0.00062705,259.65,-47.372,0.00078263
259.09,0.00063992,258.88,-46.503,0.00079868
257.44,0.00066828,257.22,-44.647,0.00083405
255.51,0.00070294,255.28,-42.48,0.00087728
253.61,0.00073864,253.38,-40.356,0.00092178
251.94,0.00077153,251.69,-38.488,0.00096277
250.43,0.00080226,250.18,-36.811,0.0010011
249.37,0.00082451,249.12,-35.636,0.0010288
248.79,0.00083695,248.52,-34.991,0.0010443
248.63,0.00083999,248.37,-34.833,0.0010481
248.73,0.0008377,248.47,-34.949,0.0010452
248.96,0.0008325,248.7,-35.215,0.0010387
249.33,0.00082448,249.07,-35.629,0.0010287
249.84,0.00081343,249.59,-36.207,0.0010149
250.52,0.00079903,250.27,-36.972,0.00099698
251.36,0.00078178,251.11,-37.908,0.00097547
252.3,0.00076268,252.06,-38.968,0.00095167
253.3,0.00074309,253.07,-40.084,0.00092725
254.22,0.00072554,253.99,-41.109,0.00090537
255.11,0.00070893,254.88,-42.102,0.00088467
255.98,0.00069309,255.76,-43.072,0.00086492
256.85,0.00067759,256.63,-44.042,0.0008456
257.68,0.00066311,257.46,-44.969,0.00082756
258.5,0.00064905,258.29,-45.888,0.00081003
259.26,0.00063635,259.06,-46.736,0.0007942
259.87,0.00062638,259.67,-47.414,0.00078178
260.23,0.00062066,260.03,-47.809,0.00077464
260.24,0.00062062,260.04,-47.813,0.0007746
259.87,0.00062689,259.66,-47.383,0.00078243
259.12,0.00063932,258.92,-46.544,0.00079793
257.5,0.00066729,257.28,-44.71,0.00083281
255.58,0.00070166,255.35,-42.558,0.00087567
253.68,0.00073722,253.45,-40.439,0.00092001
252.01,0.00077013,251.76,-38.566,0.00096103
250.57,0.00079937,250.32,-36.966,0.00099748
249.52,0.00082138,249.26,-35.799,0.0010249
248.88,0.0008349,248.62,-35.097,0.0010417
248.64,0.00083996,248.38,-34.835,0.001048
248.67,0.00083907,248.41,-34.88,0.0010469
248.85,0.00083509,248.59,-35.082,0.0010419
249.15,0.00082832,248.9,-35.43,0.0010335
249.6,0.00081863,249.34,-35.934,0.0010214
250.21,0.00080566,249.96,-36.618,0.0010052
250.98,0.00078955,250.73,-37.484,0.00098516
251.89,0.00077106,251.64,-38.5,0.00096211
252.87,0.00075146,252.63,-39.603,0.00093769
253.87,0.0007322,253.63,-40.717,0.00091368
254.84,0.00071396,254.61,-41.799,0.00089094
255.78,0.00069674,255.55,-42.847,0.00086947
256.71,0.00068005,256.49,-43.887,0.00084867
257.57,0.000665,257.35,-44.847,0.00082992
258.43,0.00065032,258.22,-45.804,0.00081161
259.23,0.00063699,259.02,-46.693,0.00079499
259.87,0.00062651,259.66,-47.405,0.00078193
260.23,0.00062065,260.03,-47.809,0.00077463
260.24,0.00062067,260.04,-47.809,0.00077466
259.85,0.00062719,259.64,-47.363,0.00078281
259.08,0.00064005,258.87,-46.494,0.00079885
257.37,0.00066957,257.15,-44.564,0.00083566
255.36,0.00070557,255.14,-42.32,0.00088056
253.42,0.00074233,253.18,-40.143,0.00092638
251.73,0.00077575,251.48,-38.254,0.00096804
250.59,0.00079906,250.34,-36.983,0.00099708
249.7,0.00081763,249.44,-35.996,0.0010202
249.08,0.00083072,248.82,-35.313,0.0010365
248.73,0.00083808,248.47,-34.933,0.0010457
248.63,0.00084004,248.37,-34.831,0.0010481
248.73,0.00083766,248.47,-34.951,0.0010451
249,0.00083164,248.74,-35.259,0.0010376
249.44,0.00082207,249.18,-35.755,0.0010257
250.01,0.00080993,249.75,-36.392,0.0010106
250.74,0.00079443,250.49,-37.22,0.00099125
251.63,0.00077616,251.39,-38.217,0.00096847
252.62,0.00075638,252.38,-39.324,0.00094381
253.64,0.00073664,253.4,-40.458,0.00091921
254.63,0.00071786,254.4,-41.565,0.0008958
255.59,0.00070021,255.36,-42.634,0.00087379
256.53,0.00068322,256.31,-43.687,0.00085262
257.42,0.00066756,257.21,-44.682,0.0008331
258.32,0.00065218,258.11,-45.682,0.00081394
259.16,0.00063809,258.95,-46.619,0.00079637
259.84,0.00062693,259.64,-47.377,0.00078245
260.23,0.00062073,260.03,-47.804,0.00077473
260.24,0.0006207,260.04,-47.807,0.0007747
259.83,0.00062753,259.62,-47.34,0.00078323
259.02,0.00064102,258.82,-46.43,0.00080005
257.22,0.00067208,257.01,-44.404,0.00083879
255.15,0.00070963,254.92,-42.074,0.00088561
253.16,0.00074742,252.92,-39.85,0.00093273
251.46,0.00078116,251.21,-37.955,0.00097478
250.06,0.00081013,249.8,-36.392,0.0010109
249.12,0.00082978,248.87,-35.362,0.0010354
248.68,0.00083911,248.42,-34.88,0.001047
248.67,0.00083919,248.4,-34.874,0.001047
248.83,0.00083538,248.57,-35.067,0.0010423
249.13,0.00082881,248.87,-35.405,0.0010341
249.57,0.00081939,249.31,-35.894,0.0010224
250.15,0.00080689,249.9,-36.553,0.0010068
250.87,0.00079178,250.62,-37.363,0.00098794
251.72,0.00077445,251.47,-38.312,0.00096633
252.64,0.00075594,252.4,-39.349,0.00094326
253.6,0.0007374,253.36,-40.414,0.00092015
