120.03,0.0091919,172.24,NaN,0.0096419
111.02,0.0069326,351.53,NaN,0.0084179
116.36,0.0075335,150.52,NaN,0.0081118
76.925,0.0081629,115.77,NaN,0.0090729
0.65546,0.006913,97.632,NaN,0.0079816
213.81,0.0062777,-47.014,NaN,0.0069552
198.3,0.0059348,149.56,NaN,0.0077254
109.27,0.0067292,347.56,NaN,0.0082476
269.12,0.0068498,277.78,NaN,0.0082209
465.86,0.0046477,249.36,NaN,0.0070547
156.19,0.0057662,5.641,NaN,0.0062759
31.358,0.0057386,314.02,NaN,0.006321
206.16,0.005849,325.48,NaN,0.0053724
347.35,0.0049047,311.64,NaN,0.0068202
357.71,0.0071935,62.446,NaN,0.0059786
217.48,0.0054902,273.76,NaN,0.0061526
152.68,0.0056457,385.29,NaN,0.0063788
-62.589,0.0047365,382.59,NaN,0.0066602
404.82,0.005684,205.01,NaN,0.007331
184.67,0.0065205,143.28,NaN,0.0070692
123.77,0.0060678,24.589,NaN,0.0082656
192.7,0.0051606,183.83,NaN,0.0069687
313.9,0.0059957,152.99,NaN,0.007849
162.81,0.0069483,224.63,NaN,0.0064328
212.36,0.0045709,127.93,NaN,0.0063631
314.39,0.0057918,187.76,NaN,0.0057038
49.827,0.005998,275.69,NaN,0.0068167
109.74,0.0053554,259.97,NaN,0.0071152
168.65,0.006287,371.84,NaN,0.006798
262.23,0.0054692,274.43,NaN,0.0071758
141.62,0.0064878,256.83,NaN,0.0069405
28.682,0.0052927,185.27,NaN,0.0055891
319.42,0.0059353,90.499,NaN,0.0077076
95.898,0.004282,205.79,NaN,0.0070339
124.71,0.0048037,-29.213,NaN,0.0064951
321.5,0.0048658,89.465,NaN,0.0053291
296.09,0.0035477,292.85,NaN,0.0066882
212.22,0.0033853,113.8,NaN,0.0058153
185.05,0.0029533,288.8,NaN,0.0060392
-11.485,0.0067163,272.07,NaN,0.0041977
99.221,0.0037392,234.98,NaN,0.0057213
175.68,0.0033159,153.39,NaN,0.0043298
195.61,0.0039631,275.91,NaN,0.0037083
225.38,0.0033349,209.78,NaN,0.003293
189.24,0.0033964,167.47,NaN,0.0033985
175.26,0.0022886,339.82,NaN,0.0024909
199.95,0.0028934,349.41,NaN,0.0032684
88.058,0.0023837,505.09,NaN,0.0029282
181.23,0.0031505,317.2,NaN,0.0045576
84.713,0.0027781,227.33,NaN,0.0051534
247.95,0.0026356,-96.686,NaN,0.0034469
216.41,0.0029208,64.041,NaN,0.0038728
43.471,0.0039762,88.732,NaN,0.0032708
130.93,0.0037761,109.78,NaN,0.005059
319.98,0.0030591,281.37,NaN,0.003044
80.799,0.0037472,229.03,NaN,0.0054788
395.96,0.003217,246.93,NaN,0.0048954
267.02,0.0033587,207.64,NaN,0.0027153
40.197,0.0031325,176.51,NaN,0.0039109
380.3,0.003355,239.09,NaN,0.0040283
-37.481,0.0024765,160.56,NaN,0.0048112
298.67,0.0028808,-41.645,NaN,0.0053746
249.98,0.0027322,81.641,NaN,0.0041639
247.5,0.0024563,340.74,NaN,0.0036333
420.27,0.0037994,2.0907,NaN,0.0017698
101.59,0.0031478,385.74,NaN,0.0033895
242.95,0.0017343,159.09,NaN,0.004777
193.86,0.0024075,124.31,NaN,0.0030482
130.31,0.0022888,226.16,NaN,0.0040734
2.9967,0.003583,157.68,NaN,0.0037691
335,0.0030404,340.51,NaN,0.0019875
259.18,0.0034739,67.678,NaN,0.0030019
267.93,0.0017584,-36.462,NaN,0.0038349
332.69,0.0023151,293.8,NaN,0.0033978
180.54,0.001496,94.024,NaN,0.0034128
252.35,0.0029685,375.46,NaN,0.0027886
299.03,0.0018366,255.09,NaN,0.0018372
240.05,0.002532,179.99,NaN,0.0029884
378.9,0.0025241,268.79,NaN,0.0027072
65.79,0.0017186,219.22,NaN,0.0023085
254.47,0.0026237,260.38,NaN,0.0012602
93.977,0.0020502,252.88,NaN,0.0026869
66.933,0.0020553,240.3,NaN,0.0020085
111.75,0.0014538,86.315,NaN,0.0042413
290.6,0.0011727,268.68,NaN,0.0033147
65.815,0.0030215,182.21,NaN,0.0045569
338.9,0.0019463,84.369,NaN,0.0031379
234.89,0.00063637,340.33,NaN,0.0028406
110.09,0.0022517,435.36,NaN,0.002603
334.22,0.0020284,356.87,NaN,0.0026175
139.63,0.0021633,260.17,NaN,0.002764
162.51,0.0022488,169.43,NaN,0.0042986
243.93,0.002329,234.55,NaN,0.002052
197.72,0.0010956,215.47,NaN,0.0036374
402.38,0.003938,257.84,NaN,0.0028681
145.76,0.0011159,178.55,NaN,0.0041985
377.21,0.0023288,99.7,NaN,0.0016506
262.7,0.0022917,241.7,NaN,0.0030287
274.18,0.00096957,112.93,NaN,0.0017901
172.82,0.0013083,158.27,NaN,0.0021383
351.65,0.0017791,336.36,NaN,0.0024908
239.41,0.0018511,152.04,NaN,0.0020156
232.02,0.0033024,251.45,NaN,0.0026938
157.17,0.002365,190.07,NaN,0.0023251
327.79,0.0031635,139.35,NaN,0.0025279
62.098,0.00077229,220.87,NaN,0.00092333
129.26,0.0015821,203.45,NaN,0.0018198
298.88,0.00087023,139.67,NaN,0.0016175
290.79,0.0015406,153.26,NaN,0.0019953
198.48,0.0010772,387.78,NaN,0.0019329
143.35,0.00147,301.92,NaN,0.0026759
44.885,0.0012806,299.89,NaN,0.0020802
645.8,0.0016955,178.87,NaN,0.0030497
133.71,0.0020215,192.36,NaN,0.003043
197.24,0.002379,31.03,NaN,0.00086757
133.64,0.0014887,271.92,NaN,0.0011515
242.39,0.0025715,91.41,NaN,0.0015165
201.61,0.0010743,347.28,NaN,0.0024355
15.1,0.0016536,237.17,NaN,0.0012898
35.95,0.0022146,194.16,NaN,0.0025904
148.48,0.0029527,213.63,NaN,0.0027662
392.72,0.0015978,245.39,NaN,0.0023375
162.47,0.0014262,120.15,NaN,0.0021256
281.02,0.0027755,161.56,NaN,0.003935
293.72,0.0024296,325.37,NaN,0.0022591
354.27,0.002238,-37.808,NaN,0.0031004
311.11,0.0024899,314.11,NaN,0.0019957
287.69,0.0030548,337.31,NaN,0.0034877
282.01,0.0017429,268.46,NaN,0.00074768
243.26,0.0018244,302.28,NaN,0.0019178
489.04,0.0014906,269.57,NaN,0.0023116
286.74,0.0017989,334.83,NaN,0.00051982
191.19,0.001292,216.78,NaN,0.0048658
179.63,0.001164,99.641,NaN,0.00193
378.35,0.0012025,183.67,NaN,0.0039834
316.26,0.0010196,348.71,NaN,0.0025694
161.27,0.0028287,286.2,NaN,0.0018581
202.35,0.0019822,156.85,NaN,0.0006121
120.11,0.0011807,385.67,NaN,0.001383
179.82,0.0008138,241.14,NaN,0.0020006
247.82,0.0012334,55.598,NaN,-1.4516e-05
155.71,0.0021016,279.48,NaN,0.0012139
163.19,0.00054093,367.1,NaN,0.0021884
107.91,0.00088382,407.39,NaN,0.0023511
273.57,0.0021524,216.99,NaN,0.0015696
206.56,0.0017136,138.01,NaN,0.00064219
60.495,0.00011276,70.403,NaN,0.00057318
282.71,0.00047885,262,NaN,0.0018197
326.16,0.0012808,292.76,NaN,0.0019602
67.362,0.0011144,315.95,NaN,0.003429
111.86,0.0005977,179.76,NaN,0.0023241
141.08,0.0015806,184.83,NaN,0.0020125
-118.92,0.0016065,159.37,NaN,0.0021176
241.27,0.0018172,238.25,NaN,0.001855
301.67,0.0022536,168.2,NaN,0.0015698
367.84,0.00094926,298.02,NaN,0.0029612
429.34,0.001073,207.57,NaN,0.0020086
126.92,0.0024219,135.63,NaN,0.0023951
60.747,0.0017618,249.76,NaN,0.0024588
142.15,0.0012475,299.42,NaN,0.001396
371.05,0.00095549,304.06,NaN,0.0012522
270.25,0.0021368,396.3,NaN,0.0016344
145.71,0.0015016,336.03,NaN,0.00018688
41.625,0.0016822,190.67,NaN,0.0025426
322.36,0.00095726,254.7,NaN,0.0026662
194.8,0.0027225,291.3,NaN,0.0030791
95.796,0.0022054,88.245,NaN,0.00048222
271.26,0.0015427,341.57,NaN,0.0028249
177.82,0.001643,155.99,NaN,0.00047409
282.58,0.0018434,413.19,NaN,0.0011466
132.15,0.0021643,423.07,NaN,0.0014695
361.08,0.00026211,189.7,NaN,0.00013796
138.29,0.0002043,89.973,NaN,0.0020235
247.18,0.0007787,163.07,NaN,0.0015381
168.92,0.0012672,189.44,NaN,0.0014352
331.99,0.001289,311.85,NaN,0.00020764
183.88,0.00063916,262.68,NaN,0.0019307
388.92,0.00017914,303.1,NaN,0.0011579
111.84,0.0017611,409.87,NaN,0.0028161
389.66,0.0010027,225.35,NaN,0.002789
262.32,0.001347,219.9,NaN,0.0015205
273.03,0.0016041,171.64,NaN,0.0018417
107.12,0.00237,157.96,NaN,0.0027596
264.7,5.5988e-05,273.2,NaN,0.0029262
434.08,0.0013982,299.57,NaN,0.0019112
335.24,0.0014621,183.51,NaN,0.003898
179.4,0.0013109,208.52,NaN,0.0026424
307.82,0.0015499,185.91,NaN,0.0030826
148.95,0.0024423,223.79,NaN,0.0015737
203.31,0.00054236,145.94,NaN,0.00074121
351.8,0.00023135,190.97,NaN,0.0029202
229.29,0.001856,349.1,NaN,0.0025048
324.96,0.00012968,-91.932,NaN,0.0025768
178.97,0.0013526,176.8,NaN,0.001219
163.04,0.00096507,47.284,NaN,0.0013709
379.08,0.0029488,287.39,NaN,0.0028177
167.12,0.0016621,350.15,NaN,0.0014595
227.55,0.0013778,365.44,NaN,0.0031042
284.73,0.001689,271.87,NaN,0.0010324
194.23,0.00052454,332.89,NaN,0.003353
125.1,0.00096286,247.21,NaN,0.00011315
127.8,0.00069575,380.98,NaN,-0.0005455
56.898,0.0016296,-62.121,NaN,0.0017029
214.1,0.00061835,25.967,NaN,0.0030558
181.65,0.00094247,168.76,NaN,0.0023252
185.75,9.0537e-05,290.27,NaN,0.002379
252.59,0.0019903,356.95,NaN,0.0012084
260.26,0.0018588,394.47,NaN,0.0015746
284.3,1.7459e-05,24.077,NaN,0.0016779
-43.892,0.00091264,379.36,NaN,0.00038701
130.82,0.00085557,449.05,NaN,0.0029085
260.56,0.0013993,238.16,NaN,0.0012236
418.81,0.0015426,72.15,NaN,0.0020102
353.52,0.00049649,580.62,NaN,0.0013532
239.88,0.0012445,130.94,NaN,0.0033117
129.29,0.00098333,293.82,NaN,0.0030705
345.24,0.0020967,186.37,NaN,0.0024058
256.79,0.0012686,242.36,NaN,0.0014771
353.36,0.0012925,442.28,NaN,0.00073737
223.16,8.1235e-05,142.3,NaN,0.0021254
179.77,0.0020294,352.93,NaN,0.0028557
258.06,0.0014932,420.6,NaN,0.001754
193.05,0.0010841,314.26,NaN,0.00059781
476.08,0.0017907,308.99,NaN,0.0035986
203.63,0.0021156,370.7,NaN,0.00073658
169.6,0.0025613,184.74,NaN,0.0031742
89.625,0.0021426,201.58,NaN,0.0024147
239.67,0.00097872,171,NaN,0.0019292
30.428,0.0019643,351.98,NaN,0.0017555
404.07,0.0011766,330.89,NaN,0.0019692
361.95,4.4158e-05,333.29,NaN,0.0012146
220.01,0.0008927,56.15,NaN,0.0019965
119.48,0.0002526,159.76,NaN,0.0019762
383.53,0.0026053,146.25,NaN,0.0022643
141.22,0.0030437,51.878,NaN,0.00050499
250.17,0.0015939,207.98,NaN,0.0016078
261.7,0.00016002,205.39,NaN,0.0012582
169.25,0.0013831,323.59,NaN,0.0030137
185.5,0.00028495,347.34,NaN,-0.00019083
335.34,0.0017397,129.17,NaN,0.0019226
264.59,0.0015267,264.98,NaN,0.00088815
374.18,0.00049161,191.86,NaN,0.00052784
270.83,0.0004168,277.73,NaN,0.0026443
19.706,0.00072902,393.75,NaN,0.002398
83.582,0.0013886,84.64,NaN,0.0024027
221.55,0.0022292,230.57,NaN,0.003601
369.06,0.0028534,288.41,NaN,0.0023236
314.18,0.0011641,31.957,NaN,0.00072102
115.36,0.00078353,355.14,NaN,0.0017718
224.41,0.001039,264.06,NaN,0.0009146
102.38,0.001715,507.31,NaN,0.0020908
116.95,0.0013786,325.17,NaN,0.0017173
273.42,-0.00017441,319.32,NaN,0.0022629
176.48,0.0015007,406.9,NaN,0.0024444
138.8,0.001484,193.19,NaN,0.0031408
76.21,0.0022946,365.42,NaN,0.0012214
507.26,0.0012797,214.02,NaN,0.0022397
190.05,0.0033034,299.58,NaN,0.00063835
320.13,0.0016668,250.16,NaN,0.0024765
282.73,0.0012772,200.86,NaN,0.0023618
416.39,0.0012486,119.67,NaN,0.00082189
348.11,0.0014077,235.82,NaN,0.0014497
248.09,0.0016738,249.81,NaN,0.0030594
126.82,0.00050449,242.79,NaN,0.00013696
408.97,0.0010093,241.26,NaN,0.0016314
332.38,0.0011227,214.02,NaN,0.00046966
61.7,0.0029668,306.29,NaN,0.00056125
92.498,-0.00011548,326.11,NaN,0.0020488
310.2,0.0011543,337.76,NaN,0.0017665
210.42,0.0011864,236.98,NaN,0.0022132
67.951,5.0499e-05,179.8,NaN,0.0025486
289.25,0.0011268,423.73,NaN,0.00025536
142.09,0.00020696,217.48,NaN,0.00071981
146.71,0.00081162,186.83,NaN,0.00061341
184.16,0.0018569,146.92,NaN,0.0016391
11.877,0.00087468,219.29,NaN,0.0028454
220.07,0.0013585,239.1,NaN,0.0016911
106.33,0.0022502,185.71,NaN,0.0013286
288.08,0.0013058,219.61,NaN,0.0018048
258.15,0.0018161,86.538,NaN,0.00054852
245.56,0.0017107,152.48,NaN,0.001054
247.94,0.0013635,97.579,NaN,0.001812
215.32,0.0017917,232.23,NaN,0.00080795
206.93,0.0017165,333.35,NaN,0.00068553
153.41,0.0011637,162.76,NaN,0.0036607
422.52,0.001304,125.5,NaN,0.0022793
379.46,0.00039658,108.1,NaN,0.00088517
388.97,0.0016457,293.77,NaN,0.00085961
282,-0.00043506,258.39,NaN,0.0012902
119.7,0.0015608,248.47,NaN,0.0008549
168.95,0.00068753,363.19,NaN,0.00052328
223.58,0.0012137,60.042,NaN,0.0029356
254.83,0.0011065,393.05,NaN,0.0020258
276.9,0.0019144,52.869,NaN,0.0015521
144.99,0.0012258,357.25,NaN,0.0015846
274.78,0.0014044,265.73,NaN,0.00049749
166.83,0.00097075,178.44,NaN,0.00073368
210.68,0.00069626,316.84,NaN,0.0014158
364.22,0.0011583,344.56,NaN,0.00050302
294.79,0.0022539,211.43,NaN,0.002224
209.66,0.0022923,340.18,NaN,0.00010709
20.041,0.0012411,431.62,NaN,0.0019727
183.07,0.001215,362.48,NaN,0.00094959
155.99,0.0013564,395.85,NaN,0.0026111
180.61,6.7967e-06,131.69,NaN,0.0019898
288.97,0.00042156,101.59,NaN,0.00096124
328.87,0.0014907,21.565,NaN,0.0015709
-38.015,0.0014386,341.85,NaN,0.0017942
431.28,0.0018254,136.7,NaN,0.002442
312.84,0.00048041,126.87,NaN,0.0011189
35.548,0.00015846,92.742,NaN,0.002267
285.46,0.0017418,203.13,NaN,0.0014281
345.49,0.0010003,169.51,NaN,0.002356
360.25,0.0012106,255.25,NaN,0.0025258
252.06,0.00027979,108.7,NaN,0.0033298
255.31,0.0011296,195.27,NaN,0.00087024
331.2,0.0006489,249.26,NaN,0.0010705
591.93,0.0026141,419.88,NaN,0.0032501
199.42,0.001654,375.64,NaN,0.00085701
303.35,0.0011189,198.01,NaN,0.0014604
-16.836,0.00010097,416.55,NaN,0.0012342
343.38,0.0016507,352.98,NaN,0.0023478
293.71,0.0017656,141.43,NaN,0.0017774
210.79,0.0024229,170.53,NaN,-0.00084308
361.06,0.0021619,207.75,NaN,0.0024224
223.93,-0.00015218,406.08,NaN,2.9468e-05
494.01,0.00047565,209.66,NaN,0.0013824
234.71,0.001788,390.08,NaN,0.0015524
247.15,0.00092037,229.33,NaN,0.0017032
80.2,0.0021068,480.27,NaN,0.0025582
181.38,0.00052434,428.62,NaN,-0.00017362
309.45,0.00081631,19.394,NaN,0.0018869
76.848,0.0014041,338.12,NaN,0.0020076
197.97,0.0013491,177.02,NaN,0.002953
319.22,0.0013584,47.214,NaN,0.0010404
227.4,0.00070784,153.2,NaN,0.00079664
53.705,0.0001541,372.14,NaN,0.0010255
276.36,0.00092705,175.72,NaN,0.0013256
115.16,0.0023222,385.99,NaN,0.0025919
143.83,0.0015979,266.06,NaN,0.0015902
128.32,0.0015949,293.46,NaN,0.0012738
242.87,0.00064137,75.825,NaN,0.0016735
263.93,0.001404,112.49,NaN,0.0010804
29.851,0.00085302,197.63,NaN,0.0016507
65.313,0.00043958,199.25,NaN,0.0024985
191.35,0.001918,207.23,NaN,0.0010392
67.465,0.0022317,359.51,NaN,0.00081776
452.85,0.00034793,144.09,NaN,0.0022155
345.37,0.0014414,306.76,NaN,0.0012757
214.52,-5.0456e-05,105,NaN,0.0018149
125.38,0.0016982,107.69,NaN,0.0027435
238.19,0.0012093,260.26,NaN,0.0016971
361.93,0.0012243,461.71,NaN,6.6765e-05
266.97,0.0013633,340.86,NaN,-0.00035102
306.94,0.0014031,-4.1622,NaN,0.0004254
231.71,0.0016532,162.03,NaN,0.0014989
295.88,0.0012888,149.8,NaN,0.00054572
181.7,-0.00055102,97.067,NaN,0.00037914
-60.109,0.00058216,392.16,NaN,0.0012536
240.25,0.00052215,243.05,NaN,0.0014067
46.774,0.0011067,59.441,NaN,0.002935
576.6,0.0020737,273.69,NaN,0.0015085
333.04,0.00125,202.41,NaN,0.001174
278.07,0.0015782,117.01,NaN,0.0013923
187.77,1.1264e-05,288.06,NaN,-0.00044322
388.41,0.0018584,126.73,NaN,0.0014023
243.03,0.00052372,227.77,NaN,0.00099772
412.54,0.0018325,145.22,NaN,0.0016151
202.5,0.0020522,27.542,NaN,0.0024159
188.08,0.0013192,162.44,NaN,0.0019531
305.77,0.0028585,206.33,NaN,-2.8534e-05
341.44,0.0014099,277.86,NaN,0.00051784
191.94,0.00080729,304.41,NaN,-0.00082152
365.66,0.00092182,172.56,NaN,0.001191
234.54,0.00020943,254.79,NaN,0.00027727
205.64,0.0009534,186.18,NaN,0.0010784
184.34,0.0020288,246.84,NaN,0.00067927
336.07,0.00043428,73.905,NaN,0.00084628
369.74,0.0015323,299.83,NaN,0.0023141
362.07,0.00010826,222.74,NaN,0.0027804
232.71,0.00081395,217.72,NaN,0.0029973
208.95,0.00074816,323.21,NaN,0.0032163
366.37,0.0013126,105.4,NaN,0.00043591
196.79,0.0011339,329.64,NaN,0.0010341
158.17,0.0010591,117.28,NaN,0.003256
126.48,-0.0004573,276.64,NaN,0.0015861
382.09,0.0020696,215.28,NaN,-0.00049041
383.12,2.2929e-05,187.82,NaN,0.0012315
240.18,0.00146,316.52,NaN,0.00054453
206.56,0.0023332,356.86,NaN,0.0027834
308.81,0.00041187,299.88,NaN,0.002667
169.02,0.0015803,261,NaN,0.001802
193.79,0.0017712,220.3,NaN,0.00028162
220.43,0.0019258,20.773,NaN,0.0023776
182.2,0.0016344,94.855,NaN,0.0021073
151.69,0.0018607,356.55,NaN,0.00099934
390.09,0.0022202,219.07,NaN,0.00099675
413.56,0.0011153,208.9,NaN,0.0023731
-18.518,3.1244e-05,230.57,NaN,0.00054496
276.62,0.00099915,250.85,NaN,0.00028417
189.12,0.0014144,211.86,NaN,0.00062034
37.189,0.0023313,315.6,NaN,0.0014449
204.2,0.0014335,184.57,NaN,0.0021293
110.46,0.0026515,86.975,NaN,-7.8602e-05
237.54,0.00023764,300.45,NaN,0.0016616
251.39,0.0016891,413.57,NaN,0.00050563
291.78,0.0020427,174.77,NaN,0.0020063
454.11,0.0025162,344.38,NaN,0.0016105
97.762,2.8825e-05,218.13,NaN,0.0015364
273.86,0.00061921,239.91,NaN,0.0021341
495.07,0.00030316,286.62,NaN,0.001333
460,0.0020459,180.94,NaN,0.00036451
217.61,0.00061943,307.63,NaN,0.0017833
139.92,0.0018772,177.4,NaN,0.0025232
432.49,0.00016422,202.33,NaN,0.00078823
235.89,0.0013838,269.79,NaN,-0.00014868
210.49,0.00021551,450.07,NaN,0.00085197
211.32,0.0013092,245.04,NaN,0.003505
157.63,0.00066021,130.41,NaN,0.0010815
238.6,-0.00036277,379.45,NaN,0.00051631
95.969,0.0010424,222.47,NaN,0.00086997
108.58,0.00072785,326.32,NaN,0.00082989
152.02,0.0013695,188.3,NaN,0.00069759
322.38,0.0007463,191.51,NaN,0.0019011
182.44,0.0016307,113.33,NaN,0.0023006
231.43,0.00094915,321.97,NaN,0.0005662
296.38,0.00036848,282.23,NaN,0.00073078
60.917,0.0023099,102.11,NaN,0.0029458
182.56,-0.00070805,153.73,NaN,0.00244
294.58,0.0014214,287.88,NaN,0.0015293
305.95,4.8264e-05,130.02,NaN,0.00093821
106.36,0.00074748,303.85,NaN,0.0015201
228.68,0.0016866,37.144,NaN,0.0018914
282.27,0.0016014,325.67,NaN,0.0021522
433.6,0.0015573,177,NaN,0.00048124
301.12,0.0012968,186.05,NaN,0.0028403
316.15,0.0023002,354.13,NaN,0.00097468
259.39,0.0013969,144.16,NaN,0.0027938
-69.911,0.0011732,108.13,NaN,0.0019139
149.08,0.00094951,412.92,NaN,0.0014118
519.79,0.0011973,139.26,NaN,0.0010527
221.75,0.0010525,306.2,NaN,0.00081987
422.41,0.0011459,310.96,NaN,-0.00035618
453.75,0.0019905,276.32,NaN,0.00024255
321.54,0.0015914,292.82,NaN,0.0020035
338.68,-0.00148,177.68,NaN,0.0022929
513.18,0.0012548,349.69,NaN,0.0011957
300.39,0.00012491,335.14,NaN,0.00075882
302.76,0.0012294,283.04,NaN,0.0017037
195.02,0.0013689,9.8269,NaN,0.0021132
188.61,0.0018078,165.51,NaN,0.00018884
134.34,0.0012715,170.03,NaN,0.0021891
202.26,0.00036073,388.22,NaN,0.0016226
429.06,0.0016746,351.66,NaN,0.00159
155.81,0.0020231,189.12,NaN,0.0016563
387.22,0.0022504,408.27,NaN,0.0013945
133.05,0.0012052,255.51,NaN,0.0014854
137.57,0.001359,306.49,NaN,0.0024048
225.49,0.0016509,-24.048,NaN,0.00197
393.33,0.0020161,160.57,NaN,0.0027437
96.242,0.0021006,147.05,NaN,0.0017968
-53.824,0.0021963,218.24,NaN,0.00046443
175.45,0.00048845,270.87,NaN,0.0021881
209.57,0.0020265,243.11,NaN,0.001165
81.632,0.0015249,119.61,NaN,0.00056663
173.62,0.0017042,432.53,NaN,0.0012488
151.1,-0.00051685,317.29,NaN,0.0024944
326.33,0.0015941,292.78,NaN,0.00034085
264.35,0.0013462,381.77,NaN,0.0019879
368.55,0.00099559,206.84,NaN,0.0010751
135.17,0.00076311,235.32,NaN,0.0010907
243.91,0.00098739,415.65,NaN,0.00067577
82.215,0.0012859,392.01,NaN,0.00098838
205.65,0.00045102,66.284,NaN,0.0022471
230.48,9.7872e-05,483.5,NaN,0.00094251
174.94,0.0019617,280.28,NaN,0.0011561
333.37,0.00046526,184.74,NaN,0.00016161
334.07,0.00052936,214.65,NaN,0.00034396
288.02,0.00017013,183.94,NaN,0.0010574
332.75,0.0010132,173.22,NaN,0.001693
294.81,0.00083763,361.78,NaN,0.0013175
249.72,0.0021558,454.05,NaN,0.00073803
310.6,0.00084073,383.19,NaN,0.001214
264.56,0.00066508,304.41,NaN,0.0022181
382.86,-8.7171e-05,331.79,NaN,0.0013516
362.15,0.0011715,134.06,NaN,0.0028793
163.7,0.0017559,418.1,NaN,0.0008422
140.78,0.0017897,423.2,NaN,0.00040457
201.69,0.0012939,76.026,NaN,0.0019276
176.75,0.0010582,145.4,NaN,0.0013405
96.027,0.0015446,411.08,NaN,0.0016118
109.47,0.0015249,217.07,NaN,0.0017681
455.59,0.00068253,196.1,NaN,0.0030516
385.72,0.00089485,-30.329,NaN,0.00072649
292.48,0.0015231,232.37,NaN,0.0018431
110.56,0.00082837,176.19,NaN,0.0024748
268.86,0.00093569,174.47,NaN,0.000873
121.4,0.00097644,60.74,NaN,0.0014594
227.27,0.0012714,297.17,NaN,0.0024902
384.54,0.001509,566.42,NaN,0.00055585
122.38,0.0012223,175.76,NaN,0.0017041
287.04,0.002072,232.46,NaN,0.00095191
312.82,0.0018353,288.3,NaN,0.0015679
267.95,0.0020384,159.65,NaN,0.0019029
112.05,0.00058245,308.42,NaN,0.0030089
271.5,0.0020847,246.73,NaN,-0.00010561
311.96,0.001867,176.46,NaN,0.0014465
334.3,0.00030283,236.67,NaN,0.0010539
153.64,0.00037803,321.55,NaN,0.0010377
168.86,0.0010459,133.06,NaN,0.00099688
195.11,0.00024004,255.02,NaN,0.00027557
401.63,0.0018144,245.63,NaN,0.0014734
207.2,0.00074382,140.84,NaN,0.0019814
464.29,7.6502e-05,379.25,NaN,0.0014293
340.76,0.0010855,88.234,NaN,0.0038546
171.57,0.0013672,318.76,NaN,0.00023893
164.09,0.00011569,128.26,NaN,0.0017501
309.45,0.0014396,207.5,NaN,0.0029477
407.59,0.0016352,357.86,NaN,0.00059385
55.31,0.00057507,264.1,NaN,0.00032521
329.49,0.0012572,17.398,NaN,0.001792
83.611,0.0013241,137.49,NaN,0.0011029
239.86,0.0015139,127.64,NaN,0.00095473
321.89,0.0024247,126.11,NaN,0.00045996
132.01,0.0017272,282.78,NaN,0.002
-34.245,0.001173,257.75,NaN,0.00027232
333.04,0.00042321,82.188,NaN,0.0013154
0.36529,0.00067624,624.16,NaN,0.00017341
329.51,0.0013848,251.49,NaN,0.0012845
157.71,0.0015776,22.712,NaN,0.00055075
221.36,0.0019314,217.98,NaN,0.0024039
141.58,0.0007753,170.84,NaN,0.0011915
364.91,0.001156,146.82,NaN,0.0020697
71.984,0.0016706,142.02,NaN,0.00050909
231.67,0.0017316,391.24,NaN,0.0018995
560.61,0.0015399,284.24,NaN,0.0027516
186.5,0.0017045,240.98,NaN,-0.00047322
194.77,0.00082185,227.73,NaN,0.00097106
420.38,0.0015023,246.28,NaN,0.0013329
434.09,0.0012357,192.07,NaN,0.00038808
96.376,0.00053986,119.21,NaN,0.0031812
247.82,0.0009307,23.511,NaN,0.001273
297.86,0.0018348,253.74,NaN,0.0030566
191.84,0.00011539,185.48,NaN,0.00063517
168.61,0.00088185,131.02,NaN,0.0013323
45.6,0.0013851,200.02,NaN,0.0011205
272.39,0.00066312,281.15,NaN,-0.00045419
362.3,0.0010683,231.33,NaN,0.0009617
273.2,0.0013468,313.46,NaN,0.0013162
268.99,0.00083017,299.94,NaN,0.0017648
467.03,0.0019159,320.52,NaN,0.00034428
167.52,0.0015904,252.25,NaN,0.0017695
104.17,0.00015201,142.42,NaN,0.0022476
228.07,0.0021666,479.55,NaN,0.0019425
65.274,0.0024053,427.45,NaN,0.0016382
172.78,0.002001,91.434,NaN,0.0019372
418.36,0.0014658,255.34,NaN,0.0020743
146.47,0.0035097,26.64,NaN,0.0011445
-24.31,0.00082916,371.68,NaN,0.0016364
104.84,0.0015852,243.52,NaN,0.0024449
73.885,0.0014658,124.88,NaN,0.0002102
271.15,0.0017664,-97.293,NaN,0.0022006
237.3,0.0016389,-20.766,NaN,0.0016766
238.29,0.0014479,485.5,NaN,0.0029838
314.15,0.00052067,32.832,NaN,0.0017215
410.08,0.0012172,328.74,NaN,0.0015907
144.25,0.00057595,159.15,NaN,0.00072318
363.52,0.0016639,282.17,NaN,0.0028103
304.21,0.00011913,370.25,NaN,0.00070127
171.73,0.00068653,312.12,NaN,0.00072906
322.66,0.00056197,372.12,NaN,0.0010249
421.91,0.00077954,280.83,NaN,0.0013565
452.41,0.00092359,186.56,NaN,0.00040489
120.27,0.0010375,475.54,NaN,0.0015288
75.382,0.0010376,368.44,NaN,0.0011207
177.23,0.002239,87.164,NaN,0.0030257
161.23,0.0014835,100.69,NaN,0.0012058
146.88,0.0021079,322.24,NaN,0.0012866
133.21,0.00093883,274.84,NaN,0.0026095
168.24,0.0015094,261.02,NaN,0.0013281
463.96,0.0012364,257.04,NaN,0.0023856
275.5,0.0019865,157.33,NaN,0.0017046
115.62,0.0018688,266.29,NaN,0.00053529
355.79,0.0017864,463.06,NaN,0.0012531
321.52,0.0008856,210.58,NaN,0.0016457
296.94,0.00010494,87.97,NaN,0.0020303
243.03,0.00084028,-41.963,NaN,0.0032586
181.02,0.0019611,318.09,NaN,0.0018396
175.3,0.0026378,244.33,NaN,0.0024135
126.92,0.00051334,270.68,NaN,0.00078941
143.83,0.0016406,240.18,NaN,0.00058973
-18.995,0.0025288,81.712,NaN,0.0009504
313.04,-0.00048001,371.62,NaN,0.0014781
150.47,0.0013702,477.05,NaN,0.001629
257.81,0.0011743,272.92,NaN,0.00032373
159.83,2.0486e-05,288,NaN,0.00084589
251.19,0.0015666,255.41,NaN,0.0031848
327.71,0.0012552,304.04,NaN,0.0017201
280.55,0.00087557,204.52,NaN,0.0020299
220.78,0.00079704,124.32,NaN,7.3458e-05
28.947,0.00040888,296.89,NaN,0.0011829
225.16,0.00063465,221.67,NaN,-8.488e-05
265.29,0.0016854,252.46,NaN,0.0012297
146.52,0.0010523,84.786,NaN,0.0015023
92.174,0.00089462,338.34,NaN,0.0026268
249.52,0.00065693,257.28,NaN,0.0011648
455.13,0.0013566,171.46,NaN,0.0022139
174.04,0.0022674,72.266,NaN,0.00074612
484.76,0.00087839,294.37,NaN,0.00025772
280.84,0.00053319,243.52,NaN,0.0027608
204.97,0.0014743,299.11,NaN,0.0021075
199.83,0.0013864,259.88,NaN,0.0024956
189.05,0.00097902,409.94,NaN,0.0019393
241.97,0.00019967,191.76,NaN,0.00039684
70.636,0.0012061,190.19,NaN,0.0022565
131.85,0.0015127,240.52,NaN,0.0016945
81.985,0.00037211,406.76,NaN,0.0018774
215.43,0.0013784,196.15,NaN,0.0017452
223.17,0.0022274,242.59,NaN,0.00061794
282.74,0.0016022,264.05,NaN,0.0022885
200.99,0.0017635,225.88,NaN,0.00097789
194.29,0.0019001,225.51,NaN,0.0014014
10.736,0.0018039,158.16,NaN,0.00046398
393.7,0.0017881,144.43,NaN,0.00075941
-0.17384,0.00026253,190.18,NaN,-0.00084816
489.84,0.0016584,235.32,NaN,0.0017318
163.16,0.0024924,293.34,NaN,0.0010561
108.52,0.0017487,83.276,NaN,0.0016542
306.7,0.00063897,427.91,NaN,0.00029597
394.53,0.001641,215.85,NaN,0.00077726
355.59,0.00032747,223.45,NaN,0.00041887
295.38,0.0021234,387.19,NaN,0.00071324
234.64,-0.00026487,204.44,NaN,0.0012589
151.05,0.0013113,306.56,NaN,0.0014875
225.87,0.00053216,166.38,NaN,0.0015965
230.74,0.0015775,51.802,NaN,0.0028053
240.21,0.0011306,251.47,NaN,0.0025487
331.16,0.0010854,194.79,NaN,0.0016296
162.01,0.00031126,341.08,NaN,0.0016533
358.24,0.0011628,64.217,NaN,0.0019217
247.66,0.0022372,339,NaN,0.0018322
73.322,0.0018779,173.16,NaN,0.0025462
303.74,0.0011686,309.27,NaN,0.0028716
340.16,0.0011821,302.64,NaN,0.0019698
67.454,0.0017547,260.39,NaN,0.0021721
212.06,0.0018761,237.34,NaN,0.0014365
333.48,0.0019114,140.44,NaN,-0.00024523
149.86,0.0010267,316.44,NaN,0.0016557
232.21,-2.2083e-05,265.06,NaN,-0.00018477
160.65,0.0020973,397.7,NaN,0.0010938
99.291,0.0011245,187.67,NaN,0.0032096
220.95,0.001823,356.11,NaN,0.0023654
40.853,0.0019504,493.09,NaN,0.0002417
189.76,0.001537,193.03,NaN,0.00097561
237.23,0.00059436,187.29,NaN,0.0011864
223.97,0.00056118,232.1,NaN,0.00033307
280.54,0.0014618,231.2,NaN,0.0012924
152.23,0.0013892,164.69,NaN,0.0014101
397.4,0.00026115,305.22,NaN,0.00069873
266.33,0.00019361,231.93,NaN,0.00095911
426.51,5.1134e-05,275.54,NaN,0.0016945
-8.9585,-0.00071916,198.42,NaN,0.0019318
127.75,0.00063323,548.04,NaN,0.0014641
261.14,-0.00022175,328.8,NaN,0.0011215
107.58,0.0016961,308.87,NaN,0.0022622
331.22,0.00096372,297.69,NaN,0.0013755
-57.424,0.0011287,155.76,NaN,0.0016795
133.7,0.00013452,297,NaN,0.0022089
356.78,0.0020908,95.111,NaN,0.0021697
95.569,0.0023169,460.07,NaN,0.0023108
271.01,0.0023532,325.03,NaN,0.0014531
349.17,0.00061018,-12.442,NaN,0.0031768
417.71,0.00083327,278.22,NaN,0.0016162
188.79,0.0018883,194.6,NaN,0.0015399
494.08,0.0011327,285.84,NaN,0.0015911
176.76,0.0018366,239.09,NaN,0.00070833
419.37,0.0016586,314.52,NaN,0.0013139
33.347,0.00048704,234.67,NaN,0.00196
95.406,0.0018874,137.07,NaN,0.0023202
56.924,0.0012468,237.18,NaN,9.8568e-05
-28.478,0.00060684,354.13,NaN,0.0012938
299.56,0.0015901,227.28,NaN,0.00018346
289.65,0.0003406,178.74,NaN,-0.00069341
275.27,0.0011447,266.77,NaN,0.0024381
266.72,0.00050946,138.64,NaN,0.0020949
15.198,0.0015735,193.37,NaN,0.0011411
381.79,0.0012625,187.63,NaN,0.0027775
137.97,0.00012713,183.01,NaN,0.0012427
288.54,0.00019423,532.59,NaN,0.0017059
303.05,0.0015864,487.39,NaN,0.0018261
261.74,0.0029913,114.58,NaN,0.0010298
320.96,0.001282,237.86,NaN,-6.5838e-05
249.68,0.0018964,152.77,NaN,0.0020341
289.67,0.0027127,466.84,NaN,0.0014771
139.77,0.00095711,471.94,NaN,0.0004383
90.826,0.0012992,245.07,NaN,0.0010654
177.45,0.0011866,129.24,NaN,0.0019584
117.2,0.0018376,205.21,NaN,0.00063549
280.98,0.0027745,369.14,NaN,0.00099491
190.66,0.0017808,301.22,NaN,0.0018389
253.77,0.0010239,73.917,NaN,0.0018602
281.59,0.0011639,260.31,NaN,0.0010775
299.15,0.0018916,298.32,NaN,0.0015327
244.87,0.0019596,333.94,NaN,0.0021745
211.91,0.0010371,120.42,NaN,0.00043769
171.55,0.00091189,155.58,NaN,0.0017491
43.028,0.00083772,51.741,NaN,0.0017057
226.56,0.0013234,273.66,NaN,0.00098038
179,0.0015201,279.01,NaN,0.0011489
284.69,0.002296,367.83,NaN,0.0011839
308.88,0.0010206,-69.885,NaN,0.0011656
177.32,0.00097543,204.27,NaN,0.00085252
107.81,0.0023513,437.66,NaN,0.0017467
293.64,0.00019032,244.78,NaN,0.0019076
213.66,0.0009586,217.46,NaN,0.00058138
399.96,2.0641e-05,224.94,NaN,0.0018345
350.19,0.00057401,215.84,NaN,-0.00012264
230.06,5.5309e-05,261.09,NaN,0.0010283
45.842,0.0015431,257.27,NaN,0.0015148
270.36,-4.0636e-05,122.69,NaN,0.00032224
162.16,0.00076552,312.78,NaN,0.0021116
188.72,0.00040889,269.34,NaN,0.00074878
171.06,0.00035175,288.28,NaN,0.00020338
129.51,0.0024528,112.76,NaN,0.0027894
82.279,0.000394,378.12,NaN,0.0021132
228.96,0.0011024,180.58,NaN,0.0023793
204.07,0.00096299,271.44,NaN,0.0047811
407.1,0.0016905,406.74,NaN,0.00037023
158.99,0.00055874,315.36,NaN,0.0022438
140.11,0.0011561,25.816,NaN,0.0017165
251.75,0.0024123,232.4,NaN,0.0027903
329.74,0.00081792,258.31,NaN,0.0028643
381.7,0.0020048,232.24,NaN,0.0027295
172.53,0.0010732,112.81,NaN,0.001942
195.95,0.0015024,289.79,NaN,0.00056309
268.59,0.0015476,198.67,NaN,0.00085261
231.6,-0.00017575,215.19,NaN,0.001845
169.46,0.0013063,349.4,NaN,0.0023669
313.16,0.0010332,180.9,NaN,0.002998
251.32,0.00019345,173.86,NaN,-0.00041691
331.72,0.0013355,155.33,NaN,0.00038412
214.69,0.0018185,267.45,NaN,0.0012506
326.68,0.00033977,209.13,NaN,0.0025395
324.29,0.0017541,-7.1567,NaN,0.0003871
212.54,0.00051132,161.82,NaN,0.0019635
90.165,0.00011551,291.49,NaN,0.0011279
294.04,0.0015025,230.16,NaN,0.0028183
233.62,0.0013979,238.18,NaN,0.0017012
378.78,0.0017484,507.29,NaN,0.00099051
209.82,0.00096885,70.38,NaN,0.0011776
282.46,0.00087156,265.86,NaN,0.0022043
228.43,0.0019036,81.938,NaN,0.0022795
166.79,0.00042383,115.54,NaN,0.0017738
229.89,0.00063698,226.21,NaN,0.0031232
284.92,0.001196,94.745,NaN,0.0011089
199.63,0.0010721,228.53,NaN,0.0033836
169.79,0.0012998,281.64,NaN,0.00093553
305.62,0.00055046,309.37,NaN,0.0013139
125.38,0.0013395,418.02,NaN,0.0030327
70.567,0.0021809,178.55,NaN,0.0016892
243.61,0.00070021,317.48,NaN,0.0012096
96.393,0.0002292,91.594,NaN,0.0018002
55.124,0.00082679,326.67,NaN,0.00099046
245.22,0.0012947,228.75,NaN,0.0025245
298.65,0.0012784,222.89,NaN,0.00060907
166.82,0.0018722,208.36,NaN,0.00045286
286.53,0.0013925,208.36,NaN,0.0015321
80.021,0.0014336,330.56,NaN,0.0017696
238.01,0.0017889,149.2,NaN,0.0013397
104.21,0.0010561,303.42,NaN,0.0015996
130.12,0.00044373,292.96,NaN,0.00087268
133.67,0.00052235,205.36,NaN,0.001464
-25.208,0.0010863,70.088,NaN,0.00066648
325.8,0.0011697,269.01,NaN,0.0033343
40.113,0.0013624,449.46,NaN,0.0010239
238.57,0.00053836,288.44,NaN,0.00056195
279.14,0.00044605,140.5,NaN,0.001507
134.14,0.00064387,123.62,NaN,0.0018288
235.08,0.0012983,185.48,NaN,0.0021974
488.8,0.0012593,318.68,NaN,0.0018281
354.18,0.0017378,354.46,NaN,0.0033109
185.27,0.00074484,212.32,NaN,0.0012139
150.43,0.00024214,334.85,NaN,0.0032442
200.9,0.0013493,456.99,NaN,0.0027307
121.24,0.00055431,243.23,NaN,0.0022849
290.38,0.0016062,286.05,NaN,0.00090054
189.27,0.0016763,454.75,NaN,0.0012512
-56.337,0.00073806,7.4889,NaN,0.0017099
388.19,0.0012781,192,NaN,0.0024846
251.78,0.0013455,415.04,NaN,0.0018465
329.69,0.00099693,256.17,NaN,0.0020899
199.98,0.0014956,336.01,NaN,0.0013417
169.93,0.0012996,94.862,NaN,0.0018782
164.31,0.0011453,416.95,NaN,0.00086276
-45.759,0.0018102,356.03,NaN,0.0012911
297.83,0.00085876,347.75,NaN,0.0026917
511.22,0.0017445,177.47,NaN,0.0019362
245.99,0.0010566,262.2,NaN,-0.0001219
302.39,0.0011943,231.36,NaN,0.001954
373.51,0.0011497,400.6,NaN,0.00091884
273.21,0.0013064,105.69,NaN,0.0012686
362.31,0.0023555,229.73,NaN,0.0025192
397.01,0.00070682,46.377,NaN,0.002345
110.8,0.0022426,273.41,NaN,0.00033679
307.25,0.00037294,308.84,NaN,0.002315
374.71,3.5874e-05,174.76,NaN,-0.0009308
248.57,0.0011364,198.07,NaN,0.0014549
279.85,0.0012614,386.64,NaN,0.0017387
343.51,0.0010449,216.62,NaN,-3.3019e-05
373.49,0.0012348,110.76,NaN,0.0028211
253.41,0.0016212,173.47,NaN,0.0017482
305.62,0.0021117,164.34,NaN,0.00013702
45.552,0.00040532,296.64,NaN,0.00014623
305.32,0.0024263,213.18,NaN,0.001194
53.378,0.00060371,347.35,NaN,0.003157
268.34,0.00089248,215.28,NaN,0.0015663
238.32,0.0013446,216.68,NaN,0.00075605
165.22,0.00027683,279.31,NaN,0.00066699
270.8,0.00071137,211.49,NaN,0.00078055
336.64,0.00065411,189.94,NaN,0.00097895
254.07,0.00047103,209.62,NaN,0.0024556
160.28,0.00069129,381.14,NaN,0.0021306
94.317,0.00063109,230.52,NaN,0.00089527
275.23,0.00099177,-8.0586,NaN,0.0012041
90.425,0.0010699,102.51,NaN,0.0020134
126.67,0.00084299,240.81,NaN,0.0015035
236.03,-4.1611e-05,396.33,NaN,0.00045584
14.215,0.0025057,-26.375,NaN,0.0013307
216.12,8.0547e-05,120.37,NaN,0.0013501
16.282,0.0020361,21.06,NaN,0.001484
441.85,0.0020809,232.49,NaN,0.0024206
255.57,0.00080608,201.95,NaN,0.0034018
265.02,0.00026796,337.93,NaN,0.0020826
248.02,0.0020577,24.973,NaN,0.0019876
401.21,0.0014503,286.4,NaN,0.0022362
245.88,0.0002723,276.56,NaN,5.1429e-05
379.22,0.0010632,410.99,NaN,0.0020095
339.57,-0.00016351,272.25,NaN,0.0010201
4.6573,0.002306,272.13,NaN,0.0013784
225.15,0.0014684,356.12,NaN,-9.5504e-05
166.13,6.3978e-05,246.32,NaN,0.002701
434.43,0.002197,137.68,NaN,0.0013032
87.573,-9.1764e-05,228.51,NaN,0.0010599
290.55,0.00036271,217.29,NaN,0.0015086
182.71,0.001607,2.613,NaN,0.0024747
125.51,0.0018629,85.796,NaN,0.0022413
252.87,0.0013949,269.09,NaN,0.0026352
66.127,0.0027975,203.64,NaN,0.0026733
143.06,0.0010747,85.2,NaN,0.0018363
416.46,0.00092573,263.71,NaN,0.0015382
171.22,0.0016343,285.37,NaN,0.0024684
177.83,0.00048248,336.48,NaN,0.0014001
166.37,0.0011178,251.5,NaN,0.0013802
385.37,0.0016469,312.21,NaN,0.0022752
470.86,0.0010076,370.65,NaN,0.0021777
104.77,0.0012878,-29.358,NaN,0.0019203
170.05,0.00076827,367.31,NaN,0.0013285
501.91,0.0021119,130.99,NaN,0.00087467
196.48,0.0011151,259.71,NaN,0.001324
25.936,0.002325,346.72,NaN,0.0021085
279.09,0.00057935,154.29,NaN,-0.00097309
133.52,0.00072476,287.45,NaN,2.3078e-05
-4.5783,0.00091641,294.83,NaN,0.002483
254.99,0.001477,200.51,NaN,0.00093135
301.94,0.00075366,178.58,NaN,0.0006267
122.25,0.00033697,104.13,NaN,0.002154
38.48,4.4712e-05,369.5,NaN,-9.6115e-05
-0.82171,0.0012039,250.09,NaN,0.00060804
395.08,0.00011884,267.21,NaN,0.0014373
315.12,0.0015961,204.67,NaN,0.00079926
353.97,0.0016634,422.64,NaN,0.0016051
116.45,0.00163,61.398,NaN,0.0017065
324.94,0.0014497,79.807,NaN,0.00087
103.23,0.00089192,378.11,NaN,-0.00043996
115.7,0.0016424,69.01,NaN,0.00093515
199.03,0.0010186,35.57,NaN,-4.3589e-05
224.49,0.001525,327.02,NaN,0.00088797
110.24,0.0022072,299.9,NaN,0.00042707
283.84,0.0017623,221.06,NaN,0.0017062
235.05,0.0025113,148.83,NaN,0.0020654
235.34,0.00084659,121.44,NaN,0.0015292
433.3,0.00020299,145.83,NaN,0.0016548
57.336,0.001153,223.93,NaN,0.0023247
310.7,0.0021481,292.3,NaN,0.0011398
248.04,0.0022868,165.24,NaN,0.0026519
145.71,0.0019409,45.238,NaN,0.0012579
124.91,0.00035096,234.63,NaN,0.001967
21.797,-8.6352e-05,147.44,NaN,0.0015006
99.656,0.0013556,269.63,NaN,0.00099789
-4.346,0.0018142,-20.367,NaN,0.001423
201.27,0.00074005,140.96,NaN,0.0018638
269.27,0.0021355,292.81,NaN,0.0010721
272.28,0.001007,125.2,NaN,0.00046185
157.65,0.00021474,403.22,NaN,0.0014332
215.28,0.0012705,324.93,NaN,0.0012642
196.3,0.00031902,143.88,NaN,0.00086676
351.08,0.00068766,253.33,NaN,0.00054544
217.67,0.00047346,237.05,NaN,0.0012738
220.4,0.0011191,87.513,NaN,0.0016785
272.36,0.0016388,261.32,NaN,0.0036759
282.89,0.00088506,289.15,NaN,0.0021858
-157.49,0.001225,386.19,NaN,0.0031202
27.935,0.00027495,354.05,NaN,0.0010934
240.22,0.0012932,41.41,NaN,0.0014668
349.36,0.001507,301.3,NaN,0.0018364
154.88,0.0016602,369.51,NaN,0.00068476
264.53,0.0013432,182.26,NaN,0.00032296
63.675,0.00012205,143.28,NaN,0.0002753
-26.358,0.0021468,280.42,NaN,0.00043146
244.54,0.0011262,203.42,NaN,0.001147
324.86,0.0019982,181.22,NaN,0.0011299
151.98,0.0016196,192.29,NaN,0.0021503
206.13,3.2336e-05,178.11,NaN,0.0015737
177.05,0.0015189,-13.528,NaN,0.00063872
270.59,0.0025155,104.52,NaN,0.00049952
269.13,0.00063732,280.94,NaN,0.001987
112.51,0.0014831,232.55,NaN,0.00034071
558.33,0.0016223,320.55,NaN,0.0016434
210.25,0.0011016,-26.967,NaN,0.0024291
174.14,0.00046905,429.62,NaN,0.00081622
124.51,0.0011405,107.82,NaN,0.0024347
326.09,0.0019404,293.2,NaN,0.0019325
227.06,0.0014816,199.07,NaN,0.0010597
240.21,0.0008994,206.87,NaN,0.0011097
432.75,0.0017103,389.63,NaN,0.0024157
199.36,0.0014187,255.97,NaN,0.0010807
129.47,0.0017514,223.82,NaN,-0.00022858
172.75,0.0015257,-24.056,NaN,-0.00050764
94.583,0.00095096,210.18,NaN,0.0016992
43.206,0.0012091,93.534,NaN,0.0013435
335.5,0.0015112,203.36,NaN,0.00056487
387.87,0.00087028,120.24,NaN,0.0010243
280.72,0.00047148,283.31,NaN,0.0010857
454.34,0.0016617,209.97,NaN,0.0021331
54.557,0.00076015,84.277,NaN,0.0023498
79.774,0.00087785,183.86,NaN,0.0013716
338.03,0.0014864,271.92,NaN,0.00069405
457.94,-0.00013056,197.47,NaN,0.001747
248.85,0.0021212,119.47,NaN,0.0030213
250.77,0.0012342,292.26,NaN,0.0016561
365.03,0.0017984,275.91,NaN,0.001574
285.85,0.0010862,139.59,NaN,0.0015918
179.09,0.00052281,210.52,NaN,0.00049991
158.28,0.0015028,171.1,NaN,0.0017055
279.76,0.00088899,122.45,NaN,0.0019582
170.73,0.00037893,134.13,NaN,-0.00089967
67.68,0.0011149,-2.3883,NaN,0.00019968
253.11,0.0024536,277.07,NaN,0.0018549
291.99,0.00053415,564.66,NaN,0.0013768
302.37,0.0006368,270.57,NaN,0.001329
387.23,0.00062949,317.85,NaN,0.0015315
204.29,0.0015592,403.9,NaN,0.00042781
299.82,0.0017235,101.45,NaN,0.0014865
118.1,0.0010168,167.44,NaN,0.002022
548.18,0.00027479,11.463,NaN,0.00029298
295.68,0.00010259,326.87,NaN,0.001646
184.81,0.0021167,170.75,NaN,0.00070448
178.77,3.0247e-05,234.6,NaN,0.0018026
321.74,0.0001491,-9.9208,NaN,0.0018459
136.67,0.00041509,409.19,NaN,0.0023079
223.05,0.00086311,332.22,NaN,0.0017956
168.41,0.0013446,185.21,NaN,0.0010728
226.91,0.00061276,572.69,NaN,0.0017842
345.14,0.0014723,81.686,NaN,0.0016343
224.35,0.0012384,87.151,NaN,0.0012606
284.75,0.00066716,325.49,NaN,0.0021678
97.135,5.5052e-05,339.86,NaN,0.0022601
385.6,0.0013124,171.53,NaN,0.00068815
271.8,0.0012411,196.09,NaN,0.0016862
376.32,0.0016118,181.59,NaN,0.0015651
184.99,0.00072112,164.58,NaN,0.0030858
343.79,0.0017388,190.19,NaN,0.00068095
235.09,0.0022471,204.29,NaN,0.0011752
376.68,0.0015033,310.93,NaN,4.766e-05
284.96,0.0023207,339.57,NaN,0.00015967
305.87,0.0014709,257.95,NaN,0.0037103
396.19,0.0023688,241.79,NaN,0.0017888
211.05,0.00028093,150.03,NaN,0.0028299
283.89,0.0014943,68.15,NaN,0.0011549
159.95,0.0010161,211.03,NaN,0.0016439
254.14,0.0015465,126.63,NaN,0.00052935
-125.12,0.00034367,68.791,NaN,-0.00044322
126.49,0.00029631,383.58,NaN,0.0032291
253.24,0.00082498,283.82,NaN,0.0015493
93.446,0.00028681,450.04,NaN,0.00072845
174.64,0.0010526,374.97,NaN,0.0013028
114.75,0.00068423,151.12,NaN,0.0028238
274.35,0.0012297,83.967,NaN,0.0013883
259.42,0.00056098,107.88,NaN,0.0027208
277.65,0.00037596,153.69,NaN,0.001057
232.48,0.00076749,60.326,NaN,0.0005571
124.82,0.0011473,248.8,NaN,0.0025145
231.35,0.0017755,113.07,NaN,-0.00048585
43.98,0.00087029,82.335,NaN,0.0019909
160.52,0.00073612,275.39,NaN,0.0025647
282.98,0.0012664,288,NaN,0.0012978
53.662,0.0008762,253.84,NaN,0.0021111
218.06,0.00017858,349.22,NaN,0.0030236
454.73,0.00071617,276.16,NaN,0.0012701
365.79,0.0016539,255.57,NaN,0.0016139
243.43,-0.0002769,98.847,NaN,0.0016411
209.45,0.0013749,85.077,NaN,0.0011068
109.35,0.0019949,180.41,NaN,0.0037856
224.96,0.0018363,295.77,NaN,0.0015296
246.5,0.0016077,244.92,NaN,0.0029512
188.08,0.0018195,280.44,NaN,0.0016338
200.27,0.00095166,228.56,NaN,0.0015444
148.32,0.0011339,367.25,NaN,0.0019912
299.97,0.0014936,67.814,NaN,0.0022248
349.24,0.00099412,583.58,NaN,0.00080701
14.95,0.0020273,242.09,NaN,0.0025761
264.32,0.00084752,128.6,NaN,0.0020676
308.58,0.0010147,172.13,NaN,0.0014069
74.691,0.0017882,-108.05,NaN,0.0020485
238.62,0.0021179,340.52,NaN,0.0010842
178.69,0.0010196,289.43,NaN,0.0020399
241.23,0.0019219,275.71,NaN,-9.7006e-06
410.73,0.00039724,454.2,NaN,0.00152
354.71,0.00080222,328.21,NaN,0.0014641
488,0.00096787,463.36,NaN,0.0018494
352.46,0.00085319,300.5,NaN,0.0026044
220.24,0.00038036,353.6,NaN,0.00092864
480.5,2.1846e-05,407.43,NaN,0.0020612
184.3,0.00079578,351.22,NaN,0.0010359
173.03,0.0020467,208.04,NaN,0.00093734
152.9,0.0017681,258.09,NaN,0.0010086
468.51,0.0012108,168.38,NaN,0.0015447
228.5,0.0017475,153.83,NaN,2.6622e-05
187.87,0.0010141,89.832,NaN,0.0010478
390.49,0.0013471,200.81,NaN,0.001049
62.771,0.0011264,247.84,NaN,-0.00017602
307,0.0014062,41.874,NaN,0.0026069
224.82,0.00070425,251.98,NaN,0.0010682
148.26,0.0017439,251.03,NaN,0.0011858
130.16,0.00018322,250.66,NaN,0.0031511
239.58,0.00057739,293.79,NaN,0.0019158
346.43,0.0017711,54.832,NaN,0.0014314
186.36,0.0013434,55.144,NaN,0.0011809
126.93,0.0013128,297.91,NaN,0.003083
356.68,0.00031003,48.651,NaN,0.00062054
241.88,0.00072657,224.09,NaN,0.0014631
407.53,0.0020933,269.22,NaN,0.0017598
293.25,0.0012038,162.29,NaN,0.00092054
281.52,-0.00033344,168.31,NaN,0.0017596
238.26,0.0011929,421.22,NaN,0.0008343
207.8,0.0019131,95.924,NaN,0.001796
220.94,0.0020888,362.88,NaN,0.0013793
40.534,0.0011634,357.04,NaN,0.002111
182.57,0.0010709,99.18,NaN,0.0014745
-24.234,0.00060019,79.43,NaN,0.00050688
300.71,0.0015575,310.54,NaN,0.0012079
194.99,0.0002637,131.15,NaN,0.0011313
-118.81,7.4026e-05,288.39,NaN,0.0024959
152.75,0.00063941,219.76,NaN,0.0015695
405.17,0.0016399,373.89,NaN,0.0010645
486.37,0.0003803,367.39,NaN,0.0007172
219.03,0.0011892,255.26,NaN,0.0013492
350.04,0.00046152,388.69,NaN,0.00026785
234.27,0.0022941,167.27,NaN,-0.00043069
366.66,0.0014448,355.02,NaN,0.0019991
165.53,0.00029151,32.994,NaN,0.0013476
245.4,0.0019248,277.59,NaN,0.0032316
186.66,0.00026982,214.32,NaN,0.0032101
324.35,0.00013079,284.11,NaN,0.002531
246.05,0.0016802,255.23,NaN,0.0011804
177.55,0.00093389,196.71,NaN,0.0014688
120.26,0.00060752,79.931,NaN,0.0026388
26.804,0.0020953,161.5,NaN,0.002528
238.1,0.00048658,153.19,NaN,0.00091535
357.74,0.0030767,159.02,NaN,0.0017629
491.07,0.0012683,205.06,NaN,0.0017832
289.44,0.00094743,202.7,NaN,0.00080273
138.68,0.0027614,151.82,NaN,0.0026449
234.24,0.0018529,389.75,NaN,5.5995e-05
292.55,0.00079559,164.52,NaN,0.0005538
108.79,0.0019456,74.167,NaN,0.0014881
251.22,0.00098594,210.55,NaN,0.0016259
168.38,0.0017002,450.08,NaN,0.0004681
193.87,0.0019082,5.7035,NaN,0.0023824
246.14,0.0011415,146.69,NaN,0.0012266
210.17,0.0011049,147.06,NaN,0.0006194
143.67,0.0016126,10.014,NaN,0.0014437
102.85,0.00098048,171.57,NaN,0.00088899
167.28,0.0017209,277.56,NaN,-0.00034356
137.11,0.00030071,427.51,NaN,-0.00047749
314.97,0.00086321,199.41,NaN,0.0014422
195.89,0.0015055,218.76,NaN,0.00072127
323.53,0.0015342,363.46,NaN,-3.8118e-05
321.19,0.00041179,261.87,NaN,0.0018154
202.82,0.00077331,277.32,NaN,0.0016018
3.895,0.0012161,195.94,NaN,0.0004859
332.26,0.0012867,475.11,NaN,0.0023002
262.29,0.0017188,445.03,NaN,0.00080195
259.84,0.0016627,100.18,NaN,0.0013171
472.06,0.00016822,209.88,NaN,0.0011971
83.912,0.00085583,204.89,NaN,0.0017841
426.04,0.0011992,345.31,NaN,0.0026057
113.46,0.00092951,171.24,NaN,0.0018479
80.498,0.00058952,308.32,NaN,0.0018549
97.656,0.00096597,79.516,NaN,0.0017724
310.48,0.00048738,238.41,NaN,0.0010034
128.54,0.00036079,276.54,NaN,0.0014571
316.86,0.00088669,80.441,NaN,0.00063394
242.37,0.0019966,177.11,NaN,0.0025363
137.48,0.001101,339.99,NaN,0.0014928
316.52,0.0022578,475.28,NaN,0.00056219
347.13,0.0013945,280.86,NaN,0.0022554
391.32,0.0014835,254.13,NaN,0.0018416
23.789,0.0018782,395.52,NaN,0.0020408
142.98,0.00043156,273.45,NaN,0.0016254
246.67,0.0019497,138.43,NaN,0.00056719
95.981,0.0011326,218.86,NaN,6.9365e-05
384.2,0.00080523,108.33,NaN,0.00098543
229.13,0.0011077,290.55,NaN,0.0020709
182.8,0.0014128,308.13,NaN,0.0003157
253.6,0.0010906,169.33,NaN,0.0016737
165.7,0.00067436,154.12,NaN,0.0019305
323.62,0.0018187,367.27,NaN,0.0015354
162.51,0.00022955,-11.702,NaN,0.002159
207.42,0.0010628,344.61,NaN,0.0017347
305.9,4.0802e-05,157.61,NaN,0.0011803
175.6,0.001196,446.91,NaN,0.0002868
129,0.0011432,313.13,NaN,-0.00063994
195.74,0.0010198,119.46,NaN,0.0013072
179.16,0.0017091,130.17,NaN,0.00042236
204.8,0.00050725,329.92,NaN,0.0018434
262.22,8.164e-05,82.887,NaN,0.0026362
146.17,0.0021959,267.3,NaN,0.0014136
317.34,0.0035783,234.04,NaN,0.00056542
312.79,0.00097239,88.152,NaN,0.0001459
187.7,0.0015595,307.36,NaN,0.0016362
268.77,0.001734,206.33,NaN,0.0014221
209.91,0.0018921,226.45,NaN,0.0024008
292.31,0.00080743,224.17,NaN,0.0014124
188.34,0.00099138,316.21,NaN,0.0023283
275.19,0.0015534,204.99,NaN,0.0020213
257.44,0.00080887,336.45,NaN,0.0027533
288.88,0.0018377,92.659,NaN,0.0021742
152.09,0.0021216,231.39,NaN,0.00062076
60.874,0.0023299,107.49,NaN,0.0018047
252.81,0.00046008,68.034,NaN,-9.9275e-05
263.31,0.0021692,310.34,NaN,0.00064079
43.16,0.00066899,461.53,NaN,0.00095026
326.85,0.00046938,278.71,NaN,0.00068679
370.32,0.0014772,179.44,NaN,0.0016528
177.29,0.00080223,261.5,NaN,0.00034625
128.58,0.00054789,225.59,NaN,0.0032196
175.09,0.0012882,389.57,NaN,0.0018879
130.17,0.00050052,303.09,NaN,0.0020308
182.72,0.0010023,262.61,NaN,0.002266
266.05,0.0010876,371.64,NaN,-0.001341
233.63,0.00085682,436.94,NaN,0.00082762
386.06,0.0010649,276.02,NaN,0.0012969
157.7,0.0012124,163.66,NaN,0.0018342
89.633,0.00084301,409.05,NaN,0.0029953
206.2,0.0021123,257.04,NaN,0.0017306
360.24,0.0007418,317.11,NaN,0.001576
368.4,0.0021001,352.35,NaN,0.0026514
75.353,0.0010277,174.07,NaN,0.0017922
122.28,0.00087053,79.562,NaN,0.0014043
366.17,0.0016587,201,NaN,0.00079106
337.91,-0.00088481,417.33,NaN,0.0001633
45.222,0.00079374,193.73,NaN,0.0011918
21.374,0.0024548,208.92,NaN,0.0011727
337.25,0.0016362,125.36,NaN,0.0012622
184.3,0.0017434,338.95,NaN,0.0017164
66.626,0.00052316,209.06,NaN,0.0026343
231.99,0.00096318,118.98,NaN,0.0010528
350.26,0.00097899,220.56,NaN,0.00039961
396.5,0.00064715,14.46,NaN,0.0015277
-14.721,0.001236,175.08,NaN,0.00085009
394.87,0.0010038,242.56,NaN,0.0029709
237.03,0.0002818,229.34,NaN,0.0024235
136.22,3.185e-05,347.14,NaN,0.0037087
269.96,0.00040952,91.736,NaN,0.00060279
291.32,0.00021047,240.93,NaN,0.0019362
190.43,0.00059423,299.13,NaN,0.0017675
347.22,0.00012528,279.05,NaN,0.00085017
247.65,0.00089957,292.23,NaN,0.0021453
366.27,0.00072773,276.87,NaN,0.0011015
367.45,0.00069548,259.39,NaN,0.00044791
256.19,0.0012975,78.853,NaN,0.0014771
441.9,0.00087634,224.31,NaN,0.00049101
294.34,0.00081384,240.25,NaN,0.00063069
166.22,-0.00033087,356.42,NaN,0.001142
288.8,0.0010173,245.28,NaN,0.001293
183.88,0.0026257,166.39,NaN,0.00072647
251.57,0.0015015,228.84,NaN,0.00010262
197.11,0.0016668,151.5,NaN,0.0017714
253.4,0.00027024,254.81,NaN,0.0027529
394.67,0.0014658,191.19,NaN,0.0018174
398.57,0.00076774,241.38,NaN,0.00074414
340.49,0.0016381,299.91,NaN,0.002409
267.74,0.00030601,72.905,NaN,0.0014063
129.92,0.0021855,202.41,NaN,0.0030162
215.31,0.0004923,118.96,NaN,0.0019684
204.36,0.00095277,239.33,NaN,0.00047724
272.54,0.0023347,254.45,NaN,0.0012006
204.79,0.0017659,194.46,NaN,0.0028983
262.83,0.00051381,397.25,NaN,0.0027252
367.62,0.0024195,319.97,NaN,0.0010953
436.61,0.00062703,379.75,NaN,0.0018011
295.06,0.0016514,345.87,NaN,0.0012051
106.97,0.0016087,447.36,NaN,0.00030022
108,0.0028474,298.77,NaN,7.4061e-05
209.54,0.0019384,307.49,NaN,0.0031178
304.16,0.001107,194.27,NaN,0.0016366
298.12,0.00090384,76.9,NaN,0.0019492
282.06,-0.00092264,174.68,NaN,0.00052301
104.64,0.0017596,283.77,NaN,0.0024244
100.61,-4.5736e-05,338.86,NaN,0.0010737
379.16,0.00080035,150.81,NaN,0.00050099
243.61,0.0016526,10.768,NaN,-0.00010737
230.76,0.0012457,298.47,NaN,0.00075517
89.975,0.0011791,338.33,NaN,0.0012292
322.32,0.00059556,176.96,NaN,0.00227
245.18,0.00049975,341.36,NaN,0.00081575
220.5,0.00090272,212.39,NaN,2.9634e-05
390.46,0.0016841,293.67,NaN,0.0018729
171.08,0.00066795,263.07,NaN,0.0011182
98.741,0.0012844,177.71,NaN,0.0014869
227.95,0.00092886,126.57,NaN,0.0022339
585.81,0.00066257,155.28,NaN,0.0014992
243.36,0.00062255,403.43,NaN,0.0019488
130.44,0.0013166,80.653,NaN,0.0014492
146.91,0.0016442,296.3,NaN,0.0025327
261.39,0.00028908,190.61,NaN,0.0013505
326.38,0.00083346,237.3,NaN,-0.00080863
89.694,0.0017904,149.3,NaN,0.0016326
298,0.00086769,337.46,NaN,0.0014234
190.76,0.0016755,195.8,NaN,0.0032622
320.89,0.0019011,174.3,NaN,0.003168
258.53,0.00058306,141,NaN,0.0012538
266.07,0.0017426,222.27,NaN,0.0030751
402.15,0.0011674,291.91,NaN,0.0024296
240.71,0.0014697,228.89,NaN,0.0023113
60.888,0.00043503,420.43,NaN,0.0015835
438.22,0.0013829,231.1,NaN,0.0011225
279.06,0.00078012,129.44,NaN,0.001106
288.78,0.0013027,119.21,NaN,0.001762
306.69,0.00054611,264.27,NaN,0.0018313
248.02,4.6613e-05,384.68,NaN,0.0016627
42.352,0.00086348,278.07,NaN,0.001787
268.65,0.0004683,270.33,NaN,0.0004846
136.97,0.0012432,267.67,NaN,0.00024904
371.96,0.00066727,263.63,NaN,0.00078734
137.67,0.0016015,144.84,NaN,0.00054007
405.07,0.0011482,182.71,NaN,0.0018624
211.12,0.00070027,277.12,NaN,0.00056051
31.811,0.0011593,466.21,NaN,0.0018114
241.08,0.0012922,350.83,NaN,0.0028327
401.07,0.0016469,358.46,NaN,0.00064694
305,0.0011859,321.12,NaN,0.0019729
136.6,-0.00088995,71.032,NaN,0.0014717
301.08,0.0017945,367.8,NaN,0.0012707
-76.643,0.0018366,-83.741,NaN,0.0024177
513.21,0.0014773,190.98,NaN,0.0016429
352.75,0.00091378,300.13,NaN,0.0015868
480.39,0.0011303,252.3,NaN,0.0025408
61.141,0.0010758,286.58,NaN,0.0015474
290.92,0.0016639,110.83,NaN,0.00099145
335.38,0.00113,99.705,NaN,0.0020767
133.5,0.00073843,229.93,NaN,0.0029318
169,0.0011918,185.41,NaN,0.0018526
-10.222,0.00078197,96.46,NaN,0.0012975
319.76,0.001096,136.38,NaN,-0.00030641
68.755,0.00018689,250.2,NaN,0.0032524
393.98,0.0013289,-1.9744,NaN,0.0029845
267.36,0.00069877,58.189,NaN,0.0023898
120.65,0.0024587,356.71,NaN,0.0024256
308.5,0.0019696,239.87,NaN,0.00072962
227.49,0.0015062,522.43,NaN,0.0015977
286.2,0.00052148,289.87,NaN,0.0013583
348.98,0.00084598,317.8,NaN,0.0023475
354.61,0.00067861,150.72,NaN,0.0010133
293.01,0.0017269,417.52,NaN,0.0018855
267.26,0.0020066,225.02,NaN,0.0014808
406.44,0.0014602,44.939,NaN,0.0026242
468.4,0.0015961,55.283,NaN,0.0018726
302.51,0.0022343,179.21,NaN,0.0020846
508.51,0.0011928,273.95,NaN,0.0020161
98.216,0.00033011,-24.851,NaN,0.0012012
78.313,0.00084914,148.84,NaN,0.0024538
412.88,0.001245,188.26,NaN,0.0028202
241.08,-0.00015055,308.49,NaN,0.00099799
99.481,0.0010936,206.65,NaN,0.0023012
213.86,0.0016565,56.398,NaN,0.0008764
189.31,0.0012726,243.3,NaN,0.00068877
191.66,0.0011441,481.92,NaN,0.0012634
279.66,0.0011197,192.3,NaN,0.0022916
248.02,0.0021599,238.88,NaN,0.0029873
113.28,0.0017155,334.14,NaN,0.0016905
149.33,0.0012291,103.63,NaN,0.0012596
297.47,0.00077008,-54.209,NaN,0.0021793
455.5,0.0031607,325.91,NaN,0.0013455
357.18,0.00068554,166.55,NaN,0.0015994
161.21,0.0016944,447.96,NaN,0.0019474
230.78,0.0014539,116.24,NaN,0.002475
288.72,0.0010567,217.4,NaN,0.0020364
106.21,0.0015677,56.501,NaN,0.00084138
208.18,0.00012295,160.2,NaN,0.002699
186.38,0.00108,248,NaN,0.0016093
277.76,0.00085923,181.26,NaN,0.0020771
274.87,0.0013337,377.89,NaN,0.0010335
323.45,0.0018944,244.22,NaN,0.0010817
168.98,0.0017721,167.36,NaN,-1.8213e-05
223.34,0.00061766,357.93,NaN,0.0011616
180.94,0.0017549,8.3448,NaN,0.0031958
285.73,-1.8655e-06,246.43,NaN,0.0015653
288.28,0.0007136,306.09,NaN,0.003233
205.7,0.001208,316.22,NaN,0.0016028
495.29,-0.00014303,322.39,NaN,0.0012621
55.95,-0.0003504,226,NaN,0.00078
64.032,-0.00026377,349.45,NaN,0.0019136
59.335,0.00012434,236.75,NaN,0.0012162
250.29,0.00079628,10.506,NaN,0.0002967
154.88,0.0023734,222.41,NaN,0.0018454
97.938,0.0013188,142.62,NaN,0.0032866
267.36,0.00068339,123.7,NaN,0.001737
121.49,0.0017029,188.52,NaN,0.0014871
138.76,0.0015152,141.57,NaN,0.0022902
231.14,0.0021296,207.3,NaN,-0.00053031
244.89,0.00077055,385.2,NaN,0.0014186
147.23,0.00059397,370.85,NaN,-5.2256e-05
68.223,0.0018795,412.5,NaN,-0.00059347
73.944,-0.00050644,155.78,NaN,0.0022978
387.91,0.0014362,262.22,NaN,0.0016788
150.18,0.00034742,458.74,NaN,0.0017411
233.31,0.00020369,297.52,NaN,0.0014615
142.09,0.0021132,114.93,NaN,0.0020366
324.89,0.0019158,319.68,NaN,0.0018615
255.76,0.00050246,344.72,NaN,0.002345
379.6,0.00011388,192.1,NaN,0.0017908
362.55,5.0618e-05,152.15,NaN,0.0013229
356.37,0.0015209,279.02,NaN,0.0021216
333.07,-0.00017473,324.51,NaN,0.0019994
62.74,0.00010014,291.35,NaN,0.0014391
191.02,0.0013056,55.254,NaN,0.0017144
183.76,0.00096448,208.02,NaN,0.002279
347.85,0.0014892,78.777,NaN,0.001729
223.69,0.00046652,94.897,NaN,0.00069369
145.85,0.0010821,329.34,NaN,0.0013951
331.8,0.00092519,223.22,NaN,0.0015158
125.61,0.0022125,253.94,NaN,0.0029246
197.74,0.00070835,170.23,NaN,0.0016865
92.118,0.00045313,361.13,NaN,0.0026546
326.26,0.0011983,134.97,NaN,-4.7666e-05
196.99,0.0010828,23.926,NaN,0.001075
162.12,0.00032849,282.3,NaN,0.0012604
197.23,0.001082,289.37,NaN,0.0022035
169.28,0.0012543,228.68,NaN,0.0014714
217.97,0.0022371,491.3,NaN,0.0012374
214.19,0.00042611,233.78,NaN,0.0027176
452.12,0.00046737,182.41,NaN,0.0027704
377.32,-7.6044e-05,245.18,NaN,0.0010604
217.36,0.0019961,177.64,NaN,0.0022788
221.63,0.0018099,363.24,NaN,0.0017683
186.39,0.00034465,57.551,NaN,0.0020956
229.09,0.00064717,101.4,NaN,0.00073886
365.09,0.0009137,221.62,NaN,0.0012124
139.59,0.00082664,159.95,NaN,0.001097
242.97,0.0015929,207.09,NaN,0.00073082
190.2,0.00133,231.82,NaN,0.002394
177.35,0.001283,389.64,NaN,0.0018503
360.2,0.0018775,317.9,NaN,0.0024765
364.63,0.00034285,93.352,NaN,0.0015623
319.48,0.0015003,119.28,NaN,0.003057
162.77,0.0024367,196.51,NaN,0.0010253
340.07,0.0013865,477.61,NaN,0.0018229
249.25,0.0017042,152.42,NaN,0.0028701
233.18,0.0017885,181.35,NaN,-0.00037423
195.22,0.0019864,184.3,NaN,0.0030341
81.763,0.00019834,216.22,NaN,0.0018564
182.25,0.00088869,-36.351,NaN,4.7573e-05
182.99,0.00041181,332.56,NaN,0.002411
418.82,0.0005675,116.9,NaN,0.0016191
-68.034,-0.0002365,364.08,NaN,0.001034
88.943,0.0013953,375.16,NaN,0.0015115
315.29,0.001202,25.029,NaN,0.0023329
11.205,0.0033605,383.55,NaN,0.00058128
436.59,0.0016015,103.39,NaN,0.0019281
250.73,0.001217,80.388,NaN,0.00059055
344.35,-0.00031119,188.94,NaN,0.0034876
236.19,0.0016934,121.38,NaN,0.0021524
455.61,0.0002929,23.815,NaN,0.001652
181.59,0.0014267,298.31,NaN,0.0016698
199.33,0.0018224,315.2,NaN,0.0014791
261.6,0.002593,277.22,NaN,0.002306
329.19,0.0015363,175.66,NaN,0.0024712
388.24,0.00028873,325.89,NaN,0.0024779
355.37,0.0009047,273.98,NaN,0.0031648
117.95,0.0022341,146.85,NaN,0.00058101
295.7,0.0013754,302.06,NaN,0.0013864
227.14,0.0014771,124.97,NaN,0.0016967
211.55,0.0016925,79.282,NaN,0.00047568
345.86,0.00053587,238.99,NaN,0.0021091
236.78,0.00078451,267.76,NaN,0.0011604
288.79,0.00074277,86.849,NaN,0.00070577
337.33,0.0021104,429.86,NaN,0.0027426
280.63,0.0010712,194.19,NaN,0.00074267
73.997,0.00039817,334.85,NaN,-0.00065402
334.93,0.00084996,228.6,NaN,0.0017135
180.13,0.001681,3.1676,NaN,0.0018062
212.59,0.0012603,37.153,NaN,0.00079877
304.78,0.0018028,370.72,NaN,0.00038378
115.84,0.00072954,124.88,NaN,0.0025178
131.81,-0.00066148,514.98,NaN,-0.00042454
291.9,0.00039754,241.31,NaN,4.5412e-05
271.35,0.0010754,352.75,NaN,-0.00087071
118.56,0.00065457,197.93,NaN,0.0014527
368.38,0.0018556,150.17,NaN,0.00087988
275.73,4.8294e-05,365.88,NaN,0.0015572
335.84,0.0013411,137.44,NaN,0.0012621
270.31,0.0010425,16.074,NaN,0.0015642
285.94,-0.00061096,48.345,NaN,0.00083462
240.18,0.0026211,339.57,NaN,0.0026339
135.61,0.00057809,188.02,NaN,0.0014569
325.6,0.0015547,287.65,NaN,0.0022432
460.29,0.0018916,284.26,NaN,0.00060174
222.42,0.00098584,125.91,NaN,0.002335
323.02,0.0020938,242.19,NaN,0.0012075
90.311,0.0018722,318.46,NaN,0.0033553
227.49,0.00069216,215.55,NaN,0.00077253
310.33,0.0018766,255.73,NaN,0.00030464
227.62,0.0011355,218.02,NaN,0.00074896
228.19,3.5831e-06,337.76,NaN,0.0010084
127.54,0.0016704,110.33,NaN,0.0018289
74.029,0.0025208,347.22,NaN,0.0017877
315.14,0.0015378,118.6,NaN,0.0021543
164.36,0.00087725,152.26,NaN,0.00051613
16.766,0.00034633,243.35,NaN,0.0010474
200.72,0.0011595,142.9,NaN,0.0018189
261.34,0.00058194,289.9,NaN,0.0016758
435.58,0.00038439,331.95,NaN,0.0012269
274.74,0.00062316,421.18,NaN,0.0022581
115.85,-0.00015796,362.5,NaN,0.00014859
185.51,0.0008688,328.59,NaN,-5.9747e-05
-21.443,0.0011742,308.67,NaN,0.0021438
234.2,0.0011213,286.12,NaN,-8.5468e-05
361.58,0.001182,258.91,NaN,0.00014331
383.6,0.00031263,331.17,NaN,0.0017768
151.79,0.00021446,174.74,NaN,0.0015569
186.61,0.00020529,251.68,NaN,0.0012802
364.66,0.00090759,471.76,NaN,0.0027269
331.55,0.00066594,312.85,NaN,0.0010089
272.91,0.0013064,273.72,NaN,0.0018256
348.2,0.0029205,254.15,NaN,0.0046702
281.62,0.00060212,439.39,NaN,0.00048952
264.53,0.0014996,-47.774,NaN,0.0021033
396.14,0.00025611,244.42,NaN,0.002253
48.526,0.0010215,173.23,NaN,0.00087929
-11.265,0.0017208,117.41,NaN,0.0020095
307.88,-0.00011789,66.343,NaN,0.0010821
259.29,0.0020537,209.03,NaN,0.0020789
201.55,0.0021465,207.2,NaN,0.00199
262.95,0.0016542,179.21,NaN,0.00081342
57.248,0.00075853,275.55,NaN,0.0031052
312.98,0.0022061,171.73,NaN,0.00021615
192.03,0.0013455,223.71,NaN,0.0016583
378.15,0.00080055,343.85,NaN,0.00085193
295.71,0.00026852,101.65,NaN,0.0024247
282.11,0.00094772,282.25,NaN,0.0018617
131.37,0.0013162,184.64,NaN,0.0013171
184.12,0.0017959,211.2,NaN,0.0018219
47.984,0.00065046,292.72,NaN,0.00094475
107.4,0.0013608,274.41,NaN,0.00049274
313.8,0.00030611,275.88,NaN,0.0018157
109.57,0.00019631,304.13,NaN,0.00083084
339.17,0.0018087,301.91,NaN,0.001288
401.2,-1.5621e-05,349.87,NaN,0.0015192
349.32,0.0016117,207.59,NaN,3.2627e-05
71.919,0.0018497,316.04,NaN,0.0024745
430.65,0.00069459,435.59,NaN,0.00064199
161.47,0.00063876,153.69,NaN,5.555e-05
60.199,0.00016835,255.01,NaN,0.0015684
140.9,0.00068312,287.54,NaN,0.00089179
270.07,0.0017117,453.68,NaN,0.0023611
292.66,0.0017903,90.22,NaN,0.0028289
309.95,0.0011494,390.3,NaN,0.0012317
204.98,0.00028891,254.73,NaN,0.0026022
274.17,0.0010109,153.28,NaN,0.0016542
207.32,0.00099398,141.81,NaN,0.00049072
279.51,0.00086575,160.27,NaN,0.0014367
215.25,0.00097155,93.665,NaN,0.00039241
169.84,0.0026248,191.55,NaN,0.0033247
218.93,0.0014654,152.11,NaN,0.001266
275.65,0.00098984,415.05,NaN,0.00092156
433.1,0.0027262,368.59,NaN,0.0016554
271.94,0.0014591,231.22,NaN,0.0014522
91.645,0.0027445,255.66,NaN,0.0023973
248.56,0.0021067,285.34,NaN,0.001567
278.34,-0.00044459,356.76,NaN,-0.00012889
315.52,-1.4339e-06,329.84,NaN,0.003335
158.03,-9.2661e-05,-74.597,NaN,0.0033619
142.25,0.00042395,84.212,NaN,0.0026376
327.56,0.0012363,176.9,NaN,0.00012395
111.86,0.0012823,341.06,NaN,0.00061802
221.58,0.0018322,359.74,NaN,0.0015714
272.37,0.00054395,153.56,NaN,-0.00017761
348.85,0.0017509,279.03,NaN,0.00037482
283.87,0.0011124,207.31,NaN,0.00086727
96.915,0.00092716,283.66,NaN,0.0016168
105.36,0.0011643,383.84,NaN,0.0015706
307.66,0.0017676,191.74,NaN,0.0019335
168.89,0.00078973,476.8,NaN,0.0020296
283.2,0.00048739,179.12,NaN,0.00073001
330.7,0.00082722,183.58,NaN,1.7746e-05
316.7,0.0021355,324.27,NaN,0.0012019
389.98,0.0016745,172.45,NaN,0.0026195
85.517,0.00046851,107.68,NaN,0.001297
425.96,0.0015337,171.09,NaN,0.0025264
124.18,0.00063792,367.88,NaN,0.00051439
229.13,0.0023836,218.74,NaN,0.0025871
250.21,-6.0163e-05,203.32,NaN,0.0023036
413,0.00021846,298.88,NaN,0.0027353
283.56,0.0019229,152.22,NaN,0.0021834
220.85,0.00097945,404.16,NaN,0.0028327
45.861,0.0016235,132.24,NaN,0.0013336
174.64,0.00096449,385.59,NaN,0.00086419
377.76,0.0014321,389.23,NaN,0.0026004
255.31,-0.00014607,-45.479,NaN,0.003202
54.666,0.00075348,162.1,NaN,0.0010025
294.52,0.0013038,244.23,NaN,0.0012292
308.02,0.00019605,400.18,NaN,0.00085013
292.73,0.0010414,279.93,NaN,0.0013564
-14.521,0.00096793,251.6,NaN,0.0028136
235.02,0.00070071,111.65,NaN,0.00018772
282.42,0.0011455,265.46,NaN,0.00142
116.91,0.001091,321.86,NaN,0.00079709
154.11,0.00050282,443.03,NaN,0.00067119
146.11,0.0010066,177.21,NaN,0.001068
14.388,0.0017383,175.04,NaN,0.0010354
228.86,0.0016401,315.49,NaN,0.0012807
386.86,0.00016422,162.18,NaN,0.0004718
191.23,0.0019516,312.99,NaN,0.00073237
196.79,0.0013697,254.63,NaN,0.0014912
326.02,0.002223,127.39,NaN,0.0019157
429.83,0.00086386,223.64,NaN,0.0020226
377.44,0.0014778,284.17,NaN,0.002122
72.444,0.0026732,149.89,NaN,0.0019709
-1.0278,0.0010269,229.39,NaN,0.0013235
324.04,0.0014597,48.618,NaN,0.00035529
241.48,0.0024139,203.05,NaN,0.0025816
111.44,0.0018547,75.004,NaN,0.0017564
354.86,0.001432,315.93,NaN,0.0013666
278.55,0.0027473,206.73,NaN,0.0012699
66.003,0.0018644,379.03,NaN,0.0016974
360.2,-0.00013761,128.17,NaN,0.0023275
331.23,0.0012397,424.75,NaN,0.0032896
192.86,0.00082206,188.95,NaN,0.0028458
453.35,0.00061047,143.79,NaN,0.0018371
54.412,0.00085883,143.99,NaN,0.0017022
208.65,0.0010345,149.76,NaN,0.001654
246.11,0.0021362,215.63,NaN,0.0019521
261.28,0.00018193,218.55,NaN,0.0011176
27.393,0.000575,-26.02,NaN,0.0016003
-0.53807,-0.00035158,179.49,NaN,0.0010049
93.731,0.0022847,192.53,NaN,0.00099706
247.85,2.004e-05,435.81,NaN,0.00093822
247.01,0.00063092,320.33,NaN,0.002152
332.71,0.0024684,137.2,NaN,0.0020614
