226.23,0.0080543,54.941,NaN,0.0095966
412.16,0.0078795,259.93,NaN,0.0094504
-165.92,0.0070969,36.563,NaN,0.0089528
278.66,0.0074528,157.5,NaN,0.0085087
203.71,0.0066427,249.84,NaN,0.0082041
-23.813,0.0064639,338.43,NaN,0.0080696
103.14,0.0059979,31.943,NaN,0.0075899
216.2,0.005761,142.3,NaN,0.0073408
677.86,0.0049518,102.52,NaN,0.0067368
565.66,0.0054826,155.7,NaN,0.0062738
-16.08,0.0050304,226.54,NaN,0.005717
607.52,0.0051812,88.524,NaN,0.0059096
281.71,0.0049053,291.19,NaN,0.0055647
171.08,0.0044924,239.45,NaN,0.0056076
282.19,0.0042185,112.91,NaN,0.0057284
152.37,0.0040077,219.51,NaN,0.0053073
164.18,0.0044042,320.22,NaN,0.0053049
393.19,0.0044574,321.7,NaN,0.0053792
381.9,0.0046586,275.8,NaN,0.0055301
383.19,0.0042094,172.03,NaN,0.0060634
277.64,0.0046113,93.547,NaN,0.0052362
11.578,0.0044316,213.49,NaN,0.0058524
284.9,0.0042047,116.15,NaN,0.0053691
414.95,0.0045063,135.77,NaN,0.005622
253.93,0.0043145,314.67,NaN,0.005291
332.3,0.0041019,389.68,NaN,0.0050016
289.86,0.0044685,270.28,NaN,0.004935
145.16,0.0040436,478.2,NaN,0.0051176
231.37,0.0037337,-27.887,NaN,0.0050271
79.577,0.0036861,193.53,NaN,0.0047713
318.73,0.0035007,205.44,NaN,0.0041613
31.879,0.0033733,422.46,NaN,0.0037725
44.827,0.0032843,266.6,NaN,0.0040653
83.472,0.0028944,151.59,NaN,0.0039194
-217.2,0.0027016,278.01,NaN,0.0028681
406.17,0.0028218,292.58,NaN,0.0034121
250.4,0.0030325,229.51,NaN,0.0038312
99.228,0.0024038,-81.678,NaN,0.0030236
402.44,0.0021244,352.52,NaN,0.002748
-32.58,0.0021918,-285.28,NaN,0.0025076
197.45,0.0020309,226.88,NaN,0.0021488
179.56,0.0019686,-6.58,NaN,0.0024041
260.89,0.0020592,164.79,NaN,0.0025137
261.78,0.0018334,415.09,NaN,0.0020391
96.485,0.0016495,145.85,NaN,0.0022962
216.41,0.0016143,491.86,NaN,0.0023623
198.5,0.0013617,331.71,NaN,0.0019047
311.64,0.0014366,187.27,NaN,0.0021757
377.99,0.0012968,94.515,NaN,0.0021808
380.24,0.001505,152.25,NaN,0.0020103
100.27,0.0013872,275.32,NaN,0.0025968
233.28,0.001492,-114.05,NaN,0.001698
49.76,0.0016043,308.57,NaN,0.0021636
63.665,0.0014145,260.66,NaN,0.0018409
220.28,0.001698,336.81,NaN,0.0019151
438.36,0.0017884,510.73,NaN,0.0022567
111.91,0.0014919,174.67,NaN,0.002446
273.77,0.0019643,81.7,NaN,0.0021775
189.42,0.0013323,388.08,NaN,0.0024857
380.29,0.0015851,348.17,NaN,0.0018215
68.151,0.0013053,201.83,NaN,0.0021473
228.05,0.0015291,138.89,NaN,0.0018523
302.81,0.0012615,259.31,NaN,0.0017343
381.68,0.0013864,65.129,NaN,0.0011411
445.88,0.0012976,235.9,NaN,0.0020459
240.61,0.0011407,137.63,NaN,0.0022956
18.614,0.00087965,113.59,NaN,0.0018295
126.64,0.0014212,368.66,NaN,0.0020029
83.269,0.0016886,237.71,NaN,0.00155
568.65,0.0016884,426.52,NaN,0.001118
149.77,0.001017,82.771,NaN,0.0011598
344.69,0.0010739,272.35,NaN,0.0011233
212.91,0.00093478,91.635,NaN,0.0016136
367.73,0.0010178,329.12,NaN,0.0011105
134.89,0.00074979,427.95,NaN,0.0012242
46.07,0.00048264,389.61,NaN,0.00077081
44.66,0.00088091,-53.71,NaN,0.0010571
316.99,0.00057519,344.11,NaN,0.00060417
223.58,0.00039934,249.7,NaN,0.00084223
221.26,0.0013738,296.16,NaN,0.0012512
450.02,0.00078156,170.97,NaN,0.0015298
289.34,0.00094579,13.794,NaN,0.0012029
275.02,0.0011501,373.21,NaN,0.0011213
471.08,0.0005129,173.87,NaN,0.0014284
131.16,0.0010128,198.2,NaN,0.001353
343.46,0.0010453,268.27,NaN,0.00046156
362.86,0.00095468,603.64,NaN,0.0006559
210,0.00096978,569.26,NaN,0.00092681
275.51,0.00080306,57.794,NaN,0.00090359
80.262,0.0010752,178.08,NaN,0.00067775
83.606,0.00069533,385.99,NaN,0.00091714
262.19,0.00068527,-46.69,NaN,0.00081711
350.86,0.0010088,424.48,NaN,0.001365
616.09,0.0012061,204.61,NaN,0.00084797
156.2,0.00070516,448.77,NaN,0.00062627
278.63,0.00065105,127.15,NaN,0.00083813
241.77,0.00083319,122.51,NaN,0.00072736
-19.175,0.00095894,582.59,NaN,0.00096446
194.02,0.00090977,339.36,NaN,0.00079219
3.1712,0.00072601,213.5,NaN,0.00040475
378.07,0.00049607,112.35,NaN,0.00096635
134.46,0.00076272,416.49,NaN,0.00066774
275.98,0.00057745,310.07,NaN,0.00057218
185.98,0.00089041,-57.817,NaN,0.00047402
307.44,0.00023342,136.23,NaN,0.00092116
180.22,0.00057572,686,NaN,0.00064711
335.28,0.00083256,263.97,NaN,0.00022679
370.61,0.00042359,-17.716,NaN,0.00129
508.01,0.00040077,139.3,NaN,0.00058169
236.82,0.00034407,204.65,NaN,0.00077421
-39.995,0.00051187,361.39,NaN,0.00082002
142.96,0.00054779,238.73,NaN,0.00036832
453,0.00064136,275.15,NaN,0.0011099
108.14,0.00042048,257.4,NaN,0.00084943
395.8,0.00065131,123.28,NaN,0.00083029
276.86,0.00049863,425.25,NaN,0.0011807
462.94,0.00055266,207.29,NaN,0.00084077
-18.48,0.0004406,193.65,NaN,0.0002984
231.96,0.0005602,287.42,NaN,0.00077549
89.408,0.0014333,250.96,NaN,0.0010999
673.73,0.0013831,187.36,NaN,0.0010967
379.36,0.00085031,280.19,NaN,0.00080847
458.95,0.00075145,562.67,NaN,0.00022925
114.67,0.00025946,341.21,NaN,0.0010028
199.6,0.00039947,173.03,NaN,0.00064968
228.79,0.00037263,144.03,NaN,0.00069731
424.49,0.00061969,234.75,NaN,0.00098595
230.68,0.00059103,46.601,NaN,0.00071446
370.82,0.00048932,529.91,NaN,-0.00048244
-18.31,0.00037191,301.37,NaN,8.698e-05
223.62,0.00022361,108.79,NaN,0.00030806
158.17,0.00042446,291.87,NaN,0.00015991
52.306,0.00067418,71.199,NaN,0.00055926
348.5,0.00050449,358.87,NaN,0.00055085
316.68,0.00044574,250.85,NaN,0.0003069
281.25,0.00055725,282.32,NaN,0.0008412
86.845,0.00054682,327.05,NaN,0.0002905
434.58,5.5004e-05,395.56,NaN,0.00043306
322.98,0.00044607,158.44,NaN,0.00036111
229.56,0.00036035,63.919,NaN,0.00031608
273.98,6.2449e-06,255.85,NaN,0.00060596
232.62,0.00018025,152.99,NaN,0.00020768
20.942,0.00042042,329.12,NaN,0.00052739
228.19,0.00068806,5.7134,NaN,0.00085955
150.75,0.00044697,390.1,NaN,0.00085592
130,0.00055699,312.07,NaN,6.4873e-05
105.3,0.0002853,111.57,NaN,0.00072942
194.2,-1.1351e-05,224.73,NaN,0.00047298
-13.283,0.00049524,389.19,NaN,0.00071996
408.14,0.00024551,615.11,NaN,0.00062806
346.13,0.00072124,222.5,NaN,0.00047441
270.64,0.00083768,469.15,NaN,0.00054509
269.71,0.00034131,152.54,NaN,0.00070608
162.64,0.00068747,304.97,NaN,0.00072387
421.35,0.00062052,247.39,NaN,0.00028767
259.15,6.5785e-05,326.11,NaN,0.00010867
177.81,0.00037191,208.4,NaN,0.00035435
471.75,0.00042916,78.63,NaN,0.00075217
249.35,0.00047924,242.73,NaN,0.00054644
198.7,0.00050538,344.38,NaN,0.00054964
241.38,0.00049743,211.19,NaN,0.00030167
163.34,0.00049378,257.31,NaN,0.00020375
124.88,0.0002653,340.53,NaN,0.0010136
641.51,0.00042661,359.68,NaN,0.00039408
517.42,-0.00017109,178.65,NaN,0.00042226
325,8.995e-05,243.24,NaN,0.00036892
101.63,0.00064853,403.08,NaN,0.0004854
155.63,0.00023635,325.06,NaN,0.00039322
251.96,0.00047687,85.857,NaN,0.00020361
388.11,0.00075914,495.1,NaN,0.00065656
86.303,0.0002176,187.62,NaN,0.00093722
-55.609,0.00020632,175.56,NaN,0.00058514
69.136,0.00031464,72.707,NaN,0.00032162
322.02,0.00052695,259.06,NaN,0.00054771
330.61,0.00037441,260.43,NaN,0.00081731
339.75,0.00019065,229.84,NaN,0.001027
258.03,4.5693e-05,157.39,NaN,0.00010657
303.3,0.0003136,41.821,NaN,0.00053016
210.64,0.00033868,704.87,NaN,0.00036258
401.33,0.00025674,491.66,NaN,0.00062931
87.112,0.00030929,229.16,NaN,0.00050946
345.7,0.00010828,264.79,NaN,0.00028102
161.87,0.0004763,332.92,NaN,-7.8308e-05
235.68,-0.00015733,281.32,NaN,7.9998e-05
362.49,0.00036629,203.18,NaN,0.00024292
432.39,0.00047839,417.31,NaN,0.00032763
127.58,0.00012222,124.62,NaN,0.00073134
465.64,0.0002966,564.14,NaN,0.00021707
381.23,0.00037083,37.685,NaN,0.00048568
278.47,0.00015938,242.16,NaN,0.00063364
260.48,0.00029674,411.69,NaN,0.00044061
256.96,0.00039718,304.41,NaN,0.00040215
244.11,9.3538e-05,73.992,NaN,0.00021107
288.95,0.00051166,416.19,NaN,0.00063981
291.34,0.00058506,307.08,NaN,0.00088184
399.58,0.0004219,166.91,NaN,0.00057056
497.54,0.00036476,338.13,NaN,0.00053887
346.1,0.00010512,386.92,NaN,0.00053203
249.34,0.00049397,588.47,NaN,0.00077017
367.2,0.00010653,265.14,NaN,0.00038688
304.36,0.00075215,236.56,NaN,0.00033733
132.51,0.00050681,206.83,NaN,0.00063382
413.41,0.0004433,5.6558,NaN,0.00039021
322.91,0.00028685,353.13,NaN,0.00072544
299.29,-0.00012943,-11.108,NaN,4.4043e-05
353.9,8.8585e-05,242.49,NaN,0.00083165
318.76,0.00043872,242.6,NaN,0.00023467
149.17,0.00089971,402.27,NaN,0.00050049
260.61,0.00050729,-109.16,NaN,0.00028789
263.9,0.00040002,414.58,NaN,0.00061444
210.13,0.00019659,211.86,NaN,-3.7634e-06
524.94,0.00034137,103.14,NaN,8.6688e-05
163.23,0.00052672,286.03,NaN,0.00084796
219.68,0.00024063,321.23,NaN,9.4909e-05
188.22,0.00072603,228.95,NaN,0.00016542
123.51,5.9346e-06,81.659,NaN,0.0003748
263.38,0.00019473,461.48,NaN,0.00012305
252.16,0.00029034,318.87,NaN,0.00038945
507.94,-0.00016997,190.76,NaN,0.00068313
255.33,0.00041089,462.89,NaN,0.00037077
139,0.00030472,341.79,NaN,0.00085091
515.73,0.00031664,108.69,NaN,-4.1407e-05
461.76,0.00049392,374.61,NaN,0.00030793
252.51,0.00056485,30.533,NaN,0.00015696
70.07,0.00052212,133.58,NaN,0.00052738
219.38,0.00024117,303.76,NaN,7.5424e-05
259.44,0.00034599,339.7,NaN,-5.6757e-05
320.16,0.00044264,290.88,NaN,0.00033918
243.8,7.5016e-05,6.792,NaN,-6.4273e-05
343.77,0.00012487,396.79,NaN,0.00019642
336.74,0.00026198,459.84,NaN,0.00029326
104.31,0.00037359,446.9,NaN,-3.2438e-05
147.84,0.00076096,201.29,NaN,0.00059813
177.84,0.00052688,226.97,NaN,0.00051676
211.72,0.00023525,139.42,NaN,0.00024156
239.18,0.00018446,319.97,NaN,1.3224e-05
287.37,0.00067236,321.22,NaN,0.00032167
-142.87,0.00093953,177.15,NaN,0.00034228
222.73,0.00034323,417.71,NaN,-0.00023946
464.58,0.00018777,409.08,NaN,0.00074481
138.11,-3.3372e-05,382.35,NaN,0.00048734
422.6,0.00050776,183.35,NaN,-0.00014564
340.76,0.00034414,101.33,NaN,0.0009113
287.79,0.00053925,384.22,NaN,0.00029576
318.4,5.8961e-05,497.51,NaN,-8.6485e-05
71.004,0.00032024,109.98,NaN,6.6755e-05
280.87,0.00011522,-20.138,NaN,0.00040628
519.82,0.0005608,495.82,NaN,-7.5788e-05
305.56,0.0001476,282.78,NaN,0.00020713
295.97,0.00026512,456.9,NaN,0.0003272
184.29,0.00021862,427.91,NaN,0.00025141
282.32,0.00053994,113.9,NaN,0.00044767
318.14,0.00042256,223.88,NaN,0.00020177
344.44,0.00010426,165.56,NaN,0.0003464
230.26,0.00019722,308.45,NaN,0.00048197
249.06,0.0001072,447.72,NaN,-0.00020013
569.29,0.00046485,290.2,NaN,-0.00011181
-37.713,0.00042433,-15.241,NaN,0.00013026
598.77,-2.9276e-05,457.62,NaN,0.00045474
330.96,-9.5194e-05,283.36,NaN,0.00048527
425.44,0.00032798,218.43,NaN,0.00021249
48.476,0.00049071,-13.729,NaN,0.0007876
201.66,0.00036172,338.18,NaN,0.00072669
246.92,-3.9777e-05,320.97,NaN,0.00034206
347.36,-5.0409e-05,335.3,NaN,0.0013307
51.503,0.00049772,135.42,NaN,0.00026891
355.98,0.00025903,185.55,NaN,0.00064579
117.98,0.00019766,159.98,NaN,0.00033953
300.12,0.00058227,543.92,NaN,-0.00014216
384.03,9.1689e-05,175.2,NaN,0.00087918
338.72,0.00029975,264.39,NaN,3.2035e-05
446.59,0.00035934,166.88,NaN,0.00035013
436.34,0.00044749,422.66,NaN,0.00087215
201.78,6.1005e-05,292.23,NaN,0.00050441
330.5,0.00033905,304.28,NaN,0.00042696
159.76,0.00089042,426.66,NaN,0.00028311
105.46,-8.1711e-05,388.43,NaN,0.00040142
422.14,0.000378,402.29,NaN,0.00088718
288.94,0.00024137,-13.375,NaN,0.00023573
279.2,0.00011971,318.04,NaN,0.00032325
414.57,0.00013171,422.2,NaN,0.00027283
368.71,0.00044515,333.89,NaN,0.00029567
333.41,0.00086783,411.43,NaN,0.00037113
460.68,0.00015735,583.88,NaN,0.00060053
415.21,0.00046382,460.2,NaN,0.00044941
317.55,0.00021005,124.28,NaN,0.00020537
185.98,0.0007891,166.11,NaN,0.00089061
191.91,0.00045682,266.91,NaN,0.00016628
453.86,0.00029528,193.69,NaN,0.00031395
57.077,0.00046292,274.28,NaN,0.00042337
282.99,0.00031223,460.36,NaN,-8.8553e-05
11.125,0.00055973,212.01,NaN,9.3829e-05
433.08,0.0002553,247.76,NaN,2.8195e-06
411.48,3.3609e-05,256.96,NaN,-0.00039709
290.36,0.0003408,385.67,NaN,0.00096373
281.02,0.00063606,437.88,NaN,0.00013869
-60.561,-2.7566e-06,270.64,NaN,0.00057914
375.12,0.00021052,247.7,NaN,0.00033727
-17.324,0.0004913,425.69,NaN,4.1999e-05
-34.629,-0.00018428,396.57,NaN,0.00030848
306,0.00039645,363.75,NaN,0.00043146
160.4,0.0004244,757.59,NaN,-1.1815e-05
353.07,0.00030156,299.13,NaN,0.0006574
390.22,7.9164e-05,342.51,NaN,0.00066113
415.04,0.00025971,281.51,NaN,0.00029863
193.82,0.0002942,379.05,NaN,0.00051607
353.67,0.00050087,215.47,NaN,9.8225e-06
302.46,0.0004521,430.87,NaN,0.00053773
403.78,0.00023175,545.73,NaN,0.00035314
361.57,0.00069281,297.53,NaN,0.00086018
412.04,0.00031639,274.95,NaN,0.00013654
265.54,0.00014593,204.28,NaN,0.00098912
263.16,0.00023359,216.81,NaN,0.00042304
426.95,0.00053072,42.57,NaN,0.00054393
-16.748,0.00037635,276.59,NaN,0.00082773
213.21,0.0005318,159.75,NaN,0.00072423
105.22,0.0003386,463.19,NaN,0.00015305
231.76,0.0008878,307.97,NaN,0.00013506
378.73,-7.116e-05,294.44,NaN,0.00012725
404.7,0.00020855,485.7,NaN,0.00068632
144.66,0.00027744,36.84,NaN,0.00033189
222.68,0.00031025,336.07,NaN,0.00023499
309.77,0.00061723,140.34,NaN,0.00037721
249.82,0.00032729,199.93,NaN,0.00064147
334.83,0.00024456,328.56,NaN,0.000293
349.57,0.00028082,419.13,NaN,0.00041934
161.86,0.00043184,175.05,NaN,-0.00033675
269.38,9.6226e-05,372.74,NaN,0.0001272
-7.2309,0.00035395,501.6,NaN,8.5187e-06
457.72,-0.00011045,174.08,NaN,0.00012807
206.09,0.00023096,154.6,NaN,9.3593e-05
124.14,3.6068e-05,293.06,NaN,0.00019444
257.97,0.00010794,382.71,NaN,0.00018167
89.868,0.00033336,292.52,NaN,0.00052311
287.67,2.3276e-05,174.85,NaN,0.00076126
209.4,6.7594e-05,305.1,NaN,-7.0302e-05
596.1,-4.1273e-05,316.59,NaN,0.00088299
447.52,-0.00019468,223.01,NaN,0.0007615
-68.773,0.00028936,126.32,NaN,0.0004315
347.22,0.00059555,346.23,NaN,0.00086156
86.225,0.0002889,286.74,NaN,0.00048276
248.33,0.00027653,232.93,NaN,0.00012119
308.01,8.8163e-05,195.14,NaN,0.00073184
391.08,0.00068835,214.06,NaN,0.0010431
246.88,0.00026349,162.6,NaN,0.00017954
509.76,0.0006118,138.79,NaN,0.0001075
218.96,0.00039101,466.34,NaN,0.00070946
334.55,0.00023985,253.79,NaN,0.00036806
383.39,0.00054045,44.04,NaN,-2.4298e-05
302.07,0.00051121,220.7,NaN,0.0007098
415.7,0.00025425,440.96,NaN,0.00030549
337.42,0.00057139,215.24,NaN,0.00011538
181.21,0.00067717,544.13,NaN,0.0001694
37.227,0.00024795,182.62,NaN,0.00018645
557.46,0.00019897,187.18,NaN,0.00058929
208.99,0.00034557,148.21,NaN,-1.4154e-05
309.94,0.00032959,460.11,NaN,0.00044478
375.48,0.00043191,213.34,NaN,0.00059471
311.72,0.0001882,354.65,NaN,6.2915e-05
166.91,0.00041377,61.545,NaN,0.00040733
228.04,0.00049577,213.11,NaN,-0.00015311
274.81,0.00030853,385.83,NaN,0.00053336
500.1,0.00031799,108.9,NaN,3.2973e-05
166.44,9.9057e-06,295.47,NaN,0.00060187
398.11,4.1407e-05,364.46,NaN,0.00051145
329.6,-1.6498e-05,537.74,NaN,0.00028069
252,3.9133e-05,375.88,NaN,-1.698e-05
134.93,0.00029215,418.81,NaN,0.00078929
244.42,-4.2085e-05,234.38,NaN,0.00045368
272.53,0.00084258,202.69,NaN,0.00088742
76.775,0.00049457,292.98,NaN,0.00040828
312.75,-0.00015283,158.8,NaN,-0.00010602
169.48,5.1996e-05,444.94,NaN,0.00087802
273.41,0.00028638,396.59,NaN,0.00030519
335.29,-8.8886e-05,423.9,NaN,0.00064354
160.33,0.00019105,467.12,NaN,0.00016424
248.7,0.00053926,274.17,NaN,0.0005355
340.1,0.00024468,208.58,NaN,0.00059083
31.062,0.00026054,365.71,NaN,0.00063378
439.05,4.0157e-05,455.31,NaN,0.00047954
636.74,0.00013655,414.56,NaN,0.0003181
429.83,-5.1411e-05,427.71,NaN,0.00036427
249.8,0.00033714,507.89,NaN,0.000403
356,0.00014553,336.99,NaN,0.00010059
148.82,0.00042597,466.22,NaN,0.00046465
562.1,0.00052897,294.1,NaN,2.3872e-06
429.08,0.00049329,407.5,NaN,-0.00023629
406.83,0.00024151,96.232,NaN,0.00035916
170.21,0.00013934,512.81,NaN,0.00037487
338.13,-1.4759e-05,41.167,NaN,0.00039527
211.8,0.00030622,319.99,NaN,0.00085444
245.04,0.00051226,240.03,NaN,0.00071671
206.85,0.00022584,123.33,NaN,0.00091162
141.05,0.00027388,333.95,NaN,0.00045458
156.77,0.00046218,332.57,NaN,0.00065994
255.32,0.00052341,484.93,NaN,0.00023744
44.021,1.8858e-06,304.15,NaN,0.00034237
371.08,0.00037219,366.67,NaN,-9.127e-05
268.52,0.00036877,319.55,NaN,0.00042436
384.83,0.0002851,493.56,NaN,0.00066388
324.62,0.00051887,446.48,NaN,9.0217e-05
357.15,0.00022495,288.47,NaN,0.00032178
77.604,0.00011262,305.38,NaN,0.00017071
144.09,0.00035867,540.77,NaN,0.00013815
226.26,0.00039398,255.6,NaN,0.00061783
306.06,0.00023205,411.99,NaN,0.00037132
451.38,0.00045841,166.8,NaN,0.00055548
251.08,-7.8365e-05,184.12,NaN,0.0004503
471.86,1.7535e-05,415.17,NaN,0.00059694
361.21,-0.00044607,385.57,NaN,-0.00032105
461.03,0.00037316,444.41,NaN,2.4976e-05
313.26,2.1695e-05,205.45,NaN,0.000262
202.66,0.0001877,439.93,NaN,0.00040625
85.981,0.00047586,320.27,NaN,0.00063291
317.93,0.00025681,289.06,NaN,0.0001236
411.44,0.00014723,534.65,NaN,0.00013744
253.1,5.9036e-05,498.11,NaN,0.00023547
216.02,0.00021147,-26.387,NaN,0.0005314
246.81,0.00042016,340.98,NaN,0.00038238
133.14,-5.1143e-05,168.02,NaN,0.00069181
217.11,0.00029366,244.45,NaN,0.00016602
260.28,0.00049777,195.92,NaN,0.00051482
291.74,-2.042e-06,515.31,NaN,0.00051498
275.93,0.00047961,460.72,NaN,-6.1997e-05
371.73,0.00048198,363.63,NaN,0.00049075
300.8,0.00012085,384.86,NaN,0.00090013
542.84,-2.5042e-05,350.47,NaN,5.7925e-05
330.41,0.00041525,382.98,NaN,0.00021267
542.65,0.00049594,322.32,NaN,9.7627e-05
185.09,0.00043703,262.2,NaN,0.00070214
363.14,0.00047226,360.33,NaN,0.00021241
252.53,1.8888e-05,245.41,NaN,0.0005767
375.44,0.00041703,234.37,NaN,-0.00011584
375.4,0.00014386,252.88,NaN,-0.00017428
-17.892,0.00014227,279.43,NaN,0.00062315
104.7,-9.1603e-05,293.88,NaN,0.0005007
89.367,0.00051209,652.31,NaN,0.00040427
351.39,0.00029474,121,NaN,0.00059395
503.55,0.00048019,143.17,NaN,0.00033148
249.36,0.00059294,330.46,NaN,0.00034755
411.19,-1.675e-05,288.77,NaN,5.5254e-05
373.4,0.00039146,192.51,NaN,0.0003074
146.69,0.00024287,342.02,NaN,-7.0116e-06
351.52,0.00045947,401.78,NaN,5.7718e-05
187.71,0.00050965,130.73,NaN,0.00018296
507.9,0.0004531,235.04,NaN,0.00037042
286.82,8.7924e-05,108.84,NaN,0.0008015
521.89,0.00025734,301.7,NaN,0.00046538
228.34,0.00035726,311.71,NaN,0.00048641
370.79,0.0010321,383.83,NaN,0.00053915
277.26,0.00059755,132.12,NaN,0.00073834
-1.1957,0.00085439,327.5,NaN,0.00056779
145.86,0.00042008,264.68,NaN,0.00042403
371.89,0.0003739,482.18,NaN,0.00028267
277.48,0.00046424,328.61,NaN,0.00057452
127.06,0.00019908,209.43,NaN,-8.0626e-05
197.46,0.00059994,253.71,NaN,0.00040542
322.26,0.00027383,210.8,NaN,0.00065632
146.86,-1.1175e-05,491.44,NaN,0.00031452
426.71,0.00049701,215.97,NaN,0.00053581
198.57,-6.9566e-05,61.61,NaN,0.00041172
546.75,-0.00013959,261.68,NaN,0.00052102
138.08,0.00034326,453.11,NaN,0.00020524
320.26,5.2909e-05,385.91,NaN,0.00081548
77.218,5.6289e-05,316.01,NaN,0.00044443
191.09,0.00022241,546.57,NaN,0.00036442
210.39,0.00014191,211.13,NaN,-2.2452e-05
352.15,0.00019804,331.86,NaN,0.00025606
429.4,0.00030781,172.2,NaN,-0.00010606
338.72,-2.4533e-05,184.39,NaN,0.00022182
243.16,-3.679e-05,247.16,NaN,-4.5945e-05
411.18,-0.00023445,387.24,NaN,0.00029048
407.97,0.00016327,585.68,NaN,0.00035918
310.16,0.00041597,406.23,NaN,0.00019093
372.3,0.00011523,139.45,NaN,0.00081114
348.09,0.00040433,260.39,NaN,0.00075201
148.1,0.00042517,209.35,NaN,0.00077969
394.46,0.00053847,245.15,NaN,0.00055722
192.69,0.00054562,452.99,NaN,0.00062054
199.69,0.00016523,338.67,NaN,0.00021613
310.18,0.00012847,425.48,NaN,0.00044353
241.54,0.00033572,370.53,NaN,8.5075e-05
266.66,0.00017028,172.88,NaN,0.00047157
370.11,0.00065305,417.49,NaN,0.00072531
434.62,0.00063211,94.751,NaN,7.9914e-05
258.82,0.00033187,400.1,NaN,0.00032759
334.17,0.00020539,372.57,NaN,-3.9525e-05
254.88,0.0004131,444.49,NaN,0.00054258
322.22,0.00013766,88.392,NaN,0.00071121
352.89,0.00025328,261.55,NaN,0.00067847
203.87,0.00015435,293.76,NaN,5.2046e-05
331.07,0.00029465,306.23,NaN,0.00013539
378.11,0.00052382,416.97,NaN,0.00030178
306.77,0.00042988,392.87,NaN,0.0002114
539.71,0.00051662,386.76,NaN,0.00016701
208.92,3.9616e-05,320.4,NaN,-0.00040889
191.29,0.00028691,533.18,NaN,0.00048853
48.057,1.7853e-05,249.98,NaN,0.00023716
425.19,0.00033193,310.35,NaN,0.00050219
418.59,0.00032127,213.85,NaN,0.00038344
283.49,0.00054946,286.01,NaN,-0.00053518
420.37,0.00051666,395.71,NaN,0.00024434
316.96,0.00042912,116.9,NaN,0.00057312
330.19,0.00017802,315.91,NaN,0.00066531
303.36,0.00019737,183.11,NaN,0.00029233
348.69,-0.00015577,397.92,NaN,0.00054178
300.02,0.0002179,7.0047,NaN,0.00046848
680.38,-3.184e-05,8.0074,NaN,0.00066773
119.72,0.00053815,515.16,NaN,0.00096605
22.339,0.0005308,263.94,NaN,0.00014437
123.77,0.00035338,6.4695,NaN,0.001001
130.88,0.00023147,46.849,NaN,0.00045868
224.96,0.00034655,274.01,NaN,0.00016376
263.26,0.00067612,330.59,NaN,0.00015328
257.02,0.00061056,335.73,NaN,0.0004096
365.71,0.00019074,440.05,NaN,0.00040607
345.14,0.00032472,337.03,NaN,0.00047455
397.35,2.2444e-05,280.33,NaN,0.00058508
543.81,0.00036521,440.07,NaN,0.0004445
465.94,0.00043689,584.19,NaN,4.1511e-05
111.46,0.00046799,297.08,NaN,0.00012966
-36.003,-9.5041e-05,260,NaN,0.00010345
422.79,0.00036703,441.98,NaN,0.00014532
35.333,4.8785e-05,223.61,NaN,0.00040991
305.49,0.00015774,85.789,NaN,0.00040214
301.23,0.00042386,281.02,NaN,0.00023867
611.77,0.00031259,330.69,NaN,1.9928e-05
285.7,0.00020996,316.08,NaN,0.00021617
222.76,0.00039218,136.16,NaN,0.00048637
326.51,0.00063884,208.4,NaN,0.00029259
326.13,0.00013358,194.9,NaN,0.00075653
299.47,-2.0214e-05,424.76,NaN,0.00012802
201.74,3.4639e-05,269.37,NaN,0.00046021
113.38,9.5089e-05,378.62,NaN,0.00071787
330.66,0.00016527,370.48,NaN,0.0001532
94.896,0.00045583,257.88,NaN,0.00038803
138.8,-0.00015382,4.3424,NaN,5.8795e-05
473.96,0.00037792,336.55,NaN,0.00013863
226.1,0.00014309,385.12,NaN,-1.1328e-05
265.97,0.00057069,179.11,NaN,0.00013091
413.96,0.0001178,283.88,NaN,0.00049714
244.53,0.00031024,224.38,NaN,0.00031674
433.83,8.6811e-05,528.87,NaN,0.00054342
239.91,0.00013829,284.39,NaN,0.00066127
433.39,0.00022755,318.59,NaN,0.00046219
379.93,0.00022799,142.14,NaN,0.00057159
261.39,0.00015371,187.29,NaN,0.00055779
169.72,0.00052689,100.13,NaN,0.0010075
145.42,0.00038834,396.45,NaN,0.00054348
255.81,0.00068236,380.04,NaN,-0.00010509
232.74,0.00018808,177.4,NaN,0.00039876
237.59,0.00049201,704.61,NaN,0.00049936
435.45,-0.00023737,426.16,NaN,0.00057404
254.01,0.00038947,353.62,NaN,0.0005367
458.2,0.00032916,567.49,NaN,0.00016431
220.19,0.00016137,-52.497,NaN,0.00031667
432.61,0.00041217,281.74,NaN,0.00041408
218.99,0.00046558,289.43,NaN,0.0003916
316.14,0.00051498,319.34,NaN,0.00092607
426.9,0.00038778,142.05,NaN,-9.3875e-05
229.03,0.00044151,362.62,NaN,0.00062338
224.5,0.00015766,-27.635,NaN,0.00072859
569.87,6.7528e-05,300.95,NaN,0.00022955
420.18,0.00026144,347.44,NaN,0.00054462
223.91,0.00036731,279.23,NaN,0.00037986
377.2,0.00054227,336.7,NaN,0.00010984
234.39,0.0001407,177.11,NaN,0.00043092
385.92,0.00020628,363.6,NaN,0.0008739
487.17,0.00099603,233.24,NaN,0.0002778
59.608,0.00016563,51.87,NaN,0.00056429
433.7,0.00074288,243.78,NaN,5.758e-05
495.4,0.00051614,200.75,NaN,0.0001062
296.33,0.00016079,144.31,NaN,7.0121e-06
538.06,0.00025764,361.95,NaN,-5.7145e-05
313.39,0.00022642,296.99,NaN,7.5448e-05
116.81,0.00037845,256,NaN,8.0246e-05
-17.949,0.00057734,215.31,NaN,0.00020362
246.57,-0.00011723,531.31,NaN,-0.00014619
395.8,0.0007174,460.76,NaN,0.00017152
340.37,0.00042679,268.49,NaN,8.905e-05
354.57,0.00011884,308.11,NaN,7.9185e-05
214.39,0.00021411,510.44,NaN,0.0002131
316.53,0.00031231,550.13,NaN,0.00063865
63.327,0.00031464,451.79,NaN,0.00030675
187.04,0.00052768,248.54,NaN,0.00043517
177.14,0.000513,210.54,NaN,0.00078084
365.11,0.00019329,397.82,NaN,0.00053956
287.66,0.0002587,167.18,NaN,0.00039725
124.31,0.0004687,136.28,NaN,0.00068506
285.53,0.00033796,236.43,NaN,0.001024
188.16,0.00057855,421.29,NaN,0.00024943
190.87,0.00016501,307.85,NaN,0.00064494
407.67,0.00043266,319.75,NaN,0.00017288
301.28,0.00039026,444.46,NaN,4.8463e-05
341.88,0.00064163,318.54,NaN,0.0002092
411.08,1.0631e-05,124.32,NaN,0.00037771
311.83,0.00031522,405.48,NaN,-0.0001664
365.05,0.00032175,354.34,NaN,-6.9725e-05
384.62,-0.00023453,275.16,NaN,0.00036177
454.72,0.0005815,230.13,NaN,0.00054003
357.24,0.00093187,212.51,NaN,0.0005831
490.83,0.00022795,287.11,NaN,0.00047601
294.62,0.0003412,177.89,NaN,0.00029257
285.42,0.00016319,219.53,NaN,0.00048819
534.18,0.00035253,82.222,NaN,0.0010416
221.5,0.00017184,220.18,NaN,0.0008876
294.14,0.00023038,196.23,NaN,0.00029996
425.68,0.0006202,377.03,NaN,0.00071463
317.09,5.0887e-05,501.93,NaN,0.00012921
495.37,0.00011099,442.83,NaN,0.00040374
442.77,0.00022592,444.4,NaN,0.00034515
337.05,0.00021585,391.44,NaN,0.00052539
184.62,0.00058191,372.23,NaN,-3.2324e-05
373.36,0.00073029,399.19,NaN,0.00050826
94.897,5.4888e-05,187.39,NaN,0.00039695
323.6,0.00014702,406.9,NaN,0.0004611
401.93,0.0004262,117.38,NaN,8.9608e-05
316.51,0.00022769,373.87,NaN,0.0002811
410.32,0.00077793,167.54,NaN,-4.01e-05
574.29,0.00069911,147.61,NaN,0.00019498
416.15,0.00045269,220.78,NaN,0.00012838
323.13,0.00045267,100.58,NaN,0.00030405
376.52,0.00024345,287.7,NaN,0.00044927
346.28,0.00049286,443.22,NaN,0.00063871
100.12,0.00057177,251.06,NaN,8.5944e-05
228.18,0.00033983,357.35,NaN,0.00046763
461.69,0.00074293,310.92,NaN,0.00068547
282.83,0.00044712,460.61,NaN,0.0006406
372.56,0.00026061,267.45,NaN,-9.8012e-05
148.18,0.00036441,332.28,NaN,0.00055773
300.88,0.00052468,641.3,NaN,0.00029294
377.67,0.00017585,454.89,NaN,0.00072794
100.39,0.00024179,160.99,NaN,0.00059168
343.47,0.00080057,452.77,NaN,0.00022032
269.16,0.00014242,163.89,NaN,0.00039055
162.4,0.000464,296.91,NaN,0.00045416
290.74,0.00043164,336.97,NaN,-0.00039769
27.389,0.0006074,419.42,NaN,0.00012813
-5.6189,0.00036461,239.68,NaN,0.00019183
128.7,-0.00031827,371.67,NaN,-1.785e-05
154.3,5.7144e-05,545.4,NaN,-0.00032143
126.8,0.00038113,22.999,NaN,0.00056914
46.662,0.00033578,138.6,NaN,0.00017035
330.38,0.00073988,458.73,NaN,0.0006963
61.976,0.00062413,246.22,NaN,0.00010309
302.41,0.0004251,281.26,NaN,0.00066055
397.49,0.00033729,416.71,NaN,0.00059824
285.06,-3.2529e-05,600.26,NaN,0.00056279
298.37,0.00075184,100.57,NaN,0.00010891
231.6,0.00035471,156.3,NaN,0.00035368
75.244,-3.2659e-05,274.35,NaN,0.00026802
279.62,0.00041816,285.79,NaN,0.00012414
422.59,0.00033785,301.4,NaN,0.00026541
533.44,0.00017823,242.62,NaN,-7.6679e-05
226.78,0.00041606,460.48,NaN,0.00033342
57.927,0.00013385,159.64,NaN,0.00031351
313.13,-2.0116e-05,318.35,NaN,0.00012383
343.81,-0.00012013,430.61,NaN,0.00053447
259.17,0.00019242,344.41,NaN,4.5299e-05
129.32,0.00012594,203.95,NaN,0.00026614
580.03,0.00036489,310.03,NaN,0.00047942
-40.652,-8.637e-05,248.79,NaN,0.00038352
222.36,0.0002052,209.6,NaN,-0.00036821
108.03,-9.7091e-05,487.04,NaN,8.9559e-05
205.77,0.00065979,267.85,NaN,0.00018963
341.28,0.00021609,214.23,NaN,0.00014551
315.7,0.00052485,188.92,NaN,-8.192e-05
194.88,0.00036023,312.72,NaN,0.00029581
404.96,0.00046065,82.749,NaN,0.00026718
381.47,-1.9451e-06,59.874,NaN,0.00069346
383.23,0.00056391,318.68,NaN,0.00037601
229.36,0.00062147,106.84,NaN,0.00056134
436.83,-0.00017639,231.4,NaN,0.00033752
380.59,0.00026953,396.68,NaN,-0.00013379
641.67,0.00016796,416.55,NaN,-2.3869e-05
436.19,0.00035824,504.16,NaN,0.0001881
449.19,0.00012929,142.01,NaN,0.00028126
292.71,0.00038809,406.48,NaN,0.00056919
102.75,0.00045928,331.39,NaN,0.00016436
233.14,0.00037539,463.12,NaN,0.00021924
178.86,0.00028779,317.37,NaN,0.00046632
207.03,1.3449e-05,402.38,NaN,0.0002258
366.55,0.00031556,449.19,NaN,2.7021e-05
209.89,0.00017515,230.38,NaN,0.00020987
162.96,-6.6499e-06,224.43,NaN,0.000164
232.66,0.00026774,102.27,NaN,0.00054774
268.68,0.00022674,278.99,NaN,0.00040659
350.3,0.00031339,342.53,NaN,0.00049216
157.98,0.00049159,187.64,NaN,0.00019844
338.81,0.00039078,303.94,NaN,0.00092704
305.66,0.00055295,244,NaN,0.00034762
483.07,8.1405e-05,234.05,NaN,4.8136e-05
265.66,4.6726e-05,406.22,NaN,-7.1649e-05
277.14,0.00022125,411.79,NaN,0.00033169
130.1,0.00056064,458.78,NaN,0.00018786
99.323,0.0005453,141.88,NaN,-7.8269e-05
338.91,0.00022278,275.5,NaN,0.00018023
257.59,0.00012778,385.69,NaN,-0.00013399
362.2,-6.8582e-05,107.4,NaN,0.00054479
162.21,0.00044957,561.67,NaN,0.00092369
557.71,0.00031351,320.08,NaN,0.00059624
303.5,4.5941e-05,208.83,NaN,0.00030258
433.96,0.00024469,431.76,NaN,0.00078945
253.04,-9.562e-05,338.53,NaN,0.00048777
262.14,0.00042292,300.55,NaN,-0.0002283
383.16,0.00028305,188.84,NaN,0.00036205
364.41,0.00069472,35.354,NaN,0.00042271
127.22,5.1038e-06,149.39,NaN,0.00055629
69.316,0.00053496,195.01,NaN,0.00034315
131.68,0.00033945,351.33,NaN,0.00071773
87.455,0.00031872,375.14,NaN,-4.7283e-06
297.55,0.00045695,177.72,NaN,0.0010672
231.76,0.00055909,407.31,NaN,0.0007422
238.77,3.312e-05,385.41,NaN,0.00027781
98.841,0.0005753,273.9,NaN,0.00042281
403.13,-1.0706e-05,157.73,NaN,8.4268e-05
355.74,1.4731e-05,419.75,NaN,6.0531e-05
281.52,0.0001016,275.75,NaN,0.00034133
439.74,0.0004199,151.27,NaN,0.00059472
171.71,1.3035e-06,331.27,NaN,0.00057242
354.86,0.00032066,370.17,NaN,0.00091289
345.63,0.00033734,89.032,NaN,0.00021033
345.58,0.00027932,560.44,NaN,0.00024106
192.16,0.00037454,-9.0628,NaN,-0.00047143
341.05,-1.6289e-05,62.913,NaN,0.00022766
220.12,0.00049476,466.46,NaN,0.00037094
164.24,0.00030233,337.3,NaN,0.00035584
119,0.00045661,228.71,NaN,0.00017627
435.2,7.5228e-05,289.6,NaN,8.3312e-06
166.78,0.00032362,390.23,NaN,0.00027195
261.26,0.00052069,162.67,NaN,0.0010268
113.92,0.00055618,416.68,NaN,0.00013889
243.05,0.00030501,383.86,NaN,0.00040583
-172.91,-0.00010197,278.78,NaN,7.3314e-05
131.47,6.9334e-05,312.55,NaN,0.00073315
83.744,0.00036772,196.76,NaN,0.00062102
142.7,0.00049527,165.02,NaN,0.00043672
256.98,0.00041361,232.03,NaN,0.00037028
241.93,0.00016015,433.68,NaN,0.00079757
564.64,0.00080833,254.91,NaN,0.00053136
208.89,0.00030271,225.85,NaN,0.00035632
255.4,0.00047808,151.98,NaN,0.0003881
69.221,0.00017795,131,NaN,0.00078054
224.87,1.1597e-05,295.58,NaN,0.00047515
103.7,0.00041877,440.69,NaN,0.00040341
298.46,0.00049431,468.57,NaN,0.00048232
415.87,0.00066929,374.21,NaN,0.00028568
352.89,0.00012562,251.7,NaN,2.6731e-05
196.73,-0.0001295,243.87,NaN,0.00040963
65.072,0.00061386,347.95,NaN,-0.00015967
503.06,0.00030445,428.82,NaN,0.00010648
586.2,-1.142e-05,433.53,NaN,0.00061062
311.83,0.00012432,-5.5982,NaN,0.00011727
152.75,7.8282e-05,286.4,NaN,0.00040661
461.03,0.00054337,154.13,NaN,0.00028456
205.41,0.00042613,222.55,NaN,0.00044174
221.28,0.00035795,533.66,NaN,0.00049838
412.43,0.00036637,176.48,NaN,0.0002457
89.56,0.00012953,47.238,NaN,-0.0002092
8.0081,0.00055017,310.39,NaN,0.00069397
344.82,0.00040374,267.43,NaN,0.00024574
342.02,0.00026416,226.21,NaN,0.00048597
298.92,0.00027977,409.93,NaN,0.000679
356.24,0.00029544,365.93,NaN,8.9202e-05
439.83,0.00011049,339.56,NaN,0.0007506
424.61,0.00047895,247.67,NaN,0.00059725
207.18,0.00062222,337.28,NaN,0.00041312
403.46,0.00086369,247.25,NaN,0.00026746
314.1,0.00040485,315.8,NaN,0.00070517
218.76,9.3845e-05,372.03,NaN,0.00048007
122.13,0.00032229,339.33,NaN,0.00049685
383.86,3.9162e-05,196.71,NaN,0.001106
242.84,0.00012373,216.78,NaN,0.0004885
300.38,0.00010761,146.31,NaN,0.00065896
182.19,6.2189e-05,435.83,NaN,0.00030195
75.535,0.00033522,291.57,NaN,0.00082466
320.25,-1.111e-05,202.74,NaN,0.00027856
287.41,0.000396,392.16,NaN,1.9468e-05
466.13,0.00042592,223.66,NaN,0.00029934
409.32,0.0004846,358.76,NaN,-0.00018174
444.13,0.00024749,509.62,NaN,0.00067386
187.05,0.00040492,426,NaN,-9.5445e-06
158.67,0.00068929,268.62,NaN,0.00042466
109.74,0.00030078,273.42,NaN,0.0006214
358.71,0.00025968,562.49,NaN,0.00051305
682.27,0.00071708,262.55,NaN,0.00049433
389.1,-0.00025761,328.51,NaN,0.00015034
175.79,0.00021781,331.47,NaN,0.00038711
403.78,0.00088191,416.1,NaN,0.00067059
125.25,0.00021581,315.61,NaN,0.00018667
83.477,0.00019363,337.21,NaN,4.9684e-05
387.49,3.7798e-05,331.31,NaN,0.00019919
176,0.00049686,667.2,NaN,0.00063716
331.76,-0.00017459,410.98,NaN,0.00030809
487.19,0.00011939,163.48,NaN,0.00044173
345.61,0.00042539,116.12,NaN,-0.00012913
421.55,0.0002873,60.825,NaN,0.00013873
62.931,0.00042454,551.22,NaN,0.00015182
385.18,0.00030452,175.26,NaN,-1.7188e-05
595.36,0.00042611,432.67,NaN,0.00067213
369.68,-3.0866e-05,368.51,NaN,0.00062709
75.301,0.0003091,77.322,NaN,-0.00012369
265.74,-0.00010557,581.08,NaN,0.00038831
224.39,0.00042872,373.43,NaN,3.5478e-05
350.15,0.000174,553.67,NaN,0.00025902
354.61,0.00039339,344.66,NaN,0.00031661
353.66,0.00011997,321.52,NaN,0.00079172
244.15,0.00032157,151.19,NaN,0.00041319
209.92,0.0004935,300.11,NaN,0.00012702
209.46,-0.00019004,312.38,NaN,0.00056714
411.97,-0.00014947,75.331,NaN,0.00059836
26.305,-0.00012679,286.22,NaN,0.00040611
258,0.00050091,310.41,NaN,0.0010224
324.69,0.00040748,184.06,NaN,0.00034521
193.11,0.00015923,343.72,NaN,0.0002691
352.92,0.00066751,113.32,NaN,0.00056002
275.06,0.00035602,203.75,NaN,3.3468e-05
152.25,-4.0594e-05,300.1,NaN,0.00028647
308.41,8.7405e-05,199.68,NaN,0.000247
247.92,4.9007e-08,345.59,NaN,0.00078689
228.38,0.00053235,234.97,NaN,0.00059297
186.35,0.0001696,163.23,NaN,0.00055741
296.76,3.1846e-05,419.95,NaN,0.00063802
27.281,0.00016088,373.93,NaN,0.00062293
233.52,9.3896e-05,370.85,NaN,0.00036624
213.83,0.00047489,387.86,NaN,-5.536e-05
162.47,0.00038251,434.68,NaN,-0.00013873
385.12,0.00033643,432.89,NaN,0.00034434
189.33,0.00035665,298.11,NaN,0.00080103
370.86,0.00026585,230.31,NaN,0.00055687
433.3,3.3349e-05,279.19,NaN,0.00061251
273.37,0.00037105,470.92,NaN,0.00082018
335.45,5.5508e-05,126.24,NaN,0.00016616
386.9,-3.0695e-06,216.17,NaN,0.00012247
284.59,-2.4802e-06,443.81,NaN,0.00061913
372.23,0.00044675,415.34,NaN,0.00010422
115.73,0.00047779,224.41,NaN,0.00094351
450.54,-0.00013985,263.71,NaN,0.00058345
151.02,0.00024245,269.13,NaN,0.00016389
30.286,0.00034714,250.43,NaN,0.00025478
484.32,0.00016109,-58.278,NaN,0.000525
277.87,0.00048589,226.1,NaN,0.00059224
349.5,0.00037712,329.53,NaN,0.00073151
233.83,0.00028802,632.6,NaN,0.0005005
140.48,0.00019654,77.798,NaN,0.00011555
-150.41,0.00047898,195.08,NaN,0.00043078
374.28,0.00051647,230.75,NaN,-3.6747e-05
245.22,0.00042612,152.23,NaN,0.00056214
258.41,0.00025912,190.8,NaN,0.00055555
344.57,0.00051985,14.294,NaN,0.00042721
86.675,9.3879e-05,271.86,NaN,0.00011287
185.42,0.00032773,215.26,NaN,0.00073125
452.48,0.00060745,365.52,NaN,0.00064049
375.49,0.00023679,298.77,NaN,0.00014693
109.97,8.0335e-05,442.54,NaN,-3.8688e-05
-19.879,0.00071367,522.04,NaN,0.0006211
212.35,0.00020525,310.51,NaN,0.00050075
324.47,0.00035785,118.6,NaN,0.00033066
428.49,6.7116e-05,329.39,NaN,0.00038695
308.85,0.00031309,493.6,NaN,0.0005076
136.93,0.00035117,282.43,NaN,0.00018174
339.64,0.00024388,351.07,NaN,0.00074676
129.88,0.00031862,159.07,NaN,0.00040345
159.34,0.00052343,509.34,NaN,8.9871e-05
202.07,-6.9581e-05,351.88,NaN,0.00017459
118.77,0.00031117,233.15,NaN,0.00075911
252.75,-0.00017932,53.854,NaN,0.0001611
161.76,0.0002975,191.8,NaN,6.0763e-05
247.29,0.00074594,142.13,NaN,0.00070803
220.96,0.00052918,216.61,NaN,0.00048235
227.57,0.00031871,334.69,NaN,0.0010289
213.85,0.00024626,402.64,NaN,0.00032799
460.03,0.00044541,307.12,NaN,0.00058698
371.87,0.00056532,297.09,NaN,0.00039766
294.02,0.00032372,338.61,NaN,0.00052341
78.101,0.00068717,661.91,NaN,-5.814e-05
56.154,0.00012484,333.68,NaN,0.00046088
8.8307,-0.00015221,307.21,NaN,0.00060004
657.57,0.00012764,511.7,NaN,0.00037212
427.03,0.00024627,301.76,NaN,0.00026201
326.57,0.00019921,194.67,NaN,0.00036298
152.89,8.3925e-05,422.95,NaN,-0.00024865
129.33,0.00057904,241.04,NaN,0.00069445
370.31,-0.00010434,321.22,NaN,0.00043043
515.39,0.00014792,417.57,NaN,0.00048279
54.213,3.3161e-05,408.67,NaN,0.00050599
231.31,0.00014188,67.736,NaN,0.0003949
283.7,9.371e-05,-39.138,NaN,0.00071269
13.683,0.00035349,196.57,NaN,-1.4889e-05
415.5,4.0024e-06,530.22,NaN,0.00028198
237.27,5.5765e-05,329.27,NaN,0.00061419
566.62,0.00027065,273.93,NaN,0.00030491
239.27,0.00050161,272.51,NaN,0.00049939
351.15,-0.000162,440.15,NaN,-0.00013325
129.44,0.00068859,338.13,NaN,0.00044388
201.13,8.6677e-05,357.03,NaN,0.00066911
122.53,0.00044828,-8.1108,NaN,-0.00026502
342.43,0.00055197,262,NaN,0.00032139
470.35,0.00062283,288.39,NaN,4.1129e-05
201.11,0.0002049,163.29,NaN,0.0001101
347.05,0.00032985,281.81,NaN,0.00057414
213.83,0.00028572,199.87,NaN,0.00071447
300.1,0.0001815,408.78,NaN,0.0003404
455.66,0.0003791,205.07,NaN,0.00024741
303.71,0.00039417,471.42,NaN,0.00090383
140.42,0.00022495,281.26,NaN,0.00035729
166.79,0.0003291,415.09,NaN,0.0004817
265.19,0.00090458,612.93,NaN,0.00026442
263.09,0.00028205,299.63,NaN,0.00049921
168.38,0.00044041,502.81,NaN,-2.2592e-06
317.57,0.00016537,139.9,NaN,0.00034521
472.34,0.0001446,551.05,NaN,7.9079e-05
258,0.00018069,122.28,NaN,0.00027006
265.38,0.00038436,285.02,NaN,0.00051507
-17.004,6.6182e-05,248.7,NaN,0.00087148
185.91,-0.00017897,132.79,NaN,0.00017838
98.598,0.00025574,110.69,NaN,0.00045635
241.48,0.00014273,387.73,NaN,0.00017288
370.53,0.00030849,99.079,NaN,0.0003306
511.42,0.00026723,105.4,NaN,0.0011036
549.6,0.00042065,454.49,NaN,0.00036822
276.58,0.00047001,293.3,NaN,0.00015858
246.12,-2.9187e-05,345.21,NaN,0.00062939
405.81,-6.3007e-05,162.08,NaN,0.00062205
357.95,0.00041306,260.47,NaN,-6.2346e-05
395.56,0.00037908,330.45,NaN,0.00020297
396.39,0.00010165,309.67,NaN,0.00026816
75.56,0.00060616,538.68,NaN,0.0003301
361.78,0.0003319,196.63,NaN,0.00043497
272.24,0.00035231,263.85,NaN,0.00024465
177.65,0.00038499,403.24,NaN,0.00052601
187.46,0.00049212,420.02,NaN,0.00053285
467.97,0.00066456,6.5127,NaN,0.00015272
172.19,0.00024914,231.34,NaN,0.00049347
112.48,-9.4568e-05,191.83,NaN,5.7575e-05
319.23,0.00052741,286.42,NaN,0.00060372
574.88,7.432e-05,362.71,NaN,0.00029759
294.27,0.00056628,353.57,NaN,0.00055639
335.16,0.0001399,453.01,NaN,6.0095e-05
159.21,0.00061173,355.57,NaN,0.00055981
530.36,7.9271e-05,337.61,NaN,0.00025109
311.51,3.5529e-06,427.69,NaN,0.00030249
369.73,0.0004731,355.22,NaN,0.00023915
160.32,-6.3856e-05,107.51,NaN,0.00050236
416.95,0.00040126,311.34,NaN,0.00082064
351.37,0.00034346,61.644,NaN,0.00055926
132.28,0.00021041,453.46,NaN,0.00031226
301.35,0.00016783,-3.0511,NaN,9.4134e-05
231.01,0.00072372,216.88,NaN,0.00033828
308.5,0.00017843,306.27,NaN,4.5471e-05
255.36,0.00023588,285.37,NaN,0.00032416
261.98,7.9049e-05,555.6,NaN,0.00063654
140.84,0.00012054,295.02,NaN,0.00035863
240.44,0.00018142,199.17,NaN,0.00073417
394.26,0.0007131,368.65,NaN,0.00025861
532.58,0.00023429,114.13,NaN,0.00052931
120.65,0.00016602,362.33,NaN,0.00049922
622.35,0.00022035,320.75,NaN,4.0047e-06
501.94,0.00048471,229.82,NaN,0.00025172
309.88,1.5545e-05,197.74,NaN,0.00068315
243.84,0.00045668,117.75,NaN,6.5946e-05
188.21,1.6365e-06,20.97,NaN,0.00033972
406.16,0.0002703,227.91,NaN,9.7021e-05
190.56,-0.00012607,399.07,NaN,8.6435e-05
224.53,0.00040865,188.74,NaN,9.3843e-05
416.16,0.00043812,515.33,NaN,0.00058356
353.55,0.00011527,165.77,NaN,0.00034283
419.72,0.00033996,595.84,NaN,0.00044037
364.98,0.00029868,195.24,NaN,0.00016794
237.37,0.00052196,308.18,NaN,0.00028422
222.1,0.00028053,498.19,NaN,0.00055245
408.5,0.00048531,470.28,NaN,-5.9118e-05
200.91,0.00021711,188.62,NaN,8.8167e-05
464.47,9.4105e-05,400.8,NaN,0.00059455
408.17,0.00023518,138.08,NaN,0.00078819
336.35,0.0002015,53.749,NaN,6.2447e-05
295.19,0.00045494,388.32,NaN,0.00044095
344.94,0.00025081,47.922,NaN,-2.6499e-05
791.26,8.3603e-05,-11.778,NaN,0.00053315
273.58,0.0002541,280.91,NaN,0.00039971
67.312,0.00057413,484.23,NaN,8.7168e-05
558.29,0.00021589,459.24,NaN,0.00053374
372.37,0.00016715,73.952,NaN,0.00075831
193.52,0.0005484,290.55,NaN,0.00035798
656.23,0.00034759,398.82,NaN,0.00014862
363.33,0.0002407,423.1,NaN,8.545e-05
327.16,0.00015246,506.49,NaN,4.7649e-05
175.56,-2.0772e-05,510.49,NaN,0.00051173
135.4,0.00034938,407.6,NaN,0.00048923
36.3,0.00023631,85.051,NaN,0.00016231
227.81,0.00037607,293.29,NaN,0.00059348
139.34,-3.8022e-05,93,NaN,6.5716e-05
381.39,0.00059233,464.18,NaN,0.00078551
245.44,0.00039404,537.21,NaN,-0.00025469
542.14,-8.3562e-05,7.6429,NaN,0.00026636
506.36,0.00051225,410.49,NaN,0.00055188
316.3,0.00012907,244.38,NaN,0.00033306
253.78,0.00032763,226.04,NaN,0.00033661
458.01,0.00030328,168.59,NaN,0.00017078
132.86,4.6689e-05,474.33,NaN,0.0008708
391.47,-0.00041185,350.17,NaN,0.00017411
201.36,0.00036576,279.29,NaN,0.00050258
239.38,0.00016506,355.16,NaN,0.00064983
200.4,0.0001095,439.13,NaN,0.00021112
376.41,0.00034829,171.5,NaN,0.0007284
182.92,0.00010459,180.53,NaN,0.00045493
140.67,0.00042935,388.91,NaN,-8.0664e-05
368.11,0.00032282,514.29,NaN,0.00022545
228.15,7.2583e-05,465.22,NaN,0.00033323
338.19,0.00050194,270.43,NaN,0.00056916
236.11,0.00042636,97.179,NaN,0.00059991
323.64,0.00060954,-46.662,NaN,0.00060141
-78.382,0.00011952,153.77,NaN,-7.957e-06
351.25,0.00011866,445.15,NaN,-3.0752e-05
548.19,0.00039416,207.49,NaN,0.00078645
433.11,0.00047225,325.86,NaN,0.00063365
415.43,0.00050488,316.33,NaN,0.00051089
253,0.0003107,-25.251,NaN,0.00082741
313.51,0.00024818,465.02,NaN,0.00090461
323.46,0.00044435,575.63,NaN,0.00014751
303.54,0.00073738,284.26,NaN,0.00037001
172.96,0.0004835,432.1,NaN,0.00047342
241.56,0.00029417,184.09,NaN,0.00037752
267.5,0.00013746,376.65,NaN,0.00039416
224.9,0.00037853,593.81,NaN,0.00038498
412.47,0.00014748,479.6,NaN,0.00063299
654.47,0.00030805,195.33,NaN,-0.00046802
107.71,0.00042721,150.75,NaN,0.00030891
314.08,0.00045707,303.32,NaN,0.00023458
91.721,0.00037792,262.53,NaN,0.00016975
480.82,0.00055942,287.18,NaN,0.00034499
495.6,0.00067089,475.74,NaN,0.00045998
59.19,-0.00018371,326.13,NaN,0.00023296
568.51,-0.0001433,528.65,NaN,0.00033584
136.99,6.8707e-05,284.58,NaN,-0.00012069
320.9,-0.00016275,269.76,NaN,5.1163e-05
442.91,0.0002265,399.4,NaN,0.00027864
307.02,0.00023906,346.44,NaN,0.00034631
610.98,0.00037894,255.66,NaN,9.6988e-05
675.44,0.00038972,60.054,NaN,6.7776e-05
304.79,0.00016684,126.88,NaN,0.00057984
14.972,0.00013633,372.63,NaN,0.00044174
233.88,0.00050245,362.52,NaN,0.00079311
165.82,0.00022927,77.941,NaN,0.00055148
178.2,-2.3401e-06,303.5,NaN,5.7265e-05
127.46,0.00030876,362.23,NaN,-0.0002505
299.27,0.0003465,121.55,NaN,0.00041398
587.77,0.00019815,147.56,NaN,0.00030041
188.59,0.00043743,459.16,NaN,0.00051445
251.18,0.00033055,42.352,NaN,0.00060897
457.17,0.00022383,354.97,NaN,0.0002834
464.57,0.00025672,431.12,NaN,0.0003757
362.29,0.0003662,39.541,NaN,0.00012022
439.69,0.00015457,275.69,NaN,0.00066236
418.42,8.8926e-06,128.36,NaN,0.00032818
241.5,0.00021104,308.28,NaN,0.00015617
356.88,0.00027348,236.16,NaN,0.00017402
253.83,0.00035971,62.21,NaN,0.00082221
168.49,0.00023705,383.54,NaN,0.00044967
385.53,0.0001424,379.93,NaN,0.00042889
304.28,0.00038958,206.99,NaN,0.00041187
266.59,0.00023753,367.82,NaN,0.00045886
332.69,0.00046135,100.75,NaN,0.00047975
429.63,0.00026841,114.54,NaN,0.00036278
343.79,0.00029927,124.54,NaN,0.00086402
314.16,0.0002917,270.98,NaN,0.00032228
325.28,0.0001094,211.22,NaN,0.00015986
292.45,0.00011157,555.9,NaN,0.0002871
175.45,0.00010319,275.05,NaN,0.00074184
397.03,0.0007311,364.98,NaN,0.00062471
485.62,0.00027243,367.11,NaN,0.00073203
210.7,0.00052956,338.98,NaN,0.00033079
560.43,0.00038813,314.18,NaN,0.00042776
262.95,0.00072815,464.11,NaN,-0.0001411
254.28,0.0005073,123.77,NaN,0.0006378
162.51,6.0209e-06,521.38,NaN,0.00032838
178.36,0.00020555,387.84,NaN,0.00036646
156.43,0.0004791,128.55,NaN,0.00063212
342.52,0.00033486,449.56,NaN,0.00025763
519.58,0.00078272,460.64,NaN,0.00045151
368.77,0.00024648,535.82,NaN,0.0001167
415.84,-0.00010356,235.09,NaN,0.00016352
485.65,0.0003499,527.63,NaN,0.00046436
-58.419,3.5507e-05,333.18,NaN,0.00024518
272.46,0.0002543,88.751,NaN,-0.00014335
346.22,0.00049054,186.1,NaN,0.0001503
397.51,0.00031623,427.44,NaN,0.001137
110.17,0.00031857,549.13,NaN,0.00045268
151.65,0.00021064,126.51,NaN,0.00038099
405.03,0.00023132,277.08,NaN,0.00021414
274.98,0.00025132,198.35,NaN,-0.00017582
368.52,-0.0003569,556.36,NaN,0.0003949
152.64,0.00038517,161.75,NaN,-0.00051031
55.777,0.00053331,475.96,NaN,0.00011881
394.23,1.7271e-05,197.7,NaN,-2.1928e-05
454.76,-2.8202e-05,395.52,NaN,0.00033995
516.6,0.00046642,97.463,NaN,0.00071095
67.967,-2.1614e-05,497.66,NaN,0.00055214
95.866,-6.2816e-05,-26.87,NaN,0.00027607
76.853,0.00049999,331.39,NaN,-6.5819e-05
280.51,0.00016379,345.96,NaN,0.00023984
199.78,0.00059436,170.64,NaN,4.7253e-05
474.11,6.2603e-06,150.74,NaN,0.00050062
82.364,0.0001551,374.89,NaN,0.00020258
42.538,0.00034457,142.62,NaN,0.00076539
319.56,0.00040844,286.35,NaN,0.00031921
460.44,0.00038335,-108.34,NaN,-8.8664e-05
178.34,0.00031401,-2.8217,NaN,0.00035993
113.56,0.00021157,286.55,NaN,0.00053481
272.64,0.00012582,452.12,NaN,0.00018156
62.619,0.00036349,60.794,NaN,0.00049262
297.82,0.00015967,391.43,NaN,0.00040709
413.37,0.00034145,365.89,NaN,0.00041538
327.09,0.00049245,212.75,NaN,0.00021021
25.466,-0.00027256,292.66,NaN,0.00026765
219.55,0.00066054,606.07,NaN,0.00026966
251.99,0.00010715,96.257,NaN,0.00027827
550.33,0.0005649,361.15,NaN,-8.7097e-05
421.12,0.00063155,320.73,NaN,0.00033901
281.57,-4.8421e-05,335.2,NaN,2.0658e-05
473.75,0.00034102,287.18,NaN,0.00041172
138.76,0.0011056,326.63,NaN,5.4767e-05
236.58,0.00026864,250.23,NaN,0.00078589
485.66,0.00043407,45.321,NaN,0.00063706
498.17,0.00040025,202.31,NaN,0.00025117
388.76,0.00061483,318.32,NaN,0.00099378
355,0.00057234,321.98,NaN,0.00072748
202.69,0.00010203,371.2,NaN,0.00064211
391.89,0.00021434,600.88,NaN,-0.00019822
169.55,0.00038816,52.463,NaN,2.5193e-05
369.24,0.00028934,384.1,NaN,0.00017766
328.71,0.00087681,307.89,NaN,0.00027523
451.28,0.00038819,284.27,NaN,-1.516e-05
230.22,0.00038171,192.28,NaN,0.00053832
381.59,8.3284e-05,273.23,NaN,0.00019484
404.64,-3.009e-05,388.5,NaN,0.00028984
165.6,0.00044662,353.26,NaN,0.00017371
315.91,0.00021378,66.142,NaN,0.00029833
520.99,0.0004027,422.86,NaN,0.00070856
311.21,5.8251e-05,330.53,NaN,-0.00021139
252.1,0.00045077,564.17,NaN,3.1905e-05
360.94,-0.00017299,138.49,NaN,0.00016917
257.17,0.00060267,193.77,NaN,0.00046215
358.55,0.00044036,47.349,NaN,1.5492e-05
275.78,0.00027695,295.3,NaN,0.00016458
290.44,-2.2398e-06,433.96,NaN,0.00053065
356.28,0.00018777,222.99,NaN,-2.0214e-06
482.14,0.00035196,215.34,NaN,0.00066568
351.44,0.00058339,245.52,NaN,0.0004802
520.05,7.7488e-05,263.49,NaN,0.00055553
-1.9126,0.00061754,430.56,NaN,0.00039591
221.57,0.00095866,287.4,NaN,0.00011951
318.62,0.00021075,216.66,NaN,-5.1372e-05
166.88,0.00043094,375.1,NaN,0.00044765
104.65,0.00017038,92.09,NaN,0.00060529
373.42,-7.6094e-05,370.65,NaN,0.00060354
373.36,0.0006506,257.12,NaN,0.00036664
328.23,0.00046671,590.24,NaN,0.00085433
344.1,0.00018351,196.01,NaN,0.00042829
165.59,0.00031928,348.92,NaN,0.00025125
219.44,0.00023307,306.59,NaN,0.00038695
275.76,-5.6114e-05,137.64,NaN,0.00017293
194.23,-0.00038821,415.7,NaN,0.00053719
339.64,0.0002562,-22.973,NaN,0.00077785
628.75,0.00015519,17.57,NaN,0.00062315
225.84,0.00012372,108.55,NaN,0.00039059
386.75,5.6964e-05,479.87,NaN,-7.4813e-05
148.96,-0.00017008,434.94,NaN,0.00012657
485.98,0.00012419,118.66,NaN,0.00041963
158.84,0.00027986,270.67,NaN,0.00028143
325.66,3.2623e-07,190.64,NaN,0.00069918
207.86,0.0003506,328.51,NaN,0.00049742
367.31,0.00019013,592.39,NaN,-9.3518e-05
294.72,0.00024037,168.79,NaN,0.00050993
285.07,-5.1391e-05,567.34,NaN,0.00053609
707.65,0.00011405,223.52,NaN,0.00086107
198.7,0.00039528,195.54,NaN,0.00040051
280.12,0.00013001,373.04,NaN,0.00046375
666.24,0.00035568,386.24,NaN,-5.1714e-05
122.78,0.00077671,324.87,NaN,0.00027196
363.57,0.00050685,77.115,NaN,-2.1107e-05
132.63,0.00056172,187.17,NaN,0.00036207
431.59,0.00086323,162.37,NaN,0.00017935
332.28,0.00058823,213.11,NaN,3.0259e-05
378.82,0.00040549,175.44,NaN,0.00039116
247.52,0.00075626,347.28,NaN,0.00014551
322.66,9.4387e-05,431.12,NaN,0.00073886
497.61,0.00013802,253.22,NaN,0.0010035
-32.698,0.00074994,368.27,NaN,0.0004019
59.206,0.00038438,398.19,NaN,0.00043043
350.54,0.0002641,310.51,NaN,-0.00021697
199.67,0.00037279,253.78,NaN,0.00076165
251.35,0.00020115,216.37,NaN,0.00014888
81.929,0.00018942,129.24,NaN,0.0004318
166.63,0.00016262,256.06,NaN,0.00025649
238.27,0.00011994,318.08,NaN,0.00040658
193.15,2.7485e-05,269.5,NaN,0.00028008
173.39,0.0002291,327.02,NaN,0.00034059
236.28,0.000112,302.54,NaN,8.8652e-07
161.93,0.00057791,390.47,NaN,0.00034654
484.98,0.00030662,205.31,NaN,-0.00010928
152.95,0.0004982,276.2,NaN,0.00029861
548.94,0.00024507,325.41,NaN,0.00039825
236.33,0.00027177,236.02,NaN,0.00028332
82.049,0.00059112,327.49,NaN,0.00047071
198.97,0.00064881,35.135,NaN,0.00064211
418.32,0.00032641,350.7,NaN,-5.67e-05
435.04,0.00071126,350.66,NaN,-1.1977e-05
307.88,0.00043354,284.88,NaN,0.00022825
325.98,0.00040831,235.11,NaN,0.00052653
375.2,0.00082461,224.01,NaN,0.00050046
79.008,0.00067082,44.18,NaN,0.00029637
203.92,0.00052221,441.54,NaN,0.00055778
27.636,0.0004006,377.07,NaN,0.00097829
224.29,0.00017794,133.8,NaN,6.8522e-05
423.51,0.00026745,79.496,NaN,0.00012556
391.65,0.00070417,235.25,NaN,-0.00016483
615.19,-0.00018424,387.22,NaN,0.00038721
315.35,0.00012709,409.6,NaN,0.00056805
-13.158,0.00022389,368.22,NaN,0.0002277
532.93,0.00029534,402.15,NaN,0.00063746
475.99,-0.00015321,542.77,NaN,0.00025369
212.36,0.00037242,53.366,NaN,0.0003831
327.17,0.00041422,362.05,NaN,0.00059761
406.57,2.8199e-05,288.28,NaN,0.00047238
350.78,0.00018334,190.03,NaN,0.00039338
394.79,-3.448e-05,397.54,NaN,0.00071175
279.57,0.00061995,294.68,NaN,4.798e-05
289.22,0.00033842,464.68,NaN,0.00018303
305.6,0.00020608,146.5,NaN,0.00041381
179.36,6.4102e-05,171.11,NaN,0.00024333
491.3,0.00031196,350.87,NaN,0.00020043
288.94,0.00068748,162.17,NaN,0.00058162
384.08,0.00037445,303.83,NaN,0.0002439
164.65,0.00039979,228.79,NaN,0.00051081
132.89,4.7702e-05,440.61,NaN,0.00035114
272.27,0.00036252,346.93,NaN,0.00028075
249.42,0.00050171,227.46,NaN,0.00053468
454.88,4.7024e-06,194.87,NaN,0.00048471
371.79,0.00057728,228.38,NaN,-0.00016559
363.02,0.00087971,625.48,NaN,0.00029552
82.219,-4.885e-05,279.93,NaN,7.751e-05
150.71,-0.00017219,259.08,NaN,0.00040898
317.48,0.00027794,260.74,NaN,0.00016315
240.5,0.00046124,504.58,NaN,0.00035451
473.63,0.00026158,45.183,NaN,0.00070783
481.75,0.00023756,449.15,NaN,0.00082775
210.14,0.00026932,190.46,NaN,0.0005624
417.41,1.7665e-05,254.51,NaN,-0.00012898
491.96,-0.00012059,390.02,NaN,0.00073913
340.4,0.00061429,162.11,NaN,0.00062089
525.71,0.00031424,355.79,NaN,0.00038096
446.67,-2.8423e-05,285.39,NaN,0.0009984
326.59,0.00048966,97.938,NaN,0.00017174
420.39,-5.3828e-05,323.25,NaN,0.0008164
323.14,0.00021914,377.73,NaN,-7.174e-06
235.93,0.00042247,385.04,NaN,0.00020204
343.88,7.1141e-05,212.76,NaN,-4.887e-06
296.29,0.00019732,288.77,NaN,0.00050713
237.65,0.00029779,377.42,NaN,0.00046729
538.86,0.00075097,363.26,NaN,0.00019267
317.93,0.00041822,231.28,NaN,-1.0742e-05
672.81,0.00022824,105.41,NaN,-0.00037042
243.28,0.00027188,323.78,NaN,0.00013196
365.17,0.00026005,330.04,NaN,-4.3426e-06
509.67,0.00062304,497.5,NaN,0.00059236
672.49,0.00025576,65.278,NaN,0.00070835
329,0.00013601,235.65,NaN,-0.00017471
174.47,0.00036837,347.92,NaN,-0.00010758
401.09,0.00028579,272.71,NaN,0.00024734
100.91,0.00048284,575.4,NaN,0.00064609
250.14,0.00051373,236.82,NaN,0.00072435
328.47,0.0005357,-45.12,NaN,0.00077721
502,0.00042815,394.14,NaN,0.00023618
495.43,0.00041856,93.346,NaN,0.00015384
288.62,0.00070411,478.75,NaN,3.9057e-05
424.36,-4.4581e-06,350.5,NaN,0.00048403
248.61,0.00017667,245.29,NaN,0.00053843
388.64,-0.00013754,155.95,NaN,-0.00012278
567.11,0.00045793,558.67,NaN,0.00026862
318.27,0.00024893,339.82,NaN,0.00015311
253.63,0.00017416,226.84,NaN,0.00047514
225.19,-0.00015099,197.53,NaN,0.00063098
397.15,0.00028919,269.92,NaN,0.00065096
484.34,0.00019296,472.67,NaN,0.00045455
594.43,-4.6898e-05,563.73,NaN,0.00021011
298.86,1.1704e-05,294.95,NaN,0.00020993
312.51,0.00011581,349.81,NaN,2.7822e-05
198.14,0.00024522,333.55,NaN,0.00071026
515.24,-6.6535e-05,52.942,NaN,0.0001329
275.19,0.00027672,305.66,NaN,-0.00015802
218.29,0.00046391,214.69,NaN,0.00016695
594.84,0.00023794,224.44,NaN,0.00081916
400.05,0.00016371,263.74,NaN,0.00047658
387.05,0.00039137,-124.25,NaN,0.00029695
143.38,0.00057045,181.74,NaN,0.00045524
348.1,0.00021013,393.62,NaN,0.00050122
360.97,0.00020016,304.24,NaN,0.00050867
133.16,-2.8349e-05,214.8,NaN,0.00032451
256.86,7.0031e-05,240.46,NaN,0.0010195
232.36,0.00042649,136.63,NaN,0.00066105
365.49,0.00025486,191.73,NaN,-0.00035602
148.75,0.00045014,208.79,NaN,7.161e-05
446.72,0.00042254,265.86,NaN,0.00032651
546.2,0.00034934,376.37,NaN,0.00047053
250.89,0.00043357,290.88,NaN,0.00024059
293.51,0.00060197,283.34,NaN,0.00030224
367.27,0.0003802,176.96,NaN,0.00021686
466.56,0.00034218,434.55,NaN,-7.0344e-05
370.23,0.00023303,329.5,NaN,0.00091115
352.42,-4.1435e-05,376.24,NaN,0.00024823
227.2,0.00013083,326.63,NaN,0.00097151
262,0.00032686,409.17,NaN,6.0823e-05
380.2,7.8121e-06,507.46,NaN,0.00025481
530.02,0.00038284,230.18,NaN,-2.9518e-05
370.27,0.00036235,366.47,NaN,0.00011595
117.17,0.00032315,384.3,NaN,0.00063235
348.29,0.00037933,285.54,NaN,0.00060306
272.92,0.00032317,556.78,NaN,0.00014692
250.81,0.00031735,146.63,NaN,0.00044572
254.1,0.00032232,216.18,NaN,0.00027934
160.49,0.00053723,296.13,NaN,0.00064082
239.94,0.00030148,289.02,NaN,0.00018284
174.57,-0.00028671,254.09,NaN,0.00084261
234.55,0.00020341,218.2,NaN,-4.9141e-05
303.6,0.00035431,403.7,NaN,0.0004693
312.53,0.00052274,279.15,NaN,-5.3921e-05
258.21,0.00061167,174.36,NaN,0.00016134
268.17,7.1242e-05,532.41,NaN,5.1746e-05
295.41,0.00045559,419.79,NaN,0.000793
356.41,0.00032977,502.31,NaN,0.00029731
473.92,0.00022182,288.33,NaN,0.00042973
380.91,0.0002699,564.37,NaN,-8.1501e-05
253.14,0.0002524,424.01,NaN,4.9291e-05
379.35,0.00028581,38.269,NaN,0.00041595
260.48,0.00030338,115.91,NaN,0.00028141
43.411,9.1099e-05,378.47,NaN,0.00049473
-36.566,3.2935e-06,279.65,NaN,0.00063376
53.231,0.00046483,275.7,NaN,4.1475e-05
262.1,0.00019576,447.92,NaN,3.0507e-05
207.04,0.00057615,535.99,NaN,0.00044447
190.92,5.2271e-05,348.36,NaN,0.00029561
296.67,0.00014305,308.84,NaN,0.00035258
195.5,0.00062023,607.77,NaN,0.00011468
197.91,0.00062984,285.68,NaN,0.0001126
372.72,7.9051e-05,222.34,NaN,0.00052104
396.52,0.00036817,201.17,NaN,0.00084586
630.68,0.00063147,180.88,NaN,0.00030549
328.04,0.00063009,296.63,NaN,0.00072132
293.57,2.8476e-05,163.2,NaN,0.00079456
204.18,0.0006922,22.123,NaN,0.00070671
258.3,0.00046929,103.8,NaN,0.00082927
279.37,0.00036511,348.23,NaN,0.00049321
38.321,0.00025544,441.76,NaN,-7.705e-05
251.6,7.8841e-05,458.38,NaN,0.00014013
395.29,0.00031494,616.65,NaN,0.00032199
209.08,0.00022688,136.3,NaN,-5.7463e-05
360.95,0.00080919,484.13,NaN,0.00019913
432.3,0.00031665,303.21,NaN,0.00070479
445.28,0.00022735,226.2,NaN,0.0001109
403.55,0.00025813,232.9,NaN,0.00038433
-26.18,0.0001155,420.16,NaN,0.00040009
214.94,0.00072638,386.92,NaN,0.00084021
423.41,0.00039299,39.578,NaN,0.00023645
352.02,0.00026109,441.17,NaN,0.00048882
296.92,0.00050052,413.08,NaN,-4.8107e-05
358.01,0.0002363,262.49,NaN,5.4309e-05
455.77,0.0002248,156.42,NaN,0.00040198
316.53,0.00012498,185.59,NaN,0.00046523
185.55,0.0001225,117.85,NaN,0.0001946
265.74,0.00064471,284.06,NaN,0.00042388
260.06,0.00046595,234.34,NaN,0.00016977
415.12,0.00032143,243.68,NaN,0.00054041
345.24,0.00070205,318.04,NaN,0.00018803
363.54,0.00032363,243.67,NaN,0.00046911
306.34,0.00038917,44.778,NaN,0.00050349
233.81,-1.3723e-06,200.22,NaN,0.000814
293.89,0.00043295,210.95,NaN,8.7901e-05
316.17,-1.0058e-05,42.204,NaN,0.00046309
87.622,9.1992e-05,411.22,NaN,-9.4674e-05
311.74,0.00053194,-20.739,NaN,0.00042852
418.52,0.00038957,346.72,NaN,0.00060971
272.16,0.00010277,245.89,NaN,7.3698e-05
511.56,0.00020477,236.92,NaN,0.00031125
369.02,0.00034792,381.22,NaN,0.00071167
230.87,0.00033276,247.35,NaN,0.00082508
269.52,-0.00011675,259.1,NaN,0.00034511
253.18,-6.8155e-06,168.6,NaN,0.00076098
327.23,-0.0001428,452.46,NaN,0.00028437
400.85,0.00024172,434.27,NaN,7.3263e-05
253.28,-0.00014186,391.84,NaN,0.00028632
360.39,0.00040921,370.58,NaN,-0.00018732
544.8,1.3939e-05,398.8,NaN,6.9707e-05
428.28,-1.0922e-05,394.51,NaN,0.0001261
413.13,0.00065429,351.88,NaN,0.00069753
180.13,0.00074272,385.06,NaN,0.00037158
219.07,6.4233e-05,194.23,NaN,0.00089834
327.62,0.00025433,297.29,NaN,0.00045531
277.17,0.00072576,369.33,NaN,0.00044493
59.317,0.00016435,186.8,NaN,0.0002962
73.463,0.00069412,288.16,NaN,0.00012037
432.39,0.00049814,260.23,NaN,0.0004356
178.51,0.00033034,461.78,NaN,0.00028929
580.06,0.00024134,352.25,NaN,-4.1856e-05
-29.833,0.00071274,440.15,NaN,0.00055197
348.83,0.00048715,373.32,NaN,0.00035757
285.5,0.0001771,428.31,NaN,0.00047721
178.56,0.00040931,272.27,NaN,0.00025014
343.61,0.00011352,302.49,NaN,0.00058889
174.43,0.00034345,197.86,NaN,0.00021543
409.72,0.00065386,342.64,NaN,0.00047923
298.29,0.0004168,724.32,NaN,0.00055885
57.424,0.00011267,303.56,NaN,0.00032259
-53.834,0.00036616,283.36,NaN,9.4933e-05
249.77,0.00012563,411.51,NaN,0.00042493
452.53,0.00074835,68.422,NaN,0.00066348
315.85,-0.00012699,449.93,NaN,-0.00026627
