131.83,0.007555,33.491,67.487,0.01016
272.14,0.0092244,37.707,64.644,0.0096703
153.83,0.0082692,207.52,63.383,0.0087477
180.22,0.0057408,40.33,60.635,0.0056801
224.74,0.0072673,277.94,60.58,0.0081851
108.74,0.0065212,155.99,57.855,0.007928
87.195,0.0048589,149.25,55.838,0.0082313
285.18,0.0058203,166.78,54.751,0.0066566
163.79,0.0056613,255.15,54.138,0.0067527
206.99,0.0061904,64.668,50.364,0.0065088
266.86,0.0056686,165.05,51.035,0.0073146
98.532,0.0045479,311.72,51.485,0.0074677
101.24,0.0056575,209.83,49.018,0.0068986
192.59,0.0054674,175.61,50.461,0.0082859
122.97,0.00568,185.26,48.714,0.0082267
27.971,0.0063252,50.713,49.556,0.0051676
275.53,0.0044002,154.88,47.174,0.0090163
120.7,0.0049747,239.78,48.817,0.007419
284.22,0.007576,328.59,50.52,0.008303
49.891,0.0069253,120.37,51.305,0.0081292
142.53,0.0066239,91.148,51.249,0.0064651
181.21,0.0066195,93.847,51.125,0.0084897
104.54,0.0064345,165.43,50.839,0.0091801
285.41,0.0076592,278.45,56.406,0.0065679
102.56,0.0059637,203.53,55.926,0.0092584
-67.957,0.0059751,233.43,57.008,0.0087062
274.91,0.0069056,32.772,56.62,0.0087226
-83.168,0.006856,143.92,53.082,0.0089172
71.252,0.0068147,282.03,55.543,0.008319
96.233,0.0058365,107.7,51.663,0.010531
176.86,0.005396,183.6,53.621,0.0091512
111.99,0.0069004,61.296,50.835,0.0052201
259.32,0.0069941,32.207,51.019,0.0085989
173.17,0.0065689,172.14,49.17,0.0072171
87.536,0.0066851,145.07,49.112,0.0054524
225.56,0.0045015,353.73,45.975,0.0043974
122.81,0.0048366,223.49,42.119,0.0076988
183.37,0.0048973,150.71,43.905,0.0051617
170.17,0.0070141,117.2,42.343,0.0067766
143.64,0.005042,200.52,40.252,0.0066076
426.26,0.005342,192.19,37.15,0.0059659
89.665,0.0050488,319.69,36.604,0.0066087
174.92,0.0030141,342.19,34.129,0.0061449
194.71,0.0029093,221.82,33.208,0.0031916
282.76,0.0029166,304.65,32.707,0.0058716
169.21,0.0038785,146.35,30.913,0.0061593
286.37,0.0027705,276.66,27.403,0.0031818
63.809,0.0040408,169.45,29.897,0.0050893
371.26,0.0042392,38.678,31.343,0.0033376
220.74,0.003525,124.87,30.412,0.0038512
173.36,0.0046814,277.95,33.148,0.0051985
29.138,0.003865,276.99,32.813,0.0060169
52.066,0.0048457,230.79,32.281,0.0054079
124.76,0.0025413,80.509,36.771,0.0049039
-70.422,0.004972,266.62,35.328,0.0048253
176.84,0.0056372,139.52,35.064,0.0060448
68.798,0.0033097,201.64,33.519,0.0057893
310.43,0.0045413,94.085,38.154,0.0057631
380.7,0.0043115,224.99,39.127,0.0042379
118.42,0.0038309,258.31,36.092,0.0066016
205.88,0.0048319,212.34,35.218,0.008069
152.08,0.0033701,216.35,37.141,0.0070086
27.114,0.0043335,343.76,34.969,0.0050997
250.95,0.0017945,178.64,33.769,0.0034331
78.152,0.0050089,71.499,32.259,0.0042929
-60.161,0.0056249,233.72,33.999,0.0048923
213.28,0.0025117,353.6,31.042,0.006047
138.15,0.0066877,323.09,30.058,0.0039986
150.34,0.0031731,404.26,27.932,0.0050918
23.447,0.0041252,147.25,30.983,0.0045808
218.03,0.0034809,94.872,27.199,0.0041749
152.3,0.0041856,237.24,23.635,0.0048222
138.84,0.002241,262.42,22.405,0.0026285
120.48,0.0044546,36.755,23.266,0.0038639
262.2,0.004216,236.53,20.845,0.0033173
368.64,0.0017544,269.1,18.601,0.0022588
15.059,0.0035644,260.42,16.551,0.0048223
251.14,0.0032379,234.19,17.857,0.0043686
180.23,0.0022571,181.76,17.421,0.0037786
179.95,0.00010767,296.18,15.453,0.0049714
288.02,0.0032958,152.32,16.392,0.0063227
201.14,0.0038742,250.36,14.416,0.0052024
162.39,0.0043249,177.71,17.717,0.0048038
318.52,0.0030966,175.11,19.491,0.0042301
170.91,0.0037187,155.7,22.502,0.0018429
170.32,0.0020841,99.093,22.683,0.0036946
423.2,0.0027575,292.91,23.871,0.002308
110.54,0.0023141,108.33,25.063,0.0033241
149.44,0.0048608,128.85,25.067,0.0050355
303.07,0.001991,36.102,24.06,0.0065504
319.57,0.0058838,112.11,24.69,0.0009946
145.31,0.0052129,137.89,26.188,0.0027673
64.162,0.0041822,235.62,26.807,0.0046833
306.79,0.0033453,152,26.023,0.007474
238,0.0026459,358.71,25.642,0.0014586
253.14,0.001598,259.5,26.376,0.0041867
141.06,0.0032839,46.348,24.406,0.0040098
317.07,0.0006817,327.25,22.964,0.0060497
111.06,0.0055789,58.952,21.941,0.0043564
246.72,0.0016659,236.92,18.207,0.0030291
177.25,0.0027234,237.74,20.804,0.0018349
118.54,0.0036716,299.01,23.086,0.0026441
341.46,0.0023133,154.59,17.408,0.0052372
283.03,0.0036011,91.689,16.895,0.004347
352.23,0.0043956,142.4,13.522,0.0028855
261.33,0.0037448,194.25,11.587,0.0010981
349.17,0.0036053,131.29,11.576,0.0048879
271.04,0.0025483,187.22,11.358,0.0023947
184.78,0.0037488,-27.695,10.075,0.0037328
156.65,0.0033718,217.17,7.0765,0.0036962
276.65,0.0024439,114.12,7.6921,0.0040965
291.67,0.0018045,215.15,8.7399,0.0027931
303.76,0.0027056,78.668,8.5159,0.0056495
74.117,0.0018562,176.28,10.267,0.0031492
103.64,0.0016797,256.31,12.218,0.0043257
377.58,0.0043368,285.73,12.877,0.0032981
243.16,0.0022731,67.956,15.765,0.0013713
240.79,0.0016405,124.31,16.237,0.0024923
225.25,0.0023708,244.69,19.209,0.0030695
347.58,0.0023521,154.67,17.713,0.0043386
333.46,0.001443,186.4,19.95,0.0024352
276.38,0.0012883,341.91,19.143,0.0037241
218.51,0.0043514,148.38,19.568,0.0053775
153.24,0.0025932,158.5,18.019,0.003056
172.57,0.0045512,324.9,17.615,0.0033108
112.23,0.0026943,73.091,16.148,0.0035228
18.14,0.0028815,62.713,17.989,0.0054606
340.41,0.0012087,205.91,14.97,0.0053486
239.43,0.0025235,357.53,11.698,0.0032193
107.48,0.0040434,40.484,15.182,0.0015425
186.63,0.00086772,187.59,10.167,0.0039695
401.55,0.0025888,315.26,10.99,0.0046656
224.72,0.0038916,427.85,10.428,0.0016158
555.66,0.0025998,143.56,6.1515,0.0013013
261.61,0.0032947,191.38,7.9741,0.0029548
289.18,-8.3414e-05,328.31,6.6168,0.0027577
353.15,0.0025931,188.82,5.7062,0.0029333
318.39,0.001594,245.28,2.9412,0.0014474
231.66,0.0031233,145.97,1.1411,0.0032231
262.27,0.0018132,172.98,4.5066,0.00237
-8.3621,0.0015436,189.51,2.2638,0.0019821
227.8,0.0012955,222.38,0.5459,0.0044507
304.42,0.0004489,185.6,1.1005,0.0059169
190.27,0.0002559,264.48,3.8289,0.0028151
166.86,0.0018042,205.13,4.3128,0.0026225
29.601,0.004511,191.74,4.259,0.0020844
280.82,0.0026247,157.63,6.5286,0.001849
188.5,0.0019123,384.87,9.3538,0.00061239
393.32,0.0019842,30.619,10.058,0.0027291
215.85,0.0023898,202.34,10.82,0.0035333
191.62,0.0029305,276.77,9.6154,0.0022314
-12.55,0.00049605,230.94,12.234,0.0031689
133.72,0.0023672,77.651,14.713,0.0028834
240.65,0.0041653,177.73,14.351,0.0026421
101.51,0.0025649,98.593,13.867,0.0040902
245.94,0.001221,393.42,16.792,-0.00016599
275.78,0.0028092,391.94,13.692,0.0045684
136.87,0.0043722,192.79,13.013,0.0051902
277.4,0.001221,241.55,13.682,0.0026648
376.9,0.0028023,141.81,15.993,0.0044446
253.17,0.0028816,257.11,14.016,0.0023291
176.18,0.0030186,136.5,9.5693,0.0024054
114.83,0.0038046,353.98,11.038,0.0019966
285.66,0.00098865,176.17,10.61,0.0020515
126.07,0.000854,394.06,7.1709,0.00040328
150.21,0.0023205,402.13,5.946,0.003004
177.71,0.0018216,284.87,4.4093,0.0053836
281.86,0.0022105,219.16,3.5795,0.002455
45.584,0.0026084,270.03,0.71107,0.0026258
270.38,0.0016286,157.66,1.6577,0.0038042
299.23,0.0038079,17.391,2.7649,0.0038174
157.96,0.0024729,212.36,-0.093537,0.0016055
110.64,0.0034376,160.12,2.1386,0.0014839
293.03,0.0020666,353.34,-2.9218,0.0042622
24.758,-0.00017086,222.8,-1.0254,0.0026223
148.03,0.0017227,321.75,-1.8173,0.0015751
291.59,0.0018262,257.94,-0.25729,0.0045968
175.62,0.0037473,222.27,0.45955,0.0037068
238.29,0.00212,-91.787,0.70469,0.0032687
331.72,-2.7795e-05,45.151,3.2539,0.0031033
233.99,0.0025829,251.28,6.7755,0.0016756
240.22,0.0015389,363.03,5.1842,0.0028726
185.52,0.0014478,268.08,7.1458,0.003151
378.43,0.0023839,292.28,9.0838,0.0030922
362.34,0.0025421,137.05,10.106,0.0025993
75.014,0.002619,219.21,9.9854,0.0038549
137.1,0.0025925,211.38,11.909,0.0038526
227.86,0.00084572,247.79,11.902,0.0026566
210.63,0.0022528,206.88,12.905,0.0043611
475.44,0.0014585,156.2,12.758,0.0016316
282.54,0.003416,-43.71,12.282,0.0023651
119.37,0.0029953,-106.06,13.488,0.00272
31.761,0.002199,205.76,10.141,0.0036796
320.2,0.0027593,76.14,10.011,0.0025239
233.18,0.002422,381.19,8.1623,0.0036794
312.16,0.0012278,145.57,8.2806,0.0033129
139.02,0.0020132,190.35,6.3114,0.0024373
136.49,0.0019313,114.83,3.9849,0.0025016
305.24,0.0020803,270.07,2.0389,0.0034689
159.33,0.0016172,187.17,4.2676,0.0020206
225.21,0.0022487,155.41,2.9474,0.0032604
151.57,0.0030649,300.58,0.74837,0.0018279
377.29,0.0023161,377.71,-0.60437,0.005148
232.8,0.0013184,190.15,0.6118,0.0015041
143.75,0.0027821,170.41,-1.9657,0.0020132
235.85,0.0010988,156.08,-4.0664,0.0015019
97.636,0.00067487,396.91,-3.7656,0.00348
291.35,-0.0001409,106.01,-2.9413,0.00070494
312.63,0.0012721,251.71,-3.0893,0.0030598
262.66,0.0023318,135.87,-0.14601,0.00011935
172.51,0.0022492,167.41,5.2063,0.0028876
446.76,0.00032478,375.28,4.0685,0.0017058
237.27,0.0030697,-24.709,6.0623,0.0049847
120.12,0.0037562,342.5,9.0135,0.0021808
101.39,0.002501,193.53,7.7693,0.0031404
272.11,0.0010848,39.596,7.9505,0.0026945
239.88,0.0013358,286.92,9.6696,0.0020879
-10.808,0.0016956,403.75,10.792,0.001756
227.25,0.0038219,220.16,10.374,0.0020207
352.02,0.0044545,202.41,10.515,0.0043551
346.9,0.0018191,119.98,9.0433,0.0025169
436.39,0.0034275,157.93,6.7066,0.0034835
314.13,0.00093463,226.54,8.0955,0.0030391
230.84,0.0028759,370.65,7.6999,0.0032674
274.54,0.0018892,181.5,6.6047,0.0022209
439.54,0.00069409,325.37,5.5827,0.0026199
314.09,0.00077931,345.78,2.7668,0.0029952
148.04,0.00234,308.57,2.2905,0.0025707
15.952,0.0025206,211.29,1.2171,0.0024511
163.92,0.0022208,346.64,0.17953,0.00095009
329.29,0.00084315,-1.8057,-1.3748,0.0035057
-18.568,0.0024748,174.01,-2.7047,0.0032915
49.437,0.00030674,140.95,-0.98246,-0.00020833
131.84,0.0011832,247.48,-1.7082,0.0034392
289.55,0.0024832,194.36,-5.1353,0.0026663
335.09,0.00073097,134.52,-5.3115,0.0029397
330,0.003255,504.46,-6.5232,3.9428e-05
261.93,0.0017225,288.89,-4.889,0.0021294
56.343,0.0015896,147.29,-2.2157,0.0030569
412.4,0.00065346,351.32,-0.8387,-0.00031855
328.98,0.0034132,258.98,-2.2731,0.00072079
323.17,0.0013281,198.21,-0.01652,0.0029643
282.49,0.00087928,111.56,-1.6893,0.0019168
286.6,0.0013812,99.409,3.7712,0.0027722
257.32,0.0026187,75.778,4.9382,0.0014639
324.23,0.0034569,288.72,1.7071,0.0036612
180.07,-0.00047804,114.07,5.3623,0.00092276
296.36,0.0019873,176.06,8.2394,0.0020722
388.75,0.0031327,310.18,5.3687,0.0027276
57.894,0.0023414,300.15,7.6537,0.0038216
161.95,0.0029357,187.81,7.3156,0.0030927
163.42,0.0019245,250.12,9.4181,0.0035464
82.044,9.0461e-05,438.34,8.8645,0.0027059
166.71,0.00091839,250.93,7.1178,0.0068298
179.38,0.0014579,330.55,7.6417,0.0016481
205.64,0.0014665,56.767,8.6477,0.0019521
229.17,0.0018846,258.43,5.7451,0.003464
497.35,-0.00057976,316.41,4.676,0.0024798
368.36,0.0017996,104.29,6.0353,0.0031921
217.63,0.00014091,62.132,3.901,0.0043114
178.04,0.0040642,42.595,1.2792,0.0043017
314.96,0.0026527,98.534,-0.57156,0.001564
60.563,0.0018141,370.69,0.41384,0.0018394
102.95,0.0035916,360.78,0.57497,0.0028046
149.01,0.0014017,203.8,-1.8256,0.0035048
271.03,0.0023998,80.789,-1.7391,0.0028438
233.52,0.0013263,161.2,-0.64018,0.0037381
238.59,0.00065568,35.804,-6.4154,0.0045516
168.59,0.0019351,48.444,-7.1405,0.0011071
137.96,-0.00073552,312.12,-3.7596,0.0033705
96.855,0.00314,205.83,-5.5013,0.0021592
80.992,0.0023207,228.85,-4.5366,0.0038396
349.96,0.0014088,122.94,-2.8355,0.0028356
366.91,0.0017318,286.17,-3.0966,0.0025616
332.61,0.002073,292.7,-3.8603,0.0015692
144.18,0.0034199,187.28,-1.7147,0.0035094
260.03,0.001955,198.03,2.1937,0.0025818
109.93,6.8628e-05,182.65,-0.10408,0.0022895
187.9,0.0029667,219.92,3.1963,0.0034597
158.54,0.0016924,108,5.2642,0.0048857
190.6,0.0030684,188.41,6.196,0.0016391
67.282,0.0023678,-70.195,5.4294,0.0045549
170.94,0.0017265,328.37,7.2418,0.0014187
203.58,0.0038384,167.18,7.5663,0.00221
120.63,0.00098096,303.91,6.2679,0.0017573
367.06,0.0016777,135.97,4.3572,0.0030683
38.393,0.001533,44.99,7.7649,0.0024733
20.097,0.0032852,280.3,6.1243,0.0042266
379.79,0.0031028,351.28,8.3075,0.0028512
262.27,0.0029741,117.49,4.9129,0.0023839
139.61,0.0013503,198.72,5.3929,0.0021024
217.65,0.0014576,103.01,4.947,0.0027782
241.45,0.0020324,-57.132,3.7816,0.00010575
257.89,0.0020672,137.53,3.4425,0.0031672
244.51,0.0018589,474.92,1.0235,0.00088106
223.19,0.0029726,202.12,2.6716,0.00083222
263.91,0.001341,146.45,-2.8611,0.0023526
116.67,-0.00019132,276.6,0.92814,0.0022656
140.15,0.00065207,195.91,-2.0533,0.0013847
252.47,0.0028511,289.29,-6.3115,0.0027717
253.73,0.0031987,319.85,-4.6256,0.0033061
228.28,0.0024444,309.2,-5.0119,0.0025999
409.62,0.0024928,377.08,-7.3865,0.0028028
334.7,0.00032163,336.09,-8.5979,0.0016641
322.76,0.0026717,75.645,-4.8946,0.0018934
306.97,0.0019878,221.37,-7.317,0.0022261
90.694,0.00080835,175.2,-4.2907,0.00057818
357.83,0.0029473,362.95,1.4134,0.0028048
133.88,0.0023808,243.45,-1.2567,0.00083459
241.15,0.0021567,285.26,0.95184,0.0026728
206.77,0.0019989,34.419,3.982,0.0027069
57.146,0.0033176,251.16,2.8413,0.0039634
99.279,0.0012556,184.97,3.787,0.0011491
264.11,0.0030628,183.99,6.1452,0.001992
299.77,0.0018152,79.155,5.1392,0.0039803
313.85,0.003609,277.58,5.4099,0.0039171
357.89,-0.0011511,479.17,6.6632,0.00099117
332.97,0.0020572,358,9.6934,0.0035382
173.2,0.0016395,244.17,10.636,0.0041761
152.47,0.0039074,173.35,5.1759,0.0039631
469.48,0.001476,101.15,4.8781,0.0036551
191.6,0.0032275,97.974,6.0026,0.0023293
84.86,0.0029352,216.42,5.75,0.0011605
-13.214,0.0027834,209.06,3.6894,0.0022042
280.47,0.001539,33.883,3.4321,0.0029656
336.23,0.0027116,198.11,1.9894,0.00047386
289.26,0.0015713,47.274,1.4002,0.002966
212.9,0.00060057,324.05,-2.3723,0.0020248
144.94,0.0038344,203.99,-1.8031,0.002946
206.16,0.0015875,335.48,0.13652,0.00050045
328.64,0.0021255,236.31,-3.9851,0.0017019
382.1,0.0025699,323.21,-5.2256,0.00046202
307.69,0.0022829,261.85,-4.437,0.0011434
320.82,0.0014392,214.21,-3.9838,-0.00036125
212.53,0.0017559,250.62,-6.0076,0.0042288
229.63,0.00028106,422.53,-6.3497,0.00037436
167.92,0.0016917,-92.862,-7.3661,-0.00015528
217.42,0.0016616,74.686,-5.185,0.0024749
271.18,0.0019668,161.15,-3.0735,0.001754
412.97,0.0023596,291.32,-0.79612,0.0044467
286.14,0.0013908,313.18,-2.7783,0.0023672
386.52,0.0039683,-17.654,-1.957,0.004175
150.72,0.0014494,304.02,1.7058,0.0065077
299.95,0.0010421,115.66,0.9561,0.0025354
354.69,0.0033766,258.21,3.4234,0.0019166
299.94,-0.00034033,193.11,4.7833,0.0044792
302,0.0031955,123.07,3.9666,0.0033244
225.93,0.0041046,192.75,5.8908,0.0014162
27.212,0.0012341,331.07,6.6748,0.0049407
236.14,0.0011152,119.09,9.2245,0.0040716
99.559,0.0010215,319.04,5.7513,0.0023847
219.99,0.0020381,233.92,6.9595,0.0037693
281.57,-0.00051893,231.76,5.3625,0.0021325
130.93,0.0031436,245.4,5.4648,0.0028611
308.78,0.0035879,155.19,7.7978,0.00056211
271.56,0.0029306,206.92,5.2277,0.0037847
111.51,0.0010507,188.94,1.8104,0.002473
300.49,0.0027346,129.96,4.3833,0.0041407
145.43,-6.3451e-05,98.482,-0.2471,0.003043
6.3035,0.0029131,251.53,-0.3624,0.0021379
168.04,0.001403,274.29,-1.5316,0.0014519
233.4,0.0021226,144.55,-2.1283,0.0036894
183.01,0.00084446,151.13,-4.1402,0.00080503
226.09,0.00016801,216.9,-2.371,0.0012579
360.88,0.0019567,164.83,-5.8301,0.0026636
203.23,0.0020117,332.84,-7.7441,0.0031553
211.82,0.001749,217.81,-9.2229,0.0014175
200.82,0.0034347,96.141,-5.7044,0.0013846
106.21,0.0011594,352.54,-6.5361,0.0019969
216.31,0.0033611,79.647,-8.4016,0.0021197
311.1,0.0023416,186.48,-6.0512,0.0027599
185.97,0.00080781,301.85,-4.0309,0.002625
140.97,0.00095979,294.86,-5.4501,0.0031907
173.08,7.5672e-05,100.22,-4.1748,0.0035133
291.94,0.0035823,234.41,-3.6633,0.0029416
210.54,0.0027447,193.84,1.1821,0.0015073
278.72,0.0012306,142.58,-0.86006,0.0038585
174.68,0.0019326,209.79,2.1246,0.0038379
174.54,0.0020338,273.04,2.3836,0.0039798
224.76,0.0013018,397.43,4.264,0.0020587
239.16,0.00183,135.72,3.327,0.0017116
222.26,0.0026846,261.65,6.5205,0.002387
108.32,0.0013473,178.21,6.6871,0.0042498
239.39,0.003018,26.572,3.8105,0.0027869
195.13,0.0033947,96.022,8.2294,0.0038032
123.87,0.0047767,214.69,8.1105,0.002275
341.79,0.0023537,235.36,3.6589,0.003617
62.049,0.0018951,324.2,2.2582,0.0027303
119.72,0.0036982,311.32,4.9312,0.003935
323.9,0.0011329,139.71,2.8499,0.0010452
279.04,0.0019412,158.09,2.8398,0.0046031
221.19,0.0003644,171.64,0.14732,0.0030291
214.3,-0.00015846,179.75,2.9519,0.0019965
307.78,0.0016127,212,0.78812,0.00036809
392.91,0.0018081,217.25,0.71528,0.0028342
203.63,0.0028181,184.25,-1.5259,0.0031454
337.93,0.0018496,174.37,-2.2384,0.0017254
258.18,0.0034132,320.4,-4.8321,0.0020614
65.487,0.0031387,222.69,-4.2038,0.0032753
199.56,0.0036729,326.55,-7.6773,0.0018999
185.86,0.0003718,228.81,-4.3795,0.0026957
141.1,0.003556,117.45,-7.6537,0.0033129
212.36,0.00049624,312.2,-10.628,0.0041471
229.55,0.00051435,68.038,-8.46,0.0030987
347.27,0.0035376,450.36,-7.7231,0.0025156
138.51,0.0014812,128.57,-5.1644,0.0010142
261.94,-0.00016036,281.06,-4.6472,9.3299e-05
77.654,0.0035444,225.71,-3.8517,0.0027646
295.33,0.00038778,287.23,-2.1005,0.0036673
227.57,0.0036287,215.11,2.1362,0.0032976
140.67,0.0036937,126.22,3.496,0.0031124
134.43,0.0016814,189.86,2.505,0.0024516
350.26,0.0023742,143.61,3.1987,0.0025133
334.21,0.0019665,147.34,5.8745,0.0046748
346.32,0.00075383,238.72,3.9391,0.0037809
161.03,0.0032441,281.45,7.5311,0.0030815
282.97,0.00065226,249.95,5.6779,0.003037
201.01,0.0029353,23.586,5.5599,0.0027499
272.46,0.0026515,38.288,8.8541,0.0058137
296.68,0.0018258,83.465,6.3904,0.0041006
436.37,0.0023238,294.63,4.9073,0.0019103
213.95,0.0030346,421.85,5.1196,0.0047175
192.62,0.0016164,280.99,3.4596,0.00097573
99.379,0.0019498,186.91,3.2827,0.002698
186.9,0.0019927,174.95,2.0325,0.0025042
290.61,0.00029123,109.88,2.3561,0.0023737
163.76,0.0020808,-31.415,0.43505,0.003829
236.72,0.0017373,153.51,-1.387,0.0045182
-54.26,0.00087753,363.11,-3.8694,0.0040107
40.276,0.00017692,308.43,-4.2479,0.0019333
266.75,0.0012235,384.36,-1.8945,0.0012219
369.93,0.002218,450.02,-2.5324,-0.00066154
152.14,0.0018211,302.96,-7.6114,0.003029
261.96,0.00046071,60.603,-5.1044,0.0030049
-18.345,0.0022493,47.331,-9.3628,0.00043583
49.416,0.0015219,409.53,-9.0023,0.001632
298.36,0.0029073,291.7,-4.2862,0.002517
274.09,0.00087501,306.16,-4.4641,0.0025026
429.36,0.0014778,339.55,-0.97121,0.0025921
399.69,0.0027979,228.83,1.5488,0.0016022
106.46,0.0037542,320.34,0.84298,0.0020738
137.34,0.0019336,344.24,2.6847,0.005075
277.54,0.0014151,149.42,4.4042,0.0051363
218.81,0.0031576,109.83,3.9347,0.003057
260.09,0.00085248,180.81,6.0029,0.002974
255.58,0.0015559,141.77,6.6641,0.0019867
227.94,0.0045012,142.35,4.8993,0.0028262
259.87,0.00087254,-68.781,6.3529,0.0031407
272.61,0.0031913,210.33,6.2699,0.0035325
300.91,0.00042425,147.29,4.728,0.0035596
98.798,0.0028631,118.73,1.2407,0.0038964
168.31,0.0022151,298.48,4.7096,0.00093486
302.6,0.0011385,154.95,2.672,0.0020616
309.46,0.0014536,133.38,0.33799,0.0020335
297.28,0.0013463,284.91,1.2208,0.0049429
81.284,0.0015884,211.3,0.029944,0.0027603
291.77,0.0014023,275.68,-1.3797,0.0034122
208.8,0.0011306,213.95,-3.4658,0.0017771
241.96,0.0034939,36.678,-3.4937,0.0029256
299.21,0.00099893,225.22,-5.7109,0.0032634
268.56,0.0047014,226.08,-7.758,0.0045385
156.36,0.0028215,232.65,-6.248,0.0036018
371.06,0.0018996,212.55,-8.5726,0.0009106
76.389,0.0019194,273.25,-6.6838,0.0031201
119.73,0.0013088,181,-7.478,0.00091242
205.8,0.0015648,152.69,-6.7643,0.00093459
290.17,0.0016141,26.052,-7.6659,0.0020972
23.549,0.0028211,316.99,-5.5292,0.00196
-42.005,0.0015234,106.31,-4.5281,0.00077825
387.72,0.0022032,105.14,-3.2204,0.00084296
183.79,0.0023899,115.59,-0.63387,-0.00034375
122.48,0.0019237,7.9618,-1.3131,0.0020882
391.42,0.001715,326.06,-0.20496,0.0032837
418.74,0.0027635,234.24,-0.15529,0.0019615
301.74,0.0017783,320.66,4.2314,0.0026205
302.43,0.0015273,255.15,5.2648,0.0040794
266.08,0.0029364,252.77,4.8367,0.0018219
273.49,0.00075986,-6.6273,5.2915,0.0022724
177.07,0.0018127,170.13,4.2701,-2.7618e-05
210.97,0.0015586,308.04,7.7895,0.0033555
198.14,0.0020257,-80.265,5.6851,0.001072
230.13,0.0028786,128.44,5.9655,0.0029066
262.54,0.0029731,167.95,4.6928,0.0016772
215.97,0.0024148,17.122,6.0208,0.0019787
124.31,0.00072657,347.41,1.4139,0.0037912
183.94,0.0016334,59.187,4.1501,0.0013078
184.76,0.0018446,101.79,-0.082852,0.0031807
128.78,0.0026402,170.45,-0.92312,0.0022282
199.79,0.0018884,90.632,-0.43635,0.0028022
168.27,0.0012752,75.402,-2.9591,0.00087348
113.14,0.0026668,389.18,-0.19091,-0.00089436
370.65,0.001082,257.33,-5.1644,0.0015933
230.79,0.00062795,335.98,-2.7581,0.0027313
22.401,0.0027286,149.63,-3.6207,0.0020907
254.56,0.0014906,395.62,-7.9342,0.0055341
214.93,0.0033861,257.5,-4.094,0.0012631
268.01,0.0019704,367.64,-9.1798,0.0012343
304.39,0.0025181,135.43,-8.3867,0.0021044
103.33,0.00095995,266.47,-4.1057,0.0026192
440.37,0.0013432,208.06,-4.6017,0.002042
275.07,0.0023677,147.39,-8.4947,-1.1653e-05
91.044,0.0015675,352.87,-3.9251,0.0033323
142.16,0.00013515,310.51,-3.1791,0.0021157
195,0.0026481,235.1,0.59957,0.0017028
336.47,0.0021374,311.4,3.9462,0.00040861
368.55,0.0020807,113.37,4.4074,0.0026146
235.49,0.0018097,170.58,4.0515,0.0047587
258.73,0.0006019,222.1,5.1633,0.0046781
100.25,0.0015913,177.1,6.6601,0.0026318
246.94,0.0048434,50.583,7.6241,0.0026374
-63.205,0.0014466,275.98,7.3849,0.0047968
227.92,0.0042496,301.66,7.5299,0.0011239
354.4,0.0030771,248.57,5.339,0.00090588
91.045,0.00077137,189.9,7.1287,0.0030422
202.33,0.0028563,274.09,4.5969,0.0045798
125.67,0.0017036,141.05,4.2493,0.0040184
240.76,0.00085458,311.69,1.1102,0.0028885
200.79,0.0027931,412.13,4.0393,0.002042
141.11,0.0026171,419.53,1.9933,0.0020088
443.03,0.0027051,197.57,-2.1704,0.00064477
165.53,0.0024299,104.58,-3.7242,0.0015878
5.7952,0.0014584,91.08,-0.83687,0.0026545
184.95,0.00081809,290.26,-4.0461,0.0043656
124.17,0.0037521,329.43,-7.5557,0.0025813
129.4,0.00021505,284.83,-5.0044,0.0013645
378.9,-1.1538e-05,130.13,-7.0825,0.0022282
41.393,0.0017172,123.72,-6.6118,0.0031369
164.89,0.0029326,406.45,-7.5932,0.001326
143.64,0.0021559,214.48,-7.2801,0.0024426
-63.268,0.0017844,253.56,-3.8162,0.0021269
337.82,0.00071379,434.92,-2.6985,0.0016993
423.21,0.0022792,272.59,0.29133,0.00090416
240.27,0.002431,90.689,-1.4725,0.0034868
137.9,0.0027133,78.123,4.0183,0.0017167
307.29,0.0034026,340.1,3.9073,0.0019086
233.83,0.0010265,208.21,5.0187,0.0022306
201.28,0.0015297,208.47,2.0979,0.0013543
319.46,0.0022558,232.98,6.8839,0.0033776
-9.6484,0.003138,405.83,8.1508,0.00055355
300.18,0.00088223,201.53,4.3602,0.0027044
349.11,0.0030547,-53.11,9.3191,0.003518
283.72,0.00025896,235.93,6.6128,0.002875
372.41,0.0016943,203.24,3.7961,0.0038239
225.61,0.0016443,76.378,6.8964,0.0031593
342.23,0.0033557,39.83,6.0402,0.0038363
164.12,0.00080962,73.47,5.5632,0.0023801
192.72,0.0026481,132.48,-0.032265,0.0038763
375.38,0.003251,436.55,1.318,0.0027532
246.59,0.0013117,199.43,1.8523,0.0020576
218.42,0.0031728,197.05,1.0984,0.0029237
262.3,0.0038008,205.72,-3.0989,0.0031847
218.05,0.0017043,129.51,-1.4344,0.0019651
272.36,0.0015684,386.74,-3.4163,0.0025972
73.235,-0.00036925,251.57,-3.7055,0.00041981
81.765,0.001337,245.32,-5.6295,0.0031381
-120.92,0.0010114,104.11,-7.8508,0.00080034
348.71,0.0029499,182.51,-5.5221,0.0023492
220.95,0.0010206,215.67,-9.9052,0.0039926
230.39,0.00023793,202.11,-7.0684,0.0047202
95.228,0.0030849,171.44,-8.0682,0.0025437
193.19,0.0012754,301.65,-5.8097,0.0031184
310.44,0.0017858,289.1,-4.3994,0.0020832
593.9,0.0035091,76.478,-3.8272,0.00012868
235.76,0.00040978,317.32,-0.93693,0.0031463
253.16,0.0012859,153.42,-0.76499,0.0035367
260.45,0.00092037,138.42,2.2296,0.0014044
150.51,0.0031506,139.33,1.4047,0.0019934
239.17,9.7328e-05,325.72,0.083155,0.0016725
121.73,0.0020463,252.75,3.4903,0.0030104
223.24,0.0025728,88.805,2.1908,0.0015637
130.16,0.0026033,125.39,9.2821,0.0048379
56.826,0.0016827,321.12,5.2643,0.004653
159.43,0.0014707,216.84,6.5522,0.0032199
451.29,0.0021845,303.41,3.1218,0.0024574
383.42,0.0010184,332.17,6.5348,0.0037552
233.66,0.0017573,225.86,9.2297,0.0015479
118.68,0.0023964,210.09,5.9496,0.0018339
26.779,-0.0014461,178.7,1.6656,0.0051138
161.23,0.0029944,209.13,2.7268,0.0024749
202.86,0.0025351,247.53,3.7357,0.001929
160.16,0.0015626,331.59,2.7884,0.0025477
279.02,-0.00060236,219.71,-0.33,0.0040489
374.6,0.0014896,139.63,1.4461,0.0024985
278.8,-0.00035547,216.69,-2.7055,0.0015572
314.16,0.00058306,-110.25,-4.3561,0.0031138
260.38,0.0014324,-112.76,-5.2907,0.001336
59.742,0.0032911,252.33,-3.7832,0.0036461
250.77,0.0018275,185.5,-7.2289,0.0045279
262.19,0.0013172,269.22,-7.0212,0.0034586
43.525,0.0015964,81.367,-8.1032,0.0030406
231.33,0.0010744,139.1,-6.1929,-0.00021806
322.54,0.00029293,327.5,-8.5695,0.0025905
-11.832,0.0016719,329.13,-6.2061,0.0030586
195.77,0.0013426,36.225,-5.7521,0.0031638
226.58,0.0020919,64.934,0.47251,0.0044462
295.08,0.0014354,363.28,0.10975,0.0030377
421.79,0.00055111,353.76,1.8211,0.0013128
226.41,-0.00011015,465.25,0.76612,0.0016679
210.74,0.00067993,268.63,1.4899,0.00083579
219.81,0.0020675,320.1,4.265,6.4682e-05
318.67,0.00071749,209.36,2.0274,0.00080285
-40.53,0.0019281,243.56,4.5926,0.002589
128.06,0.0039043,252.73,3.5652,0.0024787
334.03,0.0032874,51.02,6.1493,0.0026136
257.7,0.0037223,308.98,7.9409,0.0032575
267,0.0038411,206.9,6.4729,0.002258
308.87,0.00085433,239.75,5.9979,0.0016278
203.73,0.0011858,285.81,3.8301,0.0028671
-23.813,0.0032606,281.48,3.2674,0.0046612
435.88,-0.00023,-24.313,4.3068,0.0033465
155.49,0.0026404,119.44,4.4699,0.0045571
85.705,0.0028999,236.24,4.2124,0.0017891
146.53,0.0014133,256.36,2.3209,0.001216
240.33,0.0014058,232.8,2.9167,0.0032465
189.92,0.00049257,96.863,-0.080749,0.0017994
245.94,0.0022422,226.93,-2.1828,0.0018899
233.04,0.00088937,121.92,-0.39895,0.0013291
229.99,0.0027243,393.21,-3.3461,0.0015495
343.47,0.00084635,294.55,-1.6584,0.0033606
230.69,0.0015595,210.92,-3.2214,0.0026926
343.35,0.0031817,309.97,-10.083,0.002389
189.18,0.0015639,234.3,-8.1307,0.0033257
184.58,0.0015973,187.02,-10.985,0.0010481
223.93,0.0021606,147.44,-8.7766,0.0036501
278.8,2.2498e-05,106.36,-5.1209,0.0029028
256.2,0.0027614,164.69,-5.2988,0.0013275
281.81,0.0035165,305,-2.0248,0.0036021
164.86,0.0028073,16.386,-2.9184,0.00068297
410.92,0.0024818,277.69,0.8188,0.0030144
327.12,0.002483,-33.149,1.0495,0.0018159
48.645,0.0044193,210.74,2.2076,0.0030887
93.381,0.0036129,173.11,5.3347,0.0029456
9.5318,0.0011983,309.36,3.1348,0.0021194
166.17,0.0030265,242.91,4.6044,0.0040037
89.596,0.0032552,455.1,8.4567,0.003691
152.62,0.0021083,247.42,9.2929,0.0019777
412.48,0.0044747,227.7,7.8224,0.0043504
265.13,0.0022525,212.86,5.4402,0.00088582
301.42,0.0031269,255.82,1.9042,0.0044003
130.35,0.0026698,89.031,3.6485,0.0037331
304.69,0.0042052,207.51,3.9423,0.0044801
337.94,0.0028988,175.34,4.0334,0.002348
142.01,0.0025201,444.74,2.7666,0.0026519
167.42,0.0013894,349.28,0.53392,0.0018674
165.64,0.0037287,176.06,4.8621,0.0028387
311.71,0.00063724,293.63,-2.4178,0.0048827
125.8,0.0015835,1.8588,1.1895,0.00028697
238.32,0.0027358,341.03,0.3188,0.0023617
193.7,0.0024271,189.71,-1.6605,0.0019018
435.95,0.0017615,86.557,-6.7199,0.0018881
242.3,0.0036746,390.81,-5.3815,0.0019144
287.51,8.2234e-05,224.15,-6.5664,0.003296
81.493,0.0027069,141.39,-5.9937,0.00073506
339.61,0.0018793,337.5,-5.51,0.0022831
139.89,0.00099561,328.12,-9.2702,0.0015812
238.9,0.00025708,155.58,-4.8448,0.0014887
67.615,0.0038089,306.04,-4.2212,0.0022932
179.91,0.00094676,162.91,-7.5809,0.0018056
120.98,0.00074466,226.61,-3.0774,5.3404e-05
113.02,0.0019182,25.003,-4.1382,0.0027286
192.09,0.0015737,137.69,0.91038,-0.0012393
221.15,0.0020262,236.15,1.5199,0.0011541
378.59,0.003016,310.35,1.3324,0.002366
74.337,0.0012792,178.84,2.6301,0.00092157
25.136,-6.5644e-05,284.76,2.8688,0.00202
90.498,0.0017228,207.05,2.6431,0.0029389
131.57,0.0025715,125.92,3.9399,0.0022147
215.09,0.0011346,341.63,5.3128,0.001639
159.26,0.00069169,344.27,9.6512,0.0027917
570.24,0.0022419,249.37,4.0274,0.0022023
204.61,0.0018336,409.05,7.4353,0.0034016
257.9,0.0027589,213.71,3.8795,0.0019221
151.02,0.0023467,368.21,5.0209,0.0024241
262.12,0.0028519,234.31,4.5634,0.0023835
194.16,0.0023547,306.67,1.8739,0.001772
21.952,5.2473e-05,347.94,0.32114,0.0025958
145.52,0.0017538,290.05,2.1197,-0.00030868
455.33,0.0011656,298.39,2.4555,0.0027512
251.84,0.003166,405.58,-1.3113,0.0040734
351.78,0.0014139,107.09,0.010388,0.0033203
282.93,0.00052604,327.59,-2.8193,0.0037146
74.154,0.00093126,243.37,-3.3273,0.001957
344.38,0.0011963,337.41,-5.7611,-0.00010045
299.04,0.0013738,441.24,-9.6927,0.001963
71.19,-0.00089932,217.39,-7.0306,0.003052
129.04,0.0022533,344.77,-8.4385,0.0010427
153.66,0.0017182,359.23,-7.3141,0.0054653
96.203,0.0029393,216.8,-6.7368,0.002292
223.62,0.0016924,96.67,-6.9077,0.00013417
327.68,0.0011254,281.34,-5.9408,0.0012457
297.81,7.5136e-05,243.06,-2.8584,0.00060483
8.175,0.0038106,55.613,-2.951,0.0033651
166.12,0.0031149,235.12,-0.179,0.0014991
14.022,0.0017031,223.55,1.9163,0.002814
412.77,0.0013932,375.71,1.7513,4.3063e-05
158.85,0.0013601,89,4.3388,0.0019083
272.03,0.0019609,244.87,3.886,0.0019405
244.08,-0.00051442,36.818,4.7686,0.00059607
318.2,0.0031087,256.94,7.3794,0.0031842
289.19,0.00084456,238.69,6.8306,0.0042727
106.78,0.0038955,151.43,5.2396,0.005087
204.33,0.003921,95.15,6.7925,0.0031996
229.51,0.00092812,74.872,5.9293,0.0046221
18.17,0.0012014,219.23,4.9605,0.0013935
378.91,0.0018621,-4.1353,3.8248,0.00037116
138.69,0.0031213,335.83,3.8122,0.0025125
287.64,0.0023636,71.689,4.2703,0.0019993
319.31,0.003456,97.697,0.78268,0.0029528
229.93,0.0022678,332.46,2.0753,0.0038944
242.7,0.001143,337.56,0.98682,0.0029295
370.29,0.0023434,121.62,-0.071705,-0.0018266
353.93,0.0017543,291.11,-0.7717,0.0024135
127.3,0.0021771,153.13,-2.3297,0.0030239
119.1,0.00080138,351.83,-7.2857,0.0022278
502.5,0.0003575,317.95,-3.995,0.0046484
156.1,-0.00024012,136.57,-4.5008,0.0022084
109.17,0.0019702,246.54,-3.7543,0.0044393
171.6,0.0020715,250.39,-9.722,0.0029707
211.69,0.0014094,322.18,-5.2502,0.0030586
255.88,0.0023824,288.53,-8.0809,0.0021972
179.06,0.00061801,211.8,-6.2621,0.003796
233.89,-0.00049771,359.02,-6.9064,0.0019321
210.15,0.00080151,245.92,-4.516,0.0012706
302.71,0.00067783,127.88,-1.2206,0.0011724
420.96,0.0023236,104.43,-1.2364,0.0030655
108.01,0.0033882,35.972,-1.4036,0.00307
224.13,0.00067403,338.92,3.9316,0.0011492
300.15,0.0024145,213.84,2.8142,0.0033689
255.9,0.00042243,165.4,5.6801,0.0043905
256.46,0.002451,310.51,3.3445,0.0043236
303.66,0.0023017,245.93,5.9633,0.0022119
261.55,0.0018176,41.207,7.4226,0.0014893
100.62,0.0026406,281.24,4.1746,0.0012067
53.413,0.0020372,319.52,6.5148,0.0038217
187.79,0.0023061,226.9,5.1838,0.0025692
376.37,0.002026,211.74,3.3878,0.0025828
162.49,0.0015091,114.35,6.1225,0.0014849
218.92,0.0023983,300.25,8.3583,0.0031231
160.47,0.0019047,54.029,1.9496,0.0025794
58.482,0.00075201,178.14,3.7826,0.0029046
338.94,0.0013351,70.262,0.65323,0.0023269
302.75,0.0016232,-63.84,0.092137,0.00196
208.03,0.00076675,245.37,-0.54849,0.0037471
157.2,0.0021851,39.048,-2.3519,0.0019898
326.5,0.00070997,235.72,-5.0609,0.0023453
75.893,5.6159e-05,406.49,-3.1279,0.001127
186.77,0.002454,56.358,-4.334,0.00373
283.36,0.002581,260.44,-5.7933,0.0029915
141.82,0.0013396,193.3,-6.0927,0.00062958
211.59,0.0037923,116.98,-8.4337,0.0020443
330.18,0.001903,320.03,-6.8899,-7.499e-05
344.4,0.0013088,411.27,-4.5474,0.0015989
276.54,0.0019578,172.38,-3.8537,0.0011095
197.07,0.0023387,245.58,-5.8938,0.0012927
238.31,0.0017912,172.64,-3.4444,-8.9237e-05
124.46,0.00022171,347.81,-2.6525,0.0015896
428.18,8.4171e-05,229.15,-0.30919,0.0012109
194.35,0.00097878,239.36,1.8363,0.00081497
167.66,0.0029902,346.49,1.9802,0.0036304
289.51,0.0024443,312.78,2.5297,0.0011691
197.8,0.0028743,144.05,6.4654,0.0018253
291.19,0.0026604,102.73,2.4785,0.0020637
154.4,0.0031753,380.68,3.9825,0.002785
349.51,0.002719,182.14,6.2941,0.0029822
276.87,0.00083328,5.0619,7.7288,0.0020019
231.43,0.0015108,144.64,5.5921,0.0019072
172.58,0.0018447,186.48,6.014,0.0037009
-13.378,0.0017139,260.09,4.3393,0.0018518
71.523,0.004998,137.65,4.1373,0.0028662
266.28,-0.00071858,-8.6227,5.3151,0.0032156
123.4,0.0028126,323.41,4.8824,0.0038569
-23.16,0.002022,338.44,2.4922,0.0035594
282.28,0.0020239,447.86,1.7644,0.0030927
163.82,0.0018396,244.87,1.7501,0.0035841
333.1,0.0026013,233.11,0.98002,0.0030327
309.11,0.0017362,187.08,-1.2558,0.0033783
198.93,0.0023632,326.61,-1.7525,0.0029134
155.54,0.0015661,300.21,-5.589,0.0022256
129.73,-0.00027808,187.13,-6.5013,0.0024549
329.87,0.0012408,216.61,-5.5684,0.00076063
236.75,0.0017288,91.545,-5.0899,0.0025706
356.32,0.002475,127.35,-4.1761,0.0010124
277.51,0.00012131,281.15,-8.5411,0.0028614
362.45,0.0006782,45.908,-6.0151,0.0018316
280.77,0.003435,223.88,-5.1334,0.0030293
295.81,0.0016083,419.88,-1.9655,0.0028664
325.25,0.0016986,310.73,-1.5175,0.0033131
-87.961,0.0016169,256.43,3.1064,0.0033566
168.94,0.0021573,276.21,3.0873,0.0026947
175.56,0.001903,250.03,2.3827,-0.00018604
85.565,0.00094722,182.84,3.6927,0.0033918
203.18,0.0033768,35.596,4.0559,0.0035496
143.92,0.0025598,189.27,5.5791,0.0031055
347.33,0.0018906,346.69,7.8996,0.00041575
159.03,0.0016815,227.78,4.7364,0.0023548
27.619,0.0020117,64.341,7.7325,0.0024539
391.44,0.001306,109.14,7.1516,0.002161
177.87,0.0013018,111.16,4.3657,0.0031559
68.16,0.00369,496.3,6.4179,0.0020574
54.431,0.002961,157.78,5.7384,0.0039768
197.84,0.00082522,356.79,6.4736,0.0006524
269.72,0.003923,99.129,1.6595,0.001194
71.355,0.0025986,247.92,-0.91293,0.0016358
204.41,0.0023324,77.224,-1.3451,0.0031274
252.91,0.00050103,294.16,0.1185,0.0016741
423.5,0.0029688,143.45,-0.037243,0.0015644
162.98,0.0018722,138.84,0.051694,0.0023308
158.7,1.6511e-05,350.78,-5.7069,0.00058409
211.13,0.0026445,179.16,-3.0434,0.002949
455.18,0.0030911,93.241,-4.3047,0.0041657
168.85,0.0018361,234.46,-7.3127,0.0015518
149.61,0.00043624,140.56,-7.2801,0.00075995
239.58,0.0019491,414.32,-3.7083,0.001716
252.25,0.00096705,197.79,-8.6302,0.0030202
327.76,0.00076995,214.8,-6.2295,0.0037756
237.74,0.0019471,73.225,-7.1665,0.00088964
342.2,0.000905,484.53,-6.4354,0.001554
216.04,0.00087401,211.53,-1.2746,0.0026476
289.42,0.0024287,131.2,-2.4893,0.0015691
291.12,0.0019637,-40.826,-0.45357,0.0030739
207.56,0.0013308,129.28,-1.0529,0.0023719
382.5,0.0029883,309.54,2.477,0.0023041
325.91,0.00055795,214.81,1.0068,0.0036882
149.54,0.0012555,321.62,2.2181,0.0023903
325.97,-0.00019688,22.984,5.4564,0.0030925
301.6,0.0016471,279.96,4.8411,0.0028562
100.15,0.0030599,113.01,7.5319,0.0040946
339.94,0.00093118,227.74,4.9811,0.0040909
57.995,0.0024874,374.41,7.7443,0.0042109
200.55,0.0015381,283.9,5.649,0.0059266
154.67,0.0030639,240.04,4.5807,-0.0014487
206.75,0.0021778,295.1,4.5128,0.002115
157.12,0.00081533,236.65,7.0748,0.0031843
151.8,0.0029064,352.35,4.7237,0.0024464
311.37,0.0026051,157.75,4.3895,0.0030766
225.17,0.0011977,60.298,3.8794,0.0020944
292.89,0.002396,228.48,3.8173,0.00042338
300.22,0.0022975,113.46,1.3922,0.0016989
351.21,0.0022453,162.38,-0.8235,0.0015185
158.21,0.0020992,200.01,-2.8899,0.0014554
150.59,-0.00047194,268.73,-1.3678,0.0027703
258.1,0.0014942,344.64,-6.5421,0.0021535
257.44,0.0028982,341.67,-3.8463,0.00069999
389.27,0.0022406,360.31,-4.0628,0.0048757
271.76,0.0029959,399.08,-6.858,0.0020662
243.99,0.0037354,79.786,-8.001,0.0012604
240.25,0.0017501,285.08,-9.2954,0.0019031
115.72,0.0014484,254.28,-7.9136,0.0034023
210.39,0.0032203,-20.033,-8.8892,-0.00032689
294.92,0.0019963,350.77,-5.2197,0.00065332
273.86,0.0010022,146.7,-5.2167,0.0002303
187.32,0.0016973,181.83,-0.98303,0.0034519
407.57,0.0019501,154.23,-2.4269,0.0023621
18.427,0.00092891,125.62,0.13554,0.0036092
137.02,0.001861,192.82,3.1512,0.0012886
222.92,0.00095014,471.95,1.9184,0.0049352
341.72,0.002278,166.25,2.8755,0.0033888
281.57,0.0031714,223.61,6.836,0.0030814
142.59,0.00257,290.72,5.5204,0.0029121
271.8,0.0012968,220.97,11.043,0.0018895
233.66,0.0028636,169.13,6.0672,0.0026096
-31.477,0.0028248,206.59,5.5923,0.0020861
140.12,0.0011622,271.92,7.0925,0.0012269
213.61,0.002754,340.12,6.884,0.00086521
218.73,-5.4304e-05,279.05,6.0777,0.0032345
42.263,0.00321,402.13,5.156,0.0024968
241.48,0.0025577,237.85,4.5724,0.0024398
157.35,0.00036593,113.94,3.8519,0.0014345
32.112,0.0011727,252.07,3.2149,0.00056805
208.13,0.00066342,273.59,1.9941,0.0031815
160.38,0.0013358,204.8,2.2393,0.00070009
176.43,0.0037734,262.61,-1.0686,0.00069505
283.18,0.0028262,332.29,-3.3381,0.0028202
252.96,0.0030804,56.547,-3.6841,-0.0013209
232.03,0.0034905,195.81,-4.442,0.0027794
219.96,0.0019328,235.53,-7.6516,0.002131
10.261,0.0019867,289.31,-6.7461,-1.1648e-05
380.57,0.0015978,91.194,-5.662,-0.00054876
186.12,0.0044852,222.59,-8.5162,1.0108e-05
300.38,0.0020255,101.02,-5.0869,0.00052321
305.37,0.0010116,301.05,-6.5172,0.00318
282.49,0.0004224,103.63,-8.9116,2.8565e-05
282.34,0.0022853,304.52,-4.1613,0.0018494
201.65,0.0017863,153.14,-3.9345,0.003348
385.57,0.001878,175.56,-1.2469,0.0028826
14.276,0.0034929,158.43,-2.6248,0.0039475
184.73,0.0022937,225.43,1.7051,0.0018347
287.68,0.0038697,162.84,1.657,0.0034476
241.27,0.0019481,157.85,2.5786,0.0044189
377.37,0.00078668,297.86,2.9005,0.0012414
189.95,0.0013301,110.53,6.2634,0.0001434
354.94,0.0025171,322.88,3.8194,0.003808
98.801,0.0039808,319.97,4.7689,0.0048017
85.135,0.0036939,205.63,6.1702,0.001307
273.89,0.0023286,262.33,9.186,0.0036752
131.18,0.0012893,259.24,5.1589,0.0035133
117.05,0.0014606,84.957,4.1683,0.0023423
138.41,0.00319,480.02,4.557,0.0034761
227.83,0.001251,331.72,6.0897,0.0020253
108.04,0.0019189,247.93,4.4497,0.0023465
240.53,0.0015024,-78.266,1.4245,0.0035684
236.71,0.0017195,97.12,0.70262,0.0032561
241.54,0.0028744,80.619,4.0639,0.0014149
234.41,0.00045402,233.14,0.76752,0.001031
166.76,0.00042565,325.54,-1.0504,0.0011974
226.94,0.0038752,107.94,-3.2893,0.0044167
185.1,0.0027168,189.27,-3.43,0.0042171
66.54,0.0030854,243,-5.9453,0.0049852
456.06,0.00073988,158.49,-4.9892,0.0017598
212.67,0.00063226,171.23,-7.0377,0.00085462
233.75,0.0024409,258.39,-9.4596,0.0014987
299.04,0.0018009,275.23,-10.484,0.001567
280.51,0.0019689,519.44,-4.1971,0.0017161
281.71,0.0030467,348.3,-4.7167,0.0041333
381.28,0.0017732,344.19,-3.1372,0.0017035
272.55,0.0033421,265.87,-2.2464,0.0020058
301.1,0.0026143,362.66,0.10085,0.00098712
133.47,0.0025117,70.098,1.5277,0.00086994
294.48,0.0025433,277.28,1.4673,0.0011433
198.52,0.0013357,260.9,4.7072,0.0038221
294.07,0.0037812,142.77,7.3708,0.0027825
226.61,0.0031778,281.27,3.9767,0.0010151
77.244,0.0028529,314.9,5.7974,0.0032581
283.48,0.0013929,154.76,6.8004,0.00082498
338.72,0.00042507,411,4.4069,0.0017553
257.09,0.001802,232.65,3.5395,0.0030331
64.141,0.002628,155.54,4.4303,0.003399
69.702,0.0017428,242.52,4.9429,0.0032222
321.57,0.0011315,63.519,5.5542,0.0037895
293.4,0.0032069,145.43,0.32767,0.0041217
138.05,0.0045361,175.23,4.4345,0.001705
232.37,0.0036195,273.97,-0.17075,0.0024405
185.32,0.0019194,123.76,0.33863,0.0020462
101.01,0.0030725,227.61,-0.52395,0.0041115
360.98,0.0020097,46.81,-2.2874,0.0041554
171.37,0.0032839,355.03,-4.2255,0.0026824
208.06,0.0010243,341.76,-1.1227,0.0029412
106.86,0.0022867,289.45,-3.8086,0.00090815
117.87,0.0027268,104.44,-3.3365,0.0002356
231.03,0.0020542,371.62,-5.1567,0.0029029
103.16,0.00025446,217.27,-6.9684,0.0034532
144.57,0.0030534,88.393,-10.603,0.0011889
489.56,0.0013203,264.62,-7.9236,0.0035614
333.57,0.00094763,365.47,-8.8031,0.00035959
-54.261,0.0015431,167.56,-5.0922,0.0021322
117.3,0.0011334,331.9,-5.6476,0.0046908
364.33,0.0019963,278.86,-4.5692,0.0040709
135.01,0.0032106,20.141,-1.9934,0.0025865
149.88,0.0030726,204.68,-2.3489,0.0027036
297.23,0.0028108,327.19,-0.67706,0.0001916
282.94,0.0020333,164.08,0.86705,0.0035226
246.89,0.0020554,331.42,2.3514,0.0011551
205.89,0.0021825,36.483,4.8497,0.0019726
278.83,0.0042836,436.15,4.3783,0.0038238
238.92,0.0038158,225.7,6.1438,0.002659
239.42,0.00042732,232.15,4.9481,0.0046883
242.42,0.0016278,289.09,8.3569,0.00085801
156.89,0.0019502,196.09,5.1946,0.0043676
150.33,0.0032107,138.93,9.8942,0.0014819
206.29,0.0027137,283.18,4.8429,0.0053632
212.95,0.0017742,346.88,5.1253,0.0030299
88.318,0.0016543,112.18,5.1592,0.0024215
236.32,0.0012275,287.75,5.0017,0.0033608
82.125,0.0018858,282.8,2.0362,0.00011692
66.505,0.0037068,202.06,-1.8937,0.0018242
122.56,0.0034601,300.82,3.3798,0.0035554
310.05,0.002027,205.55,0.65855,0.0024641
203.68,0.0027041,318.82,-2.8118,0.0024889
104.59,0.0027198,100.51,-3.6175,0.0021807
219.08,0.00083435,-13.875,-6.0948,0.00054303
276.12,0.00075383,233.84,-4.7559,0.002275
194.01,0.00045403,180.85,-6.1427,0.0012851
398.81,0.002432,115.73,-6.3997,0.0031747
268.68,0.0012388,180.65,-8.4668,0.0018189
151.07,0.0022142,374.02,-10.254,0.0027713
215.43,0.0034751,326,-6.1304,0.00010967
269.25,0.0028695,382.39,-6.904,0.00081078
303.39,0.0012098,119.19,-4.6802,0.0025441
173.79,0.0001183,365.69,-3.6251,0.001433
160.78,0.0027341,66.777,-1.3432,0.0015234
84.323,0.0023078,222.61,0.9281,0.0023485
146.32,0.0020736,143.55,-0.6362,0.0051425
223.73,0.0030901,282.91,4.8465,0.0024435
195.78,0.0023232,129.21,3.348,0.0017263
130.03,0.0032651,348.75,1.8812,0.0011603
296.71,0.0030541,267.22,7.4442,0.0025
511.4,0.001312,402.55,7.1708,0.0034106
137.54,0.00086913,379.75,6.617,0.0026576
130.12,0.00083823,-32.278,5.9492,0.0037063
197.05,0.0035337,134.63,6.3453,0.0034161
173.19,0.0020999,133.59,3.8374,0.0036718
85.321,0.0025736,129.13,4.2618,0.0049841
277.58,0.0015551,338.54,6.6009,0.0036275
365.7,0.002914,274.27,5.3467,0.001856
117.43,0.0025043,232.26,0.62052,0.0022069
103.11,0.0022958,239.72,2.8117,-0.00072127
299.94,0.0024396,228.2,1.0098,0.0028505
142.8,0.0012262,144.96,0.8534,0.003414
236.96,0.0031987,233.12,-0.44293,0.0039172
303.97,0.0015527,111.13,-1.2392,0.0022521
448.87,0.0035847,232.71,0.50676,0.0013872
364.71,0.0024478,115.73,-6.0982,0.0014705
72.733,0.0015877,200.86,-3.1356,0.0045872
302.02,0.0024553,141.13,-3.8374,0.0023937
207.28,0.0013264,334.34,-6.8082,0.0031065
164.78,0.0011432,101.73,-9.971,0.0032981
392.7,0.0030119,168.04,-9.2194,0.0016219
208.16,0.0011342,346.89,-6.1574,0.00098736
98.196,0.00237,302.82,-8.5795,0.0049829
204.75,0.0029382,97.469,-4.4316,0.0014844
149.28,0.0005348,176.8,-3.1374,0.0003805
-81.587,0.0012728,225.1,-1.2344,0.0011254
83.792,0.0036337,174.17,2.6247,0.0030022
240.33,0.0019708,234.09,1.1132,0.0033644
330.43,0.0018158,181.51,3.6934,0.0012683
301.97,0.0016848,165.88,3.7169,0.0034054
217.66,0.00264,232.36,9.5857,0.0029865
29.091,0.00085983,284.15,7.129,0.0035161
261.24,0.0014263,301.36,4.4593,0.0043118
164.74,0.0050607,291.93,4.4508,0.0028296
267.71,0.0035438,147.97,7.8336,0.0044963
298.3,0.0019671,247.18,9.0844,0.0029279
183.59,0.0015219,100.85,6.7044,0.0015234
398.87,0.0018404,199.72,5.5728,0.002903
229.03,0.0023553,50.589,2.6172,-0.0011019
344.54,0.0022824,341.87,5.1944,0.00085904
298.57,0.0014669,219.3,2.621,0.0027849
52.558,0.0015295,400.96,2.3722,0.0025884
206.31,0.00064365,300.7,2.4834,0.0041276
189.35,0.0017586,174.28,-2.8446,0.00063291
377.46,0.0032277,249.2,-0.71175,0.0030156
4.459,0.0010571,243.95,-4.568,0.0037345
352.48,0.0015141,283.69,-1.7136,0.0005758
199.04,0.00084542,290.58,-4.5719,0.0038361
277.67,0.002437,235.32,-5.2742,0.0011406
323.75,0.0017986,177.95,-7.4257,0.0020772
438.6,0.0027366,389.5,-7.3155,0.0018503
388.76,0.00019265,273.09,-8.6532,0.0029442
402.06,0.0026279,300.99,-7.4987,0.0016459
431.88,0.0011273,337.46,-8.1505,0.0021164
214.08,0.0024898,268.8,-7.7093,-0.00012741
280.11,0.0013722,328.71,-3.764,0.0014615
181.21,0.0029139,118.76,-4.8586,0.0030219
298.06,0.0016644,227.07,-1.5736,0.0022721
155.49,0.00251,213.59,-0.58481,0.0037335
145.77,0.0012571,206,-1.8232,0.0029844
410.88,0.0031299,334.58,2.3588,0.0027501
350.3,0.0023282,213.6,4.2139,0.0018319
404.32,0.0027817,96.472,5.0804,0.0022841
159.44,0.00083511,245.49,3.9759,0.002352
356.29,0.0018919,280.27,5.6454,0.0048734
220.87,0.0023211,255.31,6.3003,-0.00025972
228.3,0.0022775,199.99,5.826,0.0037896
352.24,0.0044367,154.02,6.9891,0.0012446
214.96,0.002371,231.81,7.8926,0.0038614
208,0.0021569,105.76,7.4102,0.0038683
162.93,0.0010744,336.91,2.8625,0.0016467
257.48,0.0017227,160.63,3.4848,0.0067811
439.36,0.0033801,229.86,3.4579,0.0019628
186.58,0.0020753,296.28,1.122,0.0029069
307.76,0.0022538,74.939,2.0907,0.0034518
249.96,0.0023023,252.7,2.5345,0.0015109
208.09,0.002366,261.06,-1.3112,0.0046982
157.31,0.0041293,326.22,-1.267,0.0037221
171.48,0.0028135,393.59,-3.8853,0.0051557
-25.799,0.0020978,390.97,-2.5589,0.0017732
178.39,0.0020776,466,-6.7901,0.0011231
136.33,0.0020033,98.463,-6.0343,0.0027377
393,0.0022725,146.55,-6.2219,0.003819
150.56,0.0025357,264.29,-5.8477,0.0033501
265.35,0.0020396,70.757,-7.8758,0.0023735
184.85,0.00076734,96.902,-8.6013,0.0019963
254.86,0.0035548,335.5,-7.2445,0.0014707
104.59,0.00263,196.78,-3.9822,0.0020777
142.16,0.0019974,262.64,-0.085379,0.003126
185.57,-1.3917e-05,203.55,-2.7014,0.0023703
129.38,0.0024172,95.611,-0.49386,0.0030003
83.119,0.0023133,101.01,0.41845,0.001354
196.35,0.0025484,307.17,2.3211,0.00039897
296.16,0.00030587,373.22,3.1007,0.0020587
170.49,0.0016413,127.01,4.9937,0.0043918
112.04,0.0028013,167.48,8.0975,0.0040791
70.235,0.0028938,269.3,5.7401,0.0028617
106.5,0.0038553,169.24,7.4319,0.0032359
215.88,0.002064,213.25,8.0554,0.0037295
210.97,0.0014593,-87.667,7.5409,0.002524
220.42,0.0021454,30.854,8.4223,0.0019264
206.98,0.00067779,276.87,6.0434,0.0025696
181.08,0.0027329,296.31,2.8258,0.0043449
286.83,0.0013079,332.5,5.8222,0.0034917
199.83,0.0026206,123.39,1.4289,0.0035229
229.81,0.0011782,171.09,1.6799,0.001748
180.26,0.0016294,280.5,0.66977,0.0040722
208.17,0.0025991,367.07,2.2014,0.0012944
189.79,0.0021171,332.27,-2.1792,0.0010619
74.797,0.0017861,54.779,-1.2519,0.0019731
138.19,0.0020583,228.15,-0.77435,0.00018877
96.336,0.00040314,124.66,-4.9009,0.0018224
211.16,0.00046114,262.47,-5.9426,0.0017335
238.64,0.0012204,264.5,-5.7284,-0.00052051
240.03,0.0016677,207.87,-7.0973,0.001419
73.14,0.00098768,181.91,-8.5968,0.0035052
378.29,0.00018396,159.94,-6.8593,0.0008533
309.04,0.002482,304.64,-6.55,0.0040601
240.95,0.0002401,322.71,-4.7048,0.00078347
370.86,0.00077117,132.95,-3.019,0.0016523
161.47,0.0012233,460.66,-4.0064,0.0018066
123.81,0.0027095,230.31,-0.95092,0.0026885
250.03,0.00010756,325.32,-3.0526,0.0011414
276.59,0.00035255,399.84,-0.71653,0.0019982
231.97,0.00067572,370.42,-0.37921,0.0022181
293.08,0.0015932,162.1,2.3287,0.00373
269.66,0.0029824,225.74,5.3293,0.0002542
252.64,2.6463e-05,296.4,6.4952,0.0036954
225.91,0.0030325,77.732,7.08,0.0023928
126.17,0.0014426,139.54,8.8472,0.0038913
47.731,0.0025409,166.54,5.4922,0.0023206
237.73,0.00030972,105.26,4.4041,0.0020922
192.02,0.0013066,273.96,2.0341,0.00031985
332.85,0.0021573,10.247,6.0046,0.0058393
140.78,0.0015516,245.44,5.7448,0.0016786
220.13,0.003653,350.49,4.7821,0.0050367
131.86,-0.00074568,259.69,2.8953,0.0026349
7.9394,0.0024399,217.05,4.9674,0.0023292
303.09,0.0014301,194,0.027018,0.0034743
85.598,0.0025124,243.08,4.6023,0.0021433
285.18,0.0026505,288.24,-0.35776,0.0018847
117.85,0.00039552,242.44,-1.9981,0.0013008
-13.444,0.0013049,263.59,-0.91911,0.0040622
178.51,0.0013234,53.641,-3.6219,0.0016977
447.32,0.0022668,315.64,-2.7062,-0.001013
202.58,0.00059185,242.89,-3.2085,0.0027729
381.54,0.0035013,68.559,-8.7281,0.0019218
311.85,0.0016072,266.53,-6.1372,0.00069528
309.14,0.0018965,131.83,-7.1116,0.0025928
400.71,0.0017036,252.17,-5.3512,0.0017367
180.47,0.0013933,126.79,-8.8347,-0.00019825
171.71,0.0012682,318.74,-2.6446,0.0017513
308.2,0.0010152,257.34,-1.855,0.001788
184.83,0.001158,349.45,2.1111,0.0019128
174.2,0.0021273,401.83,-2.0095,0.0012078
264.2,0.0031752,315.23,2.7279,0.0034507
227.38,3.7432e-05,226.23,3.8608,0.0029113
350.08,0.0019847,271.96,5.3325,0.0019133
190.92,0.0019053,234.44,9.6677,0.0037577
243.11,0.00080771,172.22,6.6984,0.0020527
299.8,0.00088293,36.322,8.765,0.001879
221.76,0.0020909,71.413,4.7503,0.0031208
31.164,0.0018578,69.074,3.8278,-0.00022147
330.94,0.001742,150.99,4.9247,0.0015709
192.99,0.0026041,62.731,3.6309,0.00092991
194.96,0.0023744,276.36,3.5726,0.0023656
64.426,0.0018102,238.77,4.1621,0.0031483
59.228,0.0013032,33.003,2.2247,0.0018923
138.67,0.0010544,4.5399,-0.34896,0.00032112
241.76,0.0017214,177.18,2.2197,0.0025224
246.59,0.0014251,288.55,-2.3516,0.0024931
157.72,0.0013563,169.68,-0.13576,0.0011297
266.04,0.0014465,61.192,-2.1907,0.00033351
136.49,0.00070957,62.869,-6.3141,0.0036358
252.63,0.00081603,320.59,-3.8652,0.0012369
216.1,0.00069648,226.39,-4.3492,0.0021182
118.13,0.0016842,267.09,-6.0198,0.0016281
350.31,0.0028092,148.71,-7.6515,0.00214
242.5,0.0033483,202.11,-6.7907,0.0024842
242.6,0.0021932,354.44,-4.8862,0.0013418
274.03,-0.00032903,188.52,-5.7821,0.00056078
442.23,0.00034017,215.22,-5.734,0.0025462
152.94,0.0020188,76.945,-6.6926,0.0045435
65.01,0.0010217,179.61,-4.9315,0.0017088
151.44,0.0025198,380.49,-3.7006,0.0015965
98.761,0.0021024,123.04,-1.0549,0.0031243
121.38,0.0027719,279.78,0.83435,0.0029294
398.77,0.0021927,182.12,2.8527,-0.00011836
158.78,0.0034847,270.93,4.6814,0.0028059
186.66,0.0010005,353,4.9389,0.0018895
433.87,0.0034725,239.35,7.4015,0.0023214
165.4,0.001804,161.7,6.3449,0.0018004
220.88,0.0036864,66.201,2.9284,0.0030644
282.83,0.00080775,202.68,3.6787,0.00068141
214.97,0.0029005,268.3,7.3512,0.0031118
235.27,0.0012021,248.42,7.5047,0.0028245
53.124,0.00086384,212.41,5.2281,0.0034449
143.58,0.0014929,164.91,7.7129,0.0022612
217.38,0.0013926,234.11,2.0902,0.004195
192.68,0.0016458,228.09,2.643,0.0019119
275.41,0.002766,262.91,2.0128,0.00069573
273.51,0.001757,123.56,0.52084,0.0033758
248.44,0.0027625,239.65,-0.28579,0.0018307
172.21,0.0030072,405.25,-1.766,-0.0010678
100.5,0.0012553,139.73,-0.23044,0.0040365
154.88,0.0028043,387.61,-2.4993,0.0015849
-25.991,0.00033058,215.41,-6.6377,0.00046624
230.62,0.00042012,65.769,-3.4661,0.0037169
176.79,-0.0010138,367.02,-4.676,0.00056456
401.06,0.0013802,350.35,-3.6673,0.0012597
307,0.002991,154.69,-6.5148,0.0040006
74.555,0.0023026,187.42,-8.3181,0.0016432
147.43,0.0015556,338.72,-5.4418,0.0021636
279.74,0.0011546,201.84,-8.4221,0.0014848
219.86,0.0024032,241.8,-7.2236,-0.00021888
57.404,0.0010265,115.21,-6.1511,0.00076541
139.74,0.0011157,222.54,-4.9841,0.004425
36.286,0.0035774,328.9,-1.7898,0.0019798
436.42,0.00073574,337.12,-0.64688,0.0026657
223.34,0.0031839,208.56,-2.337,0.0034498
415.02,0.0013612,211.54,2.4726,0.00069035
353.56,0.00033852,205.93,1.6042,0.0023359
103.09,0.0035414,202.4,3.8645,0.0024478
341.38,0.0035761,149.2,4.0483,0.0030086
194.13,-0.00079372,401.83,5.8706,0.0034316
213.13,0.0038141,195.6,6.6781,0.0020992
57.779,0.00084962,166.58,4.9746,0.0021028
267.23,0.0013517,184.81,6.9145,0.00081665
359.54,0.0013171,99.997,6.0138,0.0016208
97.765,0.0025935,169.94,4.9126,0.004735
113.31,0.0016632,215.44,5.3412,0.0033065
218.97,0.0009554,95.315,6.3438,0.0034409
258.66,0.0023223,219.92,5.446,0.00055632
307.03,0.0022886,293.66,2.2925,0.0014442
304.03,0.0010378,104.72,1.484,0.00068989
215.53,0.0021259,213.71,2.451,0.0035424
194.49,0.0029855,159.16,-0.24858,0.0017667
327.88,0.0034067,282.2,0.94074,0.0022499
103.39,0.00063454,324.25,-3.9991,0.0022211
233.73,0.0024024,328.57,-2.1595,0.00061583
240.67,0.0016279,188.63,-3.5103,0.002789
178.13,0.0013336,199.85,-3.7298,0.0020637
469.8,0.0024472,237.43,-5.2508,0.0024692
221.84,0.0016909,236.48,-5.5015,0.0034828
348.81,0.00082259,362.31,-8.517,0.0015151
221.42,0.00063361,181.7,-5.1903,0.0038257
306.13,0.00039218,306.78,-6.8628,-0.0012281
167.37,0.00071211,181.83,-5.258,0.0025459
288.06,0.0012107,37.082,-6.7393,-0.00033984
289.41,0.0036062,84.422,-2.5272,0.00065086
347.68,0.0016037,49.366,-3.1371,-0.00060054
176.74,0.0016557,121.39,-4.094,0.0026744
336.42,0.0020887,344.02,-0.42528,0.0008562
-43.259,0.00033622,198,-0.87817,0.0020567
389.2,0.0011688,130,-0.59669,0.0023564
110.75,0.0016512,168.95,3.1893,0.00058886
44.644,0.0042616,36.346,4.9627,0.0018204
301.27,0.00051945,289.57,1.9304,0.0053223
230.53,0.0032552,197.43,8.1066,0.00091279
218.31,0.0021786,31.647,7.1255,0.0036928
110.23,0.0012642,294.57,6.9687,0.0018574
101.24,0.0013909,396.89,6.3966,0.0039275
121.79,0.0025536,128.07,9.4136,0.0034759
180.71,-2.6461e-05,283.68,5.3071,0.0038945
244.08,4.5431e-05,287.29,5.1102,0.0033745
292.73,0.0009104,264.93,4.3109,0.00056922
363.47,-0.00048432,196.83,3.4567,0.0019285
219.31,-0.00047024,314.42,2.1899,0.0023504
358.69,0.002613,137.45,1.6735,0.00273
329.31,0.0026752,222.32,-1.8094,0.0017949
86.079,0.0020335,171.88,-0.99111,0.0014117
166.74,0.0010848,228.96,-1.4953,0.0015814
108.06,0.00055479,253.35,-5.2319,0.00084661
225.46,1.2343e-05,186,-3.4982,0.0017713
73.649,0.0010125,88.284,-5.5189,-0.0010976
332.78,0.0019093,279.22,-4.7044,0.0030937
277.68,0.0010037,170.12,-9.4432,0.0011712
228.98,0.0026512,230.94,-6.2514,1.8198e-05
61.645,0.0014927,266.35,-8.4594,0.0044286
112.43,0.0010985,239.14,-8.1826,0.0026444
390.24,0.0011174,507.9,-7.0754,0.0039391
228.49,0.0019441,17.15,-6.0157,0.0032167
221.75,0.003319,224.22,-5.8142,0.00073013
168.41,0.0022779,246.86,-6.6092,0.0018438
179.49,0.002615,322.28,-1.1902,0.0019087
355.59,-0.00042286,175.83,-3.6141,0.0022484
370.73,0.0035515,240.94,0.19952,0.0030212
276.89,0.0023967,277.39,1.4789,0.0034436
356.24,0.0028485,12.077,3.464,0.002712
419.54,0.00023568,275.06,3.5745,0.0042168
304.61,0.003335,170.22,5.0014,0.0032415
81.713,0.00073789,310.58,5.0204,0.0021972
160.24,0.0037909,275.94,5.5063,0.0012481
272.41,0.0015494,201.14,3.714,0.0016153
213.89,0.0028583,133.36,6.3257,-0.00024838
146.07,0.00098562,87.422,6.5403,0.0026741
232.54,0.0023832,105.7,4.2588,0.0026067
15.239,0.0012071,160.05,6.9407,0.0021076
196.42,0.00070419,162.6,3.9141,0.003843
267.53,0.0033719,151.79,6.3129,0.0042909
226.21,0.0030812,201.05,0.88785,0.0012142
129.83,0.0015176,360.81,-2.0905,0.0023572
134.67,0.00108,236.03,-1.0466,0.001762
442.13,0.0014258,218.46,-3.1305,0.002158
337.17,0.0016126,140.86,-0.82224,0.0023208
318.91,0.0014839,242.37,-0.51997,0.0028198
235.63,-0.00046584,158.75,-3.855,0.001863
234.74,0.00090655,-80.34,-4.4684,0.0026952
207.05,0.0018674,202.19,-5.7028,0.0016762
267.44,0.00062958,308.52,-4.4367,0.0017397
280.85,-1.6432e-05,331.26,-4.0422,0.0002539
37.859,0.00049511,244.92,-9.1358,0.0027875
340.54,0.0017631,191.95,-5.6745,0.0020138
143.33,0.001164,73.582,-7.3819,0.0012179
170.25,0.00048099,233.32,-6.3321,0.0020339
280.31,0.0034056,147.19,-2.2616,0.00032584
144.51,0.0031472,110.07,-5.4309,0.0025521
141.21,0.0021086,224.51,-1.6869,0.0025039
415.61,0.0013737,160.59,-2.0859,0.0017273
336.09,0.0022223,300.75,-0.89258,0.0011002
315.37,0.0027337,327.49,0.92507,0.0018493
284.38,0.0015963,93.612,3.7598,3.8952e-05
258.38,0.00079629,201.5,5.4274,0.00042431
379,0.0022539,49.855,6.5995,0.0012286
38.799,0.0039757,209.47,3.0382,0.0029563
271.81,0.0016428,173.65,5.6803,0.0034551
45.514,0.0014029,336.69,9.7501,0.0038783
276.53,0.001278,370.31,5.963,0.0030373
315.62,0.0042733,284.06,4.7128,0.0014445
206.19,0.0021345,205.91,4.4012,0.0010918
406.48,0.0007203,191.14,6.618,0.0023288
307.3,0.0017757,333.59,6.5651,0.00061702
162.25,0.0035543,239.6,3.0448,0.0023424
205.75,0.0031256,248.53,4.1052,0.0016983
83.848,0.001955,138.17,0.51515,0.0032252
62.651,0.0029115,322.76,3.7554,0.0021355
251.47,0.0022751,284.85,0.93499,0.0018661
162.03,0.000858,279.51,-0.2223,0.0016614
336.19,0.0027429,346.27,-1.8466,0.0037878
293.53,0.0002455,228.42,-2.0994,0.0031046
37.314,0.0030967,90.854,-7.1074,0.003452
346.66,0.0023161,213.03,-4.2057,0.0018512
68.301,0.002246,243.17,-6.8234,0.0014855
248.19,0.00066778,367.03,-9.6228,-0.00024412
348.56,0.0013448,218.46,-6.3827,-0.0005863
129.3,0.0020627,120.9,-7.3411,0.0023792
208.2,0.0040608,286.8,-8.7338,0.0014593
212.38,0.0011804,377.8,-6.7811,0.00077825
76.021,0.00065281,286.72,-3.6847,0.0026712
218.95,0.0030043,77.302,-4.3551,0.0016399
109.25,0.00052227,300.61,-3.1762,0.0022922
294.77,-0.00010567,293.64,-3.345,0.0012765
158.28,0.0027575,64.055,-0.62819,0.0033202
190.22,0.0018136,226.33,1.8372,0.00016286
205.12,0.0018672,297.04,1.9207,0.0023753
206.93,0.0027846,164.58,2.6135,0.0012558
188.47,0.0011029,287.54,3.5953,0.0035125
47.84,-0.00074559,299.07,6.7766,0.0028099
132.59,0.0035353,301.77,5.901,0.0043646
187.99,0.0024568,371.93,7.2115,0.0033992
213.92,0.0029086,-0.076512,5.3409,0.0019023
392.9,0.0033955,-1.4867,9.1601,0.0025938
122.14,0.0022675,190.44,8.293,0.0032619
257.63,0.0018996,157.23,5.2003,0.0032603
395.64,0.00062143,217.79,7.423,0.00098861
381.42,0.0015414,69.585,5.4519,0.0035758
227.82,0.00096481,441.56,1.5547,0.0046986
330.18,5.9751e-05,215.83,-2.1224,0.0031932
410.48,0.0023297,122.46,-0.14729,0.0031578
508.58,0.0038263,258.23,-0.97518,-0.00091898
146.63,0.0030472,83.602,-0.66961,0.00201
275.44,-0.00026552,275.84,-4.5341,0.00041161
169.03,0.0035232,187.19,-1.9672,0.0029033
285.71,0.00069996,120.42,-5.2608,0.0010953
15.238,0.0023353,200.95,-5.3059,0.0015453
-3.9131,0.00080568,197.09,-5.1406,0.00088252
175.29,0.0026078,288.83,-5.1164,0.002867
116.38,0.0016635,201.47,-6.7178,0.0007271
131.58,0.00156,225.2,-9.0656,0.0028671
173.9,0.0014611,346.11,-5.7397,0.0026625
317.87,0.0011794,198.76,-7.0704,0.0015083
100.61,0.0010098,178.63,-6.7392,0.0026084
422.03,0.0013996,221.5,-4.2656,-7.8196e-05
262.32,0.0022726,377.81,-3.6032,0.0047593
85.08,0.00024819,403.72,-3.584,0.0022163
352.92,0.0012985,196.52,1.1775,0.00099508
232.02,0.0023244,265.88,0.57144,0.0030872
145.24,0.0019968,342.74,2.8025,0.0029499
150.15,0.0039338,157.13,1.103,0.0028219
141.1,0.001491,261.64,4.1683,0.0037879
253.69,0.0015144,141.61,5.3394,0.0017496
248.87,0.0039975,186.45,5.5242,0.0042603
190.39,0.0033828,71.714,10.555,0.0026274
162.69,0.0029657,181.74,5.1856,0.0023548
286.12,0.00045193,158.46,8.5149,0.0026949
353.42,0.0018179,186.8,10.507,0.00086572
183.46,0.0026429,262.9,5.3638,0.0020629
111.23,0.0030388,147.12,3.0451,0.0018887
252.38,0.0016501,69.005,1.2352,0.00061515
169.9,0.0022933,7.4604,3.268,0.0025536
271.85,0.0024992,117.41,0.158,0.003236
247.13,0.0026326,360.85,2.8445,0.0011181
179.47,0.0020889,375.4,-1.6088,0.0013517
59.033,0.0017821,162.81,-1.7364,0.0033698
124.72,0.0021573,184.31,-2.6533,0.002228
336.27,0.0027646,215.24,-3.8171,0.001586
138.59,0.0015524,308.97,-3.1165,0.0013835
209.75,0.0019766,237.04,-4.4683,0.00080397
291.63,0.002668,221.49,-6.6086,0.0033465
138.4,0.00053556,324.38,-9.0575,0.00082164
47.07,0.0013783,221.49,-7.7792,0.0031811
234.69,0.0015953,36.291,-5.4392,0.0026409
132.68,0.0011568,239.47,-7.9422,0.0013099
25.532,0.0014429,221.78,-8.8654,0.0019165
156.4,0.0019057,418.31,-5.1908,0.00198
298.27,0.0022124,69.09,-3.9925,0.001607
182.67,0.0013062,379.31,-4.423,0.0035057
238.03,0.00039092,302.02,1.8473,0.0036467
214.57,0.0021809,333.53,1.3382,0.0019036
371.15,0.0021618,240.94,2.784,0.0025997
263.65,0.0017924,98.059,3.1729,0.0034579
272.79,0.0037216,156.51,2.4798,0.0039197
136.84,0.0021164,449.84,5.9406,0.0015205
194.55,0.0021059,167.36,7.3894,0.00079922
287.68,0.0041174,330.47,5.2754,0.0013609
187.71,0.0015729,209.18,8.0491,0.0056338
194,0.0016994,65.473,8.013,0.0024473
211.72,0.0032179,227.35,4.4728,0.0015173
146.25,0.0028872,237.92,6.1571,0.0021395
106.85,0.0029782,259.76,3.6256,0.0032824
263.99,0.0023777,281.41,4.9911,0.0035471
233.9,0.0046329,342.14,3.8615,0.0010406
58.227,0.0012891,213.83,5.5084,0.0032231
230.53,0.0029149,107.84,3.3438,0.0017581
240.61,0.0015954,424.28,-0.47712,0.004707
78.248,0.00085856,280.47,1.1308,0.0025008
318.32,0.0010627,277.54,-1.0123,0.002003
276.67,0.0041539,222.03,-4.2932,0.0021423
226.14,0.001352,341.15,-3.3129,0.002836
288.36,0.0026334,140.42,-5.4081,0.0023625
61.547,0.00082142,81.78,-4.5771,0.0028591
121.47,0.0022271,278.38,-6.1013,0.0015279
151.15,0.0019352,118.01,-8.5208,0.0032325
351.41,0.0020111,257.61,-6.122,0.0040477
65.841,0.0021965,216.51,-6.4778,0.0023345
323.31,0.00065269,219.71,-7.065,0.0015095
181.42,0.00046816,203.51,-4.7608,0.00065314
352.56,0.0021223,241.58,-6.7473,0.0017673
246.23,0.0017711,281.95,-4.8489,0.0034717
202.81,0.0021227,33.511,-2.102,0.002307
285.79,0.0033264,212.61,-0.83362,0.0035411
78.041,0.0014887,57.3,1.2892,0.0010688
314.05,0.0017297,74.821,1.5832,-0.00063744
206.04,0.0031264,169.45,4.5845,0.004356
297.05,0.0014465,175.03,6.9485,0.0038451
238.25,0.0025557,464.32,5.7752,0.0020288
240.73,0.0027036,255.74,5.5878,0.0035697
254.33,0.0008474,236.53,8.3873,0.0035989
82.119,0.0024887,143.93,4.8881,0.0055119
221.53,0.0039869,243.87,8.7397,0.0050742
101.48,0.00046429,242.11,7.1839,0.0029497
247.01,0.0014095,156.01,9.0529,0.0026884
322.83,0.0008758,38.717,3.6992,0.0029206
274.13,0.0018046,222.69,5.1639,0.00051757
201.06,0.00064408,108.23,5.4406,0.0044656
129.71,0.0019349,132.8,6.1621,0.0013895
76.088,0.0023246,56.911,-0.40432,0.0034517
235.56,0.0017358,94.344,1.1873,0.0036225
397.21,0.0019446,211.84,2.293,0.0031496
241.59,0.00060605,225.52,0.76184,0.0013844
222.17,0.0022321,336.34,-3.3231,0.0013226
291.87,0.0015111,149.16,-3.7461,-1.3712e-05
199.86,0.003181,30.386,-7.6111,0.0030503
284.85,0.0020737,241.29,-8.687,0.0021287
205.32,0.00074899,274.52,-6.6359,0.0017949
323.66,0.0026418,187.3,-6.1884,0.0024141
195.75,0.0028616,215.06,-7.5741,0.0011097
161.03,0.0018575,399.48,-4.1692,0.00034099
430.06,0.001716,171.13,-6.9196,0.0023717
146.59,0.0015173,41.86,-5.5812,0.0019402
218.21,-0.00041839,378.41,-5.2079,-0.00052739
257.51,0.0015608,122.74,-5.7366,0.00032072
203.9,0.0022744,111.19,-3.2251,0.0028445
224.57,0.0013992,185.54,-1.8214,0.0019793
209.18,0.0011234,38.529,-3.217,0.0027362
-31.889,0.0006358,179.16,1.4394,0.0026084
160.76,0.00065365,309.17,1.8168,0.0052402
198.29,0.00087977,339.91,4.2605,0.0031379
134.38,0.0012639,165.11,1.1598,0.0028706
272.14,0.0024715,299.2,3.0216,0.0017433
46.477,0.0043654,207.46,8.2234,0.0022556
170.73,0.0036162,166.1,5.9323,0.0047143
146.88,0.0036981,344.12,4.8299,0.0030223
295.06,0.0034543,149.22,5.0805,0.00027349
284.93,0.0030126,10.474,8.8264,0.0033988
247.95,0.003426,173.77,5.9944,0.0024457
231,0.0016822,194.38,3.8935,0.0025054
114.37,0.0018298,209.17,4.914,0.0018162
245.59,0.0030095,108.75,3.2288,0.0016915
272.63,0.001572,209.53,3.1948,0.0017953
312.2,0.0026848,198.47,2.3359,0.0029928
191.65,0.0027621,417.92,-1.0957,0.0026685
353.82,0.0017056,244.62,-0.8409,0.0015516
355.91,0.002641,216.89,-1.6801,0.0018235
320.2,0.00072923,138.96,-2.7103,-0.00085503
139.82,0.00098649,324.77,-4.4549,0.00063671
267.4,-0.00017776,160.29,-4.6219,0.001221
91.325,0.0018858,263.29,-5.026,0.0025356
281.07,0.0012224,365.94,-6.643,0.0029449
242.92,0.0022298,152.4,-6.9246,0.0016882
193.24,0.0011943,175.28,-8.3421,0.00088846
154.09,0.0012998,73.181,-7.5269,0.0021265
170.36,0.0024204,112.8,-9.983,0.0034995
38.014,0.0030556,263.37,-4.8657,0.0017158
81.171,0.002584,194.08,-2.7724,0.0019902
92.37,0.0010829,118.04,-2.0276,0.0020794
157.47,0.002269,244.52,-3.0195,0.0035918
256.36,0.001456,313.46,0.90184,0.003424
18.642,0.0014277,428.52,0.22775,0.00062813
210.22,0.0014069,255.21,3.7295,0.0014521
52.596,0.001782,326.41,3.2433,0.0037198
217.07,0.0034818,201.76,5.5116,0.0037833
229.5,0.0017504,104.62,6.0494,0.0024333
274.15,0.0017742,227.6,2.4493,0.001837
199.27,0.0030269,469.52,7.0197,0.0015496
242.46,0.0031422,172.38,5.2104,0.004277
306.21,0.0019697,223.42,6.3746,0.0029236
257.72,0.0019945,163.91,4.6314,0.0028056
275.66,0.003357,-39.02,8.3719,0.0012744
116.99,0.0026827,176.84,5.7762,0.004039
236.36,0.0019052,155.77,2.8098,0.0011009
211.48,0.001677,239.68,4.4544,0.0046159
80.724,0.0033815,193.83,3.0039,-1.2103e-05
376.51,0.0016864,316.11,2.9152,0.003869
107.7,-0.0007558,197.66,-0.94066,0.0020401
206.3,0.0025321,200.48,-1.7629,0.0043921
396.99,0.001038,5.0889,-3.2187,0.0045708
262.77,0.00049922,218.67,-3.516,0.0029923
190.17,0.00080741,214.54,-2.1075,0.0049623
323.59,0.0003776,366.59,-1.5554,0.0032197
383.94,0.0025532,108.55,-3.2457,0.0018797
194.19,0.0013166,234.65,-7.5383,0.0036833
378.97,-0.0010771,318.19,-7.9616,0.00096556
321.22,0.0036404,173.23,-7.7394,0.001505
373.71,0.0012221,162.95,-8.3109,0.0031666
345.7,0.0011087,390.43,-5.4221,0.0031919
259.09,0.0021758,163.16,-7.5016,0.00049481
92.209,0.0023852,45.813,-4.68,0.0025437
316.89,0.0022966,389.14,-4.1644,-0.00040915
283.33,0.00023304,268.45,-1.275,0.0029754
134.81,0.0026955,185.9,-1.295,0.00014353
269.83,0.0010119,199.27,1.5158,0.0018236
202.8,0.0026546,213.18,0.51127,0.0038288
270.37,0.0032603,169.88,1.733,0.0025951
229.22,0.003742,270.79,3.2189,0.0026249
359.32,0.0030022,319.34,4.6551,0.0041272
48.834,0.0034537,212.39,7.1736,0.001342
296.39,0.0023012,179.84,6.362,0.0022964
262.25,0.0037054,246.84,6.4661,0.0044419
187.76,0.00097234,159.63,6.7621,0.002699
93.841,0.0010655,220.59,4.0821,0.0006769
283.01,0.0027698,69.372,5.6203,0.0023348
58.393,0.00012176,253.48,6.3671,0.004644
313.7,0.0025866,293.14,4.1606,0.0019468
274,0.0036531,347.46,3.0118,0.0044403
61.053,0.0015039,373.01,4.1229,0.0042466
227.7,0.0022098,285.87,1.3548,0.00052396
285.77,0.0016378,376.36,0.90262,0.004517
204.73,0.0014024,300.11,-0.5157,0.0019616
101.09,0.002487,279.37,0.46045,0.0025151
323.28,0.0024356,205.01,-0.4392,0.0014705
363.33,0.0012522,228.84,-3.4445,0.0013621
190.61,0.0015092,147.11,-5.9472,0.0029526
274.25,0.00068633,84.191,-4.4014,0.0018842
278.79,0.0012179,242.81,-6.6122,-0.0003164
447.91,0.0016005,343.81,-4.5661,0.0021067
317.56,0.0022951,184.75,-6.1974,0.0014833
200.74,-0.00043461,390.23,-8.8484,0.0034337
226.01,0.0037004,212.31,-8.0998,0.0056085
246.33,0.0033734,202.35,-7.858,0.0027938
403.42,0.0026175,358.37,-4.1865,0.0026966
362.31,0.0012511,243.01,-6.2581,0.0021327
334.73,0.0025268,291.95,-1.8602,0.003284
255.3,0.0028096,180.93,-3.991,0.0017589
330.66,0.00326,230.13,-1.7457,0.0026401
12.635,0.001553,289.22,1.3522,-0.0011104
119.27,0.0017949,334.52,0.12255,0.0029416
245.17,0.0041525,184.31,4.9933,0.0020881
217.83,0.0026125,110.87,5.8263,0.0010383
334.66,0.00036912,401.77,3.8064,0.0017717
203.81,0.0028669,342.39,5.3622,0.0031302
440.2,0.0027769,281.64,6.2828,-0.0004532
58.601,0.0030029,342.86,6.5429,-7.3935e-05
257.73,0.0021801,178.23,3.7862,0.0047694
259.17,0.0029907,98.707,3.489,0.0020113
215.62,0.0022625,249.64,5.6084,0.0019942
259.17,0.0032945,279.32,4.9864,0.00016132
384.59,0.0024242,71.184,0.54782,0.0031013
169.86,0.002308,228.06,2.8948,0.0049765
64.261,0.0021077,206.03,2.2155,0.00022639
293.09,0.0011284,168.47,0.69964,0.0033807
145.24,0.0043466,335.03,0.7938,0.0030722
278.15,0.0021999,161.35,-0.30612,0.00080789
250.8,0.0021442,145.32,-0.3811,0.0021986
333.4,0.0014138,118.15,-2.7941,0.0028994
248.08,0.0017138,223.24,-3.0218,0.0049699
348.75,0.0023222,196.84,-5.6129,0.0011389
305.3,0.0021401,207.25,-8.3596,0.001168
126.53,0.00090527,393.61,-5.4911,0.0038446
361.31,0.0016223,352.26,-8.7845,0.0012221
142.39,-8.5267e-05,239.68,-7.4134,8.4977e-05
318.67,0.00046206,397.97,-4.0334,0.00294
261.55,0.0012699,189.06,-4.4759,0.0018944
190.58,0.0019581,-23.146,-4.6013,0.002132
188.39,0.0025962,364.86,-6.86,0.0050803
110.36,0.0039095,189.51,-3.0941,0.0011631
156.92,0.0010812,186.18,-2.0411,0.0027565
185.67,-0.00079554,348.24,0.17311,-0.00022943
265.54,0.0035019,396.54,1.7526,0.0037157
456.31,0.0028784,56.597,-0.51851,0.0043136
78.237,0.0031942,297.87,3.2992,0.0025983
414.2,0.0030083,71.281,4.1354,0.0020596
374.53,0.0033188,179.68,7.9766,0.0036027
240.02,0.0017183,282.35,3.8874,0.0024205
38.529,0.0017131,247.03,4.5638,0.0037313
247.51,0.0020396,260.41,5.5161,0.0012057
108.61,0.0011997,353.33,7.2794,0.0010563
226.29,0.002001,145.82,6.4001,0.00051463
50.161,0.0033275,182.72,6.0371,0.0027845
58.615,0.0020497,247.5,6.0679,0.0025725
66.08,0.002775,229.96,3.7902,0.0028282
90.734,0.0019807,322.12,4.9312,0.0032222
191.3,0.00086593,232.2,1.2165,0.0033075
323.37,0.0029874,308.44,2.2295,0.0017864
422.51,0.0014075,166.95,0.40182,0.0027136
