118.9,0.0033582,176.82,121.06,0.005611
149.7,-0.0040777,130.04,92.462,0.0062733
143.65,0.013047,138.5,114.03,0.011694
151.05,0.0062055,164.98,-0.95479,0.014457
132.07,-0.00057816,119.64,127.48,0.010222
139.3,0.0081944,123.56,42.951,0.017366
118.96,0.0027369,140.5,40.597,0.013274
149.96,0.018395,169.28,124.31,0.014511
138.71,0.0016693,135.35,54.548,0.016101
161.71,-4.8384e-05,160.04,126.8,0.016427
131.77,0.026728,143.58,-0.49162,0.0098249
119.51,0.009401,135.13,79.568,0.028798
121.64,0.0096436,109,70.099,0.030341
117.09,0.0094267,160.97,51.169,0.019075
129,0.010808,122.68,121.7,0.016775
144.99,-0.0013237,141.95,87.348,0.016275
86.494,0.0028025,142.17,73.137,0.016665
92.08,0.013592,95.741,64.912,0.022288
128.15,0.022956,101.99,106.19,0.029321
128.07,0.026912,95.167,108.97,0.027295
94.372,0.022686,90.601,75.043,0.030317
159.91,0.028681,82.593,118.07,0.042704
105.19,0.043159,117.91,174.66,0.02628
112.48,0.025819,81.78,116.37,0.053827
79.871,0.02301,102.76,111.53,0.036168
91.736,0.04345,85.119,132.06,0.046074
85.229,0.037619,114.4,81.355,0.055485
65.284,0.041844,82.552,146.2,0.042518
100.45,0.061513,115.01,167.32,0.046311
68.497,0.04207,53.434,125.18,0.050248
110.86,0.063576,82.002,184.99,0.050404
67.657,0.051459,107.65,174.19,0.043657
91.188,0.05237,83.141,141.44,0.051041
91.118,0.076258,94.403,138.07,0.063034
69.805,0.070616,97.285,119.63,0.068653
88.556,0.045939,79.502,173.49,0.063447
91.134,0.056582,74.584,207.27,0.056936
69.449,0.059957,54.207,157.73,0.063594
88.111,0.076412,73.285,200.86,0.070316
61.131,0.067499,85.368,144.71,0.064724
36.955,0.060507,67.641,149.68,0.068732
115.82,0.05135,89.616,139.82,0.064935
74.616,0.050534,70.797,146.16,0.068427
23.883,0.04976,56.373,175.59,0.079594
78.919,0.046396,63.209,129.11,0.065234
84.66,0.060263,69.539,143.58,0.067131
55.337,0.046948,106.38,110.56,0.064119
73.978,0.068434,-7.0071,175.61,0.056231
71.425,0.057565,47.259,136.14,0.075204
65.657,0.058798,80.025,128.7,0.06768
84.332,0.061186,46.826,179.47,0.065607
45.276,0.068458,74.795,197.25,0.050557
67.098,0.077249,51.392,140.28,0.07538
34.178,0.06388,78.256,183.62,0.083287
33.339,0.073867,55.888,101.24,0.072862
59.161,0.06806,56.262,199.93,0.081632
47.604,0.076121,51.721,193.62,0.099919
55.457,0.081991,58.694,192.01,0.099401
46.674,0.09354,40.634,209.94,0.086804
57.116,0.094141,41.15,180.13,0.10269
48.572,0.086205,67.666,236.05,0.097845
61.4,0.1027,6.5386,241.18,0.097643
46.533,0.079812,18.937,163.15,0.090116
49.669,0.089142,58.378,89.055,0.10756
7.7715,0.10755,38.145,162.14,0.097796
30.442,0.1067,-20.368,189.04,0.10648
38.137,0.092295,5.9789,154.1,0.096035
21.954,0.11143,9.2393,196.66,0.10928
48.462,0.11101,43.374,236.11,0.11875
36.844,0.11125,2.8905,189.03,0.093486
33.001,0.10641,49.85,172.49,0.092047
47.936,0.11895,53.554,199.19,0.10811
8.1058,0.11001,1.5897,285.06,0.094775
35.279,0.12478,12.869,176.47,0.11484
21.884,0.11208,32.254,230.76,0.11255
37.846,0.13253,-16.873,232.58,0.1145
6.2643,0.11473,32.453,203.85,0.11966
17.944,0.11046,-5.0487,236.01,0.10662
18.096,0.12215,20.452,174.98,0.10665
12.196,0.118,4.8493,221.68,0.11329
20.038,0.11839,0.87139,235.38,0.10934
26.762,0.1346,11.284,230.74,0.11376
20.409,0.1396,16.379,257.4,0.11788
33.446,0.11206,-5.2961,207.26,0.11949
-10.248,0.11706,-16.204,143.98,0.10449
2.9058,0.11773,21.238,253.9,0.10907
17.807,0.095186,-6.08,198.64,0.10599
38.118,0.12375,29.442,232.62,0.11196
-9.8284,0.1312,11.844,207.1,0.10361
19.024,0.13851,36.162,198.97,0.098478
34.506,0.10328,1.6273,207.17,0.10523
-12.394,0.11083,42.846,223.84,0.10677
12.447,0.12188,4.7049,159.82,0.10177
18.998,0.13501,26.098,186.75,0.11487
31.312,0.12374,15.85,283.02,0.097271
25.491,0.10232,5.0811,184.48,0.12293
61.313,0.10377,28.507,240.15,0.10457
27.449,0.097746,-4.7715,193.9,0.11873
4.1436,0.10454,4.92,164.35,0.10954
35.037,0.10801,40.467,250.54,0.10552
5.4274,0.12784,26.352,201.91,0.1108
9.2106,0.12441,12.746,215.33,0.10526
-15.017,0.1444,18.093,208.31,0.12275
41.04,0.13989,2.7747,203.87,0.099112
11.323,0.13183,2.1345,161.93,0.11995
3.346,0.13135,19.727,265.84,0.13673
37.363,0.13393,13.334,204.72,0.12246
2.9835,0.1485,29.27,280.28,0.13391
0.37047,0.14303,15.054,199.98,0.12147
18.125,0.17193,18.131,253.05,0.1309
22.496,0.15424,-19.381,249.34,0.1224
12.156,0.15218,-12.24,202.25,0.11598
10.967,0.12422,-5.6626,232.85,0.12949
-11.684,0.16258,-18.833,215.32,0.1365
24.301,0.16719,-42.692,288.61,0.14442
44.478,0.14708,1.3597,234.3,0.13603
10.643,0.16028,-4.9698,186,0.13644
-23.499,0.18335,9.9856,224.79,0.14253
-12.06,0.16922,39.167,226.2,0.1439
-13.243,0.19559,19.242,269.58,0.14098
-1.235,0.16929,9.3072,292.7,0.17182
-57.654,0.17252,-7.8367,203.73,0.16422
10.867,0.18237,19.25,208.34,0.15328
-6.0787,0.17614,10.473,220.59,0.14233
-6.0716,0.15615,-29.864,230.81,0.14711
-12.684,0.20272,-15.945,231.23,0.15674
-6.3755,0.18298,-29.364,273.05,0.16231
-40.306,0.19331,24.923,217.51,0.15287
20.247,0.19746,5.6863,225.08,0.15374
22.617,0.18108,21.993,218.5,0.16695
-40.002,0.18329,36.026,272.21,0.16624
-28.031,0.20943,34.823,237.31,0.14882
-8.8925,0.18851,5.8133,244.52,0.15332
-15.574,0.20545,-6.5265,182.8,0.16057
-8.5518,0.18683,-0.63158,261.12,0.16825
14.33,0.18253,14.983,248.22,0.15981
3.0524,0.20567,-7.2793,257.44,0.16474
-5.2092,0.18526,3.0505,212.46,0.15624
-1.362,0.18829,-27.607,255.8,0.15153
9.9679,0.17379,3.0474,243.26,0.15469
-27.952,0.21702,22.889,241,0.15978
-26.127,0.18413,17.967,233.62,0.16574
-12.739,0.20022,17.333,269.66,0.1662
1.8802,0.19697,20.394,318.59,0.15479
14.306,0.17632,-20.266,274.97,0.16979
21.607,0.18593,-4.5518,252.13,0.17031
-7.7176,0.20006,5.2982,249.38,0.15277
-23.513,0.20618,21.775,272.93,0.17464
5.0884,0.20505,-1.0049,142.13,0.14675
-50.831,0.20517,-25.678,267.54,0.16687
0.42975,0.21467,-29.186,256.94,0.15792
-42.604,0.20124,1.6177,297.26,0.17157
-27.971,0.19115,-11.822,233.57,0.17439
-9.1194,0.20358,6.6695,216.89,0.1792
7.0307,0.18311,26.613,191.54,0.17274
15.863,0.20483,-24.227,253.63,0.16487
-9.0796,0.21674,6.2768,248.03,0.1631
23.793,0.19644,-2.8457,257.58,0.16932
0.60105,0.20568,18.56,178.76,0.16202
-30.704,0.21203,9.0033,238.97,0.15902
24.069,0.19038,-4.2026,272.95,0.16671
7.169,0.19892,-16.05,197.19,0.16631
-2.6164,0.20314,-17.639,266.31,0.16806
2.1591,0.19319,8.1935,265.73,0.16859
5.2385,0.18631,6.4675,249.21,0.16158
-28.773,0.19176,38.052,255.8,0.17031
-18.089,0.2054,8.6605,234.14,0.16105
17.3,0.18894,-21.216,261.12,0.16648
3.48,0.20576,-14.56,255.19,0.17141
-5.7586,0.19566,6.2047,280.17,0.16438
6.2362,0.22101,-0.24649,301.19,0.17239
-16.91,0.20317,4.2782,240.3,0.16338
-21.464,0.19344,0.58188,253.97,0.16158
20.594,0.19646,5.8091,194.71,0.16613
-18.604,0.20113,11.26,269.64,0.16016
8.7454,0.1963,-16.765,270.57,0.16033
-10.141,0.19376,-3.5975,271.7,0.16451
-17.774,0.19846,-7.4258,268.1,0.18539
11.502,0.18644,12.538,263.34,0.16855
4.44,0.21869,-37.909,259.37,0.16443
12.063,0.22038,-4.5157,194.66,0.16601
-21.402,0.20867,-37.347,266.48,0.16226
0.48117,0.19163,53.413,221.82,0.17429
58.083,0.20779,12.605,228.51,0.16329
5.523,0.21387,-1.3774,304.58,0.18123
25.992,0.22155,3.6769,296.76,0.19549
29.276,0.21558,-28.606,255.47,0.18092
1.9561,0.20204,19.927,241.16,0.17737
-2.0926,0.22254,24.866,264.3,0.17006
7.5079,0.19818,-6.1829,252.96,0.17227
18.983,0.20603,36.516,188.91,0.16816
22.976,0.22591,35.437,281.2,0.19682
36.368,0.21885,9.5799,296,0.18976
-15.576,0.24677,26.338,240.63,0.18046
-14.112,0.24098,-10.031,241.61,0.18126
24.366,0.22649,30.422,239.93,0.207
32.175,0.24017,29.104,250.67,0.18979
18.987,0.24553,3.8098,322.18,0.18713
-16.455,0.25417,13.19,254.43,0.20246
47.437,0.24751,26.52,281.35,0.18945
28.149,0.2346,-8.0617,249.81,0.20149
48.781,0.26785,5.5485,244.79,0.18754
20.47,0.27728,26.805,286.84,0.19434
34.296,0.26568,35.42,255.33,0.18885
3.6122,0.29351,14.488,335.81,0.19583
0.14851,0.26419,-19.537,284.94,0.18583
47.869,0.24666,30.017,252.04,0.19321
32.527,0.25553,-2.3883,280.64,0.18367
19.655,0.25984,5.9788,269.25,0.19705
50.488,0.2731,22.329,252.43,0.19357
3.9075,0.25018,-4.9204,249.93,0.18314
21.892,0.25294,-4.4025,315.67,0.18235
15.114,0.26301,1.2812,274.45,0.17031
0.7544,0.24317,16.236,228.31,0.17007
-22.016,0.24221,4.1899,271.86,0.17834
2.0478,0.25745,21.313,278.2,0.16575
16.389,0.23454,-2.0718,297.87,0.17655
2.7401,0.24519,-33.875,287.32,0.18974
26.965,0.22191,29.132,272.59,0.15862
15.316,0.2546,-18.632,200.38,0.16693
7.8726,0.24651,16.554,240.01,0.16703
29.381,0.25069,19.764,275.97,0.16805
1.7575,0.22756,-26.104,275.17,0.17625
7.9809,0.22558,17.307,308.53,0.17441
10.619,0.21958,30.231,269.31,0.16545
-2.362,0.2136,-7.5246,289.18,0.16185
56.958,0.23792,-19.538,276.12,0.16056
41.352,0.23701,29.592,328.01,0.17485
29.632,0.22152,-0.4706,251.75,0.16511
-6.7381,0.24632,2.9893,283.12,0.17617
28.861,0.22892,22.88,282.51,0.16843
33.348,0.2344,-3.6209,317.23,0.18273
27.258,0.25675,2.5153,303.15,0.17518
6.6525,0.23656,-28.051,224.2,0.17947
21.578,0.25667,35.927,227.9,0.17342
5.752,0.25868,44.58,222.26,0.18684
43.183,0.24474,5.43,141.78,0.19118
21.017,0.26116,31.889,69.866,0.18038
64.534,0.27612,10.321,121.71,0.17331
59.361,0.25682,14.406,87.349,0.17093
31.86,0.28152,3.9364,13.563,0.16064
46.423,0.25582,17.979,43.187,0.17171
60.759,0.2666,21.443,15.949,0.17335
29.69,0.25476,23.97,40.967,0.14214
23.512,0.26521,31.888,37.537,0.16172
65.569,0.26048,18.352,28.025,0.14747
49.448,0.25592,-18.987,30.619,0.13291
11.173,0.22334,11.908,-20.978,0.13211
25.018,0.21153,-6.3368,70.586,0.12645
36.239,0.20758,26.169,-26.937,0.11346
25.269,0.2082,3.6047,81.744,0.10905
48.396,0.20061,15.94,33.437,0.10346
-9.105,0.19633,5.8993,63.623,0.08479
31.543,0.16747,42.891,44.892,0.095221
23.374,0.15765,-8.2971,78.775,0.07193
42.298,0.17195,15.848,87.916,0.089328
55.514,0.1708,57.521,-54.697,0.080017
14.054,0.14138,51.597,-17.39,0.062923
34.71,0.12271,4.3409,55.496,0.062099
10.738,0.1397,27.211,52.941,0.055375
23.069,0.13561,12.313,23.707,0.050558
-10.122,0.13308,42.164,5.6243,0.05074
43.579,0.13138,41.942,92.75,0.056355
57.002,0.12266,40.284,73.522,0.056502
16.666,0.12334,7.3075,31.252,0.051765
19.49,0.098916,28.588,10.033,0.034917
48.976,0.12021,-5.9711,51.368,0.049348
3.0058,0.12245,-11.203,30.935,0.044729
25.353,0.091626,21.846,31.084,0.044044
8.9709,0.097802,19.664,40.827,0.044161
27.036,0.12605,-8.9032,-18.137,0.025727
-17.321,0.091357,9.0942,95.315,0.039827
44.062,0.084489,23.208,-11.795,0.039079
20.145,0.11369,15.188,38.935,0.040246
26.883,0.10725,1.7742,58.561,0.020536
43.186,0.11915,45.463,65.227,0.040393
29.458,0.10267,-24.031,50.471,0.041495
46.076,0.11391,17.839,8.506,0.036727
10.945,0.085716,-2.0646,59.885,0.029221
28.073,0.095654,31.681,70.729,0.027385
15.989,0.104,24.224,76.814,0.037518
47.332,0.08674,0.7528,40.133,0.023609
17.547,0.10734,16.786,26.079,0.029733
49.45,0.086859,7.6575,80.206,0.015653
38.546,0.10592,8.7439,64.024,0.023781
29.628,0.10274,36.232,32.319,0.034044
66.138,0.10776,50.613,35.481,0.031311
41.788,0.083855,36.983,33.104,0.0083895
35.122,0.091251,22.409,8.4967,0.017109
8.2106,0.093336,26.497,37.591,0.015007
50.195,0.080035,12.673,38.715,0.019084
37.697,0.063363,31.61,48.154,0.018043
13.804,0.06505,25.053,21.383,0.0042777
39.697,0.092265,48.227,-41.161,0.019792
43.636,0.064744,52.556,69.583,0.014267
1.223,0.075113,34.797,30.356,0.023966
39.264,0.054309,20.242,55.891,0.01706
58.278,0.036478,19.932,70.257,0.013266
61.857,0.064844,5.012,74.035,0.023735
31.125,0.055895,44.874,16.97,0.010021
67.505,0.033622,28.416,14.807,0.01206
20.409,0.040619,39.093,43.684,0.0066343
55.898,0.020222,28.234,43.127,6.8482e-05
35.366,0.046972,24.434,28.517,0.0014448
37.317,0.044897,18.217,57.721,-0.007658
25.688,0.040373,29.863,-8.058,0.00025347
56.315,0.033602,47.761,54.147,-0.0016787
73.652,0.039703,22.502,19.722,0.012288
17.892,0.036458,16.232,15.436,0.009399
47.584,0.021654,18.705,20.568,0.0095098
63.111,0.01583,16.37,50.833,0.0042873
72.188,0.020855,-0.054242,50.613,0.014563
14.526,0.021744,2.2163,46.999,0.0041867
36.196,0.029569,17.112,28.104,0.01017
33.474,0.035037,-0.69447,11.769,-0.0027568
42.455,0.020402,0.30497,7.4809,0.014631
4.6433,0.014204,16.722,43.867,0.0015257
71.188,0.029079,39.491,-2.3773,0.0011726
-2.6041,0.021592,34.568,68.22,0.0093302
16.487,0.02131,17.209,10.098,-0.013182
11.887,0.01455,25.48,31.618,-0.0035605
14.843,0.010987,20.739,40.787,0.012558
43.378,0.027545,2.8364,23.766,0.0092592
22.71,0.026408,29.553,47.074,0.012165
6.0629,0.0035608,33.08,35.115,0.0041365
13.01,0.010687,40.466,51.802,0.0066262
31.373,0.019556,43.648,29.552,0.015254
25.548,0.015728,21.496,82.351,0.0022924
18.1,0.028085,29.753,13.331,0.00098722
34.272,0.026211,45.216,7.4131,0.0057348
8.7461,0.027669,47.97,36.923,-0.00052492
43.348,0.019134,38.501,81.954,-0.0042155
41.556,0.01519,1.5519,61.345,0.0054813
21.406,0.022873,56.23,27.783,-0.013739
37.105,0.014333,0.78705,59.864,0.011492
39.305,0.0026793,52.903,-27.537,0.017024
30.684,0.035325,26.349,20.673,0.0026338
-4.3546,0.028813,17.203,38.533,-0.011087
31.367,0.0048562,48.198,40.856,0.0033962
10.543,0.0091148,25.705,0.023307,0.0032856
41.827,0.037478,-4.0114,14.754,0.00078138
14.254,0.012898,60.922,102.93,-0.011585
33.742,0.0042995,56.291,67.234,-0.00074834
23.546,0.02046,6.8361,39.327,0.0076266
37.961,0.012761,35.373,35.452,0.0020189
6.7711,0.024792,9.8047,84.629,-0.018968
30.386,0.0065216,30.378,40.936,0.0036786
46.616,0.017614,54.22,13.114,-0.00094618
35.211,-0.0022933,6.131,57.692,0.0055445
36.875,-0.0020168,-26.026,14.641,-0.0063385
-6.2279,0.0039084,-3.8087,18.99,0.0033316
28.499,-0.0083868,38.345,92.399,0.0098936
39.344,-0.0023863,48.397,34.545,0.0059546
1.1859,0.020621,9.0219,70.776,0.01085
28.664,0.022169,37.265,108.9,-0.019068
11.814,0.011575,44.431,39.357,0.018098
36.118,0.0093958,46.409,47.978,0.010288
3.4302,0.013558,41.331,100.14,0.007286
10.739,0.0059016,11.011,16.91,0.0021862
-9.0629,0.0070085,53.117,7.6955,0.0054444
66.547,0.016977,-3.4827,63.202,-0.00010652
23.266,0.0096121,24.133,69.629,0.0052773
65.861,0.022787,37.296,72.913,0.0067024
34.481,-0.01342,59.713,26.235,-0.01401
-9.1125,-0.00084661,-4.1794,13.187,0.0025199
47.043,0.0044342,35.458,14.652,0.0025795
64.183,0.019786,41.316,44.169,0.001202
27.571,0.005442,18.837,70.401,-0.0012186
17.284,-0.00014133,15.433,-31.26,0.0034735
5.5751,-0.0039554,28.14,34.595,-0.0036581
44.134,-0.0015829,34.498,30.812,0.0054724
32.844,0.019397,72.444,14.55,-0.00798
29.926,0.0080473,49.563,15.093,0.0086236
42.195,0.04227,20.594,43.491,-0.011848
47.63,-0.0013703,4.5013,71.211,0.0052571
6.4978,0.01791,45.25,67.57,-6.916e-06
27.167,0.019443,34.974,93.809,-0.016724
40.657,0.0082419,46.469,53.457,-0.0077701
33.937,0.00043159,59.23,3.0677,0.0083339
54.272,-0.0033898,23.674,58.702,-0.019721
50.671,0.0042307,33.653,6.1399,0.0023276
30.703,0.017912,63.512,82.767,-0.0075578
45.338,0.0019319,47.087,17.026,0.0096011
39.223,-0.0058935,65.017,-32.331,0.0057246
57.807,-0.015257,41.15,29.734,-0.011945
26.127,-0.0019495,69.5,39.895,0.0089825
29.888,-0.0025699,38.324,102.56,0.0031171
75.842,0.013966,41.171,94.122,0.013312
24.349,-0.00027383,39.679,12.772,-0.010988
52.525,0.0029725,14.155,-26.414,0.0036208
22.653,0.0046435,52.178,70.369,0.0011634
28.599,0.0026773,22.355,54.876,0.0029402
32.508,0.019882,23.285,24.419,0.0068151
49.32,0.014284,40.67,50.116,0.0037052
19.476,0.0041548,27.807,34.555,-0.0024116
23.074,-0.0063804,47.293,0.53557,0.00021477
23.049,-0.0019205,30.227,77.873,-0.014793
10.909,0.0041596,30.227,15.546,-0.0039744
6.7096,0.008441,64.882,29.685,0.0060237
60.976,-0.0010993,31.723,62.315,-0.0090502
8.5813,0.010753,-0.76889,1.4907,-0.0026546
27.291,-0.0014423,28.396,52.444,0.008466
9.7008,-0.0059364,11.46,-18.58,0.0056026
10.382,0.0073656,40.801,33.196,0.0016401
12.755,0.0043687,55.183,36.663,0.0086995
16.018,-0.0074367,31.282,3.3319,-0.0059946
18.463,-0.0066298,33.603,78.24,0.020479
42.506,-0.0083975,15.057,45.439,-0.013531
39.755,-0.0031107,26.946,53.48,0.0054774
15.952,0.014068,27.647,85.013,0.0035331
-5.4408,0.010433,36.388,28.907,-0.0041572
33.49,0.017074,61.959,12.79,-0.005396
-0.61601,0.0043416,36.972,-26.927,-0.0065766
23.451,0.016249,23.618,51.178,-0.0033853
19.969,0.012466,13.205,95.922,-0.0072059
48.655,0.016551,23.504,17.332,-0.0015648
23.158,0.0050983,5.6544,-7.0304,-0.0064031
50.495,0.0022573,43.237,53.258,0.00028163
22.031,-0.0028541,33.621,5.0796,0.017295
-8.628,0.0028194,6.3837,60.028,0.020617
16.666,0.0098774,-2.8409,-29.516,-0.013561
23.213,-0.0063388,31.275,87.729,-0.00092063
33.146,0.00225,52.417,9.0204,0.0082479
59.91,0.025009,43.301,27.742,0.003831
37.007,0.0096424,19.065,77.826,-0.0030961
37.27,0.00094184,52.152,63.516,-0.0067891
42.933,-0.018498,24.054,27.847,-4.4698e-05
27.885,-0.0038507,52.06,60.668,-0.0061381
50.136,0.0081201,31.564,27.932,0.0050366
19.107,0.0093004,62.617,43.979,-0.0067843
47.481,0.0095911,38.897,75.764,-0.011033
-5.8556,0.013413,43.544,5.2667,-0.00094353
40.338,0.010966,18.692,34.549,-0.00069204
21.828,0.00021138,32.425,53.292,0.006382
41.203,0.00055857,44.063,15.552,0.019187
39.921,0.021181,47.925,51.178,0.015796
60.346,0.02494,45.457,56.045,-0.0074785
-5.1835,0.0058944,38.07,37.399,0.010633
61.214,0.012684,30.195,16.584,0.001156
58.611,0.0026932,35.359,43.722,-0.0032327
47.403,-0.016122,40.555,60.778,0.0052954
46.704,0.0060473,53.219,82.455,0.0020814
45.72,0.019902,31.144,64.64,0.0022398
21.789,0.0042831,24.245,31.906,0.011307
31.559,0.0023051,6.8213,61.767,0.0021518
19.21,0.00011006,15.061,9.5951,0.011821
16.78,0.01206,51.67,83.239,-0.0049931
29.2,-0.014916,-5.0439,24.473,-0.0034028
6.8942,0.0091732,18.718,77.617,0.0028743
34.547,0.0076919,7.9653,50.701,0.00061299
40.551,0.0079178,55.206,39.529,2.0434e-05
9.8421,0.01307,51.99,68.243,-0.0017753
42.106,0.005226,-15.195,50.858,-0.0004802
29.631,-0.021904,28.614,72.072,0.0071132
25.833,-0.00072381,59.437,0.87672,0.014699
38.61,0.0050662,42.802,51.566,-0.0018039
41.095,0.00085206,26.363,67.601,0.00052662
48.959,0.014932,37.443,-25.989,-0.0067885
42.878,-0.010664,39.098,15.205,-0.0059937
33.583,0.022731,42.983,-27.477,0.0078865
30.593,0.0020517,52.535,50.545,-9.4448e-06
32.159,-0.0073418,15.163,12.951,0.0066133
43.337,-0.0053296,14.74,4.8802,0.0025436
33.056,0.003743,16.811,60.357,-0.0052976
35.091,-0.00092884,6.5593,74.528,0.0034194
38.676,0.0050844,51.851,9.6522,-0.0049358
54.85,0.0010861,46.848,31.635,0.0014076
46.397,-0.018481,44.419,1.8106,0.0070378
39.884,-0.0034897,43.913,-24.052,0.0056236
65.716,0.0030786,21.021,7.3651,0.0040474
40.636,-0.0020974,24.268,137.17,0.0071906
38.17,0.0062785,67.675,76.955,0.00058404
79.01,0.0080212,35.932,104.5,-0.0048721
49.864,0.016409,39.598,7.7186,0.00082347
64.979,0.017062,52.989,5.9368,0.0042314
-6.5874,-0.019803,68.896,82.745,0.0057125
31.683,-0.0095134,36.853,102.79,0.0037314
47.965,-0.0060948,42.258,111.33,0.010346
26.318,-0.0070169,22.98,37.638,0.0045854
37.862,-0.011854,65.318,24.496,0.0037076
68.744,-0.013857,42.469,26.109,0.00024678
44.456,-0.0021196,32.663,80.421,0.005349
-6.0475,0.023089,30.89,73.348,0.0027624
66.796,0.024538,37.877,34.148,0.0041218
71.78,-0.015182,30.839,15.543,2.1823e-05
19.839,-0.0067387,22.266,77.153,0.010728
45.782,-0.0015657,64.06,80.62,0.0058263
53.999,0.0061799,34.023,72.534,0.0020359
24.941,0.017492,39.104,144.41,0.00031445
17.265,-0.011638,31.876,117.27,-0.0021113
36.274,0.0048327,28.732,14.663,0.0042
36.563,0.0028749,45.673,43.499,0.0035926
24.036,0.016253,-14.185,36.243,0.0050196
49.166,0.0080776,42.335,47.161,0.0049899
63.842,0.0093645,28.262,30.407,-0.00096476
40.48,-0.0098602,36.936,83.455,-0.005524
23.56,0.027526,49.084,-4.9554,0.00044962
9.1876,0.014848,58.623,47.068,-0.0074273
57.322,0.0090631,36.654,116.94,0.014874
40.524,0.0010089,2.6865,2.3155,0.005039
39.614,0.0084516,36.17,79.202,0.0087232
46.932,-0.0044444,27.909,65.289,-0.026016
31.244,0.017908,48.932,84.214,0.0075285
32.126,0.018463,33.922,59.286,-0.0055457
49.665,-0.0029318,18.5,74.163,-0.0070615
40.92,-0.012643,27.626,31.796,4.1896e-05
45.24,0.0014503,17.515,-1.9213,-0.0037278
26.281,0.0046175,41.856,108.58,0.0036691
68.528,0.012286,43.69,104.03,0.0069447
64.316,0.0047175,59.39,59.084,7.1058e-05
75.042,-0.007828,24.998,17.274,-0.0003713
37,0.0078247,61.744,59.383,0.0074041
42.026,0.012205,71.542,28.513,0.014225
57.234,0.0093809,30.618,4.6171,-0.0074092
21.194,0.0070744,25.176,38.062,0.014667
27.989,0.017822,21.355,31.187,-0.0028539
66.174,-0.0072245,51.698,62.309,0.0045693
52.314,-0.012583,32.417,31.358,-0.0051817
11.613,-0.0068791,31.097,41.094,-0.0015727
99.804,0.0023143,69.019,43.752,-0.0041773
28.411,-0.011506,57.252,52.494,0.002588
38.131,0.018621,15.763,31.98,0.0091704
59.878,0.0090511,37.507,106.73,0.0043746
49.662,0.0086347,21.181,21.72,-0.0025334
53.485,-0.0091328,44.841,4.3428,-0.0019499
37.595,-0.0010394,25.806,20.041,0.00080093
33.196,-0.0045699,1.7051,67.361,0.010917
31.751,-0.0089412,34.589,-20.549,-0.0056345
27.035,-0.016485,41.221,80.843,-0.0093814
29.866,-0.004167,33.482,83.537,-0.0016087
36.455,0.011453,27.779,-2.6049,-0.0030862
18.865,0.0069393,30.972,9.3328,7.9008e-05
55.337,0.027261,20.872,53.137,0.0046373
25.329,-0.0070212,25.062,10.531,-0.00046541
47.115,0.014274,-3.8846,72.44,-0.0075994
-8.9521,-0.014635,41.185,18.151,0.0069457
74.088,-0.0083231,13.623,14.972,-0.0073126
36.288,0.0034443,5.772,77.405,0.0049238
14.808,0.014512,16.654,-3.7208,-0.011941
33.824,-0.0029396,27.69,25.611,-0.0067839
41.868,-0.014182,68.025,77.993,0.0066751
41.159,0.0031617,48.018,49.039,-0.0069106
63.631,-0.0049246,62.617,30.513,-0.016107
39.921,-0.00092581,32.241,55.405,0.005558
59.991,0.0081212,45.446,96.705,-0.013295
40.166,-0.005049,27.381,-21.85,0.0073905
25.412,0.013056,12.296,8.1367,0.0074098
49.854,0.0054785,45.911,64.693,-0.0078306
49.491,0.014702,40.971,-3.4995,-0.0036637
49.666,0.015104,37.124,63.797,-0.00071462
31.518,0.012597,47.804,87.685,0.0024554
14.613,0.0014729,57.285,71.212,-0.0094337
47.005,0.00083653,52.474,61.819,0.001549
30.11,0.014647,23.248,69.727,-0.011511
27.324,0.018612,29.61,-10.943,0.01706
76.009,-0.01053,42.704,17.713,0.0083553
34.24,0.013144,19.126,91.66,-0.0044614
34.209,-0.0019232,27.249,87.763,0.0095666
29.247,0.014819,37.252,58.15,-0.0041509
37.857,0.0012183,59.939,74.987,-0.0008178
17.827,-0.026653,37.575,62.483,-0.0025281
49.196,-0.0078623,68.63,45.834,0.010608
54.119,0.0096515,8.8955,13.632,-0.00061994
54.802,0.016153,38.348,46.769,0.0094823
66.911,-0.011966,48.98,23.897,-0.018077
42.291,-0.0034087,50.45,60.482,-0.0067599
10.775,0.0025918,26.896,48.014,0.0036756
13.868,0.0042256,4.7782,26.401,0.0041159
41.961,0.0024201,48.372,29.117,-0.014751
70.37,-0.0059692,49.653,95.89,-0.0064381
12.117,0.0044372,56.763,45.984,0.0013097
16.92,-0.0011459,42.436,54.164,0.004876
18.849,0.0031305,45.203,78.031,0.0050686
14.58,-0.0075335,9.3364,-7.7199,0.010665
54.676,0.0067835,16.834,58.955,0.0040202
32.965,-0.0058059,16.226,57.116,0.00031127
6.6939,-0.0091914,71.286,62.228,-0.0024142
24.349,0.002527,47.402,64.544,-0.0061425
25.595,-0.0084718,38.137,25.215,0.0041716
40.801,0.0058063,32.696,14.507,0.0042152
40.356,-0.00014008,33.4,45.288,-0.00019433
37.43,-0.0075022,33.399,48.066,0.0075798
42.19,0.0021507,43.314,20.96,-0.0045813
28.301,0.011846,20.013,23.312,0.0053075
53.072,-0.0015438,25.139,46.896,0.0082728
22.515,0.011438,-6.2999,66.124,0.0068425
34.089,-0.0061486,15.201,38.674,-0.00014596
23.515,0.0021514,35.825,1.7766,0.0019258
44.923,0.015096,33.353,110.38,-0.00908
61.12,-0.0044747,26.925,36.08,0.0011318
21.857,0.029271,19.437,24.682,-0.0076591
27.879,-0.0055724,65.734,65.672,0.0041894
75.972,0.013774,3.5834,70.063,-0.0054936
27.232,-0.0080194,34.301,76.935,0.001385
46.269,0.009502,20.14,17.426,0.010775
70.072,-0.00072986,18.213,71.627,0.011514
41.569,0.025991,63.943,67.583,0.015702
20.546,0.00028916,44.802,87.986,-0.018574
29.134,0.003572,50.463,134.27,-0.001252
43.869,0.0050673,43.327,30.039,-0.0059301
51.98,-0.0032133,30.832,64.155,-0.009855
22.326,-0.0084014,56.992,82.113,-0.002949
63.587,0.010238,25.269,56.638,0.0015205
25.808,0.025906,50.266,-16.585,-0.0107
52.184,-0.0052963,-4.8789,46.713,0.013391
65.019,0.0023237,38.945,57.452,0.0026329
12.339,0.0016097,26.259,21.667,0.022884
72.055,0.010577,29.931,131.09,0.0079038
33.359,-0.0048835,51.904,49.606,0.009281
15.559,0.00048076,34.199,68.637,-0.016004
49.999,-0.0038486,32.238,72.287,0.011937
34.255,0.0033935,31.998,58.819,-0.016633
45.609,0.0093374,19.773,6.0099,-0.0021602
24.482,0.0063327,94.064,63.056,-0.0023912
32.556,0.00063033,49.288,16.998,-0.0036746
77.952,0.0066196,36.624,56.757,-0.00041262
40.562,-0.0038751,32.51,49.072,0.0004198
42.789,0.0023114,62.832,67.483,0.0071644
26.081,0.0040573,34.896,66.273,0.0060934
62.283,-0.0065502,19.383,-2.1338,-0.0004105
8.6692,0.0083141,46.9,80.301,0.0048989
26.154,0.0076159,45.966,25.227,-0.00081527
44.137,-0.0053118,26.509,59.277,0.00083793
7.4785,0.0061688,37.523,-0.9685,0.012611
32.298,-0.010028,29.703,52.015,-0.015996
39.613,-0.0075662,33.706,16.112,-0.0024909
56.87,-0.01835,19.957,67.315,-0.0078772
76.063,0.0205,40.036,78.699,-0.0017887
57.83,-0.023085,7.4359,-5.7374,0.0017833
29.987,0.013829,42.217,-9.07,-0.0014678
65.974,-0.0030255,30.214,55.603,-0.0037747
48.723,0.016721,31.684,27.012,-0.00096894
50.326,0.023912,70.207,29.44,-0.0052176
20.816,0.014069,65.78,18.946,-0.0032663
27.959,0.016028,30.195,20.049,0.009773
47.373,-0.01216,27.421,29.87,-0.0043499
25.433,0.0042939,50.982,72.527,0.001073
44.563,-0.011854,24.394,65.698,0.0038319
40.173,0.012751,40.31,0.060793,-0.0078299
38.962,0.0088368,3.7367,-11.952,0.0018583
-4.5331,0.0097725,41.087,53.284,0.0098138
34.734,0.002396,19.641,41.139,0.0022726
50.659,0.0035108,20.32,74.055,0.0045344
92.415,0.020226,84.325,85.629,-0.011561
78.101,-0.0090183,32.63,55.462,-0.011692
38.352,0.0040527,29.887,40.082,-0.00018353
40.285,-0.0025822,0.64408,16.126,-0.0001406
55.629,0.0058875,65.326,38.685,0.0071548
24.845,0.0087439,12.701,31.682,-0.0097085
44.484,0.0065304,40.097,49.133,-0.0040035
65.203,-0.0046735,15.643,79.763,-0.0018485
19.138,-0.015588,46.045,19.186,0.0062338
28.097,0.0023161,17.748,20.636,0.019671
29.351,0.008186,0.26256,25.552,-0.0042258
36.966,0.010254,51.662,38.557,0.0098833
46.115,0.013782,60.234,-13.531,-0.0063325
8.7707,-0.0049119,64.588,57.44,0.012333
36.192,-0.0063244,34.119,23.646,6.079e-05
39.98,-0.0036664,23.672,80.835,-0.01259
27.836,0.027755,57.08,10.082,0.0136
14.187,-0.0050232,16.36,6.932,-0.0076611
53.799,0.020528,38.876,20.443,-0.0072279
48.342,-0.013301,2.2292,80.539,0.001326
15.504,0.02399,38.574,46.426,0.0026191
-6.9178,-0.014766,23.617,42.138,-0.0015651
54.795,0.0090909,35.683,9.2321,0.0042367
62.994,0.0031375,22.111,35.857,-0.0016906
41.839,0.012075,56.577,40.86,-0.004171
39.507,0.011589,24.068,75.934,0.00041475
60.924,0.016826,56.828,69.534,0.004683
5.1082,-0.0091308,27.221,-24.9,0.000576
28.523,0.017411,38.958,53.372,0.012015
61.669,0.010418,32.654,77.438,-0.011616
43.738,0.025894,42.807,49.042,0.0068015
18.365,0.017615,51.649,14.498,0.0092425
10.036,0.0060801,34.588,45.82,-0.0040258
37.266,0.0029831,49.123,83.986,0.0013692
35.12,0.0023321,69.815,67.023,-0.0021058
71.021,0.012693,32.351,34.472,-0.019609
87.943,0.03541,40.298,36.956,0.0060603
29.36,-0.0029167,55.173,79.088,-0.013929
31.88,0.011113,34.204,8.9163,-0.0030542
71.011,0.027617,41.997,56.527,0.00033013
32.508,-0.014915,38.269,-24.199,0.018637
61.067,0.002027,35.793,37.316,0.004388
60.508,-0.013159,11.013,77.871,0.010161
16.301,0.0064051,43.919,95.992,-0.0079485
37.574,-0.0068124,28.124,60.658,0.0036392
46.904,0.013987,41.413,47.067,-0.0030155
16.06,0.0096163,40.737,82.008,-0.0013622
42.288,0.019971,64.159,25.594,0.0076277
37.895,0.0083449,31.62,31.911,-0.0028978
36.002,0.013056,24.432,11.023,-0.013714
11.445,-0.012811,43.409,78.554,-0.011863
24.7,0.010981,48.656,94.005,0.0034084
48.925,-0.01621,15.406,73.447,-0.01067
50.626,0.0078759,20.607,65.992,-0.0062892
70.208,0.036677,57.834,40.287,-0.0084972
2.9466,0.03464,6.5388,26.998,-0.008453
-4.1485,-0.012533,41.896,41.296,0.005742
79.878,-0.0046999,60.301,73.91,0.005127
13.099,-0.0018422,17.121,106.61,-0.0025106
43.422,0.0002437,43.057,105.23,-0.0095436
69.124,-0.00056998,18.627,-17.536,-0.0056112
65.908,-0.010799,57.342,35.267,-0.0035976
53.177,-0.0067248,28.416,16.092,-0.004749
27.647,0.0055643,33.258,65.038,-0.0097812
37.203,0.013322,34.438,49.372,-0.0078008
21.114,0.00092185,15.821,73.542,-0.0067503
28.657,0.012236,12.934,53.966,0.0031002
6.0513,0.0025123,53.324,27.685,0.0046935
25.863,0.012964,17.571,18.282,0.00062404
65.532,-0.0092973,50.884,22.978,-0.0078728
25.456,0.010836,50.8,19.052,0.0010118
27.711,0.015216,45.934,58.866,0.0086553
39.967,-0.010754,10.661,52.922,-0.0031201
42.897,0.010448,39.116,9.9265,0.012972
45.18,-0.0051546,82.018,42.468,-0.012143
48.031,-0.015013,31.118,103.83,-0.0046663
34.049,-0.0093108,55.208,87.877,-0.0044651
8.8164,-0.0089541,59.969,109.23,-0.0060887
21.04,-0.006622,51.743,24.083,-0.0069152
33.344,-0.0012959,75.724,65.88,0.0031765
48.845,-0.0050194,33.781,8.624,-0.0055953
52.277,-0.015515,24.416,58.905,-0.00092629
29.324,-0.00092227,43.322,-11.381,0.0035651
15.743,0.0023575,31.447,27.985,-0.0066488
34.964,0.0021209,8.7748,3.6052,-0.01779
29.784,-0.0049697,55.15,48.089,-0.00088723
36.897,0.0091631,18.554,39.13,-0.0003247
21.378,0.01529,61.687,116.16,0.0027192
38.418,-0.0056615,22.731,59.28,-0.0046158
45.06,0.017547,47.992,51.027,0.00012906
56.422,-0.016802,47.215,57.803,0.0021865
27.964,-0.006008,53.641,73.635,0.0027766
54.721,0.0047835,58.342,56.128,-0.011812
36.868,0.02285,33.847,44.703,0.00059624
74.577,-0.00052717,35.91,39.818,-0.0011924
35.535,-0.0052985,23.941,51.943,-0.003691
84.772,-0.022821,72.303,25.807,0.0064996
33.023,0.0033416,47.359,36.771,-0.017248
11.485,0.0062406,39.329,70.29,0.0031931
11.77,0.022834,64.235,9.9072,-0.0077776
26.222,-0.008523,9.8909,55.421,-0.011816
21.675,0.010299,29.558,65.634,-0.010172
25.117,-0.014904,40.747,47.567,0.0030635
16.745,-0.0087195,3.3028,23.587,0.0084361
44.778,0.0093397,52.046,17.2,-0.0064094
33.863,0.0091022,50.973,9.3401,0.0030356
61.97,-0.0019964,37.081,92.165,-0.008539
57.492,-0.0072732,42.975,25.198,0.015373
31.523,-0.011739,30.599,60.593,-0.0022905
48.457,-0.02363,20.479,112.91,0.0065048
64.766,-0.0045973,29.483,44.77,0.0023843
34.041,-0.0054091,0.66498,49.93,0.0030722
50.087,0.0078081,56.86,57.768,0.0032883
53.441,0.018577,29.655,12.935,0.011028
67.424,0.0044686,44.377,68.093,0.0014893
41.64,0.00065752,33.833,42.392,0.0049497
86.392,-0.0011861,67.464,21.626,0.0010467
59.053,-0.0075702,52.44,63.267,-0.0018843
64.709,0.027627,53.091,93.441,-4.4152e-05
42.679,0.0053426,22.052,63.77,0.004846
78.454,-0.031156,63.108,66.8,0.0079997
75.249,0.0071443,15.32,46.401,0.014768
74.346,0.0018345,67.873,53.968,-0.01224
54.008,-0.011308,44.133,39.665,-0.00044219
86.187,-0.0039912,17.459,26.615,0.017705
20.7,-0.0070127,57.153,10.16,-0.0020435
43.807,0.0068841,38.725,55.313,-0.0047361
48.585,0.0056188,62.476,25.499,0.0045485
59.658,0.0024854,24.671,37.117,-0.012895
46.592,0.0012347,17.396,3.7862,0.0042379
51.783,-0.025366,40.105,61.773,0.0014988
18.793,0.006412,40.518,78.337,-0.00028527
35.525,0.010825,63.031,59.391,-0.0038479
30.178,-0.0069006,33.241,77.83,-0.0096325
29.18,0.00028539,17.347,18.186,-0.0089046
45.096,0.003308,20.91,101.43,0.0051974
42.638,0.013585,14.144,50.359,1.8798e-05
29.836,0.011005,35.003,49.633,0.0063231
47.465,-0.0055727,38.551,26.916,0.0024921
26.149,0.0098775,10.11,34.744,0.015226
29.174,-0.0091317,23.01,52.832,0.01071
21.009,-0.0042311,54.488,-38.364,-0.0049654
37.014,-0.0080653,17.507,50.087,-0.0069514
36.042,-0.004874,41.22,73.677,0.0066699
7.3325,-0.0033704,58.099,-9.035,-0.001016
18.841,0.010513,58.778,51.24,0.0072135
37.24,0.0099916,51.663,66.494,-0.0010885
41.553,0.023177,59.073,64.5,0.0087736
20.22,0.010276,15.872,93.545,0.00068093
59.956,0.0025917,48.953,52.689,0.0050872
46.065,0.012987,3.4756,-0.23367,-0.008713
62.679,0.015608,45.6,16.703,-0.0037836
56.762,0.0038986,34.958,37.662,-0.0010622
12.61,-0.013912,40.339,32.907,0.0011579
48.271,-0.011834,44.831,64.898,0.0011656
82.095,0.0061907,33.544,87.124,-0.0007192
40.446,-0.0044924,54.911,74.489,-0.0098406
50.539,-0.0060612,56.225,23.524,0.0053898
63.597,0.027665,91.533,87.1,-0.0099427
60.855,0.0033416,28.078,89.172,-0.0057547
70.463,0.019049,45.83,57.021,0.0024119
24.162,-0.0085187,27.174,79.877,-0.0012803
51.437,-0.00092666,45.928,-5.3063,0.0093876
49.951,0.02113,52.445,80.077,0.0080605
50.854,-0.011533,47.303,106.53,0.0085871
53.102,0.0026832,44.131,50.551,-0.011586
15.083,0.006669,15.375,60.993,-0.0027719
65.951,0.0010432,53.952,31.213,0.0035318
16.277,-0.0055854,29.473,52.392,0.018748
19.616,0.00089639,67.818,93.158,-0.002993
6.9069,0.018077,62.046,104.88,0.0014131
34.395,-0.003757,42.74,74.712,0.00039111
16.784,-0.024827,50.939,48.786,-0.0040496
39.723,0.0096024,50.949,35.795,-0.0028174
4.3023,-0.0091966,45.785,52.783,0.0043964
25.323,0.017554,46.299,15.029,-0.0071347
12.109,0.0015676,45.518,25.386,0.0042544
58.883,0.013962,10.702,45.505,0.0074804
45.132,0.0017255,26.859,14.164,-0.00045735
68.732,0.0024481,47.595,26.395,0.013451
37.261,0.010686,50.699,-6.1446,-0.0018087
18.567,-0.0037386,53.631,47.684,0.0057812
0.11223,0.010682,41.17,23.927,-0.0048829
41.738,0.013137,13.842,77.844,-0.014852
27.294,-0.010572,29.515,-0.27951,-0.00076162
65.46,0.0098993,54.984,59.972,-0.010776
34.219,-0.012781,38.162,-1.3816,0.014878
37.155,0.0080749,45.69,62.369,-0.0085964
51.979,0.00074801,31.027,28.961,-0.0129
24.213,-0.0078101,47.621,1.5118,-6.2807e-06
34.134,-0.0031652,28.283,26.613,-0.0077405
44.076,-0.0076428,49.523,49.136,0.004336
51.515,0.018192,26.554,31.737,0.00050265
60.745,-0.020176,39.778,-13.624,0.018688
7.1709,-0.002398,46.36,70.87,-0.0054355
57.446,0.0082364,25.722,35.629,0.0070954
9.7921,0.020856,51.796,30.854,0.0062039
25.77,-0.0037031,30.353,60.061,-0.0062944
47.14,0.010784,59.533,76.732,-0.0049052
64.339,0.022215,34.578,74.687,-0.0070648
29.56,-0.013882,25.34,33.937,0.00053168
48.101,0.010935,42.894,73.657,-0.0040164
30.123,-0.002773,46.878,11.674,-0.0066418
31.155,0.0094997,48.974,109.78,-5.2784e-06
67.79,0.013351,58.663,6.4517,-0.0027755
46.362,-0.011989,49.121,72.103,0.0026922
26.296,-0.016506,21.038,41.623,-0.005781
27.778,0.012686,39.214,112.41,-0.0051048
67.881,0.0025435,56.848,41.67,0.0018165
32.093,-0.021908,39.608,18.744,-0.0014795
13.808,-0.0015816,6.4496,42.178,0.00057069
11.337,0.014187,26.285,31.728,-0.010231
57.956,-0.01,5.4427,70.248,-0.00052996
58.352,0.0066184,8.6215,58.696,-0.010384
76.651,0.0065884,66.931,-2.3872,0.017896
48.091,0.016211,46.966,38.192,0.014393
50.509,0.0037211,24.549,51.501,-0.0067723
41.021,-0.0050423,53.804,-35.336,0.0002794
53.593,0.0040379,28.947,7.1514,0.0062102
47.928,-0.0059056,74.945,45.04,-0.0039955
49.022,0.0011638,38.95,15.153,-0.0020754
37.82,-0.0061087,32.006,-30.273,-0.0038052
48.339,0.0007621,50.715,33.524,-0.0016325
51.491,0.0084978,30.978,67.325,-0.0017261
51.733,0.01512,31.604,25.37,-0.0081904
65.135,0.00067579,5.9191,16.481,0.0011209
25.068,-0.004469,42.106,51.126,0.0044306
10.335,-0.00072499,19.226,34.788,-0.0093968
57.252,0.0094524,41.988,20.157,0.0028557
42.257,0.014449,26.996,53.279,0.0086933
16.944,0.017346,45.264,48.621,0.0071373
62.181,0.014077,46.202,4.4901,-0.0075791
59.433,0.0056846,10.648,49.295,0.0035844
45.079,-0.010696,63.732,26.398,0.0013451
-3.0775,-0.0087387,52.272,98.366,-0.0018583
37.37,-0.002666,20.251,42.067,0.00014893
45.459,0.016369,49.413,63.973,-0.0095029
59.153,0.015714,57.765,56.021,-0.0061607
35.028,0.0098379,34.023,102.98,0.0065241
14.686,0.024547,42.85,95.241,-0.010304
55.451,-0.0068553,55.156,24.174,-0.017307
9.1239,-0.0016179,63.442,32.467,-0.0025429
57.388,0.014547,36.92,74.775,-0.0048464
52.628,0.0057886,57.123,40.394,0.003022
55.88,-0.003118,22.553,-3.5816,-0.010932
61.278,-0.0048965,58.117,59.628,-0.0090768
15.245,-0.0075055,27.045,76.882,-0.00095826
53.99,-0.011229,33.009,-14.646,-0.0039987
64.727,0.011187,1.0488,114.49,-0.010809
76.534,-0.0025404,59.422,102.99,-0.020915
28.391,-0.0059984,52.697,13.68,-0.018046
12.355,-0.0022775,21.573,16.116,0.0015236
3.1676,0.0035591,58.584,114.6,0.014313
57.569,0.023765,49.561,71.12,0.00442
9.3447,-0.0050845,80.081,77.877,-0.004967
34.276,0.012446,20.316,17.131,0.0078061
29.391,-0.0075984,62.011,14.491,2.6186e-05
29.088,-0.015267,42.041,90.288,-0.0042962
75.224,0.0027288,31.877,41.89,0.0015067
37.226,0.00076269,58.789,75.775,0.00093925
29.332,-0.022385,40.536,-3.9311,0.0089713
23.461,0.01366,46.236,40.239,-0.0024779
33.566,0.018806,16.13,95.289,0.0085022
47.257,0.014971,26.292,104.27,-0.020606
60.186,-0.0035762,20.739,-21.549,-0.0048879
31.913,-0.0083581,21.844,24.149,0.00071191
37.365,0.0033744,14.972,-14.919,0.0056072
39.275,-0.0097513,34.948,70.772,-0.0028341
52.8,-0.0065122,43.774,4.6296,-0.0086938
38.156,0.013712,53.647,23.969,-0.0042546
20.65,0.015008,36.964,8.2427,-0.0070925
50.646,0.0056089,5.7209,54.644,0.0029295
54.017,0.011737,48.656,14.068,-0.013787
28.127,-0.00025912,59.349,60.685,0.002204
6.5265,-0.0064022,32.4,36.994,0.0043123
3.1397,0.005445,20.288,34.425,-0.0072365
73.766,-0.00074322,62.429,85.498,-0.0012586
41.473,-0.0072481,4.7778,46.786,0.010857
39.637,0.00085697,58.182,162.93,0.0043653
-1.6562,0.0041763,57.32,17.427,-0.00041636
51.523,0.016071,49.87,48.046,0.0054348
52.913,-0.010082,91.907,37.446,-0.0074672
93.338,0.013292,51.744,19.36,-0.010591
57.095,0.0078902,40.335,73.191,0.0035977
77.185,0.0047712,36.589,79.541,-0.0036635
46.615,0.012958,63.039,24.693,0.006355
40.15,0.018031,52.966,86.728,-0.0051689
26.321,0.021885,15.996,58.365,-0.0057545
52.624,0.020382,59.239,80.957,0.0041368
19.829,0.0090696,43.323,34.315,-0.00032784
44.949,-0.00096457,46.47,22.098,0.0067563
66.364,-0.0060491,54.304,25.94,0.0046025
64.35,0.0034786,61.212,35.142,-0.0036183
32.967,-0.009415,50.198,-32.806,0.0098193
59.143,-0.005562,67.872,6.1889,-0.0011963
33.773,-0.0090747,12.664,27.527,0.0013083
45.886,0.0064634,23.145,4.8778,0.0053157
20.629,-0.011132,33.23,54.232,0.0029889
30.418,0.0058432,62.047,78.663,0.0083449
46.797,0.028922,48.056,72.33,-0.0079742
41.748,0.011871,30.907,46.846,-0.0065577
26.904,-0.0094579,38.243,94.882,0.0037108
37.787,-0.0046756,33.255,2.4334,0.0034412
38.02,-0.00062339,48.695,54.295,0.0080721
37.231,-6.8743e-05,24.528,57.093,-0.0069093
55.106,0.0068845,6.1896,52.295,-0.0018841
70.536,0.018018,41.208,2.4898,-0.0040147
22.903,0.011011,-2.7245,59.646,-0.010879
63.938,-0.0014895,48.376,-2.1021,0.0027484
61.564,0.013881,0.50439,61.126,-0.0051989
-15.724,-0.0055377,5.1059,13.184,-0.0039484
26.777,-0.0061814,49.169,10.882,0.003854
-5.9475,-0.0147,31.909,27.742,0.0017422
50.149,0.0012612,63.168,21.405,-0.0092209
41.396,-0.0036499,39.646,40.723,-0.010928
36.349,-0.0043616,37.91,7.7272,0.0059577
24.937,0.016371,38.015,14.539,0.007066
35.471,0.019616,31.017,24.565,0.0058799
41.086,-0.0027016,55.481,50.97,0.015465
53.8,0.0090009,62.404,26.971,0.0049978
47.476,-0.012163,50.447,51.984,0.011065
26.394,-0.0086524,21.172,52.574,-0.0067999
48.042,0.023264,51.431,46.873,0.0049228
38.986,0.0021634,64.025,18.163,0.0016721
28.124,0.020541,42.975,29.626,-0.013569
32.437,0.013373,21.839,14.74,-0.016627
40.482,-0.0062413,58.776,37.944,0.0029616
58.968,0.010504,43.329,51.765,-0.0030487
70.506,-0.012414,27.751,31.402,0.0022306
32.78,0.00062848,52.676,117.02,-0.0059007
49.847,0.018151,-9.0638,69.406,-0.0090166
72.357,-0.01364,55.428,-1.5351,0.00058432
8.9118,0.0049694,35.647,57.926,-0.009947
57.659,0.011999,42.922,63.684,-0.0033795
20.652,-0.0024925,18.297,36.616,-0.0034349
35.838,0.011776,45.673,41.658,0.00035016
39.102,0.001317,39.114,16.079,0.002774
89.943,-0.010023,33.227,80.483,0.0022146
32.03,-0.004171,56.027,53.145,-0.003293
35.525,0.0092347,9.9418,119.81,0.00043425
-3.3356,0.021539,29.612,42.589,-0.0040948
27.561,0.0041907,56.711,90.45,-0.0029573
50.235,0.0034561,50.664,35.933,0.0045901
5.0457,0.0033038,48.301,65.468,-0.005852
36.962,-0.018659,39.382,28.579,0.0054787
43.537,0.012026,50.045,93.656,-0.0054244
31.403,-0.0012777,-2.6553,55.555,-0.0072833
35.885,0.014994,38.536,50.924,-0.021071
15.976,-0.0034478,54.408,79.717,-0.0040327
27.613,0.012869,-5.8352,120.91,0.0063702
48.169,-0.015497,26.063,82.096,0.0023905
41.541,0.012292,47.547,63.127,0.00072452
32.295,0.0045571,40.049,19.386,-0.0079681
61.337,0.015273,24.226,119.16,0.015389
65.144,-0.0072956,55.979,57.823,-0.0065352
27.509,0.0022649,45.218,18.964,0.0099114
44.198,-0.0018644,42.854,29.809,-0.012121
-0.66135,-0.019588,82.456,16.086,0.0080131
29.372,0.0040648,63.666,-0.42,0.006832
16.853,0.013005,40.479,42.012,-0.0005097
11.374,0.01424,21.576,39.089,0.0023982
9.1124,0.0042351,29.215,15.357,0.0062242
63.853,0.014659,9.3718,17.777,-0.0016626
1.1239,0.0059998,43.565,71.201,-0.00090679
57.512,0.013738,21.483,-3.3161,-0.0020611
12.695,0.0051976,51.927,84.678,0.0056478
65.418,-0.023937,64.166,45.691,-0.0068397
67.282,-0.00098169,59.14,42.317,0.0072362
47.461,-0.0091269,50.175,81.862,0.0065974
54.038,0.00032989,79.356,70.307,-0.0065718
52.868,0.0046151,14.236,34.739,0.0058945
69.244,0.0066395,62.02,6.3344,0.0006063
14.807,-0.0039761,40.948,78.294,-0.0029157
38.517,-0.013667,28.925,60.283,-0.013842
82.111,0.0051375,28.068,69.393,-0.00051266
36.564,0.0024742,70.091,46.884,-0.0052422
52.851,-0.012826,22.463,61.133,-0.0091911
35.279,-0.004028,7.511,52.07,-0.010832
52.76,0.004945,-18.505,67.886,0.0052424
73.182,-0.018848,47.391,45.282,-0.0051553
52.58,0.01023,47.95,32.622,0.011241
34.637,0.007401,47.914,101.64,-0.0037314
36.004,0.010692,86.964,37.66,0.0088368
23.599,-0.013099,49.607,43.403,-0.0051018
72.159,-0.018026,68.571,30.024,-0.0010393
7.9053,0.012498,51.382,81.185,-0.007943
43.082,-0.0027162,82.331,81.178,0.0013168
45.992,0.028856,79.113,56.191,0.001127
28.189,0.01495,18.831,31.214,-0.00060506
17.508,-0.0017245,28.364,56.415,0.0078321
32.47,-0.01667,22.845,49.914,-0.0004265
8.4845,-0.0039173,-11.053,35.341,0.0053121
44.908,0.012165,26.361,19.157,0.0079514
42.084,0.012273,25.926,43.098,-0.009846
16.135,0.014282,57.769,32.59,0.0098656
21.762,0.014163,48.256,50.012,-0.0025266
29.271,0.017216,48.654,103.48,0.0092725
51.554,0.016437,14.178,10.484,0.00041171
21.834,-0.011887,29.643,30.243,0.0072694
14.921,0.011773,26.805,46.809,-0.0089433
10.461,0.0060333,25.642,23.867,-0.0018482
21.702,0.018409,21.054,38.672,-0.0031614
67.461,0.0025336,89.565,31.999,0.010491
20.507,0.017863,42.85,31.692,-0.0050125
19.891,-0.00013552,57.178,-4.9866,0.0072658
23.36,0.0048684,21.808,54.694,-0.00096984
38.137,-0.0020579,45.012,26.813,-0.0010735
28.53,0.015551,47.674,64.171,0.0023098
18.036,-0.0041458,36.916,78.19,-0.00043393
64.155,-0.0033234,53.028,-18.783,-0.0032607
19.906,0.014801,60.92,24.429,0.00084355
65.398,-0.0050011,51.15,81.311,-0.0022509
65.363,-0.002368,47.875,81.103,-0.0025505
30.104,-0.0064859,72.056,76.173,-0.0045612
53.863,-0.0011804,37.525,-0.11613,0.00015344
33.639,-0.012892,24.106,104,0.018353
49.801,-0.0086012,10.965,1.0635,0.017358
51.935,0.0040075,53.448,53.118,-0.015578
47.468,0.036071,42.503,15.058,0.016437
39.048,-0.017115,49.256,81.123,-0.004917
30.598,0.0033394,29.408,28.311,-0.0089397
71.509,-0.010103,91.053,22.948,0.0092456
51.422,0.020355,13.41,74.672,0.00045866
34.09,-0.0086206,32.549,56.215,0.0094478
36.506,-0.004654,52.022,36.281,-0.0038013
54.393,-0.0022237,37.547,12.101,0.0018217
43.938,-0.010021,44.235,87.302,-0.00023444
26.313,-0.0093612,45.843,-7.1285,0.0015495
49.123,0.0049561,79.329,-7.1943,0.0084527
13.53,-0.006247,15.808,43.543,0.0012122
31.095,0.011316,61.837,3.6867,-0.0073079
58.67,0.00084904,49.743,26.492,0.0069204
74.671,-0.014994,60.635,59.107,-0.0064211
39.055,-0.0032253,63.873,23.693,-0.0055635
66.337,-0.012039,10.593,29.689,0.0035644
1.7262,0.0068226,37.571,63.166,0.0055559
-24.01,0.013009,31.257,13.398,0.0019643
28.063,0.0068582,37.774,28.317,-0.0023094
90.984,0.00031175,65.963,49.969,-0.0046833
25.666,0.016001,38.657,40.43,0.0064791
40.959,-0.014185,17.63,19.323,-0.00084405
30.169,-0.0083168,11.46,42.112,0.0046787
37.077,0.0060795,44.756,86.99,0.011844
64.585,0.01592,2.885,55.579,-0.0089077
3.4845,0.0052277,60.435,36.589,0.007321
52.132,0.011635,39.541,3.6601,-0.011837
75.242,-0.024604,17.119,23.488,0.0027133
12.824,-0.0083137,20.781,60.689,0.011897
33.197,-0.0046945,53.695,9.2536,0.011755
28.684,-0.0032363,51.978,13.128,-0.01255
13.99,0.0013877,53.342,20.779,0.0072346
30.396,0.02339,26.727,79.493,0.0083869
73.204,0.012741,27.043,73.323,-0.015905
36.595,-0.01755,36.427,69.24,0.0023335
47.115,-0.00061604,38.357,63.764,-0.019421
58.916,0.01445,48.786,74.011,0.013879
36.655,-0.013027,54.586,-12.677,0.0084212
30.272,-0.017145,58.315,92.217,-0.0087613
28.881,-0.01008,41.887,30.499,0.012093
48.736,0.0028029,49.971,35.077,0.0051881
14.02,0.01543,54.127,71.56,-0.0078733
68.576,0.0060392,32.47,44.507,0.0015989
30.776,-0.0046317,69.506,9.7456,0.011816
64.639,-0.013219,35.324,41.026,-0.0067377
25.256,0.0082093,20.521,45.807,0.0026897
61.957,-0.0063349,32.256,99.577,-0.0092147
50.344,0.0096353,22.257,39.783,0.0047759
75.814,0.011186,32.876,41.959,0.015079
23.157,0.0061261,36.391,-15.226,0.0028746
62.386,0.010184,58.877,44.249,0.0036746
99.691,0.0069072,42.534,53.156,-0.0059125
2.118,-0.0057975,54.4,5.2151,-0.0043352
32.455,-0.0043722,53.253,65.319,0.0038482
26.698,-0.00012365,62.523,36.343,-0.0037317
39.396,-0.0058109,60.032,82.913,0.004509
-0.048949,0.024952,18.983,33.582,-0.003619
41.429,-0.0084659,46.8,52.207,-0.011299
53.875,-0.016606,25.631,27.153,0.0072856
44.353,-0.00013359,8.3028,50.212,0.0009105
15.849,0.00024961,8.2744,-13.915,0.014806
71.651,0.015891,40.692,8.8922,0.013793
34.423,-0.01648,2.2882,18.39,0.010957
58.2,-0.0033639,25.437,-25.655,-0.0043554
49.771,-0.0032571,28.282,56.296,0.0044867
25.197,0.012823,35.732,23.957,-0.009725
47.842,0.00072253,40.139,63.55,0.0018553
28.433,0.0049762,58.699,14.513,-0.012864
37.754,-0.013315,42.965,16.756,-0.0061452
17.882,0.0081915,49.817,50.61,0.003752
16.08,0.0015177,32.104,53.085,0.0081613
10.599,0.011445,47.069,95.655,0.0046553
22.866,0.017805,13.116,75.278,-0.0018154
61.878,0.004449,41.948,102.57,-0.013764
47.703,-0.0063517,41.224,65.353,0.015802
16.243,-0.0034692,35.16,52.474,-0.0034459
32.444,0.015742,56.643,53.594,-0.003757
52.351,-0.013314,27.371,39.679,0.014334
52.627,0.018516,7.9475,45.317,-0.007415
78.72,-0.010754,12.271,68.267,-0.0059921
43.435,0.0076257,29.18,117.88,0.0018359
31.352,-0.0059752,77.563,76.32,-0.0054351
68.86,0.0054289,48.703,59.413,-0.0092696
56.402,-0.0057818,55.147,53.416,0.013866
56.146,0.010635,51.992,38.734,-0.023364
73.86,-0.022813,25.951,62.988,-0.0053388
25.691,0.037153,85.542,65.566,-0.011355
26.513,-0.02545,3.0749,68.146,0.0021802
71.139,0.012164,51.005,103.62,-0.002521
24.528,0.014815,55.036,29.132,0.0034378
30.741,-0.0069428,47.043,54.208,-0.0024009
63.887,0.023586,33.571,62.362,-0.0077806
58.076,-0.012483,42.549,27.694,-0.002432
54.718,-0.0031339,24.255,20.038,-0.00062317
50.925,0.0020424,12.433,45.92,0.0022148
47.244,-0.0052251,42.446,45.237,0.00090202
16.316,0.010416,49.685,72.211,-0.0082503
44.219,0.03385,33.228,52.751,0.011671
22.32,-0.0034387,11.037,55.132,0.0071532
31.261,0.0014502,7.1823,96.647,0.01103
4.5921,-0.00010137,53.952,31.652,0.002237
67.104,0.012847,14.029,35.444,0.0059606
43.954,0.013124,14.447,15.863,-0.0049531
1.0894,-0.016857,38.348,58.071,-0.0018608
11.168,0.022797,32.415,54.084,-0.0017938
45.494,-0.0078309,22.479,-2.0169,0.0022986
14.011,-0.0048765,18.303,58.303,-0.0031861
43.578,0.00095283,29.484,22.027,-0.0090269
58.168,-0.0082872,22.399,35.23,0.0040733
74.205,-0.013751,46.733,65.419,0.0081928
35.403,0.0083376,46.131,44.85,0.001247
28.808,0.00035765,52.88,53.864,-0.0085699
45.968,0.0043857,16.804,69.189,-0.0055396
27.395,-0.0012301,36.024,83.06,0.0048269
65.101,0.0026876,32.406,43.114,0.0020984
53.99,-0.025629,24.04,62.003,-0.0069136
42.503,0.013976,43.605,55.098,0.00037548
48.131,-0.005945,57.264,38.302,-0.0072925
15.736,-0.013006,34.198,24.909,0.00048495
48.11,-0.0086883,63.564,67.601,-0.0085522
65.263,-0.0015976,34.897,92.668,0.0045697
50.644,0.017301,30.759,30.892,-9.0971e-05
14.439,0.016569,24.819,69.004,0.0042625
34.761,-0.0086602,62.063,47.569,0.0083092
65.711,0.016269,35.067,114.14,-0.00056348
27.014,0.0058932,71.201,50.576,-0.0015871
30.944,-0.0067945,21.235,2.4484,0.0029213
40.605,-0.017281,51.638,49.267,0.0032611
46.993,0.012382,51.367,56.231,-0.0011936
37.187,0.025146,28.649,10.314,0.0028753
47.041,-0.0047501,9.7072,28.048,-0.00043666
18.321,-0.016121,35.998,57.898,0.0047851
47.518,0.0047272,30.933,73.714,0.0030962
50.569,0.027054,32.717,25.988,-0.0020071
19.924,-0.003058,29.728,6.9481,-0.0096709
40.742,-0.016384,29.044,100.68,-0.0056245
65.623,-0.006745,20.048,-9.5816,-0.0025528
61.87,-0.0032292,22.473,69.147,-0.012816
46.366,-0.0090708,51.29,80.727,-0.0067116
45.677,0.00065815,36.675,146.64,-0.00544
21.828,-0.0020316,26.992,47.645,0.010121
9.8504,0.023839,38.69,49.309,0.010396
23.944,-0.0027556,27.354,49.269,0.00336
27.158,0.0095515,38.928,-12.077,0.0075058
21.18,0.03206,20.812,49.513,-0.016115
26.168,-0.0035888,32.317,38.894,0.0037343
37.987,0.005803,58.54,44.476,0.0054315
38.831,0.0058803,9.1973,37.834,0.0013545
78.535,-0.018348,15.158,28.668,-0.0025777
6.3958,0.0050481,29.916,29.454,-0.0030589
18.838,0.0065275,32.965,67.151,-0.0017253
19.165,0.0077356,34.706,94.465,0.0065766
48.91,0.0077391,62.869,108.62,-0.004459
6.7458,0.0076592,55.463,3.787,0.0094856
56.366,0.0024853,25.879,8.1897,-0.0065199
6.8512,-0.0086928,37.371,17.506,0.0046005
58.096,-0.015687,54.207,46.035,-0.001078
59.76,-0.011737,5.8087,46.942,-0.0062073
55.251,-0.0034246,36.351,83.786,-0.0025028
37.899,0.0047178,60.212,70.384,0.0026545
48.23,-0.0054019,46.115,37.33,-6.7424e-05
53.178,-0.0028762,56.03,35.39,-0.0038948
48.968,0.017801,44.918,47.287,-0.0025118
27.023,-0.0052279,26.951,27.085,0.0019836
60.372,0.0037147,40.914,45.435,-0.0019151
29.267,0.010582,5.8143,33.016,0.0020181
88.236,-0.0018396,25.589,75.608,-0.0057631
41.56,0.011303,21.771,44.812,-0.0011781
7.1866,0.0075519,52.828,7.5711,-0.0087845
44.463,0.0027041,30.614,40.083,0.017339
74.31,-0.0021436,11.25,64.584,-0.01238
33.446,-0.0049496,60.085,85.483,0.00208
44.167,-0.011794,46.754,14.327,-0.0051944
10.094,0.002241,29.951,56.704,-0.00080304
36.218,-0.010891,16.422,55.588,0.0026647
38.202,-0.0015891,38.287,48.479,0.0059531
49.326,-0.018901,41.87,10.592,-0.0035344
49.84,-0.01442,58.687,65.959,0.0069082
5.6351,0.01414,52.691,49.292,0.00027128
48.634,-0.0013669,32.53,69.814,0.0033274
62.751,-0.0047707,48.165,66.802,-0.0032243
57.996,-0.0059424,62.209,86.066,-0.0018958
53.323,0.013634,42.202,-16.54,-0.00099603
42.444,-0.00064837,25.747,74.385,0.0039343
34.625,0.012605,22.853,67.338,0.015734
81.373,0.0068399,55.446,79.225,0.0091397
14.073,-0.0011747,22.517,32.916,0.0057605
28.522,0.0006894,26.305,29.816,-0.011252
36.671,-0.012525,7.1603,42.81,0.0019082
25.064,0.016396,38.499,54.597,-0.00056542
16.105,0.004225,57.514,85.033,0.014836
27.133,-0.0080784,11.284,62.412,0.0034002
15.036,0.026842,35.332,10.534,-0.0017095
53.405,-0.011631,48.073,46.911,-0.0073526
22.51,-0.0066038,17.643,31.297,0.0027556
45.809,-0.0014037,21.432,90.302,0.00040767
53.571,-0.016297,27.942,21.072,0.0033359
-11.116,-0.012368,25.563,13.942,-0.0016448
33.507,-0.0020721,32.327,0.021935,-0.0011125
55.676,0.0016167,31.998,52.413,0.0025176
24.235,0.02693,40.458,43.669,-0.0033648
28.72,-0.0038209,41.451,24.631,0.014189
59.169,-0.018849,49.391,80.524,-0.00074715
43.721,-0.026022,14.129,62.287,-0.014451
56.584,0.0025444,65.084,62.913,0.014059
18.778,0.0030836,62.22,69.692,0.009347
41.786,0.0047336,42.471,-14.79,0.0046865
54.653,-0.0046328,23.447,59.699,-0.0081364
36.429,0.012728,47.489,-13.039,0.0059808
48.299,-0.024968,23.028,26.607,0.0072812
44.023,-0.003489,54.897,53.719,0.0081863
-3.8169,-0.027938,36.375,-7.9784,-0.0010449
46.58,-0.0030059,94.582,89.743,-0.0048236
45.182,0.0009189,15.08,63.615,0.00046043
63.83,-0.017531,56.193,26.665,-2.1859e-05
53.127,0.0018069,32.634,31.429,0.0063992
61.943,-0.001642,72.684,25.403,0.000792
57.79,0.0055261,44.344,28.179,0.00053697
50.505,0.023577,17.417,105.73,0.0034235
11.277,0.0063253,42.554,39.863,-0.0087232
15.468,0.013238,30.569,81.944,0.0049584
66.097,-0.0040668,19.704,58.303,-0.0018802
40.306,0.019297,57.031,106.99,0.011373
17.301,0.011899,23.661,77.736,-0.0026321
52.268,-0.00087409,48.102,27.239,-0.014787
36.008,0.0017146,23.332,51.118,0.0058546
23.178,-0.0060254,19.867,45.358,-0.0049375
35.971,-0.0099494,72.244,68.306,-0.0018796
44.488,-0.0031109,26.112,82.284,-0.0065277
18.077,-0.00074146,59.799,74.183,0.0051063
17.632,0.0091172,33.718,48.726,0.014315
32.151,-0.0059623,48.24,15.401,-0.013588
21.673,0.001619,26.824,60.924,0.0010274
14.384,0.01879,22.591,71.737,0.011686
22.649,-0.0023365,74.132,70.534,0.017821
36.417,-0.0002032,45.908,31.546,-0.00033964
64.923,0.013977,49.284,44.737,-0.0022902
55.122,-0.012401,67.658,61.122,-0.0076932
19.1,-0.0087205,26.986,-2.9627,-0.016186
18.529,0.0071204,37.27,60.207,0.0046527
48.682,-0.00085905,32.378,65.435,0.012726
26.28,0.003885,32.168,86.869,-0.010584
48.757,-0.0016532,61.253,-11.671,-0.0074107
23.047,0.00023842,33.134,70.831,0.0060228
48.58,-0.013546,11.54,-10.59,-0.017823
40.606,-0.016346,29.486,2.7818,0.0043138
37.446,0.0062628,45.92,25.222,0.0032466
46.977,0.0071542,54.899,29.147,0.0024428
47.288,-0.0025123,20.549,25.214,-0.0037357
89.241,0.017467,32.494,30.379,-0.010346
26.453,0.0099213,92.722,61.17,-0.00085913
54.457,0.019184,37.584,75.538,-0.0032052
62.489,0.0079338,80.11,55.097,0.0069484
21.295,0.01616,68.583,56.424,0.0071232
44.078,0.0038065,58.212,-6.188,0.0061832
48.823,-0.00095394,24.515,31.451,-0.0033194
65.82,0.003377,66.264,27.039,-0.014007
43.478,0.0051307,49.874,13.175,0.0065479
28.038,-0.012317,23.704,10.016,0.00098239
21.016,0.0048785,55.268,52.083,0.0020188
98.025,0.01182,12.652,38.464,0.0073652
64.978,0.0050229,47.401,79.629,0.0054357
76.778,-0.004119,51.767,77.782,-0.016212
24.942,-0.010799,38.367,88.566,0.012803
16.037,0.0043037,76.326,50.355,0.0047301
40.718,0.0049777,49.514,63.446,-0.0046523
52.194,0.022587,65.88,28.64,0.00096083
18.331,-0.0056426,49.287,59.867,-0.0092614
12.2,0.014118,34.333,47.972,-0.0003756
46.274,-0.02115,36.803,57.286,-0.0027018
51.676,-0.018491,49.385,50.033,0.012747
34.569,-0.00038071,48.135,51.793,-0.0065026
13.582,0.009176,53.598,25.07,0.012595
30.037,-0.024537,55.762,44.093,0.00044694
36.391,0.020384,58.809,29.529,-0.020092
37.137,0.031038,48.881,3.216,-0.0030764
37.821,0.0068163,21.493,26.276,0.0045005
64.611,0.0047071,36.005,80.846,-0.0052194
30.018,0.008886,22.167,42.145,-0.0037854
26.552,0.0071689,34.718,54.27,0.014746
49.547,-0.00019729,4.6476,78.165,-0.0041366
48.603,0.0017636,35.953,74.474,-0.0044941
13.436,0.0061925,24.345,19.105,0.0036942
53.344,0.016678,36.214,72.296,0.0020499
12.15,-0.010913,1.3789,57.958,-0.0012957
47.555,-0.0046718,44.659,9.536,0.0024335
27.284,0.0032816,51.963,3.5897,0.0077389
27.854,0.0097107,36.872,24.584,-0.0064363
35.711,-0.020503,22.706,79.295,0.0012773
59.025,0.013953,32.31,112.82,-0.0022376
81.023,0.0061369,34.626,37.454,-0.017143
42.167,0.00095332,30.956,72.045,-0.0065194
57.398,-0.0030728,20.479,53.784,0.0015288
45.031,0.0088119,31.514,54.165,0.0054487
23.266,0.0049467,53.201,54.365,-0.0059921
42.524,-0.024504,58.927,90.306,0.00011558
14.616,0.0032619,69.656,32.931,-0.00024288
60.498,-0.018207,40.453,33.017,-0.00063766
13.322,-0.005004,31.007,33.595,0.0028399
16.063,-0.0037511,44.625,35.364,0.0033896
29.593,0.00056223,14.193,46.731,0.0075657
35.215,-0.0015661,34.081,21.434,0.008097
18.754,-0.010901,32.702,96.985,-0.0018029
60.401,-0.01222,48.122,53.014,-0.0066898
52.435,0.00094411,44.756,56.065,0.0027047
72.163,-0.0010913,67.425,59.861,-0.0073947
7.9691,0.0081205,39.573,28.475,-0.0013319
29.355,0.0098087,-6.9414,18.759,0.0072199
30.943,0.0035039,41.231,53.776,0.0014867
39.622,0.01219,53.848,-2.0336,-0.013561
72.958,-0.0040022,-9.4996,59.587,0.0034725
30.949,-0.0078865,40.748,35.559,0.010344
40.215,-0.011707,14.973,45.302,-0.011448
57.689,-0.003867,46.304,20.18,0.0030733
30.261,2.4453e-05,35.46,62.655,-0.016579
38.168,0.015021,38.945,67.014,-0.006871
11.038,0.0020259,58.231,29.955,0.00096836
-10.005,0.012451,65.138,99.452,0.0041835
13.485,0.016833,41.8,55.903,0.00015216
15.54,0.0087773,49.092,12.591,-0.0022023
47.141,-0.015795,57.826,37.15,0.0045407
44.03,0.002298,2.781,20.381,0.0019743
41.489,0.00059464,45.282,90.228,0.0034486
51.064,0.012967,31.692,-19.286,-0.0020059
57.15,0.005764,40.437,6.6745,0.0035441
55.144,-0.0027482,44.051,95.82,-0.0041953
35.774,0.0028595,56.848,74.788,-0.012055
33.163,0.012337,23.278,79.602,-0.0033591
17.389,-0.0038059,18.989,97.341,-0.0051529
37.579,-0.003641,22.42,44.972,0.0027435
31.126,0.0010544,56.175,-30.056,0.0024134
65.888,-0.019128,39.264,10.881,-0.0051336
40.678,-0.005387,-30.718,28.619,0.013904
81.532,-0.0077777,44,75.128,-0.0019341
37.433,0.00044475,22.739,61.664,-0.0017422
37.274,-0.00642,64.185,27.753,0.021796
54.109,-0.0030664,43.004,64.729,-0.012446
44.46,-0.018774,74.27,62.668,-0.010378
37.073,0.01989,39.946,66.007,-0.0069353
88.073,-0.00072955,50.829,88.584,-0.0053118
55.842,-0.012348,60.37,33.426,-0.0069531
46.657,-0.0034591,23.251,51.899,-0.00084934
44.803,0.002675,37.178,10.661,-0.012408
77.209,-0.003397,58.741,63.617,0.023548
42.979,-0.0082145,58.697,91.673,0.0007431
21.876,0.009807,45.725,50.689,-0.003157
77.552,0.015044,63.373,105.39,-0.00094398
17.528,0.0039219,50.627,42.682,0.0070048
50.575,0.010495,19.578,52.272,-0.0049416
81.689,0.005178,44.494,97.507,-0.011911
65.315,0.023648,49.025,76.145,0.0011933
33.758,0.0034807,70.46,41.256,0.0034676
63.51,0.0020354,19.681,54.943,-0.0024915
38.47,-0.0093689,54.415,28.766,-0.012987
14.759,0.023462,60.915,7.5008,0.013185
32.617,0.005306,32.425,22.832,-0.0034811
20.968,0.0015709,49.656,49.252,0.0037648
9.9698,0.018394,11.833,67.366,-0.013577
55.19,-0.0019914,20.866,58.732,-0.00039637
3.8322,-0.015906,15.15,-2.7081,-0.0060594
62.036,0.013637,19.853,21.455,-0.015992
57.463,-0.015417,37.906,99.236,-0.0054322
23.441,-0.003933,34.992,101.82,0.0056567
0.78139,-0.0070782,40.612,16.292,-0.0041425
29.887,0.00033002,20.874,63.294,-0.0057987
23.359,-0.00072085,40.888,58.377,0.0025361
7.8234,-0.014593,34.941,78.708,0.014214
23.622,-0.0091365,37.906,52.686,0.0024446
13.568,0.0050115,32.171,48.52,-0.0011777
19.719,-0.0034651,19.886,52.757,0.0097236
11.28,0.012684,36.743,-54.344,-0.0034275
10.339,0.019941,17.417,53.446,0.014373
23.177,0.00073339,41.318,41.892,-0.013801
65.457,0.016754,12.121,42.618,0.0054434
71.735,0.01085,23.983,77.621,0.0083332
16.223,0.0017629,34.649,5.8673,-0.0056224
26.677,0.013613,65.662,97.382,0.00089076
20.166,0.0033595,41.794,12.493,-0.0064004
53.523,0.012146,59.537,47.142,0.0046308
61.144,0.0052494,0.87257,78.303,0.010429
57.244,0.009981,33.009,79.356,0.0031405
50.952,0.0168,67.001,22.565,-0.0034348
43,-0.0023619,1.4772,35.726,-0.0092002
44.571,0.0074081,54.508,77.381,0.00047942
48.032,0.0087363,39.774,73.08,0.0012256
22.911,0.036047,49.923,63.037,0.01821
33.491,-0.0066824,73.527,44.073,0.013358
56.295,0.016637,44.66,52.178,0.0057544
16.728,0.01813,76.973,13.707,-0.0067796
12.981,-0.0032747,50.387,46.712,-0.0030709
46.144,-0.00037036,45.531,-20.248,-0.010432
5.6974,-0.0039585,50.915,97.43,-0.0049314
31.546,0.0076758,27.417,44.9,0.022834
31.094,-0.018979,34.922,19.439,0.0068337
50.306,0.0043858,20.967,86.238,0.0071115
55.164,0.018372,38.156,28.384,0.015024
18.068,0.017034,29.416,11.31,0.0045768
75.421,-0.0015446,1.5251,66.99,-0.009363
23.09,-0.0014728,32.051,56.245,-0.0025874
7.4551,0.0070812,54.909,53.648,-0.0064953
15.207,-0.0012585,33.913,-8.9606,-0.002731
47.69,0.0079503,62.791,75.906,-0.01041
55.838,-0.016242,39.964,33.533,0.0020627
29.39,0.01444,12.647,35.367,0.017692
5.3596,0.0044174,36.957,87.375,-0.010888
57.505,0.0033476,42.955,60.576,-0.0011137
28.466,-0.0023312,71.307,39.981,-0.00154
35.633,-0.002969,45.595,31.25,0.00044222
32.799,0.0025003,11.813,50.815,-0.001442
36.864,0.020509,21.865,43.312,0.0068669
38.499,0.0035806,32.683,56.956,-0.0034735
22.081,-0.0073837,36.002,85.439,-0.012383
37.144,0.0018617,23.292,5.6578,-0.00067351
33.049,0.019607,43.572,74.827,0.005602
63.163,-0.017501,26.133,90.121,0.0058287
55.852,0.0062241,21.327,58.561,-0.0080978
30.211,-0.0071572,54.127,64.356,0.0028109
19.613,0.011901,45.933,57.067,0.0063107
52.823,-0.0080574,29.489,-5.1284,0.0031116
10.47,0.0021704,5.7159,81.114,-0.0037978
9.2523,0.0038911,29.698,31.527,0.0045792
-6.2689,-0.00086404,-0.77016,-6.0928,-0.0066022
58.055,0.020353,38.64,65.763,0.00011899
22.157,-0.0059745,76.972,65.156,0.003482
24.072,0.0093909,45.32,82.938,0.0028248
43.565,0.0097386,31.151,46.913,-0.0018417
46.795,0.0036671,68.24,85.64,0.0016385
38.556,0.0047844,54.421,18.12,-0.0024554
56.63,-0.018421,49.814,8.2697,0.012201
72.618,0.031465,42.588,7.6767,-0.0091608
36.324,-0.0099128,39.814,41.36,0.0038233
11.898,0.0051502,51.261,54.107,-0.0027128
77.537,-0.015759,12.998,9.6306,0.00035674
26.891,0.0058712,55.833,44.9,-0.0043704
49.133,-0.0041434,47.055,72.003,-0.0029154
15.482,0.00468,58.234,32.39,-0.012982
33.528,-0.0046086,47.849,86.968,-0.0042908
35.153,0.01969,32.597,42.134,-0.00015591
35.365,-0.01208,44.798,40.616,-0.00035889
40.745,-0.012812,21.558,63.052,-0.0023512
69.554,-0.0039174,60.523,31.346,-0.0016575
37.436,-0.0014889,-12.09,109.2,-0.0094908
17.769,0.013852,25.199,42.575,0.0092407
22.37,0.0099808,5.5847,32.216,-0.0066103
39.638,0.0051187,35.605,55.854,0.0093732
36.407,-0.011525,16.232,40.762,0.0092158
6.1162,0.013407,37.93,87.811,0.011497
39.83,-0.012812,11.793,8.6596,-0.0026175
17.621,-0.024504,55.241,45.89,-0.00093118
27.693,0.018805,14.596,73.164,-0.016424
27.79,-0.0071027,30.365,17.553,-0.0072556
30.611,0.024553,8.5262,49.601,-0.00072404
44.829,0.0054821,23.842,74.389,-0.0012503
19.412,0.0070833,2.2205,60.495,0.0062183
19.923,0.0030187,30.648,49.248,-0.0070467
36.062,0.013566,51.409,49.179,-0.0085062
24.31,0.004813,49.632,60.076,-0.012415
12.429,0.017108,28.321,46.249,2.377e-05
13.2,0.020232,31.622,67.132,0.0064886
34.842,0.0051873,21.662,97.076,-0.002529
44.905,0.0024784,69.098,25.287,-0.0099615
55.117,-0.00080625,47.461,19.578,-0.0029737
52.673,0.01407,40.459,35.91,0.0070813
19.282,0.0094958,51.02,97.493,0.013376
42.117,0.0070989,78.4,-9.0765,-0.0071079
-5.2147,0.010035,55.735,104.9,0.0090063
4.6777,0.0043424,52.319,66.877,-0.0070362
41.273,0.011976,35.764,48.755,0.013927
72.223,-0.0069288,16.342,40.979,-0.0017452
12.107,0.0046466,30.982,115.09,-0.0071533
51.784,0.008063,51.486,99.612,0.0021638
31.496,0.015541,51.576,11.953,-0.0064019
4.204,-0.0020334,19.505,35.394,-0.006058
29.304,-0.015915,41.523,40.86,-0.002347
35.259,0.001365,20.902,27.234,0.013672
66.236,0.01664,67.508,112.09,-0.0021176
50.862,-0.0035346,48.593,34.552,-0.0040941
64.104,0.0037343,49.951,83.009,-0.0060531
42.004,0.020261,33.029,140.15,0.0025094
17,-0.010797,49.535,-1.2531,0.009046
68.098,0.0082765,30.69,71.61,-0.0021963
63.102,0.009785,64.389,26.169,0.0035837
37.442,-0.0004026,41.45,28.124,0.0087965
21.754,-0.0055125,17.089,75.054,0.014049
48.512,-0.0082845,20.279,12.71,-0.0093385
32.531,0.026495,20.117,77.608,-0.0044685
3.4358,-0.008044,50.229,17.837,0.010888
55.804,0.022423,30.6,90.812,0.0080755
57.581,0.010025,15.9,11.83,0.011232
39.288,0.003275,58.457,59.323,0.0052967
36.48,-0.0033672,46.925,18.812,0.0029454
27.936,0.013289,25.622,79.236,0.014226
6.1055,-0.008667,54.707,41.422,0.0080738
64.087,0.0084324,37.865,51.433,0.00090211
26.687,0.015729,27.691,60.865,0.007742
45.684,0.007098,30.386,78.004,0.0035972
37.706,0.010245,32.261,49.807,0.00094912
33.1,0.00060875,23.489,19.128,0.0024014
40.502,0.0059749,16.174,38.68,-0.00017969
50.969,-0.012551,39.444,-24.889,-0.0084772
51.62,0.007025,51.326,47.468,-0.004578
15.091,-0.0091524,-10.364,-6.8691,-0.0061226
34.291,0.002001,34.713,32.71,0.0040636
48.663,0.0056403,51.066,35.463,0.010938
23.613,0.0056154,60.115,56.887,0.014995
35.065,-0.0066328,76.743,55.006,-0.0011083
40.203,0.0048394,24.107,4.5984,0.0061045
66.903,-0.014504,28.66,77.968,0.0064204
14.886,0.018987,45.494,17.894,0.010515
61.804,0.00066706,34.817,80.725,-4.3865e-05
68.164,0.0064079,26.678,46.628,-0.0015493
58.869,0.00035415,3.6331,67.356,-0.0066483
51.753,0.011846,27.805,11.836,-0.00032329
63.833,-0.0073062,77.488,8.2248,0.0015876
50.181,0.0052099,53.211,90.253,0.015744
30.856,-0.0093726,14.733,92.416,-0.0042043
-4.0866,0.024296,63.013,61.7,-0.0049921
40.775,-0.0024431,51.534,101.56,-0.0046417
90.054,-0.01255,73.914,39.273,-0.0060208
47.962,-0.0029832,-2.8823,14.915,-6.6438e-05
34.457,-0.0031282,15.358,72.194,-0.0014466
33.363,-0.015398,33.611,52.498,-0.0021348
35.965,0.0075025,42.947,46.26,-0.0033193
36.048,-0.0073493,9.2273,111.8,0.0050242
34.902,-0.0005443,25.374,64.036,0.0023989
22.931,0.018094,13.626,68.935,0.007152
11.142,-0.0057908,34.775,14.472,0.0049625
22.509,-0.012994,35.264,51.18,0.0072277
38.868,0.0014836,61.383,96.537,0.0096321
32.051,-0.010682,66.189,75.748,0.0087241
40.654,0.019566,41.134,86.207,-0.01087
36.298,0.00070769,22.234,63.101,0.0011658
13.005,-0.0014623,33.123,-2.2373,-0.0021297
24.178,0.0081487,-12.488,69.439,-0.0020475
13.555,0.012903,45.702,30.061,0.020262
48.955,0.0039895,34.463,42.697,-0.0042607
2.4779,-0.0086353,34.388,39.624,0.0084843
29.848,0.025425,14.522,62.745,0.0082912
42.723,0.012678,18.088,31.266,-0.00044066
22.842,0.0058753,31.238,78.79,0.0043288
49.589,0.0074757,43.936,40.088,-0.026795
35.08,0.023906,40.795,15.26,0.00014118
25.81,-0.012154,29.906,23.547,-0.0089529
20.892,-0.0037605,32.149,75.276,0.0036299
38.135,-0.00092021,43.578,90.267,0.0043869
53.345,-0.0050523,56.736,55.748,0.003746
30.24,0.0068544,28.466,45.341,-0.012946
8.563,0.0094028,37.391,61.723,-0.012168
72.93,0.0030546,56.886,69.213,-0.010294
20.484,-0.020077,33.447,-16.761,-0.0024169
40.529,-0.012234,2.7585,25.316,-0.0072718
67.313,0.020545,22.03,21.24,-0.013389
41.679,-0.0062052,48.752,25.764,0.01997
38.386,0.005406,58.762,53.626,-0.0039417
33.412,0.0073426,42.021,0.031725,-0.005293
74.553,-0.016758,43.687,24.301,0.0026705
54.157,-0.0031526,51.832,91.343,-0.0073754
20.203,0.0037352,23.555,54.74,-0.0050579
57.763,-0.0097104,55.846,19.415,0.0037546
59.913,-0.0016088,6.8044,57.227,0.0018998
34.346,0.0025533,15.024,100.8,-0.012841
27.945,0.0083519,41.683,-21.651,-0.014118
13.272,0.0014567,35.579,60.114,0.0011578
45.546,0.011441,1.0193,53.828,0.028258
26.218,-0.0055228,63.788,96.349,0.0007176
64.382,0.013728,24.401,64.136,0.0087392
36.678,-0.013659,38.309,81.091,0.013655
66.691,0.012039,-2.7229,69.518,0.00095201
88.872,-0.011621,37.68,63.708,0.0017611
29.537,0.0027817,49.484,20.247,0.0049023
-4.0626,0.0036484,72.496,66.768,0.0040282
51.844,-0.0029224,-2.0789,52.443,0.0026836
38.684,0.01454,72.805,44.019,0.0039066
28.186,0.030513,15.389,121.82,0.0098009
24.006,0.015902,67.263,59.325,0.0012051
14.896,-0.01466,25.613,32.536,0.0063592
70.961,0.0035983,40.064,75.032,-0.0046805
42.447,0.0014308,50.881,56.352,0.0058618
26.017,0.019218,65.741,24,-0.0024928
49.834,-0.0081299,56.645,26.907,-0.0041862
67.365,0.025433,39.916,48.085,0.0023352
68.411,0.026249,55.774,56.308,0.0001248
-9.6439,0.013762,35.454,79.155,0.0089275
34.306,0.0021634,49.066,54.348,-0.011414
24.806,0.0057919,21.543,73.306,-0.0051196
39.673,-9.0562e-05,33.585,47.506,-0.0088056
21.758,-0.0032952,54.068,80.783,0.013953
56.19,-0.0033859,71.673,63.597,0.0089729
27.027,-0.0096697,56.811,31.971,-0.0017553
39.624,0.001162,28.181,67.201,0.013866
32.737,0.010505,42.659,42.891,0.0070157
52.091,-0.004938,57.87,56.043,-0.0059198
33.98,0.0023364,22.568,79.015,0.0081345
32.776,0.0058101,38.524,53.323,0.012594
64.225,0.032732,41.714,71.632,-0.013629
73.677,0.0091098,79.231,80.532,0.007424
68.432,0.0031798,55.918,16.835,-0.0038984
28.997,0.019602,56.264,79.979,0.0032336
22.021,0.0042883,78.354,59.615,-0.010076
50.307,0.0012521,38.053,-0.49132,0.0012077
76.044,0.0063388,52.047,-24.029,-0.003315
27.43,0.00047906,41.162,100.99,0.00086407
35.432,-0.0060562,32.645,86.543,-0.0040079
73,0.004166,49.303,108.22,-0.0081522
53.776,-0.0039643,80.23,53.625,-0.00050976
52.479,-0.015783,19.463,32.751,0.0031604
27.445,-0.0081143,49.739,17.511,-0.0065588
79.118,0.007024,33.114,71.945,-0.0044677
23.274,0.00040224,32.765,51.754,-9.2501e-05
48.848,0.0056804,34.836,41.936,-0.0003895
34.34,0.011115,62.283,28.367,-0.0058796
27.427,-0.0073091,54.759,38.466,0.0022623
23.167,0.010705,60.961,62.286,-0.0011509
47.713,-0.00077482,14.226,61.795,0.013572
31.576,-0.0027518,29.045,69.454,-0.0034178
34.235,-0.003474,45.675,61.64,0.0064164
59.112,0.0066122,36.196,-25.897,0.0042382
60.82,-0.004399,54.906,73.256,0.0077581
62.187,-0.0057464,45.173,18.468,0.0085457
23.879,0.032115,17.399,-15.235,-0.0023211
25.962,-0.00090129,44.177,77.168,0.0036767
19.608,-0.0095804,35.805,22.269,-0.0080559
49.436,0.0020546,36.143,5.9301,-0.00031983
83.744,0.0017401,52.384,57.555,-0.0019255
32.541,-0.0037108,11.652,32.465,0.005071
59.553,-0.0074701,54.1,37.914,-0.00071458
77.491,0.0077802,49.974,45.572,0.0084199
44.527,-0.0048094,45.062,87.046,0.0029291
76.726,0.0097929,-7.7233,89.091,0.0047314
10.286,0.01836,54.003,107.92,0.015587
55.386,-0.0021468,43.576,66.7,0.00078323
32.501,0.0081568,20.869,25.587,0.0095538
27.582,0.0044964,15.59,65.543,0.0047492
28.766,-0.00012858,74.238,6.1281,-0.0039069
23.883,-0.017084,45.217,73.178,0.0082777
31.384,0.0072497,36.232,55.105,0.0091679
41.58,0.014526,33.057,91.178,0.0090857
49.257,0.013792,56.286,49.267,0.0043734
31.736,0.018303,51.381,27.123,0.0049697
36.3,0.0079976,48.206,62.753,0.017577
20.217,-0.010978,64.166,51.737,-0.0041998
53.391,-0.00082049,60.586,36.754,-0.0069295
31.354,0.002592,66.615,51.612,0.0027298
36.771,-0.0011865,23.483,40.155,0.0020522
-0.13193,0.012381,47.517,90.927,0.016774
75.133,0.0037056,9.2331,59.823,-0.00040838
57.181,-0.0083121,59.944,42.59,-6.3263e-05
40.766,0.0057894,38.068,92.806,0.0091886
27.963,-0.013205,51.808,43.755,-0.0091374
18.268,0.0082049,50.525,67.875,-0.010962
-5.6148,-0.0015937,40.332,42.3,0.004704
50.582,0.010323,51.21,21.44,-0.0053711
44.117,-0.0040747,60.804,-22.396,0.0040523
32.848,-0.0019041,33.366,49.695,-0.01142
31.75,0.0056512,60.667,50.225,0.0030038
67.894,0.011677,20.102,75.645,0.0075443
51.992,0.010393,13.692,46.072,0.0098742
49.459,0.014634,-22.09,38.609,-0.011006
53.431,0.019302,52.785,42.116,0.0041931
18.266,-0.012502,10.076,70.175,0.0066464
37.701,0.0057625,66.676,51.749,-0.0016394
5.5978,0.0035189,10.111,16.926,-0.0029327
12.737,0.012035,17.772,8.9411,-0.0027698
19.231,-0.026823,52.96,37.508,0.010926
45.707,0.018035,38.526,53.743,-0.018314
55.667,0.0034643,42.904,40.442,0.012905
46.815,-0.0028897,45.204,55.102,-0.0026414
29.652,-0.018625,29.98,81.298,0.0013828
17.292,-0.0059313,18.784,41.389,-0.0054572
27.607,0.003498,46.655,73.601,0.00056953
35.602,0.015924,28.053,66.052,-0.0072666
43.245,0.01626,27.964,10.258,-0.0044881
5.115,0.0049793,48.813,13.233,0.004268
64.092,0.025143,66.559,13.208,-0.0089365
41.307,-0.019416,35.572,72.145,-0.0019986
57.892,0.0092695,38.819,98.271,0.00026522
67.31,-0.0033059,47.664,80.724,0.0019774
45.853,-0.017721,67.045,40.666,-0.0081323
21.095,0.018266,21.93,65.715,0.0014634
63.714,-0.0071041,17.302,42.359,-0.0005998
43.048,0.0034438,54.432,101.51,-0.00046712
68.346,0.023298,37.101,92.3,0.0011391
59.906,-0.020988,81.698,60.778,-0.002826
46.426,0.0085112,31.235,44.132,-0.012874
4.2161,-0.013669,87.41,53.483,0.010131
50.47,0.013679,50.009,30.8,0.0090868
47.289,0.01258,28.597,45.376,0.011321
16.347,-0.0028455,61.058,1.7011,-7.6204e-05
78.259,-0.020625,42.912,46.549,-0.006501
47.79,0.011607,-3.3364,75.486,-0.011256
59.88,0.020295,63.739,57.83,-0.0098402
36.5,-0.01493,60.907,4.7574,-0.0058376
35.372,-0.009272,60.485,47.349,0.003556
44.392,-0.0013039,64.15,72.062,0.0024801
59.669,-0.015136,28.675,91.485,-0.0015985
21.4,0.0039398,37.558,44.701,-0.0073369
38.03,-0.00093305,63.993,47.2,-0.014709
9.3486,0.014878,22.497,67.225,-0.0051123
29.63,0.0085959,41.628,83.027,0.0054208
47.14,0.013444,2.2169,1.9847,0.0011961
64.75,-0.0093732,29.602,36.919,0.0010579
31.049,-0.011026,45.784,6.6545,0.0041646
55.636,-0.004498,35.323,39.788,0.00036496
29.811,-0.0074122,14.232,24.565,-0.0044611
40.757,-0.012036,25.982,7.0372,0.0034858
27.032,-0.010309,29.697,48.225,-0.0080709
21.17,0.009501,1.1339,-14.246,-0.0085159
26.361,-0.012031,28.574,51.545,-0.0039147
38.458,-0.0010957,11.716,72.597,0.0050804
42.748,0.0098853,63.601,-2.7846,-0.0062898
42.815,-0.011173,29.101,35.796,0.0096818
8.899,0.0028312,15.912,29.513,0.0062063
18.027,0.018317,44.179,11.512,-0.012405
52.205,0.0034157,38.213,40.942,0.01257
40.377,0.0058553,39.029,86.581,0.00064631
20.293,0.011462,-2.3673,24.285,0.0036565
-1.7653,0.0081081,32.05,99.548,-0.0065687
28.082,0.016667,54.405,16.35,0.0098734
72.294,-0.015414,59.518,77.642,0.011327
43.656,0.0076085,38.049,70.002,-0.0050157
54.432,0.012532,23.154,92.649,0.010078
48.462,-0.0015181,28.371,13.829,-0.016872
24.098,0.0079193,-4.1634,48.442,-0.013474
65.903,0.0054285,48.647,6.0241,0.0033042
98.273,-0.0031987,47.351,-18.251,-0.0088703
-3.2225,0.00367,65.032,44.936,-0.0006296
43.531,0.0090489,58.1,47.848,0.0041039
45.277,0.01452,52.253,47.542,0.0060687
43.246,-0.0077296,41.167,100.65,0.0080838
34.508,-0.0083363,44.175,101.22,-0.0072718
28.598,0.013493,27.653,48.766,-0.00020266
88.279,-0.0062929,56.165,-14.084,-0.00343
61.623,0.022947,29.51,40.05,0.0021302
56.825,-0.0033125,18.382,-5.7707,0.0092859
33.403,-0.025107,-1.8423,69.893,-4.4401e-05
24.574,0.012699,33.812,56.381,-0.010685
47.689,0.00047939,-1.0387,-34.736,-0.000649
45.684,0.026119,58.748,66.557,-0.007784
27.955,0.0011436,37.657,38.969,-0.011635
37.491,-0.0022809,47.035,78.596,-0.012262
40.752,0.0041036,50.413,61.811,0.0038882
41.341,0.015838,25.768,97.085,-0.0069487
47.155,-0.0050788,32.477,38.063,-0.0064027
32.548,-0.00042868,14.188,28.944,0.0067644
37.302,0.014813,71.611,21.003,-0.0053328
-12.952,0.0038961,39.038,0.44689,-0.0092294
10.512,0.016959,56.486,71.089,-0.011599
47.847,0.01297,23.52,56.432,-0.0051407
44.35,-0.0048636,25.526,67.262,0.0042424
19.212,0.0034478,15.489,42.283,0.0042896
0.73131,0.010437,63.867,50.589,-0.0042095
6.2348,0.0019395,46.311,90.399,-0.00035599
29.772,0.008633,56.709,-0.43481,0.0046862
42.872,-0.0030075,35.369,74.228,-0.0039889
40.745,0.010501,75.065,67.666,0.0015931
29.098,0.018678,29.138,114.18,0.0011714
71.514,0.010181,23.4,110.2,0.00090791
34.233,0.0075473,29.032,86.594,0.0014447
48.27,-0.0032692,21.598,106.25,0.00092651
16.368,0.021271,67.783,26.963,0.012049
42.57,-0.0027993,6.5605,70.657,0.010209
49.183,0.014319,8.8932,67.873,0.0071529
8.1457,-0.012456,58.406,48.651,0.010796
42.662,0.0057065,22.902,63.006,-0.0012702
44.39,0.0037434,32.977,40.712,0.00018273
57.531,0.0084388,69.047,20.653,0.0082543
50.106,0.0082817,38.326,61.745,0.00025644
29.217,0.0033092,61.443,31.436,0.0080917
61.959,0.013846,19.845,98.554,0.01446
53.088,-0.0045471,50.508,64.719,-0.0059733
53.253,-0.0061412,24.746,44.882,0.0073353
63.384,0.0067232,-2.2139,70.471,-0.0048114
45.629,-0.003612,32.718,77.308,-0.0054303
53.364,-0.011722,34.842,18.307,0.0072274
61.025,0.0036509,22.173,51.992,-0.012994
93.292,0.016341,30.512,41.655,-0.0022862
25.283,-0.012283,90.402,85.444,0.0071253
41.779,0.019008,48.705,43.532,0.0061682
40.953,-0.0078236,36.263,48.858,-0.0084028
81.005,0.015113,56.231,33.403,0.0012356
62.253,0.010032,40.632,59.405,-0.0063161
71.506,0.0050507,27.526,39.373,-0.0074681
41.932,-0.0059709,61.943,92.835,-0.0091948
73.469,-0.008982,41.903,116.39,0.0070869
30.729,-0.019118,24.235,66.466,0.0050053
24.41,0.0040248,20.16,80.998,-0.01219
24.789,0.0074592,20.908,89.264,0.013207
51.831,-0.0022721,34.33,34.401,-0.0056563
43.345,0.0063961,53.461,52.942,0.010643
31.395,0.010339,38.774,40.94,-0.0083332
13.193,0.0008198,56.584,17.189,-0.0033407
-0.72474,0.009717,49.279,50.457,-0.002239
32.812,-0.019673,10.029,40.539,0.0064461
25.574,-0.016054,17.593,4.584,0.0098066
53.668,0.0087767,16.35,70.257,-0.014996
17.714,0.0054823,38.073,7.574,0.00066497
34.95,-0.0014993,13.87,16.607,0.0018661
38.962,0.0017294,83.683,64.141,-0.011515
39.978,0.016532,49.314,3.5652,-0.0016206
38.806,-0.0031016,4.6818,72.921,0.010531
35.408,0.0089111,29.493,36.808,0.0052969
40.362,0.0043658,53.513,101.47,-0.0069316
53.206,-0.01005,46.764,69.109,0.0058474
34.755,0.0010484,65.773,17.914,-0.011667
0.53196,0.021968,35.64,63.316,-0.020804
36.966,-0.0069441,50.066,46.882,0.0035942
40.742,-0.0076405,48.174,58.639,0.022953
46.092,-0.0056231,46.456,38.394,-0.0016247
7.2063,0.0069844,40.034,37.581,0.0059613
43.911,-0.0051497,36.142,64.169,-0.0018061
32.505,0.007432,28.8,49.101,-0.0039018
28.699,0.0018836,30.532,23.186,0.0041872
59.9,0.022384,69.841,14.483,-0.0088841
36.375,0.022999,53.564,36.615,-0.0020197
70.605,-0.0057434,45.465,54.005,-0.0020488
21.551,-0.0028603,50.903,9.3393,0.0097423
61.609,-0.0036403,42.371,56.119,0.010811
52.847,0.004834,12.525,21.233,-0.0037681
46.278,0.0092946,44.003,35.833,-0.0079216
77.168,0.0066816,76.218,75.998,-0.00040986
-2.094,0.0027002,34.164,42.573,-0.0046915
59.16,-0.0062473,31.896,-33.534,-0.0034558
68.844,-0.0021145,60.357,28.81,-0.0045398
44.853,-0.0012523,51.653,69.101,0.0064203
59.106,0.00076396,56.393,40.89,0.0032485
37.038,0.013614,45.751,-10.696,-0.0010498
35.961,-0.004139,2.1612,62.111,-0.007521
39.439,-0.007147,31.771,45.71,0.010202
30.931,-0.000665,32.343,74.971,-0.011124
32.273,-0.021675,19.014,34.396,-0.0094706
27.607,-0.0030169,0.86606,71.426,-0.0016236
39.019,0.0092062,48.164,35.497,-0.0002918
21.574,-0.0083014,17.052,34.943,-0.0034477
65.77,0.016418,22.699,51.493,-0.0047121
10.485,0.015069,47.683,45.358,-0.016189
28.596,-0.001947,43.545,50.075,-0.011821
3.6715,0.003837,20.914,7.3344,-0.0041195
45.208,-0.0023362,58.186,83.758,0.0054921
56.173,-0.0067256,20.398,92.858,-0.0039942
23.948,0.0014367,19.107,48.279,-0.0073912
3.1116,0.0036722,45.348,39.097,0.0073367
52.907,-0.0096664,22.293,94.636,0.0016819
38.494,0.01814,17.657,79.15,-0.0026191
77.129,0.010826,49.016,14.406,0.0031391
8.1812,0.0030393,43.563,40.727,0.010551
13.354,-0.0069892,29.03,60.187,-0.011077
13.111,0.0049825,41.521,78.005,0.00076792
60.795,0.008982,64.391,-1.0981,-0.0091749
23.614,-0.019413,48.953,5.5207,0.0065532
58.645,0.0091118,32.052,20.793,0.012004
53.739,-0.010069,26.079,60.281,0.0037435
32.845,0.011841,31.03,40,0.0063048
28.461,0.004321,34.399,12.404,-0.0045995
23.599,0.010476,57.865,81.596,-0.0027833
38.286,0.01402,45.179,79.227,0.0061606
29.28,0.0017973,45.329,39.227,0.00089656
72.604,0.013493,46.977,86.591,-0.0085849
58.296,-0.015836,20.69,56.244,0.0026088
13.076,-0.0029377,27.232,52.86,-0.0008217
24.971,-0.019507,26.638,29.551,0.001173
49.43,-0.024143,54.11,67.206,-0.0076821
45.757,-0.0043033,27.367,45.95,0.0015237
60.384,0.0052009,65.389,18.561,-0.00070688
25.862,0.0021049,34.885,61.23,0.0037222
39.424,0.0060477,71.365,88.427,0.0086221
19.708,0.024317,42.232,31.102,-0.0033125
19.136,-0.011779,35.1,55.98,-0.016635
45.892,0.0071095,25.602,5.163,-0.0034634
57.82,0.0055339,-4.985,76.292,0.010325
20.85,-0.0031517,28.541,34.314,0.002141
35.489,-0.018695,27.144,64.305,-0.0079004
38.802,0.010959,77.821,48.325,-0.0034321
47.617,0.0018274,46.59,90.576,-0.0075564
55.475,-0.0052883,52.192,48.94,-0.0081474
49.224,-0.0094722,58.871,15.961,0.0035851
57.982,0.0022351,35.431,4.4644,0.010466
2.263,-0.010966,65.504,51.236,-0.0022153
19.405,0.010783,37.546,33.619,-0.0064926
0.56604,-0.023837,8.9316,104.56,0.0044803
41.22,0.019775,40.959,15.66,-0.014727
28.931,0.0016279,2.3729,86.205,-0.0025343
33.795,0.0061409,19.258,29.067,0.0011134
44.42,-0.016954,40.371,47.083,-0.017357
10.157,0.0029653,51.954,93.127,-0.0012094
18.81,-0.015675,33.996,69.217,-0.013881
28.925,0.020728,42.388,51.318,-0.00019562
54.589,0.0034765,59.443,5.2026,0.0018492
47.496,0.0018985,-9.0579,22.587,-0.0019434
40.959,0.032802,36.466,66.809,0.0014726
37.111,-0.0068339,63.682,34.915,-0.0004225
64.197,-0.0069605,26.249,1.5595,-0.0016181
32.402,0.0080226,36.045,60.995,-0.0072835
27.798,0.022099,56.041,30.313,-0.01652
51.735,0.00080107,25.279,59.282,0.0024591
55.421,0.00067539,48.08,62.638,0.00948
43.544,0.015161,85.132,105.71,0.0030907
32.342,0.002164,82.03,76.881,-0.0010268
36.883,-0.014395,32.747,46.335,0.002074
53.54,0.0037452,52.959,58.542,-0.003482
34.327,-0.0010688,59.972,58.059,-0.0025495
62.483,0.0009216,52.359,-0.88763,0.0047062
64.752,-0.0046191,35.5,43.39,-0.010949
38.477,-0.0091442,14.411,28.048,-0.0024894
38.82,-6.6597e-05,36.726,42.73,-0.0016535
34.107,-0.00011712,53.563,52.917,0.0047153
53.516,0.0069625,23.865,44.407,0.012206
35.036,-0.0061112,9.1961,68.66,0.0035854
28.512,-0.0028475,70.837,75.671,0.0078316
44.895,-0.0073618,62.693,50.8,0.007104
9.2541,0.01761,68.799,60.472,-0.00020088
-2.3813,-0.0011311,14.854,97.563,0.0017898
17.894,0.0006458,7.2261,52.239,0.015214
18.05,-0.015832,54.606,111.41,0.0056329
36.979,0.0088592,48.743,67.225,-0.003329
36.621,0.0069497,48.791,100.91,0.0085548
33.588,0.0013013,51.872,20.737,-0.0071507
28.871,0.006573,49.494,50.819,-0.00026775
43.832,0.0084078,50.825,85.615,-0.011932
11.229,-0.0044051,52.806,90.512,0.0046351
5.7257,0.015055,34.291,14.174,-0.0018527
29.03,0.011243,39.552,11.163,0.0026866
32.838,0.00098137,23.273,76.491,-0.011588
2.5311,0.01643,19.696,52.884,0.00015572
50.194,-0.0039757,55.26,70.282,-0.0022583
43.136,-0.0033331,16.573,56.748,-0.0027617
39.697,-0.0063755,43.559,9.6948,-0.0043604
80.151,-0.011194,9.0678,53.424,-0.011204
56.747,0.011967,29.96,56.474,0.0021494
64.384,0.030569,26.737,85.845,-0.01932
29.314,0.0021871,51.539,98.694,-0.012255
31.177,-0.0049295,7.2532,75.422,0.0065682
56.546,-0.0023726,31.326,37.568,0.0092774
20.621,0.013149,68.183,24.761,-0.009144
62.159,0.014184,49.286,69.653,0.014021
42.997,-0.015469,32.088,35.073,0.0054958
55.313,0.00011611,53.641,4.181,0.0023052
63.921,0.0019055,36.653,52.609,-0.0039481
48.758,0.0057933,33.816,50.803,-0.0090217
60.098,-0.0051683,74.228,59.909,0.0055415
45.629,-0.016547,27.212,90.742,-0.0075017
49.637,0.0063943,40.836,56.599,0.0016721
56.044,-0.01353,34.672,19.052,0.007027
52.474,0.0090391,33.981,76.806,-0.016092
38.896,0.016456,40.746,1.5971,-0.009935
46.593,0.016777,-5.6784,38.991,-0.0029009
20.658,0.003896,67.861,68.334,0.0023314
40.789,-0.0059803,26.089,-21.503,-0.0098312
44.921,-0.013815,41.393,61.075,-0.0037207
22.396,-0.00070222,57.775,74.73,8.7007e-05
58.605,0.0052791,45.974,76.082,-0.005233
42.699,0.016113,44.237,67.981,-0.0034214
27.777,0.00092988,39.983,-12.522,-0.0074945
35.69,0.0071506,17.76,44.404,0.0078641
28.337,0.010766,71.655,8.6042,0.0072003
23.055,0.027085,45.165,87.04,0.0076807
51.958,-0.0085262,46.751,45.778,-0.0042751
15.044,0.0085189,50.769,96.955,-0.0023924
21.342,0.0083801,43.227,33.143,-0.0016302
39.582,0.00095527,40.043,20.197,-0.0081981
7.1211,0.010164,42.169,62.985,-0.0024614
27.085,0.010861,65.581,17.397,-0.0062475
44.953,-0.0064024,21.84,18.995,0.0059878
49.343,0.0046565,29.963,24.079,-0.003216
100.59,0.0017862,36.189,50.305,-0.0041239
63.796,0.0040601,14.34,37.68,0.0081762
45.513,-0.0061593,43.625,78.237,0.001489
54.401,-0.00022724,28.201,82.412,0.007196
52.372,0.0058077,46.413,44.605,0.0039223
52.785,-0.019022,41.699,63.714,-0.0015647
43.153,0.01216,37.07,64.866,0.0040596
16.919,0.0098043,25.976,15.153,-0.0098444
57.333,-0.00019361,47.836,58.036,-0.0060024
49.242,-0.017661,67.094,44.161,-0.009442
56.614,0.029783,52.778,87.559,-0.00703
37.029,0.0021849,39.022,4.7804,-0.0031393
63.845,0.027243,42.59,66.72,-0.0037224
49.863,0.0069137,52.777,24.071,0.0049793
74.671,0.0020793,-0.64268,100.48,-0.0011401
52.962,0.015643,51.521,67.63,0.004336
35.11,0.003884,56.027,0.38705,0.0079874
14.536,-0.026166,6.6048,85.905,0.0076585
72.039,-0.009109,28.539,40.09,-0.010264
41.296,-0.0027006,42.655,38.249,-0.014406
78.2,0.015637,66.627,88.012,0.0015403
30.199,0.013941,34.883,48.432,0.0065261
61.345,0.0030171,1.6768,78.964,0.010769
37.602,0.025948,36.325,69.909,-0.0023113
72.661,0.02826,41.613,15.128,0.0088019
24.629,0.0078625,29.627,57.948,-0.00080373
8.0643,0.0017648,83.835,23.124,0.0010697
27.589,-0.012025,76.129,8.6267,0.0003237
74.613,0.010527,52.533,133.54,0.00089232
22.414,-0.0091112,19.162,31.342,-0.0080796
11.14,-0.014754,20.131,10.371,0.0033688
55.737,-0.0029844,21.3,112.16,0.0055798
36.959,-0.012152,6.7593,-1.7916,0.011399
60.398,0.001287,50.446,48.129,-0.0023321
24.198,-0.00011681,21.439,64.331,-0.0094884
32.65,0.001798,14.083,53.047,0.008675
38.981,0.002046,44.527,15.057,-0.0095369
-14.78,0.00018396,11.103,-13.209,0.012399
36.922,0.014807,63.828,72.58,-0.00059119
8.7632,0.012021,51.652,20.696,0.004522
48.911,0.014278,53.185,47.788,-0.0051811
54.56,-0.00084778,39.579,60.15,0.0015194
12.99,-0.0055521,21.748,88.464,-0.0025052
49.998,-0.0099345,26.8,67.333,-0.00027809
14.197,0.0068518,21.65,20.695,-0.0016747
15.577,0.0052595,63.541,49.949,-0.013924
83.642,-0.015856,17.429,32.062,0.0038391
25.154,0.0060706,61.04,66.788,0.0063274
34.902,-0.0059802,33.401,26.29,0.0018474
47.656,0.017189,29.809,42.341,-0.0077785
66.273,0.018588,64.96,83.914,-0.010387
47.056,-0.0073323,-14.907,71.632,0.0061402
25.016,-0.0017618,30.849,57.714,-0.0053131
33.986,-0.0039569,49.736,89.341,0.0061869
16.463,-0.0027951,57.768,11.945,-0.0022766
78.4,-0.00048397,41.137,71.367,0.000727
37.508,0.00093914,37.539,-24.004,0.002192
37.099,-0.01095,62.927,5.7467,-0.00097188
34.022,-0.0042387,30.562,77.772,-0.0069519
48.015,-0.01042,36.344,83.213,-0.0042832
26.67,0.013425,45.626,75.298,0.0012839
36.254,-0.0016448,50.681,86.945,-0.0022609
49.55,-0.0067718,52.53,26.221,-0.00806
28.42,0.0028646,68.558,59.395,-0.0053578
25.343,-0.024567,37.759,47.458,-0.0085055
42.24,0.011711,-4.287,45.43,-0.0048709
44.54,0.014774,30.784,21.09,0.0096868
65.728,0.012117,-5.2774,47.448,-0.0085951
75.906,-0.00031336,46.066,65.622,0.0050358
22.815,-0.0082916,28.483,72.503,0.0054897
9.958,-0.0059315,33.194,62.109,0.012789
20.933,0.016199,36.483,56.673,-0.011134
44.421,-0.00062784,59.472,9.4035,0.00047751
48.677,-0.0074561,35.275,40.404,-0.0076245
10.252,0.0019462,82.198,56.012,0.0096289
-8.6574,0.016099,20.7,7.5111,-0.0037537
48.412,0.0030374,18.708,76.809,-0.0037937
51.886,-0.0047022,50.384,-0.15845,-0.016943
20.923,0.017804,36.161,69.22,-0.0070633
34.752,0.015459,24.59,37.028,0.0031339
51.574,0.0072076,20.805,7.0701,-0.0067661
59.561,0.017562,37.963,72.058,0.011799
32.107,0.001342,44.331,-9.4968,0.0031431
42.534,0.0030875,65.961,70.715,0.010892
33.547,0.011205,-14.018,30.074,-0.011915
31.271,0.0059203,8.5066,9.4938,-0.014363
74.785,0.0061166,57.172,55.863,-0.0070975
57.019,0.0099046,22.08,29.838,0.011171
37.465,-0.0028873,26.376,30.27,-0.0055735
18.085,0.012728,33.287,59.223,-0.004648
50.276,-0.0014443,14.707,21.503,-0.0076276
24.5,0.0040098,27.776,1.3425,0.016496
47.875,0.004979,51.005,65.685,-0.0058366
-2.2187,-0.0053961,26.063,1.2226,-0.010581
86.55,-0.0058757,48.783,14.593,-0.0028281
21.396,0.0026976,48.702,61.755,-0.0022759
68.193,-0.0293,29.808,64.525,0.0014619
36.888,-0.011319,-19.518,83.387,0.0083271
36.083,0.012121,55.796,80.608,0.01801
11.093,0.0024708,37.604,22.642,0.0072943
49.476,1.6222e-05,54.341,31.654,-0.012048
0.84858,0.0027207,44.17,12.214,-0.00037618
69.075,0.00624,63.593,-27.3,0.015071
12.494,-0.00081894,34.722,70.398,-0.0025267
56.438,-0.010649,72.791,-3.5125,0.010135
46.553,0.029089,51.353,40.222,0.0043659
34.787,-0.013278,20.058,23.807,-0.0012695
5.8652,-0.0011356,57.363,82.092,-0.0016949
93.123,0.0013006,50.003,38.636,0.0092859
65.578,-0.0082137,76.381,66.374,0.0047998
78.521,0.0075668,29.419,43.443,-0.016537
26.576,0.0056803,67.208,68.406,-0.0049852
59.579,0.011451,38.746,57.783,0.0069862
52.521,0.017343,49.771,58.601,0.0031264
35.746,0.0090913,19.454,-12.757,-0.010301
38.918,-0.0095894,65.487,46.949,0.0063213
37.757,-0.012888,51.422,49.789,-0.0088323
49.815,-0.0024813,41.316,51.225,-0.0047838
45.053,0.0094033,23.399,50.761,0.00031302
37.882,-0.0022757,0.82856,-2.9499,0.0025485
41.251,0.018088,25.686,82.902,-0.0023123
26.566,-0.0033506,24.089,7.7911,-7.431e-05
28.217,0.0056203,-6.511,61.637,-0.0032751
32.06,-0.0035125,34.892,40.786,0.0034169
46.536,-0.0007498,21.609,36.178,-0.0057501
49.574,-0.011114,24.307,-22.225,0.0025877
-0.28536,-0.011326,32.26,-0.70305,0.00095755
21.141,0.010266,51.144,52.551,0.0076697
43.378,0.013468,53.041,29.143,-0.01459
35.451,0.021506,27.729,-27.394,0.0015776
30.639,-0.032492,51.54,74.695,0.0045249
19.431,0.012705,16.864,44.082,-0.0021783
42.84,-0.013956,13.205,10.075,0.011056
57.476,0.020084,24.159,88.92,0.0080448
77.278,-0.0069232,38.755,18.221,-0.00055935
57.081,0.0057566,45.674,75.912,0.0036675
20.201,0.0021388,26.932,18.185,0.0050549
23.623,0.0035639,3.8194,61.598,0.004162
55.437,-0.0022796,23.638,37.633,-0.0048242
44.66,0.010961,29.067,39.642,-0.001205
64.922,-0.0059596,22.234,55.005,-0.0061725
40.465,-0.014823,77.338,33.076,0.00075015
43.079,0.0036036,11.867,106.82,-0.0031582
63.63,0.0037989,17.251,57.676,0.012168
48.783,-0.00010665,61.474,52.025,-0.003623
30.729,-0.0062373,49.647,63.497,-0.0079031
-10.219,0.014415,72.177,42.38,-0.016074
29.821,0.018906,19.602,97.516,-0.0098915
29.292,-0.025033,49.751,59.856,3.2595e-06
40.557,0.0059622,43.557,105.26,0.0063653
37.451,-3.8853e-05,16.692,61.525,-0.0047103
38.068,0.00091093,32.663,19.925,-0.006817
25.125,0.0032007,52.729,53.605,0.005226
57.774,-0.0059878,28.295,60.708,-0.0080914
32.332,-0.012176,29.316,27.072,-0.0076137
20.149,0.0082084,20.174,144.96,-0.0078693
33.709,-0.001657,51.314,41.671,0.00089386
42.105,0.0053861,25.149,33.166,0.0012979
68.491,0.0053478,37.455,91.904,0.0065052
60.497,0.01024,26.904,13.172,-0.0085975
58.365,0.0029127,30.251,32.162,-0.0049091
52.957,0.011259,33.695,57.362,0.0064504
69.873,0.016889,52.896,84.521,0.0061439
46.825,0.0091059,27.944,52.301,-0.014759
36.179,0.017934,33.783,75.809,-0.01045
19.063,-0.0014735,41.841,-19.061,-0.0079689
13.545,0.0066969,24.45,60.365,0.0069165
18.058,-0.0094066,46.819,32.352,0.0016694
43.299,-0.0162,16.968,52.162,0.0025287
60.705,0.011563,50.275,-11.459,0.0012839
39.735,0.017774,39.591,73.894,-0.0055128
45.307,0.0078834,29.157,60.059,0.0039538
40.447,0.027632,43.606,3.4045,-0.0076816
48.178,0.017347,31.646,101.62,-0.0041724
54.968,0.0040337,44.726,22.902,-0.0039623
44.586,-0.0024693,37.137,41.58,-0.0041879
52.234,0.023263,64.076,74.719,0.012013
32.461,-0.01358,36.053,72.636,-0.0088364
19.996,0.00042326,32.139,53.541,-0.0089668
44.767,0.0083607,38.856,63.934,-0.018171
19.41,0.013243,51.989,43.964,0.00025502
59.323,-0.0010441,52.4,12.515,0.0095415
55.322,0.014123,19.885,32.525,0.00017382
40.052,0.00036834,54.682,13.824,-0.0021812
35.368,0.025733,16.25,95.774,0.0044453
13.92,0.0097001,36.99,54.521,-0.010456
32.694,-0.0040507,61.99,108.13,0.0024761
10.131,-0.0070064,-0.70739,61.094,0.0042519
29.702,0.00018873,23.437,60.333,-0.012717
79.678,0.012514,47.685,75.929,-0.006618
31.725,0.0011376,62.263,80.773,0.0041907
16.735,-0.011745,39.742,28.909,-0.0032692
59.692,0.0065849,6.641,49.247,-0.0026027
6.1637,-0.0033945,52.413,20.172,-0.0046725
84.334,0.0011517,64.537,36.675,0.0061926
37.077,0.011077,78.955,56.784,-0.0052773
34.149,-0.0010027,37.447,87.679,-0.0082506
33.288,-0.0057535,33.852,54.919,-0.0048078
53.48,0.016815,49.806,48.116,0.0035352
22.403,0.021417,27.045,77.325,-0.0087665
27.698,-0.0032917,40.713,71.115,0.010593
