165.17,0.0088454,192.7,NaN,0.0099756
170.85,0.0075083,242.88,NaN,0.010005
200.68,0.0068416,116.61,NaN,0.009535
105.7,0.0073568,419.32,NaN,0.0082375
203.09,0.006707,21.454,NaN,0.0085191
87.151,0.006552,-18.795,NaN,0.008202
197.68,0.0061997,379.8,NaN,0.0072845
319.3,0.0060076,41.845,NaN,0.0071766
157.08,0.0051694,142.79,NaN,0.0071488
27.82,0.0054221,38.415,NaN,0.0061819
159.79,0.0049954,16.325,NaN,0.0063056
233.1,0.0044761,71.325,NaN,0.0064871
140.76,0.0047918,153.97,NaN,0.005928
398.82,0.0044244,117.06,NaN,0.0063117
119.62,0.005661,292.6,NaN,0.0060281
122.14,0.0047373,121.97,NaN,0.0055609
395.8,0.0047034,346.6,NaN,0.0064526
218.66,0.0046899,68.444,NaN,0.0059696
250.12,0.0047606,-29.647,NaN,0.0053759
356.34,0.0052263,216.95,NaN,0.0056584
91.609,0.0044009,353.32,NaN,0.0055939
154.19,0.0046152,146.84,NaN,0.0050843
294.87,0.0051868,342.34,NaN,0.0059694
73.473,0.0049787,146.03,NaN,0.006068
211.86,0.004707,94.828,NaN,0.0061095
25.971,0.0051288,15.038,NaN,0.0059991
249.58,0.0045494,323.14,NaN,0.0058623
480.5,0.0047653,9.5477,NaN,0.0052133
162.59,0.0043151,139.82,NaN,0.004904
131.96,0.0047634,80.874,NaN,0.0053185
408,0.0043072,83.105,NaN,0.0047437
63.57,0.0040981,149.76,NaN,0.0048726
139.97,0.003447,208.26,NaN,0.0043898
187.42,0.0034261,222.31,NaN,0.0043355
274.38,0.0035354,80.44,NaN,0.0046667
50.509,0.003346,239.99,NaN,0.003792
68.549,0.0026345,265.09,NaN,0.0028226
239.71,0.0030498,179.79,NaN,0.003521
175.79,0.0029442,170.03,NaN,0.0035893
-20.355,0.0021309,41.205,NaN,0.0038171
-24.943,0.0022143,245.08,NaN,0.0030885
-24.34,0.0029539,424.51,NaN,0.0030766
210.59,0.002194,306.97,NaN,0.0031621
269.97,0.0019028,193.76,NaN,0.0030761
300.03,0.0020646,287.34,NaN,0.0031591
71.419,0.002506,236.83,NaN,0.0022545
-53.733,0.0021803,289.56,NaN,0.0027628
293.43,0.0012745,230.45,NaN,0.0022639
203.61,0.0018191,215.55,NaN,0.0025309
212.3,0.0014907,425.57,NaN,0.0030298
160.21,0.0018325,230.1,NaN,0.0023246
172.27,0.0014421,298.1,NaN,0.0031877
466.32,0.0023097,316.11,NaN,0.0025877
192.23,0.0024541,388.63,NaN,0.0024045
280.29,0.0024175,191.03,NaN,0.0029448
-77.013,0.0024851,295.01,NaN,0.0022823
13.832,0.0025757,219.95,NaN,0.002518
107.68,0.0019091,146.92,NaN,0.002567
231.37,0.0020026,197.66,NaN,0.0023459
260.27,0.0017002,291.93,NaN,0.0029347
546.67,0.0014843,112.67,NaN,0.0030411
-20.499,0.0017761,423.43,NaN,0.002324
-15.626,0.0016002,464.4,NaN,0.0028426
178.13,0.0019853,118.05,NaN,0.0020347
101.16,0.0017789,170.23,NaN,0.0025929
79.84,0.001985,278.97,NaN,0.0019479
346.25,0.0014761,272.51,NaN,0.0018679
164.08,0.0018248,404.61,NaN,0.0025576
284.78,0.0017106,212.46,NaN,0.0018864
251.07,0.0010472,435.59,NaN,0.0014949
12.499,0.00088098,114.06,NaN,0.001912
329.01,0.00070055,237.34,NaN,0.0014161
194.45,0.0011922,271.19,NaN,0.0010043
142.18,0.0013707,101.33,NaN,0.0015434
211.7,0.0014501,239.59,NaN,0.00089433
286.18,0.00090351,198.19,NaN,0.0014659
382.46,0.0010408,349.12,NaN,0.00049907
250.16,0.00040445,308.81,NaN,0.0011149
7.691,0.0017051,483.47,NaN,0.0012593
348.43,0.00086525,369.53,NaN,0.0012613
164.25,0.0012558,250.34,NaN,0.0014469
481.8,0.00063573,-19.295,NaN,0.00095499
316.42,0.0010277,217.44,NaN,0.0015387
321.31,0.0015318,131.65,NaN,0.0015906
187.98,0.0008526,550.88,NaN,0.0012677
120.43,0.0014327,242.57,NaN,0.0030353
135.01,0.00090209,281.75,NaN,0.0020852
59.301,0.0015068,284.12,NaN,0.0019909
122.21,0.0014579,216.5,NaN,0.0016229
389.38,0.0012494,-11.586,NaN,0.0008524
152.87,0.0018589,510.3,NaN,0.001241
225.21,0.00073011,280.53,NaN,0.0013191
441.23,0.0014021,127.92,NaN,0.0016329
168.41,0.0017802,204.21,NaN,0.0011691
209,0.0012701,447.45,NaN,0.0015469
329.02,0.0013639,257.3,NaN,0.0017403
264.88,0.0010339,261.76,NaN,0.0012346
301.39,0.0013402,194.58,NaN,0.00079736
190.97,0.00042746,38.191,NaN,0.0013239
219.27,0.00060569,148.16,NaN,0.0013674
459.87,0.00058349,128.7,NaN,0.00059486
514.91,0.00052774,255.07,NaN,0.001611
242.87,0.0016436,267.88,NaN,0.0010613
146.01,0.0013928,224.54,NaN,0.00075196
238.38,0.00059729,347.44,NaN,0.00081081
174.52,0.00092448,204.9,NaN,0.0013468
156.24,0.00023196,282.82,NaN,0.00096167
-10.872,0.00054009,136.27,NaN,0.00090916
45.192,0.0006834,120.59,NaN,0.00070124
246.83,0.00089425,211.44,NaN,0.0011145
163.61,0.001208,359.15,NaN,0.00059901
424.67,0.0010402,274.23,NaN,0.0011297
1.2259,0.00085594,286.95,NaN,0.0024579
123.11,0.0012877,152,NaN,0.0010723
312.87,0.00084099,154.21,NaN,0.00087163
307.76,0.0011288,321.24,NaN,0.0014683
186.29,0.0015887,303.81,NaN,0.00086073
111.04,0.00055174,67.955,NaN,0.00091176
-71.083,0.00084265,44.764,NaN,0.0010652
181.36,0.00061118,379.53,NaN,0.0011079
307.52,0.00041105,241.08,NaN,0.0012391
229.4,0.0012328,223.89,NaN,0.0013378
63.875,0.00074547,296.23,NaN,0.0011589
374.09,0.00032399,232.35,NaN,0.00072843
345.88,0.00052394,275.83,NaN,0.0009342
223.47,0.001156,310.8,NaN,0.000926
260.88,0.0010213,34.745,NaN,0.00088936
260.96,0.00082206,252.87,NaN,0.0015402
276.14,0.00024422,247.13,NaN,0.0019146
356.26,0.00056891,307,NaN,0.00067502
206.67,0.00040408,295,NaN,0.00092486
467.22,0.0011335,90.157,NaN,0.0010458
104.44,0.0004623,274.13,NaN,0.0013889
215,0.00093713,124.7,NaN,0.00089993
152.28,0.0011947,211.56,NaN,0.00074211
171.22,0.0010624,273.67,NaN,0.00096241
40.741,0.00081671,387.49,NaN,0.00022633
416.32,0.00018572,322.78,NaN,0.00085557
271.51,0.0013596,296.63,NaN,0.00058292
244.3,0.00017509,71.699,NaN,6.7658e-05
273.48,0.00039041,275.24,NaN,0.00051701
164.59,0.00063307,414.98,NaN,0.00067716
208.15,0.00091242,-24.206,NaN,0.00079429
375.13,0.00078884,316.93,NaN,0.00062066
245.43,0.00046411,-73.122,NaN,0.0011794
321.3,0.00042091,212.49,NaN,0.00099462
339.95,0.00026646,305.45,NaN,0.0004288
389.48,0.00063309,25.509,NaN,0.00039498
181.72,0.00065731,353.69,NaN,0.001276
154.11,0.00069795,280.1,NaN,0.001186
304.31,0.00060984,381.08,NaN,0.00059236
128.94,0.00088585,318.96,NaN,0.00049621
411.69,0.00066159,195.68,NaN,0.00077916
113.26,0.0004996,299.22,NaN,0.00081081
402.46,0.00058209,254.27,NaN,0.00086492
474.75,0.0011871,6.8819,NaN,0.0014235
87.894,0.00065532,304.19,NaN,0.0013711
417.78,0.00096285,305.17,NaN,0.0004748
330.53,0.00047732,317.69,NaN,0.0010628
277.84,0.00035736,277.27,NaN,0.0010976
231.77,0.0010245,247.53,NaN,0.0010662
239.68,0.00075605,-93.071,NaN,0.00095053
382.86,0.00034685,471.09,NaN,0.00086255
180.11,0.00097953,143.07,NaN,0.00052493
185.71,0.00044505,170.89,NaN,0.00038838
678.64,0.00049471,377.99,NaN,0.00075836
479.23,0.00049879,191.88,NaN,0.0009009
411.84,0.00046846,134.06,NaN,0.00091553
394.03,0.00061981,351.63,NaN,5.3736e-05
261.86,7.9428e-05,231.28,NaN,0.00049894
32.176,0.00074648,114.34,NaN,0.00089721
236.75,-0.00020925,481.17,NaN,0.00073572
362.14,0.00060727,219.8,NaN,0.0006178
349.03,0.00026523,156.49,NaN,0.00069366
472.32,0.00079485,78.432,NaN,0.00044484
420.82,0.00032727,214.59,NaN,0.0012532
318.23,0.00094437,464.19,NaN,0.00072455
184.34,0.00043348,341.11,NaN,0.00038335
220.34,0.00035205,121.08,NaN,0.00088532
326.29,0.00074145,231.25,NaN,0.00042068
196.17,0.00052497,373.18,NaN,0.00088928
200.41,0.0004596,466.65,NaN,0.00070624
454.17,0.00043443,243.14,NaN,0.0011234
243.96,0.00087245,152.8,NaN,0.00018813
52.588,0.00041622,301.24,NaN,0.00067226
-27.833,0.00052537,113.37,NaN,0.00079998
297.62,0.00035436,382.02,NaN,0.00036687
202.14,0.00047793,140.14,NaN,0.00066599
213.91,0.00026621,183.96,NaN,0.00087437
249.14,0.0006786,2.7399,NaN,0.00017145
273.61,0.00058462,141.87,NaN,0.00082999
133.91,0.00076281,303.7,NaN,0.0011586
266.99,0.00055929,429.57,NaN,0.00060979
-21.177,0.00057455,418.41,NaN,-0.00014737
146.99,0.00052756,56.648,NaN,0.00042924
218.47,0.00097393,223.35,NaN,0.0012651
306.96,0.00043994,268.73,NaN,0.00029818
305.47,0.0003841,266.38,NaN,0.0010424
435.35,0.00061594,295.44,NaN,0.00051082
488.98,0.00041788,288.84,NaN,0.00035897
322.83,0.00013823,194.19,NaN,0.00073313
152.51,0.0003917,230.47,NaN,0.00059679
332.72,0.00041611,169.37,NaN,0.0010681
427.99,0.0007581,169.96,NaN,0.00062316
411.24,0.00078151,384.9,NaN,0.00018157
274.78,0.00053908,100.2,NaN,0.00058789
67.669,0.00067825,213.23,NaN,0.00026841
90.342,0.00030494,104.42,NaN,0.0013759
213.79,0.00055311,348.07,NaN,0.0010071
332.49,0.0004754,118.18,NaN,0.00094329
185.54,0.00078847,37.907,NaN,0.0011318
56.092,0.00083102,93.104,NaN,0.00070715
441.72,0.000357,338.28,NaN,0.00051726
206.63,-0.00010644,550.71,NaN,-0.0002006
400.99,0.00052905,190.94,NaN,0.0011874
326.94,0.00087778,378.35,NaN,0.00045392
95.943,0.00084834,484.06,NaN,0.00078401
277.96,0.00067784,432.18,NaN,0.00057195
361.27,0.00078518,486.07,NaN,0.00076079
181.2,0.00014798,192.53,NaN,0.00047356
180.81,3.3184e-05,411.41,NaN,0.00027714
316.34,0.00058669,241.05,NaN,0.0008233
135.63,0.00038618,76.106,NaN,0.0011239
182.66,5.4613e-05,225.87,NaN,4.0142e-05
449.06,0.00068016,319.59,NaN,0.0012498
225.05,0.00092129,514.71,NaN,0.0013543
329.31,0.00058238,388.02,NaN,0.00092325
201.83,0.000614,300.28,NaN,0.0010487
59.854,0.00058504,396.02,NaN,0.00031621
200.53,0.00033003,195.59,NaN,0.00099854
188.76,0.00057753,88.993,NaN,0.00087229
289.95,0.00085405,171.58,NaN,0.0012489
196.27,0.0002026,105.36,NaN,0.0011665
397.92,0.00088224,393.9,NaN,0.00070555
-9.8639,0.00097561,245.58,NaN,0.00094475
316.02,0.00053134,105.78,NaN,0.00099218
194.03,0.00051292,237.12,NaN,0.00033596
394.04,0.00098574,153,NaN,0.00099345
275.64,0.00068089,224.58,NaN,0.00059785
484.76,0.00065782,456.82,NaN,0.00066818
214.2,0.00045075,466.78,NaN,0.0010015
227.24,0.00022183,170.37,NaN,0.00080944
333.65,0.00032941,220.44,NaN,0.001113
411.5,0.00060163,327.52,NaN,0.00032994
111.38,0.00015615,287.18,NaN,0.00035324
-79.735,0.00043517,204.87,NaN,0.00041386
248.47,0.0001961,409.64,NaN,0.00046662
307.67,-9.1131e-06,85.638,NaN,0.00060031
477.84,0.00095239,613.67,NaN,0.00023968
240.68,0.00070164,227.63,NaN,0.0014534
287.55,0.00035187,328.57,NaN,0.00069656
364.17,0.00079725,180.85,NaN,0.0011823
191.87,0.00045896,138.29,NaN,0.00027526
137.75,0.00060275,423.38,NaN,0.00017406
240.4,0.00060936,275.97,NaN,0.00016519
32.832,0.00058924,299.86,NaN,0.00083719
335.08,0.00051501,284.34,NaN,0.00083493
128.58,0.0005243,358.95,NaN,0.00032259
58.49,0.00030578,496.72,NaN,-0.00011925
272.69,0.00093432,353.21,NaN,0.0001352
328.25,0.00045807,355.83,NaN,0.00070098
233.32,0.00054195,429.14,NaN,0.00099311
335.38,0.00020322,384.06,NaN,0.0013955
365.47,0.00055768,111.94,NaN,0.0009628
356.39,0.0010282,230.32,NaN,0.00097666
238.56,0.0001688,49.905,NaN,0.00058894
302.3,0.00075577,344.17,NaN,0.000362
194.34,3.2181e-05,520.71,NaN,-0.00015502
469.74,0.00067142,478.78,NaN,0.00077333
173.92,0.00098546,392.09,NaN,6.9208e-05
117.28,0.00051321,145.78,NaN,-0.00047805
188.25,8.5547e-05,173.39,NaN,0.0010642
180.08,0.001011,296.24,NaN,0.00053084
103.23,9.8411e-05,255.73,NaN,0.00071315
104.38,0.00021061,389.64,NaN,7.0659e-05
505.42,0.00056268,449.91,NaN,0.00043746
284.9,0.0005343,242.42,NaN,0.00056628
153.42,0.00038271,266.69,NaN,0.0014166
418.42,0.00049011,421.91,NaN,0.00077754
148.37,0.00055504,340.87,NaN,0.00022636
479.28,0.00036717,51.454,NaN,0.00040689
234.77,0.00052544,165.5,NaN,9.3986e-05
169.59,0.00033805,171.7,NaN,0.0010135
445.97,0.00030971,93.722,NaN,0.00043844
194.51,0.0003318,244.43,NaN,0.0011635
268.67,0.00054049,284.79,NaN,0.00052388
363.3,0.00019905,451.72,NaN,0.00061544
304.49,0.00030975,359.59,NaN,0.00022948
180.41,0.00050305,419.95,NaN,0.00034855
-14.966,0.00065981,164.97,NaN,0.001127
161.43,0.00047463,308.17,NaN,0.0010906
356.7,0.00053581,483.23,NaN,0.0006394
409.64,0.0003244,180.03,NaN,0.0011353
299.63,2.6029e-05,356.31,NaN,0.00075809
391.07,0.00031505,436.88,NaN,8.5812e-05
311.5,0.00030735,130.06,NaN,0.0002485
462.77,0.00095391,334.21,NaN,0.00029394
469.99,0.00080945,149.68,NaN,0.00044649
193.75,0.00063017,208.1,NaN,0.00066163
275,0.00085146,183.57,NaN,0.00064013
353.24,0.00046944,206.29,NaN,0.0002884
444.95,0.00024687,232.91,NaN,0.00066665
294.73,0.00070131,163.62,NaN,0.00010816
207.43,0.00019126,192.24,NaN,0.00064235
272.69,0.00015036,343.15,NaN,-0.00025455
99.631,0.00057723,499.07,NaN,0.00043671
206.2,0.00021138,71.843,NaN,0.00086954
162.16,6.6421e-05,240.25,NaN,0.00056533
299.96,0.00015905,320.99,NaN,0.0010829
241.65,0.00022498,338.42,NaN,0.00043594
424.89,6.2196e-06,398.95,NaN,0.00064393
296.83,0.00023187,287.99,NaN,0.0004091
118.28,0.00066447,37.31,NaN,0.00050585
326.36,0.0012144,356.54,NaN,0.00091558
134.47,0.0003309,386.22,NaN,0.00080874
293.89,0.00072577,193.06,NaN,4.3237e-05
591.46,0.0011148,223.58,NaN,0.00063109
207.71,0.00053014,188.28,NaN,0.00087495
293,0.00040889,244.14,NaN,0.00046468
419.05,0.00059549,141.99,NaN,0.0002463
132.01,0.00058686,424.97,NaN,0.0007362
434.68,0.00024302,106.25,NaN,0.00092295
215.12,0.00053812,217.6,NaN,0.0010282
380.16,0.00029701,445.07,NaN,0.0016168
199.19,0.00012111,321.33,NaN,0.0010476
501.52,0.00050566,222.88,NaN,0.00077831
430.88,0.00074906,215.19,NaN,0.00080057
181.6,0.00064071,324.27,NaN,0.00088885
517.26,0.00043676,393.71,NaN,0.00079131
237.47,0.00065517,369.98,NaN,0.0004214
382.91,0.00076803,506.31,NaN,-0.0001869
300.06,0.00036173,142.06,NaN,0.00051649
276.42,0.00029365,252.98,NaN,-0.00010139
547.8,0.00062804,7.7953,NaN,0.00042082
72.68,0.00039355,331.73,NaN,0.00028834
75.057,0.0010096,374.56,NaN,0.00043075
384.24,-1.1983e-05,286.94,NaN,0.0011593
-13.409,-5.8602e-05,50.109,NaN,0.0010188
382.1,0.00010277,-1.6375,NaN,0.0013595
444.91,0.00051564,512.97,NaN,0.00041913
71.518,0.00047126,103.06,NaN,-0.0001162
263.75,0.00042931,392.44,NaN,0.0011584
187.44,0.0008243,244.14,NaN,0.00084224
390.69,0.00047768,255.95,NaN,0.0007319
182.02,0.00069866,184.95,NaN,0.00014531
373.32,0.0010601,341.82,NaN,0.00069337
164.8,0.00090449,245.45,NaN,0.00030273
410.28,0.0003637,124.59,NaN,0.00057472
316.99,0.0012387,225.63,NaN,0.00034016
110.2,0.00082333,265.59,NaN,0.00041729
115.67,0.00057116,251.12,NaN,0.0012824
277.4,0.00013644,328.84,NaN,0.001408
7.6138,0.0010249,324.17,NaN,0.00036964
393.65,0.00042344,-62.791,NaN,0.00036046
469.12,0.00041278,167.57,NaN,0.00084467
361.44,0.00045001,258.1,NaN,0.00087509
121.48,0.00050491,337.13,NaN,-0.00010205
307.04,0.0011429,365.99,NaN,0.00021097
573.7,0.00085375,347.5,NaN,5.2395e-05
444.03,0.0003788,225.89,NaN,0.00069332
349.93,0.00091585,469.08,NaN,0.0010184
394.07,0.00027914,169.94,NaN,0.00033922
456.58,4.5823e-05,81.953,NaN,0.00073744
302.94,0.00024903,333.82,NaN,0.0001956
262.37,0.0002084,404.65,NaN,0.00032517
239.1,0.00038228,403.94,NaN,0.0010462
294.72,0.00042082,342.54,NaN,0.00063421
240.53,0.00073332,387.64,NaN,0.00080524
168.16,0.00025424,290.72,NaN,0.000961
144.78,0.00082687,476.59,NaN,0.00019432
348.42,0.00041465,447.26,NaN,0.00098385
191.64,0.00068986,278.99,NaN,0.00034646
141.28,0.001126,370.46,NaN,0.001056
84.029,0.00057128,414.02,NaN,0.0010199
83.96,0.00068715,466.11,NaN,0.0012003
358.6,0.00029199,249.43,NaN,0.00082429
219.38,0.00058503,434.96,NaN,0.00094725
350.88,0.00024416,413.72,NaN,0.00044977
431.02,0.00043519,398.78,NaN,1.4644e-05
234.59,0.00024971,429.58,NaN,0.0003927
367.57,0.00049837,256.58,NaN,0.00086492
657.37,0.00017109,354.15,NaN,0.00038627
228.15,0.00072682,417.74,NaN,0.00060888
333.21,0.00052378,214.69,NaN,0.00098201
233.82,1.0575e-05,103.98,NaN,0.0011725
423.99,-0.0002191,362.79,NaN,0.00049199
222.88,-8.0095e-05,302.75,NaN,0.00017468
221.41,9.7651e-05,336.65,NaN,0.00021417
365.81,0.00039163,275.69,NaN,0.0012573
275.04,0.0005164,165.21,NaN,-0.00026031
186.79,-2.3901e-06,341.99,NaN,0.00057343
-10.911,-0.0001878,401.47,NaN,0.0003635
89.298,0.00024236,315.35,NaN,0.0004689
202.91,-0.00013228,246.35,NaN,-0.00019078
377.73,0.00037009,267.23,NaN,-3.4859e-05
363.86,9.5204e-05,240.34,NaN,0.0012311
341.87,0.00063753,85.309,NaN,-9.6265e-05
404.83,0.00029944,303.11,NaN,0.0012483
240.69,0.0005398,408.31,NaN,0.00051995
317.57,0.00020977,274.4,NaN,0.00055575
258.44,0.0010906,191.4,NaN,0.0005069
326.57,0.00055204,354.73,NaN,0.00027999
242.32,0.0004306,427.64,NaN,0.00093465
404.84,8.3741e-05,327.69,NaN,0.00050589
60.011,0.00061978,333.35,NaN,0.0007903
582.92,0.00014377,297.85,NaN,0.001014
233.38,0.00010942,192.75,NaN,0.00074952
106.27,0.00024772,287.7,NaN,0.00058423
118.83,0.00024942,421.2,NaN,0.0011091
266.68,0.00025225,264.57,NaN,9.0823e-05
446.35,0.00098513,366.86,NaN,0.00015886
148.4,0.00064532,265.75,NaN,0.00046768
330.61,0.00086615,353.19,NaN,-0.00021865
165.74,-0.00045712,193.1,NaN,0.00075897
403.53,0.00031665,118.01,NaN,0.00027168
203.77,0.00035022,-46.85,NaN,0.00035992
171.62,0.00028801,374.99,NaN,0.00025872
567.75,0.00092712,324.06,NaN,0.0012929
315.21,0.00022229,374.71,NaN,0.00024142
451.7,0.00013142,353.41,NaN,0.00048708
404.24,0.00050715,40.228,NaN,0.00030157
303.3,1.4115e-05,288.91,NaN,0.00058988
453.74,0.00096892,530.78,NaN,0.0005668
256.7,0.00078794,395.51,NaN,0.00087237
343.01,0.0012371,250.11,NaN,0.00011435
62.207,0.0006751,206.58,NaN,0.00047693
105.35,0.00057455,219.24,NaN,-0.00010217
369.13,0.00092082,301.44,NaN,0.00075306
219.75,0.00056683,291.36,NaN,0.0010328
212.17,0.00051785,147.61,NaN,0.00081998
318.03,0.00021511,206.27,NaN,0.00031293
-82.755,0.00026625,229.37,NaN,0.00085532
219.71,0.00049981,413.33,NaN,0.00042403
124.51,0.00071965,403.45,NaN,0.00056408
331.87,0.00081294,309.07,NaN,0.0008142
273.95,0.00026959,102.02,NaN,-5.7699e-05
66.948,0.0003168,302.64,NaN,0.0002266
258.63,0.00017072,375.9,NaN,0.0003917
242.77,4.0614e-05,247,NaN,0.00066595
343.55,0.00053174,99.768,NaN,0.00045351
191.39,0.00032897,172.7,NaN,0.00046799
95.915,0.00085181,379.48,NaN,0.00032447
266.34,0.00026702,267.12,NaN,0.0012508
343.91,0.00068379,328.02,NaN,0.00062825
325.85,0.00022608,319.1,NaN,9.7018e-05
366.06,0.00053659,378.02,NaN,0.0006559
153.4,0.0007908,405.26,NaN,-0.00037872
164.24,0.00033427,336.22,NaN,0.00086196
187.75,0.00047431,350.24,NaN,-0.00037151
357.47,-0.00043803,324.01,NaN,0.00076606
311.35,0.00028539,121.19,NaN,-0.00013244
318.6,0.0005241,395.09,NaN,0.00048452
405.78,0.00051378,409.53,NaN,6.4232e-05
359.24,0.0010357,312.65,NaN,0.00070938
244.85,0.00061842,235.98,NaN,0.00036086
288.83,0.0005163,191.63,NaN,0.0004649
563.5,0.0006921,58.657,NaN,0.0013519
458.72,0.00010234,270.61,NaN,0.00024348
207.25,0.00036925,347.53,NaN,0.00099533
19.068,0.00067913,394.81,NaN,0.00033506
215.51,0.00043492,250.88,NaN,0.00047525
286.18,-0.00027638,203.96,NaN,0.0011431
3.1311,0.00072944,497.68,NaN,0.00081049
443.29,3.7439e-05,497.36,NaN,0.00078264
459.72,6.0258e-05,588.78,NaN,0.0010566
270.2,0.00059856,146.94,NaN,0.00033579
220.48,0.00036975,101.77,NaN,0.00049288
373.6,0.00018466,295.06,NaN,0.00070815
371.77,-8.5918e-05,326.06,NaN,0.00062649
258.31,0.00021595,366.32,NaN,0.00089444
202.21,-0.00030351,210.71,NaN,-0.00020286
311.4,0.00051543,250.54,NaN,0.00013138
525.57,0.00036831,236.66,NaN,-2.0813e-05
84.499,-3.6125e-05,15.883,NaN,-0.00014116
506.81,0.00032524,168.65,NaN,0.00072479
33.248,0.0013511,286.47,NaN,0.00031312
165.37,0.00047654,221.35,NaN,7.6012e-05
351.68,0.00055045,387.03,NaN,0.00044423
421.13,0.00096501,352.24,NaN,-0.00015473
156.79,0.00058674,311.33,NaN,7.9615e-05
245.71,0.00048308,352.52,NaN,0.00072582
160.26,0.00051984,542.01,NaN,-8.1888e-05
62.77,0.00061298,234.25,NaN,0.0012451
419.12,0.00086649,621.35,NaN,0.00011327
202.85,0.00062012,513.85,NaN,0.0006295
270.95,0.00090443,434.92,NaN,0.00035861
548.31,0.00048453,5.0184,NaN,0.00058048
312.91,0.00078459,192.11,NaN,0.00081012
264.49,0.00033834,92.615,NaN,0.0011297
364.45,0.00077761,295.29,NaN,0.0011166
301.29,0.0001076,128.37,NaN,0.00043933
109.56,0.00033169,211.46,NaN,0.00052607
368.78,0.00030365,467.45,NaN,0.00068395
273.08,0.0010449,108.44,NaN,0.0012439
261,0.00011713,27.077,NaN,0.00092269
375.12,3.3131e-05,174.12,NaN,-0.0001187
300.57,0.00051439,240.31,NaN,0.00023647
202.49,2.4606e-05,366.24,NaN,6.5655e-05
115.59,6.6518e-05,291.88,NaN,0.00012885
363.8,0.00055246,230.12,NaN,0.00078964
382.61,0.00048502,308.86,NaN,0.00030024
305.24,0.00082575,126.66,NaN,0.0011343
290.39,0.00051305,318.08,NaN,0.00069901
265.78,0.00086133,415.47,NaN,0.00062195
261.11,0.00066339,274.02,NaN,0.0013526
247.31,0.00095049,432.82,NaN,0.00036636
464.28,0.0004825,229.07,NaN,0.00069945
426.17,-0.00021768,407.18,NaN,0.00082417
220.49,0.00026984,90.937,NaN,0.00033928
367.29,0.00041509,274.68,NaN,0.00069629
190.68,0.00057177,343.46,NaN,6.1672e-05
171.81,0.00036592,127.65,NaN,0.0010659
250.65,0.00069497,70.363,NaN,0.0014213
294.51,0.00060176,188.12,NaN,0.0007766
191.88,0.0011529,232.52,NaN,-0.00023926
75.992,9.7384e-05,447.85,NaN,0.0014036
374.71,0.00050738,134.26,NaN,0.00011144
209.44,0.00037825,407.53,NaN,0.00010539
272.63,0.00089945,234.92,NaN,0.00025853
348.26,0.00065132,187.91,NaN,0.00048528
282.43,0.00072776,224.49,NaN,1.7611e-05
275.25,0.0004179,556.2,NaN,0.0018031
320.69,0.00074133,191.02,NaN,0.00017656
346.98,0.0009309,475.16,NaN,0.00090088
198.05,0.00019946,286.02,NaN,0.00080817
322.47,0.00012187,208.63,NaN,0.00017594
357.21,0.00042979,370.19,NaN,0.000135
324.18,0.00017449,293.01,NaN,0.0011797
75.176,0.0007932,266.32,NaN,0.00078375
430.94,0.00029926,342.19,NaN,3.889e-05
139.73,2.9435e-05,214.76,NaN,0.00037204
536.7,0.00041974,559.21,NaN,0.00044535
188.92,0.00014592,289.99,NaN,0.00076028
245.91,-5.5077e-05,382.28,NaN,0.00092247
418.03,0.0005746,408.14,NaN,0.00096263
90.282,0.00028524,146.75,NaN,0.00098089
331.12,0.00061298,465.08,NaN,0.00073222
366.16,0.00088593,399.07,NaN,0.0013122
339.05,0.00050031,167.96,NaN,0.00030213
170.23,0.00031414,308.79,NaN,0.0014944
327.49,0.00063021,145.12,NaN,0.00092732
136.63,0.0008081,430.48,NaN,0.0012414
307.03,0.00065378,263.54,NaN,0.00055628
194.18,0.00049925,388.45,NaN,0.00032605
293.32,0.00048283,275.84,NaN,0.00084963
160.21,0.00016649,304.27,NaN,0.00081361
324.59,0.000443,203.7,NaN,0.00080609
205.03,0.00046176,209.29,NaN,0.00067651
158.09,0.00065953,246.32,NaN,0.00085407
-21.288,0.00070695,594.87,NaN,0.00076723
335.93,0.00051166,388.93,NaN,0.00023952
505.56,0.0001681,348.74,NaN,-1.4953e-05
201.11,-2.8988e-05,348,NaN,0.000713
467.37,0.00044288,594.7,NaN,0.00058588
252.07,0.00033499,337.34,NaN,0.00070619
169.28,0.0004462,364.38,NaN,-0.00010578
288.95,-0.00037587,196.22,NaN,0.0002264
223.9,0.00059033,275.62,NaN,0.00056595
370.62,0.00049017,139.99,NaN,0.0010309
163.38,0.00036395,350.22,NaN,5.7768e-06
294.19,0.00027249,187.79,NaN,0.0005548
313.78,0.00061145,456.86,NaN,0.00061055
290.7,0.00050874,403.8,NaN,0.00066146
310.18,0.00022373,263.07,NaN,0.00024207
214.11,0.00047984,222.73,NaN,0.0002632
72.322,0.00018152,86.207,NaN,0.00039259
313.15,0.00025238,381.12,NaN,0.00065941
141.57,0.0010133,381.4,NaN,0.00084065
415.26,-8.7785e-05,253.61,NaN,0.0014885
225.92,0.00012449,546.59,NaN,3.8238e-06
381.86,0.0013837,345.89,NaN,0.0010516
496.84,0.00054733,347.22,NaN,0.0010676
222.64,0.00063897,270.71,NaN,0.00059571
188.31,0.00094408,370.47,NaN,0.0002424
417.15,-0.00014031,170.22,NaN,0.00047358
312.28,0.0010537,257.13,NaN,0.00046325
276.06,0.00081315,138.57,NaN,0.00081846
290.92,0.00011617,108.07,NaN,0.00066965
174.49,0.00035829,28.286,NaN,0.00084832
413.43,0.00057953,484.98,NaN,0.00051349
213.3,0.00014599,4.122,NaN,0.00077182
423.11,0.00021032,588.46,NaN,0.00048331
211.48,0.00024056,377.67,NaN,0.0012382
470.79,0.00035278,-4.399,NaN,0.00021511
317.24,0.00018201,265.53,NaN,0.00078908
-134.8,0.00058427,395.73,NaN,0.0014
253.94,0.00041911,186.55,NaN,0.00024939
445.49,0.00084304,383.48,NaN,0.00051957
234.41,0.00015713,138.69,NaN,0.00081501
188.56,0.00073632,288.08,NaN,0.00056255
333,0.0006183,475.77,NaN,0.00093958
466.29,0.00067399,321.04,NaN,0.00070005
368.58,0.00045456,434.46,NaN,0.0011588
283.54,0.00047486,277.01,NaN,0.0005388
336.1,7.9336e-05,176.87,NaN,-5.8734e-05
336.02,0.00090289,335.16,NaN,0.00097011
242.95,0.00046001,273.9,NaN,0.00050555
319.98,0.00064902,550.2,NaN,0.00066846
265.6,0.00075913,158.13,NaN,0.00090075
361.08,0.00042967,280.7,NaN,-0.00014804
350.91,0.00055807,73.654,NaN,0.00048379
78.918,0.00035339,485.16,NaN,0.00085633
196.96,0.00086584,357.44,NaN,-0.0003197
106.9,0.00017676,459.01,NaN,0.00013757
284.45,0.00088491,237.82,NaN,0.00024458
-30.613,0.00078948,332.31,NaN,0.00036546
257.72,0.00092066,446.37,NaN,0.00081918
415.13,0.0005239,235.12,NaN,-9.7298e-07
333.21,0.00089207,350.7,NaN,0.00047457
463.82,0.00039275,88.84,NaN,0.00077136
274.79,0.00035227,237.61,NaN,0.00069481
205.87,0.00025809,261.41,NaN,0.00052077
33.777,0.000539,184.75,NaN,0.00071359
629.06,0.00025307,68.379,NaN,0.0011234
316.9,0.00036987,316.31,NaN,0.00053658
419.59,0.00031104,309.57,NaN,0.0011503
348.22,0.00033224,359.62,NaN,0.0012312
223.93,-0.00027508,404.16,NaN,0.0003264
231.22,0.00036026,157.3,NaN,0.00038646
-63.976,-9.9315e-05,306.78,NaN,0.00081687
136.55,0.00058091,289.62,NaN,0.00028955
212.73,0.00073346,428.3,NaN,-5.6231e-05
180.15,0.00027865,390.98,NaN,0.00074161
364.28,0.00074053,163.01,NaN,0.00081976
327.82,0.00065995,25.454,NaN,0.00072984
199.56,0.00052603,158.78,NaN,0.00026164
109.36,0.0010922,398.4,NaN,0.0004906
371.4,0.00076756,266.19,NaN,0.0010621
257.13,0.00049958,240.56,NaN,0.00070928
312.94,0.00072971,175.62,NaN,0.00054749
315.33,0.00070236,185.98,NaN,0.00037988
254.34,0.001027,331.69,NaN,0.00045004
366.63,1.2776e-05,371.97,NaN,0.00059312
302.5,0.00069247,339.36,NaN,0.00069137
279.21,0.00051151,296.79,NaN,0.00027113
132.1,0.00014132,429.15,NaN,0.0001404
279.93,-0.00011339,250.48,NaN,0.00055058
397.48,0.00012759,273.13,NaN,0.0005877
221.85,0.0003777,145.84,NaN,0.0005244
330.43,0.00053365,303.59,NaN,0.00025057
362.23,0.00061317,257.96,NaN,-0.00018137
721.51,0.00028551,142.41,NaN,0.00041594
182.62,0.00031302,351.97,NaN,0.00083586
250.68,0.00061262,313.6,NaN,0.0012244
219.73,0.00067267,550.99,NaN,0.00071134
71.335,0.00081041,343.96,NaN,0.00065924
298.03,-0.00017905,342.3,NaN,0.00073593
315.11,6.6761e-05,248.18,NaN,0.00061815
221.97,0.00057258,124.76,NaN,0.00026914
262.83,0.00083966,110.86,NaN,0.00037371
254.16,0.00021895,312.62,NaN,0.00017221
226.94,0.00042443,470.99,NaN,0.00058871
153.32,0.00037345,317.01,NaN,0.00072617
171.24,0.00049933,393.59,NaN,0.00099148
145.12,0.00037105,201.81,NaN,0.00048166
360.54,0.0007607,309.04,NaN,0.00025301
264.54,2.693e-06,232.73,NaN,0.00076615
312.29,0.0011575,163.09,NaN,4.082e-05
176.11,4.4649e-05,368.23,NaN,0.00018741
-17.999,0.00080565,232.87,NaN,-5.514e-05
277.97,0.00084184,-156.68,NaN,0.0006043
355.55,0.00040021,529.39,NaN,0.00069998
425.27,0.00050319,233.16,NaN,0.00014617
31.399,0.00028903,324.66,NaN,0.00044869
314.19,0.00068186,214.09,NaN,0.00079475
296.59,0.00052154,296.16,NaN,0.00061516
282.46,0.00048351,241.43,NaN,0.00039704
262.38,0.00068005,268.79,NaN,0.0005251
536.6,0.0003656,219.78,NaN,0.00042186
124.08,0.00078005,131.28,NaN,-3.4671e-05
305.06,0.00038074,217.1,NaN,0.00069039
336.64,0.00061856,316.82,NaN,0.00080489
13.873,0.00042658,250.94,NaN,0.00060403
333.81,0.00058636,487.75,NaN,0.00066518
467.65,0.0004981,685.13,NaN,0.00070846
233.61,0.00065196,171.1,NaN,0.00071338
231.42,0.00034307,154,NaN,0.00041469
74.961,0.00088786,128.57,NaN,0.00078352
308.11,0.00040094,137.84,NaN,0.00083861
405.13,0.00063878,252.07,NaN,0.0012061
99.568,0.000152,312.7,NaN,-3.3877e-05
87.104,0.00097083,287.41,NaN,2.9576e-05
187.27,0.00079398,93.196,NaN,0.00091295
280.3,0.0004162,470.27,NaN,0.0011007
417.17,0.00021881,395.32,NaN,0.00076172
343.44,0.00037607,137.3,NaN,0.00013761
258.47,0.00061324,237.71,NaN,0.00037823
158.06,0.00061695,205.57,NaN,0.0010067
279.43,0.00068495,263.03,NaN,0.0010801
344.02,0.0002739,187.02,NaN,0.00085309
177.15,0.00045616,177.93,NaN,-4.4159e-05
304.74,0.00037767,298.11,NaN,0.00072318
310.99,0.00022164,234.64,NaN,-0.00026056
452.43,0.00068575,275.43,NaN,0.00060764
483.8,0.00052183,229.78,NaN,0.00045635
29.41,0.00028619,258.01,NaN,0.00080298
423.66,0.00026107,306.32,NaN,0.00043635
191.82,0.00037896,191.13,NaN,6.4719e-05
103.52,0.0001624,462.36,NaN,0.0003636
197.05,0.00010227,358.11,NaN,0.00044153
213.43,0.00037888,-89.65,NaN,-0.00010516
317.06,0.00028937,187.19,NaN,0.00064648
245.04,0.00034208,359.25,NaN,0.00018806
92.075,0.00060274,396.35,NaN,0.0010225
224.14,0.0010472,80.61,NaN,0.00079133
15.321,0.00022672,503.96,NaN,0.00041224
478.78,0.0011152,262.71,NaN,0.00017935
181.77,0.00055895,67.423,NaN,-3.8827e-05
359.61,0.00030017,210.35,NaN,0.0010123
355.75,0.00073343,180.4,NaN,0.0011854
179.94,0.00064801,475.75,NaN,0.00075766
64.065,0.00033981,-24.243,NaN,0.00040524
63.969,0.00055093,160.31,NaN,0.00082938
375.84,3.4827e-05,319.71,NaN,0.00064817
253.27,-0.0003424,367.84,NaN,0.00072472
411.58,0.00057919,53.838,NaN,0.0012991
208.83,0.00011493,452.9,NaN,0.00050159
-117.64,0.00066375,84.46,NaN,0.0006181
128.43,0.00064313,155.38,NaN,8.1642e-05
379.62,0.00076873,227.46,NaN,0.00025297
302.19,0.00063824,386.48,NaN,0.00095078
524.36,0.00066986,348.47,NaN,0.00029991
322.33,0.00031902,276.74,NaN,-0.00023671
38.344,0.0011308,393.56,NaN,0.00072875
608.16,0.00048103,205.28,NaN,0.0007254
421.01,0.00051895,487.17,NaN,0.00069554
83.928,0.00081807,290.35,NaN,0.00082026
307.21,5.3235e-05,32.726,NaN,0.00021974
270.94,0.0013902,156.48,NaN,0.00064808
174.31,2.5057e-05,143.93,NaN,0.00042345
31.856,0.00090753,122.84,NaN,0.00073033
145.38,0.00089957,359.15,NaN,0.00022516
306.37,0.0002669,109.02,NaN,0.0007129
194.68,-0.00014305,268.48,NaN,0.00053907
153.72,0.00021275,251.47,NaN,0.0014245
273.78,0.00057001,164.17,NaN,0.00059874
613.81,0.00067286,281.27,NaN,0.00082178
299.65,0.00062446,173.32,NaN,0.00083757
369.55,0.0003656,512.76,NaN,0.00044441
195.46,0.0004949,66.504,NaN,0.0011216
60.772,0.0010894,303.16,NaN,0.00079757
118.65,0.00063843,202.04,NaN,0.0010391
341.59,0.00042035,241.37,NaN,0.00033589
276.66,0.0004845,39.938,NaN,0.00026931
264.88,0.00077889,382.93,NaN,0.0008032
386.65,0.0003528,300.65,NaN,0.0008472
549.96,0.00071831,418.51,NaN,0.00080656
401.97,0.00017438,356.26,NaN,0.000942
230.09,0.00019491,168.7,NaN,0.00056199
315.59,0.00015619,112.86,NaN,0.00047671
401.65,-0.0001839,208.29,NaN,8.3906e-05
286.56,0.00086452,346.16,NaN,0.00053577
473.97,0.0007959,130.76,NaN,0.00071872
442.76,0.00016533,245.53,NaN,0.00099331
357.98,0.00056028,-12.614,NaN,0.00019016
70.622,0.00083442,146.72,NaN,0.00068643
117.72,0.00012368,339.76,NaN,0.00080358
140.99,0.00010132,383.73,NaN,0.00096903
412.85,0.00030614,458.25,NaN,0.00049705
268.13,0.00078061,327.27,NaN,0.00013947
523.03,0.00057556,317.87,NaN,0.00043251
252.66,0.00044677,138.4,NaN,0.00030226
266.34,0.00087003,4.3772,NaN,0.00063118
237.34,0.00016181,399.26,NaN,-1.7284e-05
437.84,0.00018034,338.33,NaN,0.00038408
407.25,0.00052741,326.06,NaN,0.00041107
292.01,0.00064003,354.01,NaN,0.00095906
200.91,0.0006163,209.07,NaN,0.0010387
218.01,0.00020026,417.12,NaN,0.00084634
220.29,0.00036607,396.11,NaN,0.00035686
360.08,0.00040611,230.86,NaN,0.00037431
405.29,0.000539,188.25,NaN,-9.8728e-05
490.29,0.00051456,264.44,NaN,0.001117
410.4,0.00052613,361.05,NaN,-0.00018016
129.57,0.00020169,425.83,NaN,0.00089136
407.77,0.00061836,405.31,NaN,7.9883e-05
291.5,0.00076812,22.761,NaN,0.00055366
181.09,0.00035248,314.53,NaN,0.00042706
249.58,0.00029619,-132,NaN,0.00082914
257.89,0.00056451,64.315,NaN,0.0010664
278.02,0.00012393,165.06,NaN,0.00038759
297.07,0.00095495,283.95,NaN,0.0010245
260.22,0.00013179,270.45,NaN,-9.5155e-05
218.65,0.00039993,261.39,NaN,-5.5811e-05
441.03,0.00014648,414.78,NaN,0.00076515
468.01,0.00027238,290.85,NaN,0.00074349
346.13,0.00038835,390.69,NaN,0.00060992
281.08,0.00079319,261.5,NaN,-9.2158e-05
459.49,0.00034618,148.4,NaN,0.00091232
219.69,0.00048718,110.83,NaN,0.0011162
227.65,0.00045858,427.16,NaN,0.00069986
274.71,0.0009099,211.66,NaN,0.00057875
399.52,-0.00013293,331.13,NaN,0.00022936
253.43,0.00070504,265.95,NaN,0.00056436
340.3,0.00054366,197.35,NaN,0.0010673
254.2,3.8929e-05,328.6,NaN,0.00067674
297.68,0.0005168,155.79,NaN,0.00062916
5.3498,0.00047512,390.87,NaN,0.00085165
455.33,0.00047991,439.29,NaN,0.00029936
404.32,0.00067801,512.3,NaN,0.00043803
130.21,0.00046999,361.06,NaN,7.5717e-05
-57.127,0.0006785,396.55,NaN,-7.848e-05
493.75,0.0010025,377.91,NaN,0.00040839
281.99,0.00065883,139.88,NaN,0.00089454
399.33,0.00038293,259.54,NaN,0.00035875
354.77,0.00018275,331.46,NaN,0.00087678
331.73,0.0010044,124.51,NaN,0.0001643
433.63,0.00027249,247.55,NaN,0.00045166
341.34,0.00073264,89.459,NaN,0.00018741
51.332,0.00066669,243.25,NaN,0.00066787
368.67,0.00060897,308.4,NaN,0.00071582
232.46,0.00052039,322.33,NaN,0.00027158
302.78,0.00021652,367.73,NaN,0.00015417
304.71,0.00066834,405.78,NaN,-0.00065048
319.44,0.00039957,244.94,NaN,-5.2489e-05
197.82,0.00046344,399.74,NaN,0.000922
194.44,0.00046533,407.99,NaN,0.0014109
126.21,0.00034496,248.16,NaN,0.00078136
414.19,0.00011774,282.73,NaN,0.00064657
279.95,0.0003788,388.24,NaN,0.00086002
327.37,0.00092357,258.09,NaN,-2.2494e-05
404.68,0.0011747,170.1,NaN,0.00108
113.18,0.00050725,199.26,NaN,0.00072365
116.31,0.00072237,181.59,NaN,0.00030399
244.37,0.00065079,123.47,NaN,0.00063785
360.35,-3.7059e-05,432.24,NaN,0.00065264
153.54,0.00055301,-8.2841,NaN,0.00065492
170.08,0.00018312,257.69,NaN,0.00098628
342.21,-5.0667e-05,288.19,NaN,0.00063445
313.83,0.0002286,299.28,NaN,0.0006184
347.02,0.00099433,244.32,NaN,0.001144
365.88,0.0004668,70.46,NaN,-0.00037485
413.56,7.7885e-05,202,NaN,0.00069384
44.195,0.00065185,138.51,NaN,-5.9292e-05
295.46,0.00056964,367.51,NaN,0.00060249
326.03,0.00030016,224.57,NaN,0.0011346
51.243,0.00057598,340.83,NaN,-0.00019642
290.61,0.00029619,269.63,NaN,0.00053046
420.33,-2.6807e-05,203.76,NaN,0.00017131
75.372,-1.664e-05,179.85,NaN,0.00082807
282.49,0.00035834,92.3,NaN,0.00063116
198.5,0.00010898,168.74,NaN,3.7231e-05
367.36,0.00027202,191.82,NaN,0.000801
122.04,0.00048183,256.6,NaN,0.00090444
119.35,0.00053146,324.76,NaN,0.0002196
441,-1.0737e-05,299.1,NaN,0.00038534
331.98,0.00061254,381.61,NaN,0.001205
449.58,0.0004877,273.47,NaN,0.00050484
382.38,0.00073135,402.9,NaN,0.0010132
348.87,0.0008001,242.58,NaN,0.001258
283.15,8.984e-05,228.4,NaN,0.0010275
91.614,0.00072024,375.8,NaN,0.0012102
267.21,0.00055713,310.82,NaN,0.00044959
296.18,0.00092151,286.97,NaN,0.00098312
336.91,0.00054952,209.32,NaN,0.0012256
148.88,0.00023685,249.8,NaN,0.001066
283.38,-0.00020018,154.16,NaN,0.0013178
500.82,0.00012351,246.35,NaN,-0.00012121
199.62,5.1615e-05,298.78,NaN,0.00088063
287.99,0.00048563,485.84,NaN,0.0006199
298.35,-1.2815e-05,215.78,NaN,0.00062891
153.43,-3.9184e-05,219.29,NaN,0.00099169
324.62,0.00045347,306.31,NaN,0.00051309
305.38,0.0010196,296.55,NaN,0.00075068
-38.534,0.00010959,279.02,NaN,0.00013234
573.17,-0.00013154,292.42,NaN,0.00055723
461.29,-0.00036714,5.5029,NaN,0.00071763
438.97,0.00010463,452.43,NaN,0.00050747
391.1,0.00057816,359.01,NaN,0.00031908
229.52,0.0003658,219.17,NaN,0.00093048
113.34,0.00045347,185.73,NaN,0.0011995
208.42,0.00069118,179,NaN,0.00077645
336.18,0.00096801,45.775,NaN,0.00013256
522.43,-0.00012138,234.93,NaN,0.00064315
133.96,0.00037633,425.88,NaN,0.00060421
515.56,0.00028355,58.837,NaN,-0.0003764
126.9,0.00029999,34.677,NaN,0.00053494
374.11,-0.00031923,263.76,NaN,0.00090405
257.77,8.952e-05,87.957,NaN,0.00092908
8.0613,0.00090018,229.51,NaN,-0.00018307
601.18,0.00072499,168.38,NaN,0.00051519
108.6,0.00052136,326.45,NaN,0.00094596
175.9,0.00071309,212.54,NaN,0.00034353
210.98,2.206e-05,287.05,NaN,0.00086301
221.99,0.00040668,327.74,NaN,0.00015108
301.16,0.00032585,326.52,NaN,0.00094283
317.5,0.00068155,337.86,NaN,0.0011175
552.96,0.00091061,235.34,NaN,0.00086439
464.58,0.00013426,-53.26,NaN,0.00045078
404.34,0.00076385,309.53,NaN,0.000494
189.39,0.00042059,153.17,NaN,0.00024293
420.56,0.00081183,348.17,NaN,0.00031579
251.59,0.00071111,101.52,NaN,0.00073979
239.85,8.4208e-05,414.35,NaN,0.00051781
350.83,0.0010129,158.16,NaN,0.00054702
118.6,-7.4754e-05,190.35,NaN,0.00084307
-43.201,0.00047217,329.74,NaN,0.00073812
220.08,0.0009369,586.91,NaN,0.00061965
160.82,-4.5228e-05,147.19,NaN,0.00095534
384.72,0.00035925,508.98,NaN,0.00061119
234.54,0.00036246,334.56,NaN,8.7308e-05
459.92,0.00055599,149.37,NaN,0.00059194
197.63,0.00070469,368.95,NaN,0.0014027
350.4,0.00042792,296.36,NaN,0.00055697
332.21,0.00066473,204.26,NaN,0.00017449
319.24,0.0012287,208.73,NaN,0.00072777
138.27,0.0010233,-5.7299,NaN,0.00046444
275.66,0.0010756,246.1,NaN,0.00098114
251.32,0.00068337,338.59,NaN,0.0011183
192.01,0.00027175,303.85,NaN,0.00058411
229.02,0.00060692,225.32,NaN,0.0010079
206.23,0.00069576,412.05,NaN,0.00045583
230.21,0.0007995,218.63,NaN,0.00037266
157.76,0.00069863,354.19,NaN,-2.2477e-05
110.94,0.00024559,119.19,NaN,0.00036664
188.28,1.0918e-05,248.37,NaN,0.0011119
236.57,-2.1358e-05,312.99,NaN,0.0006403
409.04,0.0002346,371.66,NaN,0.00025104
198.41,0.00056948,281.69,NaN,0.00025945
484.72,0.00090088,322.91,NaN,0.00030265
96.771,0.00036025,444.9,NaN,0.00084158
531.17,0.00068889,443.61,NaN,0.00049007
301.88,-1.0216e-05,203.18,NaN,0.00056156
-10.611,0.00082928,308.84,NaN,0.00055824
371.08,0.00042662,482.65,NaN,0.00045605
-20.702,0.00082238,297.56,NaN,-0.00014439
319.19,0.0006443,277.82,NaN,0.0010986
571.71,0.00024649,460.62,NaN,-7.2417e-05
248.39,0.00015867,388.99,NaN,-0.00047237
334.02,-0.00025938,181.64,NaN,0.00043322
357.74,0.00046825,268.5,NaN,0.00092505
217.54,0.00046653,117.77,NaN,0.00063023
376.26,0.00039178,233.79,NaN,0.00054302
217.04,0.0008198,386.29,NaN,0.00058881
383.98,0.00051633,95.553,NaN,0.00080745
134.51,0.00074059,403.05,NaN,0.00080535
277.21,0.00075753,216.55,NaN,0.00095321
229.76,0.00058994,175.5,NaN,0.00031957
165.6,0.00020313,171.36,NaN,0.00022989
281.91,0.00066686,-13.301,NaN,0.00093373
74.979,0.00032875,258.44,NaN,0.00045711
53.753,-1.5483e-05,118.63,NaN,0.00028597
79.441,0.00076382,49.39,NaN,9.1506e-05
166.78,0.0012337,272.9,NaN,0.00012541
386.68,0.00016759,196.24,NaN,0.00038002
282,0.00042387,222.11,NaN,0.0007531
442.31,0.00081093,292.58,NaN,6.6618e-05
408.39,-0.00029319,298.73,NaN,0.0011189
213.66,-0.00023272,231,NaN,0.0010956
97.068,0.00030853,240.12,NaN,0.0009906
281.94,0.00072954,225.21,NaN,0.00052725
231.51,0.0014964,243.56,NaN,0.00031806
439.8,0.0014491,152.3,NaN,0.00092903
177.54,0.000752,101.15,NaN,0.00053446
483.54,0.00065111,123.48,NaN,0.0006666
305.32,0.00027758,341.52,NaN,0.0010115
331.69,-9.691e-05,270.44,NaN,-0.00011633
173.3,0.00046989,387.99,NaN,0.0010961
132.3,0.0005724,424.28,NaN,0.00043508
243.59,0.0005527,165.27,NaN,-4.7363e-05
269.78,0.0010614,126.23,NaN,0.00054208
72.645,0.00055589,19.451,NaN,0.00027509
282.08,0.0010374,239.13,NaN,0.00028911
165.48,0.00076093,359.57,NaN,0.0002482
324.44,0.00076565,467.46,NaN,0.00087698
399.03,3.5483e-05,279.04,NaN,0.00031356
18.262,0.00074075,207.97,NaN,0.00036999
174.32,0.00068421,300.04,NaN,0.00064564
235.8,0.00023069,162.43,NaN,1.6174e-05
-26.93,0.00057259,284.66,NaN,0.00091936
-71.676,0.00058594,262.71,NaN,-0.00052571
49.037,0.00060826,109.58,NaN,0.00037764
394.47,0.00065476,230.4,NaN,0.00027952
491.53,0.00079176,337.47,NaN,0.0008009
191.95,0.00042883,466.21,NaN,0.00066759
217.44,0.00057228,350.6,NaN,0.00073502
301.71,0.0003938,536.28,NaN,0.00028277
386.69,0.00070912,185.89,NaN,0.0012367
395.29,0.00019457,302.66,NaN,0.00029327
611.28,0.00073678,255.39,NaN,0.00049313
339.87,6.1673e-06,296.42,NaN,0.00022023
119.8,0.00070823,131.96,NaN,0.0010416
581.96,0.00039681,259.43,NaN,0.00016453
138.65,0.00056445,229.37,NaN,-8.3251e-07
176.02,0.00037239,220.05,NaN,0.00047761
389.31,0.00045922,219.95,NaN,0.0014589
291,0.00061573,233.11,NaN,0.00053175
276.19,0.00080245,268.11,NaN,0.00034411
267.72,0.00081035,439.12,NaN,0.00065592
88.703,0.00063551,216.41,NaN,0.00074169
96.122,0.00092646,266.34,NaN,0.00052753
44.412,0.00063508,48.342,NaN,0.00083636
368.65,0.00090416,292.62,NaN,7.705e-06
149.45,0.0011164,279.26,NaN,4.1347e-05
38.586,0.00010418,183.25,NaN,-0.00083209
333.81,0.00010932,319.46,NaN,0.00062788
237.55,0.00087163,233.07,NaN,0.0011652
98.849,0.00040398,236.04,NaN,0.00066252
311.86,0.00059796,122.88,NaN,0.00060228
332.64,0.00094205,390.66,NaN,0.00088248
342.02,0.00021441,152.2,NaN,0.00038896
194.64,9.662e-05,290.04,NaN,0.00026983
229.55,0.00043416,292.33,NaN,0.00061501
219.89,0.00045831,372.82,NaN,0.00078984
299.87,0.00056136,376.14,NaN,0.0009181
346.22,0.00055251,97.878,NaN,3.2974e-05
496.87,-7.5469e-05,449.72,NaN,0.00038827
195.89,0.0003271,353.9,NaN,-0.00027173
193.3,0.00032329,150.54,NaN,0.00042313
251.99,-0.00034538,143.71,NaN,0.00021264
428.34,8.623e-06,219.15,NaN,0.00071877
219.02,0.00070839,200.63,NaN,0.00075405
394.07,0.00011738,398.76,NaN,0.00098932
171.28,0.00057142,404.51,NaN,0.0011567
154.23,-6.7256e-05,296.1,NaN,0.0012309
508.78,0.00061109,403.79,NaN,-0.00016641
381.56,0.00080758,281.48,NaN,0.00066444
342.52,0.00089378,443.21,NaN,0.00013234
267.93,0.00037851,428.96,NaN,0.00094745
187.51,0.00019693,98.426,NaN,0.00039836
424.26,0.00076511,378.89,NaN,0.00037655
419,0.00048713,317.2,NaN,0.00039404
34.679,0.00051044,239.8,NaN,0.00024271
116.8,0.00088034,381.79,NaN,0.00045015
222.09,0.0010625,211.09,NaN,0.0010249
469.54,0.00017193,196.58,NaN,0.00087831
324.92,0.00028736,348.06,NaN,0.0006003
447.76,0.00046473,259.46,NaN,0.00044047
197.7,0.00064642,287.09,NaN,-0.00072722
338.87,0.00085575,427.81,NaN,0.00026832
193.48,0.00059441,210.15,NaN,0.00065399
27.424,0.00026139,309.02,NaN,0.00066754
318.67,0.00072029,379.67,NaN,0.00061401
283.4,0.0005782,123.08,NaN,5.2048e-05
176.87,0.00033555,291.8,NaN,0.00044594
204.6,0.00058642,255.1,NaN,0.00019679
173.12,0.00046853,337.54,NaN,0.00099037
344.45,0.001015,309.89,NaN,0.0010904
134.73,0.00036101,276.99,NaN,0.00091207
350.21,0.00087716,162.02,NaN,0.00052511
231.02,0.00087062,392.48,NaN,0.00086424
237.21,0.00032583,467.03,NaN,0.00026535
151.06,0.00073257,333.07,NaN,0.0012061
155.82,0.00081104,379.45,NaN,0.00096042
177.38,0.0010549,273.2,NaN,0.00049485
144.56,9.9027e-05,214.34,NaN,0.00090696
173.18,0.00025549,291.06,NaN,0.00061796
182.18,0.00056468,60.948,NaN,0.00088471
65.981,-0.00026678,488.78,NaN,0.00034669
36.587,-1.6929e-06,392.5,NaN,0.00071787
-146.8,-0.00010331,25.74,NaN,0.00033
343.16,0.0007028,95.76,NaN,5.0437e-05
141.69,0.00025855,347.8,NaN,0.00030097
301.74,0.0014309,250.76,NaN,0.00036851
220.72,0.00070729,268.99,NaN,0.00086057
385.55,0.00069872,60.793,NaN,0.00010685
325.37,0.00037195,291.41,NaN,0.0007834
472.64,0.00031312,299.57,NaN,0.00014585
308.22,0.00067149,360.85,NaN,0.00093539
349.03,0.00078242,81.276,NaN,0.00053209
227.49,0.0008671,413.47,NaN,0.00043062
156.5,0.00083623,136.92,NaN,-2.843e-06
48.73,0.0007444,286.15,NaN,2.2226e-05
95.288,0.00038488,478.95,NaN,0.00040112
511.36,0.00039288,453.69,NaN,0.0010164
102.36,0.00013496,326.65,NaN,0.00054968
341.2,0.00040147,414.13,NaN,0.00014585
280.14,0.00059696,117.6,NaN,0.00094682
361.14,3.6852e-05,378.82,NaN,0.00056935
238.45,0.00037181,389.58,NaN,0.00098249
231.01,0.00038247,130.39,NaN,0.0004181
350.89,0.00055131,285.34,NaN,0.00072695
224.78,0.00041537,646.94,NaN,8.144e-05
299.22,0.00041499,394.8,NaN,0.00031411
455.89,9.0531e-05,432.7,NaN,0.00092757
350.08,0.00013431,348.25,NaN,0.00085491
189.03,8.3233e-05,114.03,NaN,0.0011157
232.1,0.00059649,16.132,NaN,0.00082447
458.23,0.00062645,258.84,NaN,0.00067912
33.071,-0.00013589,135.32,NaN,0.00088772
313.91,9.6459e-05,79.262,NaN,0.00090097
478.35,0.00033118,253.87,NaN,0.0010216
274.87,0.00061806,330.66,NaN,0.0011922
300.67,0.00049943,573.72,NaN,0.00084514
403.67,0.00070201,213.8,NaN,0.00046405
583.05,-2.7684e-05,287.78,NaN,-2.2648e-05
403.83,0.00019066,623.44,NaN,0.00023629
202.11,-4.3265e-05,139.33,NaN,0.00016262
278.73,0.00042021,311.51,NaN,0.00025989
186.97,0.00012279,242.67,NaN,0.0010786
279.65,0.00063706,453.3,NaN,0.00011315
-46.874,-0.00015692,292.49,NaN,0.00076212
143.05,0.00042781,445.95,NaN,-0.00010038
350.01,-0.00028672,330.12,NaN,0.00039906
337.41,0.00014069,374.44,NaN,0.0005116
94.916,0.00043123,49.481,NaN,0.00034235
338.67,0.00060545,172.79,NaN,0.0010048
295.92,0.0006005,93.038,NaN,0.00047965
407.26,-6.6886e-05,66.955,NaN,0.0011334
294.07,0.00066903,388.5,NaN,0.00037295
141.58,0.00078087,405.71,NaN,0.00016834
147.58,0.00026187,248.53,NaN,0.00089762
102.35,0.00085121,135.15,NaN,0.0014175
299.1,0.00033302,406.08,NaN,0.0011869
380.39,0.00023356,510.34,NaN,0.0010722
211.81,0.00056253,361.82,NaN,0.0008893
226.14,0.00070542,159.7,NaN,0.0012962
197.11,0.00063033,210.22,NaN,0.0011557
-21.74,0.00056421,364.52,NaN,0.00045555
103.9,0.00064926,280.15,NaN,0.00062823
217.47,0.00034535,409.26,NaN,0.00019941
317.23,0.00066045,142.97,NaN,0.0004835
162.19,0.00063039,478.7,NaN,0.00085527
113.74,-8.9536e-05,236.93,NaN,0.00068802
128.96,0.00022097,181.45,NaN,9.9539e-05
383.04,0.00070857,120.59,NaN,0.0010086
314.61,0.0002762,391.37,NaN,0.00089927
297.3,0.00018824,233.35,NaN,0.00096202
382.13,0.00030463,241.65,NaN,0.00061319
391.93,0.00069534,227.48,NaN,0.00088455
193.59,-6.4151e-06,138.44,NaN,0.0007109
45.886,0.00067506,180.84,NaN,0.00074866
79.284,0.00070254,257.32,NaN,0.00052646
391.41,0.00062959,559.89,NaN,0.00042928
332.59,0.00027105,219.66,NaN,4.959e-05
83.279,0.00013004,374.83,NaN,0.00057181
212.7,0.00080577,142.43,NaN,0.00037293
258.78,0.00065067,383.26,NaN,0.00034947
282.7,0.00056095,385.99,NaN,0.00050502
258.8,0.00058072,361.93,NaN,0.00081919
156.48,0.00065251,316.34,NaN,9.3187e-05
414.3,0.00063438,24.485,NaN,0.0007167
201.38,0.00089842,248.91,NaN,0.00050491
142.1,0.00071688,348.3,NaN,-7.6044e-05
8.133,0.00052036,28.377,NaN,-0.00037723
100.22,0.00080024,214.13,NaN,0.00096344
637.82,0.0010878,430.03,NaN,0.00040889
192.34,0.00054101,276.17,NaN,0.00084135
470.21,0.00077016,452.98,NaN,0.00067137
204.31,8.2738e-05,228.47,NaN,0.00032345
410.5,0.00080273,439.07,NaN,0.00086759
196.27,0.0002336,296.49,NaN,0.00085435
181.65,0.00029885,366.36,NaN,0.00057494
324.35,0.00062229,85.262,NaN,0.0009016
299.1,0.00025963,80.94,NaN,0.00064393
370.67,-0.00032155,343.06,NaN,0.00078483
211.05,-0.00025787,230.37,NaN,1.6469e-05
352.05,-5.7342e-05,34.833,NaN,0.00092745
183.66,0.00058133,216.41,NaN,-0.00020257
384.97,0.00025849,227.78,NaN,0.00032714
361.71,0.00033282,159.57,NaN,0.00079857
311.17,0.00011143,105.67,NaN,0.00038999
129.4,0.0010925,299.44,NaN,0.00078909
49.207,0.00041823,313.31,NaN,0.00085018
187.98,0.0002468,160.97,NaN,0.00037925
283.79,0.0006019,443.15,NaN,0.00096346
62.412,9.6185e-06,201.96,NaN,0.00075911
335.28,0.00035138,3.3509,NaN,0.00066851
481.83,0.00055056,270.06,NaN,0.0010237
205,0.0011932,375.66,NaN,0.00056666
248.93,0.0006014,15.7,NaN,0.00021794
131.91,0.00059784,518.43,NaN,0.00086547
261.86,0.00073953,230.82,NaN,0.00090564
153.12,0.0008138,160.89,NaN,0.0002726
409.01,0.00028974,308.98,NaN,0.0011695
374.8,0.00056965,200.39,NaN,0.00011228
304.18,-0.00010873,399.33,NaN,0.00020365
236.45,0.0005882,450.48,NaN,0.00075883
491.89,5.5528e-05,332.87,NaN,-0.00034871
-11.56,0.0003624,274.8,NaN,-2.0051e-05
323.39,0.00047343,49.816,NaN,0.0003511
366.67,0.00012283,175.55,NaN,0.00097467
283.95,0.00080768,280.66,NaN,0.0010519
454.28,0.00022043,12.342,NaN,0.00014775
174.02,0.00018273,137.92,NaN,0.00021198
285.89,0.00061383,297.56,NaN,0.00064474
458.68,0.0008309,113.01,NaN,0.00089218
155.96,0.00047903,172.44,NaN,0.0015677
440.79,0.00010222,312.98,NaN,0.00069238
35.89,0.00080811,296.11,NaN,0.00091279
238.95,0.00024395,285.01,NaN,0.00043846
458.36,-0.00015519,592.74,NaN,0.00022894
340.76,0.00019126,356.48,NaN,0.0006965
266.34,0.0010228,176.48,NaN,0.00075714
301.25,0.0011927,273.22,NaN,0.00032527
146.39,0.00059058,421.22,NaN,0.0011253
68.075,0.00054715,507.68,NaN,0.0012211
-10.105,-6.7762e-05,358.54,NaN,0.00080248
348.71,-7.9898e-05,164.51,NaN,0.0011899
13.094,0.00074077,359.84,NaN,0.0004042
322.12,0.00040478,345.06,NaN,6.2401e-05
29.499,0.00022042,340.25,NaN,6.9934e-05
338.41,0.00029272,264.22,NaN,0.00074268
309.06,0.00029782,243.3,NaN,0.00042382
295.4,0.000401,286.07,NaN,0.00073188
223.43,7.5591e-05,194.4,NaN,0.00097687
442.3,0.00048997,353.97,NaN,0.00074617
388.2,0.00050365,268.99,NaN,0.00076088
112.18,0.00067322,453.66,NaN,-0.000183
208.06,0.00023322,376.45,NaN,0.00028256
333.24,0.00090853,307.94,NaN,0.0003975
227.8,0.00028019,455.23,NaN,0.0011111
421.25,0.00056362,393.56,NaN,0.00056202
110.16,0.00024433,322.86,NaN,-0.00014679
346.8,0.00095761,155.73,NaN,0.0011678
371.93,0.00026228,452.59,NaN,0.00072213
319.73,0.00073909,256.83,NaN,0.00055177
304.97,0.00034078,225.14,NaN,0.00037452
89.927,0.00078353,274.36,NaN,0.0010849
490.67,0.00084771,411.12,NaN,0.00027236
249.54,0.00045361,283.77,NaN,0.0015198
98.921,0.00040634,116.11,NaN,0.00056936
135.31,0.00033742,229.52,NaN,0.00025595
74.506,0.00045976,159.53,NaN,0.00010299
142.62,0.0003794,230.72,NaN,0.00052262
348.69,-9.6218e-05,100.74,NaN,0.00066403
223.87,0.0004213,314.98,NaN,0.00048168
293.79,0.00059658,222.4,NaN,0.00033766
376.79,0.00024643,151.48,NaN,0.00084381
181.32,0.00027015,192.65,NaN,0.00028574
371.93,0.00026979,439.95,NaN,0.00069557
247.29,0.00044375,112.91,NaN,0.00046258
233.42,0.00018004,337.37,NaN,0.00081481
317.67,3.1543e-05,296.03,NaN,-8.6356e-05
251.38,0.00093039,115.63,NaN,0.00092328
198.3,0.00023707,280.55,NaN,0.00010492
502.51,0.00058596,152.98,NaN,0.00016629
283.46,1.9355e-05,388.04,NaN,0.00091123
280.59,0.0010376,350.88,NaN,0.0011912
224.41,0.00039186,262.5,NaN,0.00031482
82.692,0.00076772,146.55,NaN,0.00057069
444.39,0.00064422,208.52,NaN,5.1915e-06
148.73,0.00040011,210.47,NaN,-0.00014991
290.31,0.00052342,320.99,NaN,0.0010016
280.82,0.0002397,438.9,NaN,0.00085595
424.26,0.00050076,372.22,NaN,0.00056523
236.2,0.00076234,210.52,NaN,0.00039394
159.57,0.00032698,17.881,NaN,0.00012237
192.27,0.00032836,169.49,NaN,0.00041579
285.3,0.0004539,313.77,NaN,0.001256
241.57,0.00076944,125.64,NaN,0.00055413
71.2,0.0001991,266.21,NaN,0.00087999
404.96,0.00017401,463.03,NaN,0.00068285
203.98,0.00041626,483.75,NaN,9.6443e-05
603.98,0.00041758,291.48,NaN,-6.4743e-05
266.97,0.0007195,504.19,NaN,0.0010436
235.93,0.00083491,345.42,NaN,0.00069453
282.14,0.00012497,364.86,NaN,0.0017439
301.16,-0.00015984,345.57,NaN,0.00051418
345.49,-6.177e-05,206.87,NaN,0.00082556
623.12,4.9484e-05,299.39,NaN,0.0006086
15.701,1.0188e-05,343.03,NaN,0.00027435
140.43,0.0003922,432.7,NaN,0.00019428
184.93,0.00027759,-66.167,NaN,0.00010651
317.76,0.00092636,163.04,NaN,0.00091438
227.47,0.00063663,461.76,NaN,0.00026845
352.87,0.00038225,364.58,NaN,9.499e-05
93.202,-1.5387e-05,307.11,NaN,0.00041368
431.92,0.00044001,347.57,NaN,0.00021114
313.02,0.00050625,435,NaN,0.00044528
320.88,0.00054643,151.11,NaN,-0.00025574
111.77,0.00029794,330.01,NaN,3.6643e-05
194.51,0.00011071,23.445,NaN,0.00057023
293.91,0.00096767,289.46,NaN,0.00025722
168.61,0.00029691,283.13,NaN,0.00033279
377.76,0.00050657,436.6,NaN,0.0013641
183.59,0.00073159,170.27,NaN,0.0011512
162.48,0.00052375,339.82,NaN,0.00055257
329.24,0.00027051,394,NaN,0.00016164
147.72,0.0010546,172.77,NaN,0.00026954
396.13,-0.00038731,308.33,NaN,0.0015471
65.854,0.00066932,273.66,NaN,0.00059123
170.31,0.001,244.54,NaN,0.00074487
539.27,0.00045737,202.05,NaN,0.0006372
156.28,0.00045322,181.07,NaN,0.00107
208.23,0.00027632,114.82,NaN,0.00028398
308.38,0.0012562,209.62,NaN,0.00027954
319.66,0.00098225,148.41,NaN,-0.00015834
662.89,0.00043327,266.8,NaN,-6.4692e-05
460.21,0.00035212,481.9,NaN,0.00065223
207.21,0.00015934,235.14,NaN,0.00049624
363.93,0.00091779,404.59,NaN,0.00083265
465.51,-0.00011494,341.08,NaN,0.00030178
270.54,0.000118,456.58,NaN,0.00068466
-45.43,0.0002506,276.75,NaN,0.00079493
237.33,3.3882e-05,264.85,NaN,0.0012665
105.35,-9.3283e-06,258,NaN,0.0004498
355.68,0.00062293,115.78,NaN,0.00041549
262.57,0.00037866,547.19,NaN,0.00053699
415.09,0.00025961,85.519,NaN,0.000552
138.62,0.0003544,257.03,NaN,0.00047757
425.44,0.00042384,223.01,NaN,0.0013328
115.64,0.00016898,279.96,NaN,0.0010989
470.36,0.00042639,78.455,NaN,0.00040789
291.86,0.00022834,371.33,NaN,0.00097039
426.09,0.00078075,261.37,NaN,0.0011502
76.998,0.00068083,236.34,NaN,0.00027263
381.89,0.00040843,455.89,NaN,0.00021623
188.08,0.00062637,356.74,NaN,0.00050727
62.783,0.00023554,496.02,NaN,0.0007336
436.17,0.00030584,442.86,NaN,0.00067854
323.51,0.00029417,195.89,NaN,0.00057775
248.55,0.00055419,235.39,NaN,0.00068728
300.81,0.00049342,436.16,NaN,0.0002077
206.9,-0.00019558,215.7,NaN,0.00022398
91.001,0.00013486,262.08,NaN,0.00070759
-7.9893,0.00028497,213.24,NaN,0.00047376
45.504,0.00036412,329.31,NaN,0.00037362
212.3,0.00025762,417.66,NaN,-0.00016401
365.1,0.00062879,194.5,NaN,0.00060408
262.5,0.00082873,209.58,NaN,0.00066199
295.13,0.0007265,403.96,NaN,-6.705e-05
217.38,0.00051804,505.21,NaN,0.00040797
319.86,0.00074092,404.78,NaN,0.00047435
386.6,0.00077369,95.503,NaN,0.00081384
178.62,0.00057368,268.57,NaN,0.00019049
108.29,0.0010515,318.68,NaN,0.00024174
347.51,0.00033899,284.7,NaN,0.0001956
187.31,0.00055844,202.56,NaN,-0.0001661
-23.655,0.00032052,37.39,NaN,0.00061143
302.22,0.00028247,429.78,NaN,0.00073781
347.87,0.00018534,409.28,NaN,0.000304
361.06,0.00026698,363.49,NaN,0.00025607
316.38,0.00010264,216.61,NaN,0.00017167
256.38,0.00042375,91.929,NaN,0.00057129
283.47,0.00028995,344.49,NaN,0.0010815
524.9,0.001024,152.57,NaN,-0.00050121
273.82,0.00068382,235.61,NaN,-0.00028004
221.38,-0.00012493,434.22,NaN,0.0010516
454.1,0.00087693,396.56,NaN,0.00032831
423.68,0.00031191,225.71,NaN,0.00058061
497.92,-3.9512e-05,319.11,NaN,0.0010699
400.03,0.00063562,183.21,NaN,0.0011951
346.8,0.00085066,167.99,NaN,0.00057615
458.38,0.00053629,246.84,NaN,0.00081748
252.13,0.000563,102.88,NaN,0.00061516
236.38,0.00016182,526.08,NaN,0.00071855
168.65,0.00036426,342.76,NaN,0.00036573
507.52,0.00037238,175.15,NaN,-0.00010581
590.01,0.00032155,276.35,NaN,0.00072598
413.38,0.00062984,405.59,NaN,0.00074182
199.79,0.00013638,255.02,NaN,0.00032137
118.07,0.00028381,247.5,NaN,0.00025483
157.74,0.00024754,381.09,NaN,-9.8451e-05
284.62,0.0005367,473.23,NaN,0.00028373
104.29,0.00082761,390.9,NaN,0.00027873
67.339,0.0010154,291.69,NaN,0.00039255
71.401,0.0011381,342.47,NaN,0.0012387
330.38,0.00014859,273.44,NaN,0.00073729
-2.3334,0.00025419,209.41,NaN,0.00045126
333.65,0.0011382,180.42,NaN,0.00075196
323.78,0.00063736,162.85,NaN,0.00076169
126.5,0.00034044,154.22,NaN,0.0011216
141.02,0.00097825,268.21,NaN,0.0010027
190,1.4243e-05,55.612,NaN,0.0010528
182.47,0.00036506,250.15,NaN,0.0007108
380.57,0.00020427,66.393,NaN,0.00078413
249.34,0.00086608,232.57,NaN,0.0010567
155.87,0.0011289,146.64,NaN,0.00064967
337.26,0.00072147,289.36,NaN,-3.3482e-05
401.6,0.00095495,400.41,NaN,0.00065274
42.312,0.00096592,48.426,NaN,0.00018842
433.13,0.00067343,173.16,NaN,0.00052706
136.65,0.00027135,173.94,NaN,0.00035007
15.668,0.00072344,213.11,NaN,0.00025358
285.32,0.0005261,249.44,NaN,0.00098197
426.73,4.4789e-05,152.49,NaN,0.00035583
439.91,0.00021915,242.78,NaN,0.00050066
225.37,0.00088112,409.66,NaN,0.00052125
369.99,1.3474e-05,297.22,NaN,-9.4099e-05
261.75,0.00049376,211.74,NaN,0.00095833
252.25,0.00014504,318.29,NaN,0.00043101
430,0.0005852,349.07,NaN,0.00082772
306.97,0.00010028,38.756,NaN,0.00063552
401.32,3.2904e-05,249.9,NaN,0.0010098
336.69,0.000536,535.57,NaN,0.00027841
184.07,0.00019481,277.36,NaN,-9.3337e-05
342.05,0.0009249,291.8,NaN,0.00041393
247.29,0.00067986,477.31,NaN,0.00037775
104.18,0.00040668,106.82,NaN,0.00015404
294.18,0.00040862,380.26,NaN,0.0011135
265.97,-0.00012924,225.91,NaN,0.0010315
197.38,0.00051537,299.97,NaN,0.00098156
283.27,0.0012248,347.52,NaN,-9.5363e-05
155.31,0.00060613,240.31,NaN,-7.1634e-05
521.96,0.00016425,183.96,NaN,0.001253
57.118,0.00059732,354.69,NaN,0.0006425
65.281,0.00071496,253.78,NaN,0.00080853
411.14,3.5606e-05,285.51,NaN,0.00044336
169.97,0.0006271,351.3,NaN,-0.00012641
187.88,0.00091031,392.73,NaN,0.00053311
188.93,0.00050968,240.69,NaN,0.00043577
394.11,0.00032805,145.1,NaN,0.001619
291.34,8.6191e-05,332.08,NaN,5.1954e-05
342.56,0.00043019,450.58,NaN,0.0003532
29.635,6.9661e-05,194.61,NaN,0.00010627
40.674,0.00028406,344.15,NaN,0.0012938
307.35,0.00025274,466.21,NaN,0.0007715
27.936,0.00037313,268.41,NaN,-8.3766e-06
530.73,0.00054472,321.62,NaN,0.00062123
319.58,0.00026475,262.14,NaN,-2.055e-05
448.97,0.00044499,151.93,NaN,0.0003979
37.029,-0.00011157,166.26,NaN,0.0017892
341.76,0.00079704,107.08,NaN,0.00072464
334.52,0.00016849,246.74,NaN,0.00017687
420.52,0.0004151,507.72,NaN,0.00072793
221.01,0.00057199,298.25,NaN,0.00037215
84.869,0.00081291,483.34,NaN,0.00023666
171.4,0.00026057,147.35,NaN,0.00027414
197.09,0.00052783,200.53,NaN,0.00069519
224.35,0.00032356,497.93,NaN,0.00095706
239.5,0.0001551,86.951,NaN,0.00060626
302.26,0.00048961,94.873,NaN,0.00010181
549.04,0.00043644,534.57,NaN,0.00030554
158.7,0.00046788,400.81,NaN,0.0013193
182.09,0.00013394,302.08,NaN,0.0003203
505.33,0.00029042,280.22,NaN,0.00038737
