150,0.0080419,148.39,65.835,0.0097571
149.53,0.0083191,147.88,67.081,0.010105
149,0.0085997,147.3,68.32,0.010457
148.42,0.0088837,146.68,69.551,0.010811
147.8,0.0091694,146.01,70.766,0.011167
146.98,0.0095301,145.14,72.264,0.011616
146.15,0.0098837,144.26,73.694,0.012055
145.31,0.010233,143.36,75.074,0.012487
144.4,0.010594,142.41,76.467,0.012932
143.54,0.010922,141.5,77.715,0.013336
142.51,0.0113,140.41,79.125,0.013799
141.25,0.011749,139.1,80.765,0.014347
139.72,0.012292,137.49,82.69,0.015008
137.92,0.01294,135.61,84.896,0.015794
135.84,0.013712,133.43,87.402,0.016727
133.5,0.014614,130.97,90.177,0.017815
130.96,0.015644,128.3,93.161,0.019054
128.01,0.016907,125.21,96.583,0.020569
124.99,0.018291,122.02,100.07,0.022222
121.95,0.01977,118.82,103.54,0.023984
118.95,0.021324,115.66,106.94,0.025826
115.54,0.023214,112.06,110.78,0.028057
112.25,0.025162,108.58,114.46,0.030343
109.09,0.027153,105.23,117.96,0.032666
106.07,0.029166,102.03,121.28,0.035
103.02,0.031302,98.806,124.6,0.03746
100.18,0.033391,95.8,127.67,0.039847
97.562,0.035394,93.026,130.48,0.042119
95.152,0.037292,90.478,133.03,0.044252
93.143,0.03891,88.358,135.14,0.046056
91.267,0.040449,86.379,137.09,0.047759
89.513,0.041907,84.533,138.89,0.049358
87.891,0.043264,82.829,140.54,0.050833
86.421,0.044485,81.289,142.01,0.052146
85.132,0.045528,79.943,143.27,0.053252
84.036,0.046368,78.805,144.3,0.054126
83.123,0.04701,77.863,145.12,0.054775
82.414,0.047458,77.135,145.73,0.055213
81.785,0.047821,76.494,146.25,0.055557
81.198,0.048149,75.896,146.72,0.055861
80.626,0.048473,75.313,147.19,0.056161
80.143,0.048756,74.821,147.59,0.056424
79.671,0.049034,74.34,147.98,0.056684
79.221,0.049294,73.882,148.35,0.056922
78.805,0.04952,73.459,148.69,0.057124
78.427,0.049705,73.078,148.98,0.057281
78.076,0.049864,72.724,149.24,0.057411
77.722,0.050037,72.367,149.52,0.057555
77.319,0.050282,71.957,149.86,0.05778
76.792,0.050692,71.414,150.35,0.058183
76.08,0.051356,70.673,151.08,0.058861
75.121,0.052361,69.668,152.11,0.059905
73.874,0.053776,68.357,153.5,0.061386
72.392,0.055562,66.796,155.18,0.063254
70.641,0.05778,64.95,157.2,0.065568
68.651,0.060415,62.855,159.5,0.068301
66.472,0.063424,60.566,162.03,0.071395
64.167,0.066733,58.151,164.71,0.074761
61.795,0.07026,55.677,167.47,0.078301
59.409,0.073916,53.2,170.23,0.081917
57.052,0.077623,50.766,172.96,0.085521
54.979,0.080945,48.64,175.34,0.088692
52.965,0.084219,46.586,177.66,0.09176
51.016,0.08742,44.611,179.89,0.0947
49.135,0.090529,42.717,182.04,0.097493
48.365,0.091804,41.946,182.92,0.098621
45.392,0.092463,39.166,185.23,0.097814
42.713,0.093286,36.663,187.47,0.097256
40.303,0.094195,34.419,189.61,0.09686
38.147,0.095115,32.417,191.62,0.096549
36.165,0.096013,30.585,193.53,0.096252
34.42,0.096807,28.982,195.27,0.095932
32.892,0.097465,27.586,196.83,0.095561
31.558,0.097981,26.374,198.22,0.09513
30.391,0.098364,25.32,199.44,0.094647
29.369,0.098631,24.403,200.52,0.094124
28.473,0.098793,23.603,201.47,0.093567
27.693,0.098846,22.912,202.3,0.092971
26.999,0.098772,22.301,203.03,0.092295
26.428,0.09853,21.804,203.6,0.091531
25.98,0.098091,21.421,204.01,0.090652
25.652,0.097437,21.15,204.25,0.089641
25.439,0.096596,20.985,204.33,0.088528
25.312,0.09559,20.899,204.28,0.087309
25.246,0.094468,20.87,204.14,0.08602
25.217,0.093286,20.875,203.95,0.084699
25.202,0.092156,20.892,203.74,0.083451
25.189,0.09105,20.91,203.54,0.082232
25.175,0.089972,20.926,203.34,0.081045
25.164,0.08891,20.945,203.13,0.079879
25.166,0.087847,20.976,202.91,0.078726
25.189,0.08675,21.026,202.65,0.077554
25.23,0.085619,21.094,202.36,0.076364
25.276,0.08449,21.167,202.06,0.07518
25.299,0.083569,21.213,201.83,0.074204
25.277,0.082772,21.217,201.68,0.073327
25.179,0.082187,21.146,201.67,0.072616
24.97,0.081909,20.968,201.86,0.072148
24.616,0.082042,20.649,202.32,0.072001
24.09,0.082682,20.164,203.1,0.072252
23.375,0.08391,19.497,204.25,0.072961
22.463,0.08579,18.645,205.78,0.074176
21.371,0.088343,17.625,207.68,0.075911
20.111,0.091596,16.455,209.91,0.078184
18.712,0.095546,15.166,212.44,0.080994
17.207,0.10018,13.796,215.19,0.084333
15.512,0.1059,12.275,218.32,0.088523
13.793,0.11236,10.759,221.53,0.093335
12.094,0.11955,9.289,224.72,0.098835
10.452,0.12756,7.8976,227.81,0.10517
9.3809,0.13354,7.0069,229.84,0.11005
8.3532,0.14005,6.1651,231.77,0.11553
7.3696,0.14715,5.3724,233.62,0.12168
6.4273,0.15488,4.6263,235.37,0.12856
5.9436,0.15921,4.249,236.25,0.13248
5.4681,0.16369,3.8822,237.11,0.13658
4.9986,0.16827,3.5246,237.95,0.14081
4.5327,0.17288,3.1743,238.76,0.14506
4.068,0.17746,2.8298,239.55,0.14928
3.6004,0.18178,2.4883,240.33,0.15322
3.1266,0.18563,2.148,241.09,0.15663
2.646,0.18899,1.8076,241.84,0.15947
2.5656,0.1895,1.7512,241.96,0.15989
2.485,0.19,1.6947,242.09,0.16029
2.4042,0.19047,1.6381,242.21,0.16067
2.323,0.19093,1.5815,242.34,0.16103
2.2417,0.19137,1.5248,242.46,0.16136
2.1601,0.1918,1.4681,242.58,0.16168
2.0783,0.1922,1.4114,242.71,0.16198
1.9963,0.19259,1.3546,242.83,0.16226
1.8648,0.1932,1.2638,243.03,0.16269
1.7328,0.19377,1.1729,243.23,0.16307
1.6001,0.19428,1.0818,243.43,0.16339
1.4669,0.19478,0.99059,243.63,0.16369
1.3672,0.19517,0.92241,243.78,0.16394
1.2671,0.19555,0.85414,243.93,0.16416
1.1667,0.19589,0.78578,244.08,0.16435
1.0661,0.19624,0.71738,244.23,0.16455
0.98984,0.19653,0.66562,244.34,0.16472
0.9134,0.19681,0.61381,244.46,0.16488
0.83673,0.19706,0.56192,244.57,0.16502
0.75994,0.19732,0.51001,244.69,0.16516
0.70962,0.19751,0.47602,244.76,0.16528
0.6592,0.1977,0.442,244.84,0.16538
0.60867,0.19786,0.40795,244.91,0.16547
0.55809,0.19803,0.37388,244.99,0.16556
0.51447,0.19821,0.34453,245.05,0.16568
0.47078,0.19837,0.31514,245.12,0.16577
0.42697,0.19849,0.28571,245.19,0.16582
0.38314,0.19863,0.25629,245.25,0.16589
0.35385,0.19876,0.23663,245.3,0.16598
0.32452,0.19887,0.21696,245.34,0.16605
0.29513,0.19896,0.19727,245.38,0.16608
0.26574,0.19905,0.17757,245.43,0.16613
0.23635,0.19919,0.15789,245.47,0.16622
0.20693,0.1993,0.1382,245.52,0.16629
0.17747,0.19937,0.1185,245.56,0.16631
0.14799,0.19945,0.098791,245.6,0.16635
0.1231,0.19958,0.082156,245.64,0.16644
0.098186,0.19968,0.065512,245.68,0.1665
0.073246,0.19974,0.048862,245.72,0.16652
0.048299,0.1998,0.032214,245.75,0.16654
0.023345,0.19993,0.015566,245.79,0.16663
0.0016263,0.20003,0.0010842,245.83,0.1667
0.026606,0.20009,0.017734,245.86,0.16671
0.051595,0.20015,0.034382,245.9,0.16674
0.077312,0.20028,0.051506,245.94,0.16683
0.10304,0.20039,0.068629,245.98,0.1669
0.12876,0.20045,0.085742,246.02,0.16691
0.15449,0.20051,0.10285,246.06,0.16694
0.18073,0.20064,0.1203,246.1,0.16702
0.20698,0.20074,0.13773,246.13,0.16709
0.23321,0.20081,0.15516,246.17,0.16712
0.25945,0.20089,0.17258,246.21,0.16715
0.28817,0.20101,0.19163,246.26,0.16723
0.3169,0.20112,0.21068,246.3,0.16729
0.34562,0.20121,0.22971,246.34,0.16734
0.37434,0.2013,0.24874,246.39,0.16738
0.4101,0.20144,0.27242,246.44,0.16746
0.44587,0.20157,0.29609,246.49,0.16754
0.48164,0.20169,0.31974,246.55,0.1676
0.51742,0.20181,0.34338,246.6,0.16766
0.56694,0.20199,0.37608,246.67,0.16777
0.61648,0.20217,0.40876,246.75,0.16787
0.66601,0.20234,0.44141,246.82,0.16796
0.71556,0.20251,0.47404,246.9,0.16805
0.78868,0.20277,0.52215,247.01,0.16819
0.86181,0.20303,0.5702,247.11,0.16834
0.93492,0.20328,0.61817,247.22,0.16847
1.008,0.20353,0.66606,247.33,0.16861
1.1255,0.20395,0.74291,247.51,0.16884
1.2428,0.20436,0.81951,247.68,0.16906
1.3599,0.20477,0.89582,247.86,0.16928
1.4768,0.20518,0.97181,248.03,0.16951
1.7015,0.20597,1.1174,248.37,0.16993
1.9246,0.20675,1.2614,248.7,0.17035
2.1458,0.20752,1.4036,249.03,0.17077
2.3648,0.20829,1.5438,249.36,0.17117
2.7947,0.20979,1.8175,250,0.17197
3.2123,0.21125,2.0813,250.62,0.17273
3.6156,0.21265,2.3341,251.22,0.17346
4.0034,0.214,2.5754,251.8,0.17416
4.7293,0.21651,3.0224,252.88,0.17543
5.3865,0.21877,3.422,253.85,0.17656
5.9746,0.22078,3.7754,254.72,0.17754
6.4953,0.22254,4.085,255.49,0.17838
7.122,0.22463,4.4537,256.41,0.17936
7.6329,0.22631,4.7511,257.16,0.18012
8.0409,0.22762,4.9865,257.76,0.18069
8.3583,0.22861,5.1685,258.22,0.1811
8.6326,0.22943,5.325,258.62,0.18142
8.8075,0.22992,5.4245,258.88,0.18158
8.8901,0.23011,5.4716,259,0.1816
8.8826,0.23,5.4677,258.99,0.1815
8.7679,0.22954,5.4031,258.83,0.18124
8.5425,0.22874,5.2753,258.51,0.18085
8.2148,0.22763,5.0883,258.03,0.18032
7.8017,0.22626,4.8508,257.43,0.1797
7.3865,0.22491,4.61,256.82,0.1791
6.9424,0.22348,4.3503,256.17,0.17847
6.4853,0.22202,4.0806,255.49,0.17783
6.0258,0.22055,3.8071,254.81,0.17718
5.6155,0.21924,3.5609,254.2,0.1766
5.2045,0.21791,3.3124,253.59,0.17599
4.788,0.21654,3.0588,252.97,0.17535
4.3609,0.21512,2.7966,252.34,0.17466
4.127,0.21434,2.6522,251.99,0.17428
3.889,0.21354,2.5045,251.63,0.17388
3.6475,0.21271,2.3541,251.27,0.17347
3.4042,0.21188,2.2019,250.91,0.17304
3.1616,0.21108,2.0494,250.55,0.17265
2.9224,0.21026,1.8984,250.19,0.17222
2.6904,0.2094,1.7513,249.85,0.17175
2.4711,0.20862,1.6118,249.52,0.17132
2.3933,0.20836,1.5621,249.4,0.1712
2.3182,0.20811,1.5141,249.29,0.17107
2.2463,0.20786,1.4681,249.18,0.17094
2.178,0.20763,1.4243,249.08,0.17081
2.1137,0.20741,1.383,248.99,0.1707
2.0536,0.2072,1.3444,248.9,0.17059
1.9983,0.207,1.3089,248.81,0.17049
1.9481,0.20683,1.2765,248.74,0.17039
1.8868,0.20664,1.2371,248.65,0.17031
1.8376,0.20647,1.2053,248.57,0.17022
1.8014,0.2063,1.182,248.52,0.17011
1.78,0.20621,1.1682,248.49,0.17004
1.7749,0.20623,1.1648,248.48,0.17008
1.776,0.20625,1.1656,248.48,0.17009
1.7838,0.20625,1.1706,248.49,0.17008
1.7987,0.20628,1.1802,248.51,0.17009
1.8212,0.20638,1.1948,248.55,0.17015
1.8515,0.2065,1.2143,248.59,0.17022
1.8897,0.20662,1.2389,248.65,0.17028
1.9363,0.20678,1.269,248.72,0.17036
2.0054,0.20703,1.3135,248.82,0.1705
2.0882,0.20732,1.3667,248.95,0.17066
2.1852,0.20766,1.4289,249.09,0.17084
2.297,0.20805,1.5005,249.26,0.17104
2.4907,0.20873,1.6242,249.55,0.17141
2.7196,0.20953,1.7699,249.89,0.17183
2.985,0.21045,1.9379,250.29,0.17232
3.2879,0.21151,2.1288,250.74,0.17287
4.0091,0.21402,2.5789,251.81,0.17417
4.8835,0.21705,3.1167,253.11,0.17571
5.9067,0.22057,3.7347,254.62,0.17746
7.0693,0.22454,4.4226,256.33,0.17938
8.8729,0.23061,5.4596,258.95,0.1822
10.877,0.23721,6.5699,261.78,0.18509
13.036,0.24412,7.7181,264.61,0.18791
15.3,0.25108,8.8708,267.08,0.19048
17.913,0.25868,10.14,268.47,0.19293
20.521,0.26571,11.343,266.23,0.19474
23.055,0.27188,12.459,256.12,0.19581
25.463,0.277,13.475,232.45,0.19606
27.964,0.28134,14.492,187.32,0.19538
30.215,0.28416,15.382,134.52,0.19372
32.197,0.28547,16.154,92.086,0.19116
33.905,0.28538,16.819,65.788,0.18781
35.373,0.28398,17.4,51.272,0.18369
36.569,0.2814,17.892,43.86,0.179
37.503,0.27783,18.303,40.094,0.17387
38.186,0.27341,18.638,38.159,0.16841
38.722,0.26662,18.969,36.953,0.16099
38.89,0.25902,19.186,36.433,0.15345
38.74,0.25091,19.3,36.21,0.146
38.334,0.24261,19.324,36.115,0.13878
37.667,0.23345,19.266,36.078,0.1312
36.845,0.22456,19.138,36.075,0.12413
35.921,0.21608,18.954,36.101,0.11762
34.919,0.20807,18.718,36.164,0.11168
34.001,0.20158,18.474,36.27,0.10703
33.032,0.19545,18.189,36.459,0.10278
32.021,0.1897,17.866,36.785,0.098929
30.987,0.18433,17.512,37.327,0.095468
29.957,0.17938,17.139,38.184,0.092383
28.956,0.17487,16.759,39.472,0.089655
28.002,0.17079,16.382,41.326,0.08726
27.096,0.16711,16.011,43.918,0.085173
26.444,0.1646,15.735,46.5,0.083791
25.807,0.16228,15.458,49.81,0.082558
25.181,0.16013,15.178,54.061,0.081466
24.563,0.15814,14.895,59.482,0.080511
23.975,0.15638,14.62,66.047,0.079711
23.415,0.15479,14.352,73.815,0.079039
22.907,0.15343,14.105,82.324,0.078495
22.481,0.15232,13.894,90.583,0.078078
22.193,0.15158,13.751,96.742,0.077801
22.04,0.15115,13.676,100.1,0.077618
22.053,0.15104,13.686,99.535,0.077511
22.253,0.15127,13.793,94.489,0.077452
22.649,0.15179,14.001,85.481,0.077407
23.245,0.15255,14.313,73.831,0.077329
24.036,0.15349,14.727,61.739,0.077172
25.002,0.15448,15.231,51.391,0.076885
26.298,0.15556,15.907,43.124,0.076331
27.73,0.15639,16.656,38.615,0.075484
29.232,0.15678,17.451,36.641,0.074304
30.738,0.15662,18.263,36.028,0.072777
32.06,0.15591,18.996,36.025,0.071087
33.295,0.15465,19.708,36.249,0.069138
34.414,0.15285,20.387,36.561,0.066958
35.402,0.15054,21.025,36.898,0.064589
36.594,0.14637,21.879,37.38,0.060865
37.493,0.14146,22.635,37.823,0.056956
38.119,0.13603,23.293,38.216,0.052979
38.497,0.13026,23.854,38.556,0.049036
38.646,0.1249,24.28,38.818,0.045563
38.628,0.11951,24.624,39.033,0.042231
38.455,0.11417,24.884,39.202,0.039075
38.146,0.10896,25.061,39.324,0.03612
37.698,0.10371,25.161,39.404,0.033252
37.15,0.098707,25.182,39.44,0.030627
36.531,0.093995,25.136,39.439,0.028241
35.865,0.089586,25.033,39.407,0.026085
35.214,0.085728,24.894,39.353,0.024257
34.543,0.082133,24.717,39.278,0.022606
33.853,0.07879,24.503,39.182,0.021117
33.144,0.07569,24.25,39.066,0.019778
32.405,0.072794,23.954,38.926,0.018567
31.646,0.070123,23.618,38.764,0.017486
30.876,0.067671,23.25,38.585,0.016526
30.104,0.065429,22.857,38.393,0.015675
29.285,0.06323,22.418,38.178,0.014867
28.495,0.061255,21.977,37.96,0.014163
27.741,0.059489,21.54,37.745,0.013551
27.019,0.057913,21.107,37.533,0.013022
26.452,0.056765,20.757,37.362,0.012649
25.894,0.05572,20.402,37.189,0.012321
25.342,0.054773,20.043,37.016,0.012035
24.803,0.053922,19.683,36.847,0.011789
24.308,0.053194,19.347,36.692,0.011586
23.856,0.052562,19.037,36.554,0.011417
23.476,0.052031,18.774,36.442,0.011275
23.197,0.051606,18.583,36.365,0.011158
23.055,0.051302,18.491,36.33,0.011063
23.057,0.051089,18.507,36.337,0.010978
23.219,0.050954,18.645,36.394,0.010892
23.55,0.050874,18.912,36.509,0.010799
24.047,0.050817,19.31,36.689,0.010687
24.694,0.050745,19.828,36.936,0.010547
25.467,0.050619,20.449,37.244,0.010374
26.333,0.050401,21.153,37.602,0.010161
27.277,0.050051,21.93,38.001,0.009901
28.239,0.049551,22.737,38.419,0.0095985
29.184,0.048892,23.549,38.841,0.0092572
30.082,0.048077,24.342,39.254,0.0088826
30.948,0.047069,25.135,39.667,0.0084625
31.725,0.045923,25.876,40.053,0.0080222
32.406,0.044665,26.558,40.408,0.0075702
32.991,0.043319,27.179,40.732,0.0071143
33.523,0.041787,27.784,41.048,0.0066228
33.95,0.04021,28.317,41.326,0.0061426
34.279,0.038613,28.776,41.566,0.0056798
34.511,0.037019,29.161,41.768,0.005239
34.677,0.034851,29.566,41.981,0.0046712
34.67,0.032764,29.82,42.118,0.004158
34.508,0.030792,29.931,42.18,0.0037015
34.22,0.028957,29.916,42.179,0.0033006
33.859,0.027352,29.807,42.129,0.0029688
33.435,0.025883,29.624,42.041,0.0026802
32.961,0.024547,29.376,41.92,0.0024306
32.44,0.023341,29.066,41.768,0.0022157
31.873,0.022271,28.695,41.584,0.0020339
31.254,0.021316,28.259,41.367,0.0018791
30.592,0.020474,27.766,41.121,0.0017487
29.904,0.019738,27.231,40.853,0.0016399
29.228,0.01912,26.691,40.583,0.0015523
28.565,0.018594,26.149,40.311,0.0014808
27.922,0.018153,25.612,40.042,0.0014234
27.294,0.01779,25.078,39.774,0.0013786
26.757,0.017535,24.613,39.54,0.0013492
26.219,0.01733,24.142,39.303,0.0013278
25.685,0.017175,23.668,39.064,0.0013139
25.176,0.017069,23.21,38.834,0.0013073
24.829,0.017022,22.895,38.675,0.0013068
24.532,0.017002,22.624,38.538,0.0013095
24.306,0.017009,22.415,38.433,0.0013151
24.17,0.017041,22.287,38.368,0.0013226
24.144,0.017094,22.258,38.353,0.001331
24.242,0.017161,22.341,38.395,0.0013392
24.472,0.017235,22.545,38.497,0.0013458
24.833,0.017306,22.87,38.661,0.0013494
25.345,0.017365,23.334,38.895,0.0013486
25.975,0.017396,23.91,39.186,0.0013418
26.7,0.017387,24.577,39.523,0.0013281
27.49,0.01733,25.31,39.893,0.0013072
28.315,0.017218,26.082,40.283,0.0012791
29.144,0.01705,26.866,40.68,0.0012441
29.954,0.016826,27.64,41.071,0.0012032
30.725,0.016551,28.385,41.448,0.0011572
31.565,0.016167,29.213,41.866,0.0010979
32.319,0.015731,29.97,42.249,0.001035
32.984,0.015255,30.653,42.595,0.00097034
33.558,0.01475,31.259,42.901,0.00090536
34.045,0.01423,31.789,43.169,0.0008416
34.446,0.013701,32.243,43.399,0.00077985
34.763,0.013172,32.62,43.59,0.00072092
34.995,0.012651,32.917,43.741,0.0006654
35.156,0.012068,33.159,43.864,0.0006063
35.207,0.01151,33.295,43.933,0.00055264
35.16,0.010985,33.332,43.953,0.00050452
35.026,0.010496,33.282,43.93,0.00046183
34.812,0.010026,33.153,43.866,0.00042266
34.539,0.0095991,32.959,43.77,0.00038872
34.214,0.0092163,32.709,43.645,0.00035956
33.84,0.0088762,32.404,43.493,0.00033471
33.345,0.0085358,31.982,43.283,0.00031091
32.779,0.0082499,31.482,43.033,0.00029184
32.15,0.0080173,30.912,42.747,0.00027708
31.477,0.0078372,30.292,42.436,0.00026627
30.908,0.0077269,29.76,42.17,0.00026009
30.342,0.0076497,29.226,41.902,0.00025619
29.786,0.007604,28.697,41.637,0.0002544
29.238,0.0075878,28.171,41.373,0.00025461
28.772,0.0075962,27.722,41.147,0.0002563
28.304,0.0076243,27.266,40.919,0.00025939
27.832,0.0076718,26.806,40.687,0.00026388
27.364,0.0077388,26.347,40.456,0.00026982
26.935,0.007821,25.924,40.244,0.00027684
26.548,0.0079208,25.539,40.05,0.00028516
26.229,0.0080375,25.218,39.888,0.00029464
26.009,0.0081688,24.991,39.774,0.00030504
25.921,0.0082981,24.892,39.723,0.00031498
25.959,0.0084324,24.912,39.733,0.00032496
26.135,0.0085666,25.065,39.809,0.00033448
26.452,0.0086942,25.353,39.953,0.00034303
26.952,0.0088178,25.817,40.186,0.00035061
27.594,0.0089162,26.419,40.488,0.00035577
28.347,0.0089817,27.131,40.846,0.00035806
29.177,0.0090087,27.922,41.242,0.00035724
29.983,0.0089964,28.695,41.631,0.00035366
30.793,0.0089478,29.477,42.024,0.0003475
31.583,0.0088644,30.245,42.41,0.00033904
32.333,0.0087491,30.98,42.779,0.00032861
33.173,0.0085723,31.811,43.197,0.00031388
33.924,0.0083625,32.565,43.575,0.00029754
34.584,0.0081278,33.235,43.912,0.00028024
35.153,0.0078757,33.823,44.208,0.00026256
35.622,0.0076207,34.315,44.455,0.00024548
36.006,0.0073611,34.729,44.663,0.00022885
36.306,0.0071019,35.062,44.83,0.00021292
36.52,0.0068472,35.312,44.956,0.00019793
36.656,0.0065752,35.49,45.046,0.00018261
36.691,0.0063175,35.568,45.086,0.00016873
36.635,0.0060775,35.555,45.08,0.00015635
36.501,0.0058574,35.463,45.034,0.00014545
36.299,0.0056542,35.301,44.953,0.00013578
36.042,0.0054737,35.083,44.844,0.0001275
35.738,0.0053159,34.813,44.71,0.00012051
35.386,0.0051806,34.494,44.55,0.00011472
34.93,0.0050548,34.07,44.338,0.00010953
34.409,0.0049572,33.577,44.092,0.00010569
33.828,0.004888,33.022,43.813,0.00010313
33.204,0.0048471,32.419,43.512,0.00010182
32.615,0.0048343,31.845,43.224,0.00010167
32.024,0.0048443,31.267,42.934,0.0001025
31.44,0.0048761,30.693,42.646,0.00010428
30.865,0.0049286,30.123,42.361,0.00010699
30.388,0.0049874,29.649,42.123,0.00010995
29.907,0.0050596,29.17,41.883,0.00011359
29.421,0.0051453,28.684,41.639,0.00011794
28.938,0.0052447,28.2,41.396,0.00012304
28.497,0.0053516,27.755,41.173,0.00012861
28.093,0.0054707,27.347,40.967,0.00013489
27.756,0.0056013,27.001,40.793,0.00014183
27.515,0.0057413,26.749,40.666,0.00014933
27.405,0.0058759,26.624,40.603,0.00015652
27.422,0.0060124,26.623,40.602,0.00016377
27.578,0.0061467,26.757,40.669,0.00017079
27.876,0.0062737,27.03,40.805,0.00017727
28.354,0.0063964,27.477,41.029,0.00018329
28.974,0.0064972,28.064,41.323,0.0001879
29.707,0.0065703,28.763,41.674,0.0001908
30.517,0.0066118,29.542,42.064,0.00019185
31.31,0.00662,30.308,42.448,0.00019111
32.108,0.006599,31.084,42.837,0.0001888
32.886,0.00655,31.844,43.219,0.00018505
33.626,0.0064756,32.573,43.584,0.00018007
34.455,0.0063558,33.395,43.996,0.00017271
35.197,0.00621,34.138,44.369,0.00016431
35.848,0.0060444,34.797,44.7,0.00015525
36.41,0.0058652,35.373,44.989,0.0001459
36.87,0.0056836,35.852,45.229,0.00013681
37.248,0.0054984,36.252,45.43,0.00012794
37.54,0.0053137,36.569,45.589,0.00011943
37.747,0.0051326,36.803,45.707,0.00011142
37.874,0.004941,36.962,45.787,0.00010329
37.902,0.0047608,37.021,45.816,9.5951e-05
37.838,0.0045945,36.989,45.801,8.9447e-05
37.698,0.0044437,36.879,45.746,8.3774e-05
37.49,0.0043072,36.7,45.657,7.882e-05
37.228,0.0041883,36.465,45.539,7.4647e-05
36.919,0.004087,36.18,45.397,7.1203e-05
36.562,0.0040031,35.844,45.229,6.8442e-05
36.103,0.0039299,35.408,45.011,6.6122e-05
35.58,0.0038785,34.904,44.758,6.458e-05
34.998,0.0038491,34.338,44.475,6.3801e-05
34.373,0.0038418,33.726,44.169,6.3777e-05
33.766,0.0038551,33.128,43.869,6.4439e-05
33.157,0.0038872,32.525,43.567,6.5754e-05
32.555,0.0039376,31.927,43.268,6.7717e-05
31.961,0.0040053,31.334,42.97,7.0332e-05
31.467,0.0040744,30.84,42.723,7.3021e-05
30.969,0.004155,30.339,42.471,7.6203e-05
30.465,0.0042472,29.832,42.217,7.9914e-05
29.965,0.0043512,29.328,41.964,8.4193e-05
29.512,0.0044602,28.869,41.734,8.8779e-05
29.1,0.0045796,28.449,41.523,9.3904e-05
28.759,0.0047083,28.098,41.347,9.9532e-05
28.52,0.0048446,27.846,41.22,0.00010557
28.418,0.004972,27.73,41.161,0.00011125
28.444,0.0050998,27.738,41.165,0.00011696
28.609,0.0052241,27.882,41.236,0.00012248
28.915,0.0053405,28.164,41.377,0.00012756
29.414,0.0054547,28.634,41.613,0.00013241
30.057,0.005547,29.247,41.92,0.0001361
30.812,0.0056123,29.972,42.283,0.00013842
31.641,0.0056474,30.773,42.685,0.00013926
32.425,0.005652,31.535,43.066,0.0001387
33.208,0.0056311,32.299,43.449,0.00013698
33.967,0.0055862,33.045,43.823,0.00013421
34.684,0.0055199,33.754,44.178,0.00013054
35.53,0.0054079,34.595,44.6,0.0001248
36.278,0.0052723,35.346,44.977,0.00011825
36.926,0.0051196,36.005,45.307,0.00011124
37.475,0.0049559,36.569,45.59,0.00010407
37.903,0.0047968,37.015,45.814,9.7393e-05
38.243,0.0046366,37.377,45.995,9.0934e-05
38.494,0.0044785,37.652,46.133,8.4815e-05
38.655,0.0043255,37.837,46.226,7.9124e-05
38.728,0.0041703,37.938,46.277,7.3579e-05
38.707,0.0040264,37.943,46.28,6.8637e-05
38.602,0.0038956,37.864,46.24,6.4309e-05
38.426,0.003779,37.714,46.165,6.0585e-05
38.198,0.0036783,37.508,46.062,5.7474e-05
37.921,0.0035921,37.253,45.935,5.4891e-05
37.601,0.0035203,36.951,45.784,5.2802e-05
37.236,0.0034628,36.602,45.609,5.1181e-05
36.792,0.0034173,36.175,45.395,4.9948e-05
36.294,0.0033881,35.69,45.153,4.9216e-05
35.747,0.0033757,35.154,44.884,4.8983e-05
35.163,0.0033799,34.578,44.597,4.925e-05
34.484,0.0034048,33.907,44.26,5.0151e-05
33.803,0.0034501,33.23,43.921,5.1686e-05
33.131,0.0035151,32.559,43.585,5.3856e-05
32.467,0.0035989,31.893,43.252,5.6679e-05
31.808,0.0036994,31.23,42.919,6.0138e-05
31.139,0.003818,30.556,42.582,6.4343e-05
30.479,0.003955,29.888,42.246,6.9367e-05
29.87,0.0041102,29.269,41.936,7.5254e-05
29.535,0.0042206,28.925,41.763,7.9555e-05
29.276,0.0043371,28.656,41.628,8.4164e-05
29.118,0.0044576,28.484,41.541,8.8997e-05
29.079,0.0045796,28.429,41.513,9.3925e-05
29.17,0.0046955,28.502,41.549,9.8614e-05
29.393,0.0048059,28.704,41.65,0.00010305
29.746,0.004907,29.034,41.815,0.00010705
30.218,0.0049948,29.483,42.04,0.00011043
30.878,0.0050739,30.115,42.356,0.00011332
31.636,0.0051276,30.845,42.722,0.00011504
32.454,0.0051537,31.64,43.12,0.00011553
33.297,0.0051514,32.462,43.532,0.00011479
34.066,0.0051252,33.216,43.91,0.00011311
34.806,0.0050777,33.944,44.275,0.00011059
35.499,0.0050115,34.632,44.62,0.00010736
36.139,0.0049295,35.27,44.939,0.00010359
36.971,0.0047864,36.107,45.359,9.735e-05
37.675,0.0046246,36.824,45.718,9.0672e-05
38.253,0.004452,37.421,46.017,8.39e-05
38.705,0.0042755,37.895,46.255,7.7308e-05
39.052,0.0040837,38.27,46.443,7.0499e-05
39.238,0.0039009,38.487,46.552,6.4339e-05
39.268,0.0037324,38.549,46.583,5.8936e-05
39.16,0.003582,38.471,46.544,5.4337e-05
38.968,0.0034653,38.305,46.462,5.0914e-05
38.706,0.0033655,38.066,46.342,4.809e-05
38.384,0.0032829,37.765,46.192,4.5827e-05
38.006,0.0032172,37.405,46.012,4.4088e-05
37.569,0.0031684,36.984,45.801,4.2842e-05
37.07,0.0031365,36.498,45.558,4.2077e-05
36.511,0.0031218,35.95,45.283,4.1788e-05
35.903,0.0031245,35.351,44.984,4.1977e-05
35.391,0.0031394,34.845,44.73,4.2482e-05
34.872,0.0031655,34.328,44.472,4.3303e-05
34.352,0.0032026,33.811,44.213,4.444e-05
33.838,0.0032502,33.297,43.955,4.5897e-05
33.33,0.003308,32.788,43.7,4.7677e-05
32.822,0.0033757,32.278,43.445,4.9793e-05
32.311,0.0034531,31.763,43.187,5.2265e-05
31.796,0.0035405,31.243,42.926,5.5121e-05
31.327,0.0036284,30.769,42.688,5.8073e-05
30.868,0.0037249,30.304,42.455,6.1394e-05
30.436,0.0038297,29.865,42.235,6.5095e-05
30.056,0.0039423,29.475,42.04,6.9166e-05
29.77,0.0040548,29.179,41.891,7.3321e-05
29.579,0.0041717,28.975,41.788,7.7703e-05
29.506,0.0042904,28.887,41.744,8.2205e-05
29.567,0.0044078,28.93,41.765,8.6679e-05
29.764,0.0045175,29.107,41.853,9.0851e-05
30.097,0.0046183,29.418,42.009,9.4644e-05
30.555,0.0047064,29.854,42.227,9.7883e-05
31.124,0.0047783,30.398,42.499,0.00010042
31.832,0.0048342,31.082,42.842,0.00010222
32.607,0.0048657,31.833,43.218,0.00010299
33.413,0.004872,32.619,43.612,0.00010272
34.22,0.0048537,33.41,44.008,0.00010147
34.985,0.0048134,34.164,44.385,9.9389e-05
35.707,0.0047537,34.878,44.744,9.6606e-05
36.374,0.0046775,35.543,45.077,9.3264e-05
36.979,0.0045878,36.15,45.381,8.951e-05
37.635,0.004464,36.814,45.713,8.4554e-05
38.199,0.0043296,37.39,46.002,7.941e-05
38.67,0.0041893,37.877,46.246,7.4258e-05
39.05,0.0040469,38.275,46.446,6.9245e-05
39.376,0.0038805,38.627,46.622,6.3642e-05
39.567,0.0037211,38.845,46.731,5.8522e-05
39.625,0.0035726,38.93,46.774,5.3969e-05
39.56,0.0034381,38.892,46.755,5.0022e-05
39.393,0.0033198,38.75,46.685,4.669e-05
39.144,0.0032187,38.524,46.572,4.3944e-05
38.828,0.0031349,38.229,46.424,4.1749e-05
38.452,0.0030686,37.871,46.245,4.0066e-05
38.019,0.0030198,37.454,46.036,3.8874e-05
37.521,0.0029879,36.968,45.794,3.8139e-05
36.958,0.0029732,36.417,45.518,3.7854e-05
36.343,0.0029758,35.81,45.214,3.8023e-05
35.691,0.002996,35.165,44.891,3.8655e-05
35.028,0.0030334,34.505,44.56,3.9752e-05
34.368,0.0030875,33.845,44.23,4.132e-05
33.716,0.0031576,33.192,43.903,4.3368e-05
33.216,0.0032224,32.689,43.651,4.5291e-05
32.712,0.0032963,32.182,43.397,4.753e-05
32.203,0.0033793,31.668,43.14,5.0107e-05
31.693,0.0034716,31.152,42.881,5.3053e-05
31.223,0.0035666,30.676,42.642,5.6167e-05
30.778,0.0036698,30.224,42.415,5.9644e-05
30.383,0.0037807,29.82,42.213,6.3481e-05
30.066,0.0038984,29.491,42.048,6.7641e-05
29.859,0.0040182,29.272,41.937,7.1956e-05
29.782,0.0041398,29.179,41.89,7.6393e-05
29.852,0.0042597,29.23,41.916,8.0796e-05
30.079,0.0043736,29.436,42.018,8.4973e-05
30.458,0.0044762,29.792,42.196,8.8692e-05
30.977,0.0045637,30.286,42.444,9.178e-05
31.613,0.004632,30.898,42.75,9.4073e-05
32.337,0.0046784,31.598,43.101,9.5458e-05
33.111,0.004701,32.351,43.478,9.5881e-05
33.906,0.0046998,33.128,43.867,9.537e-05
34.693,0.0046759,33.9,44.254,9.3989e-05
35.448,0.004631,34.646,44.628,9.1846e-05
36.232,0.0045598,35.424,45.017,8.873e-05
36.943,0.0044701,36.136,45.374,8.5034e-05
37.577,0.0043662,36.774,45.694,8.0945e-05
38.132,0.0042519,37.339,45.977,7.6631e-05
38.621,0.0041283,37.84,46.228,7.2144e-05
39.03,0.004001,38.264,46.44,6.7701e-05
39.358,0.003873,38.61,46.614,6.3402e-05
39.604,0.003747,38.875,46.747,5.9327e-05
39.783,0.0036054,39.079,46.849,5.4929e-05
39.85,0.0034727,39.17,46.895,5.0977e-05
39.811,0.0033512,39.155,46.887,4.7505e-05
39.681,0.0032428,39.048,46.834,4.452e-05
39.465,0.0031447,38.854,46.737,4.1915e-05
39.183,0.0030621,38.593,46.606,3.9796e-05
38.845,0.0029952,38.272,46.446,3.8131e-05
38.451,0.0029438,37.893,46.257,3.6894e-05
37.945,0.0029047,37.402,46.011,3.5996e-05
37.364,0.0028848,36.833,45.726,3.5589e-05
36.717,0.0028843,36.195,45.407,3.5675e-05
36.021,0.0029034,35.506,45.062,3.6259e-05
35.409,0.0029353,34.897,44.757,3.7166e-05
34.797,0.0029811,34.287,44.451,3.8448e-05
34.193,0.0030403,33.681,44.148,4.0113e-05
33.595,0.0031124,33.08,43.847,4.2171e-05
33.074,0.0031851,32.556,43.585,4.4294e-05
32.548,0.0032674,32.025,43.319,4.6755e-05
32.018,0.0033593,31.49,43.05,4.9582e-05
31.494,0.003461,30.959,42.784,5.2808e-05
31.076,0.0035533,30.534,42.571,5.5816e-05
30.694,0.0036522,30.144,42.376,5.912e-05
30.37,0.003757,29.81,42.208,6.27e-05
30.126,0.0038665,29.555,42.08,6.6514e-05
29.986,0.0039788,29.401,42.002,7.0487e-05
29.968,0.0040913,29.368,41.985,7.4509e-05
30.084,0.0042009,29.466,42.034,7.8441e-05
30.34,0.0043038,29.702,42.152,8.2124e-05
30.777,0.0044046,30.114,42.358,8.5681e-05
31.357,0.0044879,30.669,42.636,8.8526e-05
32.053,0.0045497,31.341,42.972,9.05e-05
32.831,0.0045873,32.095,43.35,9.1505e-05
33.603,0.0045993,32.849,43.727,9.1537e-05
34.384,0.0045891,33.613,44.11,9.072e-05
35.147,0.0045579,34.364,44.487,8.9133e-05
35.873,0.0045077,35.082,44.846,8.6881e-05
36.678,0.004426,35.884,45.248,8.3475e-05
37.398,0.0043257,36.607,45.61,7.9522e-05
38.031,0.0042117,37.247,45.931,7.5228e-05
38.575,0.0040884,37.803,46.209,7.0779e-05
39.022,0.0039633,38.264,46.44,6.6442e-05
39.387,0.0038364,38.646,46.632,6.2212e-05
39.668,0.0037105,38.945,46.782,5.8174e-05
39.862,0.0035882,39.16,46.889,5.4395e-05
39.976,0.00346,39.297,46.958,5.059e-05
39.989,0.0033411,39.333,46.976,4.7195e-05
39.912,0.0032332,39.277,46.948,4.4226e-05
39.756,0.0031374,39.142,46.881,4.1683e-05
39.532,0.0030531,38.938,46.779,3.9517e-05
39.255,0.0029822,38.678,46.649,3.775e-05
38.928,0.0029246,38.368,46.494,3.6356e-05
38.554,0.0028803,38.006,46.313,3.5316e-05
38.078,0.0028465,37.544,46.082,3.4558e-05
37.538,0.002829,37.014,45.817,3.421e-05
36.938,0.0028281,36.423,45.521,3.4272e-05
36.294,0.0028438,35.785,45.202,3.4752e-05
35.659,0.0028745,35.154,44.886,3.5608e-05
35.022,0.00292,34.518,44.567,3.6854e-05
34.392,0.0029798,33.887,44.252,3.8498e-05
33.769,0.0030532,33.262,43.938,4.0551e-05
33.246,0.0031252,32.734,43.674,4.2609e-05
32.717,0.0032067,32.201,43.407,4.4994e-05
32.183,0.0032977,31.662,43.136,4.7737e-05
31.655,0.0033984,31.126,42.868,5.0866e-05
31.231,0.0034899,30.696,42.652,5.3792e-05
30.842,0.003588,30.299,42.453,5.7007e-05
30.51,0.0036921,29.957,42.282,6.0498e-05
30.256,0.0038009,29.693,42.149,6.4222e-05
30.106,0.0039127,29.529,42.067,6.811e-05
30.078,0.0040248,29.486,42.044,7.2055e-05
30.186,0.004134,29.575,42.089,7.592e-05
30.434,0.0042369,29.803,42.203,7.9551e-05
30.858,0.0043368,30.204,42.403,8.3032e-05
31.426,0.0044198,30.747,42.675,8.5839e-05
32.11,0.004482,31.407,43.006,8.7815e-05
32.877,0.0045207,32.151,43.378,8.8863e-05
33.649,0.0045344,32.903,43.755,8.8967e-05
34.431,0.0045258,33.669,44.139,8.8236e-05
35.197,0.0044963,34.423,44.516,8.6742e-05
35.927,0.0044479,35.146,44.878,8.459e-05
36.726,0.0043695,35.941,45.277,8.136e-05
37.443,0.0042729,36.66,45.637,7.7597e-05
38.074,0.0041628,37.298,45.956,7.3496e-05
38.619,0.0040434,37.854,46.235,6.9234e-05
39.073,0.0039209,38.322,46.469,6.503e-05
39.445,0.0037964,38.711,46.664,6.0919e-05
39.734,0.0036726,39.018,46.818,5.6987e-05
39.938,0.003552,39.241,46.93,5.3298e-05
40.063,0.0034243,39.389,47.004,4.9545e-05
40.085,0.0033057,39.434,47.027,4.6193e-05
40.015,0.0031979,39.385,47.003,4.3259e-05
39.864,0.0031022,39.255,46.938,4.0745e-05
39.642,0.0030175,39.053,46.837,3.8592e-05
39.364,0.0029463,38.793,46.707,3.6838e-05
39.036,0.0028886,38.481,46.55,3.5459e-05
38.659,0.0028444,38.117,46.368,3.4432e-05
38.176,0.0028107,37.647,46.133,3.3687e-05
37.625,0.0027937,37.107,45.863,3.3355e-05
37.013,0.0027937,36.503,45.561,3.3438e-05
36.356,0.0028108,35.852,45.235,3.3945e-05
35.727,0.002842,35.226,44.922,3.48e-05
35.095,0.0028876,34.596,44.607,3.6031e-05
34.471,0.0029469,33.971,44.293,3.7643e-05
33.854,0.0030195,33.351,43.983,3.9647e-05
33.333,0.0030909,32.826,43.72,4.166e-05
32.807,0.0031714,32.295,43.454,4.399e-05
32.276,0.0032613,31.759,43.185,4.6665e-05
31.75,0.0033606,31.225,42.918,4.9716e-05
31.323,0.0034517,30.792,42.701,5.2591e-05
30.931,0.0035493,30.392,42.5,5.5754e-05
30.595,0.0036529,30.046,42.327,5.9189e-05
30.337,0.0037613,29.778,42.192,6.2857e-05
30.182,0.0038726,29.609,42.107,6.669e-05
30.15,0.0039843,29.562,42.083,7.0582e-05
30.253,0.0040933,29.647,42.125,7.4401e-05
30.498,0.0041959,29.872,42.237,7.7991e-05
30.917,0.0042952,30.268,42.435,8.1423e-05
31.479,0.0043779,30.805,42.705,8.4199e-05
32.158,0.0044401,31.46,43.032,8.6166e-05
32.92,0.0044791,32.2,43.403,8.7226e-05
33.692,0.0044934,32.952,43.779,8.7361e-05
34.474,0.0044856,33.718,44.163,8.6668e-05
35.241,0.0044569,34.473,44.541,8.5222e-05
35.973,0.0044093,35.197,44.904,8.3123e-05
36.769,0.0043324,35.99,45.301,7.9983e-05
37.485,0.0042376,36.707,45.661,7.6317e-05
38.115,0.0041294,37.345,45.98,7.2319e-05
38.661,0.0040119,37.901,46.258,6.8156e-05
39.117,0.0038908,38.371,46.494,6.4033e-05
39.492,0.0037675,38.762,46.69,5.9996e-05
39.783,0.003645,39.072,46.845,5.6131e-05
39.991,0.0035255,39.298,46.958,5.2504e-05
40.12,0.0033985,39.45,47.035,4.8797e-05
40.146,0.0032804,39.498,47.059,4.5485e-05
40.078,0.0031731,39.452,47.036,4.2587e-05
39.929,0.0030779,39.324,46.972,4.0104e-05
39.707,0.0029934,39.122,46.871,3.7974e-05
39.429,0.0029225,38.861,46.741,3.6241e-05
39.1,0.0028651,38.548,46.584,3.4879e-05
38.72,0.0028212,38.182,46.401,3.3869e-05
38.234,0.0027879,37.709,46.164,3.3139e-05
37.68,0.0027714,37.165,45.892,3.282e-05
37.063,0.002772,36.556,45.588,3.2917e-05
36.4,0.0027898,35.9,45.259,3.3436e-05
35.772,0.0028214,35.275,44.946,3.4292e-05
35.143,0.0028671,34.646,44.632,3.5516e-05
34.52,0.0029264,34.022,44.319,3.7114e-05
33.904,0.0029988,33.404,44.009,3.9097e-05
33.383,0.00307,32.879,43.747,4.109e-05
32.857,0.0031503,32.348,43.481,4.3397e-05
32.326,0.0032399,31.811,43.212,4.6044e-05
31.8,0.0033389,31.278,42.944,4.9062e-05
31.373,0.0034297,30.844,42.727,5.1909e-05
30.98,0.0035271,30.444,42.526,5.5041e-05
30.643,0.0036304,30.097,42.352,5.8442e-05
30.385,0.0037383,29.828,42.217,6.2074e-05
30.229,0.0038493,29.659,42.132,6.587e-05
30.197,0.0039606,29.611,42.107,6.9724e-05
30.3,0.0040692,29.696,42.15,7.3505e-05
30.544,0.0041714,29.92,42.262,7.706e-05
30.962,0.0042703,30.315,42.459,8.046e-05
31.524,0.0043526,30.853,42.728,8.3209e-05
32.203,0.0044145,31.508,43.056,8.5158e-05
32.965,0.0044533,32.247,43.427,8.6209e-05
33.736,0.0044676,32.999,43.803,8.6344e-05
34.517,0.0044598,33.765,44.187,8.566e-05
35.284,0.0044312,34.52,44.565,8.423e-05
36.015,0.0043837,35.243,44.927,8.2155e-05
36.812,0.0043073,36.036,45.324,7.905e-05
37.527,0.0042129,36.753,45.683,7.5424e-05
38.157,0.0041052,37.39,46.002,7.1469e-05
38.702,0.0039883,37.946,46.281,6.7354e-05
39.158,0.0038678,38.415,46.516,6.3277e-05
39.532,0.0037453,38.806,46.712,5.9288e-05
39.823,0.0036235,39.115,46.867,5.5469e-05
40.03,0.0035047,39.341,46.98,5.1886e-05
40.159,0.0033786,39.492,47.056,4.8225e-05
40.184,0.0032614,39.539,47.08,4.4956e-05
40.115,0.0031548,39.493,47.056,4.2096e-05
39.966,0.0030603,39.364,46.992,3.9646e-05
39.744,0.0029766,39.161,46.891,3.7547e-05
39.465,0.0029063,38.9,46.76,3.5839e-05
39.136,0.0028495,38.586,46.603,3.4499e-05
38.756,0.0028061,38.22,46.42,3.3507e-05
38.27,0.0027734,37.747,46.183,3.2792e-05
37.715,0.0027573,37.202,45.911,3.2484e-05
37.098,0.0027582,36.594,45.607,3.2587e-05
36.436,0.0027762,35.937,45.278,3.3107e-05
35.807,0.0028079,35.312,44.965,3.3962e-05
35.177,0.0028537,34.682,44.65,3.5182e-05
34.554,0.0029131,34.058,44.337,3.6773e-05
33.937,0.0029856,33.438,44.027,3.8747e-05
33.416,0.0030567,32.913,43.764,4.073e-05
32.889,0.003137,32.381,43.497,4.3024e-05
32.357,0.0032265,31.844,43.228,4.5658e-05
31.83,0.0033254,31.31,42.96,4.8658e-05
31.403,0.0034161,30.876,42.743,5.1488e-05
31.01,0.0035133,30.475,42.542,5.4601e-05
30.673,0.0036163,30.129,42.368,5.7981e-05
30.415,0.0037241,29.859,42.233,6.159e-05
30.259,0.0038348,29.69,42.148,6.5361e-05
30.226,0.0039458,29.642,42.123,6.919e-05
30.329,0.0040541,29.727,42.166,7.2947e-05
30.574,0.004156,29.952,42.278,7.6479e-05
30.992,0.0042546,30.347,42.475,7.9857e-05
31.554,0.0043367,30.885,42.745,8.2589e-05
32.233,0.0043984,31.54,43.072,8.4524e-05
32.995,0.004437,32.28,43.443,8.5567e-05
33.766,0.0044511,33.031,43.819,8.5699e-05
34.548,0.0044433,33.797,44.203,8.5019e-05
35.314,0.0044147,34.552,44.581,8.3598e-05
36.045,0.0043674,35.275,44.943,8.1537e-05
36.841,0.004291,36.067,45.34,7.845e-05
37.556,0.0041968,36.785,45.699,7.4846e-05
38.186,0.0040893,37.421,46.018,7.0917e-05
38.731,0.0039728,37.977,46.296,6.6828e-05
39.186,0.0038527,38.445,46.531,6.2781e-05
39.559,0.0037306,38.835,46.727,5.8822e-05
39.85,0.0036092,39.144,46.881,5.5032e-05
40.056,0.0034909,39.369,46.994,5.1478e-05
40.184,0.0033654,39.519,47.069,4.7849e-05
40.208,0.0032488,39.566,47.093,4.4609e-05
40.139,0.0031429,39.518,47.069,4.1776e-05
39.989,0.0030489,39.389,47.005,3.9349e-05
39.767,0.0029657,39.186,46.903,3.7271e-05
39.488,0.0028959,38.924,46.772,3.5582e-05
39.158,0.0028396,38.61,46.615,3.4257e-05
38.779,0.0027965,38.244,46.432,3.3276e-05
38.293,0.0027641,37.771,46.195,3.2571e-05
37.738,0.0027483,37.227,45.923,3.2271e-05
37.122,0.0027494,36.618,45.619,3.2377e-05
36.46,0.0027675,35.962,45.29,3.2898e-05
35.83,0.0027993,35.336,44.977,3.3752e-05
35.199,0.0028452,34.706,44.662,3.4969e-05
34.575,0.0029046,34.081,44.348,3.6556e-05
33.958,0.0029771,33.461,44.038,3.8524e-05
33.436,0.0030483,32.935,43.775,4.0501e-05
32.909,0.0031285,32.403,43.508,4.2788e-05
32.377,0.003218,31.865,43.238,4.5412e-05
31.85,0.0033169,31.331,42.971,4.8403e-05
31.422,0.0034074,30.896,42.753,5.1222e-05
31.029,0.0035045,30.495,42.552,5.4322e-05
30.692,0.0036074,30.149,42.378,5.7689e-05
30.434,0.003715,29.879,42.243,6.1283e-05
30.278,0.0038255,29.711,42.158,6.5039e-05
30.246,0.0039364,29.662,42.133,6.8853e-05
30.349,0.0040445,29.748,42.176,7.2593e-05
30.593,0.0041462,29.972,42.288,7.611e-05
31.012,0.0042447,30.368,42.486,7.9475e-05
31.574,0.0043266,30.906,42.755,8.2195e-05
32.253,0.0043881,31.561,43.083,8.4122e-05
33.015,0.0044266,32.301,43.454,8.5159e-05
33.786,0.0044406,33.052,43.83,8.529e-05
34.567,0.0044328,33.818,44.213,8.4611e-05
35.333,0.0044042,34.572,44.591,8.3195e-05
36.063,0.0043569,35.295,44.953,8.1143e-05
36.86,0.0042806,36.088,45.35,7.8067e-05
37.575,0.0041866,36.805,45.709,7.4478e-05
38.205,0.0040792,37.442,46.028,7.0564e-05
38.749,0.0039628,37.997,46.306,6.6492e-05
39.204,0.003843,38.465,46.541,6.2464e-05
39.577,0.0037212,38.854,46.736,5.8523e-05
39.867,0.0036001,39.163,46.891,5.4753e-05
40.073,0.0034821,39.387,47.003,5.1216e-05
40.2,0.003357,39.536,47.078,4.7609e-05
40.224,0.0032407,39.583,47.101,4.4388e-05
40.154,0.0031352,39.535,47.077,4.1571e-05
40.004,0.0030415,39.405,47.013,3.916e-05
39.781,0.0029587,39.202,46.911,3.7095e-05
39.502,0.0028892,38.94,46.78,3.5417e-05
39.172,0.0028332,38.625,46.623,3.4102e-05
38.793,0.0027904,38.259,46.44,3.3129e-05
38.307,0.0027582,37.786,46.203,3.2431e-05
37.753,0.0027425,37.242,45.931,3.2135e-05
37.137,0.0027437,36.634,45.627,3.2244e-05
36.475,0.0027619,35.978,45.299,3.2764e-05
35.845,0.0027938,35.352,44.985,3.3618e-05
35.214,0.0028397,34.721,44.669,3.4834e-05
34.589,0.0028992,34.095,44.356,3.6418e-05
33.972,0.0029717,33.475,44.045,3.8383e-05
33.45,0.0030429,32.949,43.782,4.0356e-05
32.922,0.0031231,32.416,43.515,4.2638e-05
32.39,0.0032126,31.878,43.245,4.5257e-05
31.862,0.0033114,31.344,42.977,4.8241e-05
31.435,0.0034019,30.909,42.76,5.1053e-05
31.042,0.0034989,30.508,42.558,5.4145e-05
30.704,0.0036018,30.162,42.384,5.7503e-05
30.446,0.0037093,29.892,42.249,6.1088e-05
30.291,0.0038197,29.723,42.164,6.4834e-05
30.258,0.0039304,29.675,42.14,6.8638e-05
30.361,0.0040384,29.761,42.182,7.2368e-05
30.605,0.00414,29.985,42.294,7.5876e-05
31.024,0.0042383,30.381,42.492,7.9231e-05
31.587,0.0043201,30.919,42.762,8.1945e-05
32.266,0.0043815,31.575,43.09,8.3866e-05
33.028,0.00442,32.315,43.46,8.49e-05
33.799,0.0044339,33.066,43.837,8.5028e-05
34.58,0.004426,33.832,44.22,8.4351e-05
35.346,0.0043975,34.586,44.598,8.2939e-05
36.076,0.0043502,35.308,44.96,8.0891e-05
36.872,0.004274,36.101,45.357,7.7823e-05
37.587,0.00418,36.818,45.716,7.4242e-05
38.217,0.0040727,37.455,46.035,7.0338e-05
38.761,0.0039564,38.01,46.313,6.6277e-05
39.216,0.0038368,38.478,46.547,6.2261e-05
39.589,0.0037151,38.867,46.742,5.8333e-05
39.879,0.0035942,39.175,46.897,5.4574e-05
40.083,0.0034764,39.399,47.009,5.1049e-05
40.21,0.0033516,39.548,47.084,4.7455e-05
40.234,0.0032356,39.594,47.107,4.4246e-05
40.164,0.0031302,39.545,47.083,4.144e-05
40.013,0.0030368,39.415,47.018,3.9038e-05
39.791,0.0029542,39.212,46.916,3.6983e-05
39.511,0.002885,38.95,46.785,3.5312e-05
39.182,0.0028291,38.635,46.628,3.4003e-05
38.802,0.0027864,38.269,46.445,3.3036e-05
38.316,0.0027544,37.796,46.208,3.2342e-05
37.762,0.0027389,37.252,45.936,3.2049e-05
37.146,0.0027402,36.644,45.632,3.2158e-05
36.485,0.0027584,35.989,45.304,3.2679e-05
35.855,0.0027903,35.362,44.99,3.3532e-05
35.223,0.0028363,34.731,44.674,3.4747e-05
34.598,0.0028958,34.105,44.361,3.633e-05
33.981,0.0029683,33.484,44.05,3.8292e-05
33.458,0.0030394,32.958,43.786,4.0263e-05
32.93,0.0031197,32.425,43.519,4.2542e-05
32.398,0.0032091,31.887,43.249,4.5157e-05
31.87,0.0033079,31.352,42.981,4.8137e-05
31.443,0.0033984,30.918,42.764,5.0945e-05
31.049,0.0034954,30.517,42.563,5.4033e-05
30.712,0.0035981,30.17,42.389,5.7385e-05
30.454,0.0037056,29.9,42.253,6.0964e-05
30.298,0.0038159,29.732,42.168,6.4704e-05
30.266,0.0039266,29.683,42.144,6.8501e-05
30.369,0.0040345,29.769,42.186,7.2225e-05
30.613,0.004136,29.993,42.298,7.5726e-05
31.032,0.0042343,30.389,42.496,7.9076e-05
31.595,0.004316,30.928,42.766,8.1785e-05
32.274,0.0043774,31.583,43.094,8.3702e-05
33.037,0.0044157,32.323,43.465,8.4734e-05
33.807,0.0044297,33.075,43.841,8.4862e-05
34.588,0.0044217,33.84,44.224,8.4185e-05
35.354,0.0043932,34.594,44.602,8.2775e-05
36.084,0.0043459,35.317,44.964,8.0731e-05
36.88,0.0042697,36.109,45.361,7.7667e-05
37.595,0.0041758,36.827,45.72,7.4092e-05
38.225,0.0040686,37.463,46.039,7.0194e-05
38.769,0.0039523,38.018,46.317,6.614e-05
39.223,0.0038328,38.486,46.552,6.2131e-05
39.596,0.0037113,38.875,46.746,5.8211e-05
39.886,0.0035904,39.182,46.901,5.446e-05
40.09,0.0034728,39.406,47.013,5.0942e-05
40.217,0.0033481,39.555,47.087,4.7356e-05
40.24,0.0032323,39.6,47.11,4.4155e-05
40.17,0.0031271,39.552,47.086,4.1357e-05
40.019,0.0030338,39.421,47.021,3.8961e-05
39.797,0.0029514,39.218,46.919,3.6911e-05
39.517,0.0028823,38.956,46.788,3.5246e-05
39.187,0.0028265,38.642,46.631,3.394e-05
38.808,0.0027839,38.275,46.448,3.2976e-05
38.322,0.002752,37.802,46.211,3.2285e-05
37.768,0.0027365,37.259,45.939,3.1993e-05
37.152,0.0027379,36.651,45.635,3.2104e-05
36.491,0.0027561,35.995,45.307,3.2625e-05
35.861,0.0027881,35.368,44.993,3.3478e-05
35.229,0.002834,34.737,44.677,3.4692e-05
34.604,0.0028935,34.111,44.364,3.6274e-05
33.986,0.0029661,33.49,44.053,3.8235e-05
33.464,0.0030372,32.963,43.789,4.0204e-05
32.936,0.0031175,32.431,43.522,4.2481e-05
32.403,0.0032069,31.892,43.252,4.5094e-05
31.875,0.0033057,31.357,42.984,4.8072e-05
31.448,0.0033962,30.923,42.766,5.0877e-05
31.054,0.0034931,30.522,42.565,5.3961e-05
30.717,0.0035958,30.175,42.391,5.731e-05
30.459,0.0037032,29.906,42.256,6.0885e-05
30.303,0.0038135,29.737,42.171,6.4621e-05
30.271,0.0039241,29.689,42.147,6.8413e-05
30.374,0.004032,29.774,42.189,7.2133e-05
30.618,0.0041335,29.999,42.301,7.563e-05
31.037,0.0042317,30.395,42.499,7.8977e-05
31.6,0.0043134,30.933,42.769,8.1683e-05
32.279,0.0043747,31.589,43.097,8.3598e-05
33.042,0.004413,32.329,43.468,8.4628e-05
33.812,0.0044269,33.08,43.844,8.4755e-05
34.593,0.004419,33.846,44.227,8.4079e-05
35.359,0.0043904,34.6,44.605,8.267e-05
36.089,0.0043432,35.322,44.967,8.0628e-05
36.885,0.004267,36.115,45.364,7.7567e-05
37.6,0.0041731,36.832,45.723,7.3996e-05
38.23,0.0040659,37.468,46.042,7.0102e-05
38.774,0.0039497,38.023,46.32,6.6052e-05
39.228,0.0038302,38.491,46.554,6.2048e-05
39.601,0.0037088,38.88,46.749,5.8132e-05
39.89,0.003588,39.187,46.903,5.4386e-05
40.095,0.0034705,39.411,47.015,5.0874e-05
40.221,0.0033459,39.559,47.09,4.7293e-05
40.244,0.0032301,39.605,47.112,4.4097e-05
40.174,0.0031251,39.556,47.088,4.1303e-05
40.023,0.0030319,39.425,47.023,3.8911e-05
39.8,0.0029495,39.222,46.921,3.6865e-05
39.521,0.0028805,38.96,46.79,3.5203e-05
39.191,0.0028248,38.646,46.633,3.39e-05
38.812,0.0027823,38.279,46.45,3.2938e-05
38.326,0.0027504,37.806,46.213,3.2248e-05
37.772,0.002735,37.263,45.941,3.1958e-05
37.156,0.0027364,36.655,45.637,3.2069e-05
36.495,0.0027547,36,45.309,3.259e-05
35.865,0.0027866,35.372,44.995,3.3443e-05
35.233,0.0028326,34.741,44.679,3.4657e-05
34.608,0.0028921,34.115,44.366,3.6238e-05
33.99,0.0029647,33.493,44.054,3.8198e-05
33.467,0.0030358,32.967,43.791,4.0166e-05
32.939,0.0031161,32.434,43.524,4.2442e-05
32.407,0.0032055,31.896,43.254,4.5053e-05
31.878,0.0033043,31.361,42.986,4.8029e-05
31.451,0.0033947,30.926,42.768,5.0833e-05
31.058,0.0034916,30.525,42.567,5.3915e-05
30.72,0.0035944,30.178,42.393,5.7261e-05
30.462,0.0037017,29.909,42.258,6.0834e-05
30.307,0.003812,29.74,42.173,6.4567e-05
30.274,0.0039226,29.692,42.148,6.8357e-05
30.377,0.0040304,29.778,42.191,7.2075e-05
30.621,0.0041318,30.002,42.303,7.5569e-05
31.041,0.00423,30.398,42.501,7.8914e-05
31.603,0.0043117,30.937,42.771,8.1617e-05
32.283,0.004373,31.592,43.099,8.3531e-05
33.045,0.0044113,32.333,43.469,8.456e-05
33.815,0.0044252,33.084,43.846,8.4687e-05
34.596,0.0044172,33.849,44.229,8.4011e-05
35.362,0.0043886,34.603,44.607,8.2603e-05
36.092,0.0043414,35.325,44.968,8.0562e-05
36.888,0.0042653,36.118,45.366,7.7503e-05
37.603,0.0041714,36.836,45.725,7.3934e-05
38.233,0.0040642,37.472,46.044,7.0043e-05
38.777,0.003948,38.027,46.322,6.5995e-05
39.231,0.0038286,38.495,46.556,6.1995e-05
39.604,0.0037072,38.883,46.751,5.8082e-05
39.893,0.0035865,39.191,46.905,5.434e-05
40.098,0.003469,39.414,47.017,5.083e-05
40.224,0.0033444,39.562,47.091,4.7253e-05
40.247,0.0032288,39.608,47.114,4.406e-05
40.177,0.0031238,39.559,47.09,4.1269e-05
40.025,0.0030307,39.428,47.024,3.888e-05
39.803,0.0029484,39.225,46.923,3.6836e-05
39.523,0.0028794,38.963,46.792,3.5175e-05
39.194,0.0028237,38.648,46.634,3.3874e-05
38.814,0.0027813,38.282,46.451,3.2913e-05
38.328,0.0027495,37.809,46.214,3.2225e-05
37.775,0.0027341,37.265,45.943,3.1935e-05
37.159,0.0027355,36.658,45.639,3.2047e-05
36.498,0.0027537,36.002,45.311,3.2568e-05
35.868,0.0027857,35.375,44.997,3.342e-05
35.235,0.0028317,34.744,44.68,3.4634e-05
34.61,0.0028912,34.117,44.367,3.6215e-05
33.992,0.0029638,33.496,44.056,3.8174e-05
33.469,0.0030349,32.969,43.792,4.0141e-05
32.941,0.0031152,32.436,43.525,4.2417e-05
32.409,0.0032046,31.898,43.255,4.5028e-05
31.88,0.0033034,31.363,42.987,4.8002e-05
31.453,0.0033938,30.928,42.769,5.0805e-05
31.06,0.0034907,30.527,42.568,5.3885e-05
30.722,0.0035934,30.18,42.394,5.7231e-05
30.464,0.0037008,29.911,42.259,6.0802e-05
30.309,0.003811,29.742,42.174,6.4533e-05
30.276,0.0039216,29.694,42.149,6.8322e-05
30.379,0.0040294,29.78,42.192,7.2037e-05
30.623,0.0041308,30.004,42.304,7.553e-05
31.043,0.004229,30.4,42.502,7.8873e-05
31.605,0.0043106,30.939,42.772,8.1575e-05
32.285,0.0043719,31.595,43.1,8.3488e-05
33.047,0.0044102,32.335,43.471,8.4517e-05
33.818,0.004424,33.086,43.847,8.4643e-05
34.599,0.0044161,33.852,44.23,8.3968e-05
35.364,0.0043875,34.605,44.608,8.256e-05
36.094,0.0043403,35.328,44.97,8.052e-05
36.89,0.0042641,36.121,45.367,7.7462e-05
37.606,0.0041702,36.838,45.726,7.3894e-05
38.235,0.0040631,37.474,46.045,7.0005e-05
38.779,0.003947,38.029,46.323,6.5959e-05
39.233,0.0038276,38.497,46.557,6.1961e-05
39.606,0.0037062,38.885,46.752,5.805e-05
39.895,0.0035855,39.193,46.906,5.4309e-05
40.099,0.003468,39.416,47.018,5.0802e-05
40.225,0.0033435,39.564,47.092,4.7227e-05
40.249,0.0032279,39.61,47.115,4.4036e-05
40.178,0.0031229,39.561,47.09,4.1247e-05
40.027,0.0030299,39.43,47.025,3.8859e-05
39.804,0.0029476,39.226,46.924,3.6817e-05
39.525,0.0028787,38.964,46.792,3.5158e-05
39.195,0.0028231,38.65,46.635,3.3858e-05
38.815,0.0027806,38.283,46.452,3.2897e-05
38.33,0.0027488,37.81,46.215,3.221e-05
37.776,0.0027335,37.267,45.943,3.1921e-05
37.161,0.0027348,36.659,45.639,3.2033e-05
36.5,0.0027531,36.004,45.311,3.2553e-05
35.869,0.0027851,35.377,44.997,3.3406e-05
35.237,0.0028311,34.745,44.681,3.4619e-05
34.612,0.0028906,34.119,44.368,3.62e-05
33.993,0.0029632,33.497,44.056,3.8159e-05
33.471,0.0030344,32.971,43.793,4.0126e-05
32.943,0.0031146,32.438,43.526,4.2401e-05
32.41,0.003204,31.899,43.256,4.5011e-05
31.882,0.0033028,31.364,42.987,4.7985e-05
31.454,0.0033932,30.93,42.77,5.0787e-05
31.061,0.0034901,30.529,42.569,5.3867e-05
30.724,0.0035928,30.182,42.395,5.7211e-05
30.465,0.0037002,29.912,42.259,6.0781e-05
30.31,0.0038104,29.744,42.175,6.4512e-05
30.277,0.0039209,29.696,42.15,6.8299e-05
30.381,0.0040287,29.781,42.193,7.2013e-05
30.625,0.0041301,30.006,42.305,7.5505e-05
31.044,0.0042283,30.402,42.503,7.8847e-05
31.607,0.0043099,30.94,42.772,8.1549e-05
32.286,0.0043712,31.596,43.101,8.3461e-05
33.049,0.0044095,32.336,43.471,8.4489e-05
33.819,0.0044233,33.088,43.848,8.4615e-05
34.6,0.0044154,33.853,44.231,8.394e-05
35.366,0.0043868,34.607,44.609,8.2532e-05
36.095,0.0043396,35.329,44.97,8.0493e-05
36.892,0.0042634,36.122,45.367,7.7436e-05
37.607,0.0041695,36.839,45.727,7.3869e-05
38.237,0.0040624,37.476,46.045,6.998e-05
38.78,0.0039463,38.03,46.323,6.5936e-05
39.234,0.0038269,38.498,46.558,6.1939e-05
39.607,0.0037055,38.887,46.752,5.803e-05
39.896,0.0035849,39.194,46.906,5.429e-05
40.101,0.0034674,39.417,47.018,5.0784e-05
40.227,0.0033429,39.565,47.093,4.721e-05
40.25,0.0032273,39.611,47.115,4.4021e-05
40.179,0.0031224,39.562,47.091,4.1233e-05
40.028,0.0030294,39.431,47.026,3.8846e-05
39.805,0.0029471,39.227,46.924,3.6805e-05
39.526,0.0028782,38.965,46.793,3.5146e-05
39.196,0.0028226,38.651,46.636,3.3847e-05
38.816,0.0027802,38.284,46.452,3.2887e-05
38.331,0.0027484,37.811,46.216,3.2201e-05
37.777,0.0027331,37.268,45.944,3.1912e-05
37.162,0.0027345,36.66,45.64,3.2024e-05
36.501,0.0027528,36.005,45.312,3.2544e-05
35.87,0.0027847,35.378,44.998,3.3397e-05
35.238,0.0028307,34.746,44.682,3.461e-05
34.613,0.0028903,34.12,44.368,3.619e-05
33.994,0.0029628,33.498,44.057,3.8149e-05
33.472,0.003034,32.972,43.793,4.0116e-05
32.944,0.0031142,32.439,43.526,4.239e-05
32.411,0.0032036,31.9,43.256,4.5e-05
31.883,0.0033024,31.365,42.988,4.7974e-05
31.455,0.0033928,30.931,42.77,5.0775e-05
31.062,0.0034897,30.53,42.569,5.3855e-05
30.724,0.0035924,30.183,42.395,5.7198e-05
30.466,0.0036998,29.913,42.26,6.0768e-05
30.311,0.00381,29.745,42.175,6.4498e-05
30.278,0.0039205,29.697,42.15,6.8284e-05
30.381,0.0040283,29.782,42.193,7.1998e-05
30.626,0.0041297,30.007,42.305,7.5489e-05
31.045,0.0042279,30.403,42.503,7.8831e-05
31.608,0.0043095,30.941,42.773,8.1532e-05
32.287,0.0043707,31.597,43.101,8.3443e-05
33.05,0.004409,32.337,43.472,8.4471e-05
33.82,0.0044229,33.089,43.848,8.4598e-05
34.601,0.0044149,33.854,44.231,8.3922e-05
35.366,0.0043863,34.608,44.609,8.2515e-05
36.096,0.0043391,35.33,44.971,8.0476e-05
36.893,0.004263,36.123,45.368,7.7419e-05
37.608,0.0041691,36.84,45.727,7.3853e-05
38.237,0.004062,37.477,46.046,6.9965e-05
38.781,0.0039458,38.031,46.324,6.5921e-05
39.235,0.0038265,38.499,46.558,6.1925e-05
39.608,0.0037051,38.887,46.753,5.8017e-05
39.897,0.0035845,39.195,46.907,5.4278e-05
40.101,0.003467,39.418,47.019,5.0772e-05
40.227,0.0033426,39.566,47.093,4.72e-05
40.25,0.003227,39.611,47.116,4.4011e-05
40.18,0.0031221,39.562,47.091,4.1224e-05
40.029,0.003029,39.432,47.026,3.8838e-05
39.806,0.0029468,39.228,46.924,3.6797e-05
39.527,0.0028779,38.966,46.793,3.5139e-05
39.197,0.0028223,38.651,46.636,3.3841e-05
38.817,0.0027799,38.285,46.453,3.2881e-05
38.332,0.0027482,37.812,46.216,3.2195e-05
37.778,0.0027328,37.269,45.944,3.1906e-05
37.162,0.0027342,36.661,45.64,3.2018e-05
36.501,0.0027525,36.006,45.312,3.2538e-05
35.871,0.0027845,35.379,44.998,3.3391e-05
35.239,0.0028305,34.747,44.682,3.4604e-05
34.613,0.00289,34.12,44.368,3.6184e-05
33.995,0.0029626,33.499,44.057,3.8143e-05
33.472,0.0030337,32.972,43.793,4.011e-05
32.944,0.003114,32.439,43.526,4.2384e-05
32.411,0.0032034,31.901,43.256,4.4994e-05
31.883,0.0033022,31.366,42.988,4.7967e-05
31.456,0.0033926,30.931,42.77,5.0768e-05
31.062,0.0034895,30.53,42.569,5.3847e-05
30.725,0.0035922,30.183,42.395,5.719e-05
30.467,0.0036995,29.914,42.26,6.076e-05
30.311,0.0038097,29.745,42.175,6.4489e-05
30.279,0.0039203,29.697,42.151,6.8275e-05
30.382,0.004028,29.783,42.193,7.1988e-05
30.626,0.0041294,30.007,42.305,7.5479e-05
31.045,0.0042276,30.403,42.504,7.882e-05
31.608,0.0043092,30.942,42.773,8.1521e-05
32.288,0.0043704,31.598,43.101,8.3432e-05
33.05,0.0044087,32.338,43.472,8.446e-05
33.82,0.0044226,33.089,43.848,8.4586e-05
34.601,0.0044146,33.855,44.232,8.3911e-05
35.367,0.004386,34.608,44.609,8.2504e-05
36.097,0.0043388,35.331,44.971,8.0465e-05
36.893,0.0042627,36.124,45.368,7.7409e-05
37.608,0.0041688,36.841,45.727,7.3843e-05
38.238,0.0040617,37.477,46.046,6.9955e-05
38.782,0.0039456,38.032,46.324,6.5912e-05
39.236,0.0038262,38.499,46.558,6.1916e-05
39.608,0.0037048,38.888,46.753,5.8008e-05
39.898,0.0035842,39.195,46.907,5.427e-05
40.102,0.0034668,39.419,47.019,5.0765e-05
40.228,0.0033423,39.567,47.093,4.7193e-05
40.251,0.0032268,39.612,47.116,4.4005e-05
40.18,0.0031219,39.563,47.092,4.1218e-05
40.029,0.0030288,39.432,47.026,3.8833e-05
39.806,0.0029466,39.229,46.925,3.6792e-05
39.527,0.0028777,38.966,46.794,3.5135e-05
39.197,0.0028222,38.652,46.636,3.3836e-05
38.817,0.0027798,38.285,46.453,3.2877e-05
38.332,0.002748,37.813,46.216,3.2191e-05
37.778,0.0027327,37.269,45.945,3.1902e-05
37.163,0.0027341,36.662,45.641,3.2014e-05
36.502,0.0027524,36.006,45.313,3.2535e-05
35.871,0.0027843,35.379,44.999,3.3387e-05
35.239,0.0028303,34.747,44.682,3.46e-05
34.614,0.0028899,34.121,44.369,3.618e-05
33.995,0.0029624,33.499,44.057,3.8139e-05
33.473,0.0030336,32.973,43.794,4.0106e-05
32.945,0.0031138,32.44,43.527,4.238e-05
32.412,0.0032033,31.901,43.257,4.4989e-05
31.883,0.003302,31.366,42.988,4.7963e-05
31.456,0.0033924,30.932,42.771,5.0763e-05
31.063,0.0034893,30.53,42.57,5.3842e-05
30.725,0.003592,30.184,42.396,5.7185e-05
30.467,0.0036993,29.914,42.26,6.0754e-05
30.312,0.0038096,29.746,42.175,6.4483e-05
30.279,0.0039201,29.697,42.151,6.8269e-05
30.382,0.0040278,29.783,42.193,7.1982e-05
30.627,0.0041292,30.008,42.306,7.5473e-05
31.046,0.0042274,30.404,42.504,7.8813e-05
31.608,0.004309,30.942,42.773,8.1514e-05
32.288,0.0043703,31.598,43.102,8.3425e-05
33.051,0.0044085,32.338,43.472,8.4453e-05
33.821,0.0044224,33.09,43.849,8.4579e-05
34.602,0.0044144,33.855,44.232,8.3903e-05
35.367,0.0043859,34.609,44.609,8.2496e-05
36.097,0.0043387,35.331,44.971,8.0458e-05
36.893,0.0042625,36.124,45.368,7.7402e-05
37.609,0.0041686,36.841,45.728,7.3836e-05
38.238,0.0040615,37.477,46.046,6.9949e-05
38.782,0.0039454,38.032,46.324,6.5906e-05
39.236,0.003826,38.5,46.559,6.191e-05
39.609,0.0037046,38.888,46.753,5.8003e-05
39.898,0.003584,39.196,46.907,5.4265e-05
40.102,0.0034666,39.419,47.019,5.076e-05
40.228,0.0033422,39.567,47.093,4.7189e-05
40.251,0.0032266,39.612,47.116,4.4001e-05
40.181,0.0031217,39.563,47.092,4.1214e-05
40.029,0.0030287,39.432,47.026,3.8829e-05
39.807,0.0029465,39.229,46.925,3.6789e-05
39.527,0.0028776,38.967,46.794,3.5132e-05
39.197,0.002822,38.652,46.636,3.3833e-05
38.818,0.0027797,38.286,46.453,3.2874e-05
38.332,0.0027479,37.813,46.217,3.2188e-05
37.778,0.0027326,37.269,45.945,3.19e-05
37.163,0.002734,36.662,45.641,3.2012e-05
36.502,0.0027523,36.007,45.313,3.2532e-05
35.872,0.0027842,35.379,44.999,3.3385e-05
35.239,0.0028302,34.748,44.682,3.4598e-05
34.614,0.0028898,34.121,44.369,3.6178e-05
33.996,0.0029623,33.5,44.058,3.8137e-05
33.473,0.0030335,32.973,43.794,4.0103e-05
32.945,0.0031137,32.44,43.527,4.2377e-05
32.412,0.0032032,31.901,43.257,4.4987e-05
31.884,0.003302,31.366,42.989,4.796e-05
31.456,0.0033923,30.932,42.771,5.076e-05
31.063,0.0034892,30.531,42.57,5.3839e-05
30.726,0.0035919,30.184,42.396,5.7182e-05
30.467,0.0036992,29.915,42.26,6.0751e-05
30.312,0.0038095,29.746,42.176,6.4479e-05
30.279,0.00392,29.698,42.151,6.8265e-05
30.383,0.0040277,29.783,42.194,7.1978e-05
30.627,0.0041291,30.008,42.306,7.5468e-05
31.046,0.0042273,30.404,42.504,7.8809e-05
31.609,0.0043089,30.943,42.773,8.1509e-05
32.288,0.0043701,31.598,43.102,8.342e-05
33.051,0.0044084,32.339,43.472,8.4448e-05
33.821,0.0044223,33.09,43.849,8.4574e-05
34.602,0.0044143,33.855,44.232,8.3899e-05
35.368,0.0043857,34.609,44.61,8.2492e-05
36.097,0.0043385,35.331,44.971,8.0453e-05
36.894,0.0042624,36.124,45.368,7.7397e-05
37.609,0.0041685,36.841,45.728,7.3832e-05
38.238,0.0040614,37.478,46.046,6.9945e-05
38.782,0.0039453,38.032,46.324,6.5902e-05
39.236,0.0038259,38.5,46.559,6.1907e-05
39.609,0.0037045,38.889,46.753,5.7999e-05
39.898,0.0035839,39.196,46.907,5.4262e-05
40.102,0.0034665,39.419,47.019,5.0757e-05
40.228,0.0033421,39.567,47.093,4.7186e-05
40.251,0.0032265,39.612,47.116,4.3998e-05
40.181,0.0031216,39.563,47.092,4.1212e-05
40.029,0.0030286,39.432,47.027,3.8827e-05
39.807,0.0029464,39.229,46.925,3.6787e-05
39.527,0.0028775,38.967,46.794,3.513e-05
39.198,0.002822,38.652,46.636,3.3832e-05
38.818,0.0027796,38.286,46.453,3.2873e-05
38.332,0.0027478,37.813,46.217,3.2186e-05
37.779,0.0027325,37.27,45.945,3.1898e-05
37.163,0.0027339,36.662,45.641,3.201e-05
36.502,0.0027522,36.007,45.313,3.2531e-05
35.872,0.0027842,35.379,44.999,3.3383e-05
35.239,0.0028302,34.748,44.683,3.4596e-05
34.614,0.0028897,34.121,44.369,3.6176e-05
33.996,0.0029623,33.5,44.058,3.8135e-05
33.473,0.0030334,32.973,43.794,4.0101e-05
32.945,0.0031137,32.44,43.527,4.2375e-05
32.412,0.0032031,31.901,43.257,4.4985e-05
31.884,0.0033019,31.366,42.989,4.7958e-05
31.456,0.0033923,30.932,42.771,5.0758e-05
31.063,0.0034892,30.531,42.57,5.3837e-05
30.726,0.0035918,30.184,42.396,5.718e-05
30.468,0.0036992,29.915,42.26,6.0748e-05
30.312,0.0038094,29.746,42.176,6.4477e-05
30.279,0.0039199,29.698,42.151,6.8262e-05
30.383,0.0040277,29.783,42.194,7.1975e-05
30.627,0.0041291,30.008,42.306,7.5466e-05
31.046,0.0042272,30.404,42.504,7.8806e-05
31.609,0.0043088,30.943,42.774,8.1506e-05
32.288,0.0043701,31.598,43.102,8.3418e-05
33.051,0.0044083,32.339,43.473,8.4445e-05
33.821,0.0044222,33.09,43.849,8.4571e-05
34.602,0.0044142,33.855,44.232,8.3896e-05
35.368,0.0043857,34.609,44.61,8.2489e-05
36.097,0.0043385,35.331,44.971,8.0451e-05
36.894,0.0042623,36.124,45.369,7.7395e-05
37.609,0.0041684,36.842,45.728,7.3829e-05
38.239,0.0040613,37.478,46.047,6.9942e-05
38.783,0.0039452,38.033,46.324,6.5899e-05
39.236,0.0038258,38.5,46.559,6.1904e-05
39.609,0.0037045,38.889,46.753,5.7997e-05
39.898,0.0035839,39.196,46.907,5.426e-05
40.102,0.0034664,39.419,47.019,5.0755e-05
40.228,0.003342,39.567,47.094,4.7184e-05
40.251,0.0032265,39.613,47.116,4.3997e-05
40.181,0.0031216,39.563,47.092,4.121e-05
40.03,0.0030286,39.433,47.027,3.8826e-05
39.807,0.0029464,39.229,46.925,3.6786e-05
39.527,0.0028775,38.967,46.794,3.5129e-05
39.198,0.0028219,38.652,46.637,3.3831e-05
38.818,0.0027795,38.286,46.453,3.2871e-05
38.332,0.0027478,37.813,46.217,3.2185e-05
37.779,0.0027325,37.27,45.945,3.1897e-05
37.163,0.0027339,36.662,45.641,3.2009e-05
36.502,0.0027522,36.007,45.313,3.253e-05
35.872,0.0027841,35.38,44.999,3.3382e-05
35.239,0.0028301,34.748,44.683,3.4595e-05
34.614,0.0028897,34.121,44.369,3.6175e-05
33.996,0.0029622,33.5,44.058,3.8134e-05
33.473,0.0030334,32.973,43.794,4.01e-05
32.945,0.0031136,32.44,43.527,4.2374e-05
32.412,0.0032031,31.902,43.257,4.4984e-05
31.884,0.0033018,31.366,42.989,4.7957e-05
31.456,0.0033922,30.932,42.771,5.0757e-05
31.063,0.0034891,30.531,42.57,5.3835e-05
30.726,0.0035918,30.184,42.396,5.7178e-05
30.468,0.0036991,29.915,42.26,6.0747e-05
30.312,0.0038094,29.746,42.176,6.4476e-05
30.28,0.0039199,29.698,42.151,6.8261e-05
30.383,0.0040276,29.784,42.194,7.1974e-05
30.627,0.004129,30.008,42.306,7.5464e-05
31.046,0.0042272,30.404,42.504,7.8804e-05
31.609,0.0043088,30.943,42.774,8.1505e-05
32.288,0.00437,31.599,43.102,8.3416e-05
33.051,0.0044083,32.339,43.473,8.4443e-05
33.821,0.0044221,33.09,43.849,8.4569e-05
34.602,0.0044142,33.856,44.232,8.3894e-05
35.368,0.0043856,34.609,44.61,8.2487e-05
36.097,0.0043384,35.331,44.971,8.0449e-05
36.894,0.0042623,36.124,45.369,7.7393e-05
37.609,0.0041684,36.842,45.728,7.3827e-05
38.239,0.0040613,37.478,46.047,6.994e-05
38.783,0.0039451,38.033,46.324,6.5898e-05
39.237,0.0038258,38.5,46.559,6.1903e-05
39.609,0.0037044,38.889,46.753,5.7996e-05
39.898,0.0035838,39.196,46.907,5.4258e-05
40.103,0.0034664,39.419,47.019,5.0754e-05
40.228,0.003342,39.567,47.094,4.7183e-05
40.252,0.0032264,39.613,47.116,4.3996e-05
40.181,0.0031215,39.564,47.092,4.1209e-05
40.03,0.0030285,39.433,47.027,3.8825e-05
39.807,0.0029463,39.229,46.925,3.6785e-05
39.528,0.0028775,38.967,46.794,3.5128e-05
39.198,0.0028219,38.652,46.637,3.383e-05
38.818,0.0027795,38.286,46.453,3.2871e-05
38.333,0.0027477,37.813,46.217,3.2185e-05
37.779,0.0027324,37.27,45.945,3.1896e-05
37.163,0.0027338,36.662,45.641,3.2009e-05
36.502,0.0027521,36.007,45.313,3.2529e-05
35.872,0.0027841,35.38,44.999,3.3382e-05
35.24,0.0028301,34.748,44.683,3.4595e-05
34.614,0.0028896,34.121,44.369,3.6175e-05
33.996,0.0029622,33.5,44.058,3.8133e-05
33.473,0.0030334,32.973,43.794,4.01e-05
32.945,0.0031136,32.44,43.527,4.2374e-05
32.412,0.003203,31.902,43.257,4.4983e-05
31.884,0.0033018,31.366,42.989,4.7956e-05
31.456,0.0033922,30.932,42.771,5.0756e-05
31.063,0.0034891,30.531,42.57,5.3835e-05
30.726,0.0035918,30.184,42.396,5.7177e-05
30.468,0.0036991,29.915,42.261,6.0746e-05
30.312,0.0038093,29.746,42.176,6.4475e-05
30.28,0.0039198,29.698,42.151,6.826e-05
30.383,0.0040276,29.784,42.194,7.1973e-05
30.627,0.004129,30.008,42.306,7.5463e-05
31.046,0.0042271,30.404,42.504,7.8803e-05
31.609,0.0043087,30.943,42.774,8.1503e-05
32.288,0.00437,31.599,43.102,8.3414e-05
33.051,0.0044082,32.339,43.473,8.4442e-05
33.821,0.0044221,33.09,43.849,8.4568e-05
34.602,0.0044141,33.856,44.232,8.3893e-05
35.368,0.0043856,34.609,44.61,8.2486e-05
36.098,0.0043384,35.332,44.971,8.0447e-05
36.894,0.0042622,36.124,45.369,7.7392e-05
37.609,0.0041683,36.842,45.728,7.3826e-05
38.239,0.0040612,37.478,46.047,6.9939e-05
38.783,0.0039451,38.033,46.325,6.5897e-05
39.237,0.0038257,38.5,46.559,6.1902e-05
39.609,0.0037044,38.889,46.753,5.7995e-05
39.898,0.0035838,39.196,46.907,5.4257e-05
40.103,0.0034664,39.42,47.019,5.0753e-05
40.228,0.0033419,39.567,47.094,4.7182e-05
40.252,0.0032264,39.613,47.116,4.3995e-05
40.181,0.0031215,39.564,47.092,4.1209e-05
40.03,0.0030285,39.433,47.027,3.8824e-05
39.807,0.0029463,39.229,46.925,3.6784e-05
39.528,0.0028774,38.967,46.794,3.5127e-05
39.198,0.0028219,38.653,46.637,3.3829e-05
38.818,0.0027795,38.286,46.453,3.287e-05
38.333,0.0027477,37.813,46.217,3.2184e-05
37.779,0.0027324,37.27,45.945,3.1896e-05
37.163,0.0027338,36.662,45.641,3.2008e-05
36.503,0.0027521,36.007,45.313,3.2529e-05
35.872,0.0027841,35.38,44.999,3.3381e-05
35.24,0.0028301,34.748,44.683,3.4594e-05
34.614,0.0028896,34.122,44.369,3.6174e-05
33.996,0.0029622,33.5,44.058,3.8133e-05
33.473,0.0030334,32.973,43.794,4.0099e-05
32.945,0.0031136,32.44,43.527,4.2373e-05
32.412,0.003203,31.902,43.257,4.4982e-05
31.884,0.0033018,31.366,42.989,4.7956e-05
31.456,0.0033922,30.932,42.771,5.0756e-05
31.063,0.0034891,30.531,42.57,5.3834e-05
30.726,0.0035918,30.184,42.396,5.7177e-05
30.468,0.0036991,29.915,42.261,6.0746e-05
30.312,0.0038093,29.746,42.176,6.4474e-05
30.28,0.0039198,29.698,42.151,6.8259e-05
30.383,0.0040276,29.784,42.194,7.1972e-05
30.627,0.004129,30.008,42.306,7.5462e-05
31.046,0.0042271,30.404,42.504,7.8802e-05
31.609,0.0043087,30.943,42.774,8.1503e-05
32.289,0.00437,31.599,43.102,8.3414e-05
33.051,0.0044082,32.339,43.473,8.4441e-05
33.821,0.0044221,33.09,43.849,8.4567e-05
34.602,0.0044141,33.856,44.232,8.3892e-05
35.368,0.0043856,34.609,44.61,8.2485e-05
36.098,0.0043384,35.332,44.971,8.0447e-05
36.894,0.0042622,36.125,45.369,7.7391e-05
37.609,0.0041683,36.842,45.728,7.3826e-05
38.239,0.0040612,37.478,46.047,6.9939e-05
38.783,0.0039451,38.033,46.325,6.5896e-05
39.237,0.0038257,38.5,46.559,6.1901e-05
39.609,0.0037044,38.889,46.753,5.7994e-05
39.898,0.0035838,39.196,46.907,5.4257e-05
40.103,0.0034663,39.42,47.019,5.0752e-05
40.228,0.0033419,39.567,47.094,4.7182e-05
40.252,0.0032264,39.613,47.116,4.3994e-05
40.181,0.0031215,39.564,47.092,4.1208e-05
40.03,0.0030285,39.433,47.027,3.8824e-05
39.807,0.0029463,39.229,46.925,3.6784e-05
39.528,0.0028774,38.967,46.794,3.5127e-05
39.198,0.0028219,38.653,46.637,3.3829e-05
38.818,0.0027795,38.286,46.453,3.287e-05
38.333,0.0027477,37.813,46.217,3.2184e-05
37.779,0.0027324,37.27,45.945,3.1896e-05
37.163,0.0027338,36.662,45.641,3.2008e-05
36.503,0.0027521,36.007,45.313,3.2529e-05
35.872,0.0027841,35.38,44.999,3.3381e-05
35.24,0.0028301,34.748,44.683,3.4594e-05
34.614,0.0028896,34.122,44.369,3.6174e-05
33.996,0.0029622,33.5,44.058,3.8133e-05
33.473,0.0030333,32.973,43.794,4.0099e-05
32.945,0.0031136,32.44,43.527,4.2373e-05
32.412,0.003203,31.902,43.257,4.4982e-05
31.884,0.0033018,31.366,42.989,4.7955e-05
31.456,0.0033922,30.932,42.771,5.0755e-05
31.063,0.0034891,30.531,42.57,5.3834e-05
30.726,0.0035917,30.184,42.396,5.7176e-05
30.468,0.0036991,29.915,42.261,6.0745e-05
30.312,0.0038093,29.746,42.176,6.4474e-05
30.28,0.0039198,29.698,42.151,6.8259e-05
30.383,0.0040276,29.784,42.194,7.1971e-05
30.627,0.0041289,30.008,42.306,7.5462e-05
31.046,0.0042271,30.404,42.504,7.8802e-05
31.609,0.0043087,30.943,42.774,8.1502e-05
32.289,0.0043699,31.599,43.102,8.3413e-05
33.051,0.0044082,32.339,43.473,8.444e-05
33.821,0.0044221,33.09,43.849,8.4567e-05
34.602,0.0044141,33.856,44.232,8.3891e-05
35.368,0.0043855,34.609,44.61,8.2484e-05
36.098,0.0043383,35.332,44.971,8.0446e-05
36.894,0.0042622,36.125,45.369,7.7391e-05
37.609,0.0041683,36.842,45.728,7.3825e-05
38.239,0.0040612,37.478,46.047,6.9938e-05
38.783,0.0039451,38.033,46.325,6.5896e-05
39.237,0.0038257,38.5,46.559,6.1901e-05
39.609,0.0037044,38.889,46.753,5.7994e-05
39.898,0.0035838,39.196,46.907,5.4257e-05
40.103,0.0034663,39.42,47.019,5.0752e-05
40.228,0.0033419,39.567,47.094,4.7181e-05
40.252,0.0032264,39.613,47.116,4.3994e-05
40.181,0.0031215,39.564,47.092,4.1208e-05
40.03,0.0030285,39.433,47.027,3.8823e-05
39.807,0.0029463,39.229,46.925,3.6784e-05
39.528,0.0028774,38.967,46.794,3.5127e-05
39.198,0.0028219,38.653,46.637,3.3829e-05
38.818,0.0027795,38.286,46.453,3.287e-05
38.333,0.0027477,37.813,46.217,3.2184e-05
37.779,0.0027324,37.27,45.945,3.1896e-05
37.163,0.0027338,36.662,45.641,3.2008e-05
36.503,0.0027521,36.007,45.313,3.2528e-05
35.872,0.0027841,35.38,44.999,3.3381e-05
35.24,0.0028301,34.748,44.683,3.4594e-05
34.614,0.0028896,34.122,44.369,3.6174e-05
33.996,0.0029622,33.5,44.058,3.8133e-05
33.473,0.0030333,32.973,43.794,4.0099e-05
32.945,0.0031136,32.44,43.527,4.2373e-05
32.412,0.003203,31.902,43.257,4.4982e-05
31.884,0.0033018,31.366,42.989,4.7955e-05
31.456,0.0033922,30.932,42.771,5.0755e-05
31.063,0.0034891,30.531,42.57,5.3834e-05
30.726,0.0035917,30.184,42.396,5.7176e-05
30.468,0.0036991,29.915,42.261,6.0745e-05
30.312,0.0038093,29.746,42.176,6.4473e-05
30.28,0.0039198,29.698,42.151,6.8258e-05
30.383,0.0040275,29.784,42.194,7.1971e-05
30.627,0.0041289,30.008,42.306,7.5461e-05
31.046,0.0042271,30.404,42.504,7.8802e-05
31.609,0.0043087,30.943,42.774,8.1502e-05
32.289,0.0043699,31.599,43.102,8.3413e-05
33.051,0.0044082,32.339,43.473,8.444e-05
33.821,0.0044221,33.09,43.849,8.4566e-05
34.602,0.0044141,33.856,44.232,8.3891e-05
35.368,0.0043855,34.61,44.61,8.2484e-05
36.098,0.0043383,35.332,44.972,8.0446e-05
36.894,0.0042622,36.125,45.369,7.739e-05
37.609,0.0041683,36.842,45.728,7.3825e-05
38.239,0.0040612,37.478,46.047,6.9938e-05
38.783,0.0039451,38.033,46.325,6.5895e-05
39.237,0.0038257,38.5,46.559,6.1901e-05
39.609,0.0037044,38.889,46.753,5.7994e-05
39.898,0.0035838,39.196,46.907,5.4256e-05
40.103,0.0034663,39.42,47.019,5.0752e-05
40.228,0.0033419,39.567,47.094,4.7181e-05
40.252,0.0032264,39.613,47.116,4.3994e-05
40.181,0.0031215,39.564,47.092,4.1208e-05
40.03,0.0030285,39.433,47.027,3.8823e-05
39.807,0.0029463,39.229,46.925,3.6784e-05
39.528,0.0028774,38.967,46.794,3.5127e-05
39.198,0.0028218,38.653,46.637,3.3829e-05
38.818,0.0027795,38.286,46.453,3.287e-05
38.333,0.0027477,37.813,46.217,3.2184e-05
37.779,0.0027324,37.27,45.945,3.1896e-05
37.163,0.0027338,36.662,45.641,3.2008e-05
36.503,0.0027521,36.007,45.313,3.2528e-05
35.872,0.0027841,35.38,44.999,3.3381e-05
35.24,0.0028301,34.748,44.683,3.4594e-05
34.614,0.0028896,34.122,44.369,3.6174e-05
33.996,0.0029622,33.5,44.058,3.8132e-05
33.473,0.0030333,32.973,43.794,4.0099e-05
32.945,0.0031136,32.44,43.527,4.2372e-05
32.412,0.003203,31.902,43.257,4.4982e-05
31.884,0.0033018,31.367,42.989,4.7955e-05
31.456,0.0033922,30.932,42.771,5.0755e-05
31.063,0.003489,30.531,42.57,5.3833e-05
30.726,0.0035917,30.184,42.396,5.7176e-05
30.468,0.0036991,29.915,42.261,6.0745e-05
30.312,0.0038093,29.746,42.176,6.4473e-05
30.28,0.0039198,29.698,42.151,6.8258e-05
30.383,0.0040275,29.784,42.194,7.1971e-05
30.627,0.0041289,30.008,42.306,7.5461e-05
31.046,0.0042271,30.404,42.504,7.8801e-05
31.609,0.0043087,30.943,42.774,8.1502e-05
32.289,0.0043699,31.599,43.102,8.3413e-05
33.051,0.0044082,32.339,43.473,8.444e-05
33.821,0.0044221,33.09,43.849,8.4566e-05
34.602,0.0044141,33.856,44.232,8.3891e-05
35.368,0.0043855,34.61,44.61,8.2484e-05
36.098,0.0043383,35.332,44.972,8.0446e-05
36.894,0.0042622,36.125,45.369,7.739e-05
37.609,0.0041683,36.842,45.728,7.3825e-05
38.239,0.0040612,37.478,46.047,6.9938e-05
38.783,0.0039451,38.033,46.325,6.5895e-05
39.237,0.0038257,38.5,46.559,6.1901e-05
39.609,0.0037043,38.889,46.753,5.7993e-05
39.898,0.0035838,39.196,46.907,5.4256e-05
40.103,0.0034663,39.42,47.019,5.0752e-05
40.228,0.0033419,39.568,47.094,4.7181e-05
40.252,0.0032264,39.613,47.116,4.3994e-05
40.181,0.0031215,39.564,47.092,4.1208e-05
40.03,0.0030285,39.433,47.027,3.8823e-05
39.807,0.0029463,39.229,46.925,3.6783e-05
39.528,0.0028774,38.967,46.794,3.5127e-05
39.198,0.0028218,38.653,46.637,3.3829e-05
38.818,0.0027795,38.286,46.453,3.287e-05
38.333,0.0027477,37.813,46.217,3.2184e-05
37.779,0.0027324,37.27,45.945,3.1895e-05
37.163,0.0027338,36.662,45.641,3.2008e-05
36.503,0.0027521,36.007,45.313,3.2528e-05
35.872,0.0027841,35.38,44.999,3.3381e-05
35.24,0.0028301,34.748,44.683,3.4594e-05
34.614,0.0028896,34.122,44.369,3.6174e-05
33.996,0.0029622,33.5,44.058,3.8132e-05
33.473,0.0030333,32.973,43.794,4.0098e-05
32.945,0.0031136,32.44,43.527,4.2372e-05
32.412,0.003203,31.902,43.257,4.4982e-05
31.884,0.0033018,31.367,42.989,4.7955e-05
31.456,0.0033922,30.932,42.771,5.0755e-05
31.063,0.003489,30.531,42.57,5.3833e-05
30.726,0.0035917,30.184,42.396,5.7176e-05
30.468,0.0036991,29.915,42.261,6.0745e-05
30.312,0.0038093,29.746,42.176,6.4473e-05
30.28,0.0039198,29.698,42.151,6.8258e-05
30.383,0.0040275,29.784,42.194,7.1971e-05
30.627,0.0041289,30.008,42.306,7.5461e-05
31.046,0.0042271,30.404,42.504,7.8801e-05
31.609,0.0043087,30.943,42.774,8.1501e-05
32.289,0.0043699,31.599,43.102,8.3413e-05
33.051,0.0044082,32.339,43.473,8.444e-05
33.821,0.0044221,33.09,43.849,8.4566e-05
34.602,0.0044141,33.856,44.232,8.3891e-05
35.368,0.0043855,34.61,44.61,8.2484e-05
36.098,0.0043383,35.332,44.972,8.0446e-05
36.894,0.0042622,36.125,45.369,7.739e-05
37.609,0.0041683,36.842,45.728,7.3824e-05
38.239,0.0040612,37.478,46.047,6.9938e-05
38.783,0.0039451,38.033,46.325,6.5895e-05
39.237,0.0038257,38.5,46.559,6.19e-05
39.609,0.0037043,38.889,46.753,5.7993e-05
39.898,0.0035837,39.196,46.907,5.4256e-05
40.103,0.0034663,39.42,47.019,5.0752e-05
40.228,0.0033419,39.568,47.094,4.7181e-05
40.252,0.0032264,39.613,47.116,4.3994e-05
40.181,0.0031215,39.564,47.092,4.1208e-05
40.03,0.0030285,39.433,47.027,3.8823e-05
39.807,0.0029463,39.229,46.925,3.6783e-05
39.528,0.0028774,38.967,46.794,3.5127e-05
39.198,0.0028218,38.653,46.637,3.3829e-05
38.818,0.0027795,38.286,46.453,3.287e-05
38.333,0.0027477,37.813,46.217,3.2184e-05
37.779,0.0027324,37.27,45.945,3.1895e-05
37.163,0.0027338,36.662,45.641,3.2008e-05
36.503,0.0027521,36.007,45.313,3.2528e-05
35.872,0.0027841,35.38,44.999,3.3381e-05
35.24,0.0028301,34.748,44.683,3.4594e-05
34.614,0.0028896,34.122,44.369,3.6174e-05
33.996,0.0029622,33.5,44.058,3.8132e-05
33.473,0.0030333,32.973,43.794,4.0098e-05
32.945,0.0031136,32.44,43.527,4.2372e-05
32.412,0.003203,31.902,43.257,4.4982e-05
31.884,0.0033018,31.367,42.989,4.7955e-05
31.456,0.0033922,30.932,42.771,5.0755e-05
31.063,0.003489,30.531,42.57,5.3833e-05
30.726,0.0035917,30.184,42.396,5.7176e-05
30.468,0.0036991,29.915,42.261,6.0745e-05
30.312,0.0038093,29.746,42.176,6.4473e-05
30.28,0.0039198,29.698,42.151,6.8258e-05
30.383,0.0040275,29.784,42.194,7.1971e-05
30.627,0.0041289,30.008,42.306,7.5461e-05
31.046,0.0042271,30.404,42.504,7.8801e-05
31.609,0.0043087,30.943,42.774,8.1501e-05
32.289,0.0043699,31.599,43.102,8.3412e-05
33.051,0.0044082,32.339,43.473,8.444e-05
33.821,0.0044221,33.09,43.849,8.4566e-05
34.602,0.0044141,33.856,44.232,8.3891e-05
35.368,0.0043855,34.61,44.61,8.2484e-05
36.098,0.0043383,35.332,44.972,8.0446e-05
36.894,0.0042622,36.125,45.369,7.739e-05
37.609,0.0041683,36.842,45.728,7.3824e-05
38.239,0.0040612,37.478,46.047,6.9937e-05
38.783,0.0039451,38.033,46.325,6.5895e-05
39.237,0.0038257,38.5,46.559,6.19e-05
39.609,0.0037043,38.889,46.754,5.7993e-05
39.898,0.0035837,39.196,46.907,5.4256e-05
40.103,0.0034663,39.42,47.019,5.0752e-05
40.228,0.0033419,39.568,47.094,4.7181e-05
40.252,0.0032264,39.613,47.116,4.3994e-05
40.181,0.0031215,39.564,47.092,4.1208e-05
40.03,0.0030285,39.433,47.027,3.8823e-05
39.807,0.0029463,39.229,46.925,3.6783e-05
39.528,0.0028774,38.967,46.794,3.5127e-05
39.198,0.0028218,38.653,46.637,3.3829e-05
38.818,0.0027795,38.286,46.453,3.287e-05
38.333,0.0027477,37.813,46.217,3.2184e-05
37.779,0.0027324,37.27,45.945,3.1895e-05
37.163,0.0027338,36.662,45.641,3.2008e-05
36.503,0.0027521,36.007,45.313,3.2528e-05
35.872,0.0027841,35.38,44.999,3.3381e-05
35.24,0.0028301,34.748,44.683,3.4594e-05
34.614,0.0028896,34.122,44.369,3.6174e-05
33.996,0.0029622,33.5,44.058,3.8132e-05
33.473,0.0030333,32.973,43.794,4.0098e-05
32.945,0.0031136,32.44,43.527,4.2372e-05
32.412,0.003203,31.902,43.257,4.4982e-05
31.884,0.0033018,31.367,42.989,4.7955e-05
31.456,0.0033922,30.932,42.771,5.0755e-05
31.063,0.003489,30.531,42.57,5.3833e-05
30.726,0.0035917,30.184,42.396,5.7176e-05
30.468,0.0036991,29.915,42.261,6.0745e-05
30.312,0.0038093,29.746,42.176,6.4473e-05
30.28,0.0039198,29.698,42.151,6.8258e-05
30.383,0.0040275,29.784,42.194,7.1971e-05
30.627,0.0041289,30.008,42.306,7.5461e-05
31.046,0.0042271,30.404,42.504,7.8801e-05
31.609,0.0043087,30.943,42.774,8.1501e-05
32.289,0.0043699,31.599,43.102,8.3412e-05
33.051,0.0044082,32.339,43.473,8.444e-05
33.821,0.0044221,33.09,43.849,8.4566e-05
34.602,0.0044141,33.856,44.232,8.3891e-05
35.368,0.0043855,34.61,44.61,8.2484e-05
36.098,0.0043383,35.332,44.972,8.0445e-05
36.894,0.0042622,36.125,45.369,7.739e-05
37.609,0.0041683,36.842,45.728,7.3824e-05
38.239,0.0040612,37.478,46.047,6.9937e-05
38.783,0.0039451,38.033,46.325,6.5895e-05
39.237,0.0038257,38.5,46.559,6.19e-05
39.609,0.0037043,38.889,46.754,5.7993e-05
39.898,0.0035837,39.196,46.907,5.4256e-05
40.103,0.0034663,39.42,47.019,5.0752e-05
40.228,0.0033419,39.568,47.094,4.7181e-05
40.252,0.0032264,39.613,47.116,4.3994e-05
40.181,0.0031215,39.564,47.092,4.1208e-05
40.03,0.0030285,39.433,47.027,3.8823e-05
39.807,0.0029463,39.229,46.925,3.6783e-05
39.528,0.0028774,38.967,46.794,3.5126e-05
39.198,0.0028218,38.653,46.637,3.3829e-05
38.818,0.0027795,38.286,46.453,3.287e-05
38.333,0.0027477,37.813,46.217,3.2184e-05
37.779,0.0027324,37.27,45.945,3.1895e-05
37.163,0.0027338,36.662,45.641,3.2008e-05
36.503,0.0027521,36.007,45.313,3.2528e-05
35.872,0.0027841,35.38,44.999,3.3381e-05
35.24,0.0028301,34.748,44.683,3.4594e-05
34.614,0.0028896,34.122,44.369,3.6174e-05
33.996,0.0029622,33.5,44.058,3.8132e-05
33.473,0.0030333,32.973,43.794,4.0098e-05
32.945,0.0031136,32.44,43.527,4.2372e-05
32.412,0.003203,31.902,43.257,4.4982e-05
31.884,0.0033018,31.367,42.989,4.7955e-05
31.456,0.0033922,30.932,42.771,5.0755e-05
31.063,0.003489,30.531,42.57,5.3833e-05
30.726,0.0035917,30.184,42.396,5.7176e-05
30.468,0.0036991,29.915,42.261,6.0745e-05
30.312,0.0038093,29.746,42.176,6.4473e-05
30.28,0.0039198,29.698,42.151,6.8258e-05
30.383,0.0040275,29.784,42.194,7.1971e-05
30.627,0.0041289,30.008,42.306,7.5461e-05
31.046,0.0042271,30.404,42.504,7.8801e-05
31.609,0.0043087,30.943,42.774,8.1501e-05
32.289,0.0043699,31.599,43.102,8.3412e-05
33.051,0.0044082,32.339,43.473,8.444e-05
33.821,0.004422,33.09,43.849,8.4566e-05
34.602,0.0044141,33.856,44.232,8.3891e-05
35.368,0.0043855,34.61,44.61,8.2484e-05
36.098,0.0043383,35.332,44.972,8.0445e-05
36.894,0.0042622,36.125,45.369,7.739e-05
37.609,0.0041683,36.842,45.728,7.3824e-05
38.239,0.0040612,37.478,46.047,6.9937e-05
38.783,0.0039451,38.033,46.325,6.5895e-05
39.237,0.0038257,38.5,46.559,6.19e-05
39.609,0.0037043,38.889,46.754,5.7993e-05
39.898,0.0035837,39.196,46.907,5.4256e-05
40.103,0.0034663,39.42,47.019,5.0752e-05
40.229,0.0033419,39.568,47.094,4.7181e-05
40.252,0.0032264,39.613,47.116,4.3994e-05
40.181,0.0031215,39.564,47.092,4.1208e-05
40.03,0.0030285,39.433,47.027,3.8823e-05
39.807,0.0029463,39.229,46.925,3.6783e-05
39.528,0.0028774,38.967,46.794,3.5126e-05
39.198,0.0028218,38.653,46.637,3.3829e-05
38.818,0.0027795,38.286,46.453,3.287e-05
38.333,0.0027477,37.813,46.217,3.2184e-05
37.779,0.0027324,37.27,45.945,3.1895e-05
37.163,0.0027338,36.662,45.641,3.2008e-05
36.503,0.0027521,36.007,45.313,3.2528e-05
35.872,0.0027841,35.38,44.999,3.3381e-05
35.24,0.0028301,34.748,44.683,3.4594e-05
34.614,0.0028896,34.122,44.369,3.6174e-05
33.996,0.0029622,33.5,44.058,3.8132e-05
33.473,0.0030333,32.973,43.794,4.0098e-05
32.945,0.0031136,32.44,43.527,4.2372e-05
32.412,0.003203,31.902,43.257,4.4982e-05
31.884,0.0033018,31.367,42.989,4.7955e-05
31.456,0.0033922,30.932,42.771,5.0755e-05
31.063,0.003489,30.531,42.57,5.3833e-05
30.726,0.0035917,30.184,42.396,5.7176e-05
30.468,0.0036991,29.915,42.261,6.0745e-05
30.312,0.0038093,29.746,42.176,6.4473e-05
30.28,0.0039198,29.698,42.151,6.8258e-05
30.383,0.0040275,29.784,42.194,7.1971e-05
30.627,0.0041289,30.008,42.306,7.5461e-05
31.046,0.0042271,30.404,42.504,7.8801e-05
31.609,0.0043087,30.943,42.774,8.1501e-05
32.289,0.0043699,31.599,43.102,8.3412e-05
33.051,0.0044082,32.339,43.473,8.444e-05
33.821,0.004422,33.09,43.849,8.4566e-05
34.602,0.0044141,33.856,44.232,8.3891e-05
35.368,0.0043855,34.61,44.61,8.2484e-05
36.098,0.0043383,35.332,44.972,8.0445e-05
36.894,0.0042622,36.125,45.369,7.739e-05
37.609,0.0041683,36.842,45.728,7.3824e-05
38.239,0.0040612,37.478,46.047,6.9937e-05
38.783,0.0039451,38.033,46.325,6.5895e-05
39.237,0.0038257,38.501,46.559,6.19e-05
39.609,0.0037043,38.889,46.754,5.7993e-05
39.898,0.0035837,39.196,46.907,5.4256e-05
40.103,0.0034663,39.42,47.019,5.0752e-05
40.229,0.0033419,39.568,47.094,4.7181e-05
40.252,0.0032264,39.613,47.116,4.3994e-05
40.181,0.0031215,39.564,47.092,4.1208e-05
40.03,0.0030285,39.433,47.027,3.8823e-05
39.807,0.0029463,39.229,46.925,3.6783e-05
39.528,0.0028774,38.967,46.794,3.5126e-05
39.198,0.0028218,38.653,46.637,3.3829e-05
38.818,0.0027795,38.286,46.453,3.287e-05
38.333,0.0027477,37.813,46.217,3.2184e-05
37.779,0.0027324,37.27,45.945,3.1895e-05
37.163,0.0027338,36.662,45.641,3.2008e-05
36.503,0.0027521,36.007,45.313,3.2528e-05
35.872,0.0027841,35.38,44.999,3.3381e-05
35.24,0.0028301,34.748,44.683,3.4594e-05
34.614,0.0028896,34.122,44.369,3.6174e-05
33.996,0.0029622,33.5,44.058,3.8132e-05
33.473,0.0030333,32.973,43.794,4.0098e-05
32.945,0.0031136,32.44,43.527,4.2372e-05
32.412,0.003203,31.902,43.257,4.4982e-05
31.884,0.0033018,31.367,42.989,4.7955e-05
31.456,0.0033922,30.932,42.771,5.0755e-05
31.063,0.003489,30.531,42.57,5.3833e-05
30.726,0.0035917,30.184,42.396,5.7176e-05
30.468,0.0036991,29.915,42.261,6.0745e-05
30.312,0.0038093,29.746,42.176,6.4473e-05
30.28,0.0039198,29.698,42.151,6.8258e-05
30.383,0.0040275,29.784,42.194,7.1971e-05
30.627,0.0041289,30.008,42.306,7.5461e-05
31.046,0.0042271,30.404,42.504,7.8801e-05
31.609,0.0043087,30.943,42.774,8.1501e-05
32.289,0.0043699,31.599,43.102,8.3412e-05
33.051,0.0044082,32.339,43.473,8.444e-05
33.821,0.004422,33.09,43.849,8.4566e-05
34.602,0.0044141,33.856,44.232,8.3891e-05
35.368,0.0043855,34.61,44.61,8.2484e-05
36.098,0.0043383,35.332,44.972,8.0445e-05
36.894,0.0042622,36.125,45.369,7.739e-05
37.609,0.0041683,36.842,45.728,7.3824e-05
38.239,0.0040612,37.478,46.047,6.9937e-05
38.783,0.0039451,38.033,46.325,6.5895e-05
39.237,0.0038257,38.501,46.559,6.19e-05
39.609,0.0037043,38.889,46.754,5.7993e-05
39.898,0.0035837,39.196,46.907,5.4256e-05
40.103,0.0034663,39.42,47.019,5.0752e-05
40.229,0.0033419,39.568,47.094,4.7181e-05
40.252,0.0032264,39.613,47.116,4.3994e-05
40.181,0.0031215,39.564,47.092,4.1208e-05
40.03,0.0030285,39.433,47.027,3.8823e-05
39.807,0.0029463,39.229,46.925,3.6783e-05
39.528,0.0028774,38.967,46.794,3.5126e-05
39.198,0.0028218,38.653,46.637,3.3829e-05
38.818,0.0027795,38.286,46.453,3.287e-05
38.333,0.0027477,37.813,46.217,3.2184e-05
37.779,0.0027324,37.27,45.945,3.1895e-05
37.163,0.0027338,36.662,45.641,3.2008e-05
36.503,0.0027521,36.007,45.313,3.2528e-05
35.872,0.0027841,35.38,44.999,3.3381e-05
35.24,0.0028301,34.748,44.683,3.4594e-05
34.614,0.0028896,34.122,44.369,3.6174e-05
33.996,0.0029622,33.5,44.058,3.8132e-05
33.473,0.0030333,32.973,43.794,4.0098e-05
32.945,0.0031136,32.44,43.527,4.2372e-05
32.412,0.003203,31.902,43.257,4.4982e-05
31.884,0.0033018,31.367,42.989,4.7955e-05
31.456,0.0033922,30.932,42.771,5.0755e-05
31.063,0.003489,30.531,42.57,5.3833e-05
30.726,0.0035917,30.184,42.396,5.7176e-05
30.468,0.0036991,29.915,42.261,6.0745e-05
30.312,0.0038093,29.746,42.176,6.4473e-05
30.28,0.0039198,29.698,42.151,6.8258e-05
30.383,0.0040275,29.784,42.194,7.1971e-05
30.627,0.0041289,30.008,42.306,7.5461e-05
31.046,0.0042271,30.404,42.504,7.8801e-05
31.609,0.0043087,30.943,42.774,8.1501e-05
32.289,0.0043699,31.599,43.102,8.3412e-05
33.051,0.0044082,32.339,43.473,8.444e-05
33.821,0.004422,33.09,43.849,8.4566e-05
34.602,0.0044141,33.856,44.232,8.3891e-05
35.368,0.0043855,34.61,44.61,8.2484e-05
36.098,0.0043383,35.332,44.972,8.0445e-05
36.894,0.0042622,36.125,45.369,7.739e-05
37.609,0.0041683,36.842,45.728,7.3824e-05
38.239,0.0040612,37.478,46.047,6.9937e-05
38.783,0.0039451,38.033,46.325,6.5895e-05
39.237,0.0038257,38.501,46.559,6.19e-05
39.609,0.0037043,38.889,46.754,5.7993e-05
39.898,0.0035837,39.196,46.907,5.4256e-05
40.103,0.0034663,39.42,47.019,5.0752e-05
40.229,0.0033419,39.568,47.094,4.7181e-05
40.252,0.0032264,39.613,47.116,4.3994e-05
40.181,0.0031215,39.564,47.092,4.1208e-05
40.03,0.0030285,39.433,47.027,3.8823e-05
39.807,0.0029463,39.229,46.925,3.6783e-05
39.528,0.0028774,38.967,46.794,3.5126e-05
39.198,0.0028218,38.653,46.637,3.3828e-05
38.818,0.0027795,38.286,46.453,3.287e-05
38.333,0.0027477,37.813,46.217,3.2184e-05
37.779,0.0027324,37.27,45.945,3.1895e-05
37.163,0.0027338,36.662,45.641,3.2008e-05
36.503,0.0027521,36.007,45.313,3.2528e-05
35.872,0.0027841,35.38,44.999,3.3381e-05
35.24,0.0028301,34.748,44.683,3.4594e-05
34.614,0.0028896,34.122,44.369,3.6174e-05
33.996,0.0029622,33.5,44.058,3.8132e-05
33.473,0.0030333,32.973,43.794,4.0098e-05
32.945,0.0031136,32.44,43.527,4.2372e-05
32.412,0.003203,31.902,43.257,4.4982e-05
31.884,0.0033018,31.367,42.989,4.7955e-05
31.457,0.0033922,30.932,42.771,5.0755e-05
31.063,0.003489,30.531,42.57,5.3833e-05
30.726,0.0035917,30.184,42.396,5.7176e-05
30.468,0.0036991,29.915,42.261,6.0745e-05
30.312,0.0038093,29.746,42.176,6.4473e-05
30.28,0.0039198,29.698,42.151,6.8258e-05
30.383,0.0040275,29.784,42.194,7.1971e-05
30.627,0.0041289,30.008,42.306,7.5461e-05
31.046,0.0042271,30.404,42.504,7.8801e-05
31.609,0.0043087,30.943,42.774,8.1501e-05
32.289,0.0043699,31.599,43.102,8.3412e-05
33.051,0.0044082,32.339,43.473,8.444e-05
33.821,0.004422,33.09,43.849,8.4566e-05
34.602,0.0044141,33.856,44.232,8.3891e-05
35.368,0.0043855,34.61,44.61,8.2484e-05
36.098,0.0043383,35.332,44.972,8.0445e-05
36.894,0.0042622,36.125,45.369,7.739e-05
37.609,0.0041683,36.842,45.728,7.3824e-05
38.239,0.0040612,37.478,46.047,6.9937e-05
38.783,0.0039451,38.033,46.325,6.5895e-05
39.237,0.0038257,38.501,46.559,6.19e-05
39.609,0.0037043,38.889,46.754,5.7993e-05
39.898,0.0035837,39.196,46.907,5.4256e-05
40.103,0.0034663,39.42,47.019,5.0752e-05
40.229,0.0033419,39.568,47.094,4.7181e-05
40.252,0.0032264,39.613,47.116,4.3994e-05
40.181,0.0031215,39.564,47.092,4.1208e-05
40.03,0.0030285,39.433,47.027,3.8823e-05
39.807,0.0029463,39.229,46.925,3.6783e-05
39.528,0.0028774,38.967,46.794,3.5126e-05
39.198,0.0028218,38.653,46.637,3.3828e-05
38.818,0.0027795,38.286,46.453,3.287e-05
38.333,0.0027477,37.813,46.217,3.2184e-05
37.779,0.0027324,37.27,45.945,3.1895e-05
37.163,0.0027338,36.662,45.641,3.2008e-05
36.503,0.0027521,36.007,45.313,3.2528e-05
35.872,0.0027841,35.38,44.999,3.3381e-05
35.24,0.0028301,34.748,44.683,3.4594e-05
34.614,0.0028896,34.122,44.369,3.6174e-05
33.996,0.0029622,33.5,44.058,3.8132e-05
33.473,0.0030333,32.973,43.794,4.0098e-05
32.945,0.0031136,32.44,43.527,4.2372e-05
32.412,0.003203,31.902,43.257,4.4982e-05
31.884,0.0033018,31.367,42.989,4.7955e-05
31.457,0.0033922,30.932,42.771,5.0755e-05
31.063,0.003489,30.531,42.57,5.3833e-05
30.726,0.0035917,30.184,42.396,5.7176e-05
30.468,0.0036991,29.915,42.261,6.0745e-05
30.312,0.0038093,29.746,42.176,6.4473e-05
30.28,0.0039198,29.698,42.151,6.8258e-05
30.383,0.0040275,29.784,42.194,7.1971e-05
30.627,0.0041289,30.008,42.306,7.5461e-05
31.046,0.0042271,30.404,42.504,7.8801e-05
31.609,0.0043087,30.943,42.774,8.1501e-05
32.289,0.0043699,31.599,43.102,8.3412e-05
33.051,0.0044082,32.339,43.473,8.444e-05
33.821,0.004422,33.09,43.849,8.4566e-05
34.602,0.0044141,33.856,44.232,8.3891e-05
35.368,0.0043855,34.61,44.61,8.2484e-05
36.098,0.0043383,35.332,44.972,8.0445e-05
36.894,0.0042622,36.125,45.369,7.739e-05
37.609,0.0041683,36.842,45.728,7.3824e-05
38.239,0.0040612,37.478,46.047,6.9937e-05
38.783,0.0039451,38.033,46.325,6.5895e-05
39.237,0.0038257,38.501,46.559,6.19e-05
39.609,0.0037043,38.889,46.754,5.7993e-05
39.898,0.0035837,39.196,46.907,5.4256e-05
40.103,0.0034663,39.42,47.019,5.0752e-05
40.229,0.0033419,39.568,47.094,4.7181e-05
40.252,0.0032264,39.613,47.116,4.3994e-05
40.181,0.0031215,39.564,47.092,4.1208e-05
40.03,0.0030285,39.433,47.027,3.8823e-05
39.807,0.0029463,39.229,46.925,3.6783e-05
39.528,0.0028774,38.967,46.794,3.5126e-05
39.198,0.0028218,38.653,46.637,3.3828e-05
38.818,0.0027795,38.286,46.453,3.287e-05
38.333,0.0027477,37.813,46.217,3.2184e-05
37.779,0.0027324,37.27,45.945,3.1895e-05
37.163,0.0027338,36.662,45.641,3.2008e-05
36.503,0.0027521,36.007,45.313,3.2528e-05
35.872,0.0027841,35.38,44.999,3.3381e-05
35.24,0.0028301,34.748,44.683,3.4594e-05
34.614,0.0028896,34.122,44.369,3.6174e-05
33.996,0.0029622,33.5,44.058,3.8132e-05
33.473,0.0030333,32.973,43.794,4.0098e-05
32.945,0.0031136,32.44,43.527,4.2372e-05
32.412,0.003203,31.902,43.257,4.4982e-05
31.884,0.0033018,31.367,42.989,4.7955e-05
31.457,0.0033922,30.932,42.771,5.0755e-05
31.063,0.003489,30.531,42.57,5.3833e-05
30.726,0.0035917,30.184,42.396,5.7176e-05
30.468,0.0036991,29.915,42.261,6.0745e-05
30.312,0.0038093,29.746,42.176,6.4473e-05
30.28,0.0039198,29.698,42.151,6.8258e-05
30.383,0.0040275,29.784,42.194,7.1971e-05
30.627,0.0041289,30.008,42.306,7.5461e-05
31.046,0.0042271,30.404,42.504,7.8801e-05
31.609,0.0043087,30.943,42.774,8.1501e-05
32.289,0.0043699,31.599,43.102,8.3412e-05
33.051,0.0044082,32.339,43.473,8.444e-05
33.821,0.004422,33.09,43.849,8.4566e-05
34.602,0.0044141,33.856,44.232,8.3891e-05
35.368,0.0043855,34.61,44.61,8.2484e-05
36.098,0.0043383,35.332,44.972,8.0445e-05
36.894,0.0042622,36.125,45.369,7.739e-05
37.609,0.0041683,36.842,45.728,7.3824e-05
38.239,0.0040612,37.478,46.047,6.9937e-05
38.783,0.0039451,38.033,46.325,6.5895e-05
39.237,0.0038257,38.501,46.559,6.19e-05
39.609,0.0037043,38.889,46.754,5.7993e-05
39.898,0.0035837,39.196,46.907,5.4256e-05
40.103,0.0034663,39.42,47.019,5.0752e-05
40.229,0.0033419,39.568,47.094,4.7181e-05
40.252,0.0032264,39.613,47.116,4.3994e-05
40.181,0.0031215,39.564,47.092,4.1208e-05
40.03,0.0030285,39.433,47.027,3.8823e-05
39.807,0.0029463,39.229,46.925,3.6783e-05
39.528,0.0028774,38.967,46.794,3.5126e-05
39.198,0.0028218,38.653,46.637,3.3828e-05
38.818,0.0027795,38.286,46.453,3.287e-05
38.333,0.0027477,37.813,46.217,3.2184e-05
37.779,0.0027324,37.27,45.945,3.1895e-05
37.163,0.0027338,36.662,45.641,3.2008e-05
36.503,0.0027521,36.007,45.313,3.2528e-05
35.872,0.0027841,35.38,44.999,3.3381e-05
35.24,0.0028301,34.748,44.683,3.4594e-05
34.614,0.0028896,34.122,44.369,3.6174e-05
33.996,0.0029622,33.5,44.058,3.8132e-05
33.473,0.0030333,32.973,43.794,4.0098e-05
32.945,0.0031136,32.44,43.527,4.2372e-05
32.412,0.003203,31.902,43.257,4.4982e-05
31.884,0.0033018,31.367,42.989,4.7955e-05
31.457,0.0033922,30.932,42.771,5.0755e-05
31.063,0.003489,30.531,42.57,5.3833e-05
30.726,0.0035917,30.184,42.396,5.7176e-05
30.468,0.0036991,29.915,42.261,6.0745e-05
30.312,0.0038093,29.746,42.176,6.4473e-05
30.28,0.0039198,29.698,42.151,6.8258e-05
30.383,0.0040275,29.784,42.194,7.1971e-05
30.627,0.0041289,30.008,42.306,7.5461e-05
31.046,0.0042271,30.404,42.504,7.8801e-05
31.609,0.0043087,30.943,42.774,8.1501e-05
32.289,0.0043699,31.599,43.102,8.3412e-05
33.051,0.0044082,32.339,43.473,8.444e-05
33.821,0.004422,33.09,43.849,8.4566e-05
34.602,0.0044141,33.856,44.232,8.3891e-05
35.368,0.0043855,34.61,44.61,8.2484e-05
36.098,0.0043383,35.332,44.972,8.0445e-05
36.894,0.0042622,36.125,45.369,7.739e-05
37.609,0.0041683,36.842,45.728,7.3824e-05
38.239,0.0040612,37.478,46.047,6.9937e-05
38.783,0.0039451,38.033,46.325,6.5895e-05
39.237,0.0038257,38.501,46.559,6.19e-05
39.609,0.0037043,38.889,46.754,5.7993e-05
39.898,0.0035837,39.196,46.907,5.4256e-05
40.103,0.0034663,39.42,47.019,5.0752e-05
40.229,0.0033419,39.568,47.094,4.7181e-05
40.252,0.0032264,39.613,47.116,4.3994e-05
40.181,0.0031215,39.564,47.092,4.1208e-05
40.03,0.0030285,39.433,47.027,3.8823e-05
39.807,0.0029463,39.229,46.925,3.6783e-05
39.528,0.0028774,38.967,46.794,3.5126e-05
39.198,0.0028218,38.653,46.637,3.3828e-05
38.818,0.0027795,38.286,46.453,3.287e-05
38.333,0.0027477,37.813,46.217,3.2184e-05
37.779,0.0027324,37.27,45.945,3.1895e-05
37.163,0.0027338,36.662,45.641,3.2008e-05
36.503,0.0027521,36.007,45.313,3.2528e-05
35.872,0.0027841,35.38,44.999,3.3381e-05
35.24,0.0028301,34.748,44.683,3.4594e-05
34.614,0.0028896,34.122,44.369,3.6174e-05
33.996,0.0029622,33.5,44.058,3.8132e-05
33.473,0.0030333,32.973,43.794,4.0098e-05
32.945,0.0031136,32.44,43.527,4.2372e-05
32.412,0.003203,31.902,43.257,4.4982e-05
31.884,0.0033018,31.367,42.989,4.7955e-05
31.457,0.0033922,30.932,42.771,5.0755e-05
31.063,0.003489,30.531,42.57,5.3833e-05
30.726,0.0035917,30.184,42.396,5.7176e-05
30.468,0.0036991,29.915,42.261,6.0745e-05
30.312,0.0038093,29.746,42.176,6.4473e-05
30.28,0.0039198,29.698,42.151,6.8258e-05
30.383,0.0040275,29.784,42.194,7.1971e-05
30.627,0.0041289,30.008,42.306,7.5461e-05
31.046,0.0042271,30.404,42.504,7.8801e-05
31.609,0.0043087,30.943,42.774,8.1501e-05
32.289,0.0043699,31.599,43.102,8.3412e-05
33.051,0.0044082,32.339,43.473,8.444e-05
33.821,0.004422,33.09,43.849,8.4566e-05
34.602,0.0044141,33.856,44.232,8.389e-05
35.368,0.0043855,34.61,44.61,8.2484e-05
36.098,0.0043383,35.332,44.972,8.0445e-05
36.894,0.0042622,36.125,45.369,7.739e-05
37.609,0.0041683,36.842,45.728,7.3824e-05
38.239,0.0040612,37.478,46.047,6.9937e-05
38.783,0.0039451,38.033,46.325,6.5895e-05
39.237,0.0038257,38.501,46.559,6.19e-05
39.609,0.0037043,38.889,46.754,5.7993e-05
39.898,0.0035837,39.196,46.907,5.4256e-05
40.103,0.0034663,39.42,47.019,5.0752e-05
40.229,0.0033419,39.568,47.094,4.7181e-05
40.252,0.0032264,39.613,47.116,4.3994e-05
40.181,0.0031215,39.564,47.092,4.1208e-05
40.03,0.0030285,39.433,47.027,3.8823e-05
39.807,0.0029463,39.229,46.925,3.6783e-05
39.528,0.0028774,38.967,46.794,3.5126e-05
39.198,0.0028218,38.653,46.637,3.3828e-05
38.818,0.0027795,38.286,46.453,3.287e-05
38.333,0.0027477,37.813,46.217,3.2184e-05
37.779,0.0027324,37.27,45.945,3.1895e-05
37.163,0.0027338,36.662,45.641,3.2008e-05
36.503,0.0027521,36.007,45.313,3.2528e-05
35.872,0.0027841,35.38,44.999,3.3381e-05
35.24,0.0028301,34.748,44.683,3.4594e-05
34.614,0.0028896,34.122,44.369,3.6174e-05
33.996,0.0029622,33.5,44.058,3.8132e-05
33.473,0.0030333,32.973,43.794,4.0098e-05
32.945,0.0031136,32.44,43.527,4.2372e-05
32.412,0.003203,31.902,43.257,4.4982e-05
31.884,0.0033018,31.367,42.989,4.7955e-05
31.457,0.0033922,30.932,42.771,5.0755e-05
31.063,0.003489,30.531,42.57,5.3833e-05
30.726,0.0035917,30.184,42.396,5.7176e-05
30.468,0.0036991,29.915,42.261,6.0745e-05
30.312,0.0038093,29.746,42.176,6.4473e-05
30.28,0.0039198,29.698,42.151,6.8258e-05
30.383,0.0040275,29.784,42.194,7.1971e-05
30.627,0.0041289,30.008,42.306,7.5461e-05
31.046,0.0042271,30.404,42.504,7.8801e-05
31.609,0.0043087,30.943,42.774,8.1501e-05
32.289,0.0043699,31.599,43.102,8.3412e-05
33.051,0.0044082,32.339,43.473,8.444e-05
33.821,0.004422,33.09,43.849,8.4566e-05
34.602,0.0044141,33.856,44.232,8.389e-05
35.368,0.0043855,34.61,44.61,8.2484e-05
36.098,0.0043383,35.332,44.972,8.0445e-05
36.894,0.0042622,36.125,45.369,7.739e-05
37.609,0.0041683,36.842,45.728,7.3824e-05
38.239,0.0040612,37.478,46.047,6.9937e-05
38.783,0.0039451,38.033,46.325,6.5895e-05
39.237,0.0038257,38.501,46.559,6.19e-05
39.609,0.0037043,38.889,46.754,5.7993e-05
39.898,0.0035837,39.196,46.907,5.4256e-05
40.103,0.0034663,39.42,47.019,5.0752e-05
40.229,0.0033419,39.568,47.094,4.7181e-05
40.252,0.0032264,39.613,47.116,4.3994e-05
40.181,0.0031215,39.564,47.092,4.1208e-05
40.03,0.0030285,39.433,47.027,3.8823e-05
39.807,0.0029463,39.229,46.925,3.6783e-05
39.528,0.0028774,38.967,46.794,3.5126e-05
39.198,0.0028218,38.653,46.637,3.3828e-05
38.818,0.0027795,38.286,46.453,3.287e-05
38.333,0.0027477,37.813,46.217,3.2184e-05
37.779,0.0027324,37.27,45.945,3.1895e-05
37.163,0.0027338,36.662,45.641,3.2008e-05
36.503,0.0027521,36.007,45.313,3.2528e-05
35.872,0.0027841,35.38,44.999,3.3381e-05
35.24,0.0028301,34.748,44.683,3.4594e-05
34.614,0.0028896,34.122,44.369,3.6174e-05
33.996,0.0029622,33.5,44.058,3.8132e-05
33.473,0.0030333,32.973,43.794,4.0098e-05
32.945,0.0031136,32.44,43.527,4.2372e-05
32.412,0.003203,31.902,43.257,4.4982e-05
31.884,0.0033018,31.367,42.989,4.7955e-05
31.457,0.0033922,30.932,42.771,5.0755e-05
31.063,0.003489,30.531,42.57,5.3833e-05
30.726,0.0035917,30.184,42.396,5.7176e-05
30.468,0.0036991,29.915,42.261,6.0745e-05
30.312,0.0038093,29.746,42.176,6.4473e-05
30.28,0.0039198,29.698,42.151,6.8258e-05
30.383,0.0040275,29.784,42.194,7.1971e-05
30.627,0.0041289,30.008,42.306,7.5461e-05
31.046,0.0042271,30.404,42.504,7.8801e-05
31.609,0.0043087,30.943,42.774,8.1501e-05
32.289,0.0043699,31.599,43.102,8.3412e-05
33.051,0.0044082,32.339,43.473,8.444e-05
33.821,0.004422,33.09,43.849,8.4566e-05
34.602,0.0044141,33.856,44.232,8.389e-05
35.368,0.0043855,34.61,44.61,8.2484e-05
36.098,0.0043383,35.332,44.972,8.0445e-05
36.894,0.0042622,36.125,45.369,7.739e-05
37.609,0.0041683,36.842,45.728,7.3824e-05
38.239,0.0040612,37.478,46.047,6.9937e-05
38.783,0.0039451,38.033,46.325,6.5895e-05
39.237,0.0038257,38.501,46.559,6.19e-05
39.609,0.0037043,38.889,46.754,5.7993e-05
39.898,0.0035837,39.196,46.907,5.4256e-05
40.103,0.0034663,39.42,47.019,5.0752e-05
40.229,0.0033419,39.568,47.094,4.7181e-05
40.252,0.0032264,39.613,47.116,4.3994e-05
40.181,0.0031215,39.564,47.092,4.1208e-05
40.03,0.0030285,39.433,47.027,3.8823e-05
39.807,0.0029463,39.229,46.925,3.6783e-05
39.528,0.0028774,38.967,46.794,3.5126e-05
39.198,0.0028218,38.653,46.637,3.3828e-05
38.818,0.0027795,38.286,46.453,3.287e-05
38.333,0.0027477,37.813,46.217,3.2184e-05
37.779,0.0027324,37.27,45.945,3.1895e-05
37.163,0.0027338,36.662,45.641,3.2008e-05
36.503,0.0027521,36.007,45.313,3.2528e-05
36.302,0.0027607,35.808,45.213,3.2761e-05
36.101,0.0027709,35.608,45.113,3.3031e-05
35.898,0.0027824,35.406,45.012,3.3338e-05
35.696,0.0027954,35.204,44.911,3.3681e-05
