156.95,0.008741,226.92,51.024,0.0096558
129.92,0.0061135,20.336,76.192,0.012235
234.85,0.0060412,111.86,51.026,0.0071852
214.19,0.0084247,147.88,49.103,0.010248
167.84,0.0076513,224.02,41.952,0.0071225
-149.54,0.0038284,220.83,75.545,0.010253
78.667,0.0080779,152.63,64.442,0.0080931
106.27,0.0074986,163.93,55.74,0.0082412
275.28,0.0035461,182.18,55.86,0.012029
194.12,0.0080799,212.59,59.714,0.006878
225.87,0.0075914,228.91,41.904,0.010623
140.18,0.0049884,18.163,45.334,0.0068547
336.17,0.0060828,38.968,47.001,0.0067654
297.16,0.0081803,211.3,63.963,0.0082891
134.44,0.0076603,169.51,47.872,0.004606
239.98,0.00803,321.12,50.41,0.0072849
156.1,0.0054443,178.99,61.955,0.007497
43.034,0.0065411,67.677,50.253,0.0099365
86.051,0.0067941,174.91,65.605,0.0093852
96.415,0.0085912,105.08,60.633,0.0034107
211.66,0.0089826,73.274,61.759,0.0097791
131.9,0.0088526,-33.467,52.784,0.0089451
-61.598,0.0068112,202.97,77.109,0.0097159
177.27,0.0072115,173.59,69.223,0.0078321
177.8,0.0050544,177.41,56.819,0.012526
180.31,0.0071494,74.016,78.702,0.0096592
155.71,0.0060869,149.3,43.419,0.011228
316.68,0.0086348,69.254,47.911,0.0051573
71.83,0.006124,149.39,43.502,0.0076386
91.506,0.0070962,256.19,35.206,0.010267
83.49,0.0052621,52.683,69.49,0.0087019
208.03,0.0045289,191.12,52.498,0.0087028
100.72,0.0076139,223.14,42.152,0.0070793
275.72,0.0052718,363.22,54.878,0.0077022
266.86,0.0074781,-11.62,45.86,0.0051754
167.39,0.0044144,299.71,62.112,0.010025
297.22,0.0051158,305.87,61.788,0.0072102
288.05,0.0060172,99.119,63.527,0.01046
199.62,0.0063466,330.01,73.874,0.0090976
206.61,0.0058038,173.83,65.215,0.007343
334.07,0.002418,80.043,55.242,0.0078259
426.5,0.0012944,102.29,44.275,0.0067526
219.05,0.0069638,162.11,27.239,0.0036921
91.962,0.0030451,404.18,36.645,0.0041802
14.987,0.0029571,32.02,22.847,0.0056232
153.95,0.0027769,92.205,36.709,0.0054993
135.88,0.0037647,104.69,38.678,0.0057778
206.83,0.0053532,305.9,46.858,0.0088693
137.33,0.0047909,138.79,42.88,0.0057097
99.586,0.0061231,104.19,29.7,0.0066996
179.13,0.0048005,136.67,50.859,0.0053884
164.75,0.0074202,-26.183,21.649,0.0067091
80.162,0.0073105,200,38.637,0.0078014
266.81,0.005365,77.765,53.733,0.0059442
183.07,0.0044852,159.1,57.795,0.0056369
135.76,0.0051217,171.61,30.299,0.004041
94.282,0.0049421,-41.894,44.283,0.0053886
146.28,0.0062542,183.66,36.861,0.0058999
165.03,0.0065895,147.06,58.742,0.0062988
152.72,0.0067998,185.67,67.254,0.0048627
95.676,0.006174,188.97,40.778,0.0090729
229.93,0.0087717,73.196,37.337,0.0071526
109.23,0.005881,266.16,39.69,0.0088897
108.09,0.0064572,64.669,65.232,0.0066157
191.48,0.0039108,130.66,39.643,0.005239
201.6,0.0085275,261.23,43.984,0.0061991
328.88,0.0058732,202.37,27.572,0.0094917
172.91,0.004987,94.159,51.164,0.0034353
170.14,0.004497,140.4,55.184,0.0047698
181.1,0.0040083,331.63,41.399,0.0026767
313.41,0.0067708,192.87,18.377,0.0065479
129.27,0.0027976,41.663,22.415,0.0085963
278.68,0.0056568,251.18,27.65,0.0047171
281.6,0.0024742,68.216,38.034,0.0075689
-29.745,0.001272,202.66,19.045,0.0047892
125.86,0.00086627,142.9,25.276,0.0061675
287.18,0.005498,149.42,22.345,0.0046753
396.42,0.0047903,194.28,28.63,0.0025096
164.69,0.0037836,176.91,17.588,0.0067214
279.65,0.0044517,347.76,45.71,0.0015343
312.07,0.003971,-35.58,21.694,0.0072016
275.93,0.0067263,146.11,37.279,0.0054685
191.28,0.0044828,96.926,42.129,0.0019933
234.25,0.0051088,21.745,36.189,0.0037538
167.19,0.0023877,99.366,60.924,0.0060741
56.939,0.0053686,107.06,28.373,0.0050105
62.065,0.0015195,138.29,31.807,0.0034123
82.318,0.006165,224.32,45.022,0.0052898
410.11,0.0056847,59.088,63.286,0.0044386
173.43,0.0036536,157.72,43.88,0.0050667
284.55,0.0055888,111.75,11.921,0.0060856
236.73,0.0023454,235.78,53.225,0.0046699
167.73,0.0073576,340.22,41.428,0.0082171
169.19,0.0021561,52.709,50.319,0.0022573
242.75,0.0053276,156.83,54.32,0.0052281
192.67,0.0021644,270.36,25.121,0.0043543
154.8,0.0059039,23.287,35.081,0.0055871
115.8,0.003648,364.88,39.14,0.0046751
96.591,0.0050174,203.27,32.836,0.0074475
314.37,0.0074016,225.77,43.548,0.005436
225.71,0.0047419,138.9,46.536,0.0038587
200.67,0.00068684,206.7,40.212,0.0062241
354.81,0.0023216,196,34.185,0.0049026
88.94,0.0022353,135.06,22.649,0.008401
247.07,0.0021979,193.29,21.15,0.0059099
262.1,0.0038028,374.02,21.978,0.0057592
73.949,0.0057569,300.5,36.398,0.005187
265.52,0.0052629,301.47,32.38,0.0040026
308.74,0.003072,149.26,26.733,0.0047284
126.41,-0.0003546,89.395,8.4847,0.0032227
208.44,0.0029133,286.74,22.406,0.0025781
134.9,0.0023234,174.21,29.617,0.0059584
126.39,0.0050747,157.45,12.425,0.0065464
198.81,0.0039559,213.28,41.779,0.0051423
232.5,0.002283,251.68,30.447,0.0036525
184.49,0.0044286,149.61,12.119,0.0081764
406.77,0.0025494,174.59,33.556,0.004233
160.28,0.0061644,73.585,14.62,0.0045914
341.63,0.0057036,276.48,31.524,0.0066907
33.047,0.0050633,355.83,45.379,0.0069902
308.04,0.0045791,170.03,27.621,0.0077372
99.539,0.0046185,74.782,21.901,0.0053026
137.76,0.0010279,163.34,23.859,0.0072444
227.78,0.0035717,209.56,38.324,0.0036244
261.31,0.0054406,253.8,18.942,0.0075922
226.62,0.0031429,30.308,70.89,0.0049261
273.28,0.0017403,168.37,26.671,0.0020187
187.55,0.0049373,-19.206,35.106,0.0063098
157.71,0.0043067,150.7,18.293,0.0077898
199.51,0.0015952,314.76,37.754,0.0067641
107.85,0.0051298,67.376,22.873,0.0063087
243.92,0.0026536,172.06,44.9,0.0038904
151.28,0.0056481,155.84,28.552,0.0012523
73.139,0.0042848,167.49,28.155,0.0061697
217.03,0.0038324,181.91,39.149,0.0035129
152.64,0.0031418,282.33,25.042,0.0055253
369.42,0.0043068,41.73,34.207,0.0036757
153.29,0.0025976,92.044,9.8135,0.0015698
259.39,0.0042902,270.12,24.27,0.0055886
322.94,0.0015315,101.46,33.117,0.0036444
-3.0282,0.00094335,129.32,24.605,0.0020791
116.3,0.0022568,137.44,22.408,0.0063762
229.3,0.0025959,168.22,23.325,0.0021139
296.76,0.0044703,377.9,48.001,0.0060542
231.14,0.0043823,59.092,8.7301,0.0021765
41.555,0.0031617,-8.6098,29.841,0.00091397
239.86,0.0003888,380.01,19.763,0.0051262
339.18,0.0038943,262.57,28.534,0.0092275
42.23,0.0036915,95.057,14.632,0.0052136
8.9904,0.001754,249.08,28.666,0.0050472
166.89,0.0036999,-144.26,33.246,0.0041384
380.28,0.0031008,279.73,19.522,0.0056504
278.37,0.0035042,373.68,27.552,0.0047917
326.73,0.0022952,270.66,50.561,0.0035374
274.78,0.0043043,324.07,49.426,0.0042911
228.64,0.0049378,356.09,24.925,0.0031102
205.19,0.0031165,102.06,31.009,0.00583
170.86,0.0048973,37.089,45.555,0.0041673
165.49,0.0029143,194.69,30.94,0.0059131
-44.999,0.00355,372.2,14.715,0.0038724
22.253,0.010939,213.6,35.999,0.006443
280.1,0.0075307,136.6,34.928,0.0071282
282.14,0.0031817,192.89,37.696,0.0070602
122.25,0.0049673,211.59,18.077,0.0096857
144.08,0.0043783,107.75,22.094,0.0083092
149.49,0.0019357,175.53,26.325,0.0040334
229.9,0.0039585,275.23,30.348,0.0016869
93.785,0.0037995,139.01,7.7875,0.0039267
41.447,0.0021541,149.63,32.915,0.0039792
169.38,0.0037746,65.739,24.425,0.0037598
131.77,0.0018027,314.28,37.949,0.0022074
249.64,0.0078238,257.53,62.011,0.0023929
174.84,0.0044435,-8.0022,17.817,0.002862
376.56,0.0028223,318.93,9.082,0.0029516
204.51,0.0022249,79.145,6.1484,0.0021011
313.91,0.0052204,303.13,12.897,0.0052319
204.38,0.0014223,234.61,34.942,0.00023671
170.62,0.0055021,312.51,6.0257,0.007522
49.778,0.0028777,89.894,49.4,0.0020201
245.06,0.0041618,202.7,7.6119,0.0036515
157.61,0.0022238,155.14,24.471,0.0023827
211.41,0.0022163,181.55,2.3794,0.0043789
253.98,0.0032801,76.357,7.7331,0.0049264
307.93,0.0018848,192.4,26.834,0.002614
189.04,0.0034611,294.2,15.976,0.0012607
25.502,0.0031193,174.66,43.858,0.0044039
61.204,0.0045458,266.68,21.121,0.0047011
133.32,0.0063202,173.26,39.687,0.0055308
193.21,0.0034851,163.54,23.122,0.0075905
146.6,0.0052447,188,-10.815,0.0025103
265.63,0.0038377,177.13,43.504,0.0026247
306.67,0.001972,246.16,35.619,0.003714
226.13,0.0038875,183.37,29.05,0.0092503
166.91,0.0015836,188.97,27.805,0.0034105
85.546,0.0055727,206.74,42.128,0.004971
253.87,0.0011039,205.23,12.054,0.0024464
54.282,0.0040823,185.64,26.452,0.0057273
258.93,0.00327,304.09,39.166,0.00671
236.88,0.0031049,201.07,17.266,0.0067177
153.73,0.0052009,353.76,27.53,0.0052869
204.6,0.0040367,227.26,21.57,0.0033461
178.09,0.0051831,202.56,29.311,0.0052236
153.58,0.0033396,318.29,6.7855,0.0029684
219.7,0.0021,165.09,30.884,-0.00017389
278.34,0.00094669,0.51492,1.5122,0.0052786
188.07,0.0029633,415.59,28.555,0.0046042
166.15,0.0010881,393.2,19.142,0.0026704
187.04,0.0023495,407.81,20.348,0.0018961
168.89,0.0013007,235.93,-0.68248,0.00030436
259.84,0.0034454,63.396,19.67,0.00072897
279.29,0.0013265,108.95,15.409,0.0059715
299.36,0.0054688,26.523,13.633,0.0029259
112.04,0.0047929,-4.7449,1.5556,0.0028963
299.63,0.0026676,287.7,36.395,0.0038524
168.1,0.0025729,106.91,31.578,0.005419
333.21,0.0032641,305.12,31.805,0.0036705
336.11,0.0038026,140.43,32.636,0.0032848
37.672,0.0042303,252.52,3.1268,0.0025833
167.48,0.0018616,298.79,13.789,0.0055734
280.72,0.0046914,221.17,38.218,0.0026751
197,0.0028416,287.98,50.021,0.0059207
227.52,0.0023317,240.76,31.736,0.0041602
50.053,0.0041545,50.018,28.054,0.005067
212.22,0.0040086,290.07,37.777,0.0058604
298.4,0.0039039,242.62,21.717,0.0056251
255.47,0.0029633,169.28,25.526,0.0052989
256.72,0.0053264,171.03,14.646,0.008473
35.434,0.0033194,296,31.107,0.0078299
235.12,0.0018207,156.83,25.878,0.00544
153.33,0.0015674,71.417,41.783,0.0054612
247.39,0.00035102,323.34,43.392,0.0034487
83.402,0.0041288,76.846,18.892,0.0027314
223.04,0.0044131,303.06,15.799,0.0036803
109.22,0.00059421,204.14,25.551,0.0046151
159.53,0.0016756,263.27,25.731,0.0050706
392.38,0.0045521,348.07,11.843,0.0062231
73.396,0.0024198,396.11,13.586,0.0030003
198.17,0.002247,152.1,21.042,0.0029141
112.04,0.0059221,209.73,16.954,0.0011586
363.31,0.0042588,230.62,19.433,0.0038424
250.81,0.0023097,128.26,-10.014,0.0051185
22.454,0.001786,161.91,14.412,0.0046078
359.79,0.00040945,127,9.2346,-0.00043412
101.81,0.0019369,187.69,10.119,0.0011584
94.605,0.0027479,132.87,15.056,0.00088131
267.42,0.0033361,404.48,14.74,0.004351
325.76,0.0018955,50.749,21.713,0.0035583
214.57,0.0057788,186.93,25.676,0.0067153
67.225,0.0018371,151.65,16.604,0.00025697
109.15,0.0031644,186.79,17.471,0.0029342
149.84,0.0022535,135.79,5.4196,0.006169
81.896,0.0045789,311.55,27.22,0.0040892
340.51,0.0041823,278.91,11.955,0.0041652
294.31,0.00035675,219.85,18.671,0.004166
77.631,0.0059055,182.34,24.681,0.008949
142.87,0.0050109,421.64,14.6,0.0038785
-74.131,0.0044832,112.43,40.084,0.0056455
157.59,0.0010181,206.02,29.603,0.0036915
247.31,0.0048764,169.55,35.233,0.0075923
297.48,0.0017049,146.73,29.555,0.0037282
-57.938,0.0011315,157.55,31.649,0.0021504
254.96,0.003286,122.56,23.767,0.0070058
37.944,0.0023142,211.2,21.705,0.0035553
72.23,0.0053881,170.82,43.535,0.0042047
301.62,0.0050171,127.13,38.669,0.0024807
310.95,0.003077,308.79,28.937,0.0032359
157.39,0.006,285.06,20.588,0.0014449
275.06,0.004295,400.32,11.92,0.0027233
222.53,0.0031843,217.81,1.6878,0.0027571
125.69,0.0018347,167.59,32.923,0.0048216
335.87,0.003018,13.522,16.303,0.0033083
130,-3.7732e-06,103.59,26.168,0.0041562
209.81,0.0042191,217.28,32.366,0.0052796
251.74,0.0042866,102.49,-1.6917,0.00069973
258.99,0.002424,411.27,5.471,0.0031791
206.22,0.0027089,174.32,10.737,0.0055399
199.24,0.0015101,382.73,6.2449,0.00042625
134.43,0.00010772,106.49,1.0336,0.0043186
80.053,0.0039493,391.27,16.38,0.0074948
260.61,0.0041219,315.78,11.013,0.0054826
167.1,0.0036519,155.43,10.755,0.0033545
71.474,0.00084181,206.49,19.489,0.0025884
291.21,0.0037798,132.6,23.762,0.0042016
88.416,0.0035071,98.909,11.654,0.0044795
329.7,0.00038896,64.964,21.338,0.0024159
203.63,0.0061884,297.24,14.271,0.0075744
58.323,0.0076862,328.92,22.881,0.0058905
261.62,0.0047005,130.71,31.411,0.0040517
159.94,0.0041136,102.35,25.904,0.0044144
77.603,0.0036646,357.67,21.805,0.00061066
-22.839,0.0017701,195.31,8.3103,0.0078782
319.11,0.0049366,142.12,28.684,0.0024229
258.13,0.0015745,256.01,22.714,0.0078121
83.335,0.0034405,146.58,29.686,0.0011249
105.41,0.0018464,312.34,37.83,0.0056562
233.2,0.0014985,203.49,29.428,0.0042307
-1.7567,0.0040146,177.58,13.969,0.0056107
343.97,0.0026672,152.6,14.074,0.0038411
501.85,0.0026867,94.378,25.967,0.002462
248.82,0.0019427,301.78,13.675,0.0050887
269,0.0061722,387.33,21.969,0.0062945
104.52,0.0045302,195.58,9.4022,0.0069228
325.77,0.00194,195.14,24.816,0.0021786
375.76,0.0059879,58.222,12.927,3.5836e-06
228.23,0.0024545,-36.85,11.935,0.0032783
300.56,0.0015435,112.02,-7.6763,0.0070529
414.2,0.0023271,188.59,10.673,0.0044964
152.22,0.0043905,376.73,16.044,0.0032659
189.44,0.0027299,241.4,12.899,0.0036552
232.02,0.0031485,31.048,16.39,0.0017443
233.05,0.0049399,176.71,37.155,0.0016577
198.06,0.0018391,236.49,-6.4396,0.004541
195.39,0.0016175,127.87,7.475,0.0033287
143.66,0.0056012,317.04,36.641,0.0083468
38.579,0.0049515,165.28,25.168,0.004788
163.31,0.0013623,276.58,30.292,0.0068639
110.63,0.0042683,376.76,24.244,0.0063697
79.038,0.0042224,235.93,29.996,0.0024807
153.73,0.0052059,238.83,18.895,0.0046318
408.53,0.0028832,147.04,34.56,0.0032522
292.58,0.003073,94.872,5.7214,0.0077082
-77.484,0.0080442,114.78,30.348,0.002259
144.51,0.0058729,245.56,38.947,0.0046791
98.852,0.003513,170.17,33.366,0.0021206
213.42,0.0030859,77.023,30.258,0.0017772
95.276,0.0028575,218.82,37.577,0.0041243
160.92,0.0035251,173.13,26.948,0.0057214
195.52,0.0015576,272.29,23.522,0.003805
93.842,0.0012835,261,39.508,0.0033824
200.83,0.0045111,302.8,1.3627,0.0079037
329.07,0.0011035,300.55,21.919,0.0059478
103.8,0.0013469,148,37.032,0.0019048
251.58,0.0043959,84.773,17.2,0.0051172
193.86,0.00208,107.82,23.724,0.003279
354.58,0.0044622,311.22,33.277,0.0034982
217.38,0.0035563,250.13,30.939,0.0067428
141.33,-0.00021681,108.11,17.834,-0.0012956
358.35,0.0040346,319.67,-12.748,0.0042726
262.5,0.0041979,357.07,20.078,0.0074452
181.91,0.0047084,79.147,15.682,0.0017402
342.46,0.0053652,283.37,-2.8041,0.0048
373.64,0.0018013,363.09,23.96,0.0019529
154.57,0.0023878,164.02,4.7952,0.0049727
126.37,0.0013036,258.03,29.445,-5.0092e-05
241.56,0.001012,46.401,5.32,0.00039581
87.847,0.0030152,172.15,25.64,0.0015607
142.84,0.001025,61.043,4.0439,0.0056295
7.0352,0.0023911,50.587,31.945,0.0058062
202.54,0.0020955,445.22,17.094,0.0023273
256.95,0.0030465,164.44,20.822,0.00087959
166.35,0.0043869,222.62,0.27299,0.0053197
17.143,-0.0014565,224.32,27.704,0.0069146
129.64,0.0043648,160.29,29.817,0.0017273
203.74,0.004626,341.31,25.716,0.0038598
372.65,0.0027014,378.36,28.629,0.0055538
127.84,0.0060042,113.87,38.834,0.0038328
239.46,0.00097325,181.53,40.482,0.0037562
207.93,0.003028,257.69,29.628,0.0066211
297.07,0.002528,48.484,51.125,0.0055081
187.06,0.0049595,51.998,18.673,0.00090353
51.18,0.0025564,115.63,25.931,0.003255
145.08,0.00010039,243.33,42.916,0.0087517
301.3,0.0022759,220.5,30.199,0.0029886
381.77,0.0051254,100.11,29.306,0.0062167
31.877,0.0047357,47.081,20.186,0.0047934
196.95,0.0046791,208.06,8.4136,0.0044687
151.21,0.0016907,210.43,39.464,0.0021292
346.47,0.0037043,394.15,2.1668,0.0056845
253.41,0.0015988,166.03,28.052,0.0024427
83.921,0.0032562,129.32,32.229,0.008624
255.81,0.007185,118.96,18.089,0.0019228
236.39,0.0017212,351.13,-6.1467,0.0036721
191.42,0.0052535,51.97,5.638,0.0022639
343.44,0.0042185,229.47,22.342,0.003608
-7.1556,0.0011925,188.04,4.3033,0.0042002
253.42,7.0484e-05,92.121,27.224,0.00032342
42.443,0.0045427,126.17,22.661,0.0032248
162.21,0.0013899,414.17,9.058,0.0037252
183.83,0.0033316,106.01,3.914,0.0013501
239.81,0.0038414,153.49,17.122,0.0053932
186.95,0.002759,186.62,15.738,0.0045718
185.75,0.0026306,404.14,17.302,0.005523
259.45,0.0031906,92.236,31.958,0.0047899
47.786,0.0023405,167.86,25.407,0.0034673
312.09,0.0037838,356.42,39.638,0.00072513
78.232,0.0062448,159.52,6.3166,0.0035873
263.47,0.0058233,252.47,11.592,0.0016189
282.75,0.0046043,189.76,37.577,0.0046096
178.91,0.0037278,195.18,9.378,0.003276
275.39,0.0040045,81.345,17.046,0.0042747
113.75,0.0043417,-31.169,16.433,0.0044944
116.67,0.0028597,248.95,30.003,0.0089223
291.9,0.0038772,320.53,25.789,0.0031337
148.72,0.0017422,239,39.626,0.0066172
239.03,0.0027614,199.24,37.386,0.003623
351.34,0.002874,189.26,33.298,0.0017704
341.87,0.0053555,60.389,14.862,0.0065757
192.96,0.0021234,267.99,16.628,0.00067745
369.13,0.001805,252.68,19.975,0.0051123
203.92,0.0048104,80.489,10.691,0.0019321
238.71,0.0027373,203.11,5.6361,0.0043955
186.3,0.0044081,210.88,8.6093,0.008497
213.79,0.0032249,88.281,9.8178,0.0079571
269.22,0.0032825,374.6,24.795,0.0048461
239.14,0.0043599,40.978,21.72,0.0047313
230.28,0.0021379,-38.841,10.016,0.0028762
110.99,0.0045942,14.212,4.1727,0.0026192
45.225,0.0018539,281.47,13.922,0.0050747
127.06,0.0036667,231.83,11.389,0.0013354
271.8,0.0047763,259.55,2.6548,0.0028445
137.39,0.0044455,26.285,8.0672,0.0077496
162.48,0.0025652,220.11,23.447,0.0033596
125.17,0.0016815,205.58,8.1326,0.0023448
168.83,0.0029092,313.29,33.11,-0.0008692
39.136,0.0035223,204.99,27.085,0.0029604
264.58,0.00311,232.16,25.6,0.0027646
304.26,0.0046983,305.83,21.929,0.0028427
-48.039,0.0051087,273.46,3.3175,0.0028585
396.37,0.00087414,122.62,11.812,0.0039652
106.52,0.0037668,220.01,23.217,0.0065773
305.11,0.00088208,299.1,34.785,0.0019032
-6.3435,0.0052824,239.36,31.655,0.0044821
372.69,0.0015429,224.32,31.95,0.0042894
32.97,0.0049375,265.4,19.402,0.001966
219.65,0.0067703,217.87,14.817,0.0076633
301.4,0.0049723,187.52,29.719,0.0074098
132.6,0.0022175,163.7,19.399,0.0058975
305.41,0.0067896,391.23,17.618,0.0037893
332.7,0.0052268,165.12,19.497,0.0021124
252.91,0.003483,155.22,38.881,0.005403
254.7,0.0024622,95.366,34.608,0.005502
228.89,0.0024071,134.97,24.808,0.0042373
265.09,0.0037097,347.99,23.013,0.0012027
283.54,0.005807,157.51,28.686,0.0073679
446.76,0.0039186,301.18,23.473,0.00092793
178.89,0.0021522,102.49,9.6151,0.0045013
279.13,0.002187,175.85,9.2307,0.0030719
268.53,0.0067453,100.9,14.34,-0.0021717
168.17,0.00080032,195.32,33.276,0.0036888
54.397,0.0015612,116.7,14.771,0.0014609
279.21,0.004385,183.66,19.195,0.005205
216.59,0.0022909,161.14,9.6579,0.0045015
138.55,0.0045473,258.49,23.66,-0.00021638
44.873,0.00093377,173.09,17.214,0.0023065
259.12,0.0010344,50.976,17.218,0.0036199
-4.4431,0.0004907,157.83,1.189,0.0038349
320.18,5.9668e-05,159.53,24.377,0.0064643
4.8587,0.0031263,164.17,13.35,0.0017533
115.49,0.0018219,77.218,36.255,0.0039705
133.05,0.0068965,269.72,24.258,0.0043344
340.13,-6.4114e-05,113.29,25.211,0.002368
-42.571,0.00443,165.65,18.234,0.0065535
24.923,0.0041422,146.62,33.514,0.0015272
335.74,0.0047734,299.56,17.782,0.0055439
74.305,0.0033146,212.3,43.867,0.0026201
122.67,0.0036735,112.2,43.735,0.0053805
95.429,0.0029867,259.26,49.957,0.0024314
280.97,0.0025811,252.44,14.606,0.0049466
92.776,0.0040112,71.062,25.314,-1.9049e-05
178.05,0.0022914,138.75,10.644,0.0012046
228.81,0.0028899,204.46,33.592,0.0027994
187.53,0.0037939,318.17,18.49,0.004385
259.59,0.004492,297.23,17.353,0.0042327
247.95,0.0028618,146.53,20.539,0.0037587
204.94,0.0018417,293.58,27.133,0.0019591
97.67,0.0036532,164.85,12.746,0.0026788
307.35,0.0026525,76.745,5.0397,0.00055458
216.63,0.0019536,249.15,33.091,0.00093564
381.85,0.0012501,254.86,41,-0.0019532
222.84,0.00066974,182.78,27.01,0.0037095
273.21,0.0013307,289.06,11.176,0.0035588
333.59,0.0014871,102.55,7.7987,0.0036745
80.429,0.0018706,174.86,11.919,0.00074169
326.3,0.0045258,299.19,-5.6303,0.0038088
99.777,0.0010274,214.94,19.149,0.0039032
423.9,0.0029295,281.71,-5.5491,0.0035748
104.16,0.0032499,282,16.254,0.0082657
113.56,0.001883,18.305,27.189,0.0015609
146.69,0.00058453,296.44,17.982,0.0031612
102.28,0.0053831,274.03,28.627,0.00097683
150.31,0.0044527,118.84,16.008,0.0063802
192.09,0.0043569,109.23,34.956,0.0073958
102.69,0.0022859,140.39,34.981,0.00096025
342.09,0.0055426,246.74,43.568,0.0039676
5.2212,0.0040468,84.866,19.534,0.0082871
216.61,0.0016606,116.01,18.076,0.0047249
270.13,0.0021344,287.98,27.049,0.0044875
-18.264,0.0051601,79.911,28.844,0.0056241
219.72,0.00021925,-81.555,3.3672,0.005748
101.81,0.0027335,-5.8745,15.286,0.0021126
241.63,0.0052182,166.12,41.336,0.0048424
183.87,0.0025651,254.38,24.913,0.0031827
234.34,0.00092289,171.46,27.953,0.0011886
163.5,0.002523,151.06,28.429,0.0017266
127.25,0.0042664,192.72,25.256,0.0041086
408.3,0.0038246,-30.477,47.645,0.0033339
248.36,0.0026308,154.48,17.363,0.0015626
-74.054,0.0023681,128.78,33.836,0.0048565
170.08,0.0066935,358.33,4.4316,0.0020085
191.87,0.004028,245.3,34.543,0.0059386
62.325,0.0014542,233.31,-0.14485,0.0052816
200.69,0.0024615,280.83,8.725,0.0027154
136.48,0.0032818,206.33,29.745,0.0051923
333.93,-0.00069591,225.7,12.646,0.0037536
227.63,0.0022801,274.38,24.68,0.0028936
224.59,0.0016311,89.051,4.6277,0.0040451
187.64,0.0026549,245.86,25.24,0.0026287
162.38,0.0019904,250.39,14.817,0.00045101
190.34,0.006671,112.45,9.6545,0.0049796
12.089,0.0037453,269.75,24.25,0.0040412
169.37,0.0030992,148.52,9.9637,0.0021091
280.8,0.0046704,259.82,19.8,0.0041027
75.427,0.0045329,166.09,11.96,0.0037268
322.5,0.0037047,5.7485,23.566,0.00065093
246.83,0.0024941,242.6,24.511,-0.00048773
170.13,0.00010679,250.28,27.923,0.0035756
217.12,0.0056623,204.81,17.386,-0.00092473
224.38,0.001401,220.71,16.015,0.0045777
327.05,0.0004685,112.87,26.877,0.0013197
84.448,0.0029069,196.22,28.196,0.0049248
140.21,-0.00031241,248.44,22.469,0.0018059
186.51,0.00066648,204.66,25.968,0.0018995
124.92,0.00049363,203.11,33.666,0.0069731
225.63,0.0039452,18.599,31.287,0.0042934
204.92,0.0023389,86.227,37.897,0.0020662
423.15,0.0034938,381.79,40.737,0.0046393
190.76,0.0037441,49.289,18.136,0.0034246
185.62,0.0022417,74.283,5.2428,0.0032075
224,0.0017156,153.3,6.0685,0.0033626
270.11,0.0071454,265.7,13.337,-0.0006225
315.22,0.0041745,101.57,25.662,0.00047584
118.43,0.0051772,164.71,5.4475,0.00097754
280.65,0.0034031,112.55,24.927,0.0046352
229.72,0.0028068,195.49,10.443,0.0033277
119.18,0.0022432,176.17,31.163,0.0040855
306.08,-0.0011339,87.064,4.2544,0.0016879
252.1,0.0021467,103.35,23.259,-0.00015971
404.47,0.0032456,349.44,7.3035,0.0039855
309.74,0.00050314,210.63,18.189,0.0054525
136.98,0.0026474,149.76,5.7646,0.0028473
263.95,0.0031997,168.3,21.656,0.0055298
193.62,0.0025483,150.54,7.0902,0.0036301
113.81,0.0012598,210.04,27.906,0.0058271
286.93,0.0037636,186.38,33.774,0.0019771
214.28,0.00063634,219.43,0.071189,0.0022945
356.75,0.0044744,76.401,24.724,0.0046097
98.184,0.0043373,240.8,26.638,0.0062771
105.18,0.0025388,112.6,18.648,0.0041947
233.71,-0.00072512,231.88,5.9609,0.0062284
183.32,0.0038912,330.63,34.624,0.0039784
97.021,0.0058191,244.11,0.10847,0.00063289
326.79,0.0020623,204.95,23.874,0.001706
210.26,0.006143,141.61,44.318,0.0057025
214.25,0.0042637,140.27,30.415,0.0059007
56.899,0.00052862,232.49,26.528,0.0043445
148.03,0.005157,390.21,20.86,0.0037849
215.92,0.0050342,166.27,17.16,0.0053416
417.5,0.0032521,135.18,28.285,0.0028036
63.694,0.00090699,102.69,39.74,0.0042463
109.25,0.0020026,-56.646,55.113,0.0016003
182.32,0.0053142,273.56,21.606,0.0049058
186.03,0.00089033,90.351,32.002,0.00096599
210.6,0.0019481,267.27,21.22,0.0046846
37.842,0.00451,218.89,27.296,0.0067049
395.23,0.0016234,131.65,30.585,0.0052295
100.04,0.005126,259.89,3.2977,0.0024216
346.81,0.0029903,287.67,25.112,0.0020255
193.32,0.0067213,155.56,10.771,0.0028481
412.92,0.0030544,142.75,21.604,0.0086677
30.409,0.0041919,136.18,22.711,0.0071414
119.58,0.0030961,83.518,-3.6115,0.0039515
98.976,0.0036298,271.39,3.4345,0.0036758
179.91,0.0031013,272.81,2.9448,0.0039728
199.81,0.0030439,317.2,15.776,0.0072455
334.57,0.0037632,147.76,14.707,0.0038947
223.85,0.0022524,143.11,20.202,0.0025349
198.92,0.0026084,-44.696,20.178,0.00016765
208.61,0.0035429,129.78,31.802,0.0066101
31.204,0.0029721,186.47,15.722,0.0033111
190.7,0.0040085,61.153,18.217,0.0042863
367.07,0.0035968,333.04,17.495,0.0052448
249.51,0.0042738,271.36,24.244,0.00062148
489.06,0.0039632,281.42,10.08,0.0057299
276.2,0.0033205,136.94,15.278,0.0048148
105.14,0.0037214,179.44,28.841,0.0078799
95.129,0.004257,187.41,23.8,0.0030007
399.59,0.0046034,149.37,10.834,0.0028219
313.51,0.0017692,57.237,41.617,0.0094792
44.394,0.0029478,219.6,26.11,0.0049953
-63.527,0.0037039,204.3,20.906,0.0053971
86.821,0.0030597,217.26,17.107,0.0059133
340.13,0.0040603,299.9,27.671,0.0020334
170.03,0.0015523,203.23,25.12,0.0060541
144.15,0.00077707,146.27,25.972,0.0064917
227.93,0.0054995,170.16,25.351,0.0020188
87.892,0.00091674,482.04,17.711,0.0059055
334.42,0.002956,225.91,12.005,0.0007289
170.95,0.001744,110.9,15.192,0.004562
216.82,0.0012455,301,5.2452,0.0048229
123.5,0.005294,242.13,-0.68895,-0.00012185
256.45,0.0011636,367.71,15.742,0.003075
315.47,0.0026889,229.79,5.2465,0.001075
193.04,0.0035576,165.65,34.741,0.0044647
45.465,0.0021766,203.68,-12.529,0.0038219
102.97,0.0043719,306.59,30.82,0.0032474
232.24,0.002739,114.25,25.122,0.0024578
174.66,0.0054608,225.47,11.6,0.0017145
333.37,0.0026994,298.18,2.3648,0.001352
78.832,0.0013604,128.23,-5.7874,0.0028796
279.24,0.0024865,159.86,22.099,0.0018821
229.93,0.00088275,96.506,12.962,-0.0010055
292.03,0.001548,201.67,12.828,0.00097226
38.869,0.0038106,350.8,34.692,0.0025067
111.85,0.0012974,107.43,34.726,0.0010886
292.9,-5.4005e-05,490.62,27.406,0.0049258
113.9,0.00084795,145.63,-1.336,0.0027613
328.05,0.003514,211.08,29.361,0.0052947
203.92,0.0052646,36.263,34.349,0.002631
287.64,0.0025133,92.684,13.054,0.0037711
356.72,0.0025669,85.781,12.011,0.0037947
236.42,0.004839,143.83,29.564,0.0052209
95.276,0.0035174,-18.338,5.6605,0.0038311
96.692,0.0016087,314.86,28.119,0.0063803
300.81,0.0025936,323.3,14.672,-0.00077762
240.22,0.00060555,212.88,35.772,0.0053196
129.48,0.0022761,254.28,11.606,0.0081404
216.35,0.0049282,6.137,35.404,0.0047961
72.847,0.003696,100.61,11.616,0.004185
264.15,-4.4304e-05,225.98,32.856,0.0037301
52.14,0.001265,236.12,7.323,0.0051364
48.797,0.0013305,325.94,1.7887,0.0041911
437.69,0.0029986,287.88,18.681,0.0054677
310.87,0.00069092,158.47,20.421,0.0059428
409.13,0.0038386,255.79,30.001,0.00076902
191.77,0.0033655,97.229,21.991,0.004599
200.24,0.001889,220.95,11.648,0.0014204
335.69,0.00095959,140.92,5.2284,0.003195
161.64,0.0012308,265.77,18.013,0.0024034
76.53,0.0012442,162.13,-7.6582,0.0038186
90.584,0.0018589,220.19,0.8528,0.0071601
196.1,0.0023779,240.94,15.573,0.0037828
303.8,0.0045785,165.54,10.662,0.0010144
176.58,0.0042767,23.34,25.112,0.0029811
180.28,0.0031623,281.37,29.886,0.00039327
265.64,0.0019333,90.303,16.585,0.0026207
9.0839,0.005625,298.5,38.602,0.0022187
292.74,0.0035272,214.75,5.912,0.0077321
352.31,0.0046291,115.73,4.0649,0.0030247
223.08,0.005057,164.82,40.146,0.0046935
144.94,0.0041795,93.119,4.0687,0.0060838
417,0.0014313,75.796,12.743,0.0025212
341.65,0.0031182,239.94,16.861,0.0035089
262.74,0.0036141,156.67,29.021,0.00060203
192.4,0.0034588,58.839,27.781,0.0022004
206.71,0.0034967,155.18,47.037,0.0053819
115.24,0.0044982,210.49,20.147,0.0057705
196.17,0.001272,203.04,32.967,0.0036195
53.627,0.00090936,174.68,29.119,0.0027683
119.19,0.0042607,165.94,28.717,0.004648
48.302,0.0027506,92.554,36.912,0.0045455
187.75,0.0065541,328.66,21.54,0.003783
195.15,0.00081162,242.07,34.581,0.0057043
355.64,0.0010902,278.05,30.259,0.0022064
157.28,0.002978,120.12,2.0392,0.0034805
1.0156,0.00063035,75.915,30.367,0.0039859
249.22,0.0038577,123.35,8.2172,0.0085478
246.67,0.0018699,176.69,12.822,0.006091
282.96,0.0026372,94.145,41.595,0.0035371
39.54,0.00068474,315.22,8.8559,0.0026207
50.718,0.0052697,258.72,7.6863,0.0011079
292.65,0.0035021,39.786,25.644,0.0039711
282.14,-0.0026376,56.28,9.5576,0.0014617
354.63,0.0026431,-85.408,8.9649,0.0028147
19.318,0.0017804,188.62,1.6361,-0.0026984
274.04,0.0034138,106.2,17.391,0.0046743
37.404,0.00072497,230.61,13.796,0.0029896
191.97,0.0045819,245.89,1.6572,0.0035522
180.37,0.0032305,371.99,8.5728,0.0027953
177.08,0.0034616,198.96,5.275,0.0061751
358,0.0002492,246.46,6.2165,0.0032894
262.07,0.0037384,198.72,19.815,0.0047662
216.61,0.0063043,161.28,26.343,0.0041232
251.33,0.0053724,123.05,40.031,0.0043459
124.59,0.0032827,67.497,32.321,0.0046619
-51.707,0.0035061,339.21,24.515,0.0027598
120.36,0.003153,160.66,18.829,0.0064849
67.638,0.0049074,190.86,2.8284,-0.00023579
294.89,0.0059909,299.94,-5.1334,0.0049356
134.93,0.004937,70.144,24.844,0.0037608
37.483,0.0022646,118.73,34.217,0.0050972
19.717,0.0051454,365.25,44.997,0.004639
216.78,0.0051645,163.76,24.328,0.0036108
146.14,0.0020088,201.04,14.729,0.00054783
236.48,0.0056511,142.04,14.796,0.0035231
98.84,0.0023006,206.34,27.931,0.0038773
234.59,0.0059052,180.68,47.173,0.0013101
293.34,0.0030342,279.66,21.772,0.0033452
139.64,0.0026315,266.51,6.0362,0.0040909
374.9,0.00060891,214.22,3.6606,0.0056697
36.262,-0.00013565,265.44,34.623,0.0035331
359.27,0.0039356,23.767,18.752,0.0034735
309.04,0.0024356,108.83,14.687,0.0026143
236.89,0.00053375,368.94,11.335,0.0072472
325.7,0.0049294,299.21,16.762,0.00080117
177.44,0.0036541,289.79,9.3164,0.0051986
32.386,0.00051783,309.46,3.6699,0.0021294
256.87,0.0023848,281.47,13.005,0.0038185
91.308,9.3568e-05,307.49,6.7502,0.0034332
137.33,0.0020814,273,26.123,0.0035415
228.34,0.0031278,157.54,21.752,0.0018384
204.94,0.0077967,362.51,29.53,0.0053027
252.55,0.0045848,310.28,12.683,0.0017252
316.46,0.0030835,329.19,14.501,0.0018227
354.41,0.0044779,351.45,25.55,0.0044167
171.97,0.0041678,178.85,10.441,0.0012943
97.263,0.0025074,193.77,33.583,0.0055472
263.6,0.0015869,180.82,30.183,0.0015954
204.13,-0.00049188,-6.9951,21.951,0.0036021
109.05,0.0039868,369.65,18.561,0.0023036
234.96,0.0033213,263.75,5.6523,0.0043467
107.94,0.0059579,373.03,8.7837,0.0019143
151,0.0011829,196.62,17.266,0.0039057
234.47,0.0013715,353.51,36.977,0.0092382
407.83,0.0027489,246.69,34.533,0.0031841
140.49,0.0014285,100.2,32.344,0.003127
481.89,0.0023748,219.01,17.296,0.010833
54.059,-0.00058969,295.7,25.212,0.005553
297.56,0.0049969,300.75,37.818,0.0018049
-55.181,0.0029385,164,24.282,-0.00096685
409.07,0.0029008,408.05,13.454,0.0032072
330.37,0.0017146,222.16,-3.2537,0.0061308
382.81,0.0029282,108.69,25.243,0.003836
153.74,0.004264,319.81,16.053,0.0036764
307.37,0.0013192,181.74,12.463,0.0049732
231.34,0.0028457,107.74,-8.5315,0.0025186
136.11,0.0049139,164.75,14.78,0.0050219
308.86,0.0017588,333.06,16.073,0.0038079
161.33,0.0016272,111.35,28.258,0.0047559
141.09,0.001293,192.54,28.203,0.0041612
186.86,0.0012462,218.87,13.238,0.0013072
225.19,0.0022867,309.21,9.4036,0.0030002
66.83,0.0027329,285.76,19.47,0.0021461
96.05,0.00042549,210.12,10.493,-0.00072226
311.33,0.0035398,108.59,19.923,0.0071377
90.104,0.0027549,225.89,22.846,0.0046143
149.14,5.6106e-05,168.97,5.1191,0.0032903
138.63,0.0040948,304.8,17.897,0.002364
325.42,0.0039915,276.13,22.841,0.0024861
254.31,0.0035089,84.531,14.078,0.0041946
138.45,0.0040566,212.98,-0.92852,0.0024634
147.41,0.0015371,155.26,31.104,0.0028465
87.856,0.0026655,160.27,-0.05913,0.0058875
162.26,0.0027383,83.991,39.63,0.0035162
152.88,0.0048576,28.97,32.354,0.0011408
318.35,0.0040369,188.69,50.576,0.0042384
113.9,0.0025155,119.57,37.455,0.0032796
67.956,0.0028774,130.47,25.185,0.0056575
123.4,0.0041936,320.27,15.237,0.0052581
-55.86,-0.00063335,253.27,35.8,0.0018468
222.54,0.0040969,339.31,7.2767,0.0071812
315.07,0.0038774,188.44,25.583,0.0053133
122.76,0.0045163,341.41,21.802,0.0014071
-12.674,0.0069476,251.41,13.02,0.0046636
178.62,0.0034277,190.28,36.763,0.0030904
279.82,0.0019684,84.411,25.766,0.0058406
103.14,0.0038513,265.65,20.606,0.0024238
169.19,0.003999,162.9,8.8446,0.00043367
67.623,0.0019888,101.54,40.848,0.0060454
126.59,0.0058951,279.99,9.9941,0.0013439
220.96,-0.00060449,216.61,18.5,0.0031145
183.88,0.0011281,306.95,-0.22572,0.0024363
178.73,0.0014938,130.11,5.9884,0.0033339
220.5,0.0022413,253.28,-0.081432,-0.0020305
155.46,0.0036904,225.64,3.8903,-0.00036981
225.56,0.0055297,22.125,-2.5148,0.0043083
148.14,0.0042598,246.43,26.33,0.0035886
227.14,0.0028242,112.83,25.976,0.0032912
88.121,0.0071341,240.73,11.171,0.00017709
425.68,0.0011004,330.07,37.872,0.0047401
78.32,0.0030704,126.4,-4.0727,-0.00048001
309.52,0.0036381,321.27,19.787,0.0022368
125.35,0.0038575,265.5,23.443,0.0039116
27.696,0.0039011,29.032,29.925,0.0042527
97.314,0.0016824,134.82,24.616,0.0037075
167.78,0.0015222,128.62,12.777,0.0043227
184.64,0.00050886,108.28,26.247,0.0062845
96.653,0.0038404,188.71,49.597,0.0016209
60.492,0.0037317,304.46,18.092,0.0023701
383.1,0.0050574,285.34,22.65,0.0062327
217.02,0.0023217,164.36,9.7357,0.0047266
260.64,0.0022407,142.04,23.859,0.0023527
49.766,0.0042908,298.1,34.958,0.0044938
111.43,0.0018113,181.33,48.466,0.0011862
106.68,0.0054662,192.01,9.4211,0.0058915
322.81,0.0024499,179.46,32.965,0.0053125
139.57,0.0032947,191.97,29.656,0.0027124
370.01,0.0021377,19.499,24.205,0.00468
100.89,0.0014001,300.67,25.393,0.0071231
233.56,0.0024602,177.61,24.192,0.0035573
282.92,0.0012939,122.61,27.065,0.0044258
415.77,0.0018899,146.33,-7.9616,0.0049673
121.59,0.0021295,392.28,7.2486,0.0053615
227.84,0.0018281,162.4,9.395,0.0067722
144.02,0.0019103,228.35,25.612,0.0056341
236.51,0.0025126,59.278,-0.37203,0.0068421
131.39,0.0034247,158.01,8.8272,0.0047281
232.99,0.0018437,267.99,10.702,0.0041
124,0.0019844,213.92,40.655,0.0023091
168.47,0.0019236,254.8,20.619,0.0045382
258.84,0.0016127,144.9,7.4207,-0.00075095
142.53,0.0032855,166.51,6.4835,0.0049999
87.545,0.0026456,223.33,10.579,-0.00046444
256.48,0.0029439,215.17,3.5889,0.0017623
224.68,0.0018333,87.75,20.548,0.0033588
-42.815,0.0061341,287.65,22.749,0.0016042
280.63,0.0045104,520.3,11.749,-1.0325e-05
246.9,0.004234,136.58,33.853,0.005412
284.79,0.0030081,269.4,34.445,0.0065304
214.45,0.0039057,-21.068,18.558,0.0013362
136.31,0.0032733,267.52,14.886,0.0058207
147.75,0.0044072,305.62,37.939,0.0090966
223.22,0.0021641,164.5,21.865,0.0070876
105.55,0.0012579,222.34,22.422,0.0023056
285.15,0.0054084,234.55,48.664,0.0061867
287.62,0.00056875,337.95,26.34,0.0071203
201.2,0.005395,275.27,26.375,0.0051538
238.86,0.0032873,297.38,13.2,0.0038661
316.98,0.0028355,187.34,20.878,0.00027385
115.63,0.0049875,104.29,0.10021,0.0022659
155.82,0.0020983,184.67,-3.7637,0.0040831
185.27,0.0045201,149.24,12.189,0.00044134
99.262,0.0047596,242.32,9.5517,0.0055567
111.03,0.0031897,406.11,14.615,0.0050507
370.65,0.0015659,236.99,30.891,0.0037359
377.49,0.0033733,228.47,10.29,0.0041759
238.57,0.0038455,225.54,28.531,0.0045169
92.02,0.0015921,163.4,7.6048,0.0011131
47.973,-0.00027862,29.001,23.497,0.0051237
345.7,0.0024149,369.37,-7.3893,0.0063241
352.24,0.0029155,150.86,17.634,0.0014316
230.03,0.0022517,235.95,5.68,0.004797
425,0.0038399,240.7,4.7195,0.0025934
246.9,0.0030934,93.366,-5.1885,0.0025681
308.47,-0.00037508,304.18,29.224,0.0024168
266.24,0.00095175,207.3,16.425,0.0019939
98.863,0.0027927,123.03,18.928,0.003098
77.101,0.0045511,238.08,25.653,0.00072964
136.02,0.0010529,65.071,14.569,0.0024271
149.9,0.0031189,228.45,6.1089,0.0037578
45.881,0.0027447,218.01,31.696,0.0069684
162.91,0.004116,162.21,19.1,0.0029885
48.03,0.0040219,98.46,21.033,0.0020277
166.94,0.0046508,246.47,39.143,0.0027671
129.98,0.003939,248.37,13.435,0.00065045
211.25,0.0019413,270.94,22.96,0.0027425
-5.7553,0.00076282,245.44,21.326,0.0027916
11.62,0.0026818,204.19,7.6792,0.0051193
158.81,0.0046849,145.57,38.378,0.0057195
164.63,0.0059607,219.02,28.411,0.0037557
-121.78,0.0058536,167.22,20.386,0.0075724
104.99,0.0043635,36.818,19.524,-0.0013967
159.11,0.0035871,255.04,32.074,0.00081608
258.93,0.0018208,281.21,44.206,0.0047717
168.02,0.0034878,220.92,2.0534,0.0058843
268.53,0.0029491,444.59,31.08,0.0055337
146.42,0.0070928,7.8653,34.059,0.0069066
148.18,0.00092194,148.92,30.134,0.0054529
235.04,0.0017642,188.9,34.299,0.001888
227.06,-0.0002751,115.69,44.683,0.00016584
179.53,0.0017037,398.11,6.6731,0.0034607
262.06,0.0045928,178.9,23.672,0.0042357
353.05,0.0010516,282.8,18.192,0.0030451
258.01,0.0061348,352.93,9.3716,-0.00083921
166.13,0.0019513,104.45,13.965,0.0035043
88.562,0.00055102,312.24,27.35,0.0060415
76.62,0.0009337,321.13,9.4566,-0.001361
240.73,0.00051948,-2.8384,32.41,0.0015383
182.07,8.6116e-05,266.69,19.382,0.0056914
297,0.0014788,261.47,16.155,-0.00043531
207.09,0.0036938,68.242,12.984,0.0044974
165.31,0.0035536,321.93,18.404,0.0023248
81.411,0.0024961,272.93,11.437,0.0040686
293.29,-0.00072204,240.39,39.866,0.0073346
407.6,0.0030659,175.41,15.72,0.0053212
368.72,0.0034551,286.94,15.831,0.0035684
139.53,0.004851,402.59,41.033,0.0048509
145.91,0.0044451,276.75,11.016,0.0033598
75.591,-4.1059e-05,191.99,18.575,0.0040751
174.4,0.0020474,225.47,29.633,0.0044558
31.408,0.0050462,152.21,4.6553,0.0032923
58.329,-0.00058579,351.4,27.51,0.0042522
256.67,0.00286,258.59,28.157,0.0064189
286.8,0.0027899,218.42,17.379,0.0056586
188.68,0.0018456,282.12,30.843,0.0033607
235.12,0.002372,169.91,20.302,0.0016257
312.62,0.0013433,215.53,17.991,0.0032549
193.96,0.0015614,76.346,25.484,0.002154
214.44,0.00096005,103.72,22.103,0.0023576
301.81,0.0031185,167.17,37.596,0.0070607
262.77,0.0032431,6.2061,10.723,0.0040627
218.32,0.0019807,279.38,16.014,-0.00028006
189.08,0.0033409,159.23,-16.002,6.942e-06
155.51,0.0020098,195.91,22.845,0.0052709
22.311,0.0057348,186.41,9.3822,0.004035
263.47,0.0055872,252.74,16.358,0.004579
295.7,0.0020743,144.48,29.732,0.0067365
236.33,0.0017781,247.05,22.352,0.0023137
213.6,0.001896,240.45,5.1241,0.0027481
129.29,0.0023764,395.19,13.224,0.0014024
121,0.0014039,90.158,21.563,0.00053088
224.82,0.0042702,369.73,5.2526,0.0011597
72.351,0.00058411,65.325,20.907,0.0040423
112.05,0.00083039,138.33,40.094,0.0051111
317.3,0.0030728,212.11,-5.4818,0.0022291
259.87,0.0021352,17.108,38.05,0.00044856
253.45,0.0032165,13.588,15.232,0.0049365
191.01,0.0027411,313.34,7.9253,-0.00053147
83.032,0.0012893,321.17,-8.2407,0.0023721
11.294,0.0036175,167.92,23.774,0.0010043
100.04,0.0029666,62.099,28.225,0.0024133
3.1495,0.004213,252.39,30.587,0.003554
222.29,0.0020805,284.86,30.901,0.0076018
58.395,0.0044901,177.9,13.649,0.0059977
265.72,0.0056859,250.51,27.98,0.0033982
48.485,0.0022155,409.85,24.512,0.0043517
184.17,0.0059712,121.41,31.04,0.0013725
114.4,0.0039711,221.48,28.084,0.0039433
258.52,0.0055072,489.53,34.12,0.0046184
279.75,0.0028545,119.48,29.694,0.0028279
112.56,0.006719,156.61,27.286,0.0035741
176.38,0.0040878,261.33,18.675,0.0056694
315.22,0.0038426,290.14,27.135,0.0012842
157.22,0.0010048,422.12,-5.9794,0.0063336
280.81,0.004719,175.59,9.6327,0.0075902
230.1,0.0050721,192.66,21.821,0.0025173
46.803,0.0017733,195.72,25.53,0.0041709
170.15,0.0015566,170.03,4.0953,0.0035145
118.32,0.0029659,298.07,15.608,0.0030881
297.65,0.0051427,168.02,3.5395,0.0011472
167.76,0.0037391,169.2,18.227,0.0024178
324.46,0.0010638,205.84,8.7653,0.00458
135.32,0.0042849,141.57,1.6803,0.0047111
237.54,0.0028458,283.77,-1.7197,0.0012615
199.43,0.0016571,257.37,35.588,0.0034204
18.885,0.0052401,120.41,20.125,0.0042867
235.75,0.0029181,114.29,30.422,0.0059917
54.448,0.0029918,-20.193,26.318,0.0043784
270.3,0.0017871,243.94,3.9717,-0.00065409
216.04,0.0050778,320.38,36.627,0.0022563
373.71,0.0021674,228.94,17.919,0.0022649
46.451,4.2512e-05,211.92,33.083,0.0029269
180.15,0.0021976,208.07,-4.3895,0.0030063
65.726,0.00060766,270,11.942,0.0060837
335.58,0.0027869,45.645,20.07,0.0042871
168.86,0.0061933,107.76,21.511,0.0081216
131.64,0.002987,251.58,40.94,0.0051336
208.35,0.0044263,403.34,26.814,0.0038358
146.82,0.0059299,50.821,20.054,0.0059868
319.88,0.0035567,232.09,24.795,0.0031678
134.13,0.00308,237.9,33.453,0.0033145
185.65,0.002941,208.5,25.629,0.0040667
225.72,0.0031421,180.07,32.717,0.0016264
213.86,0.0073157,158.04,22.972,0.0033855
127.43,0.0020633,226.88,9.3964,0.002238
194.07,-0.00015864,210.84,44.753,0.0024732
233.35,0.0032606,234.56,44.206,0.0029428
73.605,0.0048083,109.61,34.226,0.00066367
97.907,0.0022939,52.008,27.06,0.0027777
191.21,0.001349,86.999,20.972,0.0037369
283.24,0.0039139,136.89,24.598,0.0067673
176.69,0.0038047,209.35,-2.4075,0.0063716
356.01,-0.00035297,111.19,23.988,0.0029525
412.49,0.0034588,191.04,31.194,0.0029917
82.85,0.0014185,302.99,14.617,0.0057606
385.96,0.0055758,174.93,37.546,0.0037797
85.109,0.0036892,250.08,9.8221,0.00087166
180.01,0.0026217,185.76,24.073,0.0023952
51.213,0.0013555,326.25,-7.6532,0.0024877
324.84,0.0022954,61.073,19.894,0.00033213
282.95,9.5661e-05,391.89,36.355,0.0026758
335.91,0.0018468,228.04,-7.4423,0.0065175
196.98,0.0029307,154.36,33.957,0.0050224
57.137,0.0050797,125.58,10.782,0.0059813
95.715,0.0019964,194.23,19.636,0.0038522
185.06,0.0045893,106.95,14.419,0.0038609
157.63,0.0019521,250.65,14.665,0.006204
352.82,0.0045949,144.23,30.729,0.003374
212.18,0.0054378,190.88,27.456,0.004817
101.98,0.0026628,121.64,19.42,0.0026595
193.38,0.0039382,204.87,7.3246,0.00040723
51.85,0.0028253,216.19,27.746,0.0032173
72.56,0.0026428,159.25,20.26,0.0047409
148.22,0.0040612,299.05,36.962,0.0063876
220.84,0.008021,-10.764,-0.51192,0.00463
184.55,0.0046225,295.55,28.477,0.0016754
293.33,0.0043625,400.73,33.082,0.0058872
292.82,0.0037698,199.35,42.755,0.004246
92.385,0.002602,233.51,21.861,0.0028213
215.21,0.00072703,193.89,19.424,0.0027539
128.92,0.0034302,80.471,17.062,0.0014741
274.14,0.0053048,239.99,10.217,0.0044412
9.7993,0.0018841,152.22,18.412,0.0050726
180.89,0.0034224,468.08,17.99,0.0043029
77.787,0.00278,93.386,11.968,0.0050129
305.1,0.005135,256.43,21.011,0.0037543
311.83,0.0020649,90.777,20.211,0.0036114
89.546,0.0048878,139.62,14.491,0.002647
229.99,0.002737,208.55,10.943,0.0066271
245.38,0.0041287,151.47,19.349,0.00096747
149.16,0.0010662,54.783,19.487,0.0041593
194,0.0015949,308.33,27.24,0.0056837
92.024,0.00064113,300.66,26.193,0.0048198
193.25,0.0014258,153.54,21.406,0.0052837
331.07,0.0029392,250.76,16.184,0.0032098
90.619,0.0024977,195.35,-8.1229,0.0022799
372.09,0.0014854,204.29,16.329,0.0034799
149.76,0.0051312,145.96,33.912,0.0060231
297.01,0.0024592,160.27,-9.7047,0.0052212
52.52,0.0033283,202.26,6.7568,0.0028296
152.44,0.0011154,212.64,2.6447,-0.00029307
175.88,0.0030532,373.21,31.857,0.0043929
178.22,0.0042293,273.09,24.044,0.0080264
-18.751,0.0019453,276.05,5.1822,0.0058293
199.45,0.0038568,60.34,27.492,0.0079195
388.93,0.0032842,393.41,35.725,0.0059214
263.14,0.0020236,89.925,41.747,0.001162
355.31,0.0049969,169.12,45.516,0.0034612
176.42,0.0038377,148.97,30.736,0.0049373
104.88,0.0020158,238.71,48.065,0.0026102
150.31,0.0027806,309.69,26.357,0.0043519
106.07,0.0038778,213.93,13.229,0.0015817
135.89,0.00021372,93.405,25.115,0.0049523
-13.671,0.0019785,241.15,30.996,0.0066003
268.17,0.0034801,206.43,24.438,0.0016253
418.58,0.0033723,362.21,16.365,0.0045363
176.37,0.0035127,251.32,22.009,0.004893
177.17,0.0022165,204.67,18.693,0.0035242
290.98,0.0036481,188.9,10.265,0.0030774
191.67,0.0020584,318,34.601,0.0019155
223.1,0.0036143,277.59,24.881,0.0030611
99.119,0.00052869,213.91,32.614,0.0018725
166.06,0.0056891,74.746,19.285,0.0039893
126.98,0.0015966,103.7,-2.3341,4.0058e-05
60.447,0.0017069,192.09,38.384,-0.00058403
348.58,0.0013718,193.64,1.3761,0.007429
294.37,0.00083925,278.28,28.13,0.002074
-13.25,0.0044551,339.39,12.881,0.0030029
184.3,0.0010961,264.44,18.896,0.0027918
79.891,0.002306,267.55,22.003,0.0013897
193.5,0.0030569,176.73,5.0314,0.0069036
197.81,0.004058,302.61,-3.7788,0.0055425
359.57,0.0063672,320.1,6.4113,0.0028197
111.15,0.0032087,278.96,-5.8391,0.0051156
233.44,0.0011262,251.72,29.903,0.0055134
275.81,0.007631,256.4,17.958,0.0021982
207.26,0.002579,59.825,27.38,0.0072849
136.17,0.0024527,248.58,5.1117,0.0051198
232.99,0.0016698,153.46,8.0156,0.0064294
307.15,0.00024579,146.65,35.226,0.0044696
99.391,0.0037525,289.09,10.97,0.0055729
213.56,0.0034556,173.31,28.062,0.001336
315.16,0.0062093,308.1,11.373,0.0071709
52.737,0.0024432,333.09,35.14,-2.0983e-05
162.99,0.0042216,303.61,29.318,0.0010403
240.9,0.0061986,105.79,51.343,0.004379
214.8,0.0041706,421.02,47.074,0.0023268
138.45,0.0036635,275.03,35.083,0.0042307
107.62,0.0035971,187.59,24.956,0.0057539
148.39,0.0030598,259.91,41.472,0.005565
367,0.00395,164.42,22.025,0.0046702
186.47,0.0026755,201.79,19.163,0.0051598
57.156,0.0016731,212.23,24.081,0.005279
219.18,0.0029817,218.27,24.445,0.0052324
354.88,0.0026934,-7.2326,4.2578,0.0050248
270.42,0.004771,84.905,8.0122,0.0052854
232.2,-0.00036867,262.05,29.577,0.004648
173.98,0.0012325,97.583,27.479,0.0045981
120.95,0.00074039,269.28,21.58,0.0035269
366,0.0032795,181.78,3.0353,0.0031874
181.54,0.0017279,317.77,1.9167,0.0033229
149.59,0.0030302,247.85,-2.615,0.00283
226.44,0.0053697,248.87,25.914,0.0080888
189.03,0.0039068,360.29,5.3976,0.0086564
126.1,0.0026872,250.8,27.098,0.0021705
304.88,0.0012862,228.45,26.855,0.0052424
222.26,0.006416,279.19,23.074,0.0027357
290.49,0.0025194,175.64,24.958,0.0036504
79.851,0.0018879,345.11,47.632,0.0055007
213.37,0.0059406,-11.843,22.862,0.0055789
296.14,0.0017684,-62.976,10.89,0.0068351
143.96,0.0022457,289.71,11.636,0.00064888
336.84,0.0026505,296.24,44.846,0.00061946
137.03,0.0037952,181.69,31.527,0.0068074
122.07,0.0045423,132.33,23.704,0.0039855
133.68,0.0023692,116.77,31.976,0.0056836
146.66,0.0040837,50.945,7.2692,0.007601
194.42,0.0021644,250.47,12.016,0.0034536
156.1,0.00010614,233.08,5.8905,0.0032124
459.8,0.0037019,129.89,36.827,0.0038864
121.31,0.0037518,240.93,29.433,0.0033499
230.97,0.0059474,117.46,15.9,0.0072411
272.06,0.0027731,135.92,14.221,0.0018709
89.438,0.0051083,228.63,-0.24919,0.0014404
61.545,0.0056153,183.19,29.074,0.0041468
-73.176,0.0016639,171.17,26.492,0.0035113
159.01,0.0040657,309.48,5.2418,0.0021679
253.54,0.0038589,192.81,20.926,0.0031956
358.03,0.0016833,196.21,-1.4629,0.0063807
143.55,0.0030731,356.95,16.561,0.0028726
209,0.00061733,199.49,20.571,0.0065957
102.52,0.0027995,27.119,-4.5215,0.0020743
179.1,0.0026288,339.02,13.318,0.0061989
253.04,0.0045498,40.05,-14.703,0.0033979
107.61,0.0029246,183.56,-2.623,0.0063456
105.21,0.0051852,202.07,25.104,0.0046691
-8.3522,0.0014456,198.97,19.05,0.0071107
183.69,-0.0020924,234.26,21.118,0.0033835
316.28,0.0059704,276.21,16.099,0.0050945
26.285,0.0048509,31.62,4.4582,0.0058914
273.63,0.0052285,297.47,29.507,0.0052775
280.93,0.0023219,90.984,10.744,0.0011046
191.1,0.0015555,135.43,2.3064,0.0027775
182.4,0.0023027,250.87,18.644,0.0067136
204.9,0.0032596,185.16,44.579,0.0014659
141.01,0.0037956,45.162,39.532,-0.002876
219.6,0.0028709,368.44,9.0041,0.0025874
411.01,0.0052673,320.76,20.915,0.0064866
190.63,0.0028736,138.46,32.215,0.0020372
234.76,0.0036957,292.06,24.368,0.0062266
163.23,-5.9222e-05,107.2,4.0478,0.0042167
262.74,0.0039402,164.81,20.163,0.004787
435.64,0.0037278,202.35,32.615,0.0043285
276.84,0.0023986,128.04,19.944,-1.519e-05
80.173,0.0019778,413.67,27.714,0.0019415
212.36,0.0024525,187.51,18.474,0.0019126
130.08,0.00064931,191.66,23.694,0.0040811
168.12,0.003221,154.87,31.211,0.0043739
375.86,-0.0019728,137.37,32.386,0.0044924
79.909,0.0039537,307.86,13.978,0.0005061
353.91,0.003442,217.89,13.092,0.0056645
242.62,0.0024054,103.91,-10.953,0.0039804
166.1,0.0033113,145.68,29.629,0.0055269
241.67,0.0015753,171.43,12.199,0.0035639
310.57,0.0020148,148.4,16.71,0.0016769
286.7,0.0043539,349.14,6.9798,0.0072158
170.7,0.0017588,339.29,27.545,0.0091589
237.51,0.0035913,159.57,22.175,0.00047449
241.49,0.0019297,-53.572,19.873,0.0044091
110.85,0.0016205,190.55,23.352,0.0031196
100.13,0.0040803,117.34,4.9253,0.0042532
335.26,0.0050676,228.55,28.472,0.0046652
140.57,0.0049826,75.391,22.389,0.0013589
111.75,0.0019307,90.066,31.161,0.0049539
198.95,0.0068936,288.05,18.835,0.0039108
153.87,0.00429,269.61,25.691,0.003561
249.23,0.0046431,252.21,35.317,0.0010606
310.58,0.004148,79.541,30.233,0.0048864
426.97,0.0027734,218.31,12.203,0.0040795
149.93,0.0017122,195.38,38.422,0.0033796
204.41,0.0053443,22.377,41.041,0.0051917
225.38,0.0040819,310.66,32.529,0.0066071
378.9,0.0027504,339.04,22.013,0.0034491
132.13,0.0033754,99.635,4.0546,0.0038896
95.364,0.00065071,163.99,-3.4417,0.0017548
173.25,0.0026974,231.81,38.46,0.0051558
231.93,0.0026374,181.92,32.231,0.0048467
244.16,0.0020597,47.601,32.207,0.0041069
154.29,0.0036571,262.75,-4.019,0.0053622
278.13,0.0016533,310.84,18.441,0.0035825
143.42,0.0040676,211.41,21.212,0.0054839
0.20617,0.0037948,388.03,20.702,0.0053515
113.08,0.0019328,85.77,8.3586,0.006682
226.13,0.001496,113.22,19.031,0.0031444
124.93,0.0020978,138.56,10.846,0.0014136
126.65,0.0043687,301.96,17.829,0.00018255
190.55,0.0037123,400.33,3.3697,0.0023394
76.113,0.0038877,204.58,27.014,0.0040713
130.93,0.0014345,258.62,12.529,0.0037397
175.86,0.0023096,186.61,7.9247,0.00031534
497.3,-0.0031162,64.291,-6.9768,0.0061106
246.75,0.004007,175.34,19.697,-0.00091
187.14,0.0053213,456.4,15.69,0.0041482
102.24,0.0019409,263.38,-2.8431,0.0084861
311.62,0.0013855,156.02,20.243,0.0037603
176.13,0.0039954,332.88,3.6512,0.0062869
138.08,0.0012502,238.51,5.0113,0.0043305
144.81,0.003242,282.52,25.6,0.0027813
201.8,0.0046238,26.72,27.078,0.0034362
317.17,0.0010475,121.47,12.157,0.0034334
363.43,0.0055131,182.88,31.927,0.0068308
237.29,0.003161,352.05,19.169,0.0011408
405.91,0.0034405,201.21,35.978,0.0023979
62.957,0.004892,126.32,14.389,0.0059049
129.4,0.001669,180.44,27.445,0.0054765
301.48,0.002737,118.56,9.8687,0.0056303
277.57,0.004685,224.43,26.137,0.0019266
239.24,0.0044014,203.4,25.225,0.0042989
132.6,0.0045092,243.89,25.609,0.0008193
216.53,0.0036484,105.28,36.139,0.0032656
240.6,0.0033679,325.73,40.307,0.0064139
380.08,0.00099811,61.253,24.165,0.0041714
402.48,0.0056373,166.83,32.76,0.0019208
160.23,0.0019375,122.27,23.704,0.0034681
175.37,0.0018513,286.23,2.789,0.0029594
209.61,0.0060006,171.51,7.555,0.0019007
204.06,0.005073,175.55,27.708,0.0060257
-65.851,0.00020038,313.07,13.123,0.0039254
77.302,0.0061548,163.48,10.2,-1.8437e-05
156.29,0.0049345,252.87,27.693,0.0062421
3.7942,0.00047221,147.67,15.069,0.0018657
238.83,0.0023293,126.68,20.36,0.0027736
168.33,0.0015673,199.01,8.3021,0.0028566
223.1,0.0037725,297.85,22.884,0.00033068
162.69,0.0013123,178.39,16.011,0.005257
316.37,0.003953,163.21,27.713,0.0072185
225.96,0.0036222,259.1,21.584,0.0021435
244.52,0.0015453,214.39,17.198,0.0061076
20.805,0.0032743,39.345,15.189,0.0047856
197.13,0.001719,257.88,21.501,0.0027028
152.3,0.001042,181.34,9.9492,0.0052347
212.99,0.0013296,300.93,14.495,0.00085377
88.84,0.0058226,125.34,5.069,0.0033645
20.573,0.0019595,267.88,30.586,0.0036243
207.65,0.004674,75.248,28.731,0.0015909
167.58,0.0019764,346.29,16.188,0.0044672
233.49,0.0029976,-14.673,26.818,0.0038084
405.32,0.0022709,149.03,26.488,0.0020496
149.89,0.0038674,233.25,21.8,0.0031052
144.45,0.0033935,316.24,19.987,0.002138
270.77,0.0035275,270.42,24.542,0.0055586
268.47,0.0070801,250.77,39.748,0.006401
270.62,-0.0002827,308.65,23.845,0.0056266
188.2,0.0026567,163.88,9.5473,0.0063852
204.66,0.0027188,187.07,21.54,0.0062572
507.58,0.0012152,238.24,26.773,0.0016914
101.7,0.0012217,62.905,17.847,0.0014505
80.983,0.0027282,-45.475,13.492,0.0026004
314.52,0.002381,337.54,1.7666,0.0092546
165.48,0.0038461,181.64,22.597,0.0058748
190.81,0.0043119,245.45,14.64,0.0043533
224.75,0.0031216,37.257,21.373,0.0065936
192.98,0.0010397,313.26,13.841,0.0032936
158.7,0.0033497,47.198,20.522,0.0023585
50.852,8.1028e-05,249.96,14.335,0.002623
-48.161,0.0016933,350.59,8.2094,0.0041538
101.38,0.0042988,333.46,15.44,0.0048957
108.8,0.0030244,173.02,11.9,0.0029358
199.52,-0.00031754,292.93,2.0616,0.0033861
161.67,0.0024095,190.51,18.297,0.0043969
165.08,0.0031717,147.17,15.648,0.0031411
322.16,0.0037472,127.78,6.8925,0.0017416
398.19,0.0034685,-6.7938,29.611,0.003108
266.36,0.0048452,43.991,31.761,0.006255
-4.0463,0.0036675,209.57,32.089,0.011395
288.07,0.0043951,43.303,27.037,0.002237
149.14,0.0074828,130.22,24.653,0.0077695
59.933,0.005344,283.61,26.572,0.0056743
226.13,0.0026896,214.25,21.423,0.0053341
232.89,0.0029251,159.57,30.413,0.0022398
223.05,0.002643,230.57,40.891,0.0051013
37.725,0.0035683,-1.9291,33.282,0.0012238
294.73,0.0048374,215.58,30.556,0.0067737
184.86,0.0054838,206.68,33.633,0.0061356
100.33,0.0018607,25.196,25.678,0.005478
275.06,0.0021876,324.44,45.52,0.0036596
88.715,0.0017709,44.496,24.229,0.005216
230.56,0.0054334,273.78,16.557,0.0047747
245.34,0.0051616,165.72,5.5672,0.0048288
-13.504,0.0032279,149.09,28.483,-0.00092696
-24.369,0.0023175,146.61,11.49,0.0042697
112.05,0.0011034,158.15,9.459,0.0070274
273.9,-0.00080203,94.179,16.701,0.0026525
354.44,0.0031608,119.95,12.575,0.001024
198.21,0.0039362,133.13,14.344,0.0046554
203.14,0.0040609,274.4,10.6,0.0016265
208.63,0.0026989,81.833,17.858,0.0046311
168.25,0.0031466,208.4,18.311,0.00065323
171.09,0.0046229,231.07,25.476,0.0029028
159.65,0.0018454,60.398,31.108,0.003312
357.63,0.0044565,350.38,15.82,0.0012324
34.53,0.0038032,7.7601,4.5032,0.004435
246.98,0.0019107,196.57,31.615,0.0040873
221,0.0015166,54.15,11.594,0.0072258
237.76,0.00073286,199.01,44.037,0.0023912
137.01,0.0034961,153.86,46.858,0.00023975
203.14,0.0031159,148.32,23.703,0.0043694
298.18,0.0021964,114.33,7.2429,0.0044588
195.46,0.0054051,227.04,31.747,0.0056931
104.81,0.0036779,144.15,34.753,0.0053311
-23.074,0.0045256,157.01,33.404,0.0063557
241.93,0.0027858,293.54,28.393,0.0054922
323.17,0.0056151,312.02,35.993,0.0047726
198.54,0.0075334,259.8,22.694,0.0055472
173.48,0.0024882,169.48,26.018,0.0077264
274.46,0.0031616,230.14,29.716,0.0025707
349.81,0.0045525,118.13,19.293,0.002194
220.76,0.0042031,147.93,25.511,0.0030255
-16.497,-0.00087382,72.197,5.8733,0.0067346
275.47,0.0016807,130.81,5.6533,0.005993
240.82,0.0031423,99.742,23.398,0.00177
194.03,0.0030614,88.412,12.473,0.0023894
145.09,0.00090779,176.01,3.4469,0.0086609
196.64,0.0022859,325.92,6.9901,0.0089555
284.4,0.0030922,156.56,14.833,0.0011774
152.95,-0.00060268,313.83,22.149,0.0076558
328.08,0.0025422,250.48,7.4543,0.0044869
315.55,-0.00040372,208.87,0.89947,0.0040082
208.36,-0.0011684,180.7,3.4722,0.0012013
238.83,0.00017172,203.32,9.2956,0.0039145
227.69,0.0030269,545.43,8.7274,0.0013923
257.08,0.0033104,310.86,10.761,0.0051808
76.233,0.0030648,271.58,21.07,0.0047957
163.4,-0.0023015,306.88,10.494,0.0036764
277.89,0.0031445,186.87,23.05,0.0065579
58.504,0.0032786,350.9,12.483,0.002064
161.06,0.0032474,256.2,1.9506,0.0011892
299.4,0.0049537,216.61,25.201,0.003163
209.02,0.0039761,87.528,0.65897,0.0017697
184.05,0.0066596,125.82,29.643,0.003914
306,0.0044393,179.56,38.117,0.0044904
12.461,0.0021112,133.32,12.289,0.0051097
299.65,0.0051896,108.01,20.331,0.006102
97.584,0.0057007,179.06,52.736,0.0032272
287.91,0.0027243,438.55,36.18,0.0024654
174.14,0.0056339,183.27,22.91,0.0049246
257.53,0.0058972,377.92,27.021,0.0061239
170.44,0.0023947,168.47,13.209,0.0032355
327.48,0.0058258,199.81,17.559,0.0037315
147.99,0.0034324,164.59,22.381,0.0080526
88.738,0.0029207,287.65,41.522,0.0013291
219.12,0.00098884,292.32,3.64,0.0049972
152.22,0.001972,218.36,4.1839,0.0024621
79.143,0.00019392,420.71,15.738,0.0026294
97.247,0.0026852,402.7,29.639,0.0047881
130.2,0.006025,177.72,44.958,0.0039
162.51,0.0030978,327.02,7.8305,0.0050921
224.54,0.0019555,285.84,30.525,0.0031634
222.23,0.0033533,80.12,25.509,0.0015037
195.92,0.0034171,190.66,40.47,0.0021953
7.0737,0.0029021,282.39,-1.3004,0.0025129
275.66,0.0026613,344.66,-3.0264,0.0040528
152.58,0.00075419,148.86,12.508,0.0015057
179.31,0.0015274,111.19,15.169,0.0035089
63.467,0.0046102,52.96,2.3648,0.0059307
299.45,0.0025838,158.2,10.741,0.00047719
215.67,0.0032765,108.64,25.672,0.0023246
266.59,0.0027682,201.51,-1.0163,0.0021364
111.34,0.0020802,156.23,13.586,0.0010051
131.7,0.0035885,283.99,17.713,0.0023728
200.62,0.0016975,215.86,24.799,0.0024641
172.28,0.0010457,255.85,19.221,0.0074675
18.13,0.004329,81.028,26.278,0.0033555
110.88,0.0028345,161.1,0.01973,0.0044776
99.688,0.0024922,176.07,20.504,0.0041153
431.81,0.0052231,114.79,19.76,0.0051884
158.1,0.0053938,176.92,26.988,0.0071691
79.265,0.0025778,220.58,34.791,0.001945
165.3,0.0034306,192.13,2.1887,0.0051244
295.87,0.0017388,316.81,13.631,0.0054263
106.33,0.0014092,122.35,35.02,0.0031387
84.495,0.0028616,163.58,44.887,0.0052968
244.49,0.0014553,181.59,35.09,0.0049229
97.089,0.0051703,261.39,46.287,0.0072833
204.15,-0.0016562,235.45,29.474,0.0032452
304.43,0.0047252,44.32,38.763,0.0030093
156.5,0.003292,77.972,7.0896,0.0083181
318.04,0.0044361,233.96,26.874,0.0028209
159.23,0.0047863,235.98,17.154,0.0078264
52.376,0.0064912,245.31,-2.7688,0.0057336
157.99,0.0031385,194.9,10.057,0.0046351
252.15,0.00034967,347.6,17.826,0.0013731
19.679,0.0027478,272.34,9.8262,0.0052125
129.07,0.0027734,-16.008,3.8855,0.0061728
189.34,0.0027357,-51.7,25.982,0.0030273
197.42,0.0021861,103.58,33.885,0.0014886
180.08,0.0031413,285.01,16.924,0.0037226
189,0.0011421,225.79,5.9039,0.0037528
53.635,0.0026435,183.03,0.32026,0.0074957
13.742,0.0020172,274.55,-5.4081,3.5209e-05
232.99,0.0026928,367.72,10.776,0.0025081
366.85,0.00074583,192.6,-3.4923,0.0053821
204.55,0.0024782,504.41,0.028627,0.0046725
236.09,0.001616,230.71,27.551,0.0040348
103.96,0.00098522,255.99,19.801,0.0069896
64.565,0.00035684,110.75,38.311,0.0025918
144.29,0.0026731,210.22,10.598,0.0049517
149.67,0.001238,252.78,22.226,0.0038398
37.313,0.0051239,117.87,21.138,0.0056258
94.607,0.00090068,179.97,22.743,0.0021418
218.63,0.0051578,284.11,29.242,0.0053521
140.53,0.0040362,188.34,24.654,0.005818
125.57,0.003366,272.43,31.401,0.0045305
234.57,0.0031336,241.07,36.77,0.0050158
163.1,0.0081308,165.66,35.432,0.0034431
191.1,0.0026546,262.94,25.491,0.0058223
103.49,0.0032957,112.28,25.39,0.0056252
-46.733,0.0052917,110.56,25.236,-0.0023165
10.022,0.0014427,65.353,21.15,0.0037787
259.51,0.0030388,143.8,53.49,0.0047546
284.18,0.0021368,238.03,29.963,0.0028618
260.01,0.0054772,128.1,35.465,0.0016816
32.511,0.00089821,122,25.733,0.0033524
-5.8827,0.0031324,219.89,4.42,0.007437
422.01,0.0029595,146.25,8.6866,0.0054434
149.71,0.0032309,118.23,7.7289,0.0044026
514.62,0.002759,119.77,13.924,0.0060428
253.62,0.0030612,75.273,21.403,0.0041225
406.78,0.0009193,261.03,30.1,0.002302
178.27,0.0021512,-27.381,12.648,0.00061438
225.1,-0.00033636,199.97,19.822,0.0052335
208.71,0.0019276,212.63,23.883,0.0019982
178.89,0.0034202,284.97,29.795,0.0022619
318.25,0.0027541,239.02,18.304,0.0044236
180.77,0.0011194,234.44,0.29724,0.002289
171.28,0.0040577,342.13,12.827,0.005801
274.25,0.0010875,37.034,29.005,0.0065946
173.48,0.00014066,107.12,14.093,0.0034323
-9.8988,0.0045942,93.389,39.16,0.0002038
91.824,0.0011487,144.44,38.078,0.0062467
209.15,0.0022165,71.376,13.897,0.0040866
79.384,0.0044141,299.9,50.927,0.0052067
240.26,0.0005799,197.46,16.277,0.0011031
50.087,0.0026157,192.85,42.726,0.0049528
310.02,0.002476,223.43,45.695,0.0028537
231.29,0.0027292,127.03,9.3664,0.0081413
272.21,0.0031548,12.856,22.473,0.0062153
99.834,-0.0033898,165.44,29.38,0.00211
158.15,0.0021689,183.06,25.727,0.0017987
264.06,0.0042605,150.5,14.492,0.006118
223.75,0.004992,463.3,31.925,0.0041446
146.59,0.0064413,191.17,15.969,0.0049263
278.45,0.00094725,145.89,30.82,0.0056583
249.97,0.00086657,372.7,38.569,0.002515
224.62,0.0010086,190.59,29.718,0.0056538
49.786,0.0021379,292.39,6.8923,0.0017196
228.16,0.0050149,213.86,22.087,0.0041058
307.28,0.0034683,109.3,44.863,0.0012719
275.79,0.0035378,350.24,7.1839,0.0057919
132.72,0.0028157,179.85,30.409,0.0054032
260.66,0.0027402,238.94,7.0419,0.0057454
370.58,0.0012343,35.65,15.726,0.0067865
140.55,0.0031565,374.51,24.953,0.0037619
96.916,0.0003789,261.44,13.287,0.0003171
186.86,0.0040864,385.22,9.9085,0.0038039
160.43,0.00076066,188.85,12.886,0.0071963
133.11,0.00042025,227.63,13.852,0.0076359
161.26,0.00026179,72.28,26.891,0.0041273
220.16,0.00075621,200,10.272,0.0054978
184.12,0.0017844,115.83,20.988,0.0035713
258.46,0.0022547,175.63,19.624,0.0013867
180.08,0.0013244,120.68,11.453,0.0051188
435.84,-2.5335e-05,203.06,11.403,0.0040165
192.75,0.00095984,296.67,7.2885,0.002234
279.82,0.00072578,285.73,23.201,0.0036093
75.717,0.0046124,93.175,32.362,0.0051926
114.89,0.0015605,227.67,23.958,0.0029505
264.27,0.0054583,-153.08,6.8912,0.009484
264.65,0.0031939,164.46,10.093,0.0029592
212.66,0.0030686,229.17,8.1601,0.0034699
338.42,0.0045469,199.97,18.295,0.0077371
215.7,0.0025542,381.11,30.276,0.0032348
166.4,0.0030411,323.42,22.929,0.00055235
247.13,0.0054721,310.64,6.3205,0.0069983
141.91,0.0021371,148.95,20.197,0.0056039
108.89,0.005133,79.638,26.584,0.0071483
232.59,0.0052883,212.52,39.791,0.0030825
246.31,0.0011344,221.5,37.942,0.0044644
135.57,0.0061172,167.11,5.8534,0.0015803
169.1,0.0049985,310.6,16.845,0.0058042
214.6,0.0042792,184.12,12.206,0.0049418
368.19,0.0025976,263.19,29.756,0.0023081
336.11,0.0027818,452.86,32.924,0.0011252
224.97,0.0036174,195.77,16.472,0.0055199
85.361,0.0035291,226.13,8.9136,0.0013729
215.41,0.0065448,110.32,11.609,0.0032578
148.79,0.0014221,239.54,14.281,0.0023863
234.4,0.0021214,201.18,20.1,0.0025001
290.08,0.0038246,263.26,17.036,-0.0010889
207.83,0.0034074,261.7,-3.1578,0.0017133
197.23,0.00084576,125.56,-2.4182,0.00455
96.972,0.0016424,182.24,17.127,0.0050549
283.73,0.0028606,254.89,11.584,0.0037089
263.96,0.0047031,61.305,-1.519,0.0063879
173.09,0.0032235,214.31,27.903,0.0020546
72.126,0.0066288,164.9,15.675,0.0045628
289.28,0.0025638,180.53,34.114,0.0045214
109.1,0.0033446,185.77,16.308,0.00309
96.08,0.0026141,35.811,27.047,2.1091e-05
276.63,0.0025299,151.14,28.292,0.0032489
253.18,0.0046084,289.8,28.002,0.0035697
190.51,0.0035533,10.882,41.563,0.0049169
142.88,0.0017309,266.08,29.101,0.0046499
187.64,0.0050575,371.22,22.262,0.0071525
253.66,0.0029568,152.96,28.18,0.0081975
191.19,0.0016069,259.35,38.579,-0.00064374
292.48,0.0046349,-10.628,24.446,0.0023201
150.29,0.0010673,289.66,24.631,0.0032202
141.4,0.0015437,45.581,26.752,0.0032235
-103.67,0.0032402,224.73,12.124,0.0030886
264.13,0.0022647,158.28,11.098,0.0055518
359.04,0.0040961,170.96,14.278,0.0087631
118.98,-0.00081117,345.63,35.726,0.0047726
272.53,0.0033216,367.99,32.189,0.0035708
275.52,0.001772,249.4,7.8375,0.0021176
225.57,0.0069364,184.63,11.034,0.0061537
24.858,0.0039316,172.22,5.0945,0.0022352
293.55,0.0014153,214.83,5.9928,0.0022236
343.51,0.0020287,10.652,20.111,0.0024879
175.45,0.0023256,170.17,23.395,0.0036735
91.835,0.0053235,411.5,26.262,0.001359
361.08,0.001569,74.3,22.172,-0.0012396
326.09,0.003628,344.88,19.037,0.0049227
248.71,0.002645,329.53,18.152,-0.0014954
133.99,0.0028464,233.38,25.537,0.0024725
232.68,0.001246,174.02,-5.5984,0.0035972
220.48,0.0028668,251.02,37.218,-0.00014689
69.503,0.0029499,420.77,17.826,0.0054601
96.589,0.0044105,179.79,30.955,0.0037776
-133.29,0.0055783,378.04,34.684,0.00067423
180.71,0.0052677,243.34,53.382,0.0070583
273.38,0.0039712,190.84,9.7869,0.0030262
224.64,0.0041879,346.63,9.2177,0.004103
102.73,0.0030792,122.57,4.5396,0.004629
111.68,0.0032368,188.83,31.874,0.0084311
322,0.0034459,210.08,41.567,0.0050463
294.6,0.0033211,200.94,42.944,0.0050687
325.45,0.0041018,321.79,16.107,0.00057988
122.91,0.0047063,249.9,40.64,0.0044711
227.18,0.0043155,170.2,30.842,0.0045794
277.63,0.0054065,89.498,17.526,0.0062712
246.66,0.0041337,121.11,27.893,0.00088311
58.803,0.001519,283.59,21.072,0.0041674
182.22,0.0032618,311.26,27.701,0.0047767
529.95,0.0025497,351.76,27.622,0.0015716
233.72,0.0050513,144.48,13.709,0.0024601
171.73,0.0044577,120.25,17.551,0.0032216
428.89,5.7055e-05,325.18,12.508,0.0052107
124.44,0.0013663,149.42,22.409,-0.00085535
118.87,0.0010147,323.05,-2.952,0.0071098
187.9,0.0029615,-95.293,22.328,-0.00079343
263.21,0.002997,226.16,31.929,0.002916
56.368,0.0038009,261.84,23.561,0.0017231
86.372,0.0044799,200.99,2.9574,0.0020513
210.37,0.0027378,91.772,14.902,0.0041986
261.44,0.003181,181.24,18.497,0.0049352
63.45,0.0001914,249.86,18.374,0.001701
285.37,0.0019772,170.61,12.616,0.0029171
275.48,0.0027664,274.26,6.8804,0.0071699
18.118,0.0042295,267.1,15.045,-0.00091573
133.77,0.0043691,234.7,26.616,0.0067608
32.876,0.0023616,185.77,25.315,6.385e-06
214.58,0.00049584,128.97,17.259,0.0059609
188.97,0.0028273,129.07,44.643,0.0045487
242.89,0.0033246,379,24.766,0.0010898
196.14,0.0024346,55.37,13.373,0.0055419
169.97,0.0042454,97.121,12.565,-0.00017849
260.54,0.0030911,144.88,21.349,0.0020798
221.38,0.0021256,303.73,21.535,0.0072768
247.83,0.0045402,140.26,42.315,0.00044493
212.43,0.0029265,92.754,32.05,0.0059495
317.82,0.0073484,93.932,47.943,0.0026058
140.75,0.0060782,266.57,43.506,0.0025104
283.21,0.0020094,284.2,21.225,0.0060044
263.3,0.004303,154.69,23.146,0.002363
88.518,0.0036083,294.25,2.2952,0.0035157
152.45,0.0011347,190.68,37.691,0.0039792
257.44,0.0033507,291.33,14.621,0.0036512
265.35,0.0027227,134.95,18.626,0.0045529
188.96,0.0028233,408,18.86,0.0034202
240.51,0.0020878,260.03,20.706,0.0017944
140.49,0.0039164,199.89,10.638,0.0060426
370.47,0.0029728,226.66,26.232,0.0011637
139.25,0.0021239,111.51,20.887,0.0019076
397.72,0.0017537,82.173,33.295,0.0013678
326.99,0.0042669,57.882,12.477,0.0076335
213.03,0.0030966,-80.61,13.801,0.003174
283.88,0.0019041,224.29,25.452,0.0013271
96.189,0.0074458,394.35,13.116,0.0045825
147.16,0.0067427,115.21,14.338,0.0034212
77.973,0.0042253,197.11,16.167,0.0035795
263.48,0.0028714,114.61,31.452,0.0035676
252.66,-0.00013195,156.65,21.406,0.0046267
144.13,0.0059187,252.96,29.331,0.0032381
159.29,0.0031698,257.76,13.192,0.0043744
250.46,0.0038333,333.78,30.106,0.0044201
90.851,0.0014893,36.879,21.981,0.0044777
168.74,0.0047286,242.07,40.703,0.0043832
131.98,0.0045395,309.34,29.862,0.0057475
171.02,0.0034821,145.91,28.474,0.0064733
178.16,0.0048263,285.72,34.924,0.0062397
117.09,0.0027503,122.35,52.363,0.0037121
138.79,0.0036162,276.61,43.899,0.0052851
135.29,0.0034572,127.95,31.253,0.0025376
163.18,0.0063785,89.063,27.404,0.0042774
159,0.003973,238.15,31.75,0.0048687
159,0.0047025,377.32,28.806,0.00090597
127.11,0.0054082,221.64,17.961,0.0050416
34.222,0.00099591,388.22,21.504,0.00053495
204.16,0.0047617,414.41,17.358,0.00081266
277.18,0.0036028,193.14,-4.0221,0.00086302
80.057,0.0040719,236.79,30.462,0.0042637
228.19,0.0018042,422.58,0.44547,0.0045822
212.62,0.0041883,152.8,5.0854,0.0041775
145.14,0.0046436,257.92,27.812,0.0014294
37.527,0.0030614,221.29,24.623,0.0026728
279.99,0.0040242,217.86,7.9615,0.0041175
117.98,0.0010069,65.347,-5.6685,0.0055514
88.505,0.0034708,212.59,-2.7116,0.0042138
247.27,0.0036193,216.89,1.4583,0.0030826
195.87,-0.00090434,168.44,11.428,0.0020801
93.406,0.0065394,311.18,-14.731,-0.00027373
223.21,0.0046325,-2.553,28.696,0.0046714
10.373,0.0029666,147.5,17.245,0.00051157
269.34,0.0036506,263.87,21.632,0.003431
220.52,0.0023111,344.74,19.469,0.0049773
179.61,0.0046587,213.97,27.513,0.0075898
113.66,0.0021756,263.86,25.284,0.0037472
211.86,0.0025423,214.08,32.468,0.0032079
273.39,0.002961,212.49,49.762,0.0057107
99.448,0.00033057,245.56,4.3982,0.0036104
288.39,0.003887,65.127,32.899,0.0056044
125.54,0.0020328,154.04,11.17,0.0032103
235.7,0.0018481,188.69,48.133,0.0072753
266.69,0.0042071,106.77,25.905,0.0051414
118.96,0.0048891,282.39,11.123,0.0042695
197.81,0.0051795,204.13,15.388,0.0071819
189.84,0.0022852,85.244,17.605,0.0047657
213.86,0.0054908,83.232,6.3725,0.0056104
119.72,0.0027249,61.935,37.945,0.0054632
315.11,0.0033952,106.08,1.3508,0.00322
110.29,0.00081581,149.85,16.642,0.0045845
166.44,0.0067947,183.28,-1.4968,0.0023674
227.18,0.0068017,165.58,22.897,0.0015183
135.7,0.0015922,113.65,10.959,0.0053148
284.52,0.003986,338.32,29.014,-0.00031278
345.89,-0.0013315,222.06,3.6154,0.0045439
271.95,0.0029295,320.06,14.876,0.0041984
213.43,0.0040961,149.67,5.8392,0.0038886
310.2,0.0026571,128.59,1.9743,0.0026197
291.1,0.0024741,205.02,23.51,0.0045252
201.77,0.0010177,172,33.343,0.0030715
218.47,0.0018359,231.73,25.927,0.0041678
373.44,0.0018813,344.12,36.858,0.0032419
13.104,0.0031183,175.83,21.855,0.0032106
61.996,0.0076277,279.4,24.875,0.0028443
151.44,0.0011376,119.82,24.629,0.0033147
189.1,-1.3602e-05,85.645,15.569,0.004641
265.61,0.0044644,251.58,32.991,0.0046737
308.91,0.0030572,57.665,18.21,0.0053784
231.28,0.0059631,246.52,28.346,0.006699
85.635,0.0044732,232.64,39.419,0.003426
136.95,0.0018868,80.213,27.081,0.004636
299.36,0.0012614,339.43,14.099,0.0050584
102.86,0.0046895,230.09,20.634,0.0013654
269.91,0.0051185,84.402,12.16,0.0045666
317.74,0.0024359,1.217,33.049,0.0042384
109.52,0.0043119,147.04,14.287,0.0025614
330.66,0.0048895,171.04,10.496,0.0079231
243.12,0.0019554,202.58,38.087,-0.00046887
180.63,0.0027365,224.92,4.9757,0.0037308
338.51,0.0044466,366.87,32.757,0.0070642
164.82,0.0038882,123.53,24.761,0.00049557
89.395,0.00173,223.25,22.179,0.0028906
148.76,0.0041421,198.88,9.1723,0.003587
231.26,0.0046404,209.46,12.739,0.003288
