154.85,0.0042245,140.81,221.37,-0.013769
138.12,0.067366,169.33,258.5,0.028531
139.02,0.059168,165.63,157.95,0.0099169
139.81,-0.056323,133.75,217.28,0.029332
151.94,-0.038355,167.48,180.26,0.0049384
165.7,0.007638,178.4,144.85,0.013666
148.48,0.035212,131.94,-155.87,0.047557
119.13,-0.012877,161.78,-44.579,-0.025832
125.95,0.022673,150.28,73.664,0.0082589
153.68,-0.023352,158.01,17.417,0.022955
128.25,0.021257,126.41,113.36,0.057943
171.73,0.012735,125.45,126.47,0.076062
188.39,0.097627,160.44,29.663,-0.00012606
137.84,-0.031124,156.99,-8.0845,-0.022194
183.03,-0.018275,136.32,15.42,0.023179
154.49,0.010076,150.65,148.07,0.0097475
130.51,0.056853,174.42,71.027,1.2521e-05
122.7,0.029262,146.71,7.5072,-0.01652
151.74,-0.043025,145.53,148.7,0.033309
122.61,0.062915,155.37,-127.33,-0.023657
132.54,0.044406,151.52,200.01,-0.007214
147.12,0.076468,143.34,85.567,0.017261
140.01,-0.0070534,129.55,73.822,0.030879
137.26,0.018272,129.68,89.147,-0.007404
153.65,0.021961,126.46,14.237,0.02764
147.7,-0.014336,120.74,74.832,0.026183
109.65,-0.094578,127.12,-40.805,-0.011359
153.15,0.0256,118.35,89.469,0.029903
134.25,0.015419,113.05,-34.592,-0.022424
133.03,-0.0026028,159.14,249.61,-0.023687
142.96,0.033419,131.01,183.8,0.024261
117.49,-0.013474,108.04,112.53,-0.055558
116.07,0.014986,147.07,141.6,0.041694
161.81,0.024243,134.33,154.2,0.0063728
136.05,0.027493,149.96,194.68,0.045342
117.95,-0.058827,134.91,-101.1,0.057869
108.24,0.010006,106.27,73.25,-4.3239e-05
167.13,0.0075285,147.83,110.53,-0.010825
125.63,-0.020266,136.56,130.36,0.013658
126.48,0.041095,126.92,112.72,-0.049228
103.56,0.012581,121.71,116.88,-0.0094458
116.58,-0.023021,113.84,188.11,0.052613
123.15,0.058661,136.02,-39.726,0.012778
158.79,0.011528,121.71,-12.804,0.043337
125.32,0.056735,115.7,27.169,0.0070119
135.87,-0.019036,141.86,118.01,0.026782
130.67,-0.021008,164.78,40.448,0.056652
118.05,0.04919,131.26,-10.516,0.060778
127.16,0.027935,131.35,-140.51,0.029204
115.41,0.0079523,137.78,2.2298,-0.038873
138.58,0.0096084,110.05,308.57,-0.028477
103.7,0.088467,111.49,173.98,-0.0081869
103.26,0.029998,117.77,334.54,0.082832
110.1,-0.018326,112.49,92.935,0.070924
111.87,0.011122,135.09,43.336,-0.0028718
102.9,0.015215,80.673,-23.725,0.029329
114.44,0.12183,107.42,151.19,0.05522
113.21,0.079139,124.69,130.31,0.010271
99.105,0.051399,120.84,238.71,0.023933
92.86,-0.057323,92.748,92.836,0.063391
140.62,0.025155,147.17,-52.675,0.0087454
130.95,-0.016656,114.63,205.39,0.016273
114.32,0.044987,115.24,14.073,0.0020714
91.334,-0.023221,118.15,201.16,-0.018389
111.42,-0.041707,104.5,60.97,0.014156
136.17,-0.0046835,84.062,201.68,-0.0008897
82.242,0.053028,104.37,78.144,0.075093
91.977,0.0054514,119.77,101.72,0.0018178
103.63,0.060193,98.105,89.547,0.049745
123.75,-0.02851,88.308,237.56,0.061131
110.64,0.093307,115.32,-35.041,0.0043418
85.204,0.034309,102.71,-64.036,0.079365
131.87,0.026705,108.89,24.631,0.025581
69.198,0.053301,108.44,165.4,0.062666
130.46,0.079279,128.48,293.2,0.007754
140.05,0.0067832,92.115,69.836,0.014238
128.25,-0.020484,109.23,-23.881,0.025162
102.36,0.067074,106.15,118.82,0.018344
124.19,-0.015288,113.84,39.803,0.02434
131.03,-0.0093394,100.43,-8.7816,0.032274
84.635,0.022931,128.96,147.35,0.054779
75.205,0.057075,119.08,66.383,0.013071
131.45,-0.043673,117.61,70.613,-0.00084138
86.502,-0.024594,119.76,-113.56,0.029383
110.09,0.0029091,114.69,228.26,0.0041548
97.396,-0.032043,113.09,-43.257,0.047886
105.61,0.10259,101.79,152.59,0.012363
80.714,0.025071,85.872,219.29,0.010544
95.317,0.024833,85.455,156.08,0.033271
102.48,0.063913,124.34,273.79,0.027438
97.384,0.015193,86.691,99.738,0.029234
113.33,0.064987,104.23,202.8,0.052814
127.81,0.052255,87.728,120.24,-0.0046804
90.07,0.054904,95.566,121.5,-0.023661
100.63,-0.00052779,86.592,277.87,0.053534
95.073,0.080723,99.094,249.23,0.061157
90.336,0.0806,69.575,379.1,0.048644
104.31,0.0074776,78.63,81.228,0.025434
72.362,0.066285,84.907,124.6,0.038367
121.71,0.11854,87.858,145.6,0.045487
101.11,-0.0072605,85.534,213.83,0.047785
63.275,-0.0050316,102.77,56.344,0.052986
92.564,0.078123,82.419,159.31,0.0038982
102.34,0.06532,94.339,73.936,0.080071
79.199,-0.01118,88.348,-10.09,0.036623
133,0.03585,83.556,169.01,0.012972
85.075,-0.023746,121.44,-155.82,0.020959
76.633,0.020858,60.546,75.17,0.046686
109.39,0.025757,88.565,309.05,0.093011
88.879,0.013908,96.167,95.734,0.080755
103.04,0.048779,98.944,39.968,0.044716
106.09,0.00098061,108.33,161.31,0.033229
118.66,0.040685,93.707,113.49,0.027798
98.31,-0.016619,110.47,267.19,0.026908
118.04,-0.009011,113.09,45.341,0.054009
91.673,0.0053549,98.19,71.555,0.042097
88.949,0.027329,110.93,105.4,0.056105
112.95,0.054929,125.31,152.42,0.078323
101.92,0.016779,92.768,-55.735,0.03521
83.52,0.018189,124.23,134.68,0.052516
110.07,0.080824,112.71,232.25,0.04539
119.94,0.025578,98.872,250.96,0.0312
102.01,0.072925,71.63,115.57,0.015526
101.27,0.050158,91.987,98.146,0.037473
70.817,0.040516,92.247,103.73,0.0077861
108.2,0.020022,78.814,196.43,0.042345
98.943,0.019373,90.008,104.35,0.098699
104.81,0.016925,60.403,185.04,0.040202
61.697,0.048868,60.674,162.19,0.014969
116.46,-0.021308,89.32,1.2188,0.038208
123.99,0.040291,123.97,205.02,0.037047
92.91,0.056157,62.272,280,0.041939
123.09,0.056492,89.259,179.7,0.05537
103.13,0.12016,53.127,198.72,0.011358
97.226,-0.0071839,67.776,160.01,0.042367
73.687,-0.0042072,58.908,226.14,0.046009
97.304,0.077365,81.333,-51.574,-0.018426
112.32,0.019179,63.491,29.441,0.0099564
75.771,0.089497,80.308,236.6,-0.013741
82.7,0.028013,63.705,76.586,0.11185
108.92,0.022714,94.542,63.901,0.0068008
96.157,0.043762,123.37,69.281,0.042673
73.016,0.06721,64.354,211.88,0.013253
122.94,0.022037,65.438,59.247,-0.0097461
73.427,0.032392,103.65,-3.1484,0.04419
95.427,-0.0049401,81.97,119.03,0.041127
67.248,0.05457,78.349,160.15,0.035606
105.59,0.0013779,81.023,191.72,0.11038
109.01,-0.02298,117.12,243.63,0.047203
72.404,0.069448,100.27,265.04,0.049637
63.672,0.036253,77.143,-52.536,0.012882
79.67,0.01894,96.834,155.7,0.051185
96.962,0.017916,110.76,163.7,0.036476
88.582,0.0052947,83.43,99.931,-0.0066342
83.754,0.0708,93.602,223.75,0.032957
111.68,0.058883,88.403,85.288,0.053751
107.52,0.04235,87.021,233.41,0.0015509
57.667,0.014649,112.01,139.09,0.0071415
112.37,0.078122,64.77,191.93,0.058389
100.41,0.010956,76.264,238.88,0.021785
120.26,0.050587,85.327,63.468,0.023056
69.387,-0.0011568,88.175,399.54,0.024528
82.646,0.022727,81.351,12.896,0.035891
74.008,0.021803,81.156,29.749,0.064966
95.162,0.068007,88.998,211.55,-0.0077767
67.131,0.050878,66.918,281.34,0.028868
97.237,0.034235,90.853,104.7,0.066757
68.188,0.020674,84.524,187.69,0.10862
87.792,0.021833,87.224,282.34,0.030295
71.862,0.067148,100.42,90.887,0.08132
63.449,0.0093913,71.751,150.63,0.03983
45.276,-0.017109,82.291,103.79,0.071109
70.691,0.022951,81.929,134.66,0.10881
72.571,0.11597,107.5,167.02,0.071023
84.067,0.098362,62.678,104.91,0.053134
47.825,0.079741,92.545,144.61,0.061976
87.661,0.035882,78.425,246.21,0.030797
97.422,0.043672,68.708,215.51,0.050746
95.226,0.040269,60.283,91.954,0.080679
90.274,0.083516,75.357,22.403,0.039153
74.157,0.017273,62.641,108.06,0.018699
41.027,0.053719,70.97,176.16,0.046837
82.188,0.11756,82.975,-0.34165,0.01727
96.378,0.018124,75.782,127.39,0.039021
88.112,0.061135,55.911,47.084,-0.032255
85.962,-0.0051861,59.551,127,0.061402
65.252,0.061949,68.36,122.58,0.032377
102.16,0.064488,66.352,188,0.048241
112.87,0.075025,83.571,315.76,0.062341
112.91,0.06502,91.124,80.475,0.038054
79.325,0.073631,74.035,99.89,0.079385
107.83,0.0043094,96.249,171.27,0.009966
81.278,0.070245,93.944,22.165,0.007338
84.657,-0.0039931,98.502,39.059,0.013166
82.65,-0.026335,78.853,179.8,0.048196
76.819,0.047762,52.619,85.604,0.053101
102.39,-0.026293,93.25,155.14,0.063912
118.73,0.047961,81.812,209.82,0.052398
70.669,-0.017284,92.153,198.94,0.045037
61.899,0.053701,79.558,170.39,0.099813
82.691,0.0055878,68.495,205.12,0.027093
91.388,0.03436,69.675,-114.07,0.11758
76.4,0.089683,77.773,-48.683,0.066708
78.247,0.0041463,84.438,113.58,0.075669
117.2,0.023655,79.836,356.91,0.04461
74.205,0.046568,85.16,204.13,0.041145
68.058,0.035978,69.908,256.93,0.11107
74.204,0.041673,99.674,55.657,0.072642
69.486,0.076939,73.889,343.61,0.006139
44.965,0.063577,38.828,52.229,0.020726
81.944,0.033305,49.511,136.18,0.066774
80.838,-0.020252,45.686,6.4118,0.034322
104.98,0.077737,68.732,336.49,0.057753
55.469,0.044458,90.671,123.63,0.087017
74.433,0.046327,30.509,89.481,0.14462
65.292,0.11557,62.78,79.195,0.13441
82.496,0.076761,48.232,181.79,0.067703
80.714,0.040926,38.349,97.512,0.035218
24.592,0.054155,49.66,145.97,0.10116
54.055,0.076469,55.656,259.23,0.040866
78.997,0.088064,63.895,115.5,0.099853
74.221,-0.0014887,40.244,128.1,0.040708
77.025,0.082601,67.883,239.02,0.010832
86.263,-0.014897,83.81,245.96,0.015799
98.181,0.022896,73.041,257.92,0.019627
52.518,-0.020453,60.369,225.96,0.0049758
80.488,0.066739,70.306,229.06,0.010776
96.468,0.04247,85.842,322.08,0.069249
102.55,0.03237,59.501,141.85,0.073831
100.99,0.0065577,68.589,186.67,0.064813
102.9,0.04503,67.644,272.91,0.015005
70.606,0.10498,73.677,17.308,0.079549
73.092,-0.0075248,65.767,-6.4132,0.020845
80.163,0.067056,89.381,157.52,0.074416
81.098,0.025122,82.284,107.01,0.027012
74.042,-0.030724,74.673,-1.6118,0.056029
78.178,-0.013732,48.179,138.29,0.076776
85.794,0.019481,76.444,105.74,0.073166
91.675,0.036108,97.581,177.12,0.010557
102.83,0.06485,96.909,273.74,0.037913
75.948,0.066273,98.735,-84.8,0.012691
42.48,0.023846,69.423,10.787,0.010599
53.632,0.064439,21.752,168.32,-0.012803
41.565,0.055185,82.72,130.44,0.12347
97.694,-0.0089584,63.699,141.11,0.019909
50.935,0.038265,57.834,185.9,0.034673
101.6,0.10219,62.819,185.7,0.10349
49.034,0.076914,82.623,180.59,0.095846
86.109,-0.0034517,77.378,224.34,0.075925
54.742,0.059078,65.754,96.456,-0.010444
95.446,-0.0030023,57.921,156.64,0.092562
54.356,0.067416,56.762,255.63,0.0388
56.352,0.019723,64.926,147.1,0.024692
62.723,0.054935,65.794,277.83,0.089154
64.814,0.14472,41.276,-20.838,0.076951
59.296,0.033284,62.431,147.08,0.11923
65.26,0.070632,40.657,261.3,0.13182
68.821,0.065792,65.57,307.08,0.06847
44.536,0.063522,56.525,210.51,0.07675
50.486,0.055176,35.699,275.12,0.078913
45.037,0.057924,76.204,229.73,0.065838
79.336,0.058215,62.874,61.871,0.07479
88.715,0.059195,70.152,263.65,0.067691
72.089,-0.040344,74.149,124.17,0.020561
92.473,0.03621,71.685,266.62,0.079589
59.376,0.011017,62.04,247.68,0.078333
75.411,0.051206,61.251,116.77,0.021168
102.55,0.046385,95.672,245.45,-0.0037815
97.302,-0.0078518,52.335,6.3787,0.017616
105.59,0.072046,61.672,120.98,0.042918
94.084,0.072537,87.516,66.399,0.078232
78.06,0.014875,68.418,107.63,0.026827
95.626,0.00010136,63.529,283.27,0.093907
42.213,-0.034069,82.585,96.361,-0.007294
91.787,0.044593,78.734,138.85,0.016292
90.95,0.078294,83.577,130.23,0.021952
56.048,-0.033947,74.486,25.262,0.082896
76.053,0.03901,68.875,62.774,0.080997
62.25,0.0017558,65.524,107.45,-0.00061795
79.429,0.047096,55.239,256.92,0.03774
83.927,0.064135,78.021,263.65,0.037139
83.94,0.051362,61.324,228.94,0.0052892
79.138,0.053919,33.157,133.38,0.058258
29.272,0.13839,58.651,55.352,0.044639
78.259,0.028625,33.829,122.88,0.10067
81.321,0.093411,48.451,271.37,0.086783
73.627,0.03904,38.682,90.07,0.051184
73.185,0.11122,73.143,188.13,0.1178
72.363,0.14365,38.431,217.64,0.087365
60.528,0.14159,45.011,206.5,0.03402
47.744,0.021019,38.956,173.22,0.12021
67.093,0.11332,59.083,164.91,0.055456
61.247,0.11281,65.954,251.34,0.079906
66.069,0.10807,55.912,227.96,0.052185
61.959,-0.013971,62.816,217.99,0.11157
35.147,0.10031,66.4,236.86,0.052263
61.422,0.0079621,62.623,214.67,0.057022
69.477,-0.0057097,39.044,328.7,0.084907
71.622,0.032587,46.429,189.12,0.055439
71.97,0.071732,69.634,244.74,0.080647
78.707,0.066397,71.367,45.301,0.054955
95.953,0.087168,58.008,252.71,0.069812
33.688,0.056411,28.34,46.26,0.063948
36.744,0.06509,70.994,153,0.03834
75.755,0.12156,68.942,19.164,0.047016
81.188,0.012635,58.454,-86.737,0.014295
84.766,0.068804,51.041,149.39,0.097823
94.592,0.11331,52.222,224.8,0.078672
95.484,-0.027275,52.012,270.04,0.1079
75.844,0.15091,84.44,93.639,0.096622
75.232,0.090539,73.68,106.18,0.065402
64.014,0.076542,57.099,278.65,0.045694
69.433,0.055772,87.269,285.94,0.036197
92.631,0.10072,56.241,85.802,0.04028
88.931,0.081237,84.606,52.255,0.034168
75.321,0.044853,67.84,113.81,0.0042866
91.831,0.086724,74.205,109.47,0.063963
103.21,0.023379,62.455,27.737,0.077346
81.796,0.017827,38.621,-136.6,0.12019
69.282,0.036897,50.916,42.075,0.098067
55.636,-0.0072243,49.486,183.71,0.12572
62.952,0.082203,60.185,97.61,0.059224
73.705,0.10326,26.028,228.47,0.094607
48.041,0.091182,85.53,-72.261,0.067901
40.621,0.0986,63.97,77.521,0.019127
66.12,0.13534,69.21,107.03,0.104
51.163,0.12484,35.446,123.47,0.03686
71.883,0.077073,51.269,145.41,0.08493
46.128,0.13065,79.032,283.1,0.049889
42.05,0.082488,43.874,111.22,0.090543
49.202,0.070127,46.384,35.275,0.079342
51.292,0.0059869,100.42,309.2,0.051959
40.118,0.058258,34.943,171.66,0.093095
46.158,0.10464,69.393,81.927,0.089056
72.151,0.081828,44.835,75.029,0.014852
50.019,0.05237,36.634,301.14,0.060369
59.381,0.047577,57.579,277.06,0.070921
49.729,0.037242,62.022,48.632,0.044849
79.217,0.021586,38.217,173.09,0.051131
69.122,0.04099,42.818,222.47,0.12419
42.521,0.05898,79.49,166.08,0.034415
83.521,0.03932,56.136,175.31,0.079279
54.726,0.067602,55.198,205.89,0.067484
50.71,0.017673,43.304,-25.702,0.031584
86.562,0.051239,52.053,220.5,0.099669
80.222,0.035342,82.736,107.84,0.099607
74.596,0.02093,78.889,15.69,0.065456
70.549,0.039374,97.646,113.81,0.03545
81.819,0.026203,91.34,183.76,0.043892
63.389,-0.033714,98.31,204.8,0.016975
52.588,0.042068,55.824,207.43,0.017301
59.905,0.08018,70.476,120.17,0.08011
93.751,0.014817,48.167,300.59,0.037047
83.379,0.044615,53.803,54.107,0.038102
59.49,0.03804,88.896,88.448,0.067943
82.77,0.034957,33.033,292.42,0.0076388
99.198,0.051369,69.933,304.56,0.082891
55.095,0.0015929,85.47,161.74,0.02205
39.713,0.048287,82.911,148.11,0.10092
60.899,0.053834,48.719,168.09,0.095521
70.24,0.06086,52.162,101.56,0.058664
76.902,0.046128,45.587,217.35,0.11377
48.379,-0.045773,47.819,123.64,0.080455
48.92,0.025636,56.21,150.13,0.070571
67.99,0.022612,30.912,25.236,0.1053
71.602,0.043701,61.499,80.173,0.13583
58.394,0.014189,41.689,155.2,0.1211
68.75,0.067,49.496,73.493,0.15766
41.242,0.1346,70.256,183.76,0.011693
31.84,0.052269,61.219,253.94,0.02674
58.187,-0.024392,63.356,291.75,0.090892
69.58,0.10161,66.104,256.64,0.12599
44.329,0.089833,60.433,16.202,0.08229
55.984,0.0023449,56.779,185.61,0.035376
47.98,0.02917,69.235,327.63,0.11791
70.912,0.070502,41.728,92.924,0.095257
54.951,0.028467,57.596,-1.6612,0.055418
78.847,0.11873,36.846,140.47,0.039856
50.108,0.090794,50.388,133.29,0.072707
55.787,0.0061326,37.265,207.42,0.046186
49.904,0.032589,33.968,98.321,4.6058e-05
35.049,0.011477,72.098,250.6,0.038647
85.187,0.014107,60.132,295.84,0.12621
69.11,0.064448,72.196,38.605,0.061912
85.647,0.11936,43.602,18.061,0.13624
71.224,0.047605,33.459,367.79,0.027424
55.503,0.055476,53.98,176.41,0.10595
88.363,0.052707,71.745,270.25,0.042671
88.374,0.072279,74.491,38.003,0.073781
85.696,0.12288,89.96,231.96,-0.045344
88.964,0.036613,78.967,173.84,0.063765
60.955,0.11818,61.327,142.63,0.057166
58.924,0.013401,64.571,407.81,0.058548
106.26,0.0089715,79.482,238.98,0.072382
84.993,0.010418,61.733,-25.364,0.064538
68.026,0.10651,79.442,-5.9596,0.058741
99.659,0.042244,84.582,30.127,0.043989
72.408,0.014868,77.255,114.62,0.047427
72.019,0.062414,80.531,117.14,0.041375
77.761,0.035465,68.021,131.4,0.054714
70.169,0.066748,43.742,308.19,-0.0031214
87.225,0.040068,43.806,130.15,0.022606
101.52,0.053764,39.154,96.814,0.055804
15.868,0.047516,66.796,90.26,0.040556
70.919,0.053482,55.259,35.595,0.05147
57.553,0.10364,67.127,126.04,0.10032
25.875,0.024909,33.924,89.418,0.10525
44.687,0.033762,51.629,11.245,0.045759
31.442,0.042746,58.654,82.102,0.091146
65.816,0.10468,39.46,139.47,0.11697
31.325,0.064354,80.93,268.27,0.085784
23.854,0.042688,37.168,110.99,0.061871
23.905,0.079602,52.819,294.43,0.081532
56.97,0.065088,25.131,206.52,0.034911
31.568,0.033616,46.794,186.99,0.071506
57.236,0.0058328,52.377,34.916,0.10326
55.725,0.085263,66.814,324.18,0.11639
80.813,0.087688,53.743,44.111,0.14918
62.712,0.045818,56.654,165.89,0.05316
86.838,0.039067,33.215,81.791,0.11643
75.108,0.0034084,69.943,153.91,0.058647
70.985,-0.030346,72.911,106.7,0.04042
51.679,0.013564,46.293,230.86,0.016335
65.873,-0.029123,42.392,181.51,0.027862
36.321,0.058889,46.068,212.75,0.10737
77.616,0.091693,53.662,305.72,0.050847
67.771,0.093435,66.897,96.31,0.063031
73.298,0.010395,40.1,31.192,0.055788
74.066,0.076556,47.205,116.96,0.068537
59.82,0.017534,63.461,41.843,0.019244
46.316,0.078096,73.573,253.82,0.054568
128.63,0.046376,61.762,84.329,0.061794
76.559,-0.010035,70.158,200.16,0.072985
67.13,0.094124,32.607,210.75,0.10692
59.534,0.019789,67.098,189.12,0.0062703
60.377,0.096499,67.824,290.43,0.038449
72.641,0.071915,46.359,103.32,0.05846
60.44,0.10233,72.606,139.87,0.020775
53.245,0.087831,55.292,138.76,0.044325
69.827,0.070553,70.421,397.75,0.030597
70.023,0.080682,65.183,113.01,0.12477
74.928,0.072457,89.899,28.124,0.088529
63.971,0.048407,74.736,151.83,0.026486
46.885,0.07965,31.914,277.15,0.12869
71.657,0.044821,84.009,46.982,0.072454
52.476,0.044694,61.473,197.61,0.089916
64.41,0.059745,37.346,-199.68,0.081116
70.179,0.017497,50.286,169.28,0.025374
40.62,0.11977,32.1,126.37,0.090627
92.189,0.054006,33.003,45.085,0.07203
46.341,0.018816,74.13,228.7,0.063889
89.763,0.053521,52.705,151.68,-0.00832
57.323,0.13391,38.272,284.15,0.071737
63.784,0.018958,59.923,217.23,0.044242
70.963,0.079544,76.788,181.75,0.039798
66.231,0.087187,35.188,316.01,0.034586
32.148,0.092626,50.107,125.34,-0.002845
37.932,0.004387,42.927,124.5,-0.00070965
51.511,0.069272,30.128,210.05,0.038642
95.436,0.088818,6.8738,218.12,0.06534
66.671,-0.013616,63.405,133.27,-0.0083097
62.802,0.0096814,30.366,65.038,0.022019
33.126,0.051451,39.756,242.14,0.10222
60.089,0.056984,32.527,220.68,0.0089367
55.569,0.031223,20.324,39.232,0.0064514
53.415,0.023667,32.111,120.23,0.060054
58.703,0.019243,9.5681,124.6,0.0069438
40.425,0.024927,27.309,216.03,-0.00092393
19.429,0.054732,15.244,170.89,-0.059446
25.807,0.008173,50.63,400.41,0.017109
83.379,0.084494,8.8394,190.77,0.038452
27.803,0.028099,37.691,221.2,0.041802
25.145,0.053304,12.821,193.83,0.03798
75.932,0.014265,34.133,89.965,0.010182
26.398,0.029462,54.642,139.98,0.018817
10.311,0.074591,40.823,333.93,0.022417
38.711,-0.030888,33.837,83.026,-0.027971
40.016,-0.011546,31.556,111.54,-0.018296
48.91,0.039938,48.315,49.986,0.024488
57.259,-0.025927,27.167,105.63,-0.0038657
74.6,0.0013399,11.282,86.774,0.0048987
29.534,0.0047659,10.804,21.459,0.062036
36.588,0.0093119,26.14,95.994,0.087002
43.985,-0.018083,55.877,201,0.0094681
51.086,-0.013623,24.054,170.7,-0.018628
35.277,0.011893,46.646,37.553,-0.035214
18.346,0.062894,36.083,46.251,-0.0032737
-2.6758,0.053188,48.095,292.67,0.035578
42.274,0.051006,11.566,8.4847,0.074551
63.228,0.031938,30.154,87.496,-0.03124
-0.36915,-0.011548,9.176,298.17,-0.0061561
44.349,0.045401,8.4198,222.56,-0.0071685
2.5646,0.11823,4.8465,27.079,0.025524
3.7159,0.08849,36.401,142.2,0.025747
4.6012,0.06681,33.979,177.9,-0.019253
9.7684,0.10991,-6.7928,282.32,-0.050142
22.269,0.021081,6.6248,61.005,-0.021563
26.366,-0.0080034,1.1448,175.59,0.054868
11.125,0.054311,8.2869,235.98,-0.036333
25.504,0.10752,-0.43534,276.49,-0.024961
47.956,-0.0057819,10.471,52.847,0.035733
7.5288,0.10919,30.867,70.298,-0.023461
15.607,0.064207,25.907,181.73,0.047833
23.297,0.029164,29.139,151.22,0.010623
30.876,0.012717,22.738,231.11,0.040781
37.132,0.055305,17.521,221.72,0.090141
19.027,0.015639,12.204,70.358,0.036593
-4.5134,0.075527,32.966,145.85,0.033385
29.104,0.035546,23.031,213.62,0.029724
33.39,0.018493,47.568,37.032,-0.024361
9.2372,0.0033521,19.708,59.171,0.0078838
38.185,-0.0070792,24.572,276.07,0.0082932
34.344,0.028329,29.526,137.71,0.097512
18.844,-0.026877,23.422,18.322,0.084934
20.849,0.047683,39.197,134.97,-0.028439
4.8373,-0.02596,27.788,27.02,0.012352
31.135,-0.026317,24.112,93.638,-0.01613
13.827,0.088894,-3.3918,84.132,-0.032494
40.434,0.037323,48.72,160.37,0.039293
45.413,0.098901,32.461,111.14,-0.0018169
45.28,0.018369,23.068,243.42,0.012664
27.101,0.060086,28.834,212.28,0.053968
15.416,-0.040548,20.674,297.02,-0.0092999
22.072,-0.035298,43.188,285,0.020641
49.325,0.0086585,37.747,228.61,0.021882
30.02,0.04845,17.654,316.74,-0.025808
54.273,0.030682,40.927,89.268,-0.028157
16.571,-0.077875,18.289,276.28,0.0044179
-8.0677,0.016054,28.531,223.21,0.006858
11.711,-0.023468,34.234,209.29,0.011736
33.072,0.064932,52.496,176.49,-0.0027522
19.446,0.052649,5.8361,218.66,0.030247
29.76,-0.054613,10.734,274.35,-0.012381
23.551,0.015942,15.081,300.11,0.036928
4.7632,-0.020151,15.417,270.44,0.016284
47.542,0.025441,39.104,407.87,0.012189
48.694,-0.036811,-13.211,71.339,0.0084484
22.621,-0.0065764,11.439,93.071,-0.017481
31.913,0.11239,-0.61271,161.87,0.02301
6.7123,-0.011345,-18.702,227.18,0.048497
14.886,0.01698,23.818,345.31,-0.013974
16.929,0.017082,13.448,295.82,-0.0025695
19.368,0.040985,28.208,311.14,-0.00019423
24.042,0.063939,6.0085,366.68,0.013078
5.0584,0.050578,30.535,229.05,0.066007
37.017,0.05596,0.13707,114.16,0.079987
1.3259,0.050908,7.9124,280.96,0.057801
21.239,0.082357,-2.7131,269.72,-0.0078407
-8.187,0.066133,-6.0571,344.9,0.036225
25.999,-0.0026059,11.058,424.73,0.047035
25.702,0.17985,33.062,248.88,0.056942
20.035,0.074612,2.2151,263.03,0.086799
16.123,0.094122,22.041,67.035,0.059454
0.10687,0.10758,-7.5554,263.88,0.053789
10.972,0.07405,13.646,232.1,0.017474
33.39,0.1112,25.264,-0.45045,0.057095
10.999,0.15611,18.811,246.16,0.019438
29.364,0.082685,6.9391,408.18,0.012207
23.407,0.087465,12.767,353.02,0.038452
50.371,0.11139,-7.1753,242.6,-0.0011113
32.682,0.053643,2.2659,185.03,0.067124
22.745,0.11141,23.651,168.5,0.059491
28.607,0.077479,2.664,450.54,0.033441
17.513,0.069324,12.594,120.37,0.0125
33.398,0.11826,17.824,379.37,0.056562
21.045,0.064572,22.036,310.36,0.075123
34.372,0.022186,33.788,321.66,0.0021182
58.49,0.034516,-0.88096,194.82,0.072817
52.092,0.077209,2.117,234.37,-0.032539
38.752,0.015478,-23.87,161.64,0.076845
29.596,0.034466,26.359,132.06,0.010038
41.891,-0.007102,-7.7189,133.92,0.073778
59.474,-0.030976,16.897,330.78,0.041947
16.945,0.026558,23.046,196.44,0.020868
25.356,0.053169,28.08,158.82,0.046128
19.751,0.058118,42.766,166.13,0.048311
34.654,0.077644,1.8499,-10.237,0.0010686
38.932,0.1236,17.915,151.43,-0.0073529
19.808,0.076986,32.503,157.23,0.11301
41.778,0.11282,-7.6708,344.89,0.031699
-6.1251,0.079054,12.436,224.53,0.0085841
12.99,0.012928,35.017,253.96,0.0058141
22.895,0.035866,20.884,172.24,0.02947
3.7435,0.041716,28.197,238.03,0.011463
18.087,0.039163,45.704,6.9258,0.021504
19.352,0.05236,32.581,264.95,0.076711
37.833,0.058487,32.144,231.98,0.098736
25.043,0.026811,31.673,391.47,0.052996
21.014,0.065575,14.21,195.73,-0.057352
26.177,0.099974,3.9305,343.97,0.054548
8.4513,0.10879,13.498,174.91,0.057731
17.493,0.061541,10.51,265.53,0.1281
-5.4192,0.098849,-3.2356,373.19,0.039483
30.385,0.10147,11.479,322.7,0.05014
11.864,0.026782,-5.9717,252.55,0.059138
41.253,0.11043,34.869,214.13,0.062748
6.9651,0.063505,-32.22,51.283,0.095218
32.662,0.081016,15.863,200.68,0.074005
12.486,0.10646,9.7047,336.04,0.085706
14.123,0.10418,11.56,282.98,0.09436
37.562,0.11436,9.4625,121.54,0.056437
41.66,0.10034,27.376,271.8,0.067259
24.786,0.131,26.863,363.28,0.086047
12.693,0.088474,12.095,23.736,0.089482
-4.4837,0.11657,-9.4703,122.74,0.078755
78.506,0.14577,21.421,208.77,0.14213
11.224,0.099205,-4.71,157.22,0.10033
-4.0192,0.05421,-3.8201,244.18,0.079388
23.669,0.12779,15.315,346.37,0.098824
16.148,0.090248,12.33,173.59,0.12986
15.642,0.11772,36.36,234.11,0.078923
3.924,0.12568,6.0804,116.01,0.092791
27.034,0.12219,9.3233,106.57,0.13064
19.176,0.12721,31.718,207.34,0.12547
12.239,0.069246,28.213,505.76,0.064276
11.688,0.044628,28.366,26.541,0.040661
34.7,0.1259,24.987,260.36,0.044675
30.399,0.098626,24.909,156.86,0.092566
40.336,0.080288,48.714,260.87,0.003517
26.163,0.13393,18.731,273.43,0.037763
24.176,0.05161,20.972,70.256,0.10951
48.791,0.13713,31.492,151.69,0.038139
22.037,0.026705,7.5136,274.89,0.053998
47.119,0.16992,-3.1211,157.08,-0.025477
19.332,0.011922,-1.1029,323.11,0.075396
31.16,0.043823,29.025,201.63,0.039777
17.986,0.059799,29.874,129.32,0.05601
50.647,0.062077,39.12,200.85,-0.012397
47.435,0.077194,17.5,225.55,0.065408
6.0803,0.019923,24.746,230.11,-0.0076374
27.223,0.042845,5.384,14.373,0.0055231
40.516,0.015029,-3.4644,217.79,0.07647
17.646,0.12085,0.83981,290.05,0.095437
25.146,0.02418,8.2877,276.39,0.05237
22.62,0.036969,37.306,67.867,0.082675
20.221,0.069057,11.52,59.664,0.1041
14.694,0.073897,-5.7478,265.77,0.09429
18.098,0.032985,7.0831,202.02,0.062237
6.0413,0.14344,25.116,299.02,0.029333
42.741,0.053487,9.5212,187.51,0.077521
0.90523,0.099782,20.488,274.89,0.12491
-0.55628,0.071342,4.0731,325.61,0.13032
-19.584,0.07869,13.298,259.39,0.086761
16.368,0.18687,1.6674,298.2,0.088988
-17.16,0.13311,27.672,320.44,0.10748
10.994,0.10981,13.599,167.76,0.10001
17.169,0.16209,15.912,169.27,0.0998
4.5161,0.10537,14.988,396.49,0.055481
16.626,0.1284,27.386,212.7,0.069952
-11.226,0.12198,-25.534,288.99,0.10353
18.127,0.12738,15.327,314.74,0.1304
14.064,0.083092,26.855,263.81,0.11545
34.694,0.10355,18.397,195.57,0.1592
16.749,0.11306,15.876,297.09,0.13158
15.18,0.13461,31.137,163.99,0.085357
48.804,0.081103,34.783,161.36,0.083723
-2.5683,0.14444,10.318,200.96,0.090336
0.67741,0.092612,19.079,160.17,0.076856
48.197,0.030952,33.803,250.2,0.029133
6.466,0.095192,40.95,36.009,0.1587
17.046,0.12235,46.671,108.48,0.060005
25.258,0.061338,31.208,280.35,0.071385
25.128,0.1542,26.802,256.1,0.070494
50.456,0.073571,21.535,391.91,0.08815
-10.761,0.10494,11.437,327.13,0.10175
44.221,0.039894,18.18,391.58,0.03408
24.118,0.06551,32.813,355.65,0.074647
15.731,0.057986,12.541,241.12,0.052957
30.584,0.097683,10.751,229.11,0.036188
32.001,-0.0039111,45.022,141.39,0.068251
-4.9833,0.118,22.074,190.44,0.080348
35.751,0.031747,29.464,139.52,0.11774
27.172,0.012466,12.19,191.14,0.077561
39.75,0.064804,45.235,262.27,0.02645
33.065,0.11796,23.643,241.58,0.060514
20.864,0.088295,19.812,129.73,0.025152
33.419,-0.028038,16.485,134.5,0.056395
41.964,0.059678,25.589,239.03,0.059426
22.655,0.0017539,42.173,144.15,0.047283
26.455,0.11989,14.342,300.11,0.026943
51.445,0.03165,34.309,37.298,0.086342
7.3443,0.081884,19.613,152.92,0.03478
3.3816,0.11712,31.928,145.02,0.017105
51.797,0.12875,2.1705,101.9,0.067554
5.769,0.065462,21.518,185.18,0.078916
-24.761,0.047251,28.751,299.42,0.11685
19.815,0.094573,14.993,324.02,0.050812
11.92,0.051098,13.873,261.58,0.050709
16.812,0.048665,16.61,303.94,0.083421
-6.1457,0.076297,10.608,301.65,0.085527
-6.375,0.1021,1.5855,300.28,0.11368
12.693,0.15099,21.217,329,0.14178
31.268,0.14357,22.619,157.74,0.093903
4.9832,0.070189,11.945,197.62,0.12279
13.914,0.19043,12.641,529.79,0.10631
33.061,0.12699,0.40314,252.35,0.1038
11.027,0.09127,37.282,150.59,0.0956
3.9388,0.113,-8.8166,188.3,0.12039
42.763,0.1395,31.501,217.18,0.098949
29.408,0.12078,7.1133,176.22,0.10529
48.353,0.05809,-11.067,189.76,0.10249
1.9475,0.098208,11.514,249.89,0.057649
-0.14629,0.13915,21.081,333.87,0.075835
29.729,0.088161,28.146,135.96,0.12883
6.5108,0.10885,3.6965,178.29,0.057401
17.016,0.13465,24.631,341.94,0.12533
0.25726,0.049689,35.266,144.2,0.11743
35.962,0.13639,30.168,139.45,0.17381
28.201,0.13819,12.897,162.04,0.092775
9.6789,0.093392,17.863,26.738,0.048389
32.348,0.12348,33.062,215.18,0.10149
33.168,0.085829,20.85,236.71,0.1423
63.245,0.014887,26.284,194.75,0.08403
24.352,0.10761,3.2344,226.32,0.09245
-7.4501,0.052589,35.603,235.36,0.042157
20.199,0.060915,43.77,150.62,0.042623
49.519,0.026996,42.857,232.2,0.038934
-3.706,0.083706,17.597,103.87,0.063879
18.971,0.10229,28.413,161.08,0.051064
19.107,0.050895,23.376,136.42,0.098504
-7.9828,0.0016747,4.5369,420.19,0.00027132
48.347,0.056414,3.1894,424.06,0.066493
56.838,0.034365,32.56,169.22,0.010372
48.38,0.083902,28.21,39.316,0.06464
42.08,0.16414,8.7216,165.35,0.087977
26.238,0.097007,45.997,284.58,0.04996
28.379,0.11424,39.785,282.05,0.026057
-15.865,0.11792,14.769,332.61,0.029162
55.037,0.10986,24.108,334.69,0.01173
1.2161,0.04732,19.515,255.08,0.096769
4.2129,0.084566,2.7592,115.57,0.11456
6.8155,0.083028,17.999,323.38,0.064556
21.279,0.085721,17.687,217.46,0.055015
49.666,0.15554,15.482,295.04,0.064844
1.6429,0.075003,26.355,267.41,0.050337
15.786,0.12174,22.125,76.174,0.06285
23.231,0.079002,4.2962,244.48,0.046744
39.54,0.088936,29.687,246.6,0.048704
7.4574,0.13795,13.147,246.56,0.072484
-8.8384,0.076442,13.968,177.47,0.099262
0.64504,0.17965,-3.3469,299.5,0.053044
11.691,0.059137,8.318,170.47,0.15522
6.6375,0.079812,29.279,326.26,0.10526
-0.31854,0.11718,-0.014194,169.05,0.045572
31.022,0.1592,14.405,178.45,0.11795
32.18,0.10407,9.6761,203.27,0.057664
38.586,0.15948,19.858,21.375,0.057861
6.7557,0.13761,5.0079,241.32,0.085982
48.537,0.073365,13.711,231.04,0.074549
15.985,0.087049,12.091,377.52,0.052561
26.846,0.090779,20.448,292.58,0.076998
53.002,0.091539,13.047,148.62,0.092438
7.6209,0.068611,4.5377,0.7105,0.046338
38.744,0.13161,35.111,122.85,0.045491
39.496,0.02242,19.646,201.59,0.074224
25.567,0.012859,27.184,253.95,0.073959
46.231,0.11402,37.958,198.27,0.080038
-6.4333,0.11954,21.6,287.97,0.064483
35.494,0.083064,17.597,259.41,0.03025
55.095,0.024752,14.994,108.7,0.055577
32.376,0.088585,53.527,212.16,0.063637
51.582,0.02427,39.785,51.538,0.011154
20.905,0.051412,54.963,142.02,0.068226
43.847,0.026297,47.999,220.36,0.089583
45.818,-0.0030485,1.437,175.42,0.03468
32.287,0.086382,-0.9277,152.25,0.09172
22.446,0.11051,17.229,108.62,0.074174
2.4709,0.051607,0.95445,86.9,0.0541
21.763,0.083193,18.719,321.89,0.085441
45.365,0.1359,25.78,231.28,-0.016107
57.052,0.10072,30.566,212.31,0.10451
6.985,0.079886,30.75,323.6,0.065742
38.137,0.15061,8.0813,230.47,0.050664
6.8351,0.092785,-18.001,251.95,0.016128
37.312,0.11249,10.333,470.14,0.018466
-13.466,0.060928,-8.1708,336.25,0.066676
5.4611,0.095498,15.668,215.21,0.075414
-13.766,0.073748,3.8579,208.94,0.064576
7.7855,0.065546,2.7083,259.53,0.036621
-2.1203,0.08925,-3.4285,467.06,0.071866
9.3049,0.12599,5.4307,427.22,0.091444
7.8805,0.10263,0.45856,307.92,0.13017
-15.729,0.12178,-4.4028,417.65,0.03705
-12.846,0.10704,16.352,288.81,0.05016
8.3131,0.10351,10.199,205.12,0.052033
30.603,0.050121,26.641,275.36,0.1127
-8.9929,0.15119,5.0094,298.61,0.07367
14.558,0.12519,18.21,320.51,0.058595
25.574,0.13413,10.919,295.69,0.015281
34.628,0.15056,22.237,375.98,0.11394
22.147,0.025029,27.289,241.08,0.087692
3.9668,0.06744,-2.7227,209.15,0.064377
26.638,0.12903,-10.588,0.0044363,0.074066
5.2378,0.15222,-4.2495,180.57,0.12997
-21.752,0.098334,44.802,51.361,0.086738
35.422,0.13125,37.005,334.6,0.17501
15.628,0.080376,20.874,248.16,0.092117
0.7984,0.062067,29.504,141.64,0.045319
21.853,0.05718,10.801,101.12,0.1731
21.523,-0.02441,3.0023,131.54,0.12948
26.198,0.089598,34.919,252.78,0.017275
50.332,0.077189,42.481,153.06,0.065463
47.543,0.097847,14.905,235.17,0.044102
44.675,0.098633,32.486,294.57,0.065781
39.928,0.084936,40.015,91.427,0.035114
55.573,0.05338,18.896,379.1,0.076537
24.401,0.11313,11.725,131.63,0.074737
6.474,0.1075,41.153,210.47,0.036826
43.447,0.036023,13.493,13.562,0.085343
20.496,0.0025493,51.249,322.09,0.12037
20.477,0.078622,31.233,345.86,0.052163
49.81,0.023969,24.356,206.35,0.05733
25.405,0.046095,20.338,186.5,0.019716
32.143,0.063286,12.976,167.34,0.041478
-7.5127,0.061471,42.19,216.68,0.094101
62.826,0.020963,26.554,262.14,0.063262
35.116,0.086369,20.978,143.18,0.045535
27.362,0.029774,57.515,107.22,0.0038661
13.299,-0.0090805,28.654,259.12,0.10101
4.227,0.064163,16.789,149.18,0.013119
29.3,0.081231,-12.484,428.33,0.044138
28.88,0.065912,50.861,-23.269,0.1036
5.5842,0.080434,30.381,189.38,0.09213
43.308,9.1892e-05,7.7629,311.34,0.092002
21.198,0.043645,3.0632,201.9,0.11764
40.854,0.068748,-1.7288,196.46,0.12687
4.6978,0.055135,-7.7819,246.63,0.0895
5.6024,0.099475,10.343,167.07,-0.025883
-0.66752,0.13787,-10.129,231.44,0.10517
36.511,0.096081,29.151,183.66,0.044382
16.267,0.10342,3.3157,371.88,0.11632
-17.579,0.11574,16.448,200.05,0.067279
9.9963,0.068805,26.298,288.57,0.095538
9.2468,0.10407,21.759,440.9,0.10812
11.659,0.11191,-10.097,52.869,0.11647
-1.943,0.068062,-25.068,383.36,0.10947
5.3657,0.16622,46.661,213.42,0.12893
8.1811,0.063294,11.817,335.36,0.11452
8.1266,0.16162,21.732,340.3,0.10379
17.921,0.14519,23.791,375.96,0.13352
24.978,0.1761,-5.891,177.87,0.064032
5.9257,0.13076,17.327,163.85,0.055658
18.901,0.13768,-19.13,335.04,0.036483
23.226,0.11778,-7.7746,322.28,0.056972
10.214,0.12072,28.332,183.95,0.073379
66.125,0.036911,33.334,-18.71,0.17007
-14.983,0.11945,17.823,443.67,0.13397
13.984,0.073329,36.415,233.46,0.099276
26.628,0.086207,23.394,220.11,0.071233
33.448,0.10378,21.88,298.42,0.14237
2.2085,0.054461,12.988,180.89,0.059709
28.572,0.074217,6.4611,75.421,0.10755
28.789,0.057861,5.7869,209.38,0.095302
49.948,0.041097,26.476,149.25,0.055744
29.02,0.03986,53.896,118.73,0.076147
56.116,0.10451,20.768,156.64,0.070408
9.4597,-0.0068736,18.06,188.05,0.02722
1.326,-0.025785,14.102,396.32,0.085792
5.4533,0.024258,7.9878,171.85,0.12403
39.545,0.078392,26.501,107.22,0.10485
47.956,0.017443,19.202,25.289,0.064825
31.845,0.026291,47.02,168.23,0.064333
44.277,0.055578,6.0191,376.01,0.00026769
18.934,0.091167,42.907,155.08,0.072146
23.557,0.075309,27.581,339.5,0.087406
55.309,0.052802,29.017,208.25,0.081956
15.745,0.14145,30.699,320.17,0.012314
16.677,0.067151,17.73,274,0.0579
10.356,0.16751,22.173,318.36,0.027067
33.679,0.10769,11.958,82.814,0.010611
34.063,0.043909,7.5628,35.097,0.06117
3.575,0.052324,39.993,181.72,0.046263
36.193,0.047502,21.906,143.12,0.077399
15.475,0.063697,20.651,168.52,0.047817
32.5,0.046669,10.436,362.15,0.079492
11.475,0.14226,-1.8804,35.67,0.098118
-3.0629,0.089829,7.5687,306.17,0.038732
6.3473,0.13543,32.142,178.65,0.091608
45.532,0.12297,5.3874,330.99,0.12135
24.764,0.10764,-8.2016,111.47,0.11162
19.15,0.14407,23.259,76.587,0.11323
-2.4217,0.11258,23.365,196.96,-0.0069216
16.585,0.14185,24.262,196.07,0.052871
14.879,0.16286,9.2183,243.14,0.10326
3.6568,0.029326,33.124,239.52,0.068413
29.859,0.079775,27.529,94.51,0.086397
-16.64,0.1413,8.5797,140.62,0.13466
14.047,0.11339,17.641,179.79,0.05518
17.704,0.086635,12.545,204.02,0.096756
38.908,0.093662,31.246,388.85,0.088839
13.418,0.080736,12.598,180.03,0.087731
48.299,0.12401,12.204,276.81,0.075124
7.6902,0.10925,-12.877,179.85,0.071061
45.994,0.1044,15.668,99.128,0.089668
-13.101,0.086134,10.821,172.84,0.092688
6.8294,0.12072,21.279,44.771,0.048616
25.872,0.13049,15.899,223.08,0.10903
0.43336,0.085793,47.327,257.09,0.029154
-22.993,0.040272,33.148,339.88,0.049058
34.306,0.080968,16.011,133.52,0.10468
12.975,0.11177,31.616,36.213,0.045245
-4.2057,0.031215,18.871,258.58,0.075099
31.335,0.079879,46.793,214.52,0.11361
51.51,0.041036,24.339,184.31,0.087102
18.799,0.076593,43.671,345.75,0.15529
48.211,0.018565,17.474,107.98,0.074711
45.802,0.064558,25.445,140.28,0.018877
-10.147,-0.00071969,26.74,279.72,0.045403
3.5099,0.04881,0.54055,185.68,0.05629
30.073,0.067926,19.696,291.73,0.043565
33.67,0.10646,40.087,289.17,0.036492
63.884,0.018138,19.651,-24.7,0.091304
-8.4473,0.0047048,44.333,126.63,0.042848
57.613,0.010315,34.533,160.54,0.075352
21.446,0.10495,29.24,192.9,0.10689
41.146,0.093895,-0.41645,200.54,0.046606
15.449,0.080228,15.068,286.34,0.081024
42.647,0.088234,46.171,187.56,0.028558
42.306,0.04332,9.2298,179,0.002956
17.237,0.04219,-5.8006,175.48,0.080669
43.941,0.095624,13.039,375.54,0.087947
11.227,0.065967,20.082,238.34,0.1026
5.6634,0.065575,-12.377,176.98,0.024369
1.0618,0.16729,33.308,262.69,0.14694
27.197,0.19026,-24.222,333.55,0.054602
12.096,0.0318,27.541,356.88,0.04886
27.037,0.15208,13.049,145.19,0.069192
-1.2661,0.073266,5.5043,188.17,0.084737
1.3808,0.080869,25.376,227.14,0.08543
28.729,0.13359,29.191,187.01,0.10873
4.695,0.091183,-2.3288,125.23,0.16325
26.447,0.13788,17.747,244.16,0.10527
29.306,0.071733,17.025,97.103,0.14325
30.875,0.077242,9.2701,350.03,0.13724
18.532,0.12215,5.9144,152.48,0.11248
0.83143,0.13591,26.45,108.25,0.13612
41.756,0.10528,16.292,155.34,0.077543
45.253,0.080444,3.3243,328.49,0.10532
-20.659,0.12013,5.1781,288.35,0.054947
22.532,0.095624,22.278,278.56,0.083907
18.099,0.099272,56.379,342.8,0.079421
34.742,0.14025,6.4086,373.32,0.13039
58.275,0.12177,11.02,340.42,0.039636
26.827,0.11762,23.13,172.79,0.14144
-13.9,-0.0041651,36.221,200.34,0.10543
27.158,0.11441,1.4677,153.82,0.067553
16.345,0.091037,11.625,30.902,0.050982
-18.732,0.10232,36.635,126.83,0.036989
42.641,0.067244,39.737,165.21,0.10259
19.931,0.055633,44.416,224.19,0.084011
19.548,-0.0052478,29.868,132.14,0.089989
1.5761,0.073128,32.4,260.3,0.02959
58,0.092013,35.25,253.25,0.0046148
24.521,0.045337,3.5832,305.96,0.10475
39.245,0.13052,30.57,268.11,0.059661
27.194,-0.035043,17.786,356.88,0.022678
10.094,0.047227,38.828,196.23,0.068812
18.436,0.060136,13.995,309.6,0.053834
17.47,0.0099179,4.7872,211.65,0.13831
32.466,0.078368,1.6507,390.21,0.074149
60.871,0.041618,44.006,248.22,0.028279
26.535,0.16386,16.27,296,0.073494
20.777,0.063491,7.4379,146.66,0.074683
15.841,0.054375,26.731,181.78,0.033988
45.036,0.043297,36.14,434.19,-0.0045829
40.22,0.031061,17.161,154.06,0.038414
0.6567,0.054664,30.325,191.46,0.07272
0.84616,0.065548,35.554,207.59,0.037642
26.294,0.074867,22.291,254.59,0.063994
28.195,0.050295,37.2,93.385,0.082641
34.647,0.13243,-10.802,-43.51,0.040781
23.911,0.11503,-20.195,280.6,0.047628
4.7249,0.099788,8.2677,179.98,0.062311
2.8809,0.1649,-9.6388,359.38,0.027771
-0.08717,0.088959,10.367,-11.823,0.045564
37.918,0.10382,11.878,300.16,0.095364
23.107,0.070683,17.871,246.39,0.089389
-7.5533,0.13302,-0.85872,303.47,0.081391
-20.618,0.19683,-1.4917,159.78,0.11802
40.013,0.14924,-8.3037,115.13,0.14803
2.2324,0.090793,37.322,132.78,0.12065
16.93,0.089567,2.9297,252.82,0.062288
15.487,0.11493,11.708,135.33,0.1247
4.0335,0.15258,7.3791,222.49,0.08466
-16.995,0.078558,7.8001,389.63,0.12133
35.355,0.10157,27.889,245.93,0.05248
33.268,0.10153,-10.707,424.06,0.088058
1.1745,0.10621,3.2343,176.38,0.18115
44.035,0.094739,-12.76,121.7,0.058655
34.873,0.055157,16.151,139.46,0.091557
-18.689,0.11183,-2.5243,229.84,0.038967
32.451,0.14402,14.336,130.88,0.080337
20.384,0.031024,5.6543,151.69,0.11783
44.498,0.12646,23.489,163.83,0.037749
18.508,0.049941,34.98,147.89,0.04861
6.095,0.10087,30.426,109.41,0.10196
48.491,0.10768,-9.8876,65.213,0.095035
52.987,0.10301,36.324,-9.0031,0.054058
18.681,0.12259,18.524,244.49,0.020921
17.111,0.091771,16.148,248.53,0.036368
20.419,0.079329,26.024,126.42,0.042793
44.02,0.10791,27.428,235.02,0.10785
51.814,0.072942,27.273,126.65,0.057009
36.182,0.018323,27.028,269.08,0.077415
33.936,0.080308,27.681,93.888,0.017932
37.642,0.0087828,23.724,317.66,0.044253
56.603,0.016989,34.495,120.57,0.12025
-13.253,0.048832,-7.9988,141.55,0.12759
32.501,0.10639,29.767,285.51,0.042389
20.262,0.10709,20.048,227.07,-0.019759
44.06,0.001544,33.506,76.131,0.017771
29.441,0.14776,5.5027,296.66,-0.00069195
18.223,0.078957,9.1929,230.56,0.051529
10.831,0.075633,0.23611,180.79,0.092756
23.076,0.11971,29.232,95.044,0.027242
21.029,0.1114,7.9962,255.65,0.10702
29.36,0.1611,15.392,154.82,0.10855
18.966,0.075313,25.643,148.36,0.10169
12.54,0.13367,17.073,151.76,0.10401
26.985,0.097638,3.7998,263.72,0.10579
8.0183,0.10734,-1.5282,259.33,0.056774
-0.76322,0.011621,16.44,238.73,0.099362
8.1417,0.1396,-5.8417,330.3,0.11657
7.1789,0.16624,26.306,103.98,0.074873
24.488,0.14847,22.073,264.59,0.12456
29.788,0.14188,-3.7325,67.454,0.068435
24.43,0.15604,30.259,287.22,0.12629
-21.797,0.031162,24.914,242.39,0.10481
22.791,0.10833,7.3922,280.43,0.071728
36.91,0.17866,37.833,98.724,0.055961
11.787,0.16066,19.868,367.77,0.090505
14.443,0.10899,2.9287,185.94,0.0961
43.813,0.15166,5.9439,230.85,0.11708
26.117,0.059111,22.686,334.99,0.10571
4.8122,0.084104,24.199,203.57,0.15879
63.695,0.11194,10.008,107.09,0.09988
11.861,0.15767,9.2725,122.79,0.090329
14.12,0.021971,-3.9331,112.41,0.12485
17.212,0.088779,17.597,285.4,0.082853
40.205,0.13348,43.898,215.81,0.12753
-18.783,0.049107,10.599,151.15,0.12206
13.751,0.022705,37.734,93.369,0.04478
15.34,0.12253,14.297,123.56,0.012397
40.857,0.040013,55.968,178.6,0.070135
36.852,0.14058,50.534,122.79,0.10874
31.317,0.071961,12.788,286.68,0.074368
58.149,0.084506,42.312,99.745,0.049518
37.562,0.069977,50.649,20.578,0.011828
21.452,0.12292,13.532,209.28,0.083619
-5.1736,0.067814,11.867,318.78,0.027488
34.086,0.04362,35.734,217.65,0.048858
52.33,0.10349,25.244,384.71,0.051548
15.926,0.086144,3.376,54.686,0.0052159
14.845,0.07042,14.749,35.843,0.036568
21.416,0.070622,33.656,226.76,0.078527
21.051,-0.01739,10.2,324.1,0.047401
49.595,0.076322,12.18,279.17,0.01197
14.913,0.029616,32.363,247.48,0.028966
8.495,0.080025,-12.634,18.028,0.10805
21.115,0.023995,41.568,237.91,0.10758
23.584,0.019905,4.222,52.306,0.041029
40.003,0.065372,20.985,240.7,0.068483
15.569,0.047392,23.726,193.72,0.030053
41.522,0.040497,14.927,300.28,0.06301
4.0923,0.054188,9.5109,224.14,0.034022
38.364,0.11892,-11.974,208.01,0.1466
-9.9257,0.046142,22.52,238.27,0.055403
58.39,0.13548,2.7296,285.91,0.055578
8.1742,0.11487,30.281,199.14,0.084615
34.089,-0.0051281,1.5901,-0.38511,0.073121
30.076,0.012864,27.297,-0.25479,0.021638
-17.173,0.11444,-1.4119,208.65,0.040001
8.9148,0.096809,9.962,278.86,0.11248
-24.6,0.17581,17.441,135.94,0.087949
29.255,0.103,4.0647,406.53,0.0863
12.756,0.089041,13.41,87.272,0.027997
17.136,0.12066,39.381,168.2,0.16313
-12.229,0.12027,44.104,264.95,0.15084
24.409,0.16317,4.3085,304.39,0.070172
29.507,0.10057,31.716,92.581,0.058816
2.1628,0.096975,-1.804,294.02,0.030879
19.214,0.078728,-11.516,201.78,0.15997
3.9655,0.056198,16.521,123.93,0.11514
-5.4756,0.0852,43.489,283.57,0.096166
31.458,0.10153,7.7734,268.95,0.093907
22.309,0.04949,17.166,98.469,0.052365
0.79143,0.12217,5.2479,156.75,0.04464
16.242,0.00069835,52.283,312.66,0.063301
11.738,0.12112,60.299,234.69,0.09069
26.697,0.096091,35.76,371.91,0.097968
23.211,0.1085,25.313,223.37,0.10565
35.087,0.0096408,8.1479,247.94,0.090997
34.668,0.058373,21.249,292.24,0.069198
15.698,0.088968,21.394,408.81,0.10034
18.161,0.033063,23.735,183.74,0.071636
44.744,0.046554,39.388,294.08,0.053177
19.149,0.052856,32.553,345.79,0.049125
52.439,0.0086274,40.513,123.68,0.027807
14.961,0.033356,23.169,317.26,0.082791
38.755,-0.03023,7.4211,267.3,0.060042
21.768,-0.025263,6.2848,185.81,0.14999
22.564,0.03473,14.95,101.25,0.065827
22.585,0.035424,16.697,149.85,0.116
10.598,0.093602,25.926,-2.5414,0.056771
-7.0073,0.077226,19.481,168.45,0.028596
44.724,0.064538,-7.6616,211.58,0.066433
34.126,0.048217,19.307,163.34,0.081854
40.709,0.14866,3.5093,179.28,0.097822
28.581,0.065789,10.67,239.64,-0.018434
-6.2613,0.11976,31.543,214.32,0.06939
3.9115,0.042591,11.933,292.46,0.075711
7.1221,0.061088,11.149,245.34,0.06784
15.587,0.11342,10.126,69.661,0.093333
36.261,0.13837,-0.6092,190.84,0.072382
6.8587,0.081798,-8.1437,416.66,0.078639
20.9,0.12625,5.1191,445.44,0.0803
21.955,0.1031,6.4469,249.54,0.023193
27.525,0.077383,-5.7745,181.51,0.067226
31.104,0.073775,10.608,227.62,0.085053
22.995,0.12325,11.776,187.1,0.15148
12.214,0.083996,-14.322,308.14,0.087635
-7.3726,0.11862,14.024,299.36,0.093121
12.021,0.13069,26.461,229.24,0.053924
10.872,0.11909,0.81109,326.99,0.13818
24.656,0.11438,-11.123,447.19,0.11126
25.181,0.094407,31.563,152.33,0.11283
3.5736,0.11306,3.577,81.908,0.097112
21.162,0.13752,-4.3103,127.69,0.1116
31.238,0.12481,5.9315,91.527,0.13418
26.486,0.091317,14.459,276.14,0.10153
-12.602,0.049882,28.823,161.68,0.081551
8.6547,0.15096,3.3392,256.71,0.094174
27.638,0.11936,-23.5,265.05,0.087334
5.0226,0.095972,27.507,69.463,0.070982
29.844,0.093906,27.714,181.62,0.1124
3.0271,0.058654,21.913,349.25,0.041209
43.109,0.045131,-7.0486,136.81,0.015977
5.9835,0.096773,7.2859,340.68,0.082316
22.004,0.082664,40.215,267.27,0.088226
20.021,0.023273,20.428,190.24,0.12983
7.524,0.038985,20.62,189.89,0.14622
31.946,0.098406,16.12,389.41,0.070584
53.519,0.067463,6.8165,231.8,0.062444
35.931,0.13533,20.828,219.69,-0.0081812
34.846,0.1046,30.382,29.244,0.074411
38.703,0.049166,15.413,213.85,0.10403
10.624,0.093095,29.896,254.63,0.10592
43.371,0.119,28.153,183.43,0.043331
38.864,0.11959,33.746,261.97,0.10711
24.667,0.093468,24.107,248.22,0.073381
21.406,0.13779,33.79,186.3,0.051774
23.756,0.027686,6.5385,98.41,0.081998
36.387,0.033626,27.22,152.25,0.00066073
13.723,0.050046,-16.066,193.86,0.081389
58.818,0.061252,23.299,155.24,0.048469
20.232,0.066233,18.321,170.61,0.078494
13.995,0.031284,-19.445,390.03,0.1039
2.4886,0.061393,10.952,232.34,0.064453
7.1527,0.073804,-3.1875,248.85,0.024434
24.269,0.11874,21.722,355.52,0.040222
8.4784,0.10251,20.074,334.06,0.07999
-5.3856,0.06312,-1.5097,145.2,0.041391
20.88,0.20831,6.9222,331.91,0.062508
30.446,0.13407,15.646,103.41,0.10028
-1.7107,0.10882,19.094,224.76,-0.009799
1.6353,0.11918,16.238,299.54,0.094477
-8.5007,0.070846,24.653,389.38,0.042949
1.8578,0.10166,-10.922,38.006,0.16334
48.761,0.12874,53.544,487.63,0.096866
15.521,0.027951,-21.306,366.51,0.041345
32.318,0.14218,25.82,352.38,0.088635
2.2025,0.12451,2.2988,200.29,0.098722
15.125,0.0065075,0.42657,476.58,0.063229
27.773,0.10462,-8.7743,204.18,0.10131
2.7362,0.11169,28.179,325.79,0.092807
30.074,0.13118,7.1917,267.32,0.065926
9.8499,0.10323,13.095,281.48,0.05557
8.2598,0.049434,44.206,175.29,0.10429
47.758,0.094728,35.527,172.56,0.091984
26.215,0.11025,40.175,301.09,0.037175
44.149,0.057084,-3.9955,94.371,0.082365
-17.296,0.11558,-7.6322,377.36,0.034335
41.639,0.11206,47.352,137.29,0.044263
8.1202,0.058551,19.181,263.54,0.11548
30.144,0.032236,11.451,75.555,0.05045
10.798,0.11746,21.962,158.56,0.091126
28.472,0.00306,31.001,176.15,0.088831
0.16224,0.091983,34.837,187.73,0.12052
-0.76799,0.11288,15.854,378.52,0.048029
14.445,0.015487,8.3182,-85.443,0.061888
27.266,0.10909,27.864,237.72,0.057824
15.409,0.10604,30.794,156.96,0.029157
53.868,0.087878,26.449,87.684,0.096388
37.846,0.082952,19.94,227.14,-0.033805
50.226,0.10744,25.647,204.11,0.0079999
37.193,0.070136,-1.6269,294.79,0.079224
-4.9222,0.044941,35.535,112.46,0.045843
8.337,0.052025,38.587,317.83,-0.0089297
15.453,0.12134,21.791,139.39,0.033568
31.843,0.06173,15.965,95.153,0.11005
18.48,0.10687,32.06,187.14,0.074123
19.296,0.12544,45.066,146.64,0.086812
-12.948,0.069544,21.863,242.4,0.054032
51.147,0.11242,14.148,30.654,-0.002134
34.512,0.053972,28.796,224.82,0.067537
-11.145,-0.015581,21.227,412.38,0.097582
9.1305,0.07062,21.836,281,0.06516
29.343,0.049879,19.401,128.99,0.038273
45.291,0.09973,-9.7296,152.73,0.022947
4.3214,0.10753,32.208,354.96,0.036113
22.628,0.07374,-27.873,197.39,0.03158
20.805,0.05569,-18.598,-14.857,0.096188
13.593,0.052221,-4.2374,233.51,0.096938
-6.1301,0.2161,8.5079,108.49,0.078637
29.36,0.10204,8.039,248.95,0.088925
15.563,0.1408,14.503,328.8,0.074801
0.067817,0.051721,22.9,98.211,0.058096
31.297,0.030369,31.034,427.64,0.10146
0.38404,0.080018,-0.82296,239.88,0.079764
-12.873,0.14867,23.93,107.5,0.147
5.1143,0.10326,30.277,226.77,0.059562
37.697,0.15106,24.698,300.38,0.077097
35.441,0.18737,23.389,354.38,0.042379
8.4946,0.19315,31.839,33.452,0.092123
7.1727,0.10857,5.7766,119.12,0.07006
38.525,0.13469,2.2225,268.46,0.080163
28.937,0.14549,4.4694,215.85,0.067743
44.97,0.088693,13.642,262.63,0.025463
15.067,0.089205,0.90187,381.3,0.072631
21.931,0.064121,39.951,246.39,0.069375
45.575,0.082593,37.239,121.56,0.062597
20.654,0.11449,17.771,-20.029,0.062279
15.833,0.056316,-1.4943,125.03,0.0090621
27.244,0.13148,27.787,221.41,0.12154
29.955,-0.00021253,5.4774,115.95,0.064188
28.539,0.025363,11.393,40.219,0.036739
1.2157,0.14498,23.438,274.4,0.039492
1.0738,0.090322,5.4029,80.627,0.13133
22.598,0.04455,27.122,310.2,0.040233
21.496,0.065517,17.186,261.46,0.034943
58.019,0.074028,-5.7737,230.58,0.0094817
-5.5509,0.042948,25.613,225.95,0.052414
22.471,0.042112,29.954,207.47,-0.016888
23.124,0.085069,25.339,-48.805,0.059925
12.233,0.037985,-1.5218,244.54,0.086004
-26.178,0.095254,8.5907,306.24,0.061716
21.526,0.041662,44.759,113.94,0.029841
15.769,0.08285,28.821,200.73,0.018582
18.726,0.13547,30.694,309.93,0.12742
70.753,0.11538,21.908,250.99,0.076687
29.586,0.0031704,18.349,100.42,0.022677
4.2249,0.069029,29.12,139.16,0.079389
35.861,0.10781,-6.2894,254.48,0.034751
6.3178,0.12851,9.9552,184.85,0.092104
11.198,0.038081,39.633,209.95,0.050932
4.2765,0.12907,22.37,221.44,0.095964
13.685,0.12664,3.1629,251.01,0.04311
27.67,0.05746,16.494,93.589,0.049686
33.901,0.063686,32.8,149.6,0.099343
5.2082,0.13871,26.652,166.67,0.039717
-9.0368,0.10776,-0.52075,168.95,0.074756
-5.9426,0.1013,3.5844,135.56,0.026517
-10.31,0.046633,-12.931,129.09,0.12744
37.001,0.047019,3.1652,274.98,0.044506
11.579,0.070399,16.44,273.97,0.01255
37.809,0.094523,7.3222,230.72,0.053782
16.504,0.10904,-6.657,170.26,0.1007
-2.5617,0.058555,-19.438,260.98,0.13347
12.351,0.09684,-0.13688,165.34,0.10265
42.555,0.074025,-25.803,96.274,0.10295
10.676,0.099084,16.353,245.13,0.13928
-3.0921,0.10698,12.823,363.13,0.13461
50.878,0.1206,-1.4704,184.7,0.10147
50.36,0.13812,22.466,114.84,0.11708
18.289,0.13332,20.327,403.27,0.12943
10.74,0.11439,16.661,209.27,0.08648
39.83,0.20686,26.85,136.72,0.08534
19.31,0.025289,36.465,332.7,0.075835
37.659,0.096779,22.091,200.05,0.066826
33.147,0.060668,12.839,222.83,0.10788
8.2976,0.086599,20.83,224.49,0.050945
-14.796,0.015176,-0.31386,293.84,0.087039
28.564,0.0082719,5.818,241.66,0.07788
1.2559,0.084704,18.51,223.29,0.050523
27.472,0.075282,16.213,74.76,0.041703
9.3654,0.092464,7.2445,308.85,-0.0044825
62.013,0.15087,10.117,206.67,0.043007
43.589,0.090789,7.0063,246.07,0.02892
33.021,0.060215,11.336,161.44,0.055338
11.189,0.024391,12.351,258.71,0.053291
21.501,0.060878,9.0829,171.94,0.0027672
20.63,0.043584,18.725,154.46,0.033268
43.785,-0.0080438,43.99,269.97,0.084929
32.873,0.034402,24.345,110.72,0.021595
49.894,0.052091,26.948,354.7,0.12109
9.9532,0.019569,29.175,266.05,0.022086
38.14,0.089607,4.8966,273.52,0.062512
38.256,0.057781,44.263,-46.535,0.073376
17.001,0.023588,15.859,166.65,-0.011615
13.444,0.001513,29.367,154.19,-0.0037432
1.7478,0.067219,38.911,302.11,0.084324
20.438,0.096743,-6.0997,228.07,0.023056
13.049,0.042925,19.305,297.43,0.043577
30.361,0.14282,12.581,192.98,0.062194
26.89,0.092035,24.488,185.73,0.062738
-17.804,0.088677,20.318,265.45,0.097874
20.491,0.06043,43.823,162.13,0.069275
-12.498,0.10906,6.5,20.42,0.047002
15.572,0.14254,11.517,121.43,0.10076
25.62,0.094295,-15.026,114.79,0.062393
12.667,0.11851,23.801,285.77,0.077631
10.352,0.10934,-6.0956,245.07,0.11511
-4.5333,0.1113,34.838,249.74,0.047998
-10.673,0.11806,-9.4921,122.85,0.12466
-7.3398,0.078902,-5.6402,344.57,0.12684
-5.8247,0.081055,25.641,243.34,0.06236
19.959,0.05957,28.922,205.33,0.083344
16.646,0.083802,24.607,156.48,0.099378
54.882,0.10921,-5.114,206.7,0.051606
-3.4392,0.11244,22.842,116.35,0.11234
10.599,0.11923,-2.7373,259.69,0.12808
10.028,0.043834,1.1086,182.03,0.14218
30.218,0.097568,-0.26263,191.69,0.058321
-24.775,0.18767,16.688,309.2,0.1472
15.297,0.12751,40.932,243.94,0.04811
0.66945,0.12951,20.88,313.13,0.092522
24.932,0.07071,26.568,210.37,0.09601
35.502,0.076251,3.7548,188.14,0.068827
38.867,0.11574,27.928,115.3,0.016087
33.858,0.0707,20.598,217.63,0.1024
16.923,0.067556,44.677,96.497,0.051112
19.533,0.11056,38.921,266.89,0.029928
32.506,0.071339,16.862,113.97,0.048566
16.751,0.019983,24.83,190.14,0.038026
5.4208,0.11311,9.3938,166.68,0.042103
27.256,0.072563,44.43,264.8,0.040991
45.426,-0.023927,33.445,209.41,0.051156
27.645,0.069062,28.691,156.46,0.11458
45.253,0.05338,45.934,169.52,0.044247
38.76,0.086813,25.973,44.277,0.0013193
52.249,0.082348,16.196,317.04,0.11531
6.3152,0.045295,27.164,119.65,0.058571
26.29,0.021915,23.247,256.68,0.071155
14.853,0.12541,26.991,288.67,0.032264
28.395,0.035105,44.301,240.66,0.034255
25.332,-0.018893,5.6112,219.56,0.085015
45.302,0.023721,32.943,175.45,0.011362
13.247,0.070825,8.7798,384.91,0.013789
19.265,0.018116,8.5431,99.259,0.024665
31.3,0.16866,1.8065,161.93,0.067284
38.152,0.078084,25.823,172.07,0.061839
-9.9114,0.067897,15.882,214.87,0.070708
15.582,0.10601,24.538,350.65,0.10259
17.396,0.11987,-7.5037,91.686,0.071782
14.878,0.12917,-4.2826,373.05,0.090012
22.134,0.15183,5.0107,258.85,0.047057
44.393,0.05049,7.3714,123.39,0.091334
27.213,0.15875,34.645,365.08,0.097531
-0.82886,0.11694,16.442,271.74,0.10107
13.658,0.095832,32.004,203.14,0.099379
26.445,0.15942,-16.78,193.43,0.080986
6.9599,0.15465,5.785,76.012,0.039191
2.2705,0.12838,-13.531,175.88,0.11199
1.0958,0.0813,11.724,332.36,0.10291
9.9507,0.13299,19.926,199.4,0.13141
-1.6057,0.077125,20.533,226.13,0.10352
13.454,0.10058,27.317,156.41,0.15884
21.207,0.15193,0.13142,195.43,0.062906
28.663,0.049435,37.714,76.537,0.094486
33.573,0.055277,36.13,88.953,0.049941
35.053,0.16955,7.093,293.39,0.074365
6.7187,0.13303,7.7491,146.41,0.10993
25.85,0.15168,6.9447,195.31,0.076592
-15.823,0.065849,36.906,190.75,0.064994
21.156,0.036629,0.69426,238.8,0.12591
22.942,0.06968,6.9351,285.68,0.092373
8.3201,0.11715,23.983,117.11,0.068226
8.4702,0.095936,10.835,136.93,0.14663
52.007,0.12735,11.657,123.12,0.060575
25.606,0.10042,11.178,194.62,0.087454
12.491,0.11753,29.815,150.2,0.059082
21.584,0.050298,36.911,269.32,0.077507
50.398,0.028785,34.655,245.05,0.086592
56.898,0.077541,9.2791,166.93,0.048398
57.449,0.074842,21.466,49.865,0.038047
1.0068,0.062356,25.728,135.76,0.10535
18.212,0.067595,28.814,279.11,0.055163
53.086,0.040541,30.789,215.31,0.021769
65.849,0.032144,56.966,193.15,0.052441
18.315,0.014066,35.848,169.5,0.019673
-0.39,0.10811,55.021,286.54,0.0327
53.602,0.067472,25.692,105.86,0.040096
30.941,0.065734,13.661,106.73,0.10025
18.626,0.030314,15.332,206.58,0.060317
35.112,0.10561,25.874,282.84,0.065319
7.9737,0.014969,4.7364,185.08,0.095211
8.9423,0.10028,4.0197,351.41,0.050325
43.71,0.04529,22.345,219.76,-0.0044932
19.557,0.085873,7.8285,267.93,0.035909
10.008,0.059664,38.37,234.37,0.11001
-0.48054,0.098983,29.509,204.42,0.092245
-1.2877,0.037639,-13.205,64.225,0.067369
-2.0962,0.17116,-0.22304,256.6,0.090254
2.117,0.084701,14.485,254.02,0.063654
-23.427,0.10091,22.129,322.16,0.042836
41.048,0.079763,9.9124,134.07,0.086965
12.366,0.15067,14.06,131.55,0.10381
15.594,0.15907,21.486,284.27,0.053691
32.423,0.10499,17.148,219.16,0.045056
19.142,0.13658,14.374,289.43,0.076998
-17.124,0.12871,9.05,86.969,0.028343
4.7525,0.18862,-13.626,125.59,0.044824
25.713,0.10548,7.817,40.521,0.098712
50.304,0.12264,16.769,259.82,0.049971
28.138,0.017943,14.621,147.05,0.066825
11.463,0.16051,2.0222,105.31,0.067501
-16.135,0.10719,28.588,121.57,0.0022453
24.81,0.14254,0.86884,175.76,0.050177
26.297,0.13168,10.105,313.19,0.08147
13.084,0.13682,0.57485,470.25,0.057226
22.185,0.15312,-3.2926,88.264,0.063295
47.314,0.039994,36.67,221.64,0.092506
13.133,0.090253,31.146,-3.9204,0.1219
23.217,0.09595,16.539,189.34,0.1124
40.584,0.083108,-3.0102,234.48,0.063579
32.668,0.09556,21.555,130.88,0.09682
33.448,0.097054,13.776,331.75,0.015183
43.042,0.06037,-14.105,293.04,0.059514
24.605,0.037048,32.815,174.9,0.064354
21.048,0.12463,8.6223,255.74,-0.005624
7.0525,0.11151,11.687,158.84,0.02071
17.905,0.020677,47.245,397.17,-0.0093621
9.2,0.068356,3.1631,135.97,0.092836
12.136,0.11584,2.5635,156.27,0.094348
22.308,0.085395,24.212,126.97,0.10671
49.594,0.064934,7.0456,220.87,0.041234
14.899,-0.013332,27.723,254.45,0.053792
21.814,0.12483,21.429,114.07,0.088609
24.176,0.078575,30.041,342.84,0.055502
31.262,0.068726,26.046,213.21,0.11953
23.414,0.10708,45.753,221.78,0.057877
38.349,0.079236,32.435,26.489,0.097551
43.253,0.042563,45.053,74.164,0.065969
-1.3252,0.0063871,30.076,200.89,0.077604
17.206,0.088541,7.2188,206.87,0.10186
23.795,0.065019,17.346,165.02,0.10778
10.475,0.11098,22.408,257.63,0.05135
35.988,0.12611,16.429,121.86,0.10217
0.60584,0.064645,-5.6567,215.63,0.069597
29.369,0.093249,1.2271,259.22,0.063077
26.446,0.14493,25.68,166.81,0.01233
-34.066,0.079875,3.3263,320.8,0.10381
-0.68901,0.17979,14.982,254.14,0.085018
29.548,0.081584,27.103,284.54,0.10839
-13.292,0.11788,23.312,315.23,0.10339
9.6879,0.077395,4.752,253.13,0.074027
-13.912,0.11101,7.5367,110.34,0.058071
-7.5071,0.050838,40.574,-20.264,0.10257
5.1217,0.082382,5.4397,277.53,0.095682
16.319,0.1127,10.649,23.653,0.13625
-8.8213,0.08592,-8.3332,105.41,0.10167
35.975,0.15064,-12.742,96.773,0.10923
15.119,0.12221,33.91,69.187,0.065698
14.531,0.17589,6.5834,120.81,0.058277
20.818,0.11952,5.4807,176.47,0.10012
30.171,0.14351,23.561,149.83,0.092909
-10.402,0.1235,7.7787,349.14,0.01853
29.006,0.1189,19.734,133.12,0.11258
15.787,0.061876,41.002,343.8,0.051505
-3.1244,0.074225,-10.793,156.49,0.082875
26.471,0.094832,12.169,279.05,0.031066
40.859,0.13473,12.028,320.82,0.07847
-9.4956,0.11557,19.212,223.35,0.049399
41.184,0.0080272,40.682,137.63,0.073103
30.588,0.13718,14.372,153.21,0.07557
0.036116,0.12656,21.026,161.56,0.0311
2.1318,0.080569,19.077,87.486,0.080394
67.003,0.097664,35.792,266.25,0.063989
25.702,0.075975,26.254,155.85,0.12211
32.463,0.07177,44.24,170.47,0.033974
59.444,0.061137,14.565,-97.252,0.049787
29.736,0.06934,28.94,206.38,0.040548
39.611,0.13748,40.4,127.17,0.039748
21.266,0.12052,46.886,285.17,0.096065
26.062,0.11312,29.102,229.47,0.087794
30.371,0.1235,41.659,201.02,0.050016
26.495,0.056373,13.043,172.78,0.0057053
12.515,0.080664,42.168,189.42,0.064474
35.171,0.02336,6.9009,272.19,0.027773
32.873,0.10558,7.856,70.361,0.052458
-8.482,0.06965,27.875,233.37,0.052939
13.149,0.063317,36.286,265.26,0.098702
6.2864,0.10232,33.197,395.41,0.093734
19.991,0.071376,3.9451,291.28,0.024851
46.68,0.11626,11.294,110.67,-0.0015752
0.42418,0.078987,4.2338,207.14,0.061796
-4.7471,0.098999,3.9226,123.1,0.027938
35.355,0.085091,26.338,127.66,0.087579
30.069,0.050059,22.69,215.2,0.097845
0.68659,0.13558,9.4807,339.14,0.05622
-8.3144,0.14812,26.758,213.98,0.11791
4.4472,0.1355,22.695,194.74,0.075045
9.6587,0.11833,25.026,192.27,0.14016
22.104,0.081853,22.849,406.85,0.08312
-11.727,0.078312,31.025,163.52,0.11785
3.6997,0.11462,2.4461,289.33,0.11628
27.795,0.15987,12.719,473.89,0.12764
26.186,0.086789,24.487,113.53,0.10667
25.845,0.1393,11.382,436.33,0.086511
32.348,0.11323,-10.953,230.38,0.11232
25.094,0.23565,11.968,84.245,0.083611
5.5241,0.12546,18.734,260.25,0.15221
37.685,0.11794,-7.9776,281.94,0.075467
-6.7594,0.18752,20.378,256.42,0.0587
-8.5151,0.10104,-8.4684,190.57,0.099354
26.124,0.18418,16.17,117.64,0.046719
23.027,0.037195,-1.5213,212.77,0.12407
7.8125,0.16868,27.733,146.65,0.053073
41.13,0.11743,-15.324,426.35,0.12153
34.463,0.10624,6.2165,210.25,0.054805
28.442,0.098749,22.587,261.3,0.035516
19.019,0.023189,-37.421,65.438,0.092369
22.703,0.096296,24.464,376.66,0.040436
-8.8934,-0.034109,-1.9281,237.92,0.050755
22.882,0.1161,0.46856,248.66,0.036732
12.386,0.09586,11.879,336.64,0.033024
25.383,0.058231,11.388,36.788,0.020412
16.744,0.080808,21.448,194.54,0.044157
26.414,0.07103,37.328,283.45,0.098236
50.154,0.035736,49.546,144.68,0.073731
27.499,0.065751,22.049,96.943,0.078019
44.27,0.098382,12.659,72.19,0.052569
49.901,0.11542,19.847,186.25,0.13495
70.796,0.019876,20.841,284.79,0.029015
44.058,0.024358,14.745,282.23,0.092478
-1.1583,0.11955,41.107,163.17,0.063353
4.7238,0.089583,20.02,174.57,0.046494
-0.62742,0.11635,30.855,123.76,0.096136
9.7336,0.081201,-1.8236,177.39,0.019569
34.953,0.050971,22.255,250.75,0.039129
13.812,0.030966,5.7934,422.06,-0.030103
19.629,0.068693,15.672,242.74,0.065927
28.425,0.098759,3.5497,380.89,0.072826
67.145,0.057381,-9.467,131.2,0.11316
30.509,0.064884,11.318,280.7,0.11051
4.1533,0.19714,7.6825,172.07,0.073904
-2.8665,0.11717,17.487,229.49,0.068521
2.6086,0.076801,0.21161,274.27,0.10134
16.686,0.05293,24.63,290.72,0.075388
24.241,0.037362,-20.507,128.52,0.093287
-6.3291,0.1246,-2.9302,195.14,0.019542
19.432,0.049041,29.296,154.07,0.059744
-3.5182,0.1325,3.0518,437.62,0.10646
5.6164,0.11126,5.849,363.21,0.099417
25.002,0.076193,-8.239,207.34,0.12647
4.623,0.10137,12.479,256.55,0.045478
25.857,0.15602,-0.56891,151.77,0.065184
6.5914,0.13284,-2.4589,219.44,0.087817
11.451,0.070333,-0.60933,220.49,0.02799
30.873,0.10118,27.278,296.38,0.1047
21.223,0.098083,17.545,207.87,0.055834
39.07,0.072362,16.702,264.95,0.13629
39.179,0.021389,31.303,269.33,0.10129
18.96,0.13432,14.425,104.17,0.060529
28.608,0.10058,40.669,72.746,0.11537
48.526,0.1187,19.772,246.58,0.055333
14.218,0.094492,6.8277,346.84,0.040126
19.963,0.10772,16.809,228.1,0.075174
25.888,0.13005,7.1928,82.419,0.15239
47.679,0.079631,6.4744,291.11,0.092439
40.513,0.089304,47.634,179.84,0.043259
58.054,0.020237,16.662,131.16,0.0285
43.077,0.021633,51.924,453.94,0.046502
19.054,-0.009214,27.05,177.96,0.080661
32.365,0.052634,-2.7192,287.43,0.067332
38.565,0.13913,61.147,240.37,0.030561
33.104,0.076424,52.278,156.78,0.019919
20.092,0.03808,12.303,269.84,0.09953
19.727,0.037324,60.579,168.2,0.0062544
51.028,0.094688,42.662,308.91,0.026033
29.364,0.059217,45.707,140.9,0.049153
78.886,0.067139,20.076,157.26,0.028069
8.9193,0.066669,27.258,-52.35,0.034488
31.152,0.068771,34.837,233.68,0.099862
36.029,0.068694,35.433,361.7,0.011496
4.3365,0.0059736,26.367,239.35,0.045827
25.897,0.064722,26.69,95.651,-0.0094376
27.198,0.064274,26.099,199.59,0.070423
37.022,0.07556,19.846,252.99,0.073866
8.9358,0.091731,-3.5182,67.309,0.10271
7.4487,0.064831,27.191,258.77,0.04593
18.688,0.069284,15.544,43.299,0.051148
-7.9928,0.10923,30.12,333.63,0.040933
11.202,0.044735,13.249,153.93,0.064143
0.34638,0.07593,23.46,280.6,0.060028
9.0176,0.11736,29.955,249.02,0.049838
9.0825,0.082967,9.4329,264.77,0.067675
-10.794,0.050878,8.1897,327.69,0.076479
17.948,0.097939,37.921,306.78,0.039803
-5.0012,0.069538,29.438,227.35,0.062619
4.073,0.11212,-8.0558,224.11,0.022932
11.59,0.12009,4.1092,277.04,0.16042
26.739,0.1638,-3.0176,299.39,0.11737
-2.485,0.12025,12.641,170.44,0.064934
40.901,0.13238,19.556,307.17,0.071909
-13.741,0.12962,21.764,357.52,0.13803
-0.82075,0.10865,32.567,375.15,0.017427
44.944,0.11031,15.204,163.57,0.074458
-15.94,0.20077,15.395,372.87,0.064352
10.718,0.17719,23.387,356.53,0.11357
27.299,0.082722,32.725,242.58,0.14003
18.558,0.09798,15.094,251.55,0.06346
34.546,0.13658,17.442,337.29,0.16085
60.501,0.054052,39.832,75.269,0.091264
13.07,0.10156,13.871,135.95,0.078292
14.785,0.081248,19.231,139.62,0.089177
3.9564,0.1269,13.726,155.65,0.06687
26.36,0.11476,20.08,425.22,0.070459
37.26,0.054891,-1.197,206.47,0.1108
22.269,0.12715,-5.2486,186.95,0.079106
11.06,0.087732,10.017,22.066,0.067438
9.593,0.10651,36.877,189.62,0.02662
38.055,0.048938,35.435,157.1,0.063541
30.132,0.064598,6.9701,197.13,0.09078
33.064,0.020431,13.213,179.97,0.10186
16.088,0.083432,30.735,-2.8481,0.083033
-9.8583,0.027549,33.209,174.16,0.0033743
49.415,0.05599,30.817,95.601,-0.0045988
46.15,0.084721,15.565,52.145,0.050307
49.724,0.021241,32.139,133.39,0.092321
13.42,0.076272,24.762,58.807,0.0046725
21.153,0.15129,42.216,166.2,0.12818
56.276,-0.011802,33.145,224.2,0.023497
5.7889,0.10058,14.256,139.78,0.065786
7.8761,0.1124,4.4086,225.09,0.095034
23.396,0.090793,53.972,80.411,0.055219
29.923,0.072707,23.524,147.39,0.077603
19.72,0.11261,25.247,163.67,0.10019
-0.9734,0.11099,45.062,166.73,0.058029
34.39,0.074889,-14.943,40.222,0.062614
12.687,0.095058,28.34,128.45,0.08699
-12.612,0.091227,22.64,300.75,0.099102
28.341,0.1489,14.182,188.58,0.048001
11.656,0.073325,7.5484,287.94,0.09944
17.788,0.16257,12.428,159.67,0.069383
32.199,0.10362,-3.8978,398.16,0.1263
40.11,0.080015,19.129,280.58,0.13642
4.29,0.1432,7.4112,-12.654,0.031654
16.191,0.095016,18.963,269.63,0.036445
35.559,0.11475,7.8616,84.886,0.085694
12.266,0.10774,11.355,223.4,0.12759
-9.7081,0.1065,64.659,232.08,0.045668
16.223,0.082242,1.6452,230.65,0.062786
16.758,0.091881,19.428,170.08,0.11707
-5.6916,0.094445,17.006,154.75,0.133
22.636,0.10935,20.013,208.7,0.13259
3.442,-0.0010744,-4.036,40.453,0.079335
3.6801,0.093524,-8.9227,250.54,0.066545
17.507,0.15701,0.4532,317.5,0.060585
35.917,0.1007,21.566,194.72,0.1373
33.019,0.12301,43.613,215.45,0.088337
39.878,0.096346,16.191,190.31,0.098816
3.5127,0.046796,20.319,133.64,0.095928
33.133,0.067955,11.774,-3.7757,0.12377
-4.3457,0.16688,24.202,291.48,0.032584
63.007,0.088575,11.176,185.73,0.11364
50.61,0.082503,13.942,154.31,0.064859
25.386,0.076215,28.092,32.598,0.083109
16.703,0.14667,33.327,124.08,0.036319
32.743,0.10753,12.238,105.59,0.11074
19.55,0.091691,44.86,168.52,0.059817
34.978,0.07701,32.602,323.1,0.031549
28.936,0.02823,36.284,311.41,0.059249
25.094,0.0049821,28.686,228.39,0.010166
79.387,0.0023906,36.471,290.72,0.063314
32.471,0.10049,31.136,142.35,0.026203
-4.4446,0.080682,40.385,268.11,0.044893
53.772,0.087903,23.56,214.83,0.025033
28.82,0.092805,6.9694,191.24,0.075576
35.272,0.036694,19.766,209.13,0.029313
17.934,0.011933,15.248,263.46,0.0051135
12.42,0.10403,30.801,57.597,0.062085
29.973,0.085673,15.362,242.5,-0.028891
25.91,0.023058,41.444,226.11,0.10289
11.86,0.052385,14.749,285.77,0.047848
16.443,0.15843,9.9635,290.88,0.054919
13.904,0.10853,0.35864,215.4,0.060195
10.343,0.06944,30.871,202.39,0.10169
-6.4404,0.084775,-8.8144,310.97,0.095413
-0.00066803,0.092189,13.919,74.728,0.075055
53.322,0.089528,-11.738,292.5,0.018299
2.0703,0.12724,-5.5829,2.698,0.063537
-25.72,0.086642,16.056,280.61,0.055599
-0.31775,0.12619,10.862,388.46,0.04987
-3.3373,0.10871,30.462,201.65,0.10855
-4.3338,0.0702,19.049,492.35,0.067387
22.725,0.15463,2.8529,216.75,0.041361
24.133,0.15587,17.961,90.349,0.088643
17.784,0.19704,8.2183,318.06,0.099909
18.721,0.13082,16.774,203.78,0.13873
5.909,0.14521,8.2645,198.65,0.10571
17.159,0.084686,14.52,328.28,0.1145
15.529,0.081032,13.291,265.21,0.087231
11.191,0.13701,18.942,213.9,0.080548
19.565,-0.0016336,-1.7253,188.03,0.080241
28.825,0.13153,10.235,53.886,0.056845
51.738,0.11757,-6.0337,334.39,0.039553
20.083,0.14558,16.269,281.52,0.091468
24.724,0.11571,-13.123,202.19,0.026582
33.014,0.13136,29.631,212.48,0.050593
43.051,0.060895,6.4994,217.38,0.1288
8.9807,0.094013,40.269,397.09,0.13566
27.556,0.093625,22.338,346.02,0.074273
27.534,0.046849,35.157,114.33,0.023481
23.759,0.081544,27.478,291.11,0.074303
27.708,0.086841,16.364,315.29,0.099206
48.225,0.16978,56.48,228.59,0.079372
39.356,0.065796,36.407,273.66,0.062285
40.64,0.044508,28.511,107.95,0.011945
36.858,0.098436,22.984,312.51,0.068886
23.568,0.036958,45.631,159.72,0.058507
-0.97284,0.1137,20.773,208.13,0.038267
31.809,0.049979,57.594,265.98,0.11754
49.233,0.036657,26.052,92.683,0.028826
-17.57,0.050762,29.411,350.22,0.08157
24.904,-0.014226,12.396,386.55,0.057088
44.585,0.035226,3.9077,245.18,0.042512
27.307,0.051161,16.146,468.95,0.061003
11.141,0.062181,10.649,37.318,0.032567
-1.2147,0.10989,20.919,158.43,0.0060818
5.1091,0.065253,23.367,282.88,0.0025169
38.932,0.062214,32.97,156.57,0.017468
0.48286,0.08837,1.8224,1.749,0.09711
10.669,0.040735,13.265,217.25,0.090465
32.384,0.053816,21.706,99.11,0.046431
50.785,0.12112,33.394,267.5,0.071613
32.797,0.047563,-24.053,173.09,0.067666
20.711,0.092098,-9.1409,113.87,0.072849
45.08,0.075754,12.193,199.31,0.064908
19.917,0.017627,-4.4931,258.19,0.10707
54.163,0.077679,19.144,233.66,0.042322
18.377,0.070516,8.3196,315.9,0.074746
6.8282,0.16016,7.7768,212.42,0.070814
10.179,0.078855,-0.7469,160.01,0.067631
17.384,0.070929,4.1891,320.31,0.12767
23.383,0.11295,24.054,288.29,0.15984
-31.803,0.13792,22.183,121.17,0.12415
8.3108,0.078627,4.9661,99.122,0.092975
6.4909,0.11067,-13.946,263.25,0.077895
6.2297,0.18947,6.3123,270.12,0.10735
56.834,0.12601,6.7299,165.08,0.11734
40.519,0.074037,8.563,221.37,0.12846
35.119,0.045374,7.7246,203.52,0.12394
11.161,0.15882,4.9278,276.57,0.13961
16.244,0.10117,2.774,248.2,0.14004
5.4411,0.1275,41.827,284.63,0.052715
2.4022,0.11284,24.678,225.41,0.044472
21.275,0.088284,8.8858,336.33,0.16214
34.354,0.14344,49.549,197.55,0.086595
59.678,0.083205,34.139,329.94,0.043194
57.03,0.15082,3.8368,283.05,0.091931
49.958,0.054778,12.005,184.36,0.090379
9.9136,0.12099,27.519,198.47,0.059785
22.991,0.020135,21.394,111.81,0.060271
39.284,0.062372,1.9167,181.97,0.054611
21.642,0.08901,7.026,402.6,0.040871
27.773,0.017325,14.917,125.4,0.025915
69.917,0.01935,17.886,172.4,0.0526
12.736,0.087884,7.2312,318.92,0.0074124
61.209,0.037515,4.0316,223.71,-0.02702
32.736,0.1368,20.601,347.66,-0.0008539
54.601,0.029485,4.261,200.62,0.096597
21.65,0.10448,18.886,230.68,0.071205
38.225,0.10086,37.627,308.98,0.020359
22.834,0.05142,29.049,234.86,-0.00885
15.146,0.033987,22.086,246.42,0.062746
23.696,0.05512,30.421,25.23,0.016832
5.611,0.059092,21.359,179.09,0.073066
21.724,0.088011,-5.1863,312.35,0.061849
11.739,0.05311,6.3796,33.615,0.09756
57.633,0.057564,-11.745,311.74,0.043222
19.013,0.071429,30.753,203.95,0.029878
8.265,0.075049,10.445,104.18,0.080141
26.622,0.10689,24.05,91.996,0.057236
30.412,0.087609,-3.0017,96.519,0.04187
34.672,0.12267,23.286,179.93,0.047711
20.833,0.12971,-23.728,195.84,0.030479
14.709,0.11517,-8.7926,298.17,0.067887
28.263,0.10611,7.6881,323.69,0.051309
6.4797,0.14896,-3.202,195.23,0.11929
6.0281,0.12835,27.938,87.494,0.033661
13.54,0.051803,-4.805,240.9,0.0057427
40.999,0.15592,22.763,352.01,0.16089
9.2067,0.12351,25.58,291.19,0.068581
10.462,0.067661,4.3236,314.76,0.14561
38.542,0.031691,16.827,290.09,0.10321
3.3748,0.11565,-14.362,107.27,0.097685
-8.0225,0.069875,10.471,205.72,0.047852
6.4897,0.11576,30.447,227.34,0.078749
-25.495,0.15147,5.2454,305.79,0.074717
6.7333,0.08627,10.173,202.46,0.067416
-5.2294,0.090494,4.2352,65.152,0.061423
24.878,0.059902,1.8272,-35.843,0.063483
-8.7255,0.1307,18.651,288.63,0.10907
-10.426,0.095181,21.424,363.05,0.12363
18.201,0.12434,70.485,160.59,0.07138
8.8673,0.11682,-3.3097,317.7,0.057093
-2.6028,0.059237,11.498,313.74,0.084505
21.731,0.10272,66.129,171.43,0.028273
30.78,0.033908,29.803,224.77,0.10895
31.672,0.1066,10.041,296.2,0.068769
19.738,0.065357,31.734,248.82,0.030601
24.045,0.1596,12.516,110.37,0.046595
47.937,0.071974,47.448,120.37,0.061864
12.75,0.068763,5.5064,175.26,0.050477
49.672,0.044832,6.7605,138.37,0.037192
42.17,0.10421,18.409,333.42,0.036688
38.618,0.013551,4.4032,141.72,0.082101
61.789,0.051522,27.388,443.24,0.011175
17.144,0.064347,21.882,165.49,0.042948
14.935,0.05169,26.617,197.32,0.052615
36.714,0.01497,24.157,269.2,0.0296
46.995,0.13397,17.167,9.6327,0.095962
30.782,0.039056,31.576,253.36,0.064885
30.153,0.062651,44.485,196.68,-0.00039616
69.915,0.0056078,6.402,158.73,0.042261
46.536,0.079534,-3.574,395.1,0.050214
-13.048,0.051985,36.643,199.54,0.021053
4.5332,0.099028,33.306,81.356,0.065119
2.3274,0.077989,9.9491,161.8,0.045829
23.155,0.07576,4.7087,383.19,0.074285
19.148,0.10146,27.69,309.8,0.12485
8.4202,0.070991,22.492,277.46,0.11136
14.26,0.11387,16.207,332.16,0.10086
0.082655,0.12337,-0.29563,301.59,0.025496
15.907,0.13508,20.924,254.96,0.051935
-5.0453,0.11646,-7.2243,229.36,0.11281
9.5353,0.052084,8.501,253.62,0.066952
12.184,0.051444,-7.2434,203.91,0.089121
-1.5129,0.14576,0.81471,334.82,0.064308
19.759,0.12141,11.619,235.63,0.11772
41.304,0.11095,4.5549,339.86,0.10777
-8.0237,0.074011,-2.2882,99.873,0.093537
11.155,0.1645,-22.064,304.32,0.084168
2.0558,0.20353,9.0416,91.603,0.084068
19.423,0.094016,35.299,139.89,0.039776
26.911,0.10903,3.8486,364.15,0.14655
31.726,0.089965,19.256,48.887,0.08324
33.398,0.10196,27.979,421.5,0.083216
-1.9184,0.019744,26.686,170.17,0.068934
59.618,0.094956,29.988,213.39,0.11511
6.9951,0.12804,10.981,118.67,0.14663
0.86342,0.1003,-3.1554,255.55,0.10135
-29.701,0.10512,29.963,162.29,0.044453
4.423,0.0918,28.252,147.96,0.10957
-0.90399,0.10704,15.719,195.14,0.10716
35.608,0.012222,14.88,304.63,0.054875
44.762,0.077797,40.789,169.09,0.04189
36.137,0.072023,30.72,272.76,0.10565
-13.633,0.11787,10.918,389.9,0.018991
30.321,0.02079,15.221,163.25,0.12926
26.508,0.043642,42.423,188,0.03927
27.83,0.093212,17.461,132.49,0.03515
26.046,0.10495,28.967,193.65,0.11242
64.5,0.064447,50.057,338.58,0.05595
2.7019,0.093677,6.7984,117.84,0.066418
25.583,0.031213,33.454,190.75,0.067697
26.833,0.070191,10.992,139.63,0.053013
29.616,0.095899,30.61,247.43,0.044666
20.413,0.049409,32.912,249.81,0.11905
38.921,0.090772,15.582,157.2,0.0080789
29.957,0.075455,17.199,160.36,0.013144
16.962,0.069532,17.154,226.74,-0.0032495
-9.7535,0.092089,24.256,61.352,0.082349
0.67286,0.061872,2.7769,245.44,0.067127
17.617,0.048289,35.186,160.73,0.092222
-0.23354,0.034738,-11.983,156.07,0.056446
21.607,0.13853,6.5131,256.83,0.10492
21.47,0.024876,48.094,158.61,0.051323
7.6506,0.12439,23.029,175.38,0.13803
12.931,0.034682,18.136,196.94,0.048805
37.344,0.056858,55.122,337.89,0.123
11.097,0.10208,9.6003,165.08,0.026743
-4.0327,0.067285,25.1,167.98,0.087925
47.251,0.14585,8.7665,102.89,0.14151
65.811,0.072055,5.4126,304.07,0.088693
8.9865,0.12845,17.29,312.53,0.14827
-1.4948,0.11649,3.3546,257.48,0.025422
49.682,0.02589,16.343,195.67,0.047701
37.448,0.06017,7.7226,231.64,0.13312
20.944,0.14745,28.253,405.14,0.082113
16.116,0.060327,3.0771,172.68,0.10444
23.132,0.073576,0.28864,198.46,0.093209
-20.208,0.094976,22.163,422.25,0.14846
26.837,0.12013,12.275,168.24,0.11594
48.175,0.093078,2.5548,365.75,0.091936
9.5535,0.092637,50.045,318.88,0.11561
36.482,0.094068,5.4465,155.36,0.10801
11.141,0.15344,10.026,248.5,0.054455
-15.549,0.15154,25.118,92.558,0.073774
30.629,0.14053,20.718,66.754,0.097601
17.668,0.069901,31.37,302.28,0.11108
4.0776,0.15495,23.727,223.32,0.090632
-6.5667,0.058783,19.002,263.65,0.030988
57.134,0.10404,4.7825,141.76,0.089334
26.792,0.098522,30.522,154.47,0.11524
31.039,0.062507,31.499,187.51,0.092514
-5.0549,0.13489,18.205,199.12,0.034583
48.954,0.0058408,37.975,95.498,0.042057
6.4595,0.044772,42.972,265.39,0.058847
47.703,0.13166,15.029,267.17,0.069812
15.328,0.089124,38.712,250.32,0.11989
55.546,0.027987,69.048,159.8,0.065869
24.66,0.030715,26.462,187.12,0.080513
42.412,0.10962,39.099,219.71,0.055979
35.854,0.10678,15.527,235.92,0.078482
18.063,0.078165,22.827,137.66,0.041883
35.904,0.085952,39.827,326.98,0.05929
50.932,0.070039,35.762,341.99,0.016226
43.846,0.029464,-0.15755,221.37,0.072074
30.056,0.070835,40.376,149.25,0.11417
7.158,0.098607,39.332,188.48,0.11454
38.176,0.10343,4.2405,231.18,0.13699
32.989,0.10767,32.473,223.3,0.10525
15.623,0.072559,9.1182,315.33,0.020131
42.756,0.05796,14.968,372.64,0.089051
33.839,0.058134,18.444,290.28,0.12656
-12.499,0.1539,35.074,159.86,0.029211
0.43205,0.074054,25.394,123.89,0.078939
21.561,0.084002,-8.6031,292.73,0.034835
7.8111,0.072017,16.351,70.378,0.053535
16.485,0.083546,-22.299,375.56,0.05069
36.894,0.07523,-16.834,190.94,0.10932
21.374,0.1691,-1.3034,210.17,0.095194
24.445,0.13136,18.95,219.22,0.088648
19.328,0.089978,-2.699,124.77,0.06917
15.218,0.098767,18.332,260.65,0.10955
-5.3194,0.14176,4.1356,223.56,0.14845
22.613,0.093354,21.91,179.06,0.070159
7.2627,0.12626,40.323,390.57,0.067503
15.547,0.15397,6.8748,299.19,0.062558
29.931,0.10828,18.131,394.2,0.13557
-7.7482,0.15913,43.145,149.33,0.050955
-14.969,0.10972,0.99544,316.26,0.12871
-7.9574,0.098643,-11.553,170.46,0.055663
1.5418,0.075263,21.842,204.38,0.11846
2.7451,0.091274,16.235,357.93,0.067169
7.9192,0.15337,2.4194,229.96,0.10732
17.133,0.077477,-0.21759,382.2,0.1195
21.553,0.09143,23.497,551.97,0.078507
25.116,0.072138,23.427,148.43,0.023474
18.859,0.080365,30.775,80.295,0.057248
0.99725,0.11877,21.658,322.76,0.11646
6.9971,0.17,2.0574,237.12,0.07856
20.807,0.12811,38.63,188.5,0.055158
50.485,0.02634,4.4049,315.68,0.064152
19.964,0.12136,24.524,237.59,0.046701
25.313,0.1138,36.99,314.64,0.054296
12.939,0.11269,48.412,123.95,0.046385
27.041,0.090236,25.111,333.59,0.06888
38.329,0.097828,38.761,395.86,0.013907
4.3431,0.075083,39.558,144.46,-0.011588
18.507,-0.023022,16.603,13.958,0.11176
37.15,0.052595,21.116,190,0.067825
22.85,0.099063,7.9588,304.23,0.050709
48.552,0.047219,39.912,263.73,0.038172
-0.28255,0.006413,57.412,136.01,0.075804
28.3,0.082653,22.753,-24.474,0.035927
0.45954,0.028022,2.538,339.08,0.078213
24.736,0.062037,12.229,149.4,0.078377
26.301,0.064181,34.093,241.28,0.054285
-20.606,0.019532,26.327,294.84,0.047773
14.972,0.074869,11.229,77.854,0.0014133
14.68,0.089629,14.707,386.65,0.068023
31.521,0.068367,26.868,150.22,0.043622
26.382,0.069626,2.6446,317.07,0.067285
23.649,0.10169,34.664,311.91,0.035581
6.6444,0.12302,-6.8775,358.7,0.067417
18.41,0.024102,20.585,29.741,0.11642
20.118,0.11137,22.253,117,0.060793
-0.64365,0.12593,13.066,380.63,0.06609
34.086,0.075149,29.617,161.3,0.1144
-11.367,0.10259,17.091,158.4,0.12223
5.8702,0.19181,9.1384,274.61,0.092968
20.956,0.12589,19.795,247.72,0.094101
19.735,0.14882,15.321,244.65,0.016492
-3.0108,0.08947,24.343,199.81,0.086334
15.576,0.07768,-3.9052,248.33,0.16969
40.762,0.16278,22.69,257.84,0.1177
14.884,0.1172,41.33,282.35,0.15908
12.851,0.14057,26.214,171.74,0.14169
3.3321,0.1509,50.047,245.91,0.086895
8.2233,0.10865,1.377,144.93,0.032661
17.39,0.065261,11.143,290.3,0.10761
27.363,0.09898,-4.8962,257.3,0.099071
8.7383,0.062412,19.711,-3.8088,0.12753
31.992,0.11838,35.109,340.36,0.078928
33.543,0.047834,13.602,138.02,0.08395
21.955,0.14851,27.372,346.56,0.11102
19.813,0.083131,-1.6639,240.31,0.052838
27.117,0.066456,24.669,328.02,0.11945
23.565,0.11957,9.761,61.559,0.10694
42.641,0.084783,-3.4789,230.75,0.055478
55.483,0.09732,3.9072,176.44,0.12655
15.529,0.026377,14.282,303.83,0.099085
25.08,0.066354,37.682,227.65,0.073864
17.39,0.043834,15.701,325.01,0.084491
19.72,0.047423,39.513,121.94,0.073384
31.653,0.039003,36.186,158.95,0.055772
32.904,0.004746,12.317,222.44,0.081716
30.451,0.068067,35.899,179.43,0.075963
53.454,0.14722,43.858,170.53,0.046091
26.374,0.092307,15.171,345.59,0.091575
29.521,0.037159,43.548,149.78,0.097418
33.201,0.0095848,20.074,286.84,0.029732
-8.8662,0.1347,-0.33824,135.62,0.01146
20.134,0.028287,19.201,321.32,0.026413
9.8175,0.068396,19.755,211.78,0.029201
42.527,0.026962,51.367,528.87,-0.011086
-3.9099,0.025424,21.195,133.63,0.052557
43.058,0.054643,7.0086,234.15,0.069707
40.776,0.083886,-11.05,279.84,0.042142
28.608,0.15819,38.917,238.26,0.11687
45.431,0.043334,13.761,271.01,0.048138
20.882,0.098962,10.612,167.14,0.061299
-21.776,0.11216,55.282,184.4,0.095474
14.139,0.098346,18.806,228.2,0.0999
17.122,0.016963,-12.437,260.67,0.10597
30.04,0.093295,22.707,-70.573,0.088459
-1.0841,0.13584,45.014,521.25,0.11211
29.364,0.044544,7.2497,283.43,0.067256
5.6404,0.068488,-5.1877,106.81,0.15194
5.6247,0.13653,0.57766,169.86,0.12214
15.168,0.17668,4.3074,298.66,0.042955
24.165,0.016526,40.502,188.59,0.094647
4.4106,0.083234,7.5189,265.34,0.10096
33.64,0.10183,29.567,296.45,0.1126
15.17,0.14354,11.389,228.56,0.18959
15.239,0.13864,30.743,84.385,0.079694
-2.3654,0.12183,-18.348,243.66,0.064004
37.758,0.070719,35.861,153.72,0.079474
31.318,0.11721,2.115,120.42,0.067784
24.935,0.13691,16.86,151.47,0.082489
6.9,0.13518,21.359,227.66,0.07774
2.6186,0.14069,16.362,70.647,0.022439
26.529,0.11853,3.1952,73.669,0.14908
31.593,0.12747,5.2934,124.44,0.10026
2.7822,0.079993,34.186,292.13,0.092537
-5.4497,0.094488,12.651,103.19,0.039471
15.95,0.074033,42.637,267.42,0.080272
14.897,0.038388,44.854,294.76,0.10578
33.434,0.058298,20.993,303.7,0.078056
16.961,0.068689,23.762,188.77,0.015024
17.568,0.0040672,20.448,214.45,0.10829
39.319,0.00024479,58.578,401.65,0.063614
36.695,0.11001,32.179,323,0.029657
19.227,0.09278,19.977,289.07,0.054232
39.805,0.11377,22.62,174.44,0.047734
20.388,0.13694,40.822,247.31,0.036772
39.957,0.099325,27.849,395.96,0.068079
13.528,0.06829,37.322,323.84,0.049706
49.008,0.084766,41.069,324.89,0.046845
41.913,0.029528,7.5344,141.89,0.086374
30.499,0.063123,29.964,140.52,0.066001
18.183,0.059299,20.847,122.52,0.059418
21.999,0.1098,28.069,209.91,-0.0060285
24.097,0.052905,3.1397,202.06,0.035038
6.8706,0.058273,13.733,225.1,0.018538
-9.8161,0.1185,34.384,189.5,0.034893
33.573,0.099641,20.734,221.62,0.12671
20.958,0.089758,17.548,216.39,0.059163
11.875,0.013111,-16.263,203.54,0.012543
2.1879,0.013088,6.0481,350.37,0.098346
38.235,0.094369,16.591,348.17,0.13602
0.99932,0.21389,6.587,208.4,0.019531
13.612,0.083561,21.224,200.81,0.14461
2.9228,0.098493,15.205,283.98,0.062219
19.323,0.095051,5.9864,300.83,0.098346
11.468,0.059353,6.7978,183.57,0.10791
22.137,0.080571,35.547,415.25,0.10099
11.16,0.07935,9.6354,19.852,0.11185
14.413,0.13502,10.023,152.63,0.14149
-2.0287,0.12529,23.175,101.85,0.07701
18.775,0.1752,46.54,208.76,0.072583
39.38,0.15817,39.77,329.46,0.17063
51.506,0.12195,10.272,279.43,0.104
-1.0843,0.041577,38.548,318.08,0.081855
15.105,0.15356,5.5369,292.94,0.070593
1.2666,0.22743,36.318,128.08,0.14512
37.586,0.10175,10.341,117.24,0.10813
18.011,0.10743,8.2077,174.08,0.056251
33.712,0.11612,7.9367,150.97,0.076304
25.153,0.064433,18.13,367.35,0.08405
32.042,0.1342,21.649,32.487,0.11126
26.048,0.11897,-0.21169,246.4,0.077048
29.262,0.12754,4.9811,162.3,0.051948
45.559,0.094667,40.195,7.4673,0.11899
25.543,0.043353,20.436,110.23,0.099694
39.019,0.1222,-0.5882,144.28,0.087119
49.478,0.13061,17.817,310.32,0.10245
54.673,0.089939,18.308,214.22,0.11365
20.017,0.047337,23.559,165.99,0.063521
40.632,0.048124,37.447,260.83,0.058456
21.179,0.032891,20.947,-142.49,0.075142
18.4,0.040597,54.625,391.56,0.098626
-2.4565,0.048257,35.003,203.82,0.040652
30.371,0.13008,10.552,85.208,0.072276
10.827,0.15216,42.454,282.42,0.065378
53.708,0.017669,39.868,291.62,0.034756
29.498,0.029642,31.253,222.38,0.012229
38.459,0.052918,46.99,153.52,0.088133
11.469,0.089868,36.347,304.1,0.032605
28.627,0.081164,25.713,42.368,0.07577
13.808,0.082248,9.9391,218.31,0.006008
10.578,0.020759,23.24,209.59,0.089292
20.183,0.044378,-2.2409,187.5,0.033418
2.3204,0.10402,-6.3568,211.02,0.078955
11.906,0.11521,30.135,301.09,0.00013803
-2.7766,0.080943,38.154,210.98,0.11783
7.8224,0.038118,10.88,213.14,0.022648
29.467,0.12777,-1.8489,148.76,0.0040207
12.511,0.06749,14.118,144.7,0.016462
11.29,0.061877,-11.85,63.354,0.089065
2.3292,0.12008,39.296,71.361,0.07921
31.219,0.08869,12.385,128.53,0.024497
21.968,0.111,9.2044,105.96,0.12889
2.8339,0.043639,-26.09,146.87,0.052743
-3.8578,0.067212,20.574,168.16,0.084374
16.568,0.12915,28.856,235.47,0.060992
6.5264,0.13015,27.512,309.78,0.098638
12.929,0.15311,32.362,291.56,0.053471
20.314,0.083867,-21.822,196.79,0.13001
12.111,0.10313,36.223,243.83,0.13122
17.637,0.10856,7.9691,310.45,0.11095
7.3453,0.14433,25.99,163.41,0.14398
22.289,0.11425,-12.195,293.79,0.080113
46.981,0.11681,24.58,116.19,0.098982
33.185,0.14898,31.996,296.99,0.1491
39.529,0.1569,6.728,217.6,0.042589
32.544,0.14079,12.159,302.03,0.084593
6.9737,0.0855,32.309,233.09,0.10019
37.603,0.0816,19.968,119.16,0.0916
19.543,0.053641,2.4259,152.92,0.084645
20.446,0.10153,-3.3191,187.1,0.10466
26.418,0.037339,-1.1775,251.51,0.12479
20.328,0.081375,22.097,156.66,0.10923
1.373,0.098604,12.377,32.433,0.084894
0.55224,0.056086,23.916,304.08,0.075527
20.065,0.021106,41.59,197.99,0.092614
29.982,-0.0021326,33.761,159.54,0.037959
31.624,0.0096959,9.4504,140.95,0.092539
34.087,0.069369,32.886,335.08,0.050607
23.732,0.088945,30.295,156.48,0.08775
19.879,0.10671,43.584,213.13,0.056424
43.291,0.067423,50.338,284.38,0.059054
36.426,0.063185,17.705,26.323,0.044094
25.12,0.068741,31.245,160.31,0.066961
20.809,0.0065411,20.698,291.53,0.062276
48.012,0.04975,29.087,44.903,0.066206
-4.2341,0.086162,18.526,82.999,0.037944
12.845,0.094779,26.771,255.07,0.086693
45.866,0.090916,22.342,216.4,0.082147
14.385,0.058324,-26.733,279.79,-0.013702
14.91,0.021005,7.7854,79.184,0.059656
35.378,0.021525,5.4263,190.57,0.043968
18.388,0.066073,2.6369,151.9,0.077662
31.372,0.020411,30.082,147.22,0.084178
38.552,0.11118,24.195,182.13,0.10332
14.259,0.10898,15.208,141.5,0.046417
29.965,0.11893,5.757,292.72,0.061566
-18.041,0.063414,12.666,238.31,0.049974
10.673,0.1488,27.706,54.634,0.055253
-12.728,0.1179,-1.8443,356.88,0.079353
9.7038,0.066169,47.609,156.75,0.05508
7.5794,0.064273,22.933,298.36,0.09421
18.309,0.13614,32.25,164.12,0.084435
11.591,0.092068,19.952,327.02,0.092286
25.791,0.090741,23.629,292.65,0.063882
-6.8629,0.10888,-3.1279,211.17,0.10448
-12.631,0.14766,33.13,232.76,0.11366
16.302,0.11783,30.751,33.706,0.15131
40.391,0.15824,25.947,407.34,0.11715
21.058,0.088283,28.255,322.4,0.099901
26.425,0.097336,26.128,212.85,0.12949
3.0867,0.14558,1.6289,319.56,0.1389
42.027,0.09772,19.522,273.76,0.060582
40.864,0.12728,28.576,348.6,0.053239
33.55,0.063775,26.908,79.513,0.067153
17.832,0.059162,-6.9497,143.81,0.094312
17.782,0.11351,41.421,160.32,0.10645
26.698,0.082713,26.395,185.05,0.071236
50.279,0.061289,18.321,219.61,0.073798
0.013997,0.086219,3.7136,123.21,0.10305
37.203,0.16588,56.774,213.64,0.11922
63.137,0.12588,13.082,263.42,0.10055
16.675,0.10651,31.361,222.85,0.044982
27.767,0.12233,27.285,265.65,0.10018
67.462,0.12262,19.899,190.64,0.074873
42.543,0.0013289,5.7647,217.83,0.053496
13.559,0.13292,42.815,153.08,0.13404
38.825,0.055365,4.862,330.88,0.039148
31.259,0.02487,37.311,215.67,0.064163
39.679,0.0087787,56.507,140.92,0.057637
44.591,0.080124,15.469,129.7,0.071944
30.785,0.074399,49.023,239.47,0.0029058
28.723,0.10757,30.378,223.91,0.065668
24.165,-0.020514,37.169,100.36,0.05038
32.83,0.050916,0.66703,402.77,0.093756
28.22,0.033489,27.57,44.807,0.063444
23.581,0.041407,25.006,-43.764,0.062513
35.972,0.133,13.466,105.75,0.061616
32.93,0.096273,19.404,147.52,0.041144
19.308,0.084625,19.917,149.21,0.099323
28.692,0.080954,-1.0611,230.39,0.10882
50.045,0.1387,9.538,91.729,0.086366
-16.867,0.178,0.65212,366.99,0.049022
30.578,0.11434,21.657,153.4,0.12227
22.951,0.091323,21.833,216.32,-0.037948
-0.056733,0.061277,21.735,344.04,0.099201
13.69,0.12633,9.2466,164.45,0.079393
37.669,0.11891,17.921,203.58,0.043657
5.3626,0.04848,33.202,117.49,0.051376
-37.088,0.1151,-18.96,98.906,0.076591
20.463,0.1485,11.125,172.53,0.057878
17.306,-0.006891,34.022,275.82,0.13726
11.861,0.10045,3.9519,217.68,0.1476
15.633,0.13349,32.46,226.14,0.038546
21.571,0.1144,-24.373,80.351,0.079799
17.597,0.079633,11.664,361.29,0.061218
20.04,0.10019,26.434,265.46,0.1059
39.362,0.15085,4.205,184.83,0.066182
-4.4232,0.21668,8.463,236.24,0.092835
4.2387,0.11796,1.7827,263.02,0.060407
48.145,0.091574,0.85834,184.96,0.091475
14.051,0.047807,33.68,317.59,0.042733
27.712,0.12182,8.8316,195.61,0.058015
2.6616,0.14633,34.77,162.49,0.099733
23.17,0.039415,-12.514,377.72,0.0649
49.071,0.048818,12.992,286.03,0.080995
15.646,0.059661,29.137,343.03,0.09759
26.734,0.13958,15.477,332.59,0.11753
43.32,0.076331,16.512,207.89,0.012735
8.659,0.12253,14.683,261.06,0.097607
11.345,0.090682,25.502,105.48,0.00099023
45.615,0.10192,33.301,24.757,0.065472
50.256,0.050505,50.224,183.92,0.093776
52.664,0.021042,45.885,-19.028,0.070884
45.126,0.083826,12.293,213.09,0.043019
36.946,0.11169,-9.1929,331.75,0.042819
34.243,0.057091,39.148,210.68,0.048932
24.912,0.094981,54.267,241.64,0.029422
21.317,0.090983,30.625,298.27,0.023177
-2.6439,0.078329,4.7105,147.39,0.018574
13.466,0.039122,35.555,113.55,0.074122
31.137,0.016817,-3.8992,349.82,0.045449
23.112,0.045298,21.518,156.52,0.040949
34.221,0.071004,10.894,92.178,0.069055
30.772,0.10157,25.034,207.92,0.086728
2.2454,0.077255,3.9547,40.35,0.048877
22.461,0.1711,31.53,264.16,0.081928
9.1093,0.021658,-19.464,210.81,0.021502
50.792,0.1012,4.7898,254.29,0.049331
4.2588,0.091274,21.352,153.62,0.00099556
15.102,0.074394,37.925,-32.406,0.075714
27.173,0.065229,46.562,326.78,0.08104
47.991,0.082284,-2.0583,122.33,0.10452
14.88,0.094034,6.9114,175.85,0.089721
23.811,0.15509,11.835,148.56,-0.027202
13.233,0.19168,9.483,530.08,0.080428
5.7321,0.087525,13.556,248.82,0.10226
4.3187,0.049156,19.134,205.61,0.097019
-6.3015,0.041344,3.5025,154.99,0.099852
26.051,0.096691,15.201,101.04,0.057733
23.59,0.15623,7.7732,129.53,0.067573
7.5747,0.097648,4.9937,238.81,0.11402
4.5432,0.09762,-0.89311,175.01,0.094755
41.317,0.12729,16.929,39.342,0.13746
15.171,0.046003,1.4676,284.88,0.15466
31.221,0.16147,-10.023,154.23,0.052114
16.11,0.11976,10.641,224.76,0.089793
12.111,0.079794,36.58,373.15,0.041876
9.4268,0.13877,6.613,266.78,0.11587
6.1813,0.16107,42.455,234.56,0.11351
18.939,0.067477,26.918,129.51,0.053438
5.8242,0.13079,25.71,234.79,0.11586
25.425,0.12177,10.731,298.68,0.072341
45.025,0.098111,23.461,108.05,0.089367
20.843,0.099478,-4.4485,215.42,0.16844
1.843,0.12315,45.211,167.12,0.077065
-3.3638,0.048942,28.773,226.83,0.07804
