87.04,-0.0028903,113.07,74.997,0.011793
63.87,0.0095918,135.92,117.48,0.019586
188.23,0.023746,110.28,160.71,0.029612
258.95,-0.0098127,73.809,63.19,0.015219
124.64,0.0054731,149.12,-4.363,0.0050604
122.09,-0.0052453,166.21,42.044,0.013174
108.11,0.0037298,94.397,2.011,0.016549
152.79,0.0044752,75.213,110.73,-0.010802
120.54,0.010704,97.404,94.005,-0.0027904
71.837,0.017888,60.702,51.009,0.027519
194.85,0.012685,180.49,66.621,0.017519
234.16,0.01105,160.31,75.596,0.0081756
167.37,0.0043077,197.5,69.221,0.025476
7.2062,0.0069497,176.63,180.48,0.0021656
107.82,-0.0025639,106.58,136.05,0.014307
229.76,0.0077896,187.79,-51.85,0.017803
183.24,0.016916,101.16,91.761,0.025292
248.91,0.015064,276.84,88.7,0.030358
108.7,0.010307,73.243,28.61,-0.0070162
76.184,0.020896,170.6,121.22,0.0093636
117.21,0.031922,82.721,58.807,0.0037237
182.07,-0.0045929,-33.916,174.56,0.019225
101.65,0.023133,159.95,118.45,0.016473
184.86,0.023346,46.27,183.15,0.014466
121.2,-0.0073029,136.98,30.587,0.019004
151.64,0.015053,156.91,-0.4936,0.033485
140.78,-0.00048329,120.5,15.822,0.013015
281.83,0.015747,67.3,54.37,0.016632
176.98,0.013852,106.57,99.646,0.010776
110.69,0.020267,136.92,114.03,0.011039
122.68,0.0038891,205.44,16.129,0.017864
123.32,0.011257,86.555,18.576,0.011523
43.424,0.016381,143.24,58.839,0.0086855
224.7,0.019987,107.56,61.698,0.013303
155.99,0.0077944,217.58,97.016,0.036314
226.3,0.024621,85.161,-6.1179,0.014555
174.34,-0.0058597,168.8,105.52,0.010698
78.493,0.013609,29.387,93.43,-0.0013952
190.33,0.031958,145.7,56.875,0.010068
215.15,0.0062317,232.35,73.114,0.038182
150.71,0.007789,147.58,46.138,0.016018
100.62,0.011636,203.47,100.09,0.03069
189.8,0.0059514,105.68,194.74,0.016718
234.03,0.0042972,217.26,72.608,0.026098
162.27,0.024659,168.13,17.409,-0.0011593
130.72,0.017874,153.48,0.23815,-0.018001
55.868,-0.015494,130.45,142.58,0.010144
144.23,0.014083,230.15,142.25,0.0055314
134.41,0.0087174,160.87,30.352,0.0036622
29.804,0.014294,145.89,65.404,-0.01617
113.84,-0.0021458,147.64,59.182,0.055469
146.89,0.010633,143.32,39.576,-0.0017966
108.75,0.0077981,86.7,163.17,0.0093285
41.365,-0.0021886,123.63,40.273,0.012471
276.46,0.008571,99.069,85.638,0.01809
163.32,0.028476,179.76,101.61,0.019958
200.3,0.009085,96.083,56.791,0.0030668
22.365,0.014042,91.168,138.52,-0.0052513
149.13,0.014568,67.275,96.751,0.024581
107.14,0.016382,109.93,110.62,0.024035
216.31,0.012971,136.55,66.974,0.0082261
127.74,0.0020618,99.965,101.62,-0.002307
72.765,0.02053,152.48,56.685,0.017752
213.34,0.020226,160.45,135.52,0.029487
289.3,0.020786,188.21,11.55,0.019543
130.91,0.010552,172.25,30.926,0.0098635
26.11,0.024176,203.76,134.76,0.030289
132.53,0.021047,66.622,42.411,0.014248
64.234,0.020665,108.62,161.22,0.024628
61.799,0.023975,101.6,149.03,0.011848
243.09,0.018817,195.63,236.97,0.023692
86.206,-0.00038097,158.4,47.91,0.022011
111.87,0.018926,131.64,105.41,0.022824
138.39,0.039262,176.11,156.02,0.017713
-29.942,0.017473,84.046,21.35,0.012608
147.35,0.020582,208.49,43.04,0.019076
121.4,0.0073748,146.55,162.79,0.022965
124.77,0.0068093,110.31,130.2,0.0013081
82.681,0.012811,89.723,68.477,0.010577
117.69,0.004743,319.96,43.613,0.00011093
76.515,0.01071,156.06,61.218,0.039485
229.34,0.014157,89.202,10.97,0.020791
68.997,0.034655,184.6,53.8,0.016558
137.11,0.024996,82.577,97.767,0.004716
73.477,0.0094811,180.82,64.832,0.017837
170.29,0.031952,157.47,111,0.024418
49.16,0.020572,65.707,94.395,0.014341
77.533,0.013287,96.467,159.38,0.015116
196.59,0.019998,173.44,93.397,0.020121
198.9,-0.0036713,79.303,83.226,0.0098168
20.691,0.024197,207.57,37.019,0.012074
159.16,0.01206,213.91,9.0056,0.027073
272.72,0.026199,199.24,189.52,0.016055
68.621,0.039773,136.18,98.345,0.03713
196.22,0.024076,34.48,198.32,0.033567
160.14,-0.011962,171.2,102.82,0.030165
146.38,0.019039,155.97,182.96,0.019666
172.72,0.043135,85.462,112.48,0.0047233
177.68,0.013324,175.99,140.38,0.02122
115.46,0.0073416,117.68,89.512,0.027223
116.84,0.0061766,65.448,152.42,0.0078993
188.16,0.016724,6.5301,35.933,0.016665
29.499,0.0067666,143.73,56.802,0.022423
95.709,0.015788,163.55,129.79,0.027733
59.093,0.014425,24.719,81.354,0.022633
99.095,0.014784,59.675,56.501,0.04232
49.772,0.025419,169.78,141.04,0.030893
211.5,0.037756,86.496,120.68,0.031067
137.52,0.0082233,96.371,64.532,0.029661
75.998,0.0061193,129.77,151.43,0.018476
187.11,0.033324,134.25,120.02,-0.001998
132.52,0.025783,173.5,108.24,0.037936
166.52,0.0056163,177.14,128.87,0.015014
144.26,0.0073656,79.803,132.94,0.026177
283.19,-0.012085,160.38,131.77,0.014311
186.5,0.0016805,175.01,117.72,0.021171
107.88,-2.8679e-05,207.36,39.502,0.0099838
118.19,0.024965,157.84,154.01,0.013502
139.05,0.018202,90.908,29.293,0.0055379
149.93,-0.0069286,-39.754,145.77,0.034336
103.31,0.0080322,120.42,57.506,-0.0075936
138.45,0.010264,148.55,57.207,0.0098804
165.91,0.014296,198.22,91.427,0.020594
202.71,0.0026101,17.232,111.94,0.017511
151.01,0.017194,92.364,92.132,0.026276
127.53,0.0072202,97.499,82.486,0.026876
50.852,0.0015186,104.11,33.311,0.018254
79.173,0.003848,136.14,110.64,0.012749
178.08,0.014613,122.89,114.89,0.024804
88.613,0.0065412,157.05,137,0.025567
220.55,0.014841,161.86,111.99,0.016342
128.14,0.022861,69.579,103.07,0.0097898
122.49,0.029982,156.79,102.47,0.035821
124.5,0.019084,20.989,106.16,-0.0061825
288.57,0.020869,194.05,126.29,0.025902
113.41,0.011397,68.268,63.599,0.013538
72.447,0.021034,112.18,180.49,0.017875
75.408,0.01104,93.142,111.3,0.026452
237.57,0.036013,58.967,98.046,0.017136
-34.3,0.0097902,191.89,101.55,0.019159
138.34,0.020012,151.47,124.71,-0.0095628
162.68,0.02116,97.307,103.57,0.012616
234.84,0.024906,124.11,58.045,0.021717
166.49,0.017194,208.85,119.23,0.014666
94.879,0.021138,142.87,-1.8288,0.027195
124.15,0.019505,196.42,107.59,0.019688
123.52,0.038492,132.82,124.38,0.01467
72.05,0.021633,88.092,98.249,0.019035
182.32,0.017455,59.002,75.918,0.0057178
36.487,0.012222,79.605,94.694,0.0083206
30.032,0.0374,155.63,111.08,0.03011
105.99,0.026221,145.21,112.1,0.016816
119.06,0.016513,209.76,78.381,0.022702
43.032,0.033283,81.3,16.323,0.021481
150.62,0.024783,104.22,74.766,0.027273
145.1,-0.0016182,105.13,54.497,0.017205
115.6,0.015774,138,157.73,0.0087582
237.71,0.011354,171.23,80.78,0.00048395
162.3,0.021303,188.4,62.839,0.037481
154.03,0.043369,142.28,106.8,0.034012
91.081,0.013625,128.69,250.93,0.0019065
130.99,0.0074383,255.01,50.649,0.024044
165.58,0.034021,110.41,28.725,0.017718
218.52,0.0086479,87.868,27.314,0.01984
54.619,0.01828,142.63,215.53,0.032937
47.116,0.027294,167.62,43.199,0.024977
114.19,0.0084916,87.565,114.05,0.015998
146.14,0.033687,82.429,28.006,0.011098
176.37,0.026892,114.48,122.31,0.019492
23.032,0.023424,62.834,76.016,0.025588
139.06,0.022935,112.13,149.05,0.016405
144.91,0.012006,181.29,110.44,0.024754
112.66,0.0060495,153.89,85.663,0.0039702
99.256,0.031348,54.385,120.88,0.019374
152.01,0.012223,91.865,130.2,0.022779
98.584,0.029427,97.56,115.82,0.020703
126.8,0.031755,99.118,114.42,0.030356
145.85,0.014348,155.6,120.89,0.016385
142.38,0.023819,93.684,106.76,0.012309
75.913,0.030498,144.97,76.196,0.025096
115.86,0.022248,103.27,96.889,0.023755
148.96,0.00941,93.488,57.634,0.0053756
12,0.018793,247.14,94.245,0.041619
54.448,-0.0015197,83.839,0.077342,-0.0049209
131.34,0.013813,149.26,87.743,0.020203
135.81,0.023036,152.61,143.1,0.018808
208.39,-0.0034633,159.29,98.757,0.0052506
99.378,0.013883,139.14,165.89,0.016945
60.924,0.0084537,177.06,127.93,0.036776
181.45,0.02561,132.92,49.225,0.031137
96.422,0.0028294,153.39,100.25,0.026089
287.85,0.013928,76.183,95.276,0.022498
126.16,0.013468,178.18,116.5,0.026799
77.298,0.016167,132.61,76.723,0.013832
123.67,0.014376,67.672,34.625,0.015018
43.797,0.029493,155.96,62.128,0.018008
56,0.025373,72.442,144.46,0.022699
82.161,0.00035039,185.01,123.31,0.024173
66.595,0.026415,187.38,157.02,0.024975
69.85,0.0099486,96.765,91.986,0.018665
127.73,0.031923,77.873,118.22,0.056234
124.77,0.03696,138.96,-2.742,0.052097
79.971,0.04222,134.35,203.61,0.023092
178.83,0.019095,55.049,134.35,0.024404
157.77,0.0090614,186.57,122.77,0.01272
51.527,0.021002,7.406,138.88,0.021818
111.5,0.026614,134.56,132.31,0.015372
140.25,0.0075076,102.26,74.692,0.031651
114.07,0.026737,161.06,12.932,0.034592
143.27,0.013788,159.63,131.58,0.0098545
226.7,0.019715,213.87,130.81,0.02215
164.61,0.029831,188.81,146.16,0.030613
191.48,0.043004,71.935,2.3373,0.03273
68.529,0.020117,88.446,38.96,0.023726
171.95,0.011935,158.63,183.66,-0.0032194
121.25,0.025837,79.214,163.46,0.039424
67.063,0.0016933,120.16,-2.6276,0.019448
62.762,0.017696,24.704,135.86,0.0080743
105.84,0.014063,155.66,125.41,0.043852
265.55,0.039341,153.5,139.5,0.053576
183.58,0.024461,46.075,33.147,0.0042179
93.403,0.021758,153.81,116.01,0.020439
44.046,0.0032692,113.01,-14.396,0.01917
55.188,0.024803,56.712,189.97,0.040359
141.84,0.0052919,139.4,90.427,0.036306
223.09,0.0077402,150.01,-31.547,0.0095186
130.98,0.023662,129.17,97.299,0.018133
149.42,0.019266,158.85,9.6629,0.014681
40.229,0.01184,121.95,148.32,0.029563
115.7,0.017067,148.79,115.39,-0.01361
127.98,0.010999,96.855,165.79,0.0081657
175.02,0.019525,109.82,167.37,0.011271
0.8868,0.018196,89.326,32.32,0.030976
201.57,0.019446,146.9,-17.121,0.030351
130.92,0.027805,146.53,-3.2292,0.021935
133.71,0.041467,161.58,107.4,0.035718
171.77,0.010006,182.7,115,0.0095837
120.49,0.0071566,162.46,87.222,0.025692
163.24,0.018548,279.48,40.433,0.010295
137.31,0.032503,114.33,68.97,0.01218
115.35,0.025261,77.532,133.52,0.040371
192.03,0.02744,62.973,94.765,0.038582
151.22,0.027071,68.603,87.377,0.020193
97.043,0.036757,42.429,87.271,0.04286
73.027,0.036552,73.918,42.178,0.024012
175.68,0.023343,75.354,105.27,0.04207
73.669,0.022322,154.31,32.961,0.029643
124.6,0.030771,75.756,61.865,0.027967
104.69,0.026532,130.69,42.341,0.023115
141.41,0.0013828,156.96,121.11,0.045971
176.31,0.036252,68.28,-46.449,0.035869
197.48,0.02539,122.64,126.85,0.029487
27.729,0.039621,87.523,174.72,0.036539
91.837,0.019819,23.577,76.129,0.032303
100.11,0.014821,201.52,124.56,0.018669
127.13,0.0077762,79.416,37.515,0.0075598
76.448,0.034327,9.1401,117.59,0.040232
135.72,0.019745,65.362,223.24,-0.00090296
163.81,-0.0019025,89.146,101.42,0.019781
79.486,0.0048195,196.28,74.328,0.027767
118.5,0.023277,74.321,174.68,0.032091
113.19,0.0095133,169.85,58.574,0.029767
237.4,0.030137,111.14,86.109,0.025591
64.43,0.0040883,71.124,163.99,0.027981
164.83,0.0047358,193.62,120.92,0.0099871
176.71,0.043926,98.91,46.234,0.0056084
108.54,-0.0084684,56.182,-13.773,0.026697
127.08,0.020809,120.22,55.625,0.020927
90.868,0.025529,92.528,121.7,0.042642
51.638,0.025677,161.06,122.49,0.033772
135.67,0.0072707,55.687,104.21,0.01699
135.61,0.044271,112.37,47.231,0.046304
46.494,0.0016075,49.957,59.533,0.020001
138.2,0.037162,208.98,128.59,0.063334
115.79,0.013723,164.97,51.272,0.024297
92.899,0.02608,223.06,121.34,0.022469
136.26,0.0027737,166.99,127.21,0.0053498
21.99,0.01524,79.681,133.92,0.02623
133.49,0.040194,113.8,235.94,0.026301
177.22,0.026862,125.93,81.877,0.012115
77.616,0.019679,163.64,133.7,0.048313
78.717,0.0032381,113.97,141.97,0.030225
86.583,0.042242,206,165.92,0.029516
132.55,0.01859,148.19,99.06,0.011778
106.31,0.037697,138.04,103.6,0.024394
120.66,0.022758,144.8,122.71,0.017628
115.31,0.017469,171.58,94.608,0.046855
96.553,0.030938,95.172,103.09,0.011995
-14.925,0.03523,114.13,101.85,0.017561
97.577,0.014833,31.826,88.364,0.028174
140.89,-0.0027997,80.06,145.52,0.019951
9.1256,0.017522,234.04,94.663,0.048837
127.95,0.012928,155.16,93.982,0.030782
125.03,0.025464,201.8,111.8,0.0095585
102.09,0.030886,128.49,115.08,0.022394
13.075,0.038337,118.35,22.275,0.017202
170.44,0.024723,112.19,72.677,0.032094
240.59,0.027472,89.143,118.86,0.0066296
230.27,0.017062,53.702,144.95,0.03771
51.787,0.010348,113.52,114.79,0.024947
110.04,0.0036092,227.56,86.951,0.038483
42.076,0.020051,68.619,119.14,0.016642
113.93,0.02155,132.66,140.9,0.010236
195.76,0.014419,150.06,126.5,0.026895
150.54,0.019752,15.478,120.77,0.018874
172.93,0.026718,111.49,137.05,0.02682
161.08,0.011375,81.485,61.29,0.028386
102.4,0.0061452,152.58,-17.65,-0.0038212
112.31,0.03203,107.49,162.82,0.050465
91.7,0.043975,129.83,101.67,0.0036878
93.557,0.027038,76.434,117.44,0.013111
62.068,0.0072922,150.31,72.486,0.012841
203.4,0.030238,67.233,95.673,0.01973
177.41,0.027345,15.552,100.28,0.0078661
84.576,0.021036,135.06,130.6,0.032003
-25.829,0.043405,147.99,114.6,0.025436
118.13,0.037514,41.7,159.35,0.007188
177.02,0.02349,144.62,27.614,0.035063
58.742,0.030534,31.318,75.689,0.033319
202.43,0.014505,98.882,81.801,0.025375
227.44,0.017972,149.33,138.98,0.018802
153.41,0.027475,146.97,135.39,0.039774
202.11,0.029761,78.665,117.62,-0.0002733
103.4,0.023635,14.368,119.97,0.023029
144.88,0.029088,222.51,4.5116,0.034115
212.46,0.011839,70.301,145.33,0.026165
120.3,0.043607,81.894,82.375,0.048417
14.975,0.027885,89.354,75.958,0.029537
77.538,0.023502,15.34,210.47,0.016711
51.409,0.03145,53.421,1.3504,0.040245
86.591,0.014224,90.037,117.02,0.032655
127.41,-0.0040325,141.11,131.76,0.037641
146.49,0.015178,191.21,21.662,0.013695
188.09,0.014453,30.282,51.545,0.018309
181.47,0.037029,108.86,118.95,0.028994
127.16,0.010521,37.335,205.2,0.01678
116.16,0.016519,162.9,156.9,0.0022765
185.48,0.02052,136.14,79.636,0.01685
171.05,0.013306,250.36,71.668,0.0059081
110.52,0.035758,181.42,112.12,0.020369
168.76,0.035066,217.29,136.24,0.026685
150.7,0.039993,169.67,93.372,6.2058e-05
92.99,0.039012,-4.3123,69.774,0.017136
241.75,0.029229,100.18,180.35,0.026267
89.92,0.02941,101.34,141.49,0.037656
74.277,0.026965,189.29,179.48,0.018603
105.31,0.024801,149.39,86.786,0.022357
148.53,0.02366,109.96,107.33,0.048326
90.191,0.012245,140.49,76.253,0.032838
73.646,0.018852,31.832,179.8,0.040745
105.09,0.024778,66.185,51.054,0.047179
119.52,0.03684,133.8,95.521,0.034957
169.03,0.019017,104.48,120.08,0.037334
84.061,0.012543,137,24.194,0.026629
95.428,0.025424,181.3,107.69,0.047933
75.38,0.021013,96.991,93.212,0.012141
130.3,0.022164,139.21,168.5,0.024923
116.82,0.034215,98,132.56,0.017143
63.978,0.037179,173.22,156.45,0.024629
174.69,0.013759,105.94,77.526,0.0059961
8.6337,0.010867,68.083,128.31,0.022558
121.16,0.028851,83.208,63.368,0.017116
147.77,0.034227,-0.78263,108.74,0.021583
208.51,0.019067,94.365,179.6,0.028853
158.1,0.025614,107.15,179.6,0.021242
179.03,0.013633,103.03,184.8,-0.0012779
130.82,0.0083376,128.29,123.39,0.024249
248.72,0.023452,107.8,124.72,0.020418
143.14,0.014075,15.925,125.75,0.03413
69.036,0.028265,119.99,53.963,0.001585
171.34,0.014176,48.786,-31.348,0.010285
9.6467,0.019313,151.64,147.68,0.033942
147.04,0.0075475,161.54,47.127,0.013034
126.14,0.033653,77.761,107.72,0.043661
52.162,0.017019,153.21,91.94,0.03453
126.23,0.016072,201.78,193.32,0.04522
156.68,0.043478,52.587,129.66,0.033981
43.055,0.022323,162.98,133.22,0.02828
128.89,0.032971,120.65,174.7,0.025186
141.25,0.019837,139.86,179.53,0.045801
96.406,0.016326,121.23,48.051,0.023606
135.2,0.013062,162.63,49.278,0.04177
129.2,0.042264,30.627,197.54,0.027621
69.32,0.011412,191.15,151.09,0.012737
146.54,0.016531,157.7,96.862,0.046976
171.41,0.0084894,163.85,99.063,0.033834
42.971,0.047077,46.159,117.24,0.038378
58.067,0.0039071,83.25,115.66,0.05108
0.37412,0.016953,119.3,115.97,0.0085592
81.108,0.02128,22.112,187.72,0.037823
18.54,0.016062,147.3,26.645,0.019551
183.77,0.020091,131.32,122.41,0.007697
105.42,0.023752,90.275,161.21,0.041951
107.15,0.013794,42.957,107.53,0.020238
187.51,0.0090968,10.311,115.48,0.021403
122.25,0.02648,58.872,108.86,0.018227
55.92,0.037519,102.27,87.698,-0.0031793
53.042,0.017279,158.55,67.799,0.029669
129.46,0.018168,81.865,132.48,0.0089939
140.95,0.021174,12.501,151.12,0.024099
127.39,0.013118,150.45,118.02,0.0071528
115.85,0.024391,-4.6559,18.058,0.031895
128.48,0.025925,153.55,150.52,0.022101
25.831,0.027886,109.14,191.7,0.011644
121.09,0.034066,171.4,230.86,0.021455
177.34,0.035357,247.72,110.27,0.024629
45.271,0.033445,122.97,58.18,0.030975
164.2,0.01261,72.289,47.924,0.042385
105.2,0.012858,205.79,139.94,0.021125
119.09,0.011953,91.267,199.12,-0.00088137
123.72,0.032455,224.26,74.051,0.020346
115.44,0.0253,173.01,100.16,0.015387
121.81,0.019283,65.386,118.78,0.026643
111.31,0.015793,35.66,79.783,0.015045
83.698,0.029146,86.287,86.311,0.019239
151.8,0.016792,166.55,53.156,0.019301
176.86,0.031633,16.116,-33.256,0.048088
62.702,0.026042,113.83,167.67,0.03021
5.028,0.016966,-16.351,184.49,0.046608
93.01,0.023563,103.48,118.84,0.037166
151.48,0.028484,53.365,104.43,0.013635
174.17,0.022613,35.477,-17.355,0.028973
67.173,0.021268,100.48,182.45,0.020114
82.095,0.024821,215.68,98.659,0.02244
137.54,0.019736,209.95,40.689,0.036247
169.95,0.0093549,74.687,49.691,0.016134
110.61,0.03535,128.39,49.491,0.019593
151.82,0.042874,52.105,28.933,0.01733
120.81,0.017564,226.35,191.97,0.0087363
87.849,0.034992,66.886,127.58,0.023097
132,0.0051892,244.7,135.81,0.02153
141.13,0.016667,106.97,86.399,0.0067936
266.19,0.005852,216.75,107.72,0.026446
106.93,0.027332,27.918,88.653,0.023386
69.15,0.012,86.595,101.31,0.044265
36.092,0.01509,122.92,-28.668,0.019443
147.75,0.012545,218.47,84.413,0.033755
143.22,-0.00088063,121.61,240.95,0.019803
63.23,0.0086994,137.66,113.58,0.030978
120.75,0.016806,149.47,150.41,0.023965
127.28,0.033254,114.96,63.544,0.015345
21.142,0.02357,47.936,100.93,0.035106
240.24,0.029289,82.803,109,0.021321
140.05,0.0090453,158.43,101.29,0.022412
4.925,0.026171,122.03,126.46,0.020847
71.074,0.027064,123.5,110.57,0.040824
85.251,0.017441,147.21,64.726,0.031279
136.39,0.029908,102.89,107.13,0.0051021
114.4,0.021979,83.275,96.116,0.036705
58.876,0.019678,55.705,123.54,0.038799
44.773,0.016209,166.54,135.42,0.037188
177.31,0.036976,122.85,191.59,0.026557
36.64,0.020531,84.598,102.8,0.0425
96.961,0.035282,133.27,116.05,0.032444
151.17,0.024234,128.1,0.83404,0.040586
186.63,0.023665,201.3,99.048,0.040053
135.06,0.031812,141.92,187.83,0.0006754
173.26,0.0038679,104.05,171.77,0.011092
187.74,0.012233,72.493,70.259,0.033483
116.94,0.016214,118.96,118.54,0.029931
114.23,0.01207,107.78,196.56,0.0068238
141.9,0.029886,164.13,164.23,0.020364
155.47,0.034536,64.951,45.502,0.04012
4.7626,0.0066004,195.38,187.03,0.053141
74.64,0.014857,49.094,143.26,0.012269
151.76,0.018272,192.15,31.475,0.02706
90.379,0.0084962,118.19,36.566,0.029836
120.72,0.037526,161.74,47.004,0.012072
136.33,0.001344,80.635,87.585,0.01419
78.477,-0.001285,146.11,122.53,0.023845
104.36,0.0043262,119.66,130.48,0.023294
128.78,0.024331,136.28,65.028,-0.0077835
142.58,0.022196,202.13,48.358,0.03551
215.99,0.0357,199.54,-23.259,0.036997
40.812,0.019801,121.89,62.903,0.028871
160.37,0.029837,26.794,77.855,0.025257
142.95,0.022045,94.381,132.47,0.020258
148.54,0.029056,49.369,93.881,0.020714
64.851,0.00047831,179.26,58.76,0.042954
131.42,0.01559,192.19,171.51,0.022086
155.52,0.023524,133.15,208.43,0.031512
192.93,0.023529,100.34,123.21,0.048391
20.009,0.015855,153.8,71.431,0.039122
75.676,0.0078021,107.72,137.17,-0.0094442
47.767,0.03534,134.94,207.78,0.021397
104.06,0.019262,20.218,153.78,0.053241
-20.234,0.030363,84.611,68.114,0.013517
179.07,0.0033878,111.55,120.01,-0.0035984
-22.909,0.0054733,82.726,157.32,0.016291
125.57,0.021702,88.748,94.245,0.031032
26.494,0.013457,106.01,160.03,0.0086013
109.82,0.0089606,23.066,147.93,0.013646
121.19,0.036423,138.48,57.473,0.030082
144.9,0.017215,152.22,42.215,0.011526
38.304,0.037787,-11.671,-41.503,0.034225
130.87,0.0074599,119.63,133.66,0.015572
80.95,0.0089932,158.45,195.49,0.019322
195.02,0.016665,101.1,147.11,-0.0041038
75.991,0.0055841,20.716,167.02,0.012416
43.685,0.00056038,183.1,126.26,0.0085649
126.53,0.012269,133.95,211.24,0.039615
106.33,0.026254,202.82,102.33,0.025295
209.74,0.019607,164.49,8.7039,-0.0035148
172.13,0.024956,175.04,41.733,0.032189
97.798,0.0070854,59.107,50.39,0.0069819
59.247,0.0079877,178.06,30.55,0.039405
73.381,-0.0057159,121.55,40.274,0.011494
12.782,0.028419,131.24,199.71,0.032195
125.93,0.022495,79.357,141.71,0.022215
158.55,0.020014,97.022,108.34,0.021402
159.86,0.014806,-14.769,71.208,0.0082589
177.89,0.035056,256.19,29.792,0.012917
48.125,0.034326,0.092356,205.57,0.040113
108.05,0.026521,54.918,184.92,0.018392
185.35,0.022716,28.839,23.758,0.023786
136.42,0.0073827,106.96,19.396,0.026562
73.258,0.043762,67.043,127.24,0.014697
136.99,0.031943,142.06,12.776,0.032337
201.69,0.017484,58.619,85.59,0.012205
132.54,0.034879,43.047,146.55,0.029851
81.269,0.01061,94.283,170.56,0.029494
117.64,0.029736,51.84,47.513,0.020834
122.8,0.025351,81.69,85.493,0.040948
149.01,0.035559,124.3,115.3,0.028548
78.693,0.024753,118.65,77.06,0.022962
99.033,0.017125,189.47,81.734,0.033927
150.51,0.028387,136.96,98.646,0.03099
116.32,0.018351,191.81,101.65,0.010279
216.04,0.033321,63.066,76.9,0.037585
182.79,0.047422,130.03,69.949,0.021723
151.91,0.025376,65.571,116.08,0.045844
95.767,0.020919,132.12,48.753,0.036256
139.22,0.013398,168.07,115.77,0.025041
129.52,0.00519,154.23,36.705,0.021796
95.855,0.015556,97.176,141.28,0.029879
164.73,0.023126,35.582,-46.908,0.026573
167.81,0.023456,127.93,149.86,0.021861
48.203,0.012757,141.28,112.63,0.02676
96.1,0.0040237,125.96,84.422,0.014137
128.89,0.017877,143.2,121.76,0.029541
140.33,0.010956,52.71,104.58,0.019558
157.82,0.044924,122.88,123.09,0.032993
111.53,0.007014,148.27,99.616,0.01113
163.23,0.0047222,84.613,59.419,0.060345
156.44,-0.0049104,117.14,137.11,0.024126
127.26,0.035621,57.068,186.39,0.008309
148.95,0.0095876,236.72,176.6,0.0086774
39.743,0.020105,88.85,176.82,0.016625
103.32,0.020734,49.878,142.44,0.028398
99.143,0.027877,149.44,131.41,0.013436
135.56,0.032654,4.013,106.24,0.033012
175.7,0.028517,183.07,165.32,0.017365
150.53,0.025788,199.85,51.267,0.031578
88.813,0.037736,129.34,127.33,0.014204
217.38,0.033366,111.07,65.022,0.023654
121.98,0.023298,73.284,81.625,0.020371
74.731,0.04615,95.592,145.17,0.034977
137.19,0.013738,104.7,165.85,0.020081
49.956,0.036623,75.882,167.67,0.040691
163.02,0.0080585,93.39,113.19,0.048292
176.11,0.037994,64.819,109.89,0.02481
201.79,0.027301,113.09,129.4,0.036981
16.728,0.015539,83.409,150.58,0.0095229
71.805,0.025286,87.423,162.26,0.037999
28.601,0.025162,113.98,231.93,0.025099
126.96,0.0024963,126.43,204.17,0.005276
88.984,0.025599,124.14,114.76,0.0056942
95.599,0.014127,94.282,122.21,0.02257
150,0.024201,81.567,100.59,0.0047681
137.17,0.00074684,123.33,116.44,0.0097959
155.25,0.014424,213.78,123.39,0.012153
142.34,-0.0043348,133.01,141.13,-0.012416
127.87,0.024557,160.28,171.6,0.027468
133.65,0.010047,72.226,73.272,0.018491
138.62,0.0054007,117.91,54.667,0.045096
69.716,0.017231,114.17,73.339,0.017206
147.79,0.017094,188.35,122.1,0.026491
78.55,0.030798,149.73,152.48,0.020762
150.12,0.021841,146.48,150.97,0.023172
92.005,0.014994,128.56,132.18,0.041538
94.612,0.024012,101.01,79.486,0.018872
95.026,0.035495,100.72,129.47,0.018372
71.63,0.046583,100.93,71.085,0.026107
166.11,0.0065852,146.18,54.545,0.038369
267.36,0.024265,63.3,43.793,0.019035
57.444,0.029653,150.21,93.953,0.041085
-4.3298,0.014039,167.97,106.52,0.026968
56.959,0.024736,113.96,52.876,0.032627
91.226,0.015444,100.7,183.52,0.028061
51.516,0.027015,72.894,164.23,0.024441
-38.543,0.035724,179.67,-14.383,0.02231
107.88,0.03597,149.74,156.99,0.025685
96.213,0.021584,90.869,88.652,0.027467
54.006,0.026406,102.82,135.51,0.0352
207.25,0.02036,163.86,84.718,0.013893
40.327,0.022549,155.11,115.71,0.037592
53.44,0.022733,116.11,80.536,0.039847
234.73,0.033874,122.18,63.427,0.036615
199.8,0.0075684,93.912,94.818,0.040185
110.22,0.02354,81.525,138.43,0.023814
166.77,0.023824,182.33,178.36,0.012203
75.398,0.019409,100.65,99.403,0.013438
146.94,0.011488,193.88,49.397,0.01836
155.34,0.00767,99.493,95.262,0.018042
186.68,0.018134,157.7,115.93,0.019973
199.92,0.012865,69.923,110.19,0.027224
66.206,0.016261,115.38,181.88,0.021039
167.34,0.026258,32.122,39.325,0.0085158
52.473,0.012557,167.37,129.78,0.036234
84.761,0.021597,137.7,135.31,-0.01827
107.66,0.016098,177.5,57.342,-0.0013838
81.495,0.014542,159.42,187.43,0.020736
136.13,0.022339,5.9986,47.776,0.035235
77.09,0.021025,142.41,148.69,0.022749
45.978,0.017057,128.95,49.474,0.021439
90.085,0.023948,15.489,39.251,0.02687
307.71,0.028712,143.06,131.11,0.037661
9.4393,0.021839,110.19,85.302,0.037876
105.79,0.042549,100.26,110.53,0.018022
122.54,0.019225,94.156,113.55,0.035898
137.32,-0.0040579,32.466,140.53,0.021273
97.447,0.026659,23.817,127.64,0.041309
145.27,0.039492,108.29,193.45,0.031762
87.324,0.020307,185.15,125.89,0.0053309
57.103,0.019613,79.121,149.54,0.029628
158.89,0.028047,124.06,128.5,0.025961
-3.3789,0.003269,-2.5328,86.002,0.048783
10.859,0.045462,111.94,162.35,0.022711
127.06,0.028403,171.67,-61.719,0.030222
77.926,0.022684,96.22,97.63,0.016912
90.493,0.023817,69.519,81.899,0.017724
198.19,0.019899,211.49,133.17,0.018984
-11.531,0.007425,100.74,69.113,0.022191
81.208,0.02697,32.003,134.22,0.025167
15.71,0.011618,122.19,54.598,-0.0014106
158.16,0.026402,120.94,106.97,0.020121
151.56,0.025574,74.418,37.518,0.03213
99.865,0.011668,141.87,81.963,0.021469
248.87,0.03506,110.41,96.452,0.012853
157.77,0.012497,125.99,122.53,0.021734
168.48,0.0086865,129.64,202.93,0.030198
100.3,0.01121,117.15,146.41,0.037859
159.95,0.013286,136.69,46.581,0.014124
80.688,0.018237,36.712,124.91,0.026469
102.95,0.023894,111.33,147.37,0.011354
127.06,0.013938,86.705,65.458,0.03163
94.889,0.029421,87.307,164.13,0.045408
118.93,0.023701,106.03,105.07,0.045807
5.5371,0.017067,83.301,100.99,0.031332
119.2,0.032741,131.98,91.409,0.025889
64.803,0.018112,76.183,154.1,0.014011
95.692,0.021612,115.96,103.63,0.019607
175.43,0.02626,40.615,183.14,0.018482
104.26,0.025211,10.819,95.482,0.02489
98.997,0.022475,117.5,99.968,0.032993
129.46,0.035789,150.51,114.07,0.031058
81.296,0.029157,47.12,43.416,0.04014
31.813,0.01637,159.02,92.954,0.030752
-86.769,0.039082,150.11,121.36,0.016612
164.8,0.042196,103.03,99.912,0.027091
95.855,0.029521,126.64,162.41,0.052433
92.687,0.011796,123.44,78.848,0.030902
101.38,0.0053852,144.59,150.01,0.026963
-27.033,0.016169,112.7,85.083,0.0054448
215.46,0.041648,177.01,87.377,0.028165
142.13,0.0023381,70.292,147.93,0.028526
123.75,0.024715,271.8,113.3,0.018649
85.797,0.0062296,115.35,159.4,0.032099
200.85,0.03253,61.237,106.64,0.033107
173.66,0.03881,89.442,154.99,0.036578
189.92,0.040538,193.09,41.841,0.016189
282.48,0.024137,167.46,55.66,0.0097079
200.66,0.0080749,139.02,113.29,-0.0029877
179.94,0.01911,111.65,91.847,0.0147
98.62,0.025904,47.094,57.602,0.020927
50.969,0.0047124,186.15,84.021,0.034592
64.095,0.022289,106.01,66.749,0.017545
179.79,0.028411,41.883,148.42,0.021505
12.166,0.033196,162.57,119.75,0.014916
27.458,0.0022522,96.345,43.559,0.025977
46.771,0.029578,168.45,149.88,0.029541
113.88,0.02885,170.62,115.97,0.025855
101.44,0.024715,136.62,73.935,0.0060083
180.45,0.024439,184.37,83.071,0.034043
21.896,0.002687,168.78,40.202,0.013643
128.24,0.029263,112.83,124.85,0.029491
27.677,0.020415,246.39,147.49,0.028057
50.075,0.032745,125.05,100.52,0.029865
93.665,0.02722,76.704,78.572,0.047448
167.92,0.020425,153.12,73.467,0.019756
64.96,0.026207,141.31,137.22,0.046807
3.0817,0.0097242,66.214,140.96,0.049161
131.1,0.032605,104,77.217,0.035888
51.771,0.0295,190.42,108.73,0.03373
3.61,0.025703,118.54,102.25,0.0272
100.15,0.036386,112.01,108.08,0.055836
30.487,0.041153,90.911,67.482,0.013201
72.041,0.028858,67.28,107.88,0.015447
55.637,0.012315,29.104,167.43,0.044633
133.56,0.022772,45.578,29.187,0.018267
62.838,0.014049,145.48,102.13,0.021859
108.23,0.022021,120.24,133.38,0.0089642
77.401,0.025337,82.286,79.228,0.050788
106.9,0.034392,97.033,33.516,0.023155
35.271,0.0093639,125.36,154.09,0.031687
72.434,0.025762,75.192,108.13,0.010702
191.76,0.013343,11.146,138.82,0.013274
203.84,0.023646,210.05,76.719,0.030776
144.54,0.01583,124.15,62.21,0.024918
122.54,0.011065,148.98,49.59,0.022462
157.67,0.027189,29.215,106.3,0.021267
102.5,0.025992,127.59,118.66,0.0179
146.95,0.01146,140.08,81.997,0.004226
143.56,-0.0017952,137.74,51.846,0.0026922
146.16,0.035418,173.55,121.21,0.041371
133.58,0.022977,-1.5779,108.89,0.023049
175.29,0.022315,169.48,75.623,0.01524
166.91,0.013701,269.73,248.3,0.034153
244.47,0.017736,31.557,123.96,0.043113
148.72,0.040619,105.87,162.16,0.035715
105.78,0.018591,87.909,70.948,0.02285
86.651,0.035256,209.16,84.468,0.017455
144.91,0.042293,57.32,176.03,0.031951
65.049,0.01472,56.76,108.35,0.017057
215.1,0.0048268,64.984,64.835,0.040739
183.13,0.038298,185.95,141.99,0.040537
67.743,0.041513,71.007,171.6,0.026686
91.142,0.026671,-23.616,167.32,0.034593
131.33,0.022399,56.418,38.544,0.025266
52.404,0.023454,-8.2145,73.81,0.051607
129.09,0.025873,160.06,165.04,0.032439
202.91,0.029342,251.44,119.87,0.025754
215.1,0.017684,89.851,120.93,0.034276
68.424,0.026607,197.3,113.37,0.017363
202.19,0.022537,131.62,43.879,0.032761
61.972,0.018581,149.44,42.073,0.031564
109.86,0.020617,106.78,108.24,0.039239
176.88,0.032195,131.77,37.376,0.027777
69.771,0.015552,97.115,40.162,0.032817
126.46,0.013335,-6.9973,54.72,0.021709
140.5,0.0088809,94.52,52.996,0.013608
100.91,0.016465,161.24,27.011,0.017961
135.51,-0.012227,124.7,175.52,0.015153
97.603,0.0094257,165.28,30.858,0.019942
77.852,0.013164,135.22,116.67,-0.0091311
168.3,0.00057801,130.74,29.89,0.017866
99.58,0.018123,144.94,62.083,0.0073634
132.9,0.0028013,80.853,132.03,0.010111
114.8,0.017979,205.62,90.589,0.062506
75.07,0.027256,191.93,147.91,0.0068872
106.71,0.020826,203.42,109.33,0.023316
182.07,0.028177,22.987,71.517,0.034125
210.05,0.017915,145.78,106.94,0.047628
174.71,0.014081,37.265,133.98,0.054744
120.88,0.018538,85.202,158.26,0.022412
151.28,0.020192,82.162,93.03,0.054012
57.092,0.017784,131.77,82.352,0.039533
146.05,0.040936,171.44,65.016,0.027564
187.37,0.030824,115.86,147.46,0.034834
156.86,0.016928,51.938,66.881,0.024915
242.39,0.016146,160.05,121.79,0.036702
243.85,0.022821,113,70.027,0.035546
162.08,0.03004,117.5,92.509,0.037354
29.351,0.02132,93.727,-8.3439,0.034469
-43.415,0.028884,62.514,76.58,0.022747
223.59,0.02037,108.34,49.131,0.033545
178.8,0.027073,-11.988,64.106,0.037759
150.45,0.012139,3.819,108.45,0.031093
173.92,0.018939,130.1,78.521,0.037612
123.89,0.028059,59.483,63.993,0.011229
176.1,0.037383,137.4,111.62,0.030779
156.77,0.017083,150.24,66.869,0.020277
149.6,0.018161,58.093,22.593,0.0047211
216.67,0.029846,189,113.92,0.034642
63.821,0.022671,102.38,126.1,-0.0033393
144.76,0.019545,40.376,109.22,0.033593
192.62,0.00053461,197.98,127.03,0.01997
108.38,0.0097992,193.92,55.567,0.024556
154.92,0.029488,178.05,53.286,0.011692
147.77,0.016104,190.42,149.45,0.021867
190.17,0.035651,81.201,45.066,0.032878
121.72,0.023816,170.46,119.48,0.025635
96.696,0.036608,94.231,-53.161,0.0090004
136.89,0.06389,-28.793,70.239,0.04561
152.73,0.014436,85.08,84.068,0.030108
92.828,0.025762,104.24,120.66,0.033874
68.717,0.036105,66.854,155.71,0.034087
246.44,0.0097254,138.96,119.79,0.025319
131.99,0.046077,143.92,175.5,0.038415
213.06,0.013915,47.316,60.042,0.035997
68.089,0.020231,99.168,135.11,0.027484
83.33,0.023751,184.87,129.01,0.017345
103.08,0.032198,96.829,182.92,0.031457
106.61,0.011999,91.811,134.16,0.045117
81.779,0.02101,152.93,92.74,0.028686
59.004,0.023041,172.1,62.252,0.030525
56.537,0.030661,95.607,98.871,0.017994
114.72,0.017754,98.611,167.95,0.035581
90.644,0.037244,164.48,65.698,0.044766
200.67,0.016234,77.635,146.14,0.039068
90.246,0.026549,-2.9875,227.84,0.0038688
178.37,0.015912,93.149,219.83,0.037853
86.965,0.0059644,116.87,102.84,0.029182
219.03,0.040912,158.22,210.54,0.024966
128.19,0.013978,120.93,140.46,0.01611
192.28,0.0042512,202.72,174.82,0.023008
99.878,0.013065,174.55,137.93,0.039738
70.547,-0.010756,134.22,79.551,0.022279
127.62,0.018432,87.066,105.27,0.026123
177.76,0.0095904,112.86,106.67,0.032193
80.572,0.035617,118.78,61.628,0.018785
127.41,0.0080756,72.403,24.376,0.021538
136.89,0.009496,102.71,38.881,0.016672
102.91,0.0060432,21.332,108.3,0.0032191
144.45,0.024452,42.413,148.73,0.026356
77.515,0.014803,106.12,169.63,0.01672
117.87,0.019279,159.89,145.3,0.0081772
48.355,0.01999,0.7079,77.689,0.021786
31.529,0.012686,135.19,152.19,0.025648
192.96,0.024767,90.249,-25.378,0.0461
129.37,0.022611,83.087,82.987,0.024439
140.64,0.035218,130.32,156.01,0.013086
82.309,0.028087,184.12,219,0.046596
106.55,0.0098866,172.05,125.27,0.057741
43.252,0.034468,187.57,125.69,0.02537
21.245,0.013799,72.746,106.09,0.033401
243.72,0.014651,8.9216,80.473,0.047634
187.84,0.034869,92.71,135.57,0.049727
98.584,0.0059027,51.988,170.55,0.054684
108.83,0.050117,155.01,120.36,0.023183
85.889,0.032286,87.28,152.04,0.026335
111.28,0.03454,43.074,124.63,0.033746
190.7,0.025573,125.92,181.98,0.019552
62.736,0.036458,131.98,91.151,0.044305
186.94,0.030719,165.42,154.83,0.035306
162.77,0.045071,32.521,112.9,0.029242
67.999,0.030105,-88.874,145.97,0.027592
172.94,0.025531,128.16,108.36,0.034978
163.41,0.012435,-27.783,110.52,0.02826
132.64,0.018602,112.21,130.47,0.022251
95.181,0.028311,127.53,114.11,0.034185
93.759,0.022573,134.14,63.471,0.012408
179.4,0.021919,106.38,132.78,0.021614
135.26,0.032148,32.697,93.728,0.028853
166.64,0.023078,84.814,53.214,0.02662
55.146,0.026149,230.78,56.757,0.0147
114.28,0.04387,111.75,123.65,0.0064886
124.42,0.018199,83.129,100.82,0.032458
104.04,0.017515,115.75,88.96,0.020365
165.22,0.002436,107.64,62.482,0.0062546
68.592,0.0355,87.355,156.18,0.042234
191.57,0.031695,-1.741,83.166,0.0079561
100.9,0.020915,118.85,154.99,0.038821
35.297,0.014369,156,84.186,0.017587
24.983,0.022594,119.66,89.625,0.011275
133.14,0.022436,90.141,59.448,0.017343
83.183,0.0090223,159.68,55.794,0.020258
28.493,0.018514,34.482,48.956,0.046973
49.334,0.011842,-65.158,175.17,0.023513
129.78,0.026934,-3.5873,106.52,0.033851
-57.454,0.035837,82.18,129.58,0.014747
183.64,0.02467,98.725,79.562,0.020354
132.33,0.031234,58.68,120.79,0.016659
146.32,0.012926,101.22,132,0.022598
41.316,0.022658,215.93,65.277,0.055043
176.65,0.027133,207.84,195.19,0.045158
167.05,0.024548,165.7,79.126,0.025332
120.9,0.01383,97.795,147.1,0.036141
67.371,0.027175,177.38,14.233,0.028306
135.83,0.026851,111.45,148.95,0.033636
73.772,0.051212,160.23,57.369,0.017568
56.825,0.029193,138.14,141.46,0.015764
106.43,0.002611,200.88,18.172,0.024998
68.687,0.033681,139.79,92.803,0.03622
81.566,0.024779,117.04,126.97,0.014063
37.671,0.049495,155.31,127.84,-0.0019617
71.057,0.014122,179.77,211.63,0.023871
131.09,0.018288,148.55,52.699,0.036999
180.33,0.040515,90.021,128.05,0.012692
151.04,0.0051825,210.82,110.44,0.038827
100.35,0.017404,53.7,70.602,0.015316
97.144,0.0047195,86.624,53.416,0.028923
213.57,0.019403,118.86,90.701,0.013383
35.87,0.038387,106.49,39.267,0.013291
85.559,0.025058,33.925,213.92,0.013646
49.524,0.038574,79.825,172.01,0.011221
89.796,0.024505,33.072,170.92,0.025593
251.54,0.0089325,66.795,186.01,0.032699
30.715,0.018233,135.24,27.935,0.0081757
178.35,0.032879,49.112,60.427,0.014018
210.98,0.024237,127.2,99.616,0.031493
108.11,0.040962,61.088,79.489,0.0050509
134.46,0.020904,92.033,173.19,0.029309
158.93,0.021453,122.17,108.28,0.021212
40.976,0.030627,-14.024,159.19,0.044843
86.671,0.0223,58.6,164.75,0.021496
92.794,0.023722,24.312,165.57,0.01444
40.923,0.017649,96.794,70.842,0.018066
86.412,0.016234,160.92,17.83,0.040726
111.07,0.032173,97.758,163.65,0.045847
128.37,0.016389,126.4,98.307,0.011111
98.358,0.022087,42.305,59.677,0.026054
102.99,0.036704,-37.162,151.47,0.024521
52.516,0.028762,180.68,68.904,0.013942
101.03,0.025357,147.74,180.3,0.027031
61.329,0.033945,48.799,109.56,0.024223
67.856,0.015128,142.27,142.52,0.02423
127.47,0.027325,173.23,148.93,0.0371
68.37,0.032204,155.03,121.96,0.028788
114.33,0.015393,72.186,198.91,0.025853
42.616,0.012798,122.81,74.162,0.01009
212.41,0.017517,85.303,187.48,0.016169
58.243,0.019021,43.361,-22.264,0.037527
52.225,0.026823,74.795,71.351,0.030706
100.95,0.027501,97.465,64.656,0.018082
136.59,0.0085528,103.55,118.51,0.024982
156.27,0.026893,173.11,118.71,0.047241
119.45,0.019729,224.74,97.703,0.01019
129.35,0.02024,119.89,13.191,0.029206
167.46,0.031467,120.38,57.945,0.041587
62.686,0.013505,120.25,155.23,0.029731
100.75,0.0068661,165.04,61.098,0.034634
169.66,0.014685,98.444,52.254,0.038027
47.145,0.018198,149.8,39.914,0.022785
131.57,0.033295,211.41,40.494,0.036883
65.219,0.020038,158.79,73.553,0.047806
78.863,0.019386,213.18,73.099,0.024707
175.32,0.015148,138.03,98.48,0.013983
126.78,0.011524,106.94,122.92,0.005356
88.161,0.041855,82.064,117.44,0.0072011
14.47,0.031298,63.394,134.89,0.03172
149.07,0.022619,102.92,-3.0859,0.033072
84.641,0.014227,90.009,156.64,0.032786
97.856,0.023988,37.561,67.845,0.038635
150.44,0.033198,152.02,98.757,0.026041
176.17,0.024363,109.05,113,0.044595
100.68,0.015965,87.452,177.62,0.026713
122.07,0.011676,99.103,121.96,0.039985
74.903,0.028317,175.89,149.33,0.038402
201.97,0.022549,142.4,149.74,0.041609
34.092,0.015661,111.43,116.89,0.029625
128.15,0.0015506,81.666,195.6,0.029782
19.299,0.025518,13.012,107.15,0.052621
87.416,0.043405,169.39,175.94,0.029486
93.7,0.011399,33.374,21.522,0.019343
104.2,0.027032,5.3458,103.31,0.027468
4.4093,0.037357,192.19,209.95,0.02065
151.8,0.019901,128.49,131.65,0.016887
213.88,0.012892,123.38,121.42,0.012447
136.3,0.018344,118.32,175.65,0.027453
82.842,0.01037,170.05,135.87,0.035155
102.44,0.016715,166.35,81.061,0.026422
137.68,0.017267,180.4,149.05,0.013796
101.34,0.01495,46.06,58.809,0.05406
97.986,-0.0045824,167.3,162.95,0.037616
111.09,0.0091831,134.37,172.96,0.031634
160.16,0.028221,-3.2842,74.555,0.019555
26.492,0.0046239,161.21,95.701,0.033053
89.579,0.021004,134.4,221.65,0.025307
176.39,0.0253,179.58,157.49,0.0023206
164.82,0.011811,37.844,79.764,0.029376
158.4,0.019113,137.03,188.74,0.016129
148.22,0.040383,108.1,74.924,0.031775
164.73,0.031304,37.805,11.251,0.022837
74.77,0.023729,132.05,110.99,0.040643
133.85,0.029077,69.812,82.299,0.02684
139.44,0.03015,79.379,103.03,0.0060794
54.272,0.02036,147.39,115.99,0.020877
42.07,0.013126,-7.0471,-11.265,0.024927
47.167,0.021702,167.22,95.978,0.036917
85.177,0.021703,154.45,107.55,0.026883
174.17,0.010476,107.58,219.9,0.02747
118.62,0.019108,180.97,79.245,0.01991
83.375,0.03004,175.34,134.78,0.034249
108.41,0.027425,195.85,160.93,0.0452
38.801,0.022235,41.449,96.143,0.027295
50.24,-0.00034294,15.077,91.721,0.022691
170.26,0.029756,212.39,105.96,0.063372
212.23,0.041673,184.52,168.88,0.040068
104.25,0.014768,145.49,104.41,0.034064
114.67,0.014652,91.08,50.995,0.004
186.54,0.02767,152.67,166.12,0.0078004
130.47,-0.00097137,32.568,155.67,0.040939
196.82,0.029515,129.25,108.74,0.030751
167.07,0.040698,173.94,121.3,0.03409
177.05,0.0018335,226.69,63.725,0.028899
70.316,0.0067694,116.88,59.266,0.02466
223.45,0.015993,181.23,144.12,0.015519
110.14,-0.0042101,126.24,80.618,0.012991
17.639,0.014029,156.4,44.486,0.02893
97.503,0.018135,94.858,112.71,0.037111
49.152,0.024886,150.01,80.438,0.017152
100.84,0.02482,213.74,198.72,0.016295
69.522,0.020634,147.7,78.904,0.0090274
124.77,0.029442,72.556,89.215,0.027182
36.192,0.016378,89.073,83.301,0.057988
107.91,0.023764,145.21,113.74,0.029726
127.16,0.031354,122.32,152.74,0.015986
192.53,0.030801,108.64,67.026,0.011131
143.57,0.013408,187.41,105.42,0.020376
38.289,0.013871,142.85,165.7,0.028482
10.759,0.013041,-16.909,84.014,0.0099782
80.681,0.0479,66.258,156.61,0.017575
184.29,0.02914,162.09,26.561,0.035267
219.78,0.030835,123.9,150.01,0.036454
110.48,0.037142,55.384,110.88,0.042957
99.185,0.029346,175.14,95.44,0.020459
112.43,0.010155,101.18,177.12,0.014501
5.6371,0.031558,119.74,110.09,0.034933
83.947,0.033338,145.27,63.756,0.025477
188.41,0.025301,104.61,94.299,0.048738
99.156,0.031704,95.597,18.099,0.034944
91.06,0.032756,137.78,90.321,0.037114
74.827,0.034501,160.46,104.17,0.044265
128.38,0.029089,73.811,65.313,0.014476
104.19,0.037395,112.55,80.131,0.026779
56.799,0.025789,197.47,85.581,0.023682
51.509,0.034819,132.64,227.71,0.013289
84.962,0.0010946,150.4,137.56,0.032651
253.78,0.026623,123.77,83.144,0.019713
61.59,0.013781,99.481,157.79,0.032883
168.67,0.018595,39.062,37.605,0.031569
152.37,0.022177,85.952,183.37,0.017873
94.385,0.03244,146.71,103.57,0.046291
32.553,0.01706,215.78,99.234,0.029042
207.71,0.022563,101.6,165.25,0.03552
130.29,0.011283,83.27,77.092,0.024179
214.98,0.0015777,121.3,82.974,0.03906
5.1222,0.02445,141.98,107.87,0.029235
102.08,0.0095869,113.77,206.45,0.040685
17.941,0.022237,108.58,129.52,0.0087297
142.92,0.022962,159.13,87.158,0.042687
151.46,0.022085,162.13,85.594,0.031489
223.14,0.016221,93.058,115.34,-0.0064961
105.29,0.017786,136.56,179.01,0.036511
91.39,0.022866,98.351,4.3177,0.039075
119.71,0.04529,144.04,134.26,0.020971
107.88,0.039372,133.25,129.34,0.018417
48.905,-0.00168,168.78,108.56,0.013737
160.58,0.02672,210.09,36.922,0.014135
47.072,0.021292,162.93,204.49,0.015976
115.01,0.018033,-18.122,117.18,0.028719
136.65,0.025848,149.87,120.21,0.030065
66.717,0.025952,23.173,88.452,0.036741
119.07,0.031749,201.2,-5.8257,0.036708
40.456,0.029496,82.801,58.493,0.0078677
117.48,0.033272,151.34,110.11,0.042903
161.54,0.02506,80.248,173.9,0.037931
218.29,0.031096,81.74,18.577,0.041552
139.83,0.016949,122.49,185.46,0.015106
164.84,0.029389,173.76,218.37,0.028628
96.32,0.035475,76.292,183.88,0.015299
98.759,0.025025,191.15,113.72,0.01939
134.92,0.032541,48.06,128.41,0.028636
90.493,0.012996,118.38,137.67,0.013214
166.42,0.023261,151.62,62.767,0.021263
62.764,0.0039528,122.46,-38.855,0.02909
93.831,0.015593,212.15,92.288,0.020529
104.32,0.0077387,74.182,43.853,0.0028003
21.219,-0.0016155,74.294,202.86,0.027657
160.59,0.022862,197.97,121.2,0.019595
126.77,0.022114,136.14,36.484,0.025024
261.4,0.012325,155.25,180.71,0.047821
47.466,0.028869,-2.2384,133.08,0.017206
87.243,0.048224,27.844,94.824,0.033476
95.381,0.016883,142.27,123.5,0.030032
116.91,0.021277,62.094,124.46,0.018854
87.188,0.025421,23.698,184.26,0.03713
96.876,0.034366,67.064,155.06,0.017119
43.667,0.019572,194.46,133.21,0.040044
101.3,0.017181,192.89,181.34,0.022726
107.13,0.0013434,85.693,86.132,0.014313
192.34,0.022136,138.86,38.105,0.030801
22,0.031021,71.787,187.02,0.025434
127.3,0.011814,53.02,73.171,0.036939
77.019,0.00082035,116.11,133.08,0.015905
137.88,-0.0013204,92.02,106.72,0.041358
98.332,0.028168,71.161,89.075,0.04459
31.906,0.029774,108.37,124.69,0.034453
-7.5358,0.016681,30.697,162.3,0.033154
96.746,0.025982,162.88,227.1,0.030305
122.73,0.018276,133.42,126.93,0.0015983
192.5,0.02877,96.322,61.729,0.03363
148.36,0.020852,88.853,68.449,0.0043127
92.067,0.017292,127.22,116.45,0.030212
112.74,0.026267,136.51,177.74,0.022573
135.74,0.026763,140.08,122.6,0.03286
76.793,0.0393,116.63,0.5635,0.029509
-32.126,0.024146,169.7,184.8,0.025031
119.18,0.030276,101.76,35.67,0.0082439
84.934,0.028413,97.88,134.21,0.023689
186.58,0.032036,244.78,104.96,0.01968
178.47,0.023237,188.75,205.51,0.040306
130.46,0.031927,139.13,34.916,0.029898
75.996,0.015325,127.51,133.18,0.010752
159.66,0.020211,157.78,57.927,0.015048
187.33,0.017081,106.79,67.489,0.017103
54.672,0.022312,148.15,80.559,0.018155
89.96,0.041971,127.7,23.161,0.018247
116.98,0.0061498,181.86,71.203,0.027876
137.26,0.040322,212.61,109.11,0.032366
217.12,0.0099198,125.23,81.009,0.028422
74.365,0.018063,69.681,152.04,0.038252
43.353,0.015547,116.23,156.68,0.040086
102.02,0.020613,67.263,152.41,0.024963
69.698,0.027168,161.66,138.08,0.025317
191.55,0.023501,66.557,128.42,0.042109
149.71,0.041136,82.78,168.62,0.028774
191.16,0.029516,131.73,101.39,0.0046936
89.737,0.023074,110.03,45.719,0.032845
170.32,0.018633,53.079,88.483,0.048585
82.334,0.029337,173.07,111.12,0.036966
173.15,0.018006,113.34,-42.041,0.036894
177.77,0.028897,141.77,95.041,0.038599
95.474,0.03168,143.65,131.21,0.0068136
83.498,0.0089371,205.93,190.37,0.022854
119.84,0.015351,99.401,118.57,0.027414
127.77,0.03836,184.51,105.14,0.04005
208.97,0.015654,135.77,26.627,0.017359
50.819,0.012621,172.24,116.64,0.025145
180.65,0.02558,215.6,169.38,0.022085
159.8,0.032756,189.39,59.378,0.022175
70.231,0.030645,102.38,101.19,0.035698
148.7,0.020826,186.61,77.756,0.024455
96.594,0.022116,44.91,60.83,0.0053749
64.851,0.025769,79.728,-9.5892,0.031005
128.65,0.020023,130.44,72.454,0.037626
34.859,0.0095131,59.296,249.93,0.027594
109.77,0.0071005,53.017,66.474,0.025496
211.99,0.026589,79.605,98.125,0.038355
101.34,0.032891,196.3,55.344,0.018855
110.8,0.039139,198.56,113.9,0.040688
123.22,0.028854,55.088,128.2,0.02283
168.75,0.017898,111.23,26.814,0.049384
129.16,0.038671,47.562,117.16,0.015896
93.149,0.0258,114.45,159.95,0.0329
163.98,0.0054778,99.846,78.776,0.028775
53.568,0.035202,79.661,164.94,0.047784
51.644,0.039657,104.93,145.44,0.021552
144.12,0.016473,189.47,71.292,0.044478
98.746,0.021633,40.659,131.48,0.021629
85.089,0.034052,81.42,67.004,0.056751
149.32,0.030436,192.37,43.072,0.032141
94.385,0.022056,229.23,131.58,0.036308
90.629,0.030551,104.1,173.72,0.036474
132.71,0.021027,143.26,106.89,0.049675
111.67,0.04038,162.44,105.82,0.039277
74.11,0.036572,146.16,173.23,0.04853
53.79,0.021468,117.65,115.32,0.057264
48.812,0.0055076,99.072,130.77,0.02072
113.46,0.018798,139.34,39.824,0.030969
133.71,-0.0039662,167.02,86.829,0.035968
102.43,0.016047,169.11,95.27,0.030043
175.08,0.017918,150.3,136.83,0.020314
35.996,0.022979,55.559,144.74,0.050027
237.93,0.015386,109.17,217.64,0.02708
76.453,0.031582,64.746,65.702,0.013531
127.43,0.045962,120.19,108,0.022698
257.85,0.022589,74.542,78.79,0.017005
70.417,0.015078,125.62,51.867,0.022233
261.03,0.016579,83.73,145.51,0.027899
207.09,0.002376,102.16,3.3671,0.010012
223.87,0.026709,116.68,84.013,-0.0071286
116.75,0.024805,86.858,156,0.035531
151.72,0.0060724,105.43,156.63,0.019157
77.776,0.015797,80.804,119.59,0.022502
109.61,0.048858,91.119,145.69,0.031745
111.17,0.02433,127.44,56.828,0.035594
257.11,0.023991,113.77,201.93,0.022012
172.16,0.0010466,44.911,113.41,0.029902
176.06,0.02649,170.16,102.67,-0.0012686
139.94,0.025399,86.589,75.752,0.04426
222.26,0.024952,50.644,121.4,0.0094073
-58.286,0.031498,34.265,152.41,0.0292
72.297,0.014769,142.27,79.753,0.024058
116.43,0.031752,122.69,95.95,0.023662
12.555,0.025117,53.095,79.165,0.027825
10.385,0.026101,136.14,113.13,0.014163
170.01,0.026105,97.195,187.22,0.038135
139.75,0.034736,216.92,95.104,0.040203
178.7,0.014025,153.54,133.05,0.014049
52.206,0.031831,126.09,67.811,0.033489
27.117,0.044107,130.66,94.38,0.0075007
62.319,0.019582,122.66,17.931,0.051854
-62.024,0.031296,106.95,102.97,0.044758
128.86,0.018044,170.26,178.3,0.011563
91.938,0.018158,162.83,103.59,0.0034107
132.62,0.026829,138.06,115.93,0.018643
41.373,0.018923,96.38,105.53,0.035631
146.58,0.010424,84.557,120.41,-0.0080784
133.13,0.0076006,100.77,260.78,0.0035367
53.617,0.016694,164.84,95.214,0.040424
167.77,0.014982,153.01,52.501,0.0088234
140.55,0.029574,112.12,148.87,0.024817
138.82,0.034023,62.609,107.9,0.012098
77.449,0.012965,32.023,127.42,0.02587
30.548,0.036824,145.22,186.88,0.0084946
144.8,0.0074828,132.74,83.391,0.017178
130.76,0.012004,165.4,137.95,0.035166
121.62,0.03489,143.66,163.73,0.046588
139.42,0.025042,157.28,162.24,0.011235
197.96,0.024216,119.89,72.597,0.024433
-38.947,0.019255,47.743,1.3849,0.017082
84.664,0.012087,205.38,196.48,0.042
161.59,0.029689,235.26,172.66,0.011619
61.646,0.013488,26.113,58.955,0.022073
168.54,0.032098,15.346,185.49,0.037034
181.15,0.036696,196.36,103.81,0.020208
63.74,0.0049279,208.6,142.34,0.025211
102.1,0.0068399,110.38,116.59,0.050024
41.063,0.017457,68.39,203.36,0.00053448
98.189,0.022071,138.33,140.96,0.028389
127.32,0.033069,81.514,141.66,0.043687
140.79,0.012232,73.071,86.498,0.021615
30.984,0.035585,97.408,115.93,0.025581
132.9,0.031573,169.13,78.831,0.019065
52.087,0.025704,154.7,43.911,0.0541
115.35,0.034916,123.21,187.77,0.024196
94.54,0.02368,64.098,84.043,0.018485
160.03,0.038157,128.29,204.1,0.033004
76.029,0.021414,59.176,113.14,0.023105
73.861,0.018847,194.19,26.527,0.036747
173.65,0.01544,124.51,125.7,0.040676
145.48,0.02465,117.3,102.12,0.032683
69.615,0.033145,140.5,144.73,0.020869
10.825,0.025326,224.28,35.07,0.039964
90.757,0.010876,19.691,39.649,-0.0093534
86.872,0.0097977,193.33,107.16,0.014822
79.782,0.0079093,61.446,34.73,0.02919
93.191,0.0087139,185.45,110.33,0.040395
218.24,0.01602,169.56,24.484,0.016393
185.72,0.016328,59.292,79.18,0.031717
167.66,0.028684,100.77,127.12,0.034017
82.008,0.014363,132.31,72.264,0.0048379
110.19,0.0052129,114.24,120.51,0.01454
72.845,0.03649,144.44,150.11,0.019234
133.03,0.02349,127.03,155.15,0.016447
70.265,0.015537,140.4,140.85,0.03206
18.539,0.024243,111.3,68.403,0.023899
52.079,0.038349,80.777,106.55,0.036336
37.369,0.030267,113.71,93.13,0.0081709
163.02,0.041957,166.41,108.35,0.021465
-28.339,0.019274,146.14,138.25,0.031263
119.5,0.026188,41.209,110.74,0.050746
177.92,0.02636,-21.587,138.76,0.020792
90.39,0.043945,64.44,52.393,0.046778
53.893,0.022356,137.58,78.4,0.02253
90.49,0.04091,144.4,21.648,0.022737
173.39,0.01466,23.994,175.53,0.016154
150.62,0.026799,135.44,63.76,0.039107
166.3,0.02463,70.802,97.576,0.021403
32.859,0.0093964,116.6,103.41,0.056347
116.12,0.0094657,99.027,88.411,0.054162
110.23,0.0079163,124.48,148.32,0.02557
189.05,0.0097749,92.236,100.51,0.025265
131.98,0.022165,131.96,55.523,0.013449
193.6,0.021293,138.49,37.829,0.010572
182,0.022772,81.723,103.78,0.01915
75.982,0.010218,166.45,59.906,0.0025189
95.663,0.024141,108.01,119.88,0.022762
167.75,0.0092074,107.31,1.7421,0.027287
181.2,0.013129,196.23,131.91,0.022705
280.97,0.0099154,119.11,134.83,-0.0021844
169.11,0.023388,230.88,121.49,0.0033118
149.67,0.0082767,65.935,55.426,0.00073286
93.942,0.0058343,115.05,145.72,0.037307
2.6353,0.021955,141.86,153.81,0.035983
104.18,0.022287,152.1,129.64,0.017287
134.26,0.025958,216.61,131.72,0.03279
159.48,0.015465,180.09,212.05,0.042152
52.419,0.025534,140.77,210.06,-0.0056205
130.88,0.021005,8.7805,138.29,0.023121
145.34,0.030776,121.47,78.166,0.032195
101.81,0.048259,219.19,103.97,0.022316
118.68,0.019199,115.84,93.451,0.010087
61.082,0.03241,-25.995,115.2,0.046281
194.25,0.033075,23.966,137.86,0.029297
149.35,0.023568,119.98,113.01,0.027151
83.988,0.027766,127.39,172.71,0.028086
102.99,0.030332,110.49,71.98,0.027085
7.5307,0.023605,83.211,64.766,0.031438
130.66,0.011619,120.22,126.83,0.037976
52.881,0.012081,22.723,162.64,0.018503
173.13,0.013334,108.49,30.587,0.026549
125.27,0.028636,91.942,111.8,0.034
44.984,0.026645,28.608,91.384,0.045961
63.578,0.037139,125.4,112.79,0.028001
70.201,0.021581,215.77,95.305,0.037528
173.91,0.036572,74.104,126.56,0.047835
83.326,0.01276,116.85,91.81,0.022889
7.6911,-0.002209,218.09,166.85,0.039255
54.096,0.011071,57.096,169.02,0.036334
105.59,0.015107,243.17,68.161,0.023548
54.988,-0.00010138,133.35,251.14,0.0046639
117.85,0.015633,257.1,111.23,0.038826
123.08,0.024972,124.72,155.25,0.021592
238.88,0.014768,118.95,39.846,0.021319
105.7,0.018832,86.162,14.829,0.0034173
146.68,0.024756,121.66,100.24,0.014072
214,0.022109,86.361,23.136,0.0010553
12.951,0.025006,118.76,126.92,0.024036
84.164,0.016223,166.45,31.197,0.028597
155.25,0.00061609,4.481,98.15,0.033208
140.13,0.011526,49.932,142.95,0.023861
78.664,0.023037,145.71,74.981,0.0092201
140.64,0.041287,123.05,135.05,0.023378
112.29,0.038365,118.83,71.551,0.051705
162.61,0.011613,202.49,85.217,0.019902
148.93,0.025234,163.25,156.68,0.024515
164.58,0.034917,139.63,134.84,0.04262
62.012,0.010789,73.534,165.8,0.03637
89.22,0.029942,27.764,27.5,0.027581
86.414,0.022218,128.82,159.11,0.045092
130.38,0.019688,10.75,95.844,0.035313
92.019,0.012152,71.52,222.96,0.045008
41.549,0.017325,165.37,171.89,0.021375
222.85,0.02014,91.498,166.51,0.041579
172.31,0.0091075,35.759,157.34,0.021329
36.666,0.026847,113.6,73.585,0.03345
179.53,0.0075312,112.66,111.75,0.032709
144.94,0.006835,150.48,119.17,0.022207
125.32,0.021762,96.487,120.87,0.040848
133.54,0.0036951,50.411,203.98,0.043852
135.41,0.021516,180.65,128.69,0.019884
257.86,0.031145,-14.468,118.82,0.032719
168.13,0.012628,143.93,60.521,0.015679
153.67,-0.00092095,119.66,102.82,0.016246
192.01,0.024832,46.28,78.285,0.005701
185.46,0.022888,142.88,111.24,0.01629
151.96,0.017154,132.74,102.46,0.018977
166.44,0.016187,101.15,72.559,0.00053623
221.27,0.012948,126.49,14.48,0.039945
189.56,0.013609,93.549,160.43,0.006696
165.59,0.024529,186.46,86.416,0.016544
109.94,0.025417,68.686,166.06,0.010802
118.14,0.034752,44.535,194.12,0.043271
83.776,0.017678,154.85,8.509,0.012288
129.66,0.029893,72.004,29.525,0.0077667
54.458,0.02151,29.012,72.757,0.033846
268.36,0.026608,96.716,102.99,0.014622
64.336,0.025212,135.51,198.74,0.062357
60.269,0.016832,132.97,154.05,0.0080507
116.32,0.024958,-6.9221,125.02,0.03295
96.561,0.011721,87.887,47.473,0.02139
166.17,0.027371,154.16,70.482,0.018293
155.2,0.027719,109.15,133.58,0.030307
172.23,0.02587,83.517,56.685,0.049737
163.37,0.040207,111.84,48.896,0.030073
165.53,0.020529,-15.323,89.927,0.022686
2.4035,0.013813,132.03,190.52,0.021857
136.5,0.037737,-5.0081,176.27,0.027751
44.875,0.034227,77.802,227.89,0.025048
127.48,0.01611,190.97,167.16,0.033281
76.696,0.03369,121.47,194.6,0.057042
217.41,0.024179,89.153,97.308,0.033639
10.35,-0.00020144,66.475,81.285,0.018589
95.96,0.029172,123.58,74.557,0.026448
157.15,0.035539,93.042,109.04,0.047329
111.83,0.021375,85.876,143.81,0.024121
46.719,0.03595,46.232,68.596,0.040692
98.461,0.014533,94.663,59.317,0.027834
187.39,0.012322,196.58,-63.682,0.03814
11.284,0.0093781,152.83,90.136,0.021174
155.08,0.023328,115.43,129.58,0.013392
164.04,0.040346,28.2,154.33,0.030104
46.541,0.0056238,328.97,-18.351,0.033422
204.1,0.023104,173.97,109.83,0.02458
40.127,0.0018196,79.872,120.61,0.0017565
91.711,0.019548,145.53,-10.753,0.030566
211.88,0.011845,96.747,119.89,0.018028
165.02,0.023116,124.59,41.081,0.039122
144.24,0.016222,62.517,169.87,0.01923
135.93,0.029666,174.56,63.869,0.029218
136.61,0.039122,153.72,85.842,0.027971
45.647,0.018611,141.94,63.619,0.023381
249.32,0.016099,73.64,94.421,0.026741
168.44,0.025988,54.99,188.98,0.043836
139.12,0.0036213,65.378,133.21,0.055315
88.327,0.018557,168.43,117.19,0.023138
165.71,0.0272,167.08,215.42,0.024429
28.678,0.015373,159.06,36.796,0.011904
127.61,0.017056,67.298,119.55,0.0053335
154.55,0.034216,240.74,75.944,0.0098175
40.614,0.020309,130.41,123.25,0.058071
118.1,0.02834,101.62,160.21,0.032181
91.593,0.015138,180.67,141.74,0.0281
104.41,0.030713,60.847,182.49,0.027196
157.67,0.025063,29.983,172.32,0.013832
85.343,0.027468,142.32,125.19,0.013158
30.783,0.026948,205.03,123.38,0.024191
175.83,0.018758,109.84,105.05,0.03835
166.02,0.018317,9.3238,131.86,0.028369
143.61,0.019959,8.5585,127,0.00052208
80.345,0.022911,50.63,54.787,0.013379
57.265,0.015479,152.22,127.95,0.02198
91.614,0.022196,134.51,97.178,0.034618
132.48,0.042772,110.81,-3.8768,0.0143
86.335,-0.00017175,155.99,127.75,0.018395
175.84,0.017775,129.76,50.588,0.043034
132.74,0.023584,67.889,55.557,-0.0033169
112.39,0.024669,129.25,93.464,0.023639
118.58,0.025536,229.18,56.764,0.023955
181.79,0.019444,-7.4116,17.35,0.0019223
82.208,0.022613,121.03,103.5,0.029537
128.25,0.024616,99.134,142.93,0.021152
104.59,0.022672,158.03,59.632,0.019071
104.46,0.020171,216.01,92.473,0.031993
-41.243,0.017735,16.771,123.7,0.05766
106.42,0.024824,78.364,116.68,0.019844
166.81,0.031205,163.33,72.161,0.02994
169.53,0.014194,129.56,196.39,0.01107
198.87,0.034695,82.977,167.75,0.024838
27.539,0.023528,121.87,220.73,0.025708
208.03,0.01101,50.672,103.46,0.02966
130.69,0.0080522,153.66,204.58,0.031338
101.49,0.016593,31.532,119.06,0.042568
64.665,0.01368,78.402,106.98,0.049657
43.946,0.024445,66.263,199.78,0.0096799
180.47,0.019432,55.481,81.338,0.017491
89.469,0.032161,30.45,178.75,0.026651
120.06,0.022895,98.841,61.624,0.014051
79.538,0.011758,122.98,16.824,0.022956
118.2,0.047631,164.13,131.98,0.0056982
168.91,0.0015552,85.232,100.53,0.027603
150.33,0.022202,94.77,112.25,0.038974
138.05,0.019844,134.73,143.9,0.024479
196.75,0.036722,32.779,91.842,0.034638
146.48,0.013319,79.269,180.12,0.037232
213,0.037199,123.77,99.348,0.01561
89.664,0.029014,52.108,118.58,0.030795
186.45,0.013827,286.04,144.15,0.0056263
39.446,0.028498,98.161,81.614,0.024561
198.61,0.02374,146.57,145.61,0.015724
71.808,0.024522,30.758,136.55,0.031537
200.28,0.015274,189.98,140.8,0.031976
101.99,0.014114,64.359,37.096,0.010315
68.32,0.027826,137.6,20.613,0.013239
28.216,0.013558,130.17,41.894,0.016374
224.47,0.02451,193.97,96.32,0.035833
79.789,0.0010543,31.94,83.987,0.010425
200.31,0.028343,130.4,-16.648,0.029883
110.59,0.051641,82.396,28.225,0.00901
47.23,0.035436,83.215,164.54,0.033082
113.82,0.030239,87.442,45.605,0.033642
158.42,0.0079033,128.98,159.2,0.028174
122.64,0.011809,97.193,105.72,0.020197
149.52,0.015858,84.034,24.887,0.028064
137.01,0.017226,20.574,149.22,0.027753
190.75,0.0071265,81.713,151.58,0.030539
166.39,0.030595,146.84,114.81,0.015907
151.7,0.037197,198.05,169.62,0.025055
195.42,0.020976,98.885,104.52,0.024976
57.535,0.028543,5.7919,85.458,0.039426
142.26,0.034258,124.42,81.987,0.041906
92.749,0.0087767,126.59,158.68,0.013599
131.81,0.044261,78.591,143.24,0.023367
70.686,0.026396,54.774,207.68,0.0057748
103.86,0.026823,88.19,177.21,0.047062
112.75,0.0078809,94.262,85.815,0.0289
167.27,0.032547,131.8,84.283,0.009698
120.41,0.025855,68.247,66.316,0.024415
52.71,0.011479,130.21,124.27,0.04607
-15.549,0.0098689,99.131,52.821,0.014875
118.45,0.025996,123.92,78.17,0.013152
87.614,0.011251,107.98,107.89,0.024847
138.59,0.0065215,141.71,103.68,0.014078
86.444,0.022987,116.87,36.63,0.018475
63.118,0.01862,210.71,139.6,0.0090226
130.77,0.016681,42.445,111.46,0.023858
61.214,0.0053517,163.66,108,0.030336
69.547,0.01685,55.315,86.841,0.028104
244.95,0.013977,90.817,156.82,0.037899
95.125,0.0086957,147.46,146.99,0.031074
137.08,0.022791,187.27,170.35,0.021773
143.49,0.010602,142.07,53.24,0.0037397
85.387,0.043496,241.34,61.016,0.026765
77.145,0.021286,104.15,94.287,0.036635
-2.1265,0.036874,78.72,157.5,0.025537
202.51,0.015016,155.16,31.411,0.024156
169.01,0.01516,170.65,124.22,0.030711
141.03,0.037181,216.6,91.427,0.027671
67.73,0.034669,180.36,98.146,0.03814
168.01,0.020466,100.41,129.86,0.043678
176.53,0.034372,170.68,78.918,0.030063
205.23,0.0052177,73.298,211.49,0.029406
171.29,0.025081,2.9835,45.254,0.017739
94.273,0.031822,78.904,133.99,0.016486
97.504,0.024827,48.543,151.75,0.028242
172.1,0.022109,96.605,159.96,0.016237
91.041,0.0098194,66.756,101.14,0.030064
174.75,0.019938,148.05,91.164,-0.00060852
150.16,0.039006,115.18,164.6,0.042999
167.72,0.026654,93.228,34.449,0.049452
66.612,0.023198,190.21,144.57,0.02472
120.92,0.016003,18.39,24.04,0.024853
111.64,0.028658,127.8,179.16,0.035634
139.46,0.038515,69.628,152.74,0.024831
150.2,0.022948,41.543,91.164,-0.0010229
144.26,0.035959,91.373,61.208,0.014837
110.36,0.0063054,136.11,56.832,0.020078
98.632,0.0091049,114.07,54.838,-0.0090188
127.16,0.030643,30.373,170.16,0.038539
114.44,0.02108,142.19,120.67,0.011637
135.61,0.013856,69.171,129.17,0.0082765
104.5,0.015927,170.77,116.03,0.035651
133.22,0.0086584,144.39,103.63,0.0096061
101.62,0.0061278,89.008,102.76,0.024951
95.067,0.021502,145.72,67.514,-0.0032851
153,0.038073,151.9,102.46,0.038717
121.77,0.020708,56.537,48.984,0.026998
156.17,0.053726,85.59,-1.4425,0.016907
133.54,0.021461,88.843,110.58,0.0082668
177.42,0.0043055,85.608,172.09,0.00449
121.63,0.01588,98.989,115.87,0.047716
-12.317,0.03093,47.689,62.402,0.03793
64.266,0.025229,-3.6069,93.859,0.018176
141.9,0.024526,79.683,64.097,0.025367
147.07,0.022382,52.247,165.13,0.032235
44.298,0.029303,226.39,145.11,0.017463
49.854,0.030689,29.982,34.305,0.039975
133.42,0.012064,75.262,69.548,0.029761
141.22,0.037728,93.15,188.37,0.024883
111.17,0.011428,114.69,179.02,0.040848
-15.702,0.01568,98.19,154.72,0.012549
73.957,0.025948,73.027,188.74,0.04568
161.71,0.016329,150.18,62.054,0.01741
125.47,0.0046159,44.847,141.46,0.043643
178.13,0.0069874,103.68,30.884,0.02991
59.48,0.041012,167.06,16.814,0.021138
193.27,0.015208,141.77,107.22,0.014198
54.914,0.027584,79.58,78.821,0.01461
144.73,-0.0081572,167.97,92.216,0.050412
54.092,0.024411,-22.277,82.931,0.034965
19.427,0.010188,108.58,134.29,0.006247
49.505,-0.0020155,96.303,92.417,0.037314
125.61,0.014841,106.2,97.374,0.044914
114.5,0.029916,31.396,184.43,0.016241
140.92,0.027318,213.26,-15.544,0.019726
157.55,-0.00011137,85.75,84.015,0.040714
112.05,-0.001804,140.72,92.649,0.015121
77.093,0.011611,167.44,0.19863,0.015633
200.05,-0.0063042,69.011,140.26,0.012706
88.006,0.011113,156.17,115.44,0.030965
113.71,0.0057645,100.57,217.5,0.0017593
192.51,0.027574,22.896,112.9,0.017651
246.59,0.025163,60.998,157.97,0.029107
102.08,0.01745,100.46,164.38,0.029524
146.84,0.034967,136.3,177.55,0.031892
172.02,0.014636,106,113.34,0.025201
280.81,0.026809,118.59,100.22,0.040812
96.217,0.020105,104.34,90.859,0.013209
189.36,0.036333,80.477,118.94,0.018972
75.907,0.032429,44.141,66.113,0.010171
106.05,0.044205,115.31,85.168,0.019496
71.08,0.017632,162.29,146.3,0.044102
27.492,0.024768,112.73,25.731,0.040859
138.89,0.012956,48.577,53.314,0.043286
108.17,0.010124,202.59,193.83,0.020842
38.518,0.035659,54.087,202.05,0.031312
125.74,0.0011848,158.8,161.09,0.018117
21.689,0.011584,5.8067,-0.93224,0.046946
127.66,0.025369,121.19,224.98,0.03537
69.055,0.019714,107.74,125.66,0.038715
61.575,0.050545,64.44,118.19,0.018873
152.76,0.027207,101.88,125.75,0.011695
224.23,0.022081,202.62,122.22,0.037099
210.69,0.019944,90.785,126.59,0.048513
173.79,0.01882,104.79,48.55,0.046284
121.39,0.0236,164.17,59.87,0.026663
223.16,0.0080623,78.435,61.036,0.02933
198.72,0.015873,102.34,130.48,0.027934
43.438,0.012475,136.58,66.706,0.02959
129.71,0.0079243,67.067,64.943,0.035555
127.43,0.0067965,167.23,102.64,-0.0029733
136.2,0.016215,143.72,39.479,-0.0014258
75.969,0.022504,215.65,96.932,0.03637
176.53,0.031583,23.29,165.44,0.0067534
192.69,0.011678,140.69,63.343,0.016592
72.78,0.022723,83.869,152.54,0.015982
34.674,0.026355,115.26,158.13,0.033045
109.09,0.043606,162.39,120.2,0.017065
-14.251,0.023318,121.13,158.94,0.040841
180.97,0.01873,111.36,90.529,0.030151
192.45,0.011153,106.03,67.504,0.023814
167.21,0.038899,119.12,118.81,0.046027
162.23,0.023866,238.85,88.298,0.034348
125.44,0.007864,93.404,183.68,0.013226
59.987,0.037959,223.81,87.534,0.054567
149.37,0.015983,67.408,89.644,0.025329
224.49,0.028588,208.91,161.52,0.037526
-13.471,0.021293,41.414,65.078,0.023892
115.57,0.024948,148.27,140.9,0.060582
171.82,0.015769,175.3,196.53,0.020517
96.581,0.012526,33.782,100.7,0.055155
163.71,0.015967,79.113,60.797,0.0169
179.14,0.0082082,95.643,45.185,0.01301
5.8876,0.038175,135.34,28.535,0.044994
113.71,0.017246,68.091,141.75,0.015132
149.67,0.010378,158.43,157.24,0.032842
152.02,0.036696,96.21,187.48,0.018796
-1.6245,0.011702,68.83,121.04,0.019009
63.504,0.037958,157.57,119.64,0.024151
178.18,0.020097,121.11,151.6,0.024235
71.133,-0.0029006,198.13,55.195,0.024538
149.89,0.0070501,189.61,18.087,0.027617
127.17,0.0032264,120.74,75.196,0.024684
36.243,0.02015,118.11,99.861,0.016467
39.993,0.019818,31.46,84.55,0.019608
68.04,0.0041048,248.51,113.41,0.043144
33.511,0.0046903,113.23,71.197,0.013716
164.79,0.017952,79.078,116.7,0.012929
76.257,0.040185,135.35,130.59,0.014041
134.92,0.0015045,261.81,159.13,0.011648
172.53,0.0045219,74.195,127.36,0.023564
49.895,0.015645,181.03,63.302,0.029218
64.385,0.020072,146.19,147.71,0.008749
116.68,0.022497,64.663,250.4,0.022735
76.715,0.014395,197.37,114.96,0.028228
179.65,0.0063212,134.66,193.95,0.027847
133.03,0.017182,150.63,41.991,0.029297
176.4,0.010323,113.43,63.442,0.020251
93.432,0.014747,88.075,147.49,0.041995
100.1,0.010283,27.25,120.96,0.026312
139.52,0.035854,106.4,110.57,0.047369
95.851,0.017086,80.651,96.813,0.056945
142.05,0.023535,36.151,100.77,0.033335
254.2,0.022115,211.79,77.885,0.065827
189.79,0.027505,180.97,117.67,0.04028
93.424,0.029504,81.265,109.5,0.022531
210.88,0.01794,141.84,70.849,0.044601
56.542,0.015983,212.86,110.57,0.014341
91.076,0.010944,165.51,75.629,0.033344
124.9,0.038215,62.142,87.702,0.026912
129.42,0.020379,71.456,117.33,0.034719
101.52,0.034098,80.63,79.166,0.029487
126.26,0.01833,143.33,175.77,0.025995
83.962,0.013542,116.28,122.98,0.033266
144.29,0.0058037,223.02,85.503,0.02342
0.18137,0.013135,107.65,135.5,0.023239
84.04,0.020354,177.47,9.3625,0.024622
77.089,0.041515,136.22,62.964,0.0063739
61.004,0.039625,160.33,92.486,0.023084
226.65,0.0211,102.88,115.65,0.053511
190.93,0.011729,179.34,19.87,0.015621
212.89,0.018586,96.157,140.27,0.020134
88.562,0.029294,186.23,135.45,0.0058899
58.914,-0.001895,126.48,124.75,0.032212
151.29,0.029403,88.236,95.143,0.023368
122.89,0.020705,122.86,157.21,0.030753
129.42,0.022309,241.75,64.005,0.032636
0.78683,0.043128,97.703,182.51,0.033547
129.9,0.02629,73.846,125.75,0.022094
48.171,0.037383,130.91,39.528,0.033107
92.45,0.025292,34.986,110.53,0.035952
125.73,0.03288,90.332,148.65,0.019333
129.34,0.019575,171.34,202.1,0.041075
223.57,0.022006,70.221,225.65,0.0068405
94.581,0.006119,107.24,112.86,0.020797
79.303,0.029369,154.11,108.97,0.053975
194.79,0.032296,167.75,80.592,0.023144
76.556,0.030401,64.263,51.157,0.024823
73.157,0.032757,149.07,109.01,0.021282
179.72,0.026686,201.75,137.09,0.020992
112.11,0.018059,140.67,79.517,0.014872
189.94,0.0255,121.66,103.79,0.054054
116.81,0.030067,141.97,66.892,0.010563
194.44,0.022616,113.36,101.73,0.024973
36.012,0.016269,107.54,67.709,0.037615
44.899,0.018817,100.61,92.764,0.026507
160.58,0.029235,46.293,104.68,0.019461
126.35,0.019627,-1.1595,175.61,0.018456
106.13,0.017241,103.42,45.289,0.013577
45.237,0.0048896,171.62,131.17,0.022496
117.79,0.0065601,122.8,97.639,0.016597
68.009,0.016428,79.698,-36.125,0.023599
182.78,0.0050409,64.322,127.41,0.0064231
7.6575,0.0013077,129.81,167.43,0.037554
144.27,0.002076,163.41,159.46,0.024233
108.96,0.0044587,118.54,167.26,0.036703
151.89,0.029228,150.42,3.756,0.00060578
152.91,0.0199,127.64,109.95,0.038776
112.09,0.037016,219.87,63.951,0.036263
110.14,0.028968,33.372,67.132,0.021837
168.4,0.0085076,164.18,-39.499,0.041802
32.838,0.024136,74.298,69.248,0.037796
91.732,0.021699,169.91,136.46,0.020911
45.123,0.033753,113.22,167.3,0.03139
141.62,0.02207,79.271,176.21,0.04363
73.028,0.01279,139.04,58.441,0.012525
162.45,0.032809,151.91,157.9,0.00985
70.399,0.0063277,57.851,137.96,0.02349
190.21,0.033227,92.917,-2.8562,0.020362
130.37,0.016325,116.23,155.83,0.040645
166.51,0.032132,40.792,54.377,0.031634
72.273,0.035054,-19.905,141.62,0.040732
130.71,0.018589,123.72,137.33,0.027034
58.803,0.027171,206.57,69.435,0.039391
38.21,0.025858,108.94,79.827,0.040657
162.82,0.02822,-19.86,93.081,0.057793
153.39,0.034047,155.72,71.45,0.021468
217.71,0.01997,126.57,64.187,0.039316
90.391,0.02954,129.89,107.56,0.010818
64.769,0.031631,97.207,78.38,0.01034
92.093,0.020497,61.981,179.31,0.030222
52.005,0.0042548,124.16,90.072,0.063884
132.85,0.028279,227.25,132.37,0.038441
184.02,0.025396,6.0073,98.727,0.041906
89.708,0.0040211,41.16,78.057,0.045309
111.16,0.020484,207.95,176.05,0.025694
63.667,0.025646,178.78,103.76,0.0062714
195.13,0.005856,90.967,110,0.04563
141.47,0.00099596,67.363,139.77,0.0095077
85.643,0.018484,120.6,88.717,0.0092853
185.21,0.0118,105.26,137.74,0.015807
198.47,0.0088169,67.234,106.95,0.030476
82.861,0.0032414,21.262,63.777,0.02327
152.29,0.022596,82.356,50.544,0.041067
117.59,0.026388,108.54,38.063,0.013178
21.951,0.013802,158.23,123.46,0.010009
92.291,0.017592,102.31,165.52,0.0058389
139.74,0.033358,30.031,53.558,0.031934
2.2087,0.061964,161.91,112.88,0.02602
267.88,0.035076,133.07,145.15,0.016727
95.26,0.021362,-26.294,66.523,0.0079477
118.25,0.026587,91.492,118.67,0.030941
212.88,0.022708,99.485,198.2,0.044223
120.25,0.021064,171.69,109.45,0.01179
84.378,0.026117,87.729,110.5,0.031309
101.72,0.032639,8.3204,137.73,0.017104
137.96,0.012018,133.03,122.85,0.027495
116.88,0.018089,55.687,151.59,0.036911
103.27,0.01446,65.304,119.67,0.025175
148.34,0.025861,94.414,53.634,0.032269
100.55,0.034949,52.78,146.66,0.040241
83.762,0.011944,159.6,101.54,0.036607
182.35,0.028801,174.43,87.41,0.04965
51.484,0.0063649,111.85,75.591,0.0060472
253.07,0.024544,80.143,140.08,0.036062
138.89,0.0027539,84.483,78.924,0.025257
128.35,0.023162,48.205,92.976,0.017589
25.352,0.016222,251.5,154.42,0.032215
