150,0.0080419,148.39,65.835,0.0097571
150.01,0.0082319,148.37,66.594,0.010002
149.95,0.0084208,148.28,67.352,0.010244
149.83,0.0086083,148.13,68.105,0.010484
149.67,0.0087912,147.94,68.838,0.010717
149.48,0.0089792,147.72,69.585,0.010956
149.27,0.009156,147.49,70.279,0.011181
149.04,0.0093275,147.23,70.951,0.011398
148.73,0.0095089,146.89,71.67,0.011626
148.3,0.0097034,146.43,72.455,0.011869
147.66,0.009948,145.75,73.454,0.012172
146.74,0.010264,144.79,74.742,0.012561
145.5,0.01067,143.49,76.368,0.013057
143.98,0.011161,141.9,78.279,0.013656
142.17,0.011752,140.01,80.494,0.014376
140.11,0.012443,137.86,82.959,0.015214
137.88,0.013223,135.53,85.601,0.016159
135.5,0.014097,133.03,88.394,0.017214
133.08,0.015029,130.49,91.203,0.018337
130.67,0.016001,127.97,93.968,0.019505
128.32,0.016998,125.51,96.65,0.0207
125.31,0.018348,122.34,100.06,0.022312
122.44,0.019708,119.32,103.27,0.023929
119.74,0.021062,116.47,106.28,0.025533
117.2,0.022389,113.8,109.07,0.027096
114.87,0.023657,111.35,111.6,0.028585
112.77,0.024842,109.12,113.87,0.029968
110.87,0.02593,107.13,115.88,0.031231
109.18,0.026921,105.34,117.66,0.032375
107.85,0.027703,103.95,119.04,0.033274
106.64,0.028423,102.67,120.28,0.034097
105.54,0.029071,101.52,121.39,0.034834
104.59,0.029629,100.52,122.33,0.035464
103.79,0.030072,99.69,123.09,0.035958
103.17,0.030385,99.047,123.65,0.036302
102.72,0.030572,98.584,124.01,0.036499
102.41,0.030656,98.27,124.22,0.036577
102.15,0.030676,98.007,124.34,0.036578
101.93,0.030672,97.795,124.43,0.036552
101.72,0.030678,97.583,124.52,0.03654
101.52,0.030687,97.384,124.61,0.036531
101.38,0.030662,97.252,124.64,0.036486
101.31,0.03059,97.193,124.59,0.036389
101.27,0.030509,97.16,124.53,0.036281
101.13,0.030515,97.022,124.59,0.036276
100.83,0.030681,96.703,124.88,0.036457
100.24,0.031076,96.085,125.5,0.036903
99.302,0.031766,95.091,126.54,0.037688
97.978,0.032793,93.686,128.04,0.038855
96.57,0.03393,92.19,129.64,0.040147
94.932,0.035303,90.447,131.51,0.041702
93.112,0.036887,88.511,133.58,0.043489
91.167,0.038642,86.442,135.79,0.04546
89.162,0.040518,84.31,138.06,0.047554
87.144,0.042469,82.166,140.34,0.049719
85.154,0.044454,80.053,142.57,0.051905
83.216,0.046438,77.999,144.73,0.054074
80.732,0.049052,75.371,147.47,0.056905
78.376,0.051595,72.885,150.06,0.059627
76.155,0.05404,70.548,152.46,0.062212
74.082,0.056349,68.375,154.69,0.06462
72.177,0.058474,66.386,156.71,0.066804
70.462,0.060364,64.604,158.49,0.06871
68.945,0.061986,63.036,160.04,0.070312
67.619,0.063338,61.673,161.35,0.071613
66.588,0.064328,60.621,162.35,0.072536
65.673,0.065148,59.692,163.2,0.073276
64.865,0.065812,58.876,163.94,0.073848
64.165,0.066315,58.175,164.54,0.074249
63.586,0.066634,57.602,165.01,0.07446
63.148,0.066736,57.177,165.3,0.074447
62.864,0.066602,56.913,165.42,0.074194
62.733,0.066237,56.81,165.35,0.073708
62.741,0.065674,56.851,165.12,0.073027
62.849,0.064982,56.996,164.77,0.072219
63.02,0.06423,57.206,164.36,0.071357
63.218,0.063476,57.442,163.93,0.070502
63.4,0.062828,57.656,163.55,0.069769
63.584,0.062209,57.871,163.18,0.069071
63.778,0.061602,58.095,162.8,0.068391
63.997,0.060985,58.343,162.4,0.067705
64.24,0.060364,58.616,161.98,0.067021
64.514,0.059721,58.92,161.54,0.066318
64.798,0.059088,59.234,161.08,0.065629
65.053,0.058527,59.515,160.68,0.065017
65.219,0.058128,59.701,160.4,0.064578
65.241,0.057966,59.732,160.31,0.064388
65.059,0.058129,59.547,160.49,0.064536
64.624,0.058689,59.092,161,0.065094
63.948,0.059634,58.382,161.83,0.066051
63.009,0.061005,57.394,163,0.06744
61.819,0.062797,56.143,164.48,0.06925
60.409,0.064981,54.662,166.25,0.071443
58.825,0.067499,53.004,168.23,0.073951
57.12,0.070277,51.226,170.35,0.076689
55.349,0.073228,49.387,172.56,0.079566
53.559,0.07627,47.537,174.77,0.082491
52.776,0.077617,46.731,175.74,0.083772
49.445,0.077814,43.59,178.12,0.08254
46.427,0.078308,40.741,180.49,0.0817
43.701,0.079001,38.169,182.81,0.081137
41.244,0.079818,35.853,185.05,0.080767
39.032,0.080705,33.773,187.18,0.080531
37.046,0.081612,31.91,189.19,0.080375
35.273,0.082489,30.252,191.06,0.080254
33.702,0.083288,28.79,192.76,0.080121
32.255,0.083995,27.451,194.36,0.079924
31.016,0.084522,26.312,195.75,0.079633
29.971,0.084842,25.359,196.91,0.079226
29.102,0.084951,24.574,197.86,0.078698
28.387,0.084862,23.934,198.61,0.078056
27.803,0.084601,23.419,199.19,0.077319
27.33,0.084187,23.008,199.63,0.076498
26.956,0.083631,22.69,199.92,0.075599
26.654,0.082864,22.443,200.09,0.074528
26.462,0.081902,22.299,200.09,0.073333
26.381,0.08072,22.262,199.91,0.071991
26.407,0.079307,22.329,199.55,0.070487
26.517,0.077822,22.473,199.06,0.068972
26.689,0.07619,22.678,198.46,0.067348
26.902,0.074458,22.925,197.76,0.065648
27.132,0.072677,23.191,197.03,0.063909
27.348,0.070978,23.443,196.31,0.062248
27.554,0.0693,23.686,195.61,0.060603
27.746,0.067647,23.918,194.91,0.058978
27.93,0.06601,24.143,194.21,0.057366
28.13,0.064243,24.39,193.43,0.055627
28.34,0.062455,24.647,192.62,0.053875
28.55,0.060662,24.907,191.79,0.052122
28.737,0.058922,25.146,190.98,0.050411
28.837,0.057675,25.287,190.43,0.049168
28.871,0.056574,25.361,190,0.048039
28.808,0.055681,25.338,189.76,0.047073
28.62,0.055063,25.19,189.77,0.046322
28.281,0.054783,24.888,190.09,0.045835
27.774,0.054899,24.415,190.77,0.045653
27.09,0.055452,23.763,191.84,0.045809
26.23,0.056473,22.934,193.31,0.046323
25.152,0.058067,21.889,195.26,0.047258
23.923,0.06019,20.696,197.59,0.048592
22.575,0.062824,19.391,200.22,0.050309
21.151,0.065933,18.018,203.08,0.052384
19.652,0.069571,16.584,206.14,0.05486
18.161,0.073603,15.169,209.25,0.057656
16.714,0.077983,13.81,212.32,0.060759
15.341,0.082684,12.533,215.27,0.064178
14.162,0.087278,11.447,217.84,0.06762
13.07,0.092155,10.45,220.25,0.071393
12.069,0.097345,9.5445,222.5,0.07555
11.159,0.10289,8.7275,224.56,0.080153
10.339,0.10883,7.9957,226.45,0.08526
9.6066,0.11519,7.3452,228.17,0.090918
8.9585,0.12196,6.7726,229.7,0.097132
8.3924,0.12906,6.2743,231.06,0.10384
7.8575,0.13713,5.8053,232.37,0.11165
7.4157,0.14511,5.4191,233.45,0.11954
7.0617,0.15263,5.1105,234.33,0.12714
6.7868,0.15928,4.8717,235.01,0.13395
6.5869,0.1646,4.6986,235.51,0.13945
6.4462,0.16873,4.5766,235.86,0.14377
6.358,0.17172,4.4993,236.09,0.14692
6.3186,0.17375,4.462,236.22,0.1491
6.3278,0.17509,4.4632,236.25,0.1506
6.3884,0.17578,4.5045,236.19,0.15146
6.5045,0.17591,4.5884,236.03,0.15181
6.6844,0.17561,4.7209,235.77,0.15178
6.9109,0.17502,4.889,235.44,0.1515
7.2023,0.17412,5.1068,235,0.151
7.5605,0.17294,5.3761,234.47,0.15029
7.983,0.17149,5.6958,233.83,0.14938
8.5235,0.1696,6.1081,233.02,0.14816
9.1195,0.16749,6.5668,232.12,0.14677
9.7523,0.16522,7.0583,231.16,0.14525
10.402,0.16286,7.5684,230.17,0.14365
11.048,0.1605,8.0799,229.19,0.14201
11.685,0.15814,8.5897,228.22,0.14034
12.312,0.15579,9.0959,227.25,0.13866
12.933,0.15343,9.6021,226.3,0.13695
13.568,0.151,10.125,225.31,0.13515
14.216,0.1485,10.664,224.3,0.13328
14.878,0.14593,11.219,223.27,0.13132
15.544,0.14331,11.783,222.22,0.12931
16.173,0.1408,12.322,221.22,0.12735
16.749,0.13843,12.82,220.29,0.12545
17.23,0.13634,13.24,219.5,0.12374
17.568,0.13469,13.541,218.92,0.12233
17.713,0.1337,13.673,218.64,0.12141
17.663,0.13334,13.637,218.67,0.12094
17.398,0.13369,13.416,219.02,0.12101
16.913,0.13481,13.003,219.73,0.12164
16.218,0.1367,12.411,220.77,0.12285
15.332,0.13934,11.661,222.12,0.12462
14.284,0.14268,10.781,223.74,0.12691
13.111,0.14663,9.8091,225.57,0.12966
11.618,0.15197,8.5899,227.9,0.13341
10.078,0.15785,7.3575,230.32,0.13759
8.5498,0.16408,6.16,232.73,0.14208
7.0735,0.17053,5.0291,235.04,0.1468
6.6492,0.17245,4.7089,235.71,0.14822
6.2315,0.17438,4.396,236.36,0.14965
5.8206,0.1763,4.0903,237,0.15107
5.416,0.1782,3.7914,237.63,0.15248
5.0173,0.18008,3.4991,238.25,0.15386
4.624,0.18192,3.2128,238.85,0.15521
4.2352,0.18372,2.9319,239.45,0.15651
3.8501,0.18546,2.6557,240.04,0.15776
3.7,0.18613,2.5486,240.26,0.15822
3.5502,0.18678,2.4421,240.49,0.15868
3.4007,0.18743,2.336,240.72,0.15912
3.2514,0.18806,2.2304,240.95,0.15955
3.1022,0.18868,2.1252,241.17,0.15997
2.9531,0.18929,2.0203,241.4,0.16037
2.8038,0.18989,1.9156,241.62,0.16076
2.6545,0.19048,1.8112,241.85,0.16114
2.4851,0.19114,1.693,242.1,0.16156
2.3153,0.19178,1.575,242.36,0.16196
2.1449,0.19241,1.4569,242.61,0.16234
1.974,0.19303,1.3388,242.87,0.16271
1.8027,0.19369,1.2208,243.13,0.16311
1.6303,0.19431,1.1024,243.38,0.16348
1.4567,0.19486,0.98354,243.64,0.16376
1.2822,0.19545,0.86448,243.9,0.16408
1.2323,0.19564,0.83044,243.98,0.1642
1.1823,0.19583,0.79636,244.05,0.16431
1.1321,0.19601,0.76224,244.13,0.16442
1.0818,0.19619,0.72807,244.21,0.16453
1.0315,0.19638,0.69387,244.28,0.16463
0.98099,0.19656,0.65962,244.36,0.16473
0.93041,0.19673,0.62533,244.43,0.16484
0.87972,0.19691,0.59101,244.51,0.16494
0.81054,0.19716,0.5442,244.61,0.16508
0.74114,0.19741,0.4973,244.72,0.16522
0.67151,0.19764,0.45031,244.82,0.16534
0.6017,0.19788,0.40325,244.92,0.16547
0.56685,0.19801,0.37978,244.98,0.16556
0.53193,0.19814,0.35627,245.03,0.16563
0.49694,0.19825,0.33274,245.08,0.16569
0.46191,0.19837,0.30919,245.13,0.16575
0.42687,0.19851,0.28564,245.19,0.16585
0.39175,0.19864,0.26206,245.24,0.16592
0.35656,0.19874,0.23845,245.29,0.16596
0.32133,0.19885,0.21483,245.34,0.16602
0.29643,0.19896,0.19813,245.38,0.16609
0.27149,0.19906,0.18142,245.42,0.16615
0.24651,0.19913,0.1647,245.46,0.16618
0.22151,0.19921,0.14796,245.49,0.16621
0.19652,0.19933,0.13124,245.53,0.1663
0.17148,0.19942,0.11449,245.57,0.16636
0.14641,0.19948,0.097731,245.61,0.16637
0.12132,0.19955,0.080967,245.64,0.1664
0.099458,0.19966,0.066363,245.68,0.16648
0.077572,0.19975,0.051749,245.71,0.16654
0.055661,0.1998,0.037125,245.74,0.16655
0.033738,0.19985,0.022499,245.77,0.16657
0.011802,0.19997,0.0078688,245.81,0.16666
0.010154,0.20006,0.0067684,245.84,0.16672
0.03212,0.20011,0.021408,245.87,0.16672
0.0541,0.20016,0.036051,245.91,0.16674
0.07654,0.20028,0.050992,245.94,0.16683
0.098993,0.20037,0.065936,245.97,0.16689
0.12144,0.20042,0.080875,246.01,0.1669
0.14391,0.20048,0.095819,246.04,0.16691
0.16674,0.20059,0.111,246.07,0.167
0.18958,0.20068,0.12618,246.11,0.16705
0.21241,0.20074,0.14134,246.14,0.16707
0.23526,0.2008,0.15652,246.18,0.1671
0.25996,0.20091,0.17291,246.21,0.16717
0.28466,0.20101,0.1893,246.25,0.16723
0.30936,0.20108,0.20568,246.29,0.16726
0.33407,0.20116,0.22206,246.33,0.1673
0.36371,0.20128,0.2417,246.37,0.16737
0.39336,0.20139,0.26133,246.41,0.16744
0.42301,0.20148,0.28096,246.46,0.16749
0.45268,0.20158,0.30059,246.5,0.16754
0.49118,0.20173,0.32604,246.56,0.16762
0.5297,0.20186,0.35149,246.62,0.1677
0.56823,0.20199,0.37693,246.68,0.16777
0.60679,0.20212,0.40237,246.73,0.16784
0.65877,0.20231,0.43664,246.81,0.16795
0.71077,0.2025,0.47089,246.89,0.16805
0.76279,0.20268,0.50512,246.97,0.16814
0.81483,0.20285,0.53934,247.04,0.16824
0.88842,0.20312,0.58767,247.15,0.16839
0.96203,0.20338,0.63594,247.26,0.16853
1.0356,0.20363,0.68415,247.37,0.16867
1.1092,0.20389,0.73229,247.48,0.1688
1.2259,0.2043,0.80847,247.66,0.16903
1.3424,0.20471,0.88439,247.83,0.16925
1.4587,0.20512,0.96002,248.01,0.16947
1.5747,0.20552,1.0353,248.18,0.16969
1.7972,0.2063,1.1793,248.51,0.17011
2.018,0.20708,1.3215,248.84,0.17053
2.2365,0.20784,1.4617,249.17,0.17094
2.4522,0.20859,1.5997,249.49,0.17134
2.874,0.21007,1.8678,250.12,0.17211
3.2805,0.21149,2.1241,250.73,0.17286
3.6693,0.21284,2.3676,251.3,0.17356
4.0389,0.21412,2.5974,251.85,0.17422
4.7157,0.21646,3.0142,252.86,0.17541
5.3057,0.21849,3.3732,253.74,0.17642
5.8074,0.22019,3.6754,254.48,0.17725
6.2221,0.22159,3.923,255.09,0.17792
6.6708,0.22308,4.1889,255.75,0.17862
6.9663,0.22404,4.3627,256.19,0.17905
7.1266,0.22454,4.4567,256.42,0.17925
7.1701,0.22463,4.4823,256.49,0.17927
7.1083,0.22439,4.4463,256.4,0.17912
6.9491,0.22382,4.3532,256.17,0.17884
6.7,0.22297,4.2068,255.8,0.17842
6.3639,0.22183,4.008,255.31,0.17788
5.8798,0.22021,3.7194,254.59,0.17711
5.2851,0.21822,3.3612,253.71,0.17617
4.5872,0.21588,2.9358,252.67,0.17503
3.8028,0.21323,2.451,251.5,0.17372
3.6679,0.21277,2.3669,251.3,0.17348
3.5314,0.2123,2.2816,251.1,0.17325
3.3935,0.21183,2.1952,250.89,0.17301
3.2543,0.21135,2.1078,250.69,0.17277
3.1139,0.21087,2.0194,250.48,0.17252
2.9725,0.21039,1.9301,250.27,0.17227
2.8302,0.20989,1.84,250.05,0.17201
2.6871,0.2094,1.7492,249.84,0.17175
2.4864,0.20871,1.6215,249.54,0.17139
2.2846,0.20801,1.4926,249.24,0.17103
2.082,0.20729,1.3627,248.94,0.17064
1.879,0.20658,1.232,248.63,0.17025
1.7873,0.20626,1.1729,248.5,0.17009
1.6956,0.20594,1.1136,248.36,0.16992
1.6038,0.20562,1.0542,248.22,0.16974
1.512,0.2053,0.99465,248.09,0.16957
1.4203,0.20499,0.93509,247.95,0.16941
1.3286,0.20467,0.87544,247.81,0.16924
1.2369,0.20433,0.81569,247.68,0.16905
1.1454,0.20401,0.7559,247.54,0.16886
1.1061,0.20388,0.73024,247.48,0.1688
1.0668,0.20374,0.70456,247.42,0.16872
1.0276,0.2036,0.67887,247.36,0.16865
0.98832,0.20346,0.65317,247.3,0.16857
0.9491,0.20333,0.62747,247.24,0.1685
0.90989,0.20319,0.60175,247.19,0.16843
0.8707,0.20305,0.57603,247.13,0.16835
0.83152,0.20292,0.55031,247.07,0.16827
0.78871,0.20277,0.52216,247.01,0.1682
0.74589,0.20263,0.494,246.94,0.16812
0.70306,0.20246,0.46582,246.88,0.16802
0.66027,0.20231,0.43764,246.81,0.16793
0.6333,0.20223,0.41985,246.77,0.1679
0.6063,0.20214,0.40205,246.73,0.16786
0.57927,0.20203,0.38422,246.69,0.16778
0.55226,0.20192,0.3664,246.65,0.16772
0.52829,0.20187,0.35056,246.62,0.16771
0.50429,0.2018,0.3347,246.58,0.16768
0.48022,0.20168,0.3188,246.54,0.16759
0.45618,0.20157,0.30291,246.51,0.16752
0.43816,0.20154,0.29098,246.48,0.16752
0.42011,0.20149,0.27904,246.45,0.1675
0.40201,0.2014,0.26706,246.43,0.16744
0.38393,0.20132,0.2551,246.4,0.16739
0.36593,0.2013,0.24316,246.37,0.1674
0.34789,0.20125,0.23121,246.35,0.16738
0.3298,0.20115,0.21923,246.32,0.1673
0.31173,0.20106,0.20726,246.29,0.16723
0.29696,0.20105,0.19746,246.27,0.16725
0.28218,0.20101,0.18765,246.25,0.16724
0.26735,0.20093,0.17782,246.23,0.16718
0.25254,0.20086,0.16799,246.2,0.16713
0.23778,0.20085,0.15819,246.18,0.16714
0.223,0.20081,0.14837,246.16,0.16713
0.20818,0.20072,0.13854,246.14,0.16706
0.19338,0.20065,0.12871,246.11,0.16701
0.1784,0.20066,0.11874,246.09,0.16705
0.16338,0.20063,0.10876,246.07,0.16704
0.14833,0.20051,0.098757,246.05,0.16694
0.13329,0.20041,0.088761,246.02,0.16686
0.12169,0.20042,0.081039,246.01,0.1669
0.11007,0.2004,0.073309,245.99,0.1669
0.098439,0.20034,0.06557,245.97,0.16685
0.086813,0.20028,0.057832,245.96,0.1668
0.0752,0.20026,0.050101,245.94,0.16681
0.063584,0.20023,0.042365,245.92,0.1668
0.051964,0.20018,0.034627,245.9,0.16676
0.040347,0.20013,0.026889,245.89,0.16673
0.026951,0.20011,0.017963,245.87,0.16673
0.013553,0.20007,0.009034,245.85,0.16672
0.00015611,0.2,0.00010407,245.83,0.16666
0.013237,0.19993,0.0088258,245.81,0.16662
0.027748,0.19993,0.018503,245.78,0.16665
0.042258,0.1999,0.028181,245.76,0.16664
0.056752,0.19979,0.037854,245.74,0.16654
0.071244,0.1997,0.047528,245.72,0.16647
0.083156,0.19971,0.055478,245.7,0.1665
0.095061,0.19969,0.063426,245.68,0.1665
0.10695,0.19962,0.071367,245.67,0.16645
0.11884,0.19955,0.079309,245.65,0.1664
0.13074,0.19954,0.087261,245.63,0.16641
0.14264,0.19951,0.095212,245.61,0.1664
0.15453,0.19945,0.10316,245.59,0.16636
0.16641,0.1994,0.1111,245.58,0.16633
0.18038,0.19937,0.12044,245.56,0.16632
0.19433,0.19933,0.12978,245.53,0.1663
0.20827,0.19927,0.1391,245.51,0.16626
0.22222,0.19921,0.14843,245.49,0.16622
0.23873,0.19918,0.15948,245.47,0.16622
0.25522,0.19913,0.17052,245.44,0.16619
0.27168,0.19904,0.18155,245.42,0.16613
0.28814,0.19897,0.19258,245.39,0.16608
0.30565,0.19895,0.20431,245.37,0.16609
0.32314,0.1989,0.21603,245.34,0.16607
0.34056,0.1988,0.22772,245.32,0.16599
0.35799,0.19871,0.23942,245.29,0.16593
0.37513,0.19869,0.25091,245.26,0.16594
0.39225,0.19864,0.2624,245.24,0.16592
0.40931,0.19856,0.27386,245.21,0.16586
0.42638,0.19848,0.28532,245.19,0.16581
0.44431,0.19844,0.29736,245.16,0.16579
0.46222,0.19839,0.3094,245.13,0.16577
0.4801,0.19831,0.32142,245.11,0.16572
0.49798,0.19824,0.33344,245.08,0.16568
0.51974,0.19818,0.34808,245.05,0.16565
0.54149,0.19811,0.36271,245.01,0.16561
0.56322,0.19802,0.37733,244.98,0.16556
0.58494,0.19794,0.39197,244.95,0.16551
0.6134,0.19785,0.41113,244.91,0.16547
0.64184,0.19776,0.4303,244.86,0.16542
0.67025,0.19765,0.44946,244.82,0.16535
0.69866,0.19754,0.46863,244.78,0.16529
0.73444,0.19743,0.49278,244.73,0.16523
0.7702,0.19731,0.51693,244.67,0.16517
0.80591,0.19717,0.54107,244.62,0.16508
0.84162,0.19703,0.56523,244.57,0.165
0.88392,0.1969,0.59385,244.5,0.16493
0.92621,0.19676,0.62248,244.44,0.16486
0.96844,0.1966,0.65111,244.38,0.16476
1.0107,0.19644,0.67977,244.31,0.16467
1.0623,0.19627,0.71479,244.23,0.16458
1.1139,0.1961,0.74984,244.16,0.16448
1.1655,0.19591,0.78492,244.08,0.16437
1.2171,0.19572,0.82006,244,0.16426
1.2886,0.19548,0.86877,243.9,0.16413
1.3602,0.19523,0.91759,243.79,0.16399
1.4318,0.19498,0.96651,243.68,0.16384
1.5035,0.19472,1.0155,243.57,0.16369
1.6166,0.19433,1.093,243.4,0.16347
1.7299,0.19393,1.1708,243.23,0.16324
1.8435,0.19353,1.2489,243.06,0.16301
1.9575,0.19313,1.3274,242.89,0.16278
2.155,0.19244,1.4638,242.6,0.16239
2.3535,0.19174,1.6014,242.3,0.16198
2.5531,0.19104,1.7402,242,0.16158
2.7539,0.19034,1.8802,241.7,0.16116
3.1448,0.18896,2.1543,241.11,0.16036
3.5392,0.18758,2.4327,240.52,0.15954
3.9357,0.18619,2.7143,239.93,0.15871
4.3322,0.18479,2.9978,239.33,0.15788
5.0055,0.18242,3.4834,238.32,0.15644
5.6476,0.18015,3.9514,237.36,0.15504
6.2315,0.17808,4.3811,236.48,0.15375
6.7261,0.17631,4.7483,235.74,0.15263
7.0988,0.17497,5.0269,235.18,0.15176
7.3188,0.17415,5.1922,234.84,0.15123
7.3618,0.17395,5.2248,234.78,0.15107
7.2115,0.17443,5.1121,235,0.15136
6.9101,0.17546,4.8865,235.45,0.152
6.4531,0.17706,4.5462,236.14,0.153
5.8476,0.1792,4.099,237.05,0.15433
5.1049,0.18184,3.5562,238.17,0.15597
4.6676,0.18341,3.2396,238.83,0.15694
4.1977,0.1851,2.9018,239.53,0.15798
3.6956,0.18691,2.5438,240.29,0.15908
3.1604,0.18883,2.1654,241.09,0.16024
3.0127,0.18936,2.0617,241.31,0.16056
2.8625,0.1899,1.9563,241.54,0.16088
2.7096,0.19044,1.8494,241.77,0.1612
2.5539,0.191,1.7408,242,0.16153
2.3953,0.19157,1.6304,242.24,0.16186
2.2336,0.19214,1.5182,242.48,0.1622
2.0686,0.19273,1.4041,242.73,0.16254
1.9002,0.19332,1.2879,242.98,0.16289
1.79,0.19371,1.2121,243.14,0.16311
1.6783,0.1941,1.1353,243.31,0.16334
1.565,0.1945,1.0576,243.48,0.16357
1.4499,0.19491,0.97892,243.65,0.1638
1.3332,0.19532,0.89917,243.83,0.16404
1.2146,0.19574,0.81833,244.01,0.16427
1.0941,0.19616,0.73638,244.19,0.16451
0.97161,0.19659,0.65326,244.37,0.16476
0.89916,0.19684,0.60417,244.48,0.1649
0.826,0.1971,0.55466,244.59,0.16504
0.75212,0.19736,0.50472,244.7,0.16519
0.67751,0.19762,0.45436,244.81,0.16534
0.60216,0.19789,0.40356,244.92,0.16549
0.52604,0.19816,0.35231,245.04,0.16564
0.44915,0.19842,0.30061,245.15,0.16579
0.37148,0.19869,0.24846,245.27,0.16594
0.32219,0.19887,0.2154,245.34,0.16604
0.27256,0.19905,0.18214,245.42,0.16614
0.22262,0.19922,0.1487,245.49,0.16623
0.17235,0.19939,0.11508,245.57,0.16632
0.12767,0.19957,0.08521,245.63,0.16644
0.082731,0.19974,0.055193,245.7,0.16654
0.037528,0.19986,0.025027,245.77,0.16658
0.00792,0.2,0.0052798,245.84,0.16665
0.043364,0.20016,0.028898,245.89,0.16676
0.078964,0.2003,0.052605,245.94,0.16685
0.1147,0.2004,0.076391,246,0.16688
0.15059,0.2005,0.10026,246.05,0.16693
0.18666,0.20065,0.12424,246.1,0.16703
0.22289,0.20079,0.1483,246.16,0.16711
0.25925,0.20091,0.17244,246.21,0.16717
0.29576,0.20103,0.19667,246.27,0.16723
0.33987,0.20119,0.22591,246.33,0.16733
0.3842,0.20135,0.25527,246.4,0.16742
0.42875,0.2015,0.28476,246.47,0.1675
0.47352,0.20166,0.31437,246.53,0.16758
0.53972,0.20189,0.35811,246.63,0.16771
0.6064,0.20213,0.40212,246.73,0.16784
0.67356,0.20236,0.44638,246.83,0.16797
0.74118,0.2026,0.49091,246.93,0.1681
0.86184,0.20302,0.57022,247.11,0.16833
0.98394,0.20345,0.6503,247.3,0.16857
1.1074,0.20389,0.73113,247.48,0.1688
1.2323,0.20432,0.81267,247.67,0.16904
1.486,0.20521,0.97775,248.05,0.16952
1.7445,0.20612,1.1452,248.43,0.17001
2.0075,0.20704,1.3148,248.83,0.17051
2.2744,0.20797,1.486,249.23,0.17101
2.8176,0.20987,1.832,250.04,0.17201
3.37,0.2118,2.1804,250.86,0.17302
3.9278,0.21374,2.5285,251.69,0.17403
4.4876,0.21569,2.8742,252.52,0.17503
5.6035,0.21955,3.5527,254.18,0.17696
6.7042,0.22332,4.2081,255.8,0.17881
7.7811,0.22698,4.8361,257.37,0.18055
8.8292,0.2305,5.4348,258.89,0.18217
10.051,0.23454,6.1174,260.63,0.18396
11.223,0.23834,6.7572,262.25,0.18557
12.343,0.24189,7.3551,263.73,0.187
13.409,0.24519,7.9125,265.06,0.18825
15.096,0.25021,8.771,266.9,0.18998
16.626,0.25448,9.5262,268.08,0.19123
17.998,0.25804,10.186,268.47,0.19203
19.212,0.26089,10.756,267.96,0.19242
20.768,0.26398,11.472,265.34,0.19229
21.945,0.26557,12.006,260.92,0.19141
22.751,0.26583,12.371,255.86,0.18992
23.21,0.26496,12.586,251.55,0.18797
23.359,0.26351,12.666,249.25,0.18608
23.322,0.26156,12.667,248.45,0.18406
23.133,0.25926,12.602,249.05,0.182
22.82,0.25672,12.482,250.75,0.17995
22.417,0.2541,12.321,253.13,0.17801
21.927,0.25139,12.118,255.95,0.17614
21.354,0.2486,11.874,258.93,0.17438
20.699,0.24575,11.589,261.81,0.17273
19.977,0.24291,11.266,264.31,0.17124
19.185,0.24006,10.904,266.28,0.16988
18.335,0.23724,10.507,267.63,0.16869
17.447,0.23453,10.082,268.33,0.16768
16.47,0.23179,9.6041,268.45,0.16684
15.496,0.22931,9.116,268.06,0.16627
14.538,0.22714,8.6247,267.3,0.16599
13.595,0.22526,8.1306,266.29,0.166
12.859,0.22397,7.7376,265.38,0.16619
12.117,0.22281,7.3355,264.37,0.16654
11.365,0.22176,6.9215,263.28,0.16703
10.603,0.22083,6.4959,262.14,0.16765
9.8656,0.22004,6.0784,261,0.16838
9.147,0.21942,5.6658,259.86,0.16925
8.477,0.21903,5.2761,258.79,0.17025
7.8958,0.21891,4.9338,257.86,0.17137
7.4842,0.21911,4.6887,257.18,0.17247
7.2282,0.21965,4.5341,256.75,0.17362
7.1675,0.22062,4.4945,256.62,0.17482
7.3378,0.2221,4.5909,256.84,0.17609
7.7656,0.22419,4.8371,257.45,0.17748
8.4684,0.22698,5.239,258.46,0.17906
9.4498,0.23053,5.7922,259.86,0.18084
10.699,0.2348,6.4819,261.62,0.18281
12.299,0.24003,7.3406,263.76,0.18504
14.129,0.24578,8.2912,265.97,0.18728
16.135,0.2518,9.2946,267.81,0.18939
18.254,0.2578,10.313,268.44,0.19119
20.395,0.26345,11.301,266.25,0.19256
22.52,0.26857,12.244,258.53,0.1934
24.576,0.27297,13.125,241.6,0.19364
26.517,0.2765,13.931,212.91,0.19326
28.65,0.2795,14.794,166.87,0.19199
30.539,0.28114,15.545,121.26,0.18988
32.169,0.28146,16.19,87.151,0.18702
33.537,0.28057,16.738,65.764,0.18353
34.66,0.27861,17.201,53.343,0.17948
35.537,0.27571,17.582,46.367,0.17502
36.179,0.27201,17.888,42.435,0.17024
36.596,0.26767,18.123,40.19,0.16527
36.822,0.26137,18.324,38.643,0.15875
36.731,0.2545,18.418,37.886,0.15223
36.367,0.24729,18.414,37.554,0.14586
35.782,0.23998,18.324,37.485,0.13977
34.934,0.2319,18.14,37.643,0.13335
33.95,0.22412,17.887,38.052,0.12745
32.876,0.21675,17.578,38.787,0.12209
31.733,0.20984,17.218,40.027,0.11728
30.72,0.20438,16.875,41.713,0.11364
29.66,0.19923,16.493,44.372,0.11037
28.559,0.1944,16.074,48.576,0.10747
27.432,0.18991,15.624,55.145,0.10492
26.299,0.18578,15.152,65.083,0.10273
25.187,0.18205,14.67,79.31,0.10089
24.113,0.17874,14.188,98.287,0.099398
23.083,0.17583,13.711,121.64,0.09823
22.342,0.17392,13.358,141.14,0.097564
21.616,0.17221,13.005,161.57,0.097068
20.9,0.17068,12.65,181.93,0.096738
20.19,0.16934,12.29,201.15,0.096573
19.489,0.16817,11.927,218.22,0.096577
18.803,0.16722,11.566,232.42,0.096761
18.153,0.16651,11.217,243.4,0.097136
17.565,0.16612,10.895,251.28,0.097717
17.103,0.16611,10.636,256.26,0.098463
16.765,0.16651,10.44,259.38,0.099406
16.584,0.16737,10.326,261.02,0.10054
16.593,0.16873,10.313,261.45,0.10183
16.806,0.1705,10.408,260.67,0.10319
17.236,0.17272,10.617,258.36,0.1046
17.886,0.17531,10.94,253.61,0.106
18.751,0.17819,11.37,244.76,0.10733
19.879,0.18143,11.927,228.1,0.10856
21.191,0.18472,12.566,200.77,0.10954
22.641,0.18789,13.262,162.61,0.11021
24.178,0.19075,13.991,120.44,0.1105
25.746,0.19317,14.726,84.867,0.11037
27.292,0.19502,15.446,61.293,0.10981
28.772,0.19621,16.136,48.116,0.10883
30.148,0.19671,16.784,41.458,0.10743
31.592,0.19641,17.479,37.948,0.10533
32.837,0.19522,18.103,36.561,0.1028
33.876,0.19323,18.654,36.081,0.099916
34.713,0.19056,19.136,35.985,0.096755
35.371,0.18724,19.56,36.051,0.09332
35.84,0.18344,19.919,36.177,0.089756
36.132,0.17929,20.213,36.318,0.08613
36.257,0.17487,20.443,36.448,0.082502
36.189,0.16898,20.642,36.581,0.077932
35.891,0.16297,20.737,36.668,0.073534
35.394,0.157,20.732,36.704,0.069375
34.742,0.15119,20.637,36.695,0.065502
33.907,0.14516,20.451,36.642,0.061646
32.988,0.13951,20.195,36.554,0.058164
32.015,0.13426,19.883,36.442,0.05505
30.999,0.12942,19.517,36.312,0.052288
30.056,0.12544,19.145,36.19,0.050108
29.077,0.12176,18.728,36.076,0.048181
28.068,0.11838,18.269,35.997,0.046498
27.042,0.1153,17.777,36.002,0.04505
26.02,0.11254,17.264,36.17,0.043827
25.024,0.11009,16.744,36.622,0.042818
24.068,0.10795,16.227,37.537,0.04201
23.152,0.10611,15.716,39.187,0.041392
22.486,0.10492,15.335,41.17,0.041047
21.832,0.10386,14.953,44.105,0.040799
21.186,0.10295,14.567,48.403,0.040649
20.547,0.10217,14.179,54.58,0.040597
19.949,0.10157,13.809,62.747,0.040641
19.378,0.10111,13.45,73.328,0.04078
18.855,0.10084,13.115,85.929,0.041018
18.41,0.10079,12.824,99.264,0.041355
18.096,0.10097,12.612,110.43,0.041754
17.904,0.10139,12.473,118.58,0.042229
17.859,0.10207,12.423,122.13,0.042767
17.98,0.10301,12.475,120.07,0.043347
18.274,0.10417,12.633,112.27,0.043932
18.744,0.10551,12.9,99.546,0.044499
19.386,0.10698,13.269,83.903,0.045012
20.182,0.10852,13.732,68.281,0.045439
21.197,0.11016,14.325,54.355,0.045768
22.325,0.11166,14.986,45.069,0.045924
23.52,0.11292,15.689,39.847,0.045886
24.736,0.11387,16.41,37.32,0.045642
25.876,0.11441,17.095,36.313,0.045217
26.962,0.11459,17.759,36.003,0.044613
27.968,0.11439,18.39,36.023,0.043847
28.879,0.11383,18.98,36.189,0.042937
30.023,0.11241,19.761,36.52,0.041388
30.938,0.11039,20.439,36.861,0.03965
31.631,0.10791,21.014,37.172,0.037788
32.114,0.10507,21.489,37.438,0.035862
32.383,0.10231,21.831,37.636,0.034116
32.498,0.099416,22.089,37.791,0.032391
32.469,0.09646,22.262,37.9,0.030715
32.306,0.093492,22.352,37.966,0.029109
32.008,0.090431,22.36,37.988,0.027523
31.603,0.087458,22.289,37.968,0.026044
31.113,0.08461,22.15,37.913,0.024679
30.562,0.08191,21.956,37.827,0.02343
30.004,0.079524,21.731,37.724,0.022362
29.414,0.077287,21.47,37.602,0.021391
28.794,0.075197,21.173,37.461,0.020514
28.144,0.073254,20.839,37.301,0.019727
27.448,0.071417,20.46,37.12,0.019014
26.72,0.069727,20.043,36.923,0.018389
25.97,0.068187,19.593,36.715,0.017848
25.207,0.066797,19.12,36.506,0.01739
24.364,0.065436,18.58,36.289,0.016973
23.542,0.064267,18.037,36.11,0.016649
22.748,0.063286,17.5,36,0.016413
21.981,0.062484,16.969,36.006,0.01626
21.371,0.061955,16.538,36.149,0.016196
20.766,0.06153,16.103,36.491,0.016184
20.166,0.061208,15.665,37.149,0.016226
19.577,0.060993,15.228,38.285,0.016323
19.06,0.060902,14.84,39.903,0.016462
18.588,0.06093,14.479,42.156,0.016651
18.186,0.061097,14.166,44.934,0.016888
17.886,0.061421,13.923,47.797,0.017172
17.727,0.061886,13.781,49.879,0.017476
17.712,0.06251,13.742,50.628,0.017807
17.86,0.063284,13.82,49.646,0.018151
18.18,0.064184,14.021,47.135,0.01849
18.67,0.065169,14.344,43.853,0.018804
19.318,0.066191,14.781,40.708,0.019075
20.102,0.067193,15.316,38.324,0.019285
20.994,0.068118,15.929,36.866,0.019419
22.003,0.06894,16.63,36.156,0.019468
23.047,0.069563,17.362,35.985,0.019417
24.087,0.069951,18.101,36.105,0.019268
25.087,0.070086,18.825,36.361,0.019024
26.026,0.069965,19.519,36.669,0.018692
26.879,0.0696,20.168,36.986,0.018286
27.637,0.069011,20.764,37.29,0.017817
28.296,0.068227,21.304,37.571,0.017298
28.928,0.067134,21.851,37.861,0.016661
29.437,0.065869,22.326,38.114,0.015993
29.829,0.06447,22.728,38.331,0.015307
30.107,0.062975,23.057,38.511,0.014617
30.288,0.061196,23.341,38.668,0.013841
30.329,0.059375,23.525,38.774,0.013088
30.238,0.057552,23.612,38.828,0.012371
30.029,0.055759,23.607,38.835,0.011697
29.722,0.054025,23.518,38.798,0.011072
29.337,0.052371,23.361,38.726,0.010499
28.892,0.050813,23.147,38.624,0.0099787
28.402,0.049359,22.884,38.496,0.0095102
27.866,0.047994,22.573,38.344,0.0090868
27.289,0.04674,22.217,38.168,0.0087132
26.67,0.045595,21.814,37.968,0.0083877
26.011,0.044561,21.366,37.745,0.008109
25.371,0.043704,20.915,37.521,0.0078926
24.712,0.042945,20.437,37.285,0.0077143
24.046,0.042286,19.942,37.044,0.0075731
23.384,0.041728,19.441,36.806,0.007468
22.78,0.041299,18.975,36.593,0.0074015
22.19,0.040956,18.513,36.395,0.0073644
21.614,0.040696,18.055,36.221,0.0073561
21.046,0.040517,17.598,36.082,0.0073763
20.492,0.040414,17.146,35.998,0.0074242
19.94,0.040386,16.69,35.999,0.0075008
19.396,0.040435,16.236,36.137,0.0076074
18.875,0.04057,15.797,36.474,0.0077454
18.489,0.040752,15.466,36.928,0.0078811
18.153,0.041008,15.174,37.534,0.008038
17.889,0.041346,14.937,38.217,0.0082151
17.718,0.041771,14.772,38.829,0.0084099
17.659,0.042285,14.695,39.178,0.0086185
17.728,0.042884,14.719,39.117,0.0088347
17.935,0.043555,14.852,38.634,0.009051
18.282,0.044278,15.095,37.878,0.0092589
18.836,0.045123,15.498,36.991,0.0094715
19.543,0.045955,16.022,36.337,0.0096489
20.373,0.046728,16.646,36.024,0.0097808
21.291,0.047395,17.343,36.01,0.0098597
22.203,0.047896,18.042,36.183,0.0098818
23.123,0.048246,18.756,36.456,0.0098527
24.023,0.048435,19.462,36.775,0.0097741
24.877,0.048459,20.143,37.105,0.0096499
25.76,0.048298,20.862,37.467,0.0094626
26.551,0.047955,21.523,37.805,0.0092327
27.242,0.047453,22.119,38.114,0.0089685
27.834,0.046816,22.65,38.39,0.0086785
28.345,0.046041,23.131,38.641,0.0083589
28.755,0.045174,23.542,38.857,0.0080275
29.067,0.044237,23.882,39.037,0.007691
29.283,0.043251,24.151,39.18,0.0073554
29.417,0.041965,24.385,39.306,0.0069405
29.405,0.040668,24.502,39.372,0.0065441
29.258,0.039389,24.506,39.381,0.0061725
28.997,0.038155,24.41,39.338,0.0058304
28.621,0.036915,24.217,39.245,0.0055016
28.169,0.035764,23.949,39.114,0.0052094
27.657,0.034712,23.618,38.95,0.0049535
27.091,0.033761,23.228,38.756,0.0047329
26.509,0.032963,22.807,38.546,0.004557
25.877,0.032256,22.332,38.308,0.0044107
25.2,0.031642,21.806,38.044,0.0042937
24.49,0.031124,21.241,37.761,0.0042055
23.768,0.030708,20.653,37.468,0.0041461
23.051,0.030394,20.06,37.175,0.0041146
22.351,0.030183,19.471,36.891,0.0041107
21.669,0.030072,18.888,36.621,0.0041338
21.182,0.030052,18.468,36.438,0.0041675
20.696,0.030081,18.045,36.27,0.0042159
20.211,0.030159,17.618,36.128,0.0042794
19.728,0.030287,17.191,36.025,0.0043589
19.262,0.030466,16.775,35.985,0.0044538
18.821,0.030704,16.377,36.031,0.0045661
18.426,0.031008,16.016,36.179,0.0046961
18.102,0.031385,15.712,36.417,0.0048433
17.875,0.031849,15.487,36.686,0.0050083
17.778,0.032396,15.37,36.872,0.005186
17.834,0.033021,15.38,36.873,0.0053711
18.056,0.033709,15.527,36.671,0.0055565
18.413,0.034382,15.789,36.387,0.0057206
18.908,0.035064,16.166,36.131,0.0058706
19.527,0.035728,16.648,35.996,0.006
20.249,0.036346,17.216,36.015,0.0061033
21.133,0.036942,17.918,36.192,0.0061822
22.067,0.037417,18.668,36.481,0.0062214
23.013,0.037752,19.436,36.828,0.0062204
23.936,0.037936,20.195,37.196,0.0061808
24.774,0.03797,20.893,37.545,0.0061095
25.548,0.037873,21.55,37.878,0.0060097
26.249,0.037654,22.156,38.188,0.0058855
26.871,0.037329,22.707,38.471,0.0057414
27.499,0.036834,23.281,38.767,0.0055532
28.023,0.036238,23.779,39.025,0.00535
28.443,0.035563,24.201,39.244,0.0051375
28.763,0.03483,24.546,39.423,0.0049209
29.017,0.033887,24.858,39.587,0.0046584
29.124,0.032916,25.051,39.69,0.0044033
29.092,0.031943,25.126,39.733,0.0041608
28.935,0.030991,25.09,39.719,0.0039351
28.672,0.030081,24.959,39.657,0.0037289
28.328,0.029228,24.75,39.554,0.0035434
27.92,0.028439,24.478,39.419,0.0033791
27.46,0.027722,24.15,39.256,0.0032357
26.922,0.027045,23.747,39.055,0.0031067
26.327,0.02645,23.283,38.822,0.0030002
25.674,0.02594,22.758,38.558,0.0029158
24.973,0.025517,22.179,38.267,0.0028538
24.284,0.025203,21.598,37.975,0.0028158
23.586,0.024974,21,37.676,0.0027975
22.896,0.024831,20.4,37.377,0.002799
22.222,0.024774,19.807,37.085,0.00282
21.748,0.024784,19.385,36.883,0.002847
21.279,0.024837,18.965,36.687,0.0028843
20.811,0.02493,18.542,36.498,0.0029323
20.343,0.025065,18.116,36.323,0.0029913
19.879,0.02524,17.691,36.171,0.0030617
19.423,0.025461,17.271,36.055,0.0031446
18.991,0.025732,16.869,35.992,0.0032406
18.602,0.026059,16.502,35.996,0.0033502
18.3,0.026416,16.211,36.06,0.0034639
18.077,0.026831,15.987,36.16,0.0035883
17.956,0.027302,15.849,36.25,0.0037215
17.952,0.027829,15.811,36.284,0.0038608
18.074,0.028386,15.882,36.239,0.0039988
18.328,0.028976,16.064,36.136,0.0041343
18.711,0.029581,16.357,36.032,0.0042629
19.215,0.030183,16.754,35.985,0.0043796
19.927,0.030842,17.323,36.049,0.0044937
20.747,0.031433,17.988,36.243,0.004581
21.637,0.031929,18.717,36.534,0.0046381
22.56,0.032308,19.48,36.882,0.0046636
23.394,0.03254,20.177,37.22,0.0046597
24.201,0.032662,20.858,37.559,0.0046315
24.961,0.032676,21.508,37.887,0.0045812
25.664,0.032589,22.118,38.197,0.0045115
26.853,0.03216,23.179,38.74,0.0043286
27.782,0.03146,24.048,39.186,0.0041032
28.456,0.030571,24.721,39.533,0.0038546
28.88,0.029563,25.195,39.779,0.0035991
29.029,0.02882,25.405,39.889,0.003423
29.059,0.028069,25.513,39.948,0.0032537
28.979,0.027327,25.524,39.957,0.0030939
28.801,0.026608,25.447,39.921,0.0029457
28.543,0.025925,25.294,39.846,0.0028106
28.222,0.025287,25.08,39.74,0.0026889
27.85,0.024698,24.814,39.608,0.002581
27.434,0.024162,24.502,39.452,0.0024867
26.842,0.023558,24.037,39.22,0.0023857
26.176,0.023045,23.495,38.947,0.0023064
25.44,0.022627,22.879,38.637,0.0022488
24.651,0.022309,22.202,38.296,0.0022133
23.966,0.022123,21.604,37.996,0.0022008
23.283,0.022014,21,37.693,0.0022042
22.612,0.021983,20.399,37.393,0.0022235
21.956,0.022028,19.805,37.101,0.0022588
21.465,0.022112,19.356,36.885,0.0022966
20.975,0.022239,18.905,36.675,0.0023442
20.483,0.022407,18.45,36.474,0.0024023
19.994,0.022619,17.994,36.29,0.0024716
19.538,0.022864,17.566,36.143,0.0025486
19.106,0.023156,17.158,36.038,0.0026372
18.719,0.023501,16.787,35.988,0.0027377
18.401,0.023902,16.474,35.996,0.0028498
18.179,0.024368,16.244,36.041,0.0029737
18.083,0.024895,16.122,36.084,0.0031062
18.134,0.025478,16.128,36.085,0.0032438
18.346,0.026103,16.273,36.04,0.0033815
18.69,0.026705,16.535,35.994,0.0035048
19.17,0.027308,16.915,35.994,0.0036185
19.77,0.027889,17.399,36.077,0.003718
20.47,0.028424,17.972,36.252,0.0037998
21.317,0.028934,18.671,36.531,0.0038655
22.212,0.029344,19.418,36.871,0.0039046
23.117,0.029639,20.181,37.239,0.0039169
24.002,0.029812,20.934,37.614,0.0039033
24.814,0.029866,21.634,37.967,0.0038676
25.565,0.029813,22.29,38.3,0.0038124
26.245,0.029663,22.895,38.608,0.0037404
26.85,0.029428,23.445,38.889,0.0036548
27.457,0.029066,24.009,39.178,0.0035423
27.965,0.028625,24.498,39.429,0.0034196
28.377,0.028124,24.91,39.641,0.0032904
28.693,0.027576,25.246,39.814,0.003158
28.935,0.026923,25.53,39.961,0.0030085
29.055,0.026249,25.711,40.056,0.0028623
29.059,0.025572,25.79,40.099,0.0027225
28.956,0.024908,25.773,40.094,0.0025913
28.759,0.024269,25.67,40.044,0.0024704
28.487,0.023666,25.495,39.958,0.0023608
28.156,0.023107,25.261,39.842,0.0022629
27.775,0.022595,24.977,39.7,0.0021768
27.343,0.022125,24.64,39.532,0.0021011
26.866,0.021709,24.256,39.339,0.0020373
26.342,0.021348,23.821,39.121,0.0019856
25.772,0.021043,23.339,38.878,0.0019459
25.21,0.020815,22.855,38.635,0.0019202
24.626,0.020639,22.343,38.377,0.001905
24.029,0.020517,21.815,38.111,0.0019005
23.433,0.020451,21.281,37.843,0.0019068
22.887,0.020441,20.788,37.596,0.0019223
22.352,0.020478,20.299,37.353,0.0019473
21.824,0.020563,19.813,37.114,0.0019818
21.301,0.020695,19.328,36.881,0.0020264
20.795,0.020865,18.856,36.661,0.0020793
20.288,0.021079,18.381,36.452,0.0021429
19.788,0.021339,17.908,36.265,0.0022179
19.309,0.021651,17.453,36.115,0.0023051
18.948,0.021951,17.105,36.031,0.0023868
18.636,0.022294,16.799,35.99,0.0024773
18.392,0.022683,16.553,35.988,0.0025762
18.237,0.023117,16.383,36.006,0.0026824
18.189,0.023596,16.307,36.023,0.002794
18.261,0.024114,16.335,36.018,0.0029085
18.462,0.024661,16.475,35.997,0.0030226
18.792,0.025224,16.729,35.985,0.0031327
19.331,0.025874,17.159,36.031,0.00325
20.016,0.026492,17.718,36.174,0.0033508
20.815,0.02705,18.379,36.418,0.0034306
21.692,0.027521,19.111,36.738,0.0034862
22.522,0.027858,19.811,37.069,0.0035147
23.352,0.028098,20.518,37.416,0.0035222
24.16,0.028239,21.211,37.763,0.0035098
24.925,0.028282,21.876,38.098,0.003479
25.764,0.028214,22.616,38.474,0.0034213
26.511,0.028029,23.287,38.816,0.0033445
27.16,0.027744,23.885,39.121,0.0032527
27.713,0.027377,24.408,39.389,0.0031496
28.166,0.026952,24.851,39.616,0.0030404
28.529,0.026477,25.222,39.807,0.0029268
28.803,0.025967,25.519,39.96,0.0028113
28.987,0.025434,25.742,40.075,0.0026963
29.089,0.024804,25.903,40.16,0.0025669
29.078,0.024173,25.965,40.194,0.0024434
28.962,0.023557,25.932,40.18,0.002328
28.758,0.022967,25.816,40.124,0.0022219
28.462,0.022379,25.617,40.026,0.0021205
28.103,0.021839,25.355,39.896,0.002031
27.691,0.02135,25.039,39.738,0.0019533
27.232,0.020916,24.672,39.554,0.0018875
26.689,0.020515,24.224,39.329,0.0018304
26.089,0.020179,23.716,39.074,0.0017866
25.435,0.01991,23.151,38.789,0.0017564
24.743,0.019713,22.542,38.482,0.00174
24.032,0.019591,21.907,38.163,0.0017378
23.323,0.019546,21.266,37.841,0.0017498
22.628,0.019579,20.631,37.523,0.0017763
21.948,0.019689,20.003,37.212,0.0018175
21.44,0.019821,19.53,36.982,0.0018587
20.932,0.019994,19.053,36.756,0.0019092
20.423,0.020211,18.573,36.539,0.0019697
19.919,0.020473,18.095,36.34,0.0020409
19.465,0.020762,17.662,36.182,0.0021179
19.049,0.021099,17.26,36.066,0.0022056
18.694,0.02149,16.911,36.002,0.002304
18.43,0.021936,16.64,35.985,0.0024125
18.29,0.022403,16.481,35.993,0.0025213
18.274,0.022916,16.43,35.999,0.0026352
18.396,0.023468,16.5,35.992,0.0027511
18.662,0.024045,16.697,35.985,0.0028652
19.084,0.024645,17.029,36.012,0.0029756
19.644,0.02523,17.483,36.109,0.0030749
20.321,0.025779,18.041,36.291,0.0031591
21.088,0.026268,18.681,36.551,0.0032249
21.917,0.02668,19.378,36.868,0.0032706
22.771,0.026999,20.102,37.217,0.003295
23.62,0.027217,20.829,37.577,0.0032986
24.438,0.027331,21.537,37.932,0.0032824
25.248,0.027345,22.247,38.292,0.003246
25.987,0.027256,22.905,38.626,0.0031925
26.649,0.027076,23.504,38.931,0.0031247
27.229,0.026818,24.041,39.205,0.0030454
27.768,0.026466,24.552,39.467,0.00295
28.215,0.026053,24.991,39.692,0.0028476
28.573,0.025593,25.358,39.88,0.002741
28.842,0.025099,25.65,40.031,0.0026327
29.068,0.024372,25.933,40.177,0.0024823
29.12,0.023631,26.064,40.247,0.0023381
29.013,0.022903,26.052,40.243,0.0022041
28.769,0.022211,25.913,40.176,0.002083
28.442,0.021605,25.688,40.065,0.0019818
28.043,0.021054,25.39,39.917,0.0018937
27.585,0.020563,25.031,39.737,0.0018189
27.07,0.020135,24.611,39.527,0.0017571
26.502,0.019774,24.134,39.287,0.0017088
25.876,0.019479,23.597,39.017,0.0016734
25.201,0.019253,23.005,38.719,0.0016513
24.493,0.0191,22.376,38.402,0.0016426
23.796,0.019023,21.748,38.086,0.0016474
23.106,0.019019,21.119,37.77,0.0016653
22.432,0.019088,20.497,37.46,0.0016966
21.769,0.019229,19.881,37.155,0.0017417
21.221,0.019399,19.367,36.907,0.0017902
20.671,0.019617,18.848,36.665,0.0018495
20.123,0.019886,18.328,36.437,0.0019207
19.592,0.020211,17.82,36.238,0.0020046
19.213,0.020501,17.454,36.119,0.0020781
18.877,0.02083,17.125,36.038,0.0021599
18.603,0.021203,16.849,35.996,0.0022496
18.411,0.021619,16.646,35.985,0.0023465
18.32,0.022079,16.531,35.988,0.0024493
18.347,0.022577,16.52,35.99,0.0025557
18.502,0.023106,16.621,35.985,0.0026629
18.789,0.023653,16.838,35.992,0.0027676
19.255,0.024261,17.21,36.045,0.0028758
19.863,0.024848,17.706,36.178,0.0029717
20.587,0.02539,18.307,36.397,0.003051
21.397,0.025862,18.986,36.69,0.003111
22.222,0.026234,19.683,37.017,0.0031486
23.062,0.026514,20.4,37.367,0.0031663
23.888,0.026696,21.112,37.722,0.0031647
24.68,0.026781,21.801,38.069,0.0031452
25.495,0.026767,22.519,38.433,0.0031048
26.232,0.02665,23.18,38.769,0.0030476
26.885,0.026441,23.777,39.073,0.0029766
27.453,0.026156,24.307,39.344,0.0028949
27.955,0.025792,24.789,39.59,0.0028014
28.368,0.025374,25.2,39.801,0.0027023
28.693,0.024915,25.539,39.975,0.0026
28.93,0.024427,25.804,40.111,0.0024969
29.103,0.023787,26.031,40.229,0.0023684
29.138,0.02314,26.137,40.286,0.0022451
29.046,0.022503,26.127,40.284,0.0021299
28.843,0.021894,26.015,40.229,0.0020244
28.533,0.021293,25.805,40.126,0.0019251
28.147,0.020746,25.519,39.983,0.0018384
27.701,0.020256,25.17,39.809,0.0017645
27.197,0.019829,24.76,39.604,0.0017032
26.666,0.019482,24.315,39.38,0.0016568
26.08,0.019194,23.813,39.128,0.0016217
25.446,0.018967,23.259,38.849,0.0015984
24.777,0.018804,22.665,38.549,0.001587
24.091,0.01871,22.048,38.239,0.0015878
23.407,0.018685,21.425,37.926,0.001601
22.737,0.01873,20.809,37.616,0.0016267
22.08,0.018844,20.198,37.313,0.0016652
21.62,0.018966,19.768,37.102,0.0017006
21.16,0.019121,19.334,36.893,0.001743
20.698,0.019311,18.898,36.689,0.0017929
20.238,0.019535,18.46,36.494,0.0018509
19.787,0.019797,18.029,36.318,0.0019177
19.36,0.020102,17.618,36.171,0.0019938
18.978,0.020452,17.244,36.065,0.0020795
18.665,0.020851,16.931,36.006,0.0021747
18.446,0.021307,16.7,35.986,0.0022794
18.351,0.021814,16.578,35.986,0.0023911
18.401,0.022367,16.583,35.986,0.0025068
18.608,0.022954,16.727,35.986,0.0026227
18.949,0.02352,16.99,36.009,0.0027274
19.423,0.024081,17.372,36.084,0.0028243
20.017,0.024619,17.86,36.231,0.0029095
20.708,0.025113,18.436,36.452,0.0029801
21.539,0.025579,19.134,36.76,0.0030374
22.415,0.025953,19.877,37.113,0.0030733
23.301,0.026223,20.636,37.486,0.0030875
24.166,0.026385,21.385,37.861,0.0030807
24.966,0.02644,22.084,38.214,0.0030557
25.705,0.0264,22.74,38.547,0.0030146
26.375,0.026273,23.344,38.854,0.0029599
26.972,0.02607,23.891,39.133,0.0028939
27.565,0.025758,24.448,39.417,0.0028072
28.064,0.025377,24.93,39.664,0.0027122
28.468,0.024942,25.336,39.872,0.0026119
28.779,0.024468,25.665,40.041,0.0025089
29.018,0.023903,25.942,40.184,0.0023926
29.138,0.02332,26.116,40.274,0.0022789
29.144,0.022735,26.189,40.314,0.0021701
29.044,0.022162,26.166,40.304,0.0020682
28.853,0.021613,26.057,40.252,0.0019745
28.588,0.021097,25.878,40.163,0.0018898
28.264,0.020619,25.639,40.045,0.0018145
27.891,0.020185,25.351,39.901,0.0017486
27.464,0.019786,25.008,39.729,0.0016908
26.99,0.019437,24.616,39.532,0.0016428
26.469,0.019138,24.173,39.31,0.0016046
25.901,0.018892,23.681,39.063,0.0015765
25.342,0.018714,23.19,38.815,0.0015597
24.759,0.018585,22.671,38.553,0.0015517
24.165,0.018506,22.135,38.284,0.0015527
23.571,0.018479,21.595,38.012,0.0015628
23.029,0.018501,21.097,37.762,0.0015805
22.496,0.018568,20.604,37.515,0.0016062
21.971,0.018679,20.114,37.273,0.0016401
21.449,0.018832,19.623,37.033,0.0016827
20.948,0.019019,19.15,36.807,0.0017321
20.445,0.019247,18.673,36.588,0.0017907
19.95,0.019519,18.2,36.386,0.0018592
19.477,0.019837,17.744,36.214,0.0019383
19.117,0.020142,17.394,36.104,0.0020126
18.807,0.020487,17.087,36.032,0.0020947
18.567,0.020873,16.841,35.996,0.0021841
18.416,0.021301,16.674,35.985,0.0022799
18.372,0.02177,16.6,35.985,0.0023805
18.448,0.022272,16.632,35.985,0.0024836
18.652,0.0228,16.777,35.988,0.0025861
18.985,0.023339,17.036,36.016,0.0026849
19.468,0.023902,17.426,36.098,0.002781
20.071,0.024439,17.922,36.254,0.0028653
20.772,0.024931,18.507,36.483,0.0029348
21.543,0.025359,19.156,36.772,0.0029872
22.355,0.025709,19.845,37.099,0.0030212
23.177,0.02597,20.55,37.444,0.0030368
23.985,0.026139,21.248,37.793,0.0030345
24.758,0.026216,21.922,38.133,0.0030155
25.575,0.026197,22.645,38.5,0.0029758
26.313,0.026075,23.308,38.837,0.0029197
26.964,0.025864,23.906,39.141,0.0028503
27.529,0.025576,24.435,39.411,0.0027706
28.021,0.025216,24.91,39.654,0.0026806
28.425,0.024804,25.313,39.861,0.0025853
28.741,0.024353,25.644,40.031,0.0024873
28.969,0.023875,25.902,40.163,0.0023886
29.13,0.023262,26.116,40.274,0.0022682
29.159,0.022643,26.213,40.326,0.0021529
29.066,0.022036,26.2,40.322,0.002045
28.868,0.021453,26.089,40.269,0.0019462
28.564,0.020875,25.881,40.166,0.0018521
28.185,0.020346,25.599,40.025,0.0017699
27.746,0.019874,25.254,39.853,0.0016998
27.252,0.019462,24.851,39.651,0.0016416
26.724,0.019123,24.408,39.429,0.001597
26.143,0.018842,23.907,39.177,0.0015634
25.512,0.018622,23.355,38.899,0.0015411
24.845,0.018465,22.761,38.6,0.0015303
24.16,0.018374,22.144,38.289,0.0015313
23.477,0.018352,21.521,37.976,0.0015443
22.806,0.018399,20.903,37.666,0.0015695
22.149,0.018515,20.292,37.361,0.0016071
21.663,0.018645,19.836,37.137,0.0016437
21.177,0.018812,19.377,36.915,0.001688
20.689,0.019017,18.914,36.698,0.0017406
20.203,0.019261,18.451,36.492,0.0018021
19.749,0.019534,18.015,36.314,0.0018701
19.323,0.019851,17.603,36.167,0.0019475
18.946,0.020215,17.234,36.063,0.0020346
18.646,0.02063,16.931,36.006,0.0021312
18.454,0.021086,16.723,35.987,0.0022334
18.385,0.021589,16.625,35.985,0.0023417
18.458,0.022134,16.651,35.985,0.0024532
18.683,0.022709,16.812,35.991,0.0025644
19.047,0.023277,17.096,36.026,0.0026673
19.546,0.023837,17.5,36.119,0.0027618
20.163,0.02437,18.01,36.287,0.0028441
20.876,0.024854,18.605,36.526,0.0029113
21.702,0.025295,19.302,36.84,0.0029636
22.567,0.025645,20.038,37.193,0.0029954
23.437,0.025894,20.785,37.562,0.0030067
24.282,0.02604,21.519,37.931,0.0029983
25.083,0.026084,22.221,38.286,0.0029721
25.82,0.026033,22.878,38.619,0.00293
26.485,0.025896,23.479,38.925,0.0028747
27.075,0.025684,24.023,39.202,0.0028085
27.651,0.025369,24.565,39.478,0.0027238
28.132,0.02499,25.033,39.718,0.0026314
28.522,0.024561,25.426,39.919,0.0025342
28.82,0.024095,25.744,40.082,0.0024348
29.053,0.02352,26.017,40.223,0.0023186
29.161,0.022929,26.181,40.309,0.0022055
29.149,0.022339,26.239,40.341,0.0020977
29.028,0.021763,26.197,40.322,0.0019974
28.814,0.021214,26.068,40.259,0.0019056
28.527,0.020702,25.867,40.16,0.0018233
28.18,0.020231,25.607,40.03,0.0017507
27.784,0.019806,25.296,39.875,0.0016878
27.316,0.019409,24.915,39.684,0.0016317
26.795,0.019067,24.478,39.464,0.0015865
26.219,0.018782,23.984,39.216,0.0015522
25.595,0.018557,23.437,38.941,0.001529
25.052,0.018419,22.955,38.698,0.0015184
24.493,0.018325,22.454,38.446,0.0015157
23.93,0.018276,21.943,38.188,0.0015209
23.371,0.018274,21.432,37.931,0.0015342
22.83,0.018318,20.933,37.681,0.0015553
22.299,0.018405,20.438,37.434,0.0015844
21.773,0.018537,19.945,37.191,0.0016219
21.248,0.018711,19.45,36.951,0.0016682
20.765,0.018909,18.992,36.735,0.0017189
20.283,0.019146,18.533,36.528,0.0017783
19.811,0.019423,18.081,36.34,0.001847
19.367,0.019745,17.652,36.183,0.0019255
19.019,0.020068,17.311,36.082,0.0020028
18.73,0.020433,17.021,36.02,0.0020877
18.519,0.02084,16.8,35.992,0.0021798
18.408,0.021289,16.667,35.985,0.0022778
18.411,0.02177,16.635,35.985,0.0023784
18.538,0.022281,16.712,35.986,0.0024802
18.794,0.022812,16.903,35.999,0.0025802
19.177,0.023348,17.207,36.047,0.0026752
19.703,0.023896,17.636,36.16,0.0027654
20.34,0.024411,18.163,36.345,0.0028429
21.063,0.024875,18.769,36.598,0.0029052
21.844,0.025271,19.43,36.901,0.0029503
22.655,0.025586,20.121,37.235,0.0029775
23.468,0.025813,20.82,37.58,0.0029869
24.258,0.025949,21.506,37.925,0.0029794
25.008,0.025997,22.164,38.257,0.0029562
25.84,0.025943,22.904,38.632,0.00291
26.581,0.025783,23.575,38.974,0.0028471
27.227,0.02553,24.172,39.278,0.0027711
27.777,0.025201,24.695,39.545,0.0026851
28.23,0.024817,25.138,39.772,0.0025936
28.594,0.024388,25.509,39.962,0.0024981
28.869,0.023926,25.807,40.115,0.0024008
29.057,0.023442,26.029,40.23,0.0023039
29.163,0.022869,26.19,40.314,0.0021944
29.156,0.022297,26.251,40.347,0.0020901
29.046,0.021738,26.216,40.332,0.0019925
28.846,0.021203,26.098,40.274,0.0019031
28.554,0.020672,25.896,40.174,0.0018178
28.199,0.020185,25.63,40.042,0.0017427
27.792,0.019747,25.31,39.882,0.001678
27.336,0.01936,24.939,39.696,0.0016235
26.798,0.019007,24.488,39.47,0.0015769
26.202,0.018716,23.976,39.212,0.0015419
25.553,0.018488,23.407,38.926,0.0015188
24.865,0.018327,22.793,38.617,0.0015078
24.157,0.018237,22.155,38.295,0.0015093
23.451,0.01822,21.51,37.971,0.0015235
22.759,0.018277,20.871,37.65,0.0015505
22.081,0.018406,20.239,37.336,0.0015907
21.56,0.018555,19.75,37.096,0.0016314
21.039,0.018746,19.256,36.859,0.001681
20.516,0.01898,18.759,36.628,0.0017403
19.999,0.019261,18.265,36.414,0.0018099
19.547,0.019562,17.829,36.245,0.0018834
19.134,0.019909,17.427,36.114,0.0019669
18.788,0.020308,17.083,36.031,0.0020603
18.537,0.02076,16.822,35.994,0.0021629
18.416,0.021222,16.679,35.985,0.0022636
18.417,0.021726,16.644,35.985,0.0023686
18.555,0.022262,16.729,35.986,0.002475
18.835,0.022819,16.94,36.003,0.0025793
19.277,0.023407,17.292,36.066,0.0026822
19.859,0.023976,17.768,36.203,0.0027741
20.556,0.024505,18.349,36.419,0.0028512
21.341,0.02497,19.008,36.706,0.0029108
22.162,0.025348,19.705,37.033,0.0029504
23.003,0.025637,20.424,37.384,0.0029711
23.834,0.02583,21.142,37.742,0.002973
24.632,0.025927,21.839,38.093,0.0029575
25.441,0.025929,22.553,38.454,0.002923
26.175,0.025831,23.212,38.789,0.0028727
26.829,0.025646,23.809,39.093,0.0028092
27.4,0.025386,24.341,39.365,0.0027355
27.916,0.025045,24.835,39.617,0.002649
28.343,0.024649,25.257,39.833,0.0025567
28.682,0.024211,25.608,40.013,0.0024611
28.933,0.023744,25.884,40.155,0.0023643
29.128,0.023104,26.132,40.283,0.0022386
29.174,0.022454,26.248,40.345,0.0021182
29.081,0.021816,26.239,40.343,0.0020057
28.87,0.021207,26.119,40.285,0.0019032
28.555,0.020626,25.902,40.178,0.00181
28.164,0.020099,25.608,40.031,0.0017289
27.711,0.019629,25.25,39.852,0.0016602
27.2,0.019222,24.831,39.642,0.0016036
26.608,0.018866,24.33,39.39,0.0015579
25.951,0.018581,23.76,39.104,0.0015254
25.238,0.018369,23.131,38.787,0.0015065
24.491,0.018236,22.461,38.449,0.0015015
23.802,0.018186,21.835,38.134,0.0015094
23.122,0.018205,21.211,37.821,0.0015293
22.457,0.018294,20.593,37.512,0.0015614
21.803,0.01845,19.981,37.209,0.0016062
21.259,0.01863,19.468,36.959,0.0016538
20.713,0.018857,18.95,36.715,0.0017115
20.17,0.019133,18.431,36.484,0.0017802
19.645,0.019463,17.926,36.281,0.001861
19.27,0.019756,17.563,36.155,0.0019318
18.94,0.020088,17.237,36.064,0.0020103
18.672,0.020462,16.967,36.012,0.0020963
18.488,0.020877,16.77,35.99,0.002189
18.406,0.021333,16.662,35.985,0.002287
18.442,0.021825,16.659,35.985,0.0023883
18.606,0.022346,16.769,35.988,0.0024901
18.9,0.022882,16.994,36.01,0.0025892
19.38,0.023482,17.378,36.087,0.0026927
20.001,0.024059,17.889,36.244,0.002784
20.738,0.024587,18.504,36.484,0.0028591
21.559,0.025044,19.196,36.792,0.0029152
22.379,0.025395,19.893,37.124,0.0029495
23.211,0.025658,20.607,37.475,0.0029652
24.027,0.025826,21.314,37.828,0.0029629
24.807,0.025901,21.996,38.172,0.0029439
25.623,0.025879,22.718,38.539,0.0029047
26.358,0.025755,23.381,38.875,0.0028495
27.007,0.025542,23.977,39.179,0.0027812
27.568,0.025255,24.504,39.448,0.0027029
28.056,0.024897,24.975,39.689,0.0026149
28.455,0.024488,25.375,39.893,0.0025218
28.767,0.024043,25.702,40.061,0.0024261
28.991,0.023571,25.956,40.192,0.0023298
29.146,0.022971,26.164,40.3,0.0022135
29.173,0.022366,26.257,40.35,0.0021021
29.079,0.021772,26.242,40.345,0.0019979
28.882,0.021204,26.131,40.291,0.0019024
28.58,0.020637,25.924,40.189,0.0018113
28.205,0.02012,25.643,40.049,0.0017316
27.77,0.019657,25.301,39.878,0.0016636
27.281,0.019253,24.901,39.677,0.0016072
26.755,0.018919,24.458,39.455,0.0015636
26.174,0.018643,23.958,39.204,0.0015308
25.545,0.018426,23.406,38.925,0.0015091
24.879,0.018272,22.812,38.626,0.0014988
24.194,0.018185,22.194,38.315,0.0015
23.511,0.018165,21.57,38.001,0.001513
22.84,0.018214,20.951,37.691,0.001538
22.183,0.018331,20.339,37.385,0.0015753
21.701,0.01846,19.887,37.163,0.0016111
21.219,0.018626,19.432,36.942,0.0016543
20.736,0.018828,18.973,36.726,0.0017055
20.255,0.019068,18.514,36.52,0.0017653
19.8,0.019339,18.078,36.339,0.0018319
19.372,0.019652,17.663,36.188,0.0019077
18.992,0.020012,17.291,36.078,0.001993
18.686,0.020422,16.982,36.014,0.0020876
18.485,0.020876,16.766,35.989,0.0021889
18.407,0.021378,16.659,35.985,0.0022964
18.471,0.021923,16.678,35.985,0.0024074
18.69,0.022498,16.833,35.993,0.0025182
19.044,0.023061,17.11,36.029,0.0026199
19.534,0.023617,17.506,36.122,0.0027135
20.142,0.024147,18.008,36.287,0.0027955
20.847,0.024631,18.597,36.524,0.0028627
21.672,0.025075,19.294,36.838,0.002916
22.539,0.02543,20.032,37.192,0.0029488
23.413,0.025684,20.783,37.563,0.0029612
24.263,0.025835,21.521,37.933,0.0029539
25.062,0.025883,22.223,38.287,0.002929
25.799,0.025836,22.879,38.62,0.0028885
26.465,0.025705,23.481,38.926,0.0028349
27.057,0.025499,24.025,39.204,0.0027705
27.637,0.02519,24.572,39.483,0.0026874
28.124,0.024816,25.044,39.724,0.0025965
28.518,0.024391,25.441,39.928,0.0025008
28.82,0.023929,25.763,40.093,0.0024027
29.052,0.023373,26.033,40.232,0.002291
29.166,0.022803,26.2,40.319,0.002182
29.164,0.022231,26.266,40.355,0.002078
29.058,0.021672,26.235,40.342,0.0019807
28.862,0.021138,26.12,40.286,0.0018914
28.592,0.020636,25.934,40.194,0.0018108
28.264,0.020173,25.69,40.072,0.0017394
27.887,0.019753,25.396,39.926,0.0016771
27.451,0.019364,25.043,39.749,0.001622
26.966,0.019026,24.639,39.546,0.0015767
26.431,0.018739,24.182,39.316,0.0015412
25.849,0.018506,23.676,39.062,0.0015157
25.28,0.018342,23.172,38.808,0.0015013
24.689,0.018227,22.643,38.542,0.0014957
24.089,0.018163,22.1,38.268,0.001499
23.49,0.018152,21.552,37.992,0.0015114
22.95,0.018188,21.054,37.742,0.0015309
22.419,0.018268,20.561,37.496,0.0015583
21.894,0.018391,20.069,37.253,0.0015937
21.372,0.018557,19.577,37.012,0.0016377
20.881,0.018751,19.112,36.791,0.0016872
20.39,0.018984,18.644,36.577,0.0017454
19.908,0.019259,18.182,36.381,0.001813
19.45,0.019578,17.74,36.214,0.0018906
19.096,0.019891,17.394,36.105,0.001965
18.797,0.020243,17.096,36.034,0.0020471
18.571,0.020636,16.862,35.998,0.0021362
18.437,0.021071,16.709,35.986,0.0022314
18.413,0.021545,16.653,35.985,0.0023309
18.512,0.022051,16.706,35.986,0.0024323
18.741,0.022579,16.873,35.996,0.0025326
19.098,0.023115,17.154,36.037,0.0026287
19.601,0.023667,17.562,36.138,0.0027206
20.218,0.02419,18.073,36.311,0.0028006
20.928,0.024665,18.667,36.554,0.0028658
21.703,0.025075,19.321,36.851,0.0029142
22.512,0.025406,20.01,37.181,0.0029448
23.328,0.025649,20.711,37.527,0.0029576
24.126,0.025802,21.403,37.873,0.0029532
24.886,0.025866,22.069,38.21,0.0029329
25.708,0.025833,22.798,38.579,0.0028914
26.446,0.025696,23.465,38.918,0.0028337
27.094,0.025469,24.062,39.222,0.0027629
27.652,0.025167,24.588,39.491,0.0026822
28.126,0.0248,25.048,39.726,0.0025934
28.512,0.024386,25.437,39.925,0.0025
28.81,0.023936,25.753,40.088,0.0024043
29.02,0.023461,25.994,40.212,0.0023083
29.157,0.022875,26.184,40.311,0.0021957
29.171,0.022287,26.265,40.354,0.0020879
29.073,0.02171,26.244,40.346,0.0019871
28.877,0.021158,26.131,40.291,0.0018946
28.58,0.020606,25.927,40.191,0.001806
28.214,0.0201,25.653,40.054,0.0017283
27.79,0.019648,25.32,39.888,0.0016617
27.314,0.01925,24.931,39.693,0.0016061
26.789,0.018912,24.49,39.471,0.0015618
26.209,0.018632,23.991,39.22,0.0015284
25.578,0.018412,23.438,38.942,0.0015061
24.91,0.018255,22.843,38.642,0.0014953
24.223,0.018164,22.223,38.33,0.0014961
23.536,0.018142,21.595,38.014,0.0015088
22.861,0.01819,20.973,37.702,0.0015335
22.2,0.018306,20.357,37.395,0.0015706
21.698,0.018441,19.885,37.162,0.0016079
21.194,0.018615,19.41,36.932,0.0016533
20.689,0.01883,18.93,36.707,0.0017074
20.188,0.019086,18.451,36.493,0.001771
19.734,0.019364,18.015,36.315,0.0018391
19.31,0.019686,17.605,36.168,0.0019167
18.939,0.020055,17.239,36.065,0.0020038
18.647,0.020475,16.943,36.008,0.0021001
18.467,0.02093,16.746,35.988,0.0022009
18.409,0.021431,16.658,35.985,0.0023073
18.492,0.021972,16.694,35.985,0.0024166
18.725,0.022541,16.862,35.995,0.0025252
19.1,0.023109,17.156,36.038,0.002627
19.611,0.023667,17.571,36.141,0.00272
20.239,0.024197,18.091,36.318,0.0028008
20.962,0.024676,18.696,36.567,0.0028662
21.786,0.025104,19.392,36.884,0.0029161
22.646,0.025442,20.125,37.237,0.002946
23.508,0.025682,20.867,37.605,0.002956
24.345,0.02582,21.595,37.97,0.0029469
25.145,0.025858,22.299,38.326,0.0029201
25.881,0.025801,22.955,38.659,0.0028778
26.544,0.025659,23.555,38.965,0.0028224
27.131,0.025443,24.097,39.241,0.0027563
27.697,0.025128,24.632,39.514,0.0026728
28.171,0.02475,25.093,39.749,0.0025821
28.553,0.024324,25.48,39.948,0.0024868
28.845,0.023863,25.792,40.108,0.0023894
29.077,0.023271,26.067,40.25,0.0022711
29.176,0.022663,26.226,40.333,0.0021562
29.147,0.022058,26.27,40.358,0.0020474
29.003,0.021472,26.209,40.329,0.0019466
28.764,0.020916,26.057,40.255,0.0018552
28.448,0.0204,25.832,40.143,0.0017738
28.074,0.01993,25.545,40,0.0017028
27.648,0.019511,25.206,39.83,0.001642
27.107,0.019099,24.759,39.606,0.0015856
26.499,0.018755,24.242,39.347,0.0015423
25.826,0.018483,23.657,39.052,0.0015124
25.102,0.018286,23.015,38.729,0.0014962
24.358,0.018171,22.346,38.392,0.0014941
23.611,0.018136,21.665,38.049,0.0015059
22.877,0.018183,20.988,37.709,0.0015319
22.16,0.01831,20.32,37.376,0.0015725
21.679,0.018442,19.868,37.154,0.0016086
21.197,0.018609,19.413,36.934,0.0016522
20.714,0.018813,18.954,36.718,0.0017037
20.234,0.019055,18.496,36.512,0.0017638
19.779,0.019329,18.059,36.332,0.0018309
19.352,0.019646,17.646,36.182,0.0019073
18.975,0.020009,17.275,36.074,0.0019933
18.674,0.020423,16.971,36.012,0.0020885
18.48,0.020877,16.762,35.989,0.0021894
18.409,0.021379,16.662,35.985,0.0022964
18.481,0.021922,16.687,35.985,0.0024066
18.704,0.022494,16.846,35.994,0.0025164
19.067,0.023059,17.13,36.033,0.0026181
19.563,0.023616,17.533,36.129,0.0027114
20.179,0.024145,18.041,36.3,0.0027928
20.89,0.024627,18.636,36.541,0.0028593
21.715,0.025065,19.332,36.856,0.0029113
22.579,0.025413,20.069,37.21,0.0029431
23.448,0.025662,20.816,37.579,0.0029546
24.294,0.025808,21.551,37.948,0.0029467
25.093,0.025853,22.253,38.303,0.0029212
25.829,0.025803,22.909,38.636,0.0028802
26.494,0.025668,23.51,38.942,0.002826
27.084,0.025458,24.054,39.219,0.0027611
27.659,0.025148,24.596,39.495,0.002678
28.141,0.024773,25.064,39.735,0.0025874
28.531,0.024348,25.458,39.936,0.0024919
28.83,0.023886,25.776,40.1,0.0023943
29.062,0.023318,26.048,40.24,0.0022804
29.171,0.022735,26.213,40.326,0.0021694
29.16,0.022152,26.271,40.358,0.0020638
29.041,0.021583,26.23,40.339,0.0019653
28.829,0.021041,26.101,40.277,0.0018754
28.543,0.020534,25.901,40.178,0.0017946
28.198,0.020069,25.642,40.049,0.0017233
27.804,0.019649,25.332,39.894,0.0016616
27.339,0.019257,24.953,39.704,0.0016067
26.821,0.01892,24.518,39.486,0.0015624
26.249,0.018639,24.027,39.239,0.0015287
25.629,0.018416,23.483,38.965,0.0015059
25.088,0.01828,23.003,38.723,0.0014955
24.532,0.018187,22.503,38.471,0.0014928
23.971,0.018139,21.994,38.215,0.0014979
23.413,0.018137,21.483,37.958,0.0015109
22.873,0.01818,20.985,37.708,0.0015316
22.342,0.018267,20.49,37.461,0.0015601
21.816,0.018397,19.998,37.217,0.001597
21.292,0.01857,19.503,36.977,0.0016424
20.808,0.018768,19.043,36.759,0.0016925
20.323,0.019003,18.582,36.55,0.0017512
19.849,0.01928,18.127,36.359,0.0018192
19.401,0.019602,17.694,36.198,0.001897
19.052,0.019922,17.352,36.094,0.0019729
18.76,0.020282,17.06,36.027,0.0020565
18.545,0.020684,16.835,35.995,0.0021471
18.427,0.021128,16.696,35.986,0.0022436
18.422,0.021606,16.657,35.985,0.0023432
18.541,0.022115,16.727,35.986,0.0024443
18.789,0.022643,16.911,36,0.0025438
19.164,0.023178,17.208,36.048,0.0026385
19.683,0.023725,17.631,36.159,0.0027286
20.314,0.024241,18.154,36.342,0.0028064
21.032,0.024707,18.756,36.593,0.0028692
21.811,0.025105,19.414,36.895,0.0029151
22.621,0.025424,20.105,37.228,0.0029432
23.434,0.025655,20.804,37.573,0.0029537
24.226,0.025796,21.492,37.918,0.0029472
24.978,0.025849,22.152,38.252,0.0029252
25.806,0.025802,22.888,38.625,0.0028809
26.546,0.025649,23.558,38.966,0.0028202
27.192,0.025406,24.155,39.27,0.0027465
27.745,0.025087,24.679,39.538,0.0026629
28.204,0.02471,25.127,39.767,0.002573
28.574,0.024287,25.503,39.959,0.0024789
28.857,0.023831,25.806,40.115,0.002383
29.051,0.023353,26.034,40.233,0.0022872
29.166,0.02278,26.204,40.321,0.0021778
29.166,0.022206,26.27,40.357,0.0020734
29.06,0.021645,26.24,40.344,0.0019758
28.862,0.021108,26.124,40.288,0.0018863
28.57,0.020573,25.922,40.188,0.0018006
28.212,0.020083,25.654,40.054,0.0017254
27.8,0.019643,25.33,39.892,0.0016606
27.339,0.019255,24.953,39.704,0.0016063
26.807,0.018909,24.507,39.48,0.0015609
26.218,0.018623,24.001,39.225,0.0015268
25.578,0.018399,23.439,38.942,0.0015042
24.898,0.01824,22.833,38.637,0.0014933
24.199,0.018151,22.202,38.32,0.0014945
23.501,0.018132,21.565,37.999,0.0015079
22.816,0.018185,20.932,37.681,0.0015338
22.145,0.018308,20.307,37.37,0.0015726
21.671,0.018439,19.861,37.15,0.0016084
21.196,0.018605,19.412,36.933,0.0016514
20.72,0.018806,18.96,36.72,0.0017022
20.245,0.019044,18.507,36.517,0.0017613
19.79,0.019316,18.071,36.336,0.0018282
19.363,0.019632,17.656,36.185,0.0019043
18.984,0.019994,17.285,36.076,0.0019899
18.681,0.020406,16.979,36.013,0.0020848
18.484,0.02086,16.767,35.989,0.0021858
18.41,0.021362,16.664,35.985,0.0022929
18.479,0.021906,16.686,35.985,0.0024033
18.7,0.022479,16.844,35.994,0.0025135
19.059,0.023043,17.125,36.032,0.002615
19.553,0.023599,17.525,36.127,0.0027084
20.166,0.024129,18.031,36.296,0.0027899
20.874,0.024611,18.623,36.535,0.0028567
21.699,0.025051,19.32,36.85,0.0029091
22.564,0.025402,20.057,37.204,0.0029413
23.435,0.025653,20.805,37.574,0.0029531
24.283,0.025801,21.541,37.943,0.0029456
25.082,0.025847,22.243,38.298,0.0029203
25.818,0.025798,22.899,38.631,0.0028796
26.484,0.025665,23.501,38.937,0.0028257
27.074,0.025457,24.045,39.214,0.0027612
27.651,0.025147,24.589,39.492,0.0026782
28.135,0.024773,25.059,39.732,0.0025876
28.526,0.024348,25.454,39.934,0.0024921
28.827,0.023887,25.773,40.098,0.0023944
29.059,0.023325,26.045,40.238,0.0022816
29.17,0.022747,26.21,40.325,0.0021716
29.163,0.022169,26.271,40.358,0.0020668
29.049,0.021604,26.235,40.342,0.0019689
28.843,0.021066,26.112,40.282,0.0018794
28.564,0.020561,25.917,40.186,0.0017988
28.226,0.020097,25.664,40.06,0.0017276
27.839,0.019678,25.361,39.908,0.0016657
27.386,0.019288,24.993,39.724,0.0016108
26.883,0.018951,24.572,39.512,0.0015662
26.328,0.018668,24.095,39.273,0.0015318
25.724,0.018442,23.568,39.007,0.0015079
25.137,0.018286,23.047,38.745,0.0014955
24.53,0.018183,22.502,38.471,0.0014922
23.918,0.018133,21.946,38.19,0.0014982
23.309,0.018138,21.388,37.91,0.0015136
22.769,0.01819,20.888,37.659,0.0015359
22.237,0.018286,20.392,37.412,0.0015662
21.709,0.018426,19.897,37.168,0.0016049
21.183,0.018608,19.4,36.927,0.0016525
20.705,0.018811,18.946,36.714,0.0017037
20.229,0.019052,18.491,36.51,0.0017633
19.765,0.019333,18.046,36.327,0.0018321
19.33,0.019658,17.625,36.175,0.0019106
18.981,0.019996,17.282,36.076,0.0019904
18.698,0.020377,16.996,36.016,0.0020782
18.502,0.020803,16.787,35.991,0.0021733
18.413,0.021273,16.673,35.985,0.0022741
18.446,0.02176,16.668,35.985,0.0023742
18.605,0.022274,16.773,35.989,0.0024748
18.892,0.022805,16.992,36.01,0.0025728
19.303,0.023336,17.321,36.074,0.002665
19.858,0.023877,17.775,36.205,0.002752
20.517,0.02438,18.324,36.41,0.0028256
21.257,0.024828,18.946,36.678,0.0028836
22.049,0.025204,19.617,36.991,0.0029244
22.86,0.025497,20.311,37.329,0.0029472
23.667,0.025702,21.006,37.675,0.0029526
24.448,0.025816,21.686,38.016,0.0029415
25.184,0.025844,22.334,38.344,0.0029154
26.031,0.025764,23.091,38.728,0.002864
26.778,0.025571,23.771,39.074,0.0027955
27.421,0.025284,24.371,39.38,0.0027137
27.962,0.02492,24.889,39.645,0.0026224
28.385,0.024517,25.31,39.86,0.0025293
28.719,0.024072,25.656,40.038,0.002433
28.962,0.023598,25.927,40.177,0.0023358
29.115,0.023107,26.12,40.277,0.0022396
29.18,0.022553,26.242,40.341,0.0021359
29.14,0.022003,26.271,40.358,0.0020376
29.007,0.021469,26.212,40.331,0.001946
28.793,0.02096,26.078,40.265,0.0018622
28.503,0.020468,25.873,40.164,0.0017842
28.158,0.020016,25.613,40.034,0.0017153
27.767,0.019608,25.303,39.879,0.0016556
27.332,0.019247,24.948,39.701,0.0016051
26.751,0.018875,24.459,39.456,0.0015566
26.103,0.018574,23.9,39.175,0.0015213
25.395,0.018346,23.277,38.861,0.0014996
24.648,0.018197,22.608,38.524,0.0014919
24.024,0.018137,22.043,38.239,0.0014963
23.404,0.018133,21.476,37.954,0.0015104
22.796,0.018185,20.914,37.672,0.0015344
22.199,0.018294,20.357,37.395,0.0015686
21.716,0.018423,19.904,37.171,0.0016043
21.234,0.018588,19.448,36.95,0.0016473
20.75,0.01879,18.989,36.734,0.0016983
20.267,0.01903,18.529,36.527,0.001758
19.813,0.0193,18.092,36.345,0.0018242
19.384,0.019612,17.678,36.192,0.0018996
19.004,0.019971,17.304,36.081,0.0019845
18.696,0.020379,16.994,36.016,0.0020787
18.492,0.020833,16.776,35.99,0.0021798
18.411,0.021335,16.666,35.985,0.0022872
18.473,0.02188,16.683,35.985,0.0023981
18.69,0.022456,16.836,35.993,0.0025089
19.042,0.023017,17.111,36.029,0.0026104
19.529,0.023573,17.505,36.122,0.0027039
20.135,0.024102,18.005,36.286,0.0027858
20.837,0.024585,18.592,36.522,0.0028531
21.663,0.025031,19.289,36.836,0.0029066
22.53,0.025388,20.028,37.19,0.0029398
23.405,0.025643,20.78,37.561,0.0029525
24.257,0.025795,21.519,37.932,0.0029455
25.055,0.025844,22.22,38.286,0.0029209
25.792,0.025799,22.876,38.619,0.0028808
26.459,0.025669,23.479,38.926,0.0028275
27.05,0.025465,24.023,39.203,0.0027636
27.633,0.025157,24.572,39.483,0.0026807
28.12,0.024783,25.045,39.725,0.0025901
28.516,0.024359,25.443,39.929,0.0024947
28.819,0.023898,25.765,40.094,0.0023968
29.052,0.023347,26.036,40.233,0.0022861
29.166,0.022781,26.204,40.321,0.002178
29.168,0.022213,26.271,40.357,0.0020747
29.065,0.021658,26.243,40.346,0.001978
28.872,0.021126,26.131,40.291,0.0018892
28.606,0.020626,25.948,40.201,0.001809
28.282,0.020165,25.708,40.081,0.0017377
27.91,0.019746,25.418,39.937,0.0016755
27.48,0.019359,25.07,39.762,0.0016205
27.002,0.019021,24.672,39.563,0.0015751
26.475,0.018734,24.223,39.337,0.0015394
25.902,0.018499,23.724,39.086,0.0015134
25.339,0.018332,23.228,38.836,0.0014984
24.754,0.018213,22.704,38.572,0.001492
24.157,0.018144,22.165,38.301,0.0014944
23.562,0.018128,21.621,38.027,0.0015058
23.021,0.018158,21.122,37.777,0.0015242
22.489,0.018233,20.629,37.53,0.0015505
21.965,0.018351,20.138,37.286,0.0015848
21.443,0.018511,19.646,37.046,0.0016276
20.946,0.018703,19.176,36.821,0.0016766
20.449,0.018934,18.702,36.603,0.0017343
19.959,0.019207,18.233,36.401,0.0018016
19.492,0.019526,17.782,36.228,0.0018791
19.135,0.019834,17.434,36.116,0.0019525
18.829,0.020181,17.13,36.041,0.0020334
18.594,0.020569,16.888,36.001,0.0021215
18.449,0.020998,16.725,35.987,0.0022157
18.412,0.021467,16.658,35.985,0.0023145
18.497,0.021968,16.698,35.986,0.0024155
18.709,0.022493,16.851,35.994,0.0025158
19.051,0.023028,17.118,36.031,0.0026122
19.54,0.023583,17.514,36.124,0.0027055
20.148,0.024111,18.016,36.29,0.0027871
20.851,0.024593,18.604,36.527,0.0028541
21.622,0.025012,19.255,36.82,0.0029044
22.432,0.025352,19.944,37.149,0.002937
23.25,0.025605,20.646,37.495,0.0029515
24.053,0.025767,21.342,37.843,0.0029488
24.82,0.025839,22.013,38.181,0.0029299
25.638,0.025816,22.738,38.549,0.0028905
26.375,0.02569,23.402,38.887,0.0028351
27.025,0.025475,23.999,39.191,0.0027666
27.586,0.025185,24.527,39.46,0.0026881
28.071,0.024827,24.996,39.7,0.0026003
28.468,0.024418,25.394,39.904,0.0025076
28.777,0.023973,25.719,40.07,0.0024123
28.999,0.023502,25.971,40.2,0.0023165
29.151,0.022906,26.175,40.306,0.0022014
29.175,0.022306,26.266,40.355,0.0020912
29.081,0.021717,26.25,40.349,0.0019881
28.884,0.021153,26.139,40.295,0.0018936
28.584,0.02059,25.932,40.193,0.0018033
28.21,0.020076,25.653,40.054,0.0017244
27.778,0.019617,25.312,39.884,0.0016569
27.291,0.019215,24.914,39.684,0.0016008
26.765,0.018882,24.472,39.462,0.0015574
26.185,0.018606,23.972,39.211,0.0015247
25.556,0.018389,23.42,38.933,0.001503
24.89,0.018235,22.826,38.634,0.0014926
24.205,0.018148,22.208,38.323,0.0014939
23.522,0.018128,21.584,38.008,0.0015068
22.85,0.018177,20.964,37.697,0.0015317
22.193,0.018294,20.351,37.392,0.0015688
21.289,0.018565,19.501,36.976,0.0016417
20.381,0.018968,18.637,36.574,0.0017428
19.508,0.019515,17.798,36.234,0.0018762
18.793,0.020229,17.093,36.034,0.0020445
18.549,0.020669,16.84,35.996,0.0021438
18.423,0.021159,16.69,35.986,0.0022502
18.436,0.021696,16.663,35.985,0.0023613
18.604,0.022268,16.772,35.989,0.0024736
18.902,0.022817,17,36.011,0.0025749
19.333,0.023366,17.346,36.079,0.0026699
19.886,0.023897,17.799,36.213,0.0027549
20.54,0.024392,18.343,36.418,0.002827
21.374,0.024886,19.045,36.723,0.0028901
22.267,0.025288,19.803,37.081,0.0029315
23.179,0.025585,20.585,37.464,0.0029506
24.074,0.025768,21.36,37.852,0.0029481
24.87,0.025839,22.057,38.204,0.0029277
25.609,0.025817,22.713,38.536,0.002892
26.282,0.02571,23.318,38.844,0.0028429
26.884,0.02553,23.869,39.124,0.0027829
27.501,0.025235,24.447,39.419,0.002701
28.021,0.024868,24.947,39.675,0.0026102
28.444,0.024446,25.369,39.891,0.0025138
28.771,0.023982,25.713,40.067,0.0024143
29.043,0.023372,26.025,40.228,0.002291
29.17,0.022742,26.211,40.325,0.0021707
29.156,0.022111,26.272,40.359,0.0020566
29.017,0.021498,26.218,40.334,0.001951
28.772,0.020918,26.065,40.259,0.0018554
28.445,0.020381,25.83,40.142,0.0017707
28.053,0.019894,25.53,39.993,0.0016972
27.605,0.019462,25.173,39.814,0.0016349
27.049,0.019049,24.712,39.583,0.0015787
26.423,0.018708,24.178,39.314,0.0015363
25.731,0.018441,23.574,39.01,0.0015077
24.987,0.018253,22.913,38.678,0.0014933
24.264,0.018152,22.261,38.349,0.0014932
23.54,0.018127,21.601,38.017,0.0015062
22.83,0.018179,20.946,37.688,0.0015325
22.135,0.018307,20.298,37.365,0.0015726
21.615,0.018453,19.809,37.125,0.0016124
21.094,0.018641,19.316,36.887,0.001661
20.571,0.018872,18.819,36.656,0.001719
20.054,0.019148,18.325,36.439,0.0017873
19.602,0.019443,17.889,36.267,0.0018591
19.187,0.019783,17.485,36.131,0.0019406
18.834,0.020174,17.135,36.042,0.0020318
18.572,0.020617,16.864,35.998,0.0021323
18.435,0.021076,16.707,35.986,0.0022325
18.421,0.021578,16.658,35.985,0.0023373
18.544,0.022114,16.73,35.987,0.0024439
18.81,0.022672,16.928,36.002,0.0025488
19.233,0.023253,17.265,36.06,0.002651
19.794,0.023819,17.723,36.188,0.0027428
20.472,0.024347,18.286,36.395,0.0028207
21.238,0.024815,18.93,36.671,0.0028818
22.06,0.025206,19.626,36.996,0.0029242
22.905,0.025508,20.349,37.348,0.0029473
23.744,0.025714,21.073,37.708,0.0029516
24.553,0.025823,21.778,38.063,0.0029382
25.358,0.025835,22.489,38.422,0.0029063
26.092,0.02575,23.146,38.756,0.0028587
26.748,0.025579,23.744,39.061,0.0027981
27.324,0.025334,24.279,39.334,0.0027272
27.854,0.025002,24.785,39.592,0.0026422
28.294,0.024613,25.218,39.813,0.002551
28.646,0.024181,25.579,39.998,0.0024561
28.909,0.023717,25.866,40.146,0.0023598
29.126,0.023052,26.136,40.286,0.002229
29.179,0.022375,26.262,40.352,0.0021037
29.08,0.02171,26.25,40.349,0.001987
28.851,0.021077,26.117,40.284,0.0018813
28.53,0.020506,25.893,40.174,0.0017901
28.135,0.019987,25.595,40.025,0.001711
27.68,0.019527,25.233,39.844,0.001644
27.167,0.019128,24.811,39.632,0.0015891
26.593,0.01879,24.324,39.388,0.0015461
25.959,0.018518,23.775,39.111,0.0015153
25.274,0.018315,23.169,38.807,0.0014971
24.555,0.018183,22.525,38.482,0.0014917
23.862,0.018129,21.896,38.165,0.0014988
23.177,0.018144,21.267,37.849,0.0015179
22.507,0.018229,20.645,37.538,0.0015494
21.848,0.018383,20.028,37.232,0.0015936
21.302,0.018561,19.513,36.981,0.0016406
20.754,0.018787,18.993,36.736,0.0016977
20.208,0.019061,18.471,36.502,0.0017658
19.679,0.019389,17.963,36.295,0.0018459
19.301,0.019681,17.597,36.166,0.0019161
18.966,0.020011,17.267,36.072,0.001994
18.694,0.020382,16.992,36.016,0.0020794
18.504,0.020795,16.789,35.991,0.0021716
18.415,0.021249,16.676,35.985,0.0022692
18.444,0.02174,16.666,35.985,0.0023702
18.6,0.022259,16.77,35.988,0.0024718
18.887,0.022795,16.988,36.01,0.002571
19.356,0.023391,17.364,36.084,0.0026741
19.966,0.023965,17.865,36.236,0.0027653
20.692,0.024493,18.47,36.47,0.0028408
21.502,0.024952,19.153,36.773,0.0028978
22.323,0.025311,19.851,37.104,0.0029335
23.157,0.02558,20.566,37.455,0.0029506
23.977,0.025755,21.276,37.81,0.0029496
24.762,0.025836,21.962,38.156,0.0029317
25.575,0.025821,22.682,38.52,0.0028942
26.31,0.025705,23.343,38.857,0.0028407
26.96,0.025501,23.939,39.16,0.0027743
27.523,0.025223,24.468,39.43,0.0026978
28.019,0.024871,24.945,39.674,0.0026108
28.426,0.024468,25.351,39.882,0.0025185
28.746,0.024026,25.685,40.053,0.0024233
28.978,0.023557,25.946,40.187,0.0023275
29.144,0.022949,26.164,40.3,0.0022096
29.177,0.022336,26.264,40.354,0.0020966
29.085,0.021733,26.252,40.35,0.0019908
28.886,0.021156,26.14,40.296,0.0018941
28.581,0.020585,25.93,40.192,0.0018025
28.201,0.020064,25.646,40.05,0.0017225
27.76,0.0196,25.298,39.877,0.0016544
27.263,0.019195,24.891,39.673,0.0015981
26.735,0.018865,24.446,39.449,0.0015552
26.153,0.018592,23.944,39.197,0.0015232
25.521,0.018379,23.389,38.917,0.0015021
24.854,0.018229,22.794,38.618,0.0014923
24.17,0.018144,22.176,38.306,0.0014942
23.487,0.018128,21.552,37.992,0.0015077
22.817,0.018181,20.933,37.682,0.0015332
22.16,0.018301,20.321,37.377,0.001571
21.665,0.018437,19.856,37.148,0.0016082
21.17,0.018611,19.388,36.921,0.0016534
20.673,0.018824,18.915,36.7,0.001707
20.179,0.019077,18.444,36.49,0.0017698
19.725,0.019357,18.007,36.312,0.0018382
19.301,0.019681,17.597,36.166,0.0019161
18.931,0.020052,17.232,36.063,0.0020036
18.641,0.020474,16.938,36.007,0.0021003
18.465,0.02093,16.744,35.988,0.0022009
18.411,0.021431,16.66,35.985,0.0023071
18.498,0.021971,16.699,35.986,0.002416
18.734,0.022538,16.87,35.996,0.0025242
19.113,0.023107,17.167,36.04,0.0026259
19.627,0.023666,17.586,36.145,0.0027188
20.26,0.024195,18.109,36.325,0.0027993
20.986,0.024673,18.718,36.576,0.0028643
21.81,0.025098,19.414,36.895,0.0029135
22.668,0.025433,20.146,37.248,0.0029428
23.528,0.02567,20.886,37.614,0.0029523
24.363,0.025805,21.612,37.979,0.0029429
25.163,0.025842,22.316,38.335,0.0029158
25.899,0.025783,22.972,38.668,0.0028731
26.562,0.025639,23.573,38.973,0.0028174
27.147,0.02542,24.114,39.249,0.002751
27.71,0.025104,24.646,39.521,0.0026675
28.181,0.024726,25.105,39.755,0.0025768
28.561,0.0243,25.49,39.953,0.0024817
28.85,0.023838,25.8,40.112,0.0023845
29.082,0.02324,26.075,40.254,0.0022652
29.178,0.022626,26.232,40.336,0.0021493
29.143,0.022015,26.271,40.359,0.0020398
28.992,0.021424,26.204,40.327,0.0019385
28.744,0.020865,26.046,40.249,0.0018469
28.421,0.020347,25.812,40.133,0.0017656
28.037,0.019878,25.518,39.987,0.0016947
27.602,0.019459,25.17,39.812,0.0016345
27.025,0.019034,24.692,39.573,0.0015768
26.375,0.018686,24.137,39.294,0.0015338
25.655,0.018418,23.507,38.977,0.0015055
24.882,0.018233,22.819,38.63,0.0014925
24.293,0.018154,22.287,38.362,0.001493
23.702,0.018126,21.749,38.092,0.0015021
23.12,0.018148,21.214,37.822,0.0015201
22.548,0.018222,20.683,37.557,0.0015471
22.083,0.01832,20.249,37.341,0.0015762
21.621,0.018451,19.814,37.128,0.0016119
21.159,0.018615,19.377,36.916,0.0016545
20.695,0.018813,18.937,36.71,0.0017044
20.237,0.019044,18.5,36.514,0.0017617
19.791,0.019313,18.071,36.336,0.0018275
19.37,0.019622,17.664,36.188,0.0019022
18.997,0.019977,17.297,36.079,0.001986
18.713,0.020349,17.012,36.019,0.002072
18.514,0.020765,16.8,35.992,0.0021651
18.417,0.021224,16.68,35.985,0.0022638
18.44,0.02172,16.665,35.985,0.0023662
18.59,0.022235,16.762,35.988,0.0024672
18.869,0.022766,16.974,36.008,0.0025658
19.274,0.0233,17.297,36.068,0.0026588
19.794,0.023819,17.723,36.188,0.0027428
20.477,0.024349,18.29,36.396,0.0028211
21.248,0.02482,18.938,36.674,0.0028824
22.076,0.025213,19.64,37.002,0.0029248
22.928,0.025515,20.369,37.357,0.0029477
23.734,0.025712,21.064,37.704,0.0029517
24.511,0.025819,21.742,38.044,0.0029393
25.244,0.02584,22.387,38.371,0.002912
25.92,0.02578,22.991,38.677,0.0028716
27.079,0.02545,24.05,39.217,0.0027596
27.98,0.024903,24.907,39.654,0.0026183
28.629,0.024205,25.561,39.989,0.0024613
29.028,0.023418,26.007,40.219,0.0022999
29.16,0.022833,26.192,40.315,0.0021877
29.171,0.022245,26.269,40.357,0.0020804
29.069,0.021671,26.245,40.347,0.0019802
28.87,0.02112,26.13,40.291,0.0018883
28.593,0.020605,25.939,40.196,0.0018056
28.255,0.020131,25.687,40.071,0.0017325
27.866,0.019702,25.383,39.919,0.001669
27.431,0.01932,25.03,39.743,0.0016152
26.944,0.018985,24.623,39.538,0.0015704
26.406,0.018701,24.163,39.307,0.0015355
25.82,0.018471,23.653,39.05,0.0015106
25.195,0.018297,23.099,38.771,0.0014959
24.545,0.018182,22.516,38.478,0.0014918
23.888,0.01813,21.919,38.177,0.0014983
23.237,0.01814,21.322,37.877,0.0015158
22.6,0.018213,20.731,37.581,0.0015443
22.133,0.018308,20.295,37.364,0.0015729
21.669,0.018436,19.859,37.15,0.001608
21.204,0.018598,19.421,36.937,0.00165
20.739,0.018793,18.979,36.729,0.0016994
20.281,0.019021,18.541,36.532,0.001756
19.832,0.019286,18.111,36.352,0.0018209
19.408,0.019592,17.701,36.2,0.0018948
19.029,0.019942,17.329,36.088,0.0019778
18.739,0.02031,17.038,36.023,0.002063
18.529,0.020722,16.818,35.994,0.0021554
18.422,0.021176,16.687,35.986,0.0022537
18.432,0.021669,16.661,35.985,0.0023558
18.568,0.02218,16.746,35.987,0.0024567
18.833,0.022709,16.946,36.004,0.0025556
19.224,0.023243,17.257,36.059,0.0026491
19.732,0.023763,17.671,36.172,0.0027342
20.417,0.024308,18.24,36.376,0.0028154
21.196,0.024793,18.895,36.655,0.0028791
22.037,0.025197,19.607,36.986,0.0029234
22.905,0.025508,20.349,37.348,0.0029474
23.711,0.025708,21.045,37.694,0.0029519
24.489,0.025818,21.723,38.035,0.0029399
25.223,0.025841,22.369,38.362,0.0029131
25.9,0.025783,22.973,38.669,0.0028731
27.063,0.025457,24.035,39.209,0.0027616
27.968,0.024913,24.895,39.648,0.0026208
28.621,0.024217,25.553,39.985,0.002464
29.024,0.023431,26.001,40.216,0.0023026
29.157,0.022863,26.185,40.311,0.0021934
29.174,0.022293,26.267,40.355,0.0020889
29.085,0.021733,26.252,40.35,0.0019908
28.902,0.021195,26.15,40.301,0.0019005
28.644,0.020688,25.975,40.214,0.0018188
28.325,0.02022,25.741,40.098,0.0017461
27.957,0.019794,25.455,39.955,0.0016825
27.545,0.019413,25.124,39.789,0.001628
27.092,0.019078,24.748,39.601,0.0015826
26.593,0.018791,24.325,39.388,0.0015462
26.05,0.018552,23.854,39.151,0.001519
25.466,0.018364,23.34,38.893,0.0015009
24.854,0.018229,22.794,38.617,0.0014924
24.227,0.018149,22.228,38.332,0.0014936
23.601,0.018127,21.656,38.045,0.0015047
22.984,0.018162,21.088,37.759,0.0015258
22.513,0.018229,20.651,37.541,0.0015491
22.049,0.018329,20.216,37.325,0.0015788
21.586,0.018463,19.781,37.112,0.001615
21.124,0.01863,19.344,36.901,0.0016581
20.659,0.018831,18.903,36.694,0.0017086
20.198,0.019067,18.462,36.498,0.0017672
19.749,0.019342,18.031,36.321,0.0018344
19.328,0.019658,17.623,36.174,0.0019108
18.973,0.020004,17.274,36.073,0.0019923
18.687,0.020394,16.985,36.014,0.0020822
18.492,0.020831,16.777,35.99,0.0021795
18.412,0.021313,16.669,35.985,0.0022827
18.456,0.021803,16.673,35.985,0.0023829
18.625,0.02232,16.788,35.989,0.0024833
18.924,0.022851,17.017,36.014,0.002581
19.346,0.023381,17.356,36.082,0.0026725
19.912,0.023921,17.82,36.22,0.0027586
20.581,0.024421,18.377,36.432,0.0028311
21.329,0.024864,19.006,36.705,0.0028877
22.126,0.025234,19.682,37.022,0.0029268
22.937,0.025518,20.376,37.361,0.002948
23.741,0.025714,21.07,37.707,0.0029518
24.517,0.02582,21.747,38.047,0.0029393
25.248,0.02584,22.391,38.373,0.002912
26.103,0.025749,23.156,38.761,0.002858
26.854,0.025542,23.841,39.11,0.0027867
27.497,0.025239,24.442,39.417,0.002702
28.034,0.024859,24.96,39.681,0.0026079
28.445,0.024446,25.371,39.892,0.0025136
28.766,0.023992,25.707,40.064,0.0024164
28.995,0.023512,25.966,40.197,0.0023186
29.133,0.023016,26.146,40.291,0.0022222
29.18,0.022465,26.253,40.347,0.00212
29.126,0.021921,26.267,40.357,0.0020233
28.981,0.021394,26.198,40.324,0.0019335
28.759,0.020893,26.056,40.254,0.0018514
28.468,0.020415,25.847,40.151,0.0017759
28.124,0.019975,25.586,40.021,0.0017093
27.737,0.019579,25.279,39.867,0.0016514
27.307,0.019227,24.928,39.691,0.0016025
26.746,0.018871,24.455,39.454,0.001556
26.123,0.01858,23.918,39.184,0.0015219
25.445,0.018358,23.321,38.883,0.0015004
24.727,0.018208,22.68,38.56,0.0014918
24.1,0.01814,22.113,38.274,0.001495
23.476,0.018129,21.542,37.987,0.0015081
22.862,0.018175,20.975,37.703,0.0015311
22.261,0.018279,20.415,37.424,0.0015644
21.782,0.018402,19.966,37.202,0.0015988
21.303,0.018561,19.514,36.982,0.0016405
20.823,0.018756,19.059,36.766,0.0016899
20.344,0.018988,18.602,36.559,0.0017477
19.889,0.01925,18.166,36.374,0.0018121
19.457,0.019553,17.748,36.217,0.0018855
19.068,0.019901,17.368,36.098,0.0019683
18.747,0.020298,17.046,36.025,0.0020603
18.518,0.020751,16.806,35.992,0.002162
18.414,0.021256,16.675,35.985,0.0022707
18.457,0.021807,16.674,35.985,0.0023835
18.659,0.022391,16.813,35.991,0.0024968
18.992,0.022947,17.071,36.022,0.0025981
19.458,0.0235,17.447,36.106,0.002692
20.044,0.024029,17.93,36.259,0.0027749
20.728,0.024516,18.501,36.483,0.0028439
21.556,0.024979,19.199,36.794,0.0029008
22.432,0.025351,19.944,37.149,0.0029368
23.318,0.025621,20.705,37.524,0.0029518
24.185,0.025785,21.456,37.9,0.0029466
24.982,0.025842,22.156,38.254,0.0029237
25.72,0.025806,22.811,38.586,0.0028853
26.389,0.025686,23.415,38.893,0.0028338
26.984,0.025491,23.962,39.172,0.0027714
27.58,0.025189,24.522,39.457,0.0026889
28.08,0.024818,25.005,39.705,0.0025983
28.486,0.024395,25.413,39.913,0.0025025
28.799,0.023933,25.744,40.083,0.0024041
29.04,0.023382,26.021,40.226,0.0022929
29.163,0.022814,26.196,40.317,0.0021842
29.17,0.022244,26.269,40.357,0.0020802
29.073,0.021686,26.247,40.347,0.0019828
28.884,0.021151,26.138,40.295,0.0018933
28.62,0.020648,25.958,40.206,0.0018124
28.297,0.020183,25.719,40.087,0.0017405
27.926,0.019761,25.43,39.943,0.0016777
27.501,0.019375,25.087,39.771,0.0016227
27.029,0.019037,24.695,39.574,0.0015772
26.509,0.018749,24.252,39.352,0.0015412
25.943,0.018513,23.761,39.105,0.0015148
25.386,0.018343,23.269,38.857,0.0014992
24.804,0.01822,22.749,38.595,0.0014921
24.211,0.018148,22.214,38.325,0.0014937
23.618,0.018126,21.672,38.053,0.0015042
23.076,0.018152,21.173,37.802,0.0015219
22.544,0.018223,20.679,37.555,0.0015473
22.019,0.018336,20.188,37.311,0.0015808
21.497,0.018492,19.697,37.07,0.0016227
20.995,0.018682,19.222,36.843,0.0016713
20.492,0.018911,18.743,36.622,0.0017288
19.995,0.019184,18.268,36.416,0.001796
19.521,0.019503,17.81,36.238,0.0018736
19.161,0.019808,17.459,36.124,0.0019464
18.851,0.020152,17.151,36.045,0.0020267
18.61,0.020536,16.904,36.003,0.0021143
18.457,0.020963,16.735,35.988,0.002208
18.411,0.021428,16.66,35.985,0.0023065
18.485,0.021927,16.691,35.985,0.0024074
18.688,0.02245,16.835,35.993,0.0025078
19.019,0.022984,17.092,36.026,0.0026046
19.5,0.023542,17.481,36.115,0.0026988
20.101,0.024074,17.977,36.276,0.0027816
20.8,0.024561,18.561,36.509,0.0028499
21.57,0.024985,19.21,36.799,0.0029015
22.38,0.025332,19.899,37.127,0.0029353
23.201,0.025591,20.604,37.474,0.002951
24.007,0.025759,21.302,37.823,0.0029492
24.778,0.025836,21.976,38.163,0.0029312
25.594,0.025819,22.699,38.529,0.002893
26.331,0.0257,23.362,38.866,0.0028389
26.981,0.025492,23.959,39.17,0.0027717
27.545,0.02521,24.488,39.44,0.0026944
28.037,0.024856,24.963,39.683,0.0026072
28.44,0.024451,25.366,39.889,0.0025147
28.757,0.024007,25.697,40.059,0.0024195
28.985,0.023538,25.954,40.191,0.0023237
29.146,0.022935,26.168,40.302,0.0022068
29.176,0.022326,26.265,40.354,0.0020948
29.084,0.021728,26.252,40.35,0.00199
28.886,0.021156,26.14,40.296,0.0018941
28.583,0.020587,25.931,40.193,0.0018029
28.205,0.020069,25.649,40.052,0.0017232
27.767,0.019606,25.303,39.879,0.0016553
27.273,0.019202,24.899,39.677,0.001599
26.746,0.018871,24.455,39.454,0.001556
26.165,0.018597,23.954,39.202,0.0015237
25.534,0.018382,23.401,38.923,0.0015024
24.868,0.018231,22.806,38.624,0.0014924
24.183,0.018146,22.188,38.312,0.001494
23.5,0.018128,21.564,37.999,0.0015073
22.83,0.018179,20.945,37.688,0.0015326
22.173,0.018298,20.333,37.383,0.0015701
21.691,0.018429,19.88,37.16,0.0016061
21.208,0.018596,19.424,36.939,0.0016496
20.724,0.0188,18.964,36.722,0.0017011
20.242,0.019042,18.504,36.516,0.0017611
19.787,0.019315,18.068,36.335,0.001828
19.36,0.019631,17.654,36.185,0.0019042
18.982,0.019993,17.283,36.076,0.0019898
18.68,0.020405,16.978,36.013,0.0020847
18.484,0.02086,16.766,35.989,0.0021857
18.411,0.021361,16.664,35.985,0.0022927
18.48,0.021905,16.687,35.985,0.002403
18.702,0.022478,16.845,35.994,0.002513
19.062,0.023041,17.127,36.032,0.0026146
19.556,0.023598,17.527,36.128,0.0027079
20.17,0.024127,18.034,36.297,0.0027894
20.878,0.024609,18.627,36.537,0.0028561
21.703,0.025049,19.324,36.852,0.0029084
22.568,0.025399,20.06,37.206,0.0029404
23.439,0.02565,20.809,37.576,0.0029522
24.286,0.025797,21.545,37.945,0.0029446
25.085,0.025842,22.246,38.3,0.0029193
25.821,0.025794,22.902,38.632,0.0028785
26.487,0.02566,23.504,38.939,0.0028246
27.077,0.025452,24.048,39.216,0.00276
27.653,0.025142,24.592,39.493,0.002677
28.137,0.024767,25.061,39.733,0.0025864
28.528,0.024343,25.456,39.935,0.0024911
28.828,0.023882,25.775,40.099,0.0023934
29.06,0.023318,26.047,40.239,0.0022804
29.17,0.022739,26.212,40.325,0.0021702
29.162,0.02216,26.272,40.358,0.0020652
29.047,0.021595,26.234,40.342,0.0019673
28.84,0.021055,26.11,40.281,0.0018776
28.559,0.02055,25.914,40.184,0.001797
28.219,0.020086,25.66,40.057,0.0017258
27.831,0.019667,25.355,39.905,0.001664
27.375,0.019277,24.984,39.719,0.0016092
26.868,0.01894,24.56,39.506,0.0015647
26.309,0.018657,24.08,39.265,0.0015305
25.702,0.018432,23.548,38.998,0.0015068
25.111,0.018278,23.024,38.734,0.0014947
24.502,0.018177,22.477,38.458,0.0014918
23.886,0.018129,21.918,38.176,0.0014983
23.276,0.018137,21.358,37.895,0.0015144
22.789,0.018185,20.908,37.669,0.0015345
22.309,0.018268,20.461,37.446,0.0015612
21.834,0.018386,20.015,37.226,0.0015946
21.36,0.01854,19.568,37.008,0.0016351
20.884,0.018729,19.117,36.793,0.0016831
20.408,0.018954,18.663,36.586,0.0017393
19.94,0.019218,18.215,36.394,0.0018043
19.494,0.019524,17.784,36.229,0.0018786
19.136,0.019832,17.435,36.117,0.001952
18.83,0.020179,17.131,36.041,0.002033
18.595,0.020567,16.889,36.001,0.0021211
18.45,0.020997,16.726,35.987,0.0022154
18.413,0.021465,16.658,35.985,0.0023142
18.497,0.021967,16.698,35.986,0.0024153
18.709,0.022492,16.851,35.994,0.0025156
19.051,0.023027,17.118,36.031,0.0026121
19.541,0.023582,17.515,36.124,0.0027053
20.148,0.024111,18.016,36.29,0.0027869
20.852,0.024593,18.604,36.527,0.0028539
21.623,0.025011,19.255,36.82,0.0029043
22.432,0.025351,19.944,37.149,0.0029368
23.251,0.025604,20.647,37.495,0.0029513
24.054,0.025766,21.343,37.843,0.0029485
24.821,0.025838,22.014,38.182,0.0029297
25.639,0.025815,22.739,38.549,0.0028903
26.376,0.025689,23.403,38.887,0.0028349
27.025,0.025474,24,39.191,0.0027664
27.587,0.025184,24.528,39.461,0.0026878
28.072,0.024826,24.997,39.7,0.0026001
28.468,0.024417,25.394,39.904,0.0025074
28.777,0.023972,25.72,40.071,0.0024121
28.999,0.0235,25.971,40.2,0.0023163
29.151,0.022905,26.175,40.306,0.0022012
29.175,0.022305,26.266,40.355,0.002091
29.081,0.021716,26.25,40.349,0.0019879
28.885,0.021152,26.139,40.295,0.0018935
28.584,0.02059,25.932,40.193,0.0018032
28.21,0.020076,25.653,40.054,0.0017242
27.778,0.019616,25.312,39.884,0.0016568
27.291,0.019215,24.914,39.684,0.0016008
26.765,0.018881,24.472,39.462,0.0015573
26.186,0.018605,23.972,39.211,0.0015246
25.556,0.018389,23.42,38.933,0.0015029
24.89,0.018235,22.826,38.634,0.0014926
24.206,0.018147,22.208,38.323,0.0014938
23.522,0.018127,21.584,38.008,0.0015067
22.85,0.018176,20.964,37.698,0.0015316
22.193,0.018294,20.352,37.392,0.0015687
21.29,0.018564,19.502,36.976,0.0016415
20.382,0.018967,18.639,36.575,0.0017425
19.51,0.019513,17.8,36.235,0.0018758
18.795,0.020226,17.095,36.034,0.0020438
18.545,0.020678,16.835,35.995,0.0021459
18.42,0.021184,16.686,35.986,0.0022554
18.444,0.021738,16.667,35.985,0.0023697
18.63,0.022328,16.792,35.99,0.0024849
18.945,0.02288,17.034,36.017,0.0025861
19.393,0.02343,17.394,36.092,0.0026804
19.961,0.02396,17.861,36.235,0.0027644
20.628,0.02445,18.417,36.448,0.0028349
21.459,0.024929,19.117,36.756,0.002895
22.343,0.025317,19.868,37.112,0.0029338
23.242,0.025601,20.639,37.491,0.002951
24.123,0.025775,21.403,37.873,0.0029472
24.919,0.02584,22.1,38.226,0.0029258
25.658,0.025811,22.756,38.558,0.0028889
26.329,0.025699,23.361,38.866,0.0028387
26.928,0.025512,23.91,39.145,0.0027777
27.536,0.025214,24.48,39.436,0.0026955
28.047,0.024846,24.973,39.688,0.0026049
28.462,0.024423,25.388,39.901,0.0025088
28.783,0.023961,25.726,40.074,0.0024098
29.038,0.023387,26.019,40.225,0.002294
29.164,0.022795,26.2,40.319,0.0021807
29.167,0.022202,26.271,40.358,0.0020727
29.055,0.021622,26.238,40.344,0.001972
28.847,0.021069,26.114,40.283,0.0018799
28.56,0.020552,25.915,40.185,0.0017972
28.212,0.020077,25.654,40.055,0.0017244
27.813,0.019649,25.341,39.898,0.0016615
27.354,0.01926,24.967,39.711,0.001607
26.844,0.018925,24.539,39.496,0.0015628
26.281,0.018645,24.056,39.253,0.001529
25.67,0.018422,23.521,38.984,0.0015059
25.074,0.01827,22.991,38.717,0.0014942
24.46,0.018171,22.439,38.439,0.0014919
23.841,0.018128,21.876,38.155,0.0014991
23.228,0.01814,21.313,37.872,0.001516
22.744,0.01819,20.866,37.648,0.0015367
22.267,0.018276,20.421,37.427,0.0015638
21.795,0.018397,19.978,37.208,0.0015976
21.323,0.018553,19.533,36.991,0.0016385
20.85,0.018743,19.084,36.778,0.0016868
20.377,0.018969,18.634,36.573,0.0017432
19.912,0.019234,18.188,36.383,0.0018084
19.47,0.019542,17.761,36.221,0.0018828
19.115,0.019852,17.414,36.111,0.0019568
18.812,0.020202,17.113,36.037,0.0020384
18.582,0.020594,16.875,35.999,0.0021271
18.444,0.021026,16.718,35.987,0.0022218
18.414,0.021498,16.658,35.985,0.002321
18.507,0.022003,16.705,35.986,0.0024222
18.729,0.022529,16.866,35.996,0.0025226
19.08,0.023066,17.142,36.035,0.0026187
19.578,0.023618,17.545,36.133,0.0027111
20.191,0.024143,18.052,36.304,0.0027917
20.898,0.024621,18.644,36.544,0.0028576
21.671,0.025034,19.296,36.839,0.0029067
22.481,0.025368,19.986,37.169,0.0029381
23.298,0.025616,20.687,37.515,0.0029515
24.098,0.025772,21.381,37.862,0.0029478
24.86,0.025839,22.049,38.199,0.0029282
25.68,0.02581,22.776,38.568,0.0028876
26.418,0.025678,23.442,38.907,0.0028309
27.067,0.025456,24.039,39.211,0.0027612
27.626,0.025159,24.565,39.48,0.0026815
28.104,0.024796,25.029,39.717,0.0025932
28.495,0.024385,25.421,39.918,0.0025002
28.797,0.023937,25.741,40.082,0.0024048
29.012,0.023464,25.987,40.208,0.002309
29.155,0.022875,26.183,40.31,0.0021956
29.173,0.022282,26.268,40.356,0.002087
29.077,0.021701,26.249,40.348,0.0019854
28.881,0.021145,26.137,40.294,0.0018923
28.583,0.020588,25.932,40.193,0.001803
28.214,0.02008,25.656,40.055,0.0017249
27.787,0.019625,25.319,39.887,0.001658
27.306,0.019226,24.927,39.691,0.0016022
26.781,0.01889,24.485,39.469,0.0015584
26.202,0.018611,23.986,39.218,0.0015253
25.572,0.018393,23.434,38.94,0.0015033
24.906,0.018237,22.84,38.641,0.0014926
24.22,0.018148,22.221,38.329,0.0014936
23.534,0.018127,21.596,38.014,0.0015063
22.861,0.018175,20.975,37.703,0.0015311
22.202,0.018291,20.36,37.396,0.0015681
21.694,0.018428,19.883,37.161,0.0016059
21.185,0.018605,19.402,36.928,0.0016519
20.674,0.018823,18.917,36.701,0.0017068
20.166,0.019084,18.432,36.485,0.0017714
19.713,0.019365,17.996,36.307,0.0018401
19.291,0.019689,17.587,36.163,0.0019182
18.923,0.020062,17.224,36.061,0.0020059
18.635,0.020485,16.931,36.007,0.0021028
18.462,0.020941,16.741,35.988,0.0022034
18.412,0.021442,16.659,35.985,0.0023094
18.501,0.021981,16.701,35.986,0.0024181
18.739,0.022548,16.874,35.996,0.002526
19.121,0.023118,17.174,36.041,0.0026278
19.639,0.023677,17.595,36.148,0.0027206
20.275,0.024206,18.122,36.33,0.0028008
21.004,0.024684,18.733,36.583,0.0028656
21.828,0.025106,19.429,36.902,0.0029143
22.685,0.025438,20.16,37.255,0.0029431
23.543,0.025673,20.9,37.621,0.0029522
24.376,0.025806,21.623,37.985,0.0029426
25.177,0.025841,22.328,38.341,0.0029151
25.912,0.025781,22.984,38.674,0.0028721
26.574,0.025635,23.584,38.979,0.0028161
27.16,0.025414,24.125,39.255,0.0027494
27.72,0.025097,24.656,39.526,0.0026658
28.189,0.024718,25.113,39.759,0.0025751
28.566,0.024292,25.496,39.956,0.00248
28.854,0.02383,25.804,40.114,0.0023829
29.086,0.023227,26.08,40.256,0.0022626
29.178,0.022608,26.234,40.337,0.002146
29.139,0.021993,26.271,40.358,0.0020358
28.983,0.021398,26.199,40.325,0.0019341
28.729,0.020836,26.035,40.244,0.0018423
28.399,0.020317,25.796,40.125,0.0017609
28.008,0.019847,25.496,39.976,0.0016902
27.566,0.019429,25.141,39.798,0.0016302
26.954,0.01899,24.632,39.543,0.0015711
26.261,0.018636,24.038,39.244,0.0015281
25.494,0.018371,23.364,38.905,0.0015014
24.673,0.018199,22.632,38.536,0.0014916
24.133,0.018142,22.142,38.289,0.0014945
23.594,0.018126,21.65,38.042,0.0015047
23.063,0.018153,21.161,37.796,0.0015223
22.54,0.018223,20.676,37.553,0.0015475
22.078,0.018321,20.244,37.339,0.0015765
21.619,0.018452,19.812,37.127,0.0016121
21.159,0.018615,19.378,36.917,0.0016544
20.698,0.018812,18.94,36.711,0.001704
20.241,0.019042,18.503,36.516,0.0017613
19.794,0.019311,18.074,36.338,0.001827
19.373,0.01962,17.667,36.189,0.0019016
18.999,0.019974,17.3,36.08,0.0019853
18.715,0.020346,17.014,36.019,0.0020713
18.515,0.020762,16.802,35.992,0.0021643
18.417,0.02122,16.68,35.985,0.002263
18.44,0.021716,16.665,35.985,0.0023653
18.588,0.02223,16.761,35.988,0.0024663
18.866,0.022761,16.972,36.008,0.002565
19.27,0.023295,17.294,36.067,0.002658
19.789,0.023814,17.719,36.187,0.0027421
20.471,0.024346,18.286,36.395,0.0028206
21.243,0.024817,18.934,36.673,0.002882
22.071,0.025211,19.636,37,0.0029246
22.924,0.025514,20.366,37.356,0.0029476
23.73,0.025711,21.061,37.702,0.0029516
24.508,0.025819,21.739,38.043,0.0029393
25.241,0.02584,22.385,38.37,0.0029121
25.917,0.02578,22.988,38.676,0.0028718
27.076,0.025451,24.047,39.215,0.0027598
27.978,0.024904,24.905,39.653,0.0026187
28.628,0.024207,25.56,39.989,0.0024617
29.028,0.023419,26.006,40.218,0.0023003
29.165,0.022794,26.2,40.319,0.0021806
29.163,0.022168,26.272,40.358,0.0020667
29.036,0.021558,26.229,40.339,0.001961
28.803,0.020978,26.085,40.269,0.0018651
28.5,0.020461,25.871,40.163,0.0017832
28.137,0.019989,25.596,40.026,0.0017113
27.723,0.019566,25.268,39.862,0.0016496
27.261,0.019193,24.889,39.672,0.0015979
26.691,0.018841,24.408,39.43,0.0015523
26.058,0.018555,23.861,39.155,0.0015192
25.371,0.018339,23.256,38.85,0.0014989
24.647,0.018196,22.608,38.524,0.0014917
24.001,0.018134,22.022,38.229,0.0014964
23.36,0.018133,21.435,37.934,0.0015116
22.731,0.018193,20.853,37.642,0.0015374
22.113,0.018313,20.277,37.355,0.0015742
21.618,0.018452,19.812,37.126,0.0016122
21.122,0.01863,19.342,36.9,0.0016582
20.624,0.018847,18.87,36.679,0.0017127
20.131,0.019104,18.398,36.47,0.0017765
19.677,0.01939,17.961,36.294,0.0018463
19.256,0.01972,17.552,36.152,0.0019256
18.892,0.0201,17.193,36.054,0.0020146
18.612,0.02053,16.907,36.003,0.0021129
18.452,0.020987,16.728,35.987,0.0022133
18.414,0.021488,16.658,35.985,0.0023189
18.515,0.022026,16.71,35.986,0.0024269
18.762,0.02259,16.891,35.998,0.0025338
19.158,0.023164,17.204,36.047,0.0026357
19.69,0.023725,17.637,36.161,0.0027282
20.34,0.024254,18.176,36.351,0.0028076
21.081,0.024728,18.797,36.612,0.0028712
21.904,0.02514,19.494,36.932,0.0029177
22.757,0.025462,20.222,37.285,0.0029447
23.609,0.025687,20.956,37.649,0.0029522
24.433,0.025812,21.673,38.01,0.0029413
25.235,0.02584,22.379,38.367,0.0029124
25.97,0.025772,23.036,38.7,0.002868
26.63,0.025618,23.636,39.005,0.0028105
27.212,0.02539,24.174,39.28,0.0027425
27.763,0.025068,24.697,39.547,0.0026585
28.222,0.024686,25.146,39.776,0.0025677
28.592,0.024258,25.522,39.969,0.0024727
28.872,0.023796,25.824,40.124,0.0023759
29.099,0.023173,26.098,40.266,0.0022523
29.18,0.022536,26.245,40.343,0.0021328
29.123,0.021904,26.267,40.357,0.0020204
28.945,0.021297,26.176,40.314,0.0019173
28.667,0.020726,25.991,40.222,0.0018248
28.312,0.020203,25.731,40.093,0.0017434
27.897,0.019732,25.407,39.931,0.0016734
27.427,0.019317,25.027,39.741,0.0016147
26.982,0.019008,24.656,39.555,0.0015734
26.495,0.018742,24.241,39.346,0.0015404
25.968,0.018522,23.782,39.115,0.0015157
25.405,0.018348,23.286,38.866,0.0014996
24.817,0.018222,22.761,38.601,0.0014922
24.217,0.018148,22.218,38.328,0.0014937
23.617,0.018126,21.671,38.052,0.0015042
23.025,0.018157,21.126,37.779,0.0015239
22.553,0.018221,20.688,37.56,0.0015468
22.087,0.018319,20.252,37.343,0.001576
21.624,0.01845,19.817,37.129,0.0016117
21.16,0.018615,19.378,36.917,0.0016544
20.695,0.018814,18.937,36.71,0.0017044
20.232,0.019048,18.495,36.512,0.0017625
19.78,0.01932,18.061,36.332,0.0018292
19.356,0.019634,17.65,36.183,0.0019051
19.006,0.019967,17.306,36.082,0.0019837
18.718,0.020342,17.017,36.02,0.0020703
18.515,0.020761,16.802,35.992,0.0021641
18.417,0.021223,16.68,35.985,0.0022637
18.438,0.021707,16.664,35.985,0.0023636
18.584,0.02222,16.758,35.988,0.0024644
18.858,0.02275,16.966,36.007,0.0025629
19.258,0.023283,17.285,36.065,0.0026559
19.801,0.023825,17.729,36.19,0.0027438
20.451,0.024332,18.269,36.388,0.0028187
21.183,0.024785,18.883,36.65,0.0028782
21.97,0.025168,19.55,36.959,0.0029206
22.782,0.02547,20.244,37.296,0.0029452
23.592,0.025683,20.941,37.642,0.0029522
24.377,0.025807,21.624,37.985,0.0029426
25.119,0.025842,22.277,38.315,0.0029178
25.959,0.025773,23.026,38.695,0.0028688
26.702,0.025595,23.702,39.039,0.002803
27.346,0.025322,24.3,39.344,0.0027241
27.891,0.024974,24.82,39.61,0.0026355
28.326,0.02458,25.25,39.83,0.0025435
28.672,0.024143,25.606,40.012,0.0024481
28.928,0.023675,25.888,40.157,0.0023513
29.095,0.023189,26.093,40.263,0.0022553
29.177,0.02263,26.231,40.335,0.00215
29.152,0.022073,26.272,40.359,0.0020499
29.028,0.021532,26.224,40.337,0.0019566
28.821,0.021015,26.097,40.275,0.001871
28.532,0.020508,25.894,40.174,0.0017905
28.184,0.020044,25.633,40.044,0.0017195
27.787,0.019625,25.32,39.888,0.0016581
27.345,0.019254,24.959,39.707,0.0016062
26.744,0.018869,24.454,39.453,0.0015558
26.072,0.01856,23.873,39.161,0.0015197
25.337,0.01833,23.226,38.835,0.0014982
24.562,0.018184,22.531,38.485,0.0014917
23.943,0.018131,21.969,38.202,0.0014973
23.33,0.018134,21.407,37.92,0.0015125
22.727,0.018193,20.85,37.64,0.0015375
22.136,0.018307,20.299,37.366,0.0015725
21.65,0.018442,19.842,37.141,0.0016095
21.163,0.018614,19.382,36.919,0.001654
20.675,0.018823,18.918,36.701,0.0017067
20.19,0.019071,18.454,36.494,0.0017683
19.735,0.01935,18.018,36.316,0.0018365
19.311,0.019672,17.606,36.169,0.0019141
18.939,0.020042,17.24,36.065,0.0020014
18.647,0.020463,16.944,36.008,0.0020978
18.468,0.020918,16.748,35.988,0.0021985
18.411,0.02142,16.66,35.985,0.0023048
18.495,0.02196,16.697,35.986,0.002414
18.729,0.022529,16.866,35.996,0.0025225
19.105,0.023097,17.161,36.039,0.0026241
19.616,0.023655,17.577,36.142,0.0027171
20.246,0.024184,18.097,36.321,0.0027977
20.969,0.024663,18.703,36.57,0.002863
21.793,0.02509,19.4,36.888,0.0029126
22.652,0.025428,20.132,37.241,0.0029424
23.514,0.025667,20.874,37.608,0.0029522
24.35,0.025804,21.601,37.973,0.0029432
25.151,0.025842,22.305,38.329,0.0029163
25.887,0.025784,22.961,38.662,0.002874
26.55,0.025642,23.562,38.968,0.0028185
27.136,0.025425,24.103,39.244,0.0027524
27.701,0.02511,24.637,39.517,0.002669
28.174,0.024732,25.098,39.752,0.0025784
28.555,0.024307,25.484,39.95,0.0024832
28.847,0.023845,25.796,40.11,0.0023859
29.079,0.023252,26.071,40.252,0.0022675
29.177,0.022643,26.229,40.334,0.0021525
29.146,0.022037,26.272,40.359,0.0020436
29.001,0.021449,26.209,40.33,0.0019427
28.759,0.020893,26.056,40.254,0.0018514
28.442,0.020377,25.828,40.141,0.0017701
28.065,0.019908,25.54,39.998,0.0016992
27.636,0.019489,25.198,39.827,0.0016386
27.087,0.019074,24.744,39.599,0.001582
26.469,0.018729,24.218,39.335,0.0015388
25.786,0.018458,23.622,39.035,0.0015094
25.049,0.018265,22.969,38.706,0.0014939
24.743,0.01821,22.694,38.567,0.0014918
24.433,0.018168,22.414,38.426,0.001492
24.122,0.018141,22.133,38.285,0.0014947
23.812,0.018127,21.85,38.142,0.0014997
