150,0.0080419,148.39,65.835,0.0097571
151.18,0.0079855,149.58,65.256,0.0097059
152.29,0.0079278,150.7,64.693,0.0096513
153.34,0.0078681,151.75,64.14,0.0095927
154.35,0.0078034,152.77,63.577,0.0095265
155.35,0.0077301,153.78,62.983,0.0094484
156.32,0.0076493,154.76,62.36,0.0093601
157.26,0.0075681,155.71,61.745,0.0092701
158.09,0.0074991,156.55,61.21,0.009194
158.74,0.007459,157.21,60.849,0.0091523
159.1,0.0074689,157.57,60.792,0.0091708
159.09,0.0075441,157.54,61.124,0.0092682
158.68,0.0076934,157.11,61.885,0.0094556
157.93,0.0079027,156.32,62.977,0.0097153
156.89,0.0081729,155.24,64.374,0.010049
155.62,0.0084935,153.92,65.993,0.010443
154.22,0.0088508,152.46,67.74,0.010882
152.81,0.0092135,151.01,69.454,0.011326
151.41,0.0095828,149.55,71.138,0.011778
150.06,0.0099486,148.15,72.75,0.012225
148.77,0.010305,146.81,74.268,0.01266
147.23,0.01074,145.21,76.062,0.01319
145.83,0.011147,143.75,77.682,0.013685
144.58,0.011518,142.44,79.115,0.014136
143.49,0.011844,141.31,80.343,0.014531
142.64,0.012102,140.43,81.294,0.014843
141.96,0.012309,139.72,82.045,0.015093
141.43,0.012465,139.17,82.611,0.015281
141.05,0.012577,138.77,83.016,0.015416
140.78,0.012652,138.5,83.288,0.015505
140.62,0.012689,138.33,83.431,0.015549
140.59,0.012686,138.3,83.433,0.015544
140.71,0.012636,138.43,83.269,0.015482
140.99,0.012534,138.72,82.923,0.015357
141.43,0.012382,139.18,82.396,0.015173
142.01,0.012189,139.79,81.714,0.014938
142.69,0.011971,140.5,80.928,0.014674
143.43,0.011743,141.26,80.085,0.014398
144.16,0.011521,142.03,79.249,0.014129
144.88,0.01131,142.78,78.437,0.013874
145.6,0.011107,143.52,77.637,0.013627
146.38,0.01089,144.33,76.765,0.013364
147.21,0.010666,145.19,75.847,0.013093
148.05,0.010444,146.07,74.914,0.012824
148.83,0.010246,146.87,74.067,0.012585
149.36,0.010116,147.43,73.496,0.012428
149.61,0.010066,147.68,73.262,0.012367
149.47,0.010115,147.53,73.462,0.012429
148.91,0.010276,146.95,74.139,0.012626
148.04,0.010523,146.04,75.165,0.012927
146.88,0.010852,144.84,76.504,0.013328
145.53,0.011247,143.43,78.063,0.013808
144.06,0.011687,141.9,79.74,0.014341
142.68,0.012109,140.47,81.301,0.014854
141.33,0.012536,139.06,82.825,0.01537
140.03,0.012954,137.7,84.277,0.015876
138.8,0.013358,136.43,85.64,0.016363
137.39,0.013834,134.95,87.199,0.016936
136.1,0.014276,133.61,88.605,0.017467
134.96,0.014675,132.41,89.847,0.017946
133.97,0.015022,131.38,90.905,0.018361
133.16,0.015302,130.54,91.748,0.018694
132.53,0.015517,129.88,92.394,0.01895
132.06,0.015669,129.4,92.854,0.019129
131.73,0.015765,129.06,93.153,0.01924
131.53,0.015814,128.85,93.319,0.019296
131.43,0.015818,128.75,93.359,0.019298
131.46,0.015774,128.79,93.26,0.019242
131.64,0.015673,128.98,92.999,0.019118
131.98,0.01551,129.34,92.557,0.01892
132.49,0.015285,129.88,91.929,0.018647
133.15,0.015009,130.57,91.138,0.018314
133.91,0.014701,131.37,90.235,0.017942
134.75,0.014375,132.25,89.254,0.01755
135.6,0.014059,133.14,88.276,0.017168
136.43,0.013759,134.01,87.324,0.016807
137.26,0.01347,134.87,86.388,0.01646
138.17,0.013163,135.82,85.365,0.01609
139.13,0.012849,136.82,84.295,0.015713
140.11,0.01254,137.84,83.21,0.01534
141.01,0.012265,138.78,82.22,0.015009
141.63,0.012086,139.42,81.558,0.014794
141.96,0.012001,139.76,81.231,0.014693
141.91,0.012034,139.71,81.333,0.014734
141.46,0.012197,139.23,81.904,0.014933
140.67,0.012463,138.42,82.838,0.015257
139.61,0.012827,137.3,84.09,0.015698
138.33,0.013268,135.97,85.568,0.016231
136.94,0.013761,134.52,87.171,0.016827
135.63,0.014236,133.15,88.666,0.0174
134.34,0.014715,131.8,90.128,0.017976
133.1,0.015184,130.5,91.522,0.01854
131.93,0.015636,129.27,92.829,0.019082
130.56,0.016177,127.84,94.352,0.019729
129.31,0.016675,126.53,95.719,0.020324
128.2,0.017123,125.37,96.919,0.020856
127.25,0.017508,124.38,97.934,0.021313
126.5,0.01781,123.59,98.725,0.02167
125.91,0.018035,122.98,99.316,0.021935
125.49,0.018186,122.54,99.719,0.022111
125.22,0.01827,122.26,99.957,0.022207
125.06,0.0183,122.1,100.06,0.022238
125.02,0.018278,122.06,100.04,0.022208
125.1,0.018201,122.15,99.876,0.022112
125.33,0.01806,122.39,99.556,0.02194
125.72,0.017847,122.81,99.052,0.021684
126.29,0.017562,123.41,98.356,0.021341
127.01,0.017217,124.17,97.49,0.020926
127.84,0.016833,125.05,96.502,0.020466
128.77,0.016423,126.02,95.417,0.019975
129.71,0.016026,127.01,94.334,0.019499
130.63,0.015649,127.98,93.278,0.019048
131.55,0.015288,128.94,92.24,0.018616
132.55,0.014907,129.99,91.116,0.018161
133.6,0.014521,131.09,89.943,0.017699
134.67,0.014142,132.21,88.758,0.017245
135.66,0.013805,133.24,87.676,0.016842
136.32,0.013594,133.92,86.976,0.01659
136.71,0.013482,134.32,86.59,0.016458
136.75,0.013494,134.36,86.606,0.016474
136.4,0.013642,133.99,87.062,0.016654
135.72,0.013908,133.28,87.894,0.016977
134.75,0.014283,132.26,89.05,0.01743
133.56,0.014746,131.02,90.443,0.017988
132.24,0.015269,129.63,91.976,0.018618
130.98,0.015781,128.31,93.43,0.019232
129.73,0.016299,127,94.861,0.019854
128.52,0.016809,125.73,96.231,0.020464
127.38,0.0173,124.53,97.516,0.02105
125.97,0.017915,123.05,99.086,0.021782
124.7,0.018478,121.72,100.49,0.022452
123.58,0.01898,120.54,101.71,0.023046
122.62,0.019406,119.54,102.73,0.023549
121.91,0.019721,118.79,103.48,0.023918
121.36,0.01995,118.22,104.03,0.024186
120.98,0.020097,117.82,104.39,0.024355
120.74,0.02017,117.57,104.58,0.024437
120.62,0.020182,117.46,104.64,0.024446
120.62,0.020138,117.46,104.58,0.024389
120.73,0.020035,117.58,104.38,0.024263
120.99,0.019864,117.86,104.02,0.024055
121.41,0.019613,118.31,103.48,0.023753
122.02,0.01928,118.95,102.73,0.023355
122.78,0.01888,119.76,101.81,0.022877
123.66,0.018436,120.69,100.77,0.022348
124.66,0.017958,121.74,99.605,0.021778
125.66,0.017494,122.8,98.443,0.021225
126.66,0.017055,123.84,97.31,0.020702
127.64,0.016635,124.88,96.195,0.020202
128.7,0.016199,125.99,95.005,0.019683
129.82,0.015758,127.16,93.766,0.019158
130.95,0.015327,128.34,92.516,0.018644
132,0.014945,129.43,91.375,0.018189
132.74,0.01469,130.2,90.589,0.017886
133.15,0.014566,130.63,90.188,0.017741
133.14,0.014605,130.61,90.274,0.01779
132.67,0.014817,130.12,90.883,0.018048
131.98,0.015113,129.39,91.737,0.018406
131.05,0.015506,128.41,92.852,0.018879
129.94,0.015974,127.25,94.153,0.019441
128.74,0.016494,125.98,95.563,0.020065
127.51,0.017035,124.69,96.99,0.020713
126.29,0.017582,123.41,98.391,0.021367
125.11,0.018118,122.17,99.73,0.022005
124,0.018633,121,100.98,0.022618
122.65,0.019268,119.58,102.49,0.023372
121.43,0.019849,118.3,103.84,0.024058
120.36,0.020364,117.17,105.01,0.024666
119.44,0.0208,116.21,105.99,0.025179
118.75,0.021126,115.48,106.72,0.02556
118.22,0.021361,114.93,107.25,0.025832
117.86,0.021505,114.56,107.59,0.025997
117.65,0.021569,114.34,107.75,0.026067
117.56,0.021567,114.25,107.78,0.026059
117.58,0.021506,114.28,107.69,0.025981
117.72,0.021381,114.43,107.46,0.025829
118,0.021185,114.73,107.07,0.025593
118.45,0.020902,115.22,106.49,0.025254
119.08,0.020533,115.89,105.72,0.024814
119.88,0.02009,116.73,104.76,0.024287
120.8,0.019601,117.7,103.67,0.023706
121.83,0.019074,118.79,102.46,0.02308
122.88,0.018562,119.9,101.25,0.022472
123.92,0.018078,120.99,100.07,0.021898
124.95,0.017616,122.07,98.905,0.02135
126.05,0.01714,123.22,97.672,0.020785
127.2,0.01666,124.43,96.391,0.020215
128.37,0.01619,125.66,95.1,0.019658
129.45,0.015775,126.79,93.92,0.019165
130.18,0.015513,127.54,93.151,0.018855
130.62,0.015368,128.01,92.707,0.018685
130.72,0.015367,128.1,92.674,0.018687
130.42,0.015523,127.79,93.091,0.018877
129.79,0.015815,127.12,93.889,0.019229
128.86,0.01623,126.14,95.013,0.019729
127.72,0.016744,124.94,96.375,0.020345
126.44,0.017325,123.59,97.876,0.021041
125.23,0.017888,122.32,99.289,0.021713
124.03,0.018456,121.05,100.68,0.022391
122.87,0.019014,119.83,102.01,0.023054
121.77,0.019549,118.67,103.25,0.023689
120.42,0.020217,117.25,104.77,0.02448
119.2,0.020826,115.97,106.12,0.025199
118.13,0.021365,114.84,107.29,0.025833
117.23,0.021819,113.89,108.26,0.026363
116.55,0.02215,113.18,108.97,0.026749
116.04,0.022384,112.65,109.48,0.02702
115.7,0.022525,112.3,109.79,0.027179
115.5,0.022581,112.09,109.94,0.02724
115.43,0.022569,112.02,109.95,0.027219
115.47,0.022493,112.07,109.83,0.027125
115.63,0.022354,112.25,109.58,0.026955
115.93,0.022139,112.57,109.18,0.026698
116.4,0.021834,113.07,108.58,0.026333
117.05,0.021437,113.76,107.78,0.025862
117.86,0.020964,114.62,106.8,0.025301
118.8,0.020443,115.62,105.68,0.024683
119.87,0.019878,116.75,104.43,0.024014
120.95,0.01933,117.89,103.18,0.023365
122.02,0.018812,119.01,101.97,0.022752
123.08,0.018318,120.13,100.77,0.022167
124.21,0.017813,121.31,99.506,0.02157
125.39,0.017304,122.55,98.195,0.020967
126.58,0.016808,123.8,96.876,0.020379
127.69,0.016368,124.96,95.67,0.019859
128.47,0.016079,125.77,94.85,0.019518
128.93,0.015927,126.25,94.397,0.019341
129,0.015943,126.31,94.405,0.019364
128.63,0.016139,125.92,94.912,0.019602
128.01,0.016435,125.27,95.691,0.019958
127.15,0.016836,124.36,96.738,0.02044
126.11,0.017322,123.27,97.981,0.021022
124.96,0.017867,122.05,99.345,0.021675
123.76,0.018442,120.79,100.74,0.02236
122.57,0.019024,119.54,102.12,0.023053
121.42,0.019597,118.32,103.45,0.023733
120.33,0.020148,117.17,104.69,0.024386
118.93,0.020865,115.69,106.27,0.025234
117.67,0.021517,114.37,107.67,0.026001
116.57,0.022089,113.21,108.87,0.026672
115.65,0.022566,112.24,109.87,0.027229
115,0.022894,111.55,110.55,0.02761
114.51,0.023124,111.05,111.03,0.027875
114.19,0.023257,110.71,111.33,0.028026
114.01,0.023306,110.53,111.46,0.028076
113.95,0.023283,110.48,111.45,0.028044
114.01,0.023197,110.54,111.31,0.027937
114.18,0.023046,110.73,111.05,0.027753
114.49,0.022818,111.06,110.63,0.027481
114.97,0.022497,111.58,110.02,0.027098
115.63,0.022082,112.28,109.2,0.026606
116.46,0.021589,113.16,108.21,0.026022
117.42,0.021046,114.17,107.08,0.02538
118.5,0.020454,115.32,105.8,0.02468
119.6,0.01988,116.48,104.53,0.024002
120.69,0.019337,117.63,103.29,0.023361
121.78,0.01882,118.77,102.06,0.02275
122.92,0.018293,119.98,100.78,0.022128
124.12,0.017762,121.24,99.444,0.021501
125.34,0.017245,122.51,98.102,0.020889
126.47,0.016788,123.69,96.875,0.020349
127.45,0.016419,124.72,95.846,0.019915
127.84,0.016316,125.11,95.52,0.019797
127.47,0.01653,124.72,96.052,0.020059
126.4,0.017056,123.59,97.398,0.020692
125.25,0.017608,122.37,98.788,0.021353
123.92,0.018253,120.97,100.37,0.022124
122.52,0.018947,119.49,102.02,0.02295
121.12,0.019651,118.01,103.64,0.023787
119.86,0.020298,116.68,105.09,0.024554
118.67,0.020913,115.44,106.43,0.025281
117.58,0.021488,114.28,107.66,0.025959
116.59,0.022016,113.24,108.77,0.02658
115.63,0.022526,112.23,109.82,0.027177
114.81,0.022963,111.36,110.71,0.027687
114.13,0.023314,110.65,111.42,0.028095
113.61,0.023572,110.11,111.95,0.028392
113.24,0.023739,109.71,112.31,0.028582
113.02,0.023814,109.49,112.48,0.028663
112.93,0.023808,109.4,112.51,0.02865
112.96,0.023733,109.44,112.4,0.028555
113.1,0.023597,109.59,112.17,0.02839
113.37,0.023389,109.88,111.8,0.02814
113.78,0.023096,110.33,111.26,0.027793
114.37,0.022716,110.95,110.54,0.027341
115.06,0.022287,111.69,109.7,0.026835
115.87,0.021807,112.55,108.73,0.026267
116.76,0.021297,113.49,107.68,0.025665
117.69,0.020784,114.48,106.59,0.025059
118.6,0.020304,115.43,105.54,0.024493
119.5,0.019846,116.38,104.52,0.023953
120.39,0.019407,117.32,103.51,0.023435
121.28,0.018979,118.26,102.5,0.02293
122.24,0.018539,119.26,101.43,0.022411
123.22,0.018098,120.3,100.34,0.02189
124.22,0.017664,121.34,99.237,0.021378
125.18,0.017262,122.35,98.188,0.020904
126.02,0.016928,123.22,97.29,0.02051
126.64,0.016696,123.87,96.647,0.020238
126.97,0.016598,124.21,96.352,0.020126
126.94,0.016654,124.18,96.465,0.020197
126.59,0.016847,123.81,96.945,0.02043
125.95,0.017168,123.13,97.754,0.020817
125.07,0.017601,122.2,98.836,0.021336
124.01,0.018123,121.07,100.12,0.021961
122.85,0.018699,119.85,101.49,0.022647
121.65,0.019304,118.58,102.9,0.023367
120.46,0.019914,117.33,104.28,0.024091
119.31,0.02051,116.12,105.6,0.024797
117.68,0.021378,114.39,107.47,0.025823
116.21,0.022165,112.85,109.11,0.026748
114.94,0.022852,111.51,110.51,0.027553
113.89,0.023417,110.4,111.65,0.028211
113.24,0.023757,109.72,112.33,0.028605
112.76,0.023996,109.21,112.81,0.028879
112.44,0.024134,108.88,113.11,0.029035
112.26,0.024183,108.7,113.23,0.029086
112.21,0.024158,108.65,113.22,0.02905
112.26,0.024067,108.71,113.09,0.028938
112.44,0.02391,108.9,112.82,0.028748
112.74,0.023678,109.23,112.41,0.02847
113.23,0.023338,109.75,111.79,0.028067
113.91,0.022897,110.48,110.95,0.027544
114.76,0.022368,111.39,109.92,0.02692
115.76,0.021782,112.44,108.74,0.026229
116.9,0.021142,113.65,107.4,0.025473
118.05,0.020521,114.87,106.07,0.024742
119.2,0.019936,116.07,104.76,0.024052
120.33,0.019378,117.27,103.48,0.023395
121.48,0.018838,118.48,102.19,0.022758
122.68,0.018294,119.73,100.87,0.022118
123.89,0.017766,121,99.531,0.021495
125.01,0.017299,122.18,98.311,0.020944
126.06,0.016899,123.27,97.223,0.020474
126.43,0.016803,123.65,96.919,0.020367
125.98,0.017068,123.17,97.562,0.02069
124.77,0.017679,121.89,99.077,0.021423
123.24,0.018442,120.27,100.92,0.022334
121.51,0.019318,118.44,102.97,0.023378
119.76,0.020223,116.59,105.01,0.024452
118.11,0.021096,114.86,106.9,0.025484
116.69,0.021865,113.35,108.52,0.026391
115.41,0.022563,112,109.95,0.02721
114.29,0.023174,110.82,111.18,0.027925
113.36,0.023681,109.84,112.19,0.028516
112.71,0.024022,109.16,112.86,0.02891
112.23,0.024259,108.66,113.34,0.029182
111.92,0.024395,108.34,113.63,0.029334
111.75,0.02444,108.16,113.75,0.02938
111.71,0.02441,108.12,113.73,0.029338
111.77,0.024313,108.2,113.58,0.029219
111.95,0.024149,108.4,113.31,0.029021
112.27,0.023907,108.73,112.88,0.028733
112.76,0.023561,109.26,112.25,0.028321
113.45,0.023113,109.99,111.41,0.027792
114.3,0.022579,110.91,110.37,0.027161
115.3,0.021989,111.96,109.2,0.026466
116.43,0.021344,113.16,107.86,0.025706
117.59,0.02072,114.38,106.53,0.024971
118.73,0.020131,115.58,105.23,0.024277
119.86,0.019569,116.78,103.95,0.023616
121.02,0.019017,118,102.65,0.022966
122.23,0.018463,119.27,101.31,0.022313
123.46,0.017924,120.55,99.957,0.021678
124.6,0.017447,121.75,98.722,0.021116
125.66,0.017036,122.85,97.611,0.020634
126.02,0.016946,123.23,97.323,0.020534
125.53,0.017237,122.7,98.025,0.020888
124.25,0.017887,121.34,99.622,0.021668
122.37,0.018832,119.36,101.88,0.022795
120.29,0.019904,117.16,104.33,0.024069
118.28,0.020971,115.04,106.66,0.025333
116.46,0.021955,113.12,108.73,0.026493
115.3,0.022594,111.89,110.03,0.027243
114.26,0.023165,110.8,111.18,0.027912
113.37,0.023658,109.85,112.15,0.028487
112.63,0.024057,109.08,112.94,0.02895
112.07,0.024349,108.49,113.52,0.029285
111.68,0.024532,108.08,113.89,0.029493
111.45,0.024614,107.84,114.08,0.029582
111.36,0.024609,107.75,114.11,0.02957
111.38,0.024537,107.79,114.01,0.029479
111.52,0.024399,107.94,113.78,0.029311
111.77,0.024189,108.21,113.42,0.02906
112.18,0.023896,108.65,112.9,0.028712
112.72,0.023528,109.23,112.22,0.028276
113.42,0.023078,109.97,111.37,0.027745
114.25,0.022564,110.85,110.37,0.02714
115.18,0.022014,111.84,109.27,0.026491
116.21,0.02143,112.93,108.07,0.025804
117.25,0.020866,114.03,106.87,0.025139
118.27,0.020331,115.11,105.7,0.024509
119.29,0.019819,116.18,104.54,0.023907
120.49,0.019245,117.44,103.21,0.023231
121.73,0.018667,118.75,101.82,0.022551
123.01,0.018101,120.08,100.42,0.021884
124.2,0.017594,121.33,99.12,0.021287
125.03,0.017264,122.2,98.244,0.0209
125.57,0.017071,122.76,97.708,0.020675
125.73,0.017048,122.93,97.608,0.020653
125.49,0.01721,122.66,97.99,0.020851
124.9,0.017519,122.04,98.747,0.021223
124.03,0.017963,121.11,99.829,0.021754
122.94,0.018514,119.96,101.15,0.022413
121.71,0.019139,118.66,102.61,0.023158
120.54,0.019747,117.42,103.99,0.02388
119.37,0.020361,116.19,105.36,0.024608
118.25,0.020962,115,106.66,0.02532
117.18,0.021539,113.88,107.88,0.026
115.85,0.022271,112.47,109.39,0.026862
114.65,0.022934,111.21,110.73,0.02764
113.6,0.023516,110.1,111.88,0.02832
112.72,0.024,109.17,112.83,0.028882
112.08,0.024342,108.5,113.5,0.029277
111.61,0.024578,108.01,113.97,0.029547
111.3,0.024709,107.69,114.25,0.029694
111.14,0.024748,107.53,114.36,0.029733
111.11,0.024711,107.5,114.32,0.029683
111.19,0.024605,107.59,114.16,0.029553
111.38,0.024431,107.8,113.87,0.029343
111.71,0.024176,108.15,113.43,0.02904
112.22,0.023821,108.7,112.79,0.028618
112.91,0.023365,109.43,111.94,0.02808
113.77,0.022826,110.34,110.9,0.027444
114.75,0.022232,111.39,109.73,0.026745
115.88,0.021586,112.59,108.41,0.025983
117.03,0.020959,113.8,107.09,0.025246
118.16,0.020368,114.99,105.8,0.024551
119.28,0.019805,116.17,104.52,0.023888
120.46,0.019238,117.41,103.21,0.023222
121.69,0.018669,118.71,101.84,0.022552
122.94,0.018116,120.01,100.47,0.0219
124.1,0.017626,121.23,99.211,0.021323
125.2,0.017196,122.38,98.061,0.02082
125.54,0.017123,122.72,97.813,0.02074
124.94,0.017467,122.09,98.639,0.021157
123.52,0.018195,120.58,100.41,0.02203
121.9,0.019019,118.87,102.35,0.023013
120.14,0.019935,117.01,104.43,0.024102
118.4,0.020858,115.17,106.45,0.025195
116.8,0.021732,113.47,108.29,0.026227
115.49,0.02245,112.1,109.76,0.027071
114.33,0.023099,110.87,111.07,0.027831
113.31,0.023666,109.79,112.18,0.028493
112.46,0.024134,108.9,113.1,0.029037
111.8,0.024485,108.21,113.79,0.029442
111.34,0.024712,107.72,114.24,0.029701
111.06,0.024822,107.44,114.48,0.029822
110.94,0.024829,107.32,114.53,0.029823
110.96,0.024761,107.34,114.44,0.029736
111.09,0.024623,107.49,114.22,0.029569
111.34,0.02441,107.76,113.86,0.029313
111.75,0.024109,108.2,113.33,0.028956
112.3,0.023735,108.79,112.65,0.028513
113,0.023277,109.54,111.79,0.027973
113.85,0.022753,110.43,110.78,0.027355
114.79,0.02219,111.43,109.66,0.026693
115.83,0.021597,112.53,108.45,0.025995
116.87,0.021024,113.64,107.24,0.025321
117.91,0.020481,114.73,106.06,0.024682
118.94,0.019962,115.81,104.89,0.024071
120.13,0.019383,117.07,103.56,0.023391
121.38,0.018802,118.38,102.17,0.022706
122.65,0.018232,119.71,100.77,0.022036
123.85,0.017721,120.97,99.466,0.021435
124.68,0.017389,121.83,98.59,0.021045
125.22,0.017192,122.4,98.047,0.020816
125.4,0.017164,122.58,97.934,0.020787
125.17,0.017319,122.33,98.295,0.020977
124.6,0.017622,121.73,99.033,0.021342
123.75,0.01806,120.82,100.1,0.021867
122.67,0.018608,119.68,101.4,0.022521
121.46,0.019231,118.4,102.85,0.023264
120.29,0.019841,117.17,104.23,0.023988
119.12,0.020458,115.93,105.59,0.02472
118,0.021064,114.75,106.9,0.025437
116.93,0.021645,113.62,108.12,0.026122
115.57,0.022397,112.18,109.66,0.027007
114.35,0.023077,110.89,111.03,0.027804
113.28,0.023672,109.77,112.2,0.028499
112.39,0.024165,108.83,113.16,0.029071
111.76,0.024503,108.17,113.82,0.029462
111.3,0.024735,107.68,114.28,0.029728
111,0.024863,107.37,114.55,0.029871
110.85,0.024899,107.22,114.65,0.029906
110.82,0.024859,107.19,114.62,0.029852
110.9,0.024751,107.28,114.45,0.02972
111.09,0.024574,107.5,114.16,0.029506
111.43,0.024317,107.86,113.71,0.0292
111.94,0.023957,108.4,113.07,0.028774
112.63,0.023499,109.14,112.22,0.028233
113.49,0.022956,110.05,111.18,0.027593
114.48,0.022359,111.1,110.01,0.02689
115.61,0.021707,112.3,108.68,0.026122
116.76,0.021075,113.52,107.35,0.025379
117.89,0.020478,114.71,106.06,0.024678
119.02,0.01991,115.9,104.78,0.02401
120.21,0.019338,117.15,103.46,0.023337
121.44,0.018764,118.45,102.09,0.022661
122.7,0.018205,119.76,100.71,0.022004
123.86,0.017711,120.98,99.445,0.021422
124.96,0.01728,122.13,98.296,0.020918
125.3,0.017205,122.48,98.042,0.020835
124.72,0.017545,121.85,98.856,0.021248
123.31,0.01827,120.36,100.61,0.022116
121.72,0.019086,118.68,102.52,0.02309
119.98,0.019994,116.84,104.58,0.024169
118.26,0.020912,115.02,106.58,0.025256
116.66,0.021784,113.34,108.41,0.026285
115.22,0.022583,111.81,110.04,0.027224
113.95,0.023295,110.47,111.46,0.028059
112.86,0.023904,109.32,112.66,0.028768
111.98,0.024385,108.4,113.59,0.029326
111.44,0.024667,107.83,114.15,0.02965
111.06,0.024848,107.44,114.51,0.029855
110.84,0.024933,107.2,114.7,0.029948
110.74,0.024935,107.11,114.74,0.029944
110.75,0.02487,107.13,114.65,0.029861
110.87,0.024739,107.26,114.45,0.029702
111.11,0.024539,107.52,114.11,0.029463
111.48,0.024259,107.92,113.62,0.02913
112.01,0.023893,108.48,112.96,0.028696
112.7,0.023439,109.22,112.11,0.028161
113.54,0.022914,110.11,111.11,0.027543
114.48,0.022346,111.11,109.99,0.026874
115.55,0.021729,112.24,108.74,0.026148
116.64,0.021132,113.39,107.48,0.025445
117.71,0.020566,114.52,106.26,0.02478
118.78,0.020026,115.64,105.05,0.024145
120,0.019431,116.93,103.68,0.023446
121.28,0.018834,118.27,102.26,0.022743
122.58,0.018251,119.64,100.82,0.022056
123.79,0.017735,120.91,99.51,0.02145
124.59,0.017416,121.74,98.668,0.021076
125.1,0.017238,122.27,98.173,0.020869
125.23,0.01723,122.4,98.113,0.020865
124.95,0.017406,122.1,98.527,0.02108
124.33,0.017736,121.45,99.326,0.021476
123.42,0.018203,120.48,100.45,0.022036
122.3,0.018778,119.29,101.81,0.022722
121.05,0.019426,117.97,103.31,0.023493
119.87,0.020041,116.73,104.69,0.024224
118.71,0.02066,115.51,106.04,0.024957
117.6,0.021264,114.33,107.33,0.025671
116.55,0.02184,113.22,108.53,0.02635
115.28,0.022544,111.88,109.97,0.027178
114.14,0.023182,110.67,111.24,0.027925
113.14,0.023743,109.62,112.35,0.028581
112.29,0.024213,108.73,113.26,0.029127
111.65,0.024562,108.05,113.94,0.029529
111.17,0.024802,107.55,114.41,0.029804
110.86,0.024935,107.23,114.69,0.029953
110.71,0.024974,107.07,114.8,0.029992
110.67,0.024935,107.04,114.76,0.029939
110.75,0.024825,107.13,114.6,0.029805
110.95,0.024645,107.35,114.3,0.029588
111.29,0.024384,107.72,113.85,0.029277
111.8,0.024022,108.26,113.2,0.028848
112.5,0.023559,109,112.34,0.028302
113.36,0.023012,109.92,111.3,0.027657
114.36,0.022411,110.98,110.12,0.026949
115.49,0.021759,112.18,108.8,0.026182
116.63,0.021127,113.39,107.48,0.025439
117.77,0.020531,114.58,106.18,0.024739
118.89,0.019963,115.77,104.91,0.024071
120.08,0.01939,117.01,103.59,0.023397
121.31,0.018815,118.31,102.22,0.02272
122.56,0.018255,119.62,100.84,0.022062
123.73,0.017759,120.84,99.575,0.021478
124.75,0.017354,121.91,98.5,0.021003
125.19,0.017228,122.36,98.124,0.020861
124.88,0.017436,122.03,98.605,0.021115
123.86,0.017972,120.95,99.901,0.021758
122.66,0.018588,119.68,101.37,0.022495
121.25,0.019314,118.19,103.05,0.02336
119.77,0.020093,116.62,104.81,0.024286
118.3,0.020877,115.07,106.51,0.025214
117.06,0.021557,113.75,107.95,0.026016
115.9,0.022198,112.53,109.27,0.026771
114.83,0.022792,111.4,110.47,0.027468
113.87,0.023332,110.39,111.54,0.028101
112.94,0.02385,109.41,112.56,0.028705
112.16,0.024282,108.59,113.4,0.029206
111.55,0.024614,107.94,114.04,0.029589
111.1,0.02484,107.47,114.49,0.029847
110.79,0.024966,107.16,114.76,0.029988
110.65,0.024994,107.01,114.84,0.030013
110.64,0.024938,107.01,114.78,0.029941
110.75,0.024806,107.14,114.58,0.02978
110.99,0.024601,107.4,114.23,0.029533
111.39,0.024302,107.82,113.71,0.029179
111.97,0.023901,108.44,112.98,0.028704
112.74,0.023401,109.26,112.05,0.028115
113.58,0.022871,110.16,111.03,0.027491
114.53,0.022306,111.16,109.92,0.026825
115.52,0.021734,112.21,108.75,0.026153
116.53,0.021179,113.28,107.59,0.0255
117.45,0.02069,114.25,106.53,0.024925
118.37,0.02022,115.22,105.49,0.024373
119.3,0.019761,116.19,104.45,0.023833
120.25,0.019305,117.2,103.39,0.023296
121.18,0.018874,118.17,102.36,0.022789
122.12,0.01845,119.15,101.32,0.02229
123.03,0.018051,120.11,100.32,0.021821
123.86,0.017702,120.98,99.426,0.02141
124.61,0.017406,121.77,98.642,0.021064
125.06,0.017254,122.23,98.213,0.020888
125.13,0.017272,122.3,98.223,0.020915
124.8,0.017473,121.95,98.698,0.021159
124.21,0.017787,121.32,99.457,0.021536
123.38,0.018213,120.44,100.48,0.022047
122.37,0.018731,119.37,101.71,0.022665
121.25,0.019312,118.18,103.05,0.023357
120.08,0.019922,116.95,104.43,0.024082
118.92,0.020541,115.73,105.79,0.024815
117.8,0.021148,114.54,107.09,0.025534
116.73,0.021731,113.41,108.31,0.026221
115.36,0.022493,111.96,109.87,0.027118
114.13,0.023183,110.66,111.25,0.027926
113.05,0.023785,109.53,112.43,0.028629
112.16,0.024282,108.59,113.4,0.029207
111.53,0.02462,107.93,114.05,0.029596
111.08,0.02485,107.45,114.51,0.029859
110.78,0.024977,107.14,114.77,0.03
110.63,0.025011,106.99,114.87,0.030033
110.6,0.024969,106.97,114.83,0.029977
110.69,0.024859,107.06,114.67,0.029842
110.89,0.024679,107.28,114.37,0.029626
111.22,0.02442,107.64,113.92,0.029318
111.73,0.024058,108.19,113.27,0.02889
112.42,0.023597,108.93,112.42,0.028345
113.29,0.023051,109.84,111.38,0.027702
114.28,0.022451,110.89,110.21,0.026996
115.41,0.021795,112.09,108.88,0.026224
116.56,0.021159,113.31,107.55,0.025476
117.7,0.020559,114.51,106.25,0.024771
118.83,0.019987,115.7,104.97,0.024099
120.02,0.019412,116.95,103.64,0.023422
121.26,0.018834,118.26,102.27,0.022742
122.52,0.018272,119.57,100.88,0.02208
123.68,0.017774,120.8,99.617,0.021495
124.79,0.017342,121.95,98.467,0.020989
125.13,0.017265,122.3,98.21,0.020905
124.56,0.017604,121.68,99.016,0.021316
123.15,0.018327,120.2,100.76,0.022183
121.58,0.019139,118.53,102.66,0.023151
119.85,0.020043,116.71,104.7,0.024225
118.14,0.020958,114.9,106.69,0.025309
116.55,0.021829,113.22,108.52,0.026336
115.12,0.022628,111.7,110.14,0.027275
113.84,0.023341,110.36,111.56,0.028111
112.75,0.023953,109.21,112.76,0.028824
111.87,0.024439,108.28,113.7,0.029388
111.32,0.02473,107.7,114.27,0.029722
110.93,0.024918,107.3,114.65,0.029936
110.69,0.025008,107.05,114.85,0.030035
110.59,0.025015,106.95,114.89,0.030036
110.6,0.024952,106.96,114.81,0.029956
110.71,0.024824,107.09,114.61,0.029799
110.94,0.024626,107.34,114.28,0.029562
111.31,0.024348,107.74,113.79,0.029232
111.84,0.023981,108.3,113.13,0.028798
112.53,0.023525,109.04,112.29,0.028261
113.37,0.022997,109.93,111.28,0.027638
114.32,0.022422,110.94,110.15,0.026962
115.4,0.021797,112.09,108.89,0.026226
116.5,0.021191,113.25,107.62,0.025513
117.58,0.020617,114.39,106.38,0.024839
118.66,0.020071,115.52,105.16,0.024196
119.89,0.019474,116.81,103.79,0.023495
121.17,0.018875,118.16,102.37,0.02279
122.47,0.018291,119.52,100.93,0.022103
123.68,0.017775,120.79,99.62,0.021497
124.51,0.017442,121.66,98.742,0.021106
125.01,0.01727,122.18,98.258,0.020906
125.09,0.017291,122.26,98.271,0.020937
124.71,0.017519,121.85,98.813,0.021214
124.08,0.017849,121.18,99.611,0.02161
123.22,0.01829,120.27,100.67,0.022138
122.19,0.018819,119.18,101.92,0.022769
121.05,0.019408,117.98,103.27,0.023471
119.89,0.020022,116.75,104.65,0.024199
118.73,0.020641,115.52,106.01,0.024933
117.61,0.021246,114.34,107.3,0.025649
116.56,0.021826,113.23,108.51,0.026332
115.25,0.022554,111.84,110,0.027189
114.07,0.023213,110.6,111.31,0.027961
113.04,0.023793,109.51,112.45,0.028638
112.17,0.024275,108.6,113.38,0.029198
111.53,0.024621,107.92,114.06,0.029598
111.06,0.024859,107.43,114.53,0.02987
110.76,0.024991,107.12,114.8,0.030017
110.6,0.025029,106.96,114.91,0.030054
110.57,0.024989,106.93,114.87,0.030001
110.65,0.02488,107.02,114.71,0.029867
110.85,0.0247,107.24,114.41,0.029651
111.18,0.024441,107.6,113.96,0.029342
111.69,0.024078,108.15,113.31,0.028912
112.39,0.023614,108.89,112.46,0.028365
113.26,0.023065,109.81,111.41,0.027718
114.25,0.022461,110.87,110.23,0.027007
115.39,0.021804,112.07,108.9,0.026234
116.54,0.021168,113.29,107.57,0.025486
117.68,0.020567,114.49,106.27,0.02478
118.81,0.019995,115.68,104.99,0.024107
120,0.019421,116.93,103.67,0.023433
121.23,0.018845,118.22,102.3,0.022755
122.48,0.018285,119.54,100.92,0.022096
123.64,0.017789,120.76,99.656,0.021512
124.76,0.017352,121.92,98.495,0.021001
125.1,0.017275,122.27,98.239,0.020918
124.52,0.01762,121.64,99.059,0.021336
123.09,0.018354,120.14,100.82,0.022214
121.49,0.019181,118.44,102.76,0.023201
119.74,0.020101,116.59,104.83,0.024293
118.01,0.021027,114.76,106.84,0.025391
116.41,0.021905,113.07,108.68,0.026426
115.1,0.022632,111.69,110.15,0.02728
113.93,0.023288,110.46,111.46,0.028048
112.91,0.023861,109.38,112.58,0.028717
112.06,0.024333,108.49,113.5,0.029265
111.41,0.024686,107.79,114.18,0.029672
110.95,0.024913,107.31,114.64,0.029931
110.67,0.025021,107.03,114.87,0.030049
110.56,0.025025,106.92,114.92,0.030046
110.58,0.024953,106.95,114.82,0.029955
110.72,0.024811,107.1,114.59,0.029783
110.98,0.024592,107.38,114.23,0.029522
111.39,0.024286,107.83,113.69,0.029159
111.94,0.023907,108.41,113,0.02871
112.65,0.023444,109.17,112.14,0.028164
113.5,0.022915,110.07,111.12,0.027541
114.44,0.022347,111.07,110,0.026873
115.48,0.021749,112.17,108.79,0.02617
116.53,0.021171,113.28,107.58,0.02549
117.57,0.020623,114.37,106.39,0.024846
118.6,0.0201,115.46,105.23,0.02423
119.8,0.019515,116.72,103.89,0.023543
121.05,0.018928,118.03,102.49,0.022852
122.33,0.018352,119.38,101.09,0.022175
123.53,0.017836,120.63,99.779,0.021568
124.38,0.017495,121.52,98.882,0.021167
124.93,0.017296,122.09,98.336,0.020936
125.09,0.017275,122.26,98.241,0.020917
124.83,0.017447,121.98,98.642,0.021127
124.23,0.017768,121.34,99.417,0.021512
123.35,0.018224,120.4,100.51,0.022059
122.25,0.018788,119.24,101.85,0.022733
121.02,0.019426,117.94,103.32,0.023492
119.85,0.020041,116.7,104.7,0.024223
118.69,0.020661,115.48,106.05,0.024957
117.57,0.021267,114.3,107.35,0.025674
116.51,0.021847,113.18,108.56,0.026358
115.21,0.022571,111.81,110.03,0.027209
114.04,0.023227,110.57,111.34,0.027977
113.02,0.023803,109.49,112.47,0.028649
112.15,0.024283,108.58,113.4,0.029207
111.51,0.024629,107.91,114.07,0.029607
111.04,0.024868,107.42,114.54,0.029879
110.74,0.025,107.1,114.82,0.030027
110.58,0.025038,106.94,114.92,0.030064
110.55,0.024998,106.91,114.89,0.030011
110.63,0.024888,107.01,114.72,0.029876
110.83,0.024708,107.22,114.43,0.02966
111.17,0.024448,107.58,113.98,0.02935
111.68,0.024085,108.13,113.33,0.02892
112.37,0.023621,108.87,112.47,0.028372
113.24,0.023071,109.8,111.43,0.027725
114.24,0.022467,110.85,110.24,0.027014
115.37,0.02181,112.05,108.92,0.026241
116.52,0.021174,113.27,107.58,0.025493
117.66,0.020574,114.47,106.29,0.024788
118.8,0.020002,115.67,105.01,0.024115
119.98,0.019428,116.91,103.68,0.023441
121.21,0.018852,118.21,102.31,0.022763
122.47,0.018291,119.52,100.93,0.022103
123.63,0.017794,120.74,99.67,0.021519
124.75,0.017356,121.9,98.507,0.021006
125.09,0.017281,122.25,98.254,0.020924
124.49,0.01763,121.62,99.084,0.021347
123.06,0.01837,120.1,100.86,0.022233
121.23,0.019312,118.17,103.06,0.023356
119.26,0.020355,116.08,105.39,0.024595
117.35,0.021386,114.07,107.6,0.025814
115.63,0.022338,112.25,109.56,0.026935
114.47,0.022985,111.02,110.86,0.027694
113.44,0.023565,109.94,112,0.028371
112.55,0.024064,109,112.98,0.028953
111.81,0.024469,108.22,113.76,0.029422
111.25,0.024765,107.63,114.34,0.029763
110.86,0.024951,107.23,114.71,0.029973
110.63,0.025034,106.99,114.9,0.030063
110.55,0.025028,106.91,114.92,0.030049
110.57,0.024952,106.94,114.82,0.029954
110.71,0.02481,107.09,114.6,0.029781
110.97,0.024594,107.38,114.23,0.029524
111.38,0.024295,107.81,113.7,0.029168
111.92,0.023918,108.39,113.02,0.028722
112.63,0.023458,109.14,112.16,0.02818
113.47,0.022931,110.04,111.16,0.02756
114.41,0.022367,111.03,110.04,0.026896
115.45,0.021766,112.14,108.83,0.02619
116.5,0.021186,113.25,107.61,0.025507
117.54,0.020635,114.35,106.42,0.024859
118.58,0.020109,115.44,105.25,0.024241
119.79,0.019519,116.71,103.9,0.023548
121.05,0.018926,118.04,102.49,0.022851
122.34,0.018346,119.39,101.07,0.022168
123.55,0.017828,120.66,99.757,0.021558
124.34,0.017508,121.48,98.918,0.021183
124.88,0.017312,122.04,98.382,0.020955
125.08,0.017269,122.25,98.233,0.020908
124.92,0.017393,122.07,98.515,0.021061
124.42,0.017668,121.54,99.176,0.021392
123.63,0.018079,120.7,100.17,0.021885
122.6,0.018603,119.62,101.41,0.022511
121.43,0.019209,118.38,102.82,0.023233
120.27,0.019816,117.15,104.2,0.023955
119.1,0.020437,115.92,105.57,0.024692
117.96,0.021051,114.71,106.89,0.025418
116.88,0.021641,113.57,108.13,0.026115
115.36,0.022486,111.97,109.86,0.027109
114.01,0.023242,110.54,111.37,0.027995
112.85,0.023893,109.32,112.65,0.028755
111.91,0.024415,108.33,113.66,0.029359
111.34,0.02472,107.73,114.25,0.029711
110.93,0.024921,107.3,114.65,0.029939
110.67,0.025023,107.03,114.87,0.030052
110.56,0.025039,106.91,114.93,0.030064
110.55,0.024984,106.92,114.87,0.029993
110.65,0.024862,107.03,114.68,0.029845
110.87,0.024672,107.27,114.37,0.029617
111.23,0.024403,107.65,113.9,0.029296
111.74,0.024039,108.2,113.24,0.028866
112.43,0.023582,108.94,112.4,0.028327
113.28,0.023048,109.83,111.38,0.027698
114.24,0.022465,110.86,110.24,0.027011
115.35,0.021825,112.03,108.95,0.026258
116.47,0.021204,113.21,107.65,0.025528
117.58,0.020617,114.38,106.38,0.024839
118.68,0.020058,115.54,105.13,0.024182
119.9,0.019466,116.82,103.77,0.023485
121.17,0.018871,118.16,102.36,0.022786
122.46,0.018293,119.52,100.94,0.022105
123.66,0.017782,120.77,99.639,0.021504
124.5,0.017447,121.65,98.756,0.021112
124.99,0.017278,122.16,98.281,0.020916
125.05,0.017309,122.21,98.318,0.020958
124.64,0.017552,121.77,98.897,0.021253
123.99,0.017893,121.08,99.722,0.021663
123.11,0.018345,120.15,100.8,0.022203
122.06,0.018882,119.05,102.07,0.022844
120.91,0.019477,117.83,103.43,0.023553
119.74,0.020094,116.6,104.81,0.024285
118.59,0.020713,115.37,106.16,0.025019
117.47,0.021318,114.2,107.45,0.025733
116.42,0.021895,113.09,108.66,0.026414
115.15,0.022603,111.74,110.1,0.027246
114.01,0.023246,110.53,111.38,0.027999
113,0.023811,109.47,112.48,0.028658
112.15,0.024283,108.58,113.4,0.029207
111.51,0.024632,107.9,114.08,0.02961
111.04,0.024872,107.41,114.55,0.029884
110.73,0.025005,107.09,114.83,0.030033
110.57,0.025044,106.93,114.93,0.030071
110.54,0.025003,106.9,114.9,0.030017
110.62,0.024894,107,114.73,0.029882
110.82,0.024713,107.21,114.43,0.029665
111.16,0.024451,107.58,113.98,0.029353
111.67,0.024087,108.13,113.33,0.028922
112.37,0.023622,108.87,112.47,0.028374
113.24,0.023073,109.79,111.43,0.027726
114.23,0.022469,110.85,110.25,0.027016
115.37,0.021813,112.05,108.92,0.026245
116.51,0.021179,113.26,107.59,0.025499
117.65,0.02058,114.46,106.3,0.024794
118.78,0.020009,115.65,105.02,0.024123
119.96,0.019435,116.89,103.7,0.023448
121.2,0.018858,118.19,102.33,0.02277
122.45,0.018296,119.51,100.95,0.022109
123.62,0.017799,120.73,99.683,0.021524
124.66,0.017389,121.81,98.596,0.021043
125.08,0.017267,122.25,98.231,0.020906
124.75,0.017491,121.89,98.749,0.021179
123.68,0.018051,120.76,100.1,0.021851
122.52,0.018645,119.53,101.51,0.022561
121.18,0.019338,118.11,103.12,0.023387
119.77,0.020081,116.62,104.78,0.024269
118.37,0.02083,115.14,106.42,0.025157
117.12,0.021509,113.83,107.85,0.025959
115.96,0.022151,112.6,109.18,0.026715
114.89,0.022748,111.47,110.39,0.027416
113.92,0.023294,110.44,111.47,0.028055
112.99,0.023816,109.46,112.49,0.028664
112.2,0.024256,108.63,113.35,0.029176
111.56,0.024603,107.96,114.02,0.029576
111.09,0.024848,107.46,114.5,0.029857
110.76,0.024995,107.12,114.81,0.030022
110.58,0.025044,106.94,114.93,0.030072
110.54,0.02501,106.9,114.91,0.030026
110.61,0.024903,106.98,114.75,0.029893
110.8,0.02473,107.19,114.46,0.029685
111.12,0.024476,107.54,114.03,0.029383
111.61,0.02413,108.06,113.41,0.028974
112.27,0.02369,108.76,112.6,0.028454
113.02,0.023209,109.56,111.69,0.027887
113.88,0.022679,110.47,110.66,0.027263
114.82,0.022127,111.47,109.56,0.026614
115.78,0.021578,112.49,108.44,0.025968
116.7,0.021077,113.46,107.38,0.025379
117.61,0.020598,114.42,106.34,0.024816
118.52,0.020138,115.38,105.31,0.024275
119.44,0.019686,116.34,104.28,0.023744
120.39,0.019234,117.34,103.23,0.023212
121.37,0.018781,118.37,102.14,0.022679
122.35,0.01834,119.4,101.06,0.022161
123.29,0.017935,120.39,100.03,0.021684
124.11,0.0176,121.24,99.164,0.021291
124.71,0.017369,121.87,98.541,0.02102
125.04,0.017269,122.21,98.249,0.020906
125.03,0.017319,122.2,98.342,0.020971
124.71,0.017513,121.85,98.802,0.021206
124.09,0.01784,121.19,99.593,0.021599
123.22,0.018285,120.27,100.66,0.022132
122.18,0.018823,119.17,101.93,0.022774
121.03,0.019416,117.96,103.29,0.023479
119.85,0.020039,116.7,104.69,0.02422
118.67,0.020669,115.46,106.07,0.024966
117.54,0.021283,114.26,107.38,0.025692
115.95,0.022158,112.59,109.19,0.026723
114.53,0.022951,111.09,110.79,0.027654
113.29,0.023648,109.78,112.17,0.028468
112.26,0.024224,108.69,113.29,0.029139
111.57,0.024597,107.97,114.01,0.02957
111.07,0.024856,107.44,114.52,0.029866
110.74,0.025001,107.1,114.82,0.030029
110.57,0.025045,106.93,114.94,0.030073
110.54,0.025006,106.9,114.9,0.03002
110.62,0.024892,107,114.73,0.029881
110.83,0.024704,107.22,114.42,0.029654
111.19,0.024429,107.61,113.94,0.029327
111.71,0.024059,108.17,113.28,0.02889
112.42,0.023591,108.92,112.42,0.028337
113.29,0.02304,109.85,111.37,0.027687
114.29,0.022437,110.9,110.18,0.026978
115.4,0.021796,112.08,108.89,0.026224
116.52,0.021176,113.27,107.59,0.025495
117.63,0.02059,114.44,106.32,0.024807
118.73,0.020032,115.6,105.07,0.02415
119.92,0.019457,116.84,103.75,0.023474
121.15,0.018879,118.14,102.38,0.022795
122.41,0.018316,119.46,101,0.022132
123.58,0.017815,120.69,99.724,0.021543
124.37,0.017498,121.51,98.891,0.021171
124.89,0.017308,122.06,98.37,0.02095
125.08,0.017274,122.25,98.245,0.020915
124.89,0.017411,122.04,98.557,0.021083
124.36,0.017699,121.48,99.252,0.02143
123.54,0.018124,120.6,100.28,0.021939
122.49,0.018662,119.5,101.55,0.022581
121.29,0.019279,118.23,102.98,0.023317
120.13,0.019889,117,104.36,0.024042
118.96,0.02051,115.77,105.72,0.024778
117.83,0.021121,114.58,107.04,0.025501
116.76,0.021708,113.44,108.27,0.026194
115.33,0.022504,111.93,109.9,0.02713
114.05,0.023221,110.58,111.33,0.02797
112.94,0.023845,109.41,112.55,0.028698
112.02,0.024353,108.44,113.54,0.029288
111.42,0.024679,107.81,114.17,0.029664
110.98,0.024899,107.35,114.61,0.029915
110.7,0.025017,107.06,114.85,0.030046
110.56,0.025045,106.92,114.94,0.030072
110.54,0.024998,106.9,114.89,0.03001
110.63,0.024884,107,114.72,0.029871
110.83,0.024701,107.23,114.41,0.029651
111.18,0.024438,107.59,113.96,0.029338
111.69,0.024076,108.14,113.31,0.028909
112.38,0.023616,108.88,112.46,0.028367
113.23,0.023074,109.79,111.43,0.027728
114.21,0.02248,110.83,110.27,0.027028
115.34,0.021827,112.02,108.95,0.02626
116.49,0.021194,113.23,107.63,0.025516
117.62,0.020597,114.42,106.34,0.024814
118.74,0.020027,115.61,105.06,0.024145
119.94,0.019445,116.87,103.72,0.023461
121.19,0.01886,118.19,102.33,0.022773
122.46,0.018292,119.52,100.94,0.022104
123.64,0.017789,120.75,99.658,0.021513
124.75,0.017356,121.91,98.506,0.021006
125.07,0.017288,122.24,98.271,0.020932
124.46,0.017644,121.59,99.12,0.021364
123.02,0.018391,120.06,100.91,0.022258
121.25,0.0193,118.19,103.03,0.023342
119.35,0.020305,116.18,105.28,0.024535
117.5,0.021303,114.22,107.42,0.025716
115.82,0.02223,112.45,109.34,0.026808
114.64,0.022891,111.2,110.67,0.027584
113.58,0.023485,110.09,111.85,0.028278
112.66,0.024,109.12,112.85,0.028879
111.9,0.024423,108.31,113.67,0.029368
111.31,0.024736,107.69,114.28,0.029729
110.89,0.024938,107.26,114.68,0.029958
110.65,0.025034,107,114.89,0.030064
110.54,0.025038,106.9,114.94,0.030062
110.55,0.024969,106.92,114.85,0.029975
110.68,0.024832,107.06,114.63,0.029808
110.93,0.024621,107.33,114.28,0.029556
111.33,0.024325,107.76,113.76,0.029204
111.87,0.02395,108.34,113.08,0.02876
112.58,0.023489,109.09,112.22,0.028217
113.42,0.022959,109.99,111.21,0.027593
114.37,0.022389,110.99,110.09,0.026921
115.42,0.021781,112.11,108.86,0.026207
116.49,0.021193,113.23,107.63,0.025515
117.54,0.020636,114.34,106.42,0.02486
118.59,0.020104,115.45,105.24,0.024235
119.8,0.019513,116.72,103.88,0.02354
121.06,0.01892,118.05,102.48,0.022842
122.35,0.018339,119.4,101.05,0.022159
123.56,0.017822,120.67,99.742,0.021551
124.37,0.017497,121.51,98.888,0.02117
124.9,0.017305,122.07,98.361,0.020947
125.08,0.017277,122.24,98.251,0.020919
124.86,0.017429,122.01,98.6,0.021104
124.3,0.017731,121.41,99.329,0.021468
123.45,0.01817,120.51,100.39,0.021994
122.38,0.018719,119.38,101.69,0.02265
121.16,0.019346,118.1,103.14,0.023397
120,0.019959,116.86,104.51,0.024124
118.83,0.020579,115.63,105.88,0.02486
117.71,0.021188,114.45,107.18,0.02558
116.65,0.021772,113.32,108.4,0.026269
115.28,0.022532,111.88,109.95,0.027163
114.05,0.023219,110.58,111.33,0.027968
112.98,0.02382,109.46,112.5,0.028669
112.09,0.024316,108.52,113.46,0.029245
111.47,0.024654,107.86,114.12,0.029635
111.01,0.024885,107.38,114.58,0.029899
110.71,0.025012,107.07,114.84,0.03004
110.56,0.025046,106.92,114.94,0.030073
110.54,0.025004,106.9,114.9,0.030017
110.62,0.024893,106.99,114.73,0.029882
110.82,0.024713,107.21,114.44,0.029665
111.16,0.024453,107.57,113.99,0.029356
111.67,0.02409,108.12,113.34,0.028926
112.36,0.023628,108.86,112.49,0.028381
113.22,0.023081,109.78,111.45,0.027736
114.21,0.02248,110.83,110.27,0.027028
115.35,0.021822,112.03,108.94,0.026255
116.5,0.021185,113.25,107.61,0.025506
117.64,0.020584,114.45,106.31,0.024799
118.77,0.020011,115.64,105.03,0.024126
119.96,0.019435,116.89,103.7,0.023448
121.2,0.018856,118.2,102.32,0.022767
122.46,0.018293,119.51,100.94,0.022105
123.63,0.017795,120.74,99.672,0.021519
124.73,0.017361,121.89,98.521,0.021012
125.08,0.017284,122.24,98.264,0.020928
124.5,0.017624,121.63,99.071,0.021339
123.1,0.018349,120.14,100.81,0.022208
121.52,0.019163,118.47,102.72,0.023179
119.79,0.02007,116.64,104.76,0.024257
118.08,0.020988,114.84,106.75,0.025343
116.49,0.02186,113.15,108.58,0.026372
115.05,0.02266,111.63,110.21,0.027313
113.78,0.023374,110.29,111.63,0.028149
112.69,0.023986,109.14,112.83,0.028862
111.81,0.024471,108.22,113.77,0.029425
111.26,0.02476,107.64,114.33,0.029757
110.88,0.024945,107.24,114.7,0.029967
110.64,0.025034,107,114.9,0.030064
110.54,0.025039,106.9,114.94,0.030063
110.55,0.024975,106.92,114.86,0.029981
110.67,0.024845,107.05,114.65,0.029824
110.9,0.024646,107.3,114.32,0.029585
111.27,0.024366,107.7,113.83,0.029252
111.8,0.023998,108.26,113.17,0.028818
112.49,0.023542,109,112.32,0.02828
113.33,0.023013,109.89,111.32,0.027656
114.28,0.022439,110.9,110.19,0.026981
115.36,0.021815,112.04,108.93,0.026246
116.46,0.021209,113.2,107.66,0.025535
117.54,0.020637,114.34,106.42,0.024861
118.61,0.02009,115.48,105.21,0.024219
119.84,0.019493,116.76,103.84,0.023517
121.12,0.018893,118.11,102.41,0.022811
122.43,0.018307,119.48,100.97,0.022122
123.64,0.01779,120.75,99.661,0.021514
124.46,0.017461,121.61,98.791,0.021127
124.97,0.017286,122.13,98.304,0.020925
125.06,0.017299,122.22,98.296,0.020946
124.71,0.017513,121.84,98.803,0.021206
124.1,0.017833,121.2,99.577,0.021591
123.26,0.018266,120.31,100.62,0.022109
122.24,0.018788,119.24,101.85,0.022732
121.11,0.019372,118.04,103.2,0.023428
119.95,0.019984,116.81,104.57,0.024155
118.79,0.020604,115.59,105.93,0.024889
117.67,0.021211,114.4,107.23,0.025607
116.61,0.021793,113.28,108.44,0.026293
115.26,0.022542,111.86,109.97,0.027175
114.05,0.02322,110.58,111.33,0.027969
113,0.023814,109.47,112.49,0.028662
112.11,0.024306,108.54,113.44,0.029233
111.48,0.024647,107.87,114.11,0.029627
111.02,0.024881,107.39,114.57,0.029895
110.72,0.02501,107.08,114.84,0.030039
110.57,0.025046,106.92,114.94,0.030074
110.54,0.025005,106.9,114.9,0.030019
110.62,0.024895,106.99,114.74,0.029884
110.82,0.024716,107.21,114.44,0.029668
111.15,0.024456,107.57,113.99,0.029359
111.66,0.024093,108.12,113.34,0.02893
112.36,0.02363,108.86,112.49,0.028383
113.22,0.023082,109.77,111.45,0.027737
114.22,0.022479,110.83,110.27,0.027027
115.35,0.02182,112.03,108.94,0.026253
116.51,0.021183,113.25,107.6,0.025503
117.65,0.020581,114.46,106.3,0.024796
118.78,0.020008,115.65,105.02,0.024122
119.97,0.019433,116.9,103.69,0.023446
121.2,0.018855,118.2,102.32,0.022767
122.46,0.018294,119.51,100.94,0.022106
123.62,0.017796,120.73,99.676,0.021521
124.73,0.017362,121.89,98.524,0.021013
125.08,0.017284,122.24,98.263,0.020927
124.5,0.017622,121.63,99.065,0.021337
123.11,0.018344,120.15,100.8,0.022203
121.55,0.019148,118.5,102.68,0.023161
119.84,0.020043,116.7,104.7,0.024225
118.15,0.020951,114.91,106.68,0.0253
116.57,0.021816,113.24,108.49,0.026321
115.14,0.022611,111.73,110.11,0.027256
113.87,0.023324,110.39,111.53,0.02809
112.77,0.023937,109.23,112.73,0.028806
111.88,0.02443,108.3,113.69,0.029377
111.32,0.024732,107.7,114.27,0.029725
110.91,0.02493,107.28,114.67,0.02995
110.66,0.025029,107.02,114.88,0.030059
110.55,0.025042,106.9,114.94,0.030067
110.55,0.024984,106.91,114.87,0.029992
110.65,0.024859,107.03,114.68,0.029841
110.88,0.024666,107.27,114.35,0.029609
111.24,0.024392,107.66,113.88,0.029283
111.76,0.024026,108.22,113.22,0.02885
112.45,0.023569,108.96,112.38,0.028312
113.29,0.023037,109.85,111.36,0.027684
114.25,0.022457,110.87,110.22,0.027001
115.35,0.021823,112.03,108.94,0.026255
116.46,0.021208,113.2,107.66,0.025533
117.56,0.020626,114.36,106.4,0.024849
118.65,0.020072,115.51,105.17,0.024198
119.87,0.019478,116.8,103.8,0.023499
121.15,0.018881,118.14,102.38,0.022797
122.44,0.0183,119.5,100.96,0.022113
123.65,0.017787,120.76,99.651,0.02151
124.45,0.017467,121.59,98.808,0.021135
124.95,0.017291,122.11,98.32,0.020931
125.07,0.017289,122.23,98.276,0.020934
124.77,0.017476,121.92,98.714,0.021161
124.13,0.017817,121.24,99.539,0.021572
123.2,0.018297,120.25,100.69,0.022146
122.06,0.018884,119.04,102.07,0.022846
120.79,0.019541,117.7,103.58,0.023629
119.62,0.02016,116.46,104.96,0.024364
118.46,0.02078,115.24,106.31,0.025098
117.35,0.021384,114.07,107.59,0.025811
116.31,0.021959,112.96,108.79,0.026489
115.07,0.022648,111.66,110.19,0.027299
113.96,0.023273,110.48,111.43,0.028031
112.98,0.023824,109.45,112.51,0.028673
112.15,0.024285,108.58,113.41,0.029209
111.5,0.024635,107.9,114.08,0.029614
111.03,0.024876,107.4,114.56,0.029889
110.72,0.025009,107.08,114.84,0.030037
110.57,0.025046,106.92,114.94,0.030074
110.54,0.025005,106.9,114.9,0.030019
110.62,0.024893,106.99,114.73,0.029882
110.82,0.02471,107.21,114.43,0.029662
111.17,0.024445,107.58,113.97,0.029347
111.68,0.024081,108.14,113.32,0.028915
112.38,0.023616,108.88,112.46,0.028367
113.24,0.023067,109.8,111.42,0.02772
114.24,0.022465,110.85,110.24,0.027012
115.36,0.021814,112.05,108.92,0.026245
116.51,0.021183,113.25,107.6,0.025503
117.63,0.020587,114.44,106.31,0.024803
118.76,0.020019,115.63,105.05,0.024136
119.94,0.019443,116.87,103.72,0.023458
121.18,0.018864,118.18,102.34,0.022777
122.44,0.018301,119.5,100.96,0.022114
123.61,0.017801,120.72,99.69,0.021527
124.41,0.017479,121.56,98.841,0.021149
124.93,0.017296,122.09,98.336,0.020937
125.07,0.017284,122.24,98.265,0.020928
124.81,0.017457,121.95,98.668,0.021138
124.2,0.017783,121.31,99.455,0.02153
123.3,0.018246,120.35,100.57,0.022085
122.18,0.018818,119.17,101.92,0.022768
120.94,0.019463,117.86,103.4,0.023536
119.77,0.02008,116.62,104.78,0.024268
118.61,0.0207,115.4,106.14,0.025003
117.5,0.021305,114.22,107.43,0.025719
116.44,0.021884,113.11,108.63,0.026401
115.16,0.022597,111.75,110.09,0.027239
114.01,0.023244,110.54,111.37,0.027997
113,0.023813,109.47,112.49,0.02866
112.14,0.024287,108.57,113.41,0.029212
111.5,0.024636,107.89,114.08,0.029614
111.03,0.024875,107.4,114.56,0.029888
110.72,0.025008,107.08,114.83,0.030037
110.57,0.025046,106.92,114.94,0.030074
110.53,0.025006,106.9,114.9,0.03002
110.62,0.024896,106.99,114.74,0.029886
110.82,0.024716,107.21,114.44,0.029668
111.15,0.024454,107.57,113.99,0.029357
111.67,0.02409,108.12,113.34,0.028926
112.36,0.023626,108.86,112.48,0.028378
113.23,0.023076,109.78,111.44,0.02773
114.23,0.022472,110.84,110.26,0.02702
115.36,0.021816,112.04,108.93,0.026248
116.51,0.021181,113.26,107.6,0.025501
117.65,0.020581,114.45,106.3,0.024796
118.78,0.02001,115.65,105.03,0.024124
119.96,0.019435,116.89,103.7,0.023449
121.2,0.018859,118.19,102.33,0.022771
122.45,0.018297,119.5,100.95,0.02211
123.61,0.0178,120.72,99.686,0.021526
124.74,0.01736,121.9,98.516,0.02101
125.07,0.017287,122.24,98.27,0.020931
124.46,0.017645,121.58,99.123,0.021365
123,0.018398,120.04,100.93,0.022266
121.22,0.019317,118.16,103.07,0.023362
119.3,0.020331,116.12,105.34,0.024566
117.44,0.021336,114.16,107.49,0.025754
115.75,0.022267,112.38,109.42,0.026852
114.58,0.022924,111.14,110.74,0.027622
113.53,0.023513,110.03,111.9,0.028312
112.62,0.024024,109.07,112.9,0.028906
111.86,0.024441,108.28,113.71,0.029389
111.28,0.024748,107.67,114.31,0.029743
110.88,0.024945,107.24,114.7,0.029966
110.64,0.025036,106.99,114.9,0.030066
110.54,0.025037,106.9,114.94,0.03006
110.56,0.024966,106.92,114.85,0.029971
110.69,0.024827,107.07,114.63,0.029802
110.94,0.024615,107.34,114.27,0.029548
111.34,0.024317,107.77,113.75,0.029195
111.89,0.023942,108.35,113.07,0.02875
112.59,0.023481,109.1,112.21,0.028208
113.43,0.022953,110,111.2,0.027585
114.38,0.022384,111,110.08,0.026916
115.43,0.021779,112.11,108.85,0.026204
116.49,0.021193,113.23,107.62,0.025515
117.54,0.020638,114.34,106.43,0.024862
118.58,0.020108,115.44,105.25,0.024239
119.79,0.019517,116.71,103.89,0.023545
121.06,0.018923,118.04,102.48,0.022846
122.35,0.018342,119.4,101.06,0.022163
123.56,0.017824,120.66,99.748,0.021554
124.38,0.017492,121.53,98.875,0.021164
124.92,0.0173,122.08,98.348,0.020941
125.07,0.017282,122.24,98.262,0.020925
124.81,0.017453,121.96,98.659,0.021134
124.21,0.017774,121.32,99.435,0.02152
123.33,0.018232,120.38,100.54,0.022068
122.22,0.018798,119.22,101.87,0.022744
120.99,0.019438,117.91,103.35,0.023507
119.82,0.020054,116.67,104.73,0.024237
118.66,0.020674,115.45,106.08,0.024972
117.54,0.02128,114.27,107.37,0.025689
116.49,0.02186,113.15,108.58,0.026373
115.19,0.022582,111.78,110.06,0.027222
114.02,0.023236,110.55,111.36,0.027988
113,0.023811,109.47,112.49,0.028659
112.14,0.024291,108.57,113.42,0.029216
111.5,0.024638,107.89,114.09,0.029616
111.03,0.024876,107.4,114.56,0.029889
110.72,0.025009,107.08,114.84,0.030037
110.57,0.025046,106.92,114.94,0.030074
110.53,0.025006,106.9,114.9,0.030021
110.62,0.024897,106.99,114.74,0.029886
110.81,0.024717,107.21,114.44,0.02967
111.15,0.024456,107.57,113.99,0.029359
111.66,0.024092,108.12,113.34,0.028929
112.36,0.023628,108.86,112.49,0.028381
113.23,0.023078,109.78,111.44,0.027733
114.22,0.022474,110.84,110.26,0.027022
115.36,0.021817,112.04,108.93,0.026249
116.51,0.021181,113.26,107.6,0.025501
117.65,0.02058,114.46,106.3,0.024795
118.78,0.020008,115.65,105.02,0.024122
119.96,0.019434,116.89,103.7,0.023447
121.2,0.018857,118.19,102.33,0.022769
122.45,0.018296,119.51,100.95,0.022109
123.62,0.017799,120.72,99.684,0.021525
124.73,0.017361,121.89,98.52,0.021011
125.07,0.017286,122.24,98.267,0.02093
124.48,0.017636,121.6,99.101,0.021354
123.04,0.018378,120.08,100.88,0.022242
121.22,0.019317,118.16,103.07,0.023362
119.25,0.020356,116.07,105.39,0.024596
117.35,0.021384,114.07,107.59,0.025811
115.64,0.022332,112.25,109.55,0.026928
114.48,0.022981,111.03,110.85,0.027689
113.44,0.023562,109.94,112,0.028368
112.55,0.024063,109,112.98,0.028952
111.81,0.02447,108.22,113.76,0.029424
111.25,0.024768,107.63,114.34,0.029766
110.85,0.024955,107.22,114.72,0.029978
110.62,0.025039,106.98,114.91,0.030069
110.54,0.025034,106.89,114.94,0.030057
110.56,0.024959,106.93,114.84,0.029962
110.7,0.024817,107.08,114.61,0.02979
110.96,0.024602,107.36,114.25,0.029533
111.36,0.024303,107.79,113.72,0.029178
111.91,0.023926,108.38,113.04,0.028732
112.61,0.023466,109.13,112.18,0.02819
113.45,0.022939,110.02,111.17,0.027569
114.39,0.022374,111.02,110.06,0.026904
115.44,0.021773,112.12,108.84,0.026197
116.49,0.021191,113.24,107.62,0.025513
117.53,0.020639,114.34,106.43,0.024864
118.57,0.020113,115.43,105.26,0.024245
119.78,0.019522,116.7,103.9,0.023551
121.04,0.018929,118.03,102.5,0.022854
122.33,0.018348,119.38,101.08,0.02217
123.54,0.01783,120.65,99.763,0.02156
124.33,0.017512,121.47,98.93,0.021188
124.86,0.017317,122.03,98.395,0.02096
125.07,0.017271,122.24,98.241,0.020911
124.92,0.017392,122.07,98.512,0.021059
124.43,0.017662,121.55,99.163,0.021385
123.64,0.018069,120.72,100.14,0.021873
122.63,0.018589,119.65,101.38,0.022495
121.46,0.019192,118.41,102.78,0.023213
120.3,0.019799,117.18,104.16,0.023934
119.13,0.02042,115.95,105.53,0.024671
117.99,0.021034,114.75,106.85,0.025398
116.91,0.021626,113.6,108.1,0.026097
115.36,0.022489,111.96,109.87,0.027112
113.98,0.023261,110.51,111.41,0.028016
112.8,0.023922,109.26,112.7,0.028787
111.85,0.024446,108.27,113.72,0.029396
111.3,0.024742,107.68,114.29,0.029737
110.9,0.024936,107.27,114.68,0.029956
110.65,0.025031,107.01,114.89,0.030061
110.54,0.025042,106.9,114.94,0.030067
110.55,0.024982,106.91,114.87,0.029991
110.65,0.024858,107.03,114.68,0.029839
110.88,0.024664,107.28,114.35,0.029606
111.24,0.02439,107.66,113.88,0.029281
111.76,0.024025,108.22,113.22,0.028849
112.45,0.023569,108.96,112.38,0.028311
113.29,0.023038,109.85,111.36,0.027685
114.25,0.022459,110.86,110.23,0.027004
115.34,0.021825,112.02,108.95,0.026258
116.45,0.02121,113.2,107.66,0.025536
117.55,0.020629,114.36,106.41,0.024852
118.65,0.020075,115.51,105.17,0.024201
119.87,0.019479,116.79,103.8,0.023501
121.15,0.018881,118.14,102.38,0.022797
122.45,0.018298,119.5,100.95,0.022112
123.65,0.017785,120.76,99.646,0.021507
124.46,0.017463,121.6,98.799,0.021131
124.95,0.017289,122.12,98.314,0.020929
125.06,0.017293,122.23,98.284,0.020938
124.75,0.017488,121.89,98.742,0.021176
124.18,0.017794,121.28,99.483,0.021544
123.36,0.018215,120.42,100.49,0.022048
122.36,0.018727,119.36,101.71,0.022659
121.24,0.019305,118.18,103.04,0.023347
120.08,0.019914,116.95,104.42,0.024072
118.92,0.020534,115.72,105.78,0.024806
117.79,0.021142,114.53,107.08,0.025526
116.73,0.021727,113.41,108.31,0.026216
115.32,0.022511,111.92,109.91,0.027138
114.06,0.023217,110.59,111.32,0.027966
112.96,0.023833,109.43,112.53,0.028684
112.05,0.024338,108.47,113.51,0.029271
111.44,0.024669,107.83,114.15,0.029653
110.99,0.024894,107.36,114.59,0.029909
110.7,0.025016,107.06,114.85,0.030045
110.56,0.025046,106.92,114.94,0.030073
110.54,0.025001,106.9,114.9,0.030014
110.62,0.024889,107,114.73,0.029877
110.83,0.024708,107.22,114.43,0.029659
111.16,0.024446,107.58,113.97,0.029348
111.68,0.024084,108.13,113.33,0.028919
112.37,0.023623,108.87,112.48,0.028375
113.23,0.023079,109.78,111.44,0.027734
114.21,0.022481,110.82,110.27,0.02703
115.34,0.021826,112.02,108.95,0.026259
116.49,0.021191,113.24,107.62,0.025512
117.63,0.020591,114.43,106.32,0.024808
118.76,0.02002,115.62,105.05,0.024136
119.95,0.01944,116.88,103.71,0.023455
121.2,0.018858,118.19,102.33,0.02277
122.46,0.018292,119.52,100.94,0.022104
123.63,0.017792,120.74,99.665,0.021516
124.74,0.017359,121.9,98.516,0.021009
125.07,0.017286,122.24,98.268,0.02093
124.48,0.017632,121.61,99.09,0.021349
123.07,0.018364,120.11,100.85,0.022226
121.24,0.019306,118.18,103.04,0.023348
119.26,0.02035,116.09,105.38,0.024588
117.35,0.021382,114.07,107.59,0.02581
115.63,0.022336,112.25,109.56,0.026932
114.47,0.022984,111.03,110.86,0.027693
113.44,0.023565,109.94,112,0.028371
112.55,0.024065,108.99,112.98,0.028954
111.81,0.024472,108.22,113.77,0.029425
111.24,0.024769,107.63,114.35,0.029767
110.85,0.024956,107.22,114.72,0.029979
110.62,0.025039,106.98,114.91,0.03007
110.53,0.025034,106.89,114.94,0.030057
110.56,0.024959,106.93,114.84,0.029962
110.7,0.024817,107.08,114.61,0.02979
110.96,0.024602,107.36,114.25,0.029533
111.36,0.024303,107.79,113.72,0.029177
111.91,0.023926,108.38,113.04,0.028732
112.61,0.023465,109.13,112.18,0.028189
113.45,0.022939,110.02,111.17,0.027569
114.39,0.022373,111.02,110.06,0.026903
115.44,0.021772,112.12,108.84,0.026197
116.49,0.021191,113.24,107.62,0.025513
117.53,0.020639,114.34,106.43,0.024864
118.57,0.020113,115.43,105.26,0.024245
119.78,0.019522,116.7,103.9,0.023551
121.04,0.018929,118.03,102.5,0.022854
122.33,0.018349,119.38,101.08,0.022171
123.54,0.01783,120.65,99.763,0.021561
124.33,0.017512,121.47,98.93,0.021188
124.86,0.017317,122.03,98.395,0.02096
125.07,0.017272,122.24,98.242,0.020912
124.92,0.017393,122.07,98.514,0.02106
124.43,0.017663,121.55,99.166,0.021387
123.64,0.018071,120.71,100.15,0.021876
122.62,0.018592,119.64,101.39,0.022498
121.45,0.019195,118.4,102.79,0.023217
120.29,0.019802,117.18,104.17,0.023939
119.12,0.020423,115.94,105.54,0.024676
117.99,0.021037,114.74,106.86,0.025402
116.91,0.021629,113.6,108.1,0.026101
115.36,0.022489,111.96,109.87,0.027112
113.98,0.023258,110.51,111.4,0.028013
112.81,0.023918,109.27,112.69,0.028782
111.86,0.024441,108.28,113.71,0.02939
111.3,0.024739,107.69,114.29,0.029733
110.9,0.024934,107.27,114.68,0.029954
110.66,0.025031,107.01,114.89,0.030061
110.54,0.025042,106.9,114.94,0.030067
110.54,0.024983,106.91,114.87,0.029992
110.65,0.024859,107.03,114.68,0.029841
110.88,0.024666,107.27,114.36,0.029609
111.24,0.024393,107.66,113.88,0.029285
111.76,0.024029,108.22,113.23,0.028853
112.45,0.023573,108.95,112.38,0.028315
113.29,0.02304,109.84,111.37,0.027689
114.25,0.022461,110.86,110.23,0.027006
115.34,0.021826,112.02,108.95,0.026259
116.46,0.02121,113.2,107.66,0.025535
117.56,0.020628,114.36,106.4,0.02485
118.65,0.020073,115.51,105.17,0.024198
119.87,0.019478,116.8,103.8,0.023499
121.15,0.01888,118.14,102.38,0.022796
122.45,0.018298,119.5,100.95,0.022111
123.65,0.017784,120.76,99.646,0.021507
124.46,0.017461,121.61,98.793,0.021128
124.96,0.017288,122.13,98.31,0.020927
125.06,0.017295,122.23,98.289,0.020942
124.73,0.017498,121.87,98.767,0.021188
124.15,0.01781,121.25,99.521,0.021563
123.32,0.018235,120.38,100.54,0.022072
122.31,0.018751,119.31,101.76,0.022688
121.19,0.019332,118.13,103.1,0.02338
120.03,0.019942,116.9,104.48,0.024105
118.87,0.020562,115.67,105.84,0.024839
117.74,0.02117,114.48,107.14,0.025558
116.68,0.021754,113.36,108.36,0.026247
115.3,0.022523,111.89,109.94,0.027151
114.06,0.023217,110.59,111.32,0.027965
112.98,0.023824,109.45,112.51,0.028673
112.08,0.024323,108.5,113.48,0.029254
111.46,0.024659,107.85,114.13,0.029641
111,0.024888,107.37,114.58,0.029903
110.71,0.025013,107.07,114.85,0.030042
110.56,0.025046,106.92,114.94,0.030074
110.54,0.025003,106.9,114.9,0.030017
110.62,0.024892,106.99,114.73,0.029881
110.82,0.024712,107.21,114.43,0.029664
111.16,0.024452,107.57,113.98,0.029354
111.67,0.024089,108.12,113.34,0.028925
112.36,0.023628,108.86,112.48,0.02838
113.22,0.023081,109.77,111.45,0.027736
114.21,0.022481,110.83,110.27,0.02703
115.35,0.021824,112.03,108.94,0.026257
116.5,0.021187,113.24,107.61,0.025508
117.64,0.020586,114.44,106.31,0.024802
118.77,0.020014,115.64,105.03,0.024129
119.96,0.019436,116.89,103.7,0.02345
121.2,0.018857,118.19,102.32,0.022768
122.46,0.018293,119.51,100.94,0.022105
123.63,0.017794,120.74,99.67,0.021518
124.73,0.017361,121.89,98.521,0.021012
125.08,0.017285,122.24,98.265,0.020928
124.5,0.017624,121.62,99.072,0.02134
123.1,0.018349,120.14,100.81,0.022208
121.51,0.019167,118.46,102.73,0.023183
119.77,0.020077,116.63,104.78,0.024265
118.06,0.020998,114.82,106.77,0.025355
116.47,0.021872,113.13,108.61,0.026387
115.02,0.022674,111.61,110.24,0.027329
113.75,0.023389,110.26,111.66,0.028166
112.66,0.024,109.12,112.85,0.028878
111.79,0.024483,108.19,113.79,0.029439
111.25,0.024768,107.63,114.34,0.029766
110.87,0.02495,107.23,114.71,0.029972
110.64,0.025036,107,114.9,0.030066
110.54,0.025038,106.9,114.94,0.030062
110.55,0.024972,106.92,114.85,0.029978
110.67,0.024841,107.05,114.65,0.029819
110.91,0.02464,107.31,114.31,0.029578
111.28,0.024359,107.71,113.82,0.029244
111.81,0.023991,108.28,113.16,0.028808
112.5,0.023534,109.01,112.31,0.02827
113.34,0.023006,109.9,111.3,0.027648
114.29,0.022434,110.91,110.18,0.026975
115.37,0.021812,112.05,108.92,0.026243
116.46,0.02121,113.2,107.66,0.025535
117.53,0.020639,114.34,106.43,0.024864
118.6,0.020095,115.47,105.22,0.024225
119.83,0.019497,116.76,103.84,0.023522
121.11,0.018896,118.1,102.42,0.022815
122.42,0.01831,119.47,100.98,0.022126
123.63,0.017792,120.74,99.666,0.021516
124.44,0.017468,121.59,98.813,0.021137
124.95,0.017291,122.11,98.319,0.02093
125.07,0.017291,122.23,98.279,0.020936
124.76,0.017482,121.9,98.728,0.021169
124.19,0.017785,121.3,99.462,0.021534
123.38,0.018203,120.44,100.47,0.022034
122.39,0.018713,119.39,101.67,0.022643
121.27,0.019289,118.21,103.01,0.023329
120.11,0.019898,116.98,104.38,0.024053
118.95,0.020517,115.76,105.74,0.024787
117.82,0.021127,114.56,107.05,0.025508
116.75,0.021713,113.44,108.28,0.026199
115.33,0.022505,111.93,109.9,0.027131
114.05,0.023219,110.58,111.32,0.027967
112.95,0.02384,109.42,112.54,0.028692
112.03,0.024348,108.45,113.53,0.029282
111.42,0.024676,107.81,114.16,0.02966
110.98,0.024898,107.35,114.6,0.029913
110.7,0.025017,107.06,114.85,0.030046
110.56,0.025046,106.92,114.94,0.030073
110.54,0.025,106.9,114.89,0.030012
110.63,0.024887,107,114.72,0.029874
110.83,0.024704,107.22,114.42,0.029654
111.17,0.024442,107.59,113.97,0.029343
111.68,0.02408,108.14,113.32,0.028914
112.37,0.02362,108.87,112.47,0.028371
113.23,0.023077,109.78,111.44,0.027731
114.21,0.022481,110.83,110.27,0.02703
115.34,0.021827,112.02,108.95,0.02626
116.49,0.021193,113.23,107.63,0.025515
117.62,0.020595,114.43,106.33,0.024812
118.75,0.020025,115.61,105.06,0.024142
119.94,0.019443,116.87,103.72,0.023458
121.19,0.01886,118.19,102.33,0.022772
122.46,0.018292,119.52,100.94,0.022104
123.64,0.01779,120.75,99.661,0.021514
124.74,0.017358,121.9,98.511,0.021008
125.07,0.017287,122.24,98.27,0.020931
124.47,0.017639,121.6,99.107,0.021357
123.04,0.018378,120.08,100.88,0.022243
121.25,0.019301,118.19,103.03,0.023343
119.31,0.020323,116.14,105.32,0.024557
117.44,0.021336,114.16,107.49,0.025755
115.74,0.022275,112.36,109.43,0.026861
114.57,0.022931,111.13,110.75,0.02763
113.52,0.023519,110.02,111.92,0.028318
112.61,0.024028,109.06,112.91,0.028912
111.86,0.024444,108.27,113.71,0.029393
111.28,0.024751,107.66,114.31,0.029746
110.88,0.024946,107.24,114.7,0.029968
110.64,0.025036,106.99,114.9,0.030067
110.54,0.025037,106.9,114.94,0.03006
110.56,0.024965,106.92,114.84,0.02997
110.69,0.024826,107.07,114.62,0.029801
110.94,0.024614,107.34,114.27,0.029547
111.34,0.024316,107.77,113.74,0.029193
111.89,0.02394,108.36,113.06,0.028749
112.59,0.02348,109.1,112.21,0.028206
113.43,0.022952,110,111.2,0.027584
114.38,0.022383,111,110.08,0.026915
115.43,0.021778,112.11,108.85,0.026204
116.49,0.021193,113.23,107.62,0.025515
117.54,0.020638,114.34,106.43,0.024863
118.58,0.020108,115.44,105.25,0.02424
119.79,0.019517,116.71,103.89,0.023545
121.05,0.018924,118.04,102.49,0.022847
122.35,0.018343,119.4,101.06,0.022164
123.56,0.017824,120.66,99.749,0.021554
124.38,0.017491,121.53,98.873,0.021163
124.92,0.0173,122.08,98.346,0.020941
125.07,0.017283,122.24,98.263,0.020926
124.81,0.017457,121.95,98.668,0.021138
124.2,0.017781,121.31,99.451,0.021528
123.31,0.018241,120.36,100.56,0.02208
122.2,0.01881,119.19,101.9,0.022759
120.96,0.019452,117.88,103.38,0.023523
119.79,0.020068,116.65,104.76,0.024255
118.63,0.020689,115.42,106.11,0.024989
117.52,0.021294,114.24,107.4,0.025705
116.46,0.021873,113.13,108.61,0.026388
115.17,0.022591,111.77,110.07,0.027231
114.02,0.023241,110.54,111.37,0.027993
113,0.023812,109.47,112.49,0.02866
112.14,0.024289,108.57,113.41,0.029214
111.5,0.024637,107.89,114.09,0.029615
111.03,0.024876,107.4,114.56,0.029889
110.72,0.025009,107.08,114.84,0.030037
110.57,0.025046,106.92,114.94,0.030074
110.53,0.025006,106.9,114.9,0.030021
110.62,0.024897,106.99,114.74,0.029886
110.81,0.024716,107.21,114.44,0.029669
111.15,0.024455,107.57,113.99,0.029358
111.66,0.024091,108.12,113.34,0.028928
112.36,0.023627,108.86,112.48,0.02838
113.23,0.023077,109.78,111.44,0.027732
114.22,0.022473,110.84,110.26,0.027021
115.36,0.021817,112.04,108.93,0.026248
116.51,0.021181,113.26,107.6,0.025501
117.65,0.020581,114.46,106.3,0.024796
118.78,0.020009,115.65,105.02,0.024124
119.96,0.019435,116.89,103.7,0.023448
121.2,0.018858,118.19,102.33,0.02277
122.45,0.018297,119.5,100.95,0.02211
123.61,0.0178,120.72,99.686,0.021525
124.73,0.01736,121.89,98.518,0.021011
125.07,0.017287,122.24,98.269,0.020931
124.47,0.017641,121.59,99.112,0.02136
123.02,0.018388,120.06,100.91,0.022255
121.22,0.019316,118.16,103.07,0.023361
119.28,0.020342,116.1,105.36,0.024579
117.4,0.021357,114.12,107.54,0.02578
115.7,0.022297,112.32,109.48,0.026887
114.53,0.02295,111.09,110.79,0.027653
113.49,0.023536,109.99,111.95,0.028337
112.59,0.024042,109.04,112.93,0.028927
111.84,0.024454,108.25,113.73,0.029405
111.27,0.024758,107.65,114.32,0.029754
110.87,0.02495,107.23,114.71,0.029972
110.63,0.025038,106.99,114.91,0.030068
110.54,0.025036,106.9,114.94,0.030059
110.56,0.024963,106.93,114.84,0.029967
110.69,0.024823,107.07,114.62,0.029797
110.95,0.024609,107.35,114.26,0.029541
111.35,0.024311,107.78,113.73,0.029187
111.9,0.023935,108.36,113.05,0.028743
112.6,0.023475,109.11,112.2,0.0282
113.44,0.022947,110.01,111.19,0.027579
114.38,0.02238,111.01,110.07,0.026911
115.43,0.021776,112.12,108.85,0.026201
116.49,0.021192,113.23,107.62,0.025514
117.53,0.020639,114.34,106.43,0.024863
118.57,0.02011,115.43,105.25,0.024242
119.78,0.019519,116.71,103.9,0.023548
121.05,0.018926,118.04,102.49,0.02285
122.34,0.018345,119.39,101.07,0.022166
123.55,0.017826,120.66,99.754,0.021556
124.39,0.017487,121.54,98.862,0.021158
124.93,0.017296,122.1,98.334,0.020936
125.07,0.017288,122.23,98.273,0.020932
124.77,0.017478,121.91,98.719,0.021164
124.13,0.017818,121.23,99.541,0.021573
123.2,0.018294,120.25,100.68,0.022143
122.07,0.018877,119.05,102.06,0.022838
120.81,0.01953,117.72,103.55,0.023615
119.64,0.020148,116.49,104.93,0.02435
118.48,0.020768,115.26,106.28,0.025084
117.37,0.021372,114.09,107.57,0.025797
116.33,0.021948,112.99,108.76,0.026476
115.08,0.02264,111.67,110.17,0.02729
113.97,0.023269,110.49,111.42,0.028026
112.98,0.023822,109.45,112.51,0.028671
112.15,0.024285,108.58,113.41,0.029209
111.5,0.024635,107.9,114.08,0.029614
111.03,0.024876,107.4,114.56,0.029889
110.72,0.025009,107.08,114.84,0.030038
110.57,0.025046,106.92,114.94,0.030074
110.53,0.025005,106.9,114.9,0.03002
110.62,0.024894,106.99,114.73,0.029883
110.82,0.024712,107.21,114.43,0.029664
111.16,0.024447,107.58,113.98,0.029349
111.68,0.024083,108.13,113.32,0.028917
112.37,0.023618,108.87,112.47,0.028369
113.24,0.023069,109.8,111.42,0.027722
114.24,0.022467,110.85,110.24,0.027013
115.36,0.021814,112.04,108.93,0.026246
116.51,0.021183,113.25,107.6,0.025503
117.64,0.020586,114.44,106.31,0.024802
118.76,0.020018,115.63,105.04,0.024134
119.95,0.019442,116.88,103.72,0.023457
121.19,0.018864,118.18,102.34,0.022777
122.44,0.018301,119.5,100.96,0.022114
123.61,0.017802,120.72,99.69,0.021527
124.42,0.017475,121.57,98.831,0.021144
124.94,0.017294,122.1,98.328,0.020934
125.07,0.017288,122.23,98.274,0.020933
124.78,0.017474,121.92,98.708,0.021158
124.14,0.017811,121.25,99.525,0.021565
123.22,0.018287,120.27,100.67,0.022134
122.08,0.01887,119.07,102.04,0.02283
120.82,0.019524,117.74,103.54,0.023608
119.65,0.020142,116.5,104.92,0.024342
118.5,0.020762,115.28,106.27,0.025077
117.38,0.021366,114.1,107.55,0.02579
116.34,0.021942,113,108.75,0.026469
115.09,0.022636,111.68,110.16,0.027285
113.97,0.023266,110.49,111.42,0.028023
112.98,0.023821,109.45,112.5,0.02867
112.15,0.024285,108.58,113.41,0.029209
111.5,0.024635,107.9,114.08,0.029614
111.03,0.024876,107.4,114.56,0.029889
110.72,0.025009,107.08,114.84,0.030037
110.57,0.025047,106.92,114.94,0.030074
110.53,0.025006,106.9,114.9,0.03002
110.62,0.024895,106.99,114.74,0.029884
110.82,0.024712,107.21,114.43,0.029664
111.16,0.024448,107.58,113.98,0.02935
111.68,0.024084,108.13,113.33,0.028918
112.37,0.023619,108.87,112.47,0.02837
113.24,0.02307,109.79,111.43,0.027723
114.23,0.022467,110.85,110.25,0.027014
114.57,0.022269,111.21,109.85,0.026781
114.91,0.02207,111.57,109.45,0.026547
115.26,0.021873,111.93,109.05,0.026315
115.61,0.021677,112.3,108.64,0.026084
