150,0.0080419,148.39,65.835,0.0097571
148.74,0.0084796,147.07,67.938,0.010297
147.43,0.0089333,145.69,70.027,0.010855
146.07,0.0094036,144.26,72.102,0.011433
144.68,0.0098899,142.8,74.158,0.012029
142.51,0.010662,140.51,77.25,0.012973
140.33,0.011458,138.22,80.245,0.013946
138.14,0.01228,135.92,83.151,0.014946
135.91,0.013145,133.58,86.032,0.015995
134.07,0.013879,131.64,88.355,0.016884
132.08,0.014694,129.55,90.811,0.017868
129.88,0.015624,127.24,93.474,0.018987
127.43,0.016709,124.65,96.406,0.020288
124.79,0.017936,121.87,99.523,0.021755
121.87,0.019371,118.8,102.93,0.023465
118.71,0.021036,115.45,106.6,0.02544
115.33,0.022942,111.88,110.49,0.027693
111.28,0.025421,107.59,115.13,0.030607
107.12,0.028198,103.18,119.86,0.033849
102.95,0.031243,98.737,124.58,0.037378
98.812,0.034523,94.339,129.23,0.041147
94.578,0.038167,89.833,133.96,0.045295
90.45,0.042009,85.442,138.55,0.049622
86.435,0.046027,81.176,142.99,0.054093
82.542,0.050194,77.044,147.27,0.058672
78.677,0.054593,72.955,151.5,0.063435
74.969,0.05905,69.045,155.54,0.068186
71.436,0.063499,65.335,159.36,0.072844
68.088,0.067878,61.838,162.97,0.077341
64.966,0.072083,58.596,166.31,0.081568
62.008,0.076157,55.546,169.46,0.085572
59.201,0.080091,52.669,172.44,0.089346
56.533,0.083872,49.957,175.26,0.092877
54.348,0.086985,47.75,177.57,0.095706
52.279,0.08992,45.675,179.74,0.098299
50.341,0.092631,43.747,181.77,0.10061
48.549,0.095072,41.978,183.63,0.10261
48.205,0.095529,41.64,183.99,0.10298
47.867,0.095974,41.309,184.33,0.10333
47.536,0.096407,40.985,184.68,0.10367
47.211,0.096826,40.667,185.01,0.10399
47.116,0.096949,40.574,185.11,0.10408
47.02,0.097071,40.481,185.2,0.10418
46.926,0.097191,40.389,185.3,0.10427
46.832,0.097311,40.297,185.4,0.10436
46.814,0.097334,40.28,185.42,0.10437
44.85,0.096622,38.498,186.67,0.10242
43.093,0.09591,36.911,187.82,0.10056
41.508,0.095214,35.483,188.89,0.098791
40.061,0.094559,34.184,189.89,0.097133
38.489,0.093876,32.773,191.04,0.095341
37.034,0.093326,31.468,192.16,0.093753
35.674,0.092921,30.246,193.26,0.092372
34.399,0.092648,29.101,194.36,0.091177
33.332,0.092489,28.142,195.33,0.090238
32.338,0.092376,27.249,196.25,0.089389
31.416,0.092293,26.422,197.14,0.08861
30.557,0.092239,25.653,197.98,0.0879
29.761,0.092242,24.94,198.8,0.087289
28.981,0.092367,24.24,199.63,0.086815
28.179,0.092708,23.515,200.55,0.086551
27.311,0.093387,22.724,201.63,0.08659
26.402,0.094446,21.89,202.84,0.086995
25.36,0.096039,20.929,204.31,0.087845
24.157,0.098276,19.818,206.1,0.089219
22.777,0.10125,18.547,208.24,0.091183
21.244,0.10497,17.144,210.68,0.093733
19.542,0.10953,15.601,213.45,0.096922
17.69,0.11495,13.946,216.52,0.10076
15.714,0.12125,12.212,219.84,0.10526
14.317,0.12604,11.007,222.2,0.10871
12.891,0.13124,9.797,224.62,0.11248
11.447,0.13688,8.5939,227.08,0.11662
9.9975,0.14301,7.409,229.55,0.12119
8.802,0.1485,6.4501,231.58,0.12537
7.6143,0.15445,5.5146,233.6,0.13
6.4367,0.16098,4.6045,235.59,0.13523
5.2673,0.16822,3.7193,237.55,0.14121
5.0665,0.16955,3.5693,237.89,0.14232
4.8657,0.1709,3.4198,238.22,0.14346
4.6647,0.17228,3.2709,238.55,0.14463
4.4635,0.17368,3.1223,238.88,0.14582
4.2619,0.17511,2.9742,239.21,0.14704
4.0599,0.17656,2.8263,239.54,0.14828
3.8571,0.17803,2.6786,239.87,0.14955
3.6536,0.17953,2.531,240.2,0.15083
3.2432,0.18257,2.2356,240.86,0.15345
2.8266,0.18563,1.9387,241.53,0.15607
2.4015,0.18862,1.6389,242.19,0.15861
1.9656,0.19147,1.3349,242.87,0.16095
1.8626,0.19209,1.2635,243.02,0.16145
1.7588,0.1927,1.1918,243.18,0.16193
1.6542,0.19329,1.1197,243.34,0.16239
1.5489,0.19385,1.0472,243.5,0.16282
1.4427,0.1944,0.97443,243.66,0.16322
1.3358,0.19492,0.90125,243.82,0.1636
1.228,0.19542,0.82767,243.98,0.16394
1.1194,0.19589,0.75371,244.15,0.16426
1.043,0.19621,0.70179,244.26,0.16447
0.96626,0.19652,0.64968,244.38,0.16467
0.88909,0.19682,0.59738,244.49,0.16485
0.81152,0.19711,0.54488,244.61,0.16503
0.73359,0.19741,0.49221,244.73,0.16521
0.65526,0.1977,0.43935,244.84,0.16538
0.57651,0.19797,0.38629,244.96,0.16553
0.49738,0.19824,0.33304,245.08,0.16568
0.43025,0.1985,0.28791,245.18,0.16583
0.36281,0.19874,0.24264,245.28,0.16597
0.29507,0.19896,0.19722,245.38,0.16608
0.22706,0.19919,0.15168,245.49,0.16621
0.16975,0.19942,0.11333,245.57,0.16635
0.11222,0.19963,0.074888,245.66,0.16648
0.054482,0.1998,0.036339,245.74,0.16655
0.0034504,0.19998,0.0023002,245.83,0.16664
0.055601,0.20021,0.037049,245.91,0.16679
0.10792,0.20041,0.071876,245.99,0.16691
0.16038,0.20056,0.10677,246.07,0.16697
0.21299,0.20072,0.14173,246.14,0.16705
0.26581,0.20093,0.1768,246.22,0.16718
0.31878,0.20112,0.21193,246.3,0.16729
0.3719,0.2013,0.24713,246.38,0.16739
0.42518,0.20148,0.2824,246.46,0.16748
0.49335,0.20173,0.32748,246.56,0.16762
0.56177,0.20197,0.37267,246.67,0.16776
0.63045,0.20221,0.41797,246.77,0.16789
0.69937,0.20245,0.46339,246.87,0.16802
0.83153,0.20292,0.55031,247.07,0.16828
0.96455,0.20338,0.63759,247.27,0.16853
1.0984,0.20385,0.72522,247.47,0.16879
1.2331,0.20433,0.81315,247.67,0.16904
1.5046,0.20528,0.98983,248.08,0.16956
1.7788,0.20624,1.1673,248.49,0.17008
2.0552,0.20721,1.3454,248.9,0.1706
2.3334,0.20818,1.5238,249.31,0.17112
2.8937,0.21014,1.8802,250.15,0.17215
3.4567,0.21211,2.2347,250.99,0.17318
4.0198,0.21407,2.5855,251.83,0.1742
4.581,0.21602,2.9316,252.66,0.17519
5.6925,0.21986,3.6063,254.31,0.17712
6.7845,0.22361,4.2553,255.92,0.17896
7.8533,0.22725,4.8776,257.48,0.18069
8.8971,0.23076,5.473,258.99,0.18231
10.214,0.23513,6.207,260.85,0.18425
11.486,0.23927,6.8986,262.6,0.18601
12.714,0.24318,7.5496,264.2,0.18759
13.896,0.24685,8.1618,265.62,0.18899
16.12,0.25347,9.2764,267.75,0.19126
18.153,0.2591,10.255,268.47,0.19285
19.991,0.26374,11.108,267.11,0.19379
21.632,0.26743,11.847,262.9,0.19413
23.367,0.27068,12.609,253.08,0.19381
24.826,0.27269,13.237,238.02,0.19279
26.031,0.27361,13.75,218.96,0.19119
27.012,0.27361,14.169,198.04,0.18912
27.825,0.27283,14.52,176.73,0.1866
28.468,0.2714,14.804,157.26,0.18378
28.963,0.26944,15.032,140.49,0.18073
29.324,0.26704,15.21,126.76,0.17752
29.615,0.2631,15.379,112.68,0.17287
29.671,0.2586,15.46,103.86,0.16813
29.527,0.25373,15.464,99.238,0.16341
29.24,0.24871,15.411,97.52,0.15883
28.991,0.24515,15.353,97.315,0.15569
28.732,0.2417,15.291,97.481,0.15267
28.477,0.23838,15.228,97.762,0.14979
28.23,0.2352,15.166,98.097,0.14704
28.027,0.23265,15.114,98.496,0.14485
27.818,0.23016,15.059,99.148,0.14274
27.598,0.22773,14.997,100.14,0.14071
27.37,0.22536,14.931,101.45,0.13875
27.147,0.2231,14.865,102.9,0.13691
26.944,0.22096,14.806,104.07,0.13514
26.793,0.219,14.767,104.3,0.13347
26.733,0.21729,14.767,102.72,0.13189
26.8,0.21597,14.82,98.818,0.1305
27.024,0.21497,14.942,92.026,0.12916
27.438,0.21431,15.146,82.423,0.12785
28.068,0.21398,15.444,70.949,0.12652
28.908,0.21391,15.834,59.542,0.12514
29.966,0.21398,16.319,49.812,0.12363
31.226,0.21408,16.892,42.872,0.12189
32.658,0.21401,17.543,38.751,0.11987
34.438,0.21352,18.357,36.599,0.11713
36.305,0.21235,19.227,36,0.11387
38.177,0.2103,20.128,36.119,0.11005
39.974,0.20724,21.04,36.526,0.1057
41.52,0.20345,21.88,36.995,0.10122
42.899,0.1988,22.7,37.485,0.096379
44.087,0.19337,23.49,37.97,0.091274
45.071,0.18728,24.245,38.437,0.085991
46.446,0.17366,25.636,39.298,0.075248
47.13,0.15903,26.868,40.056,0.064771
47.258,0.14425,27.938,40.708,0.055004
46.951,0.12996,28.838,41.252,0.046224
46.541,0.1207,29.348,41.56,0.040861
46.002,0.11195,29.769,41.816,0.036029
45.364,0.10376,30.104,42.022,0.031719
44.658,0.096174,30.36,42.182,0.027904
43.913,0.089176,30.547,42.304,0.024547
43.154,0.082752,30.677,42.393,0.021606
42.396,0.076872,30.758,42.454,0.019037
41.645,0.0715,30.795,42.49,0.016796
40.644,0.065009,30.772,42.499,0.014233
39.639,0.059279,30.661,42.46,0.012112
38.629,0.054236,30.462,42.374,0.010358
37.631,0.049805,30.192,42.251,0.0089117
36.955,0.047033,29.977,42.15,0.0080518
36.309,0.044505,29.754,42.044,0.0072986
35.699,0.042198,29.529,41.938,0.0066375
35.126,0.040089,29.306,41.831,0.0060559
34.653,0.038408,29.114,41.739,0.0056079
34.197,0.036849,28.917,41.644,0.0052056
33.752,0.035401,28.714,41.546,0.0048437
33.316,0.034058,28.504,41.444,0.0045181
32.898,0.032823,28.294,41.342,0.0042274
32.505,0.031677,28.092,41.244,0.003965
32.155,0.030615,27.917,41.158,0.0037273
31.873,0.029629,27.789,41.098,0.0035111
31.695,0.028754,27.738,41.075,0.0033215
31.629,0.027933,27.779,41.099,0.0031448
31.698,0.027154,27.933,41.18,0.0029779
31.914,0.026405,28.215,41.326,0.0028178
32.275,0.025685,28.623,41.535,0.002665
32.78,0.024965,29.161,41.81,0.0025139
33.414,0.024231,29.82,42.146,0.002363
34.157,0.02347,30.585,42.535,0.0022115
35.149,0.022515,31.606,43.053,0.0020293
36.204,0.021506,32.7,43.608,0.0018469
37.271,0.020445,33.824,44.177,0.0016665
38.308,0.019341,34.938,44.741,0.0014904
39.193,0.018318,35.911,45.233,0.0013371
40.013,0.017284,36.835,45.7,0.0011915
40.76,0.016253,37.701,46.136,0.0010551
41.433,0.015235,38.504,46.542,0.00092894
42.114,0.014106,39.342,46.964,0.00079841
42.708,0.013021,40.099,47.345,0.00068219
43.217,0.011988,40.775,47.686,0.00058
43.643,0.011015,41.366,47.983,0.00049115
44.05,0.0099126,41.971,48.288,0.00039929
44.331,0.0089103,42.442,48.525,0.00032382
44.495,0.0080086,42.783,48.697,0.00026254
44.554,0.0072054,43.005,48.809,0.00021325
44.529,0.0064955,43.128,48.872,0.00017385
44.438,0.005872,43.17,48.893,0.0001425
44.293,0.0053274,43.144,48.881,0.00011761
44.097,0.004854,43.053,48.836,9.7885e-05
43.876,0.0044853,42.914,48.767,8.3758e-05
43.606,0.0041628,42.718,48.669,7.2295e-05
43.288,0.0038825,42.464,48.542,6.301e-05
42.926,0.0036403,42.159,48.39,5.5501e-05
42.533,0.0034327,41.816,48.218,4.9442e-05
42.125,0.0032559,41.45,48.036,4.4563e-05
41.714,0.0031067,41.076,47.849,4.0641e-05
41.31,0.0029816,40.703,47.662,3.7497e-05
40.982,0.0028945,40.398,47.51,3.5384e-05
40.656,0.0028204,40.09,47.356,3.3639e-05
40.326,0.0027583,39.778,47.2,3.2213e-05
39.991,0.0027069,39.457,47.039,3.1064e-05
39.652,0.0026657,39.131,46.876,3.0164e-05
39.318,0.0026338,38.807,46.714,2.9482e-05
39.004,0.0026103,38.501,46.561,2.8992e-05
38.734,0.0025941,38.239,46.43,2.8662e-05
38.546,0.002584,38.055,46.338,2.8462e-05
38.454,0.0025776,37.965,46.293,2.8331e-05
38.484,0.0025728,37.995,46.308,2.8223e-05
38.654,0.0025672,38.164,46.393,2.8083e-05
38.962,0.0025586,38.47,46.546,2.7867e-05
39.414,0.0025447,38.919,46.77,2.7523e-05
39.999,0.0025234,39.501,47.061,2.7016e-05
40.7,0.0024932,40.199,47.411,2.632e-05
41.571,0.0024489,41.068,47.846,2.5336e-05
42.512,0.0023925,42.009,48.317,2.413e-05
43.486,0.0023246,42.987,48.806,2.2737e-05
44.459,0.0022467,43.965,49.295,2.1203e-05
45.38,0.0021628,44.894,49.76,1.9623e-05
46.253,0.0020734,45.778,50.202,1.8013e-05
47.067,0.0019805,46.605,50.616,1.6421e-05
47.817,0.0018861,47.37,50.998,1.4884e-05
48.622,0.0017747,48.195,51.411,1.317e-05
49.338,0.0016661,48.931,51.779,1.1603e-05
49.965,0.0015622,49.578,52.103,1.0199e-05
50.502,0.0014645,50.135,52.381,8.9614e-06
50.981,0.0013657,50.636,52.632,7.7936e-06
51.345,0.0012764,51.019,52.824,6.8079e-06
51.593,0.001197,51.286,52.957,5.9879e-06
51.735,0.0011276,51.445,53.037,5.3147e-06
51.784,0.001068,51.509,53.069,4.7687e-06
51.758,0.0010176,51.496,53.062,4.3304e-06
51.669,0.00097574,51.418,53.023,3.9828e-06
51.523,0.00094172,51.282,52.955,3.711e-06
51.279,0.00091068,51.046,52.838,3.4717e-06
50.946,0.00088867,50.721,52.675,3.3074e-06
50.524,0.00087508,50.304,52.466,3.2086e-06
50.024,0.00086934,49.807,52.218,3.1684e-06
49.484,0.00087079,49.27,51.949,3.1809e-06
48.924,0.00087851,48.71,51.669,3.2396e-06
48.364,0.00089175,48.149,51.389,3.3401e-06
47.809,0.00090977,47.593,51.111,3.4788e-06
47.396,0.00092587,47.178,50.903,3.6048e-06
46.976,0.00094418,46.755,50.692,3.7508e-06
46.546,0.00096463,46.323,50.475,3.9172e-06
46.114,0.00098716,45.888,50.258,4.1048e-06
45.712,0.0010107,45.482,50.055,4.3055e-06
45.349,0.0010358,45.116,49.872,4.5242e-06
45.06,0.0010618,44.822,49.725,4.7563e-06
44.878,0.0010878,44.636,49.632,4.9933e-06
44.839,0.0011107,44.591,49.609,5.2053e-06
44.943,0.0011313,44.69,49.659,5.3983e-06
45.203,0.0011483,44.945,49.786,5.5585e-06
45.621,0.0011604,45.358,49.993,5.6717e-06
46.189,0.0011664,45.921,50.274,5.7254e-06
46.883,0.0011656,46.612,50.62,5.7111e-06
47.677,0.0011575,47.402,51.015,5.626e-06
48.535,0.0011422,48.26,51.444,5.4725e-06
49.424,0.0011202,49.149,51.889,5.2586e-06
50.313,0.0010924,50.04,52.334,4.9965e-06
51.175,0.0010599,50.906,52.767,4.7e-06
51.994,0.0010239,51.729,53.179,4.3831e-06
53.02,0.00097126,52.764,53.696,3.9418e-06
53.934,0.0009171,53.688,54.158,3.513e-06
54.734,0.00086355,54.499,54.564,3.1137e-06
55.422,0.00081237,55.197,54.913,2.755e-06
55.958,0.00076811,55.744,55.187,2.4627e-06
56.393,0.00072754,56.189,55.409,2.2093e-06
56.721,0.00069111,56.526,55.578,1.9936e-06
56.943,0.0006591,56.756,55.693,1.8133e-06
57.067,0.00063008,56.888,55.759,1.6572e-06
57.091,0.00060606,56.919,55.774,1.5334e-06
57.032,0.0005868,56.865,55.747,1.4377e-06
56.903,0.00057196,56.741,55.685,1.3661e-06
56.727,0.00056157,56.568,55.599,1.3171e-06
56.495,0.00055449,56.339,55.484,1.2843e-06
56.206,0.00055049,56.052,55.341,1.2661e-06
55.856,0.00054944,55.703,55.166,1.2615e-06
55.458,0.00055112,55.306,54.968,1.2695e-06
55.01,0.00055542,54.858,54.744,1.2898e-06
54.524,0.00056225,54.372,54.501,1.3221e-06
54.017,0.00057148,53.863,54.246,1.3663e-06
53.51,0.00058274,53.354,53.992,1.4211e-06
53.005,0.00059591,52.847,53.738,1.4865e-06
52.504,0.00061079,52.344,53.487,1.5622e-06
52.003,0.00062723,51.84,53.235,1.6481e-06
51.479,0.00064568,51.313,52.971,1.7471e-06
50.944,0.00066575,50.775,52.702,1.8582e-06
50.408,0.00068743,50.235,52.432,1.982e-06
49.898,0.00071054,49.721,52.175,2.1185e-06
49.543,0.00072949,49.363,51.996,2.2337e-06
49.26,0.0007487,49.076,51.852,2.3534e-06
49.075,0.00076759,48.887,51.758,2.474e-06
49.013,0.00078543,48.821,51.725,2.5903e-06
49.093,0.00080107,48.897,51.763,2.694e-06
49.323,0.0008139,49.123,51.876,2.7802e-06
49.702,0.00082311,49.498,52.064,2.842e-06
50.222,0.00082795,50.015,52.322,2.8739e-06
50.903,0.00082774,50.693,52.661,2.8704e-06
51.686,0.00082185,51.475,53.052,2.8276e-06
52.536,0.00081042,52.324,53.477,2.7476e-06
53.416,0.00079396,53.205,53.917,2.6354e-06
54.278,0.0007736,54.069,54.349,2.5007e-06
55.112,0.00075004,54.906,54.768,2.3496e-06
55.899,0.00072423,55.697,55.163,2.1899e-06
56.629,0.00069709,56.432,55.531,2.0283e-06
57.564,0.00065781,57.375,56.002,1.8056e-06
58.374,0.00061936,58.194,56.412,1.6004e-06
59.062,0.00058302,58.891,56.76,1.4179e-06
59.625,0.00054982,59.461,57.045,1.2609e-06
60.057,0.00052032,59.901,57.265,1.1293e-06
60.35,0.00049491,60.201,57.415,1.0216e-06
60.507,0.00047372,60.364,57.497,9.3608e-07
60.539,0.00045675,60.402,57.516,8.7026e-07
60.468,0.00044379,60.334,57.482,8.2166e-07
60.313,0.00043451,60.182,57.406,7.8774e-07
60.086,0.00042856,59.958,57.294,7.664e-07
59.791,0.00042561,59.664,57.147,7.5599e-07
59.454,0.00042533,59.328,56.979,7.5508e-07
59.048,0.00042731,58.922,56.776,7.6226e-07
58.575,0.00043154,58.449,56.539,7.7757e-07
58.044,0.00043798,57.917,56.273,8.0113e-07
57.473,0.00044658,57.345,55.987,8.331e-07
56.883,0.0004572,56.753,55.691,8.734e-07
56.29,0.00046965,56.158,55.394,9.2184e-07
55.703,0.00048371,55.568,55.099,9.7816e-07
55.216,0.00049652,55.079,54.855,1.0309e-06
54.726,0.00051028,54.586,54.608,1.0891e-06
54.227,0.00052499,54.085,54.357,1.1531e-06
53.721,0.00054066,53.576,54.103,1.2233e-06
53.232,0.00055673,53.085,53.857,1.2975e-06
52.763,0.00057364,52.612,53.621,1.3779e-06
52.34,0.0005912,52.186,53.408,1.464e-06
51.997,0.000609,51.839,53.234,1.5538e-06
51.767,0.00062666,51.605,53.117,1.6454e-06
51.691,0.00064309,51.525,53.077,1.7328e-06
51.793,0.00065733,51.623,53.126,1.8101e-06
52.084,0.00066834,51.91,53.27,1.8707e-06
52.553,0.00067509,52.376,53.503,1.9078e-06
53.182,0.00067707,53.002,53.816,1.918e-06
53.939,0.00067394,53.757,54.193,1.8993e-06
54.784,0.00066574,54.602,54.616,1.8523e-06
55.638,0.00065345,55.457,55.043,1.7837e-06
56.499,0.00063751,56.319,55.474,1.697e-06
57.337,0.00061868,57.16,55.895,1.5977e-06
58.132,0.00059781,57.959,56.294,1.4913e-06
59.075,0.00056924,58.907,56.769,1.3518e-06
59.914,0.00054021,59.753,57.191,1.2172e-06
60.648,0.00051188,60.493,57.561,1.0927e-06
61.277,0.00048519,61.128,57.879,9.8163e-07
61.774,0.00046208,61.632,58.131,8.9032e-07
62.174,0.00044126,62.037,58.333,8.1188e-07
62.47,0.00042293,62.339,58.484,7.4582e-07
62.663,0.00040721,62.535,58.583,6.9142e-07
62.755,0.00039345,62.632,58.631,6.4552e-07
62.746,0.00038259,62.626,58.628,6.1041e-07
62.651,0.00037447,62.534,58.582,5.848e-07
62.486,0.00036887,62.371,58.5,5.6749e-07
62.271,0.00036564,62.157,58.393,5.5763e-07
62.002,0.00036431,61.889,58.259,5.5365e-07
61.675,0.00036478,61.563,58.097,5.5511e-07
61.288,0.00036695,61.176,57.903,5.6181e-07
60.846,0.00037071,60.733,57.682,5.7347e-07
60.348,0.00037612,60.234,57.432,5.904e-07
59.805,0.00038315,59.691,57.16,6.128e-07
59.234,0.00039176,59.118,56.874,6.4076e-07
58.647,0.00040193,58.53,56.58,6.7459e-07
58.062,0.00041343,57.942,56.286,7.139e-07
57.482,0.00042612,57.36,55.995,7.5857e-07
56.903,0.00043989,56.778,55.704,8.0859e-07
56.286,0.00045549,56.158,55.394,8.6717e-07
55.655,0.00047231,55.524,55.077,9.3264e-07
55.024,0.00049036,54.889,54.759,1.0056e-06
54.424,0.00050952,54.286,54.458,1.0861e-06
54.024,0.00052447,53.883,54.256,1.151e-06
53.703,0.00053951,53.558,54.094,1.2181e-06
53.488,0.00055416,53.34,53.985,1.2853e-06
53.406,0.00056781,53.255,53.942,1.3494e-06
53.475,0.00057949,53.32,53.975,1.4053e-06
53.698,0.00058884,53.541,54.085,1.4507e-06
54.075,0.00059523,53.915,54.272,1.4819e-06
54.593,0.00059816,54.43,54.53,1.496e-06
55.325,0.00059687,55.161,54.895,1.4889e-06
56.167,0.00059064,56.002,55.316,1.4573e-06
57.071,0.00057981,56.906,55.768,1.4037e-06
57.992,0.00056504,57.829,56.229,1.3325e-06
58.825,0.00054862,58.664,56.647,1.2559e-06
59.617,0.00053038,59.459,57.044,1.1735e-06
60.352,0.00051107,60.199,57.414,1.0894e-06
61.026,0.00049138,60.876,57.753,1.0069e-06
61.765,0.00046754,61.621,58.125,9.1144e-07
62.41,0.00044474,62.271,58.45,8.2465e-07
62.96,0.00042349,62.827,58.728,7.4769e-07
63.414,0.00040421,63.286,58.958,6.8112e-07
63.786,0.00038605,63.663,59.147,6.2131e-07
64.037,0.00037055,63.918,59.274,5.7242e-07
64.167,0.00035776,64.052,59.341,5.3361e-07
64.184,0.00034768,64.073,59.351,5.0397e-07
64.105,0.00034017,63.996,59.313,4.8247e-07
63.948,0.00033504,63.841,59.235,4.6807e-07
63.724,0.00033208,63.619,59.124,4.5986e-07
63.441,0.00033107,63.336,58.983,4.5711e-07
62.987,0.00033231,62.882,58.756,4.606e-07
62.417,0.00033637,62.312,58.471,4.7199e-07
61.732,0.00034328,61.626,58.128,4.9167e-07
60.958,0.00035298,60.851,57.74,5.1993e-07
60.382,0.00036142,60.273,57.451,5.452e-07
59.799,0.0003711,59.688,57.159,5.7488e-07
59.218,0.00038188,59.105,56.868,6.0889e-07
58.643,0.00039366,58.527,56.579,6.4715e-07
58.068,0.00040633,57.95,56.29,6.8961e-07
57.485,0.00041989,57.364,55.997,7.3659e-07
56.891,0.0004344,56.768,55.699,7.8853e-07
56.295,0.00044984,56.169,55.399,8.458e-07
55.77,0.00046461,55.641,55.135,9.0248e-07
55.292,0.00047996,55.159,54.894,9.6332e-07
54.896,0.00049555,54.76,54.695,1.0271e-06
54.621,0.00051083,54.482,54.556,1.0915e-06
54.509,0.00052388,54.367,54.498,1.148e-06
54.552,0.00053536,54.406,54.518,1.1987e-06
54.76,0.00054457,54.612,54.621,1.2402e-06
55.133,0.00055088,54.982,54.806,1.2687e-06
55.664,0.00055373,55.51,55.07,1.2814e-06
56.323,0.00055275,56.168,55.399,1.2764e-06
57.077,0.0005479,56.921,55.775,1.2536e-06
57.89,0.0005394,57.735,56.182,1.2146e-06
58.721,0.00052777,58.567,56.598,1.1624e-06
59.542,0.00051361,59.39,57.01,1.1005e-06
60.33,0.00049757,60.181,57.405,1.0327e-06
61.069,0.00048037,60.922,57.776,9.6233e-07
62.198,0.00045019,62.058,58.344,8.45e-07
63.148,0.00042079,63.015,58.823,7.3814e-07
63.919,0.00039348,63.793,59.212,6.4541e-07
64.505,0.00036971,64.386,59.508,5.6978e-07
64.828,0.0003541,64.714,59.672,5.2267e-07
65.027,0.00034103,64.916,59.773,4.8479e-07
65.104,0.00033052,64.996,59.813,4.554e-07
65.071,0.00032252,64.967,59.798,4.3366e-07
64.947,0.00031689,64.845,59.737,4.1867e-07
64.749,0.00031342,64.648,59.639,4.0956e-07
64.487,0.00031189,64.387,59.508,4.0561e-07
64.163,0.00031213,64.063,59.347,4.0627e-07
63.775,0.00031398,63.675,59.153,4.1112e-07
63.314,0.00031742,63.214,58.922,4.2023e-07
62.781,0.00032248,62.68,58.655,4.3378e-07
62.186,0.00032915,62.084,58.357,4.5199e-07
61.548,0.00033744,61.444,58.037,4.751e-07
60.89,0.00034722,60.785,57.707,5.0315e-07
60.231,0.00035838,60.123,57.377,5.3608e-07
59.577,0.00037073,59.467,57.049,5.7381e-07
59.037,0.00038181,58.925,56.777,6.0872e-07
58.492,0.00039362,58.377,56.503,6.4705e-07
57.938,0.00040616,57.82,56.225,6.8908e-07
57.377,0.00041946,57.257,55.943,7.3509e-07
56.843,0.0004329,56.721,55.675,7.8313e-07
56.335,0.00044698,56.209,55.42,8.3508e-07
55.881,0.0004615,55.752,55.191,8.9039e-07
55.517,0.00047609,55.386,55.008,9.477e-07
55.285,0.00048998,55.15,54.89,1.0039e-06
55.208,0.00050272,55.07,54.85,1.0568e-06
55.308,0.00051356,55.167,54.898,1.1027e-06
55.593,0.00052172,55.449,55.039,1.1378e-06
56.077,0.00052658,55.93,55.28,1.1587e-06
56.726,0.00052729,56.577,55.603,1.1614e-06
57.503,0.0005237,57.353,55.991,1.1452e-06
58.363,0.00051593,58.213,56.421,1.1111e-06
59.194,0.00050538,59.045,56.837,1.0658e-06
60.022,0.00049225,59.875,57.252,1.0108e-06
60.821,0.00047718,60.676,57.653,9.4969e-07
61.572,0.00046088,61.43,58.03,8.8574e-07
62.57,0.00043607,62.434,58.532,7.9281e-07
63.434,0.00041156,63.303,58.967,7.0612e-07
64.163,0.00038837,64.038,59.334,6.2872e-07
64.757,0.00036742,64.638,59.634,5.6271e-07
65.183,0.00035051,65.069,59.849,5.1208e-07
65.481,0.00033605,65.371,60.001,4.7071e-07
65.648,0.00032414,65.542,60.086,4.3795e-07
65.691,0.00031479,65.588,60.109,4.1307e-07
65.599,0.00030682,65.498,60.064,3.9243e-07
65.382,0.00030209,65.283,59.957,3.8046e-07
65.065,0.00030026,64.967,59.799,3.7589e-07
64.653,0.00030099,64.556,59.593,3.7774e-07
64.273,0.00030308,64.176,59.403,3.8305e-07
63.829,0.00030651,63.732,59.181,3.9181e-07
63.322,0.0003113,63.223,58.927,4.042e-07
62.759,0.00031746,62.66,58.645,4.2039e-07
62.158,0.00032497,62.057,58.343,4.4059e-07
61.537,0.00033377,61.434,58.032,4.6484e-07
60.911,0.00034375,60.807,57.718,4.9313e-07
60.291,0.00035478,60.184,57.407,5.2538e-07
59.763,0.00036497,59.654,57.142,5.5607e-07
59.234,0.0003758,59.123,56.876,5.8967e-07
58.698,0.00038729,58.584,56.607,6.2639e-07
58.153,0.00039945,58.038,56.334,6.6647e-07
57.614,0.00041209,57.496,56.063,7.0945e-07
57.087,0.00042539,56.966,55.798,7.5614e-07
56.597,0.00043923,56.473,55.551,8.063e-07
56.175,0.00045335,56.048,55.339,8.5911e-07
55.842,0.00046824,55.711,55.17,9.1655e-07
55.672,0.00048222,55.539,55.084,9.7214e-07
55.699,0.00049443,55.562,55.096,1.0219e-06
55.937,0.00050394,55.797,55.213,1.0614e-06
56.346,0.00050953,56.203,55.416,1.0848e-06
56.916,0.00051152,56.77,55.7,1.0929e-06
57.617,0.00050966,57.47,56.05,1.0847e-06
58.411,0.00050398,58.265,56.447,1.0602e-06
59.24,0.00049499,59.094,56.862,1.0224e-06
60.081,0.00048315,59.936,57.283,9.7384e-07
60.902,0.00046911,60.759,57.694,9.1783e-07
61.681,0.00045356,61.541,58.086,8.5782e-07
62.576,0.00043306,62.441,58.535,7.819e-07
63.372,0.00041237,63.242,58.936,7.0891e-07
64.068,0.00039231,63.943,59.286,6.4154e-07
64.664,0.00037354,64.543,59.587,5.816e-07
65.141,0.00035724,65.025,59.827,5.3193e-07
65.523,0.00034267,65.411,60.021,4.8943e-07
65.805,0.00032997,65.697,60.163,4.5382e-07
65.985,0.00031922,65.88,60.255,4.2473e-07
66.065,0.00030997,65.962,60.296,4.0049e-07
66.042,0.00030288,65.942,60.286,3.8239e-07
65.931,0.00029784,65.833,60.231,3.6978e-07
65.747,0.00029468,65.651,60.14,3.6201e-07
65.512,0.00029324,65.416,60.023,3.5851e-07
65.223,0.00029325,65.127,59.879,3.5856e-07
64.877,0.00029462,64.782,59.706,3.6192e-07
64.47,0.00029728,64.375,59.502,3.6852e-07
64.002,0.00030119,63.906,59.268,3.7833e-07
63.473,0.00030642,63.376,59.003,3.9161e-07
62.895,0.00031296,62.797,58.714,4.0856e-07
62.285,0.00032079,62.185,58.407,4.2933e-07
61.644,0.00033009,61.542,58.086,4.5463e-07
61.003,0.00034053,60.9,57.765,4.8392e-07
60.369,0.00035198,60.262,57.446,5.1712e-07
59.736,0.00036437,59.627,57.129,5.5425e-07
59.057,0.00037846,58.945,56.787,5.9807e-07
58.363,0.00039363,58.249,56.439,6.4712e-07
57.669,0.00040992,57.551,56.09,7.0197e-07
57.013,0.00042716,56.891,55.76,7.6247e-07
56.589,0.00044027,56.464,55.547,8.1009e-07
56.25,0.00045337,56.123,55.376,8.5913e-07
56.027,0.00046602,55.897,55.263,9.0783e-07
55.946,0.00047767,55.813,55.221,9.5376e-07
56.023,0.00048737,55.886,55.258,9.928e-07
56.257,0.00049491,56.119,55.374,1.0236e-06
56.647,0.00049978,56.505,55.568,1.0436e-06
57.175,0.0005016,57.032,55.831,1.0509e-06
57.897,0.00049973,57.753,56.191,1.0427e-06
58.717,0.00049388,58.572,56.601,1.0181e-06
59.589,0.00048438,59.445,57.038,9.7898e-07
60.472,0.00047183,60.33,57.48,9.2866e-07
61.29,0.00045776,61.15,57.89,8.7389e-07
62.062,0.00044232,61.925,58.278,8.1579e-07
62.777,0.00042615,62.643,58.636,7.5715e-07
63.426,0.00040985,63.297,58.963,7.0026e-07
64.118,0.00039089,63.993,59.311,6.3692e-07
64.718,0.00037296,64.598,59.614,5.7977e-07
65.228,0.00035639,65.112,59.871,5.294e-07
65.644,0.00034149,65.532,60.081,4.8606e-07
65.987,0.00032728,65.879,60.255,4.4645e-07
66.206,0.00031535,66.102,60.366,4.145e-07
66.303,0.00030575,66.202,60.416,3.8964e-07
66.287,0.00029842,66.188,60.409,3.7121e-07
66.175,0.00029326,66.078,60.354,3.585e-07
65.985,0.00029009,65.889,60.26,3.5081e-07
65.729,0.00028872,65.634,60.132,3.4752e-07
65.412,0.00028897,65.317,59.974,3.4814e-07
64.991,0.00029092,64.896,59.763,3.529e-07
64.482,0.00029464,64.387,59.509,3.62e-07
63.886,0.00030014,63.79,59.21,3.7569e-07
63.215,0.00030742,63.118,58.874,3.9421e-07
62.494,0.00031648,62.395,58.512,4.1785e-07
61.754,0.00032719,61.653,58.142,4.4668e-07
61.017,0.00033936,60.913,57.772,4.8061e-07
60.286,0.00035281,60.18,57.405,5.1958e-07
59.716,0.00036411,59.607,57.118,5.5346e-07
59.136,0.00037612,59.025,56.828,5.9069e-07
58.548,0.00038889,58.434,56.532,6.316e-07
57.959,0.00040242,57.843,56.236,6.7645e-07
57.465,0.0004147,57.346,55.988,7.185e-07
57.01,0.00042741,56.888,55.759,7.6333e-07
56.621,0.0004403,56.496,55.563,8.1021e-07
56.328,0.00045303,56.2,55.415,8.5781e-07
56.161,0.0004651,56.03,55.33,9.0415e-07
56.143,0.00047591,56.01,55.32,9.4665e-07
56.289,0.00048486,56.152,55.391,9.8248e-07
56.6,0.00049135,56.461,55.545,1.0087e-06
57.075,0.00049486,56.934,55.782,1.0229e-06
57.687,0.00049496,57.545,56.087,1.023e-06
58.405,0.00049157,58.262,56.446,1.0087e-06
59.194,0.00048483,59.051,56.84,9.8097e-07
60.014,0.00047511,59.872,57.251,9.4174e-07
60.833,0.00046296,60.693,57.661,8.9397e-07
61.624,0.000449,61.486,58.058,8.407e-07
62.369,0.00043388,62.234,58.432,7.849e-07
63.34,0.00041135,63.21,58.92,7.0539e-07
64.184,0.00038907,64.059,59.344,6.3098e-07
64.899,0.00036794,64.78,59.705,5.6429e-07
65.486,0.00034881,65.372,60.001,5.0712e-07
65.913,0.00033331,65.804,60.217,4.6304e-07
66.22,0.00031999,66.114,60.372,4.2676e-07
66.402,0.00030893,66.299,60.465,3.9779e-07
66.464,0.00030016,66.364,60.497,3.7553e-07
66.403,0.00029294,66.306,60.468,3.5771e-07
66.232,0.00028835,66.136,60.383,3.4659e-07
65.97,0.00028612,65.876,60.253,3.4129e-07
65.629,0.00028601,65.535,60.083,3.4104e-07
65.207,0.00028776,65.113,59.872,3.4526e-07
64.693,0.00029137,64.599,59.614,3.54e-07
64.084,0.00029686,63.989,59.31,3.6751e-07
63.395,0.00030423,63.298,58.964,3.8605e-07
62.618,0.0003139,62.52,58.575,4.1105e-07
61.82,0.00032544,61.72,58.175,4.4192e-07
61.026,0.00033864,60.923,57.776,4.7858e-07
60.239,0.00035329,60.133,57.381,5.2099e-07
59.693,0.00036415,59.585,57.107,5.5359e-07
59.139,0.00037565,59.028,56.829,5.8923e-07
58.577,0.00038785,58.464,56.547,6.2821e-07
58.017,0.00040072,57.901,56.265,6.7073e-07
57.479,0.00041421,57.36,55.995,7.1681e-07
56.995,0.00042816,56.873,55.751,7.6603e-07
56.603,0.00044221,56.478,55.554,8.1724e-07
56.342,0.00045582,56.214,55.422,8.6839e-07
56.25,0.00046719,56.119,55.374,9.1225e-07
56.315,0.000477,56.181,55.405,9.5088e-07
56.545,0.00048465,56.408,55.519,9.8148e-07
56.935,0.0004896,56.796,55.713,1.0014e-06
57.49,0.00049141,57.349,55.989,1.0085e-06
58.17,0.00048966,58.028,56.329,1.001e-06
58.938,0.00048443,58.796,56.713,9.7942e-07
59.758,0.00047596,59.616,57.123,9.4519e-07
60.577,0.00046495,60.437,57.533,9.0175e-07
61.38,0.00045189,61.241,57.936,8.5164e-07
62.143,0.00043741,62.008,58.319,7.9778e-07
62.854,0.00042212,62.721,58.676,7.4287e-07
63.852,0.00039783,63.725,59.178,6.5975e-07
64.698,0.00037444,64.577,59.604,5.8438e-07
65.394,0.00035281,65.279,59.954,5.188e-07
65.935,0.00033385,65.825,60.228,4.6454e-07
66.312,0.00031805,66.207,60.418,4.216e-07
66.518,0.00030535,66.416,60.523,3.8862e-07
66.559,0.00029579,66.461,60.545,3.6467e-07
66.456,0.00028922,66.36,60.495,3.4868e-07
66.255,0.00028555,66.161,60.395,3.399e-07
65.971,0.00028406,65.878,60.254,3.364e-07
65.611,0.00028455,65.518,60.074,3.3758e-07
65.17,0.00028685,65.076,59.853,3.4309e-07
64.681,0.00029053,64.587,59.608,3.5196e-07
64.114,0.00029574,64.02,59.325,3.6475e-07
63.481,0.00030253,63.385,59.008,3.8173e-07
62.802,0.00031086,62.705,58.667,4.0311e-07
62.118,0.00032044,62.019,58.324,4.2839e-07
61.434,0.00033126,61.332,57.981,4.579e-07
60.756,0.0003432,60.651,57.641,4.9158e-07
60.08,0.00035614,59.973,57.301,5.2945e-07
59.397,0.00036997,59.287,56.958,5.715e-07
58.7,0.00038485,58.588,56.609,6.1853e-07
58.006,0.00040081,57.89,56.26,6.7104e-07
57.353,0.00041767,57.233,55.932,7.2885e-07
56.926,0.00043074,56.803,55.717,7.7533e-07
56.592,0.00044376,56.467,55.548,8.23e-07
56.384,0.00045625,56.255,55.442,8.7e-07
56.327,0.00046759,56.196,55.413,9.1377e-07
56.432,0.00047671,56.298,55.464,9.4969e-07
56.697,0.0004836,56.56,55.595,9.7714e-07
57.115,0.00048777,56.976,55.803,9.9383e-07
57.668,0.00048887,57.528,56.079,9.9805e-07
58.407,0.00048631,58.265,56.448,9.8726e-07
59.234,0.00047991,59.093,56.861,9.6115e-07
60.106,0.00047009,59.965,57.297,9.2194e-07
60.981,0.00045745,60.842,57.736,8.7279e-07
61.796,0.00044329,61.66,58.145,8.1946e-07
62.563,0.00042794,62.429,58.529,7.6354e-07
63.268,0.000412,63.138,58.884,7.0763e-07
63.907,0.00039605,63.78,59.205,6.5384e-07
64.565,0.00037814,64.443,59.537,5.9603e-07
65.137,0.00036129,65.019,59.825,5.4405e-07
65.621,0.00034578,65.507,60.069,4.9833e-07
66.014,0.00033187,65.905,60.267,4.5903e-07
66.352,0.00031785,66.247,60.438,4.2108e-07
66.555,0.00030628,66.453,60.541,3.9097e-07
66.626,0.00029716,66.527,60.578,3.6805e-07
66.578,0.00029044,66.481,60.556,3.516e-07
66.431,0.00028596,66.336,60.483,3.4087e-07
66.204,0.00028352,66.11,60.37,3.351e-07
65.908,0.00028292,65.815,60.223,3.337e-07
65.545,0.00028398,65.452,60.041,3.3623e-07
65.113,0.00028654,65.02,59.825,3.4234e-07
64.601,0.00029062,64.507,59.569,3.522e-07
64.013,0.00029627,63.918,59.274,3.6605e-07
63.363,0.00030347,63.267,58.948,3.8414e-07
62.673,0.00031222,62.575,58.603,4.0666e-07
61.97,0.00032238,61.87,58.25,4.3363e-07
61.27,0.00033381,61.168,57.899,4.65e-07
60.577,0.00034636,60.472,57.551,5.0071e-07
59.635,0.00036479,59.526,57.078,5.5554e-07
58.667,0.0003853,58.554,56.592,6.1996e-07
57.713,0.00040801,57.595,56.112,6.9545e-07
56.901,0.000432,56.778,55.704,7.7987e-07
56.573,0.00044567,56.448,55.539,8.3008e-07
56.396,0.00045855,56.267,55.448,8.7879e-07
56.398,0.00046993,56.266,55.448,9.2288e-07
56.594,0.00047899,56.459,55.544,9.5869e-07
56.966,0.00048479,56.829,55.729,9.8182e-07
57.502,0.00048725,57.362,55.996,9.9153e-07
58.172,0.00048612,58.031,56.33,9.8661e-07
58.942,0.00048136,58.8,56.715,9.6708e-07
59.767,0.00047326,59.626,57.128,9.3451e-07
60.61,0.00046231,60.47,57.55,8.9153e-07
61.438,0.00044912,61.3,57.965,8.4123e-07
62.226,0.0004344,62.091,58.36,7.8682e-07
63.096,0.00041572,62.965,58.797,7.2051e-07
63.875,0.00039679,63.749,59.189,6.5631e-07
64.56,0.00037832,64.438,59.534,5.9659e-07
65.152,0.00036095,65.035,59.832,5.4302e-07
65.64,0.00034549,65.527,60.078,4.9748e-07
66.037,0.00033159,65.928,60.279,4.5825e-07
66.339,0.00031938,66.234,60.432,4.2513e-07
66.543,0.00030895,66.441,60.535,3.9781e-07
66.652,0.0002998,66.552,60.591,3.7462e-07
66.656,0.00029269,66.558,60.594,3.5708e-07
66.568,0.00028753,66.472,60.551,3.4461e-07
66.403,0.00028419,66.309,60.47,3.3666e-07
66.181,0.0002825,66.088,60.359,3.3269e-07
65.904,0.00028224,65.812,60.221,3.3211e-07
65.572,0.00028332,65.479,60.055,3.3466e-07
65.18,0.00028565,65.087,59.858,3.4021e-07
64.714,0.00028927,64.621,59.625,3.4893e-07
64.183,0.00029421,64.089,59.359,3.6099e-07
63.596,0.00030049,63.5,59.065,3.766e-07
62.968,0.00030809,62.871,58.751,3.9594e-07
62.288,0.00031743,62.189,58.41,4.2037e-07
61.606,0.00032801,61.505,58.067,4.4895e-07
60.929,0.0003397,60.826,57.728,4.816e-07
60.257,0.00035239,60.151,57.39,5.1834e-07
59.54,0.00036673,59.431,57.03,5.615e-07
58.809,0.00038221,58.696,56.663,6.1005e-07
58.078,0.00039888,57.963,56.296,6.6459e-07
57.395,0.00041653,57.276,55.953,7.2487e-07
56.972,0.00042962,56.85,55.74,7.7127e-07
56.647,0.00044261,56.522,55.576,8.1871e-07
56.451,0.00045501,56.322,55.476,8.6526e-07
56.41,0.00046619,56.279,55.454,9.0829e-07
56.533,0.00047507,56.399,55.514,9.431e-07
56.816,0.00048164,56.679,55.654,9.692e-07
57.251,0.00048546,57.112,55.871,9.8437e-07
57.82,0.00048618,57.679,56.155,9.8701e-07
58.57,0.00048319,58.429,56.529,9.7459e-07
59.405,0.00047642,59.264,56.947,9.4715e-07
60.279,0.00046629,60.139,57.384,9.0704e-07
61.153,0.00045343,61.014,57.822,8.5749e-07
61.968,0.00043908,61.832,58.231,8.0392e-07
62.731,0.0004236,62.599,58.614,7.4812e-07
63.432,0.00040762,63.303,58.966,6.9265e-07
64.065,0.00039169,63.94,59.285,6.3954e-07
64.707,0.00037418,64.586,59.608,5.8357e-07
65.262,0.00035773,65.146,59.888,5.3337e-07
65.732,0.00034262,65.62,60.125,4.8927e-07
66.113,0.00032909,66.004,60.317,4.5138e-07
66.444,0.00031516,66.34,60.485,4.1397e-07
66.636,0.00030373,66.535,60.582,3.845e-07
66.692,0.00029483,66.594,60.612,3.6231e-07
66.628,0.00028838,66.532,60.581,3.4664e-07
66.465,0.0002842,66.371,60.5,3.3669e-07
66.222,0.00028209,66.128,60.379,3.3171e-07
65.908,0.00028182,65.815,60.223,3.3112e-07
65.524,0.00028324,65.431,60.03,3.3448e-07
65.002,0.00028666,64.909,59.769,3.4264e-07
64.377,0.00029209,64.283,59.456,3.5579e-07
63.659,0.0002996,63.564,59.097,3.7436e-07
62.877,0.00030912,62.78,58.705,3.986e-07
62.231,0.00031814,62.132,58.381,4.2227e-07
61.585,0.00032826,61.484,58.057,4.4963e-07
60.944,0.00033937,60.841,57.735,4.8065e-07
60.306,0.00035136,60.2,57.415,5.1531e-07
59.662,0.00036418,59.554,57.092,5.537e-07
59.005,0.00037791,58.894,56.762,5.9634e-07
58.344,0.00039258,58.23,56.43,6.437e-07
57.706,0.00040813,57.588,56.109,6.9584e-07
57.26,0.00042049,57.14,55.885,7.3874e-07
56.883,0.00043299,56.76,55.695,7.8343e-07
56.603,0.00044528,56.477,55.553,8.2863e-07
56.448,0.0004569,56.319,55.474,8.7245e-07
56.439,0.00046719,56.308,55.469,9.1214e-07
56.588,0.00047566,56.453,55.542,9.4543e-07
56.894,0.0004818,56.758,55.694,9.6978e-07
57.35,0.00048513,57.211,55.92,9.83e-07
57.97,0.00048526,57.83,56.23,9.832e-07
58.7,0.00048182,58.559,56.594,9.6904e-07
59.501,0.00047501,59.36,56.995,9.4152e-07
60.335,0.00046518,60.195,57.412,9.0273e-07
61.151,0.00045315,61.013,57.821,8.5643e-07
61.939,0.00043939,61.803,58.216,8.0508e-07
62.679,0.00042454,62.546,58.588,7.5145e-07
63.361,0.00040918,63.231,58.931,6.9799e-07
64.207,0.00038798,64.082,59.356,6.2745e-07
64.933,0.00036773,64.814,59.722,5.6364e-07
65.542,0.00034903,65.428,60.029,5.0774e-07
66.029,0.00033239,65.92,60.275,4.6047e-07
66.387,0.00031818,66.282,60.456,4.2194e-07
66.612,0.00030634,66.51,60.57,3.9114e-07
66.705,0.00029693,66.606,60.618,3.6748e-07
66.678,0.00028989,66.581,60.605,3.5027e-07
66.548,0.00028509,66.453,60.541,3.3879e-07
66.336,0.00028233,66.242,60.436,3.3229e-07
66.055,0.00028142,65.962,60.296,3.3017e-07
65.707,0.00028217,65.614,60.122,3.3195e-07
65.323,0.00028421,65.231,59.93,3.3678e-07
64.873,0.00028754,64.78,59.705,3.4475e-07
64.355,0.00029218,64.261,59.446,3.5601e-07
63.777,0.00029815,63.682,59.156,3.7076e-07
63.155,0.00030546,63.058,58.844,3.892e-07
62.509,0.00031404,62.411,58.52,4.1143e-07
61.857,0.00032379,61.757,58.194,4.3744e-07
61.21,0.00033459,61.108,57.869,4.6717e-07
60.675,0.00034429,60.57,57.6,4.9472e-07
60.138,0.00035459,60.032,57.331,5.2486e-07
59.595,0.00036551,59.486,57.058,5.5776e-07
59.044,0.00037705,58.933,56.781,5.9365e-07
58.495,0.0003891,58.381,56.506,6.323e-07
57.956,0.00040178,57.84,56.235,6.7431e-07
57.451,0.00041499,57.332,55.981,7.1951e-07
57.011,0.00042849,56.889,55.759,7.672e-07
56.652,0.00044299,56.527,55.578,8.2009e-07
56.459,0.00045664,56.331,55.48,8.7145e-07
56.469,0.00046859,56.337,55.483,9.176e-07
56.698,0.00047789,56.563,55.596,9.5422e-07
57.095,0.00048325,56.958,55.794,9.7554e-07
57.654,0.00048521,57.515,56.072,9.8316e-07
58.345,0.00048352,58.204,56.417,9.7604e-07
59.13,0.00047822,58.989,56.809,9.5444e-07
59.953,0.00046974,59.813,57.221,9.2062e-07
60.79,0.00045855,60.65,57.64,8.7707e-07
61.607,0.00044527,61.47,58.05,8.2681e-07
62.383,0.00043056,62.249,58.439,7.7297e-07
63.269,0.0004113,63.139,58.884,7.0525e-07
64.058,0.0003919,63.932,59.281,6.402e-07
64.746,0.00037309,64.626,59.628,5.802e-07
65.336,0.00035554,65.22,59.925,5.2686e-07
65.809,0.00034029,65.697,60.163,4.8263e-07
66.186,0.00032669,66.078,60.354,4.4483e-07
66.465,0.00031487,66.36,60.495,4.132e-07
66.641,0.00030488,66.539,60.585,3.8741e-07
66.717,0.00029633,66.618,60.624,3.66e-07
66.69,0.00028982,66.593,60.612,3.5011e-07
66.575,0.00028525,66.48,60.555,3.3917e-07
66.386,0.00028247,66.293,60.461,3.3261e-07
66.146,0.00028131,66.053,60.342,3.2989e-07
65.852,0.00028152,65.759,60.195,3.3041e-07
65.501,0.00028302,65.409,60.019,3.3395e-07
65.089,0.00028574,64.996,59.813,3.4045e-07
64.615,0.00028967,64.521,59.576,3.499e-07
64.079,0.00029485,63.985,59.307,3.6256e-07
63.494,0.0003013,63.398,59.014,3.7864e-07
62.875,0.00030899,62.778,58.704,3.9826e-07
62.224,0.00031811,62.126,58.378,4.2218e-07
61.574,0.00032833,61.473,58.051,4.4982e-07
60.93,0.00033954,60.826,57.728,4.8115e-07
60.287,0.00035165,60.182,57.406,5.1615e-07
59.598,0.00036541,59.489,57.059,5.5747e-07
58.894,0.00038023,58.782,56.706,6.0371e-07
58.19,0.00039613,58.075,56.352,6.5543e-07
57.524,0.00041297,57.405,56.018,7.1249e-07
57.095,0.00042573,56.973,55.801,7.5733e-07
56.752,0.00043848,56.628,55.629,8.0347e-07
56.527,0.00045079,56.4,55.515,8.4926e-07
56.445,0.00046208,56.315,55.472,8.9235e-07
56.522,0.00047145,56.389,55.509,9.288e-07
56.758,0.00047869,56.622,55.626,9.5739e-07
57.148,0.00048332,57.011,55.82,9.7579e-07
57.678,0.00048497,57.538,56.084,9.8218e-07
58.399,0.00048303,58.258,56.444,9.7404e-07
59.217,0.00047724,59.076,56.853,9.5052e-07
60.086,0.00046796,59.946,57.288,9.1362e-07
60.965,0.00045576,60.826,57.728,8.6637e-07
61.779,0.00044208,61.643,58.136,8.1499e-07
62.547,0.00042713,62.414,58.522,7.6066e-07
63.257,0.0004115,63.127,58.879,7.0595e-07
63.902,0.00039579,63.776,59.203,6.5301e-07
64.583,0.00037767,64.462,59.546,5.9454e-07
65.174,0.00036057,65.057,59.843,5.4188e-07
65.676,0.0003448,65.563,60.096,4.9551e-07
66.084,0.00033065,65.975,60.302,4.5567e-07
66.423,0.00031701,66.318,60.474,4.1885e-07
66.635,0.00030562,66.534,60.582,3.8931e-07
66.723,0.00029653,66.624,60.627,3.6649e-07
66.697,0.00028968,66.6,60.615,3.4976e-07
66.573,0.00028495,66.478,60.554,3.3845e-07
66.371,0.00028216,66.278,60.454,3.3188e-07
66.103,0.00028113,66.01,60.32,3.2948e-07
65.772,0.00028169,65.679,60.155,3.3081e-07
65.394,0.00028357,65.301,59.966,3.3526e-07
64.948,0.00028676,64.855,59.743,3.4288e-07
64.434,0.00029128,64.34,59.485,3.5382e-07
63.857,0.00029716,63.762,59.196,3.6828e-07
63.232,0.00030439,63.136,58.883,3.8646e-07
62.582,0.00031292,62.485,58.557,4.0848e-07
61.925,0.00032265,61.825,58.228,4.3435e-07
61.272,0.00033345,61.17,57.9,4.64e-07
60.738,0.00034306,60.634,57.632,4.9119e-07
60.203,0.00035327,60.097,57.363,5.2095e-07
59.662,0.00036409,59.554,57.092,5.5342e-07
59.114,0.00037552,59.003,56.816,5.8883e-07
58.564,0.0003875,58.451,56.54,6.2711e-07
58.023,0.00040012,57.907,56.268,6.6874e-07
57.512,0.00041328,57.394,56.012,7.1359e-07
57.064,0.00042676,56.943,55.786,7.6102e-07
56.721,0.00043993,56.596,55.613,8.088e-07
56.508,0.00045253,56.38,55.505,8.5585e-07
56.454,0.00046395,56.323,55.476,8.9957e-07
56.576,0.00047349,56.442,55.536,9.3683e-07
56.87,0.00048028,56.734,55.682,9.6371e-07
57.327,0.00048408,57.189,55.909,9.7876e-07
57.927,0.00048455,57.787,56.208,9.8037e-07
58.638,0.00048156,58.497,56.563,9.6801e-07
59.464,0.0004748,59.323,56.976,9.4072e-07
60.327,0.00046479,60.187,57.409,9.012e-07
61.189,0.00045213,61.051,57.84,8.5259e-07
62.018,0.00043756,61.883,58.256,7.9838e-07
62.856,0.0004205,62.724,58.677,7.372e-07
63.617,0.00040293,63.489,59.06,6.7679e-07
64.296,0.00038551,64.173,59.401,6.1949e-07
64.894,0.00036882,64.774,59.702,5.6698e-07
65.419,0.00035304,65.304,59.967,5.1947e-07
65.861,0.00033862,65.75,60.19,4.779e-07
66.216,0.00032572,66.108,60.369,4.4219e-07
66.479,0.00031446,66.375,60.503,4.1215e-07
66.661,0.00030396,66.56,60.595,3.8509e-07
66.73,0.00029556,66.631,60.631,3.6409e-07
66.696,0.00028919,66.599,60.615,3.4859e-07
66.573,0.00028477,66.479,60.554,3.3802e-07
66.377,0.0002821,66.284,60.457,3.3173e-07
66.119,0.00028106,66.026,60.328,3.2931e-07
65.802,0.00028151,65.709,60.17,3.304e-07
65.423,0.00028335,65.33,59.98,3.3475e-07
64.952,0.00028669,64.859,59.744,3.4272e-07
64.403,0.00029153,64.31,59.47,3.5442e-07
63.785,0.00029791,63.691,59.16,3.7014e-07
63.117,0.0003058,63.02,58.825,3.9008e-07
62.386,0.00031568,62.288,58.459,4.1575e-07
61.652,0.000327,61.552,58.091,4.4617e-07
60.925,0.00033958,60.822,57.726,4.8126e-07
60.201,0.00035331,60.095,57.362,5.2106e-07
59.494,0.00036752,59.385,57.007,5.6393e-07
58.773,0.00038284,58.661,56.645,6.1205e-07
58.057,0.00039929,57.942,56.286,6.6594e-07
57.393,0.00041665,57.274,55.952,7.2528e-07
56.964,0.00043025,56.842,55.736,7.7352e-07
56.646,0.00044366,56.521,55.575,8.2259e-07
56.475,0.00045631,56.347,55.488,8.7018e-07
56.479,0.00046747,56.347,55.488,9.1322e-07
56.65,0.00047574,56.516,55.573,9.457e-07
56.983,0.00048153,56.846,55.738,9.6866e-07
57.464,0.00048441,57.325,55.978,9.8003e-07
58.073,0.00048411,57.933,56.281,9.7852e-07
58.917,0.00047952,58.776,56.703,9.5973e-07
59.839,0.00047072,59.698,57.164,9.245e-07
60.784,0.00045834,60.645,57.637,8.7627e-07
61.707,0.00044326,61.57,58.1,8.1935e-07
62.521,0.00042757,62.388,58.509,7.6225e-07
63.271,0.00041114,63.142,58.886,7.0469e-07
63.95,0.00039457,63.824,59.227,6.4899e-07
64.555,0.00037843,64.433,59.531,5.9693e-07
65.125,0.00036206,65.007,59.818,5.4639e-07
65.613,0.00034691,65.499,60.064,5.016e-07
66.017,0.00033318,65.908,60.269,4.6265e-07
66.334,0.000321,66.228,60.429,4.2945e-07
66.59,0.00030875,66.487,60.559,3.9732e-07
66.717,0.00029885,66.617,60.624,3.7224e-07
66.722,0.00029127,66.625,60.628,3.5361e-07
66.623,0.0002859,66.527,60.579,3.4072e-07
66.435,0.00028255,66.341,60.485,3.3278e-07
66.174,0.00028108,66.081,60.356,3.2936e-07
65.847,0.00028133,65.754,60.192,3.2997e-07
65.451,0.00028315,65.358,59.994,3.3428e-07
64.964,0.00028656,64.871,59.751,3.4241e-07
64.395,0.00029159,64.301,59.465,3.5457e-07
63.75,0.00029828,63.655,59.143,3.7107e-07
63.052,0.00030661,62.956,58.793,3.9213e-07
62.328,0.00031651,62.23,58.43,4.1794e-07
61.602,0.00032781,61.501,58.066,4.4839e-07
60.883,0.00034034,60.78,57.705,4.8342e-07
60.166,0.00035398,60.06,57.345,5.2305e-07
59.478,0.00036785,59.368,56.999,5.6496e-07
58.776,0.00038277,58.664,56.647,6.1184e-07
58.079,0.00039876,57.963,56.297,6.6418e-07
57.429,0.00041562,57.31,55.97,7.217e-07
56.998,0.00042904,56.876,55.753,7.6918e-07
56.673,0.00044232,56.548,55.589,8.1762e-07
56.488,0.00045492,56.36,55.495,8.6488e-07
56.47,0.00046614,56.339,55.484,9.0807e-07
56.62,0.00047468,56.485,55.558,9.4151e-07
56.929,0.00048082,56.793,55.711,9.6584e-07
57.39,0.00048412,57.251,55.94,9.7891e-07
57.98,0.00048429,57.84,56.235,9.7928e-07
58.832,0.00048009,58.692,56.661,9.6203e-07
59.772,0.00047141,59.632,57.131,9.2725e-07
60.741,0.00045893,60.602,57.616,8.7852e-07
61.689,0.00044355,61.553,58.091,8.2043e-07
62.501,0.00042798,62.367,58.499,7.6371e-07
63.249,0.00041165,63.119,58.874,7.0644e-07
63.926,0.00039517,63.8,59.215,6.5096e-07
64.531,0.00037909,64.409,59.519,5.9902e-07
65.104,0.00036268,64.986,59.808,5.4824e-07
65.596,0.00034747,65.482,60.056,5.0322e-07
66.004,0.00033367,65.894,60.262,4.6402e-07
66.325,0.00032143,66.219,60.424,4.306e-07
66.586,0.00030903,66.483,60.557,3.9803e-07
66.717,0.00029901,66.617,60.624,3.7264e-07
66.725,0.00029133,66.628,60.629,3.5377e-07
66.626,0.00028591,66.531,60.58,3.4074e-07
66.438,0.00028253,66.344,60.487,3.3273e-07
66.176,0.00028105,66.083,60.357,3.2929e-07
65.847,0.0002813,65.755,60.192,3.299e-07
65.449,0.00028314,65.356,59.993,3.3425e-07
64.962,0.00028656,64.869,59.75,3.4241e-07
64.392,0.0002916,64.298,59.464,3.546e-07
63.747,0.00029831,63.652,59.141,3.7113e-07
63.049,0.00030664,62.952,58.791,3.9223e-07
62.326,0.00031653,62.228,58.429,4.18e-07
61.602,0.00032781,61.501,58.066,4.4838e-07
60.885,0.00034031,60.781,57.706,4.8333e-07
60.169,0.00035392,60.063,57.347,5.2285e-07
59.481,0.00036777,59.372,57.001,5.6471e-07
58.78,0.00038268,58.668,56.649,6.1154e-07
58.083,0.00039865,57.968,56.299,6.6381e-07
57.433,0.0004155,57.314,55.972,7.2127e-07
57.003,0.00042889,56.881,55.755,7.6863e-07
56.677,0.00044214,56.552,55.591,8.1697e-07
56.491,0.00045472,56.363,55.496,8.6416e-07
56.471,0.00046595,56.34,55.485,9.0732e-07
56.617,0.00047452,56.483,55.556,9.4087e-07
56.924,0.0004807,56.788,55.709,9.6535e-07
57.382,0.00048405,57.244,55.937,9.7861e-07
57.971,0.00048427,57.831,56.23,9.7921e-07
58.824,0.00048011,58.683,56.657,9.6213e-07
59.767,0.00047145,59.626,57.128,9.2739e-07
60.738,0.00045895,60.599,57.615,8.786e-07
61.689,0.00044353,61.553,58.091,8.2035e-07
62.5,0.00042797,62.367,58.498,7.6367e-07
63.248,0.00041165,63.118,58.874,7.0644e-07
63.925,0.00039518,63.799,59.215,6.5099e-07
64.53,0.00037911,64.408,59.519,5.9908e-07
65.104,0.0003627,64.986,59.808,5.483e-07
65.596,0.00034749,65.482,60.056,5.0326e-07
66.004,0.00033368,65.894,60.262,4.6406e-07
66.325,0.00032143,66.219,60.424,4.3062e-07
66.587,0.00030903,66.484,60.557,3.9803e-07
66.718,0.000299,66.618,60.624,3.7261e-07
66.726,0.00029132,66.629,60.629,3.5373e-07
66.627,0.00028589,66.532,60.581,3.4069e-07
66.439,0.00028251,66.345,60.487,3.3269e-07
66.177,0.00028103,66.084,60.357,3.2924e-07
65.848,0.00028128,65.756,60.193,3.2986e-07
65.45,0.00028312,65.357,59.994,3.3421e-07
64.963,0.00028655,64.87,59.75,3.4237e-07
64.392,0.00029159,64.299,59.464,3.5456e-07
63.747,0.00029829,63.653,59.141,3.711e-07
63.049,0.00030663,62.953,58.791,3.9219e-07
62.327,0.00031651,62.229,58.429,4.1795e-07
61.603,0.00032779,61.502,58.066,4.4833e-07
60.886,0.00034029,60.782,57.706,4.8327e-07
60.171,0.00035389,60.064,57.347,5.2277e-07
59.483,0.00036775,59.373,57.002,5.6463e-07
58.781,0.00038265,58.669,56.649,6.1145e-07
58.084,0.00039862,57.969,56.299,6.6371e-07
57.435,0.00041546,57.315,55.973,7.2116e-07
57.004,0.00042885,56.882,55.756,7.6851e-07
56.679,0.00044211,56.554,55.592,8.1684e-07
56.492,0.00045469,56.364,55.497,8.6401e-07
56.472,0.00046591,56.34,55.485,9.0717e-07
56.618,0.00047448,56.484,55.557,9.4073e-07
56.925,0.00048066,56.788,55.709,9.6521e-07
57.382,0.00048402,57.244,55.937,9.7849e-07
57.971,0.00048424,57.831,56.23,9.791e-07
58.824,0.00048009,58.683,56.657,9.6204e-07
59.767,0.00047143,59.626,57.128,9.2731e-07
60.739,0.00045892,60.6,57.615,8.7851e-07
61.69,0.0004435,61.554,58.092,8.2026e-07
62.501,0.00042795,62.368,58.499,7.6359e-07
63.249,0.00041163,63.119,58.874,7.0637e-07
63.926,0.00039516,63.8,59.215,6.5093e-07
64.531,0.00037909,64.409,59.519,5.9902e-07
65.104,0.00036268,64.987,59.808,5.4824e-07
65.596,0.00034747,65.483,60.056,5.0321e-07
66.005,0.00033366,65.895,60.262,4.6401e-07
66.326,0.00032142,66.22,60.425,4.3058e-07
66.588,0.00030902,66.485,60.557,3.9799e-07
66.719,0.00029898,66.619,60.625,3.7258e-07
66.727,0.00029131,66.63,60.63,3.537e-07
66.628,0.00028588,66.533,60.581,3.4066e-07
66.439,0.00028249,66.346,60.488,3.3265e-07
66.178,0.00028102,66.085,60.357,3.2921e-07
65.849,0.00028127,65.757,60.193,3.2983e-07
65.45,0.00028311,65.358,59.994,3.3418e-07
64.964,0.00028653,64.871,59.75,3.4234e-07
64.393,0.00029158,64.299,59.465,3.5453e-07
63.748,0.00029828,63.653,59.142,3.7107e-07
63.05,0.00030662,62.953,58.792,3.9216e-07
62.328,0.0003165,62.229,58.43,4.1792e-07
61.603,0.00032777,61.503,58.066,4.483e-07
60.886,0.00034027,60.783,57.706,4.8323e-07
60.171,0.00035388,60.065,57.347,5.2273e-07
59.483,0.00036773,59.374,57.002,5.6458e-07
58.782,0.00038263,58.67,56.65,6.114e-07
58.085,0.0003986,57.97,56.3,6.6366e-07
57.435,0.00041545,57.316,55.973,7.211e-07
57.005,0.00042884,56.883,55.756,7.6845e-07
56.679,0.00044209,56.554,55.592,8.1677e-07
56.492,0.00045467,56.364,55.497,8.6395e-07
56.472,0.0004659,56.341,55.485,9.071e-07
56.618,0.00047446,56.484,55.557,9.4065e-07
56.925,0.00048065,56.789,55.709,9.6514e-07
57.383,0.000484,57.244,55.937,9.7841e-07
57.971,0.00048422,57.831,56.23,9.7902e-07
58.825,0.00048007,58.684,56.657,9.6197e-07
59.767,0.00047141,59.627,57.128,9.2724e-07
60.739,0.00045891,60.6,57.615,8.7844e-07
61.691,0.00044349,61.554,58.092,8.202e-07
62.502,0.00042793,62.368,58.499,7.6353e-07
63.25,0.00041161,63.12,58.875,7.0631e-07
63.927,0.00039515,63.801,59.215,6.5088e-07
64.531,0.00037908,64.409,59.52,5.9898e-07
65.105,0.00036267,64.987,59.808,5.482e-07
65.597,0.00034746,65.483,60.056,5.0317e-07
66.005,0.00033365,65.895,60.263,4.6398e-07
66.326,0.00032141,66.22,60.425,4.3055e-07
66.588,0.00030901,66.485,60.558,3.9796e-07
66.719,0.00029897,66.62,60.625,3.7255e-07
66.727,0.0002913,66.63,60.63,3.5368e-07
66.628,0.00028587,66.533,60.581,3.4064e-07
66.44,0.00028248,66.346,60.488,3.3263e-07
66.178,0.00028101,66.085,60.358,3.2919e-07
65.85,0.00028126,65.757,60.194,3.2981e-07
65.451,0.0002831,65.358,59.994,3.3416e-07
64.964,0.00028653,64.871,59.75,3.4232e-07
64.393,0.00029157,64.3,59.465,3.5451e-07
63.749,0.00029827,63.654,59.142,3.7105e-07
63.05,0.00030661,62.954,58.792,3.9214e-07
62.328,0.00031649,62.23,58.43,4.179e-07
61.604,0.00032777,61.503,58.066,4.4827e-07
60.887,0.00034027,60.783,57.707,4.832e-07
60.172,0.00035387,60.065,57.348,5.2271e-07
59.484,0.00036772,59.374,57.002,5.6455e-07
58.782,0.00038262,58.67,56.65,6.1137e-07
58.085,0.00039859,57.97,56.3,6.6363e-07
57.436,0.00041544,57.316,55.973,7.2107e-07
57.005,0.00042883,56.883,55.756,7.6841e-07
56.679,0.00044208,56.554,55.592,8.1673e-07
56.493,0.00045466,56.365,55.497,8.639e-07
56.473,0.00046589,56.341,55.485,9.0706e-07
56.619,0.00047445,56.485,55.557,9.4061e-07
56.926,0.00048063,56.789,55.709,9.6509e-07
57.383,0.00048399,57.245,55.937,9.7837e-07
57.972,0.00048421,57.832,56.231,9.7898e-07
58.825,0.00048006,58.684,56.657,9.6192e-07
59.768,0.0004714,59.627,57.128,9.2719e-07
60.74,0.0004589,60.601,57.615,8.784e-07
61.691,0.00044348,61.554,58.092,8.2016e-07
62.502,0.00042792,62.369,58.499,7.6349e-07
63.25,0.0004116,63.12,58.875,7.0628e-07
63.927,0.00039514,63.801,59.215,6.5085e-07
64.532,0.00037907,64.41,59.52,5.9895e-07
65.105,0.00036266,64.987,59.809,5.4818e-07
65.597,0.00034745,65.483,60.057,5.0315e-07
66.006,0.00033365,65.896,60.263,4.6396e-07
66.327,0.0003214,66.22,60.425,4.3053e-07
66.588,0.000309,66.486,60.558,3.9795e-07
66.72,0.00029897,66.62,60.625,3.7254e-07
66.728,0.00029129,66.631,60.63,3.5366e-07
66.628,0.00028586,66.533,60.582,3.4062e-07
66.44,0.00028248,66.347,60.488,3.3262e-07
66.179,0.000281,66.086,60.358,3.2918e-07
65.85,0.00028126,65.757,60.194,3.2979e-07
65.451,0.0002831,65.359,59.994,3.3415e-07
64.964,0.00028652,64.871,59.751,3.4231e-07
64.394,0.00029156,64.3,59.465,3.545e-07
63.749,0.00029826,63.654,59.142,3.7103e-07
63.051,0.0003066,62.954,58.792,3.9212e-07
62.328,0.00031649,62.23,58.43,4.1788e-07
61.604,0.00032776,61.503,58.067,4.4826e-07
60.887,0.00034026,60.783,57.707,4.8319e-07
60.172,0.00035386,60.066,57.348,5.2269e-07
59.484,0.00036772,59.375,57.002,5.6454e-07
58.783,0.00038262,58.67,56.65,6.1135e-07
58.086,0.00039859,57.97,56.3,6.6361e-07
57.436,0.00041543,57.317,55.973,7.2105e-07
57.005,0.00042882,56.883,55.757,7.6839e-07
56.68,0.00044207,56.555,55.592,8.1671e-07
56.493,0.00045465,56.365,55.497,8.6388e-07
56.473,0.00046588,56.342,55.486,9.0703e-07
56.619,0.00047444,56.485,55.557,9.4058e-07
56.926,0.00048063,56.789,55.71,9.6506e-07
57.384,0.00048398,57.245,55.937,9.7834e-07
57.972,0.0004842,57.832,56.231,9.7895e-07
58.825,0.00048005,58.685,56.657,9.6189e-07
59.768,0.00047139,59.627,57.129,9.2716e-07
60.74,0.00045889,60.601,57.615,8.7837e-07
61.691,0.00044347,61.555,58.092,8.2013e-07
62.502,0.00042791,62.369,58.499,7.6347e-07
63.25,0.00041159,63.12,58.875,7.0626e-07
63.927,0.00039513,63.801,59.215,6.5083e-07
64.532,0.00037906,64.41,59.52,5.9893e-07
65.105,0.00036265,64.988,59.809,5.4816e-07
65.597,0.00034744,65.484,60.057,5.0313e-07
66.006,0.00033364,65.896,60.263,4.6394e-07
66.327,0.0003214,66.221,60.425,4.3051e-07
66.589,0.00030899,66.486,60.558,3.9793e-07
66.72,0.00029896,66.62,60.625,3.7253e-07
66.728,0.00029129,66.631,60.63,3.5365e-07
66.629,0.00028586,66.534,60.582,3.4061e-07
66.44,0.00028247,66.347,60.488,3.3261e-07
66.179,0.000281,66.086,60.358,3.2917e-07
65.85,0.00028125,65.758,60.194,3.2979e-07
65.451,0.00028309,65.359,59.994,3.3414e-07
64.964,0.00028652,64.871,59.751,3.423e-07
64.394,0.00029156,64.3,59.465,3.5449e-07
63.749,0.00029826,63.654,59.142,3.7102e-07
63.051,0.0003066,62.954,58.792,3.9212e-07
62.329,0.00031648,62.23,58.43,4.1787e-07
61.604,0.00032776,61.504,58.067,4.4825e-07
60.887,0.00034026,60.784,57.707,4.8318e-07
60.172,0.00035386,60.066,57.348,5.2268e-07
59.484,0.00036771,59.375,57.002,5.6452e-07
58.783,0.00038261,58.671,56.65,6.1134e-07
58.086,0.00039858,57.97,56.3,6.6359e-07
57.436,0.00041543,57.317,55.973,7.2103e-07
57.005,0.00042882,56.884,55.757,7.6837e-07
56.68,0.00044207,56.555,55.592,8.1669e-07
56.493,0.00045465,56.365,55.497,8.6386e-07
56.473,0.00046587,56.342,55.486,9.0701e-07
56.619,0.00047444,56.485,55.557,9.4056e-07
56.926,0.00048062,56.789,55.71,9.6504e-07
57.384,0.00048398,57.245,55.937,9.7832e-07
57.972,0.0004842,57.832,56.231,9.7893e-07
58.826,0.00048005,58.685,56.657,9.6187e-07
59.768,0.00047139,59.628,57.129,9.2714e-07
60.74,0.00045888,60.601,57.615,8.7835e-07
61.691,0.00044347,61.555,58.092,8.2012e-07
62.502,0.00042791,62.369,58.499,7.6345e-07
63.25,0.00041159,63.12,58.875,7.0624e-07
63.927,0.00039513,63.801,59.216,6.5081e-07
64.532,0.00037906,64.41,59.52,5.9892e-07
65.106,0.00036265,64.988,59.809,5.4815e-07
65.598,0.00034744,65.484,60.057,5.0312e-07
66.006,0.00033364,65.896,60.263,4.6393e-07
66.327,0.00032139,66.221,60.425,4.3051e-07
66.589,0.00030899,66.486,60.558,3.9793e-07
66.72,0.00029896,66.62,60.625,3.7252e-07
66.728,0.00029128,66.631,60.63,3.5365e-07
66.629,0.00028586,66.534,60.582,3.4061e-07
66.441,0.00028247,66.347,60.488,3.3261e-07
66.179,0.000281,66.086,60.358,3.2916e-07
65.85,0.00028125,65.758,60.194,3.2978e-07
65.451,0.00028309,65.359,59.994,3.3414e-07
64.965,0.00028652,64.872,59.751,3.423e-07
64.394,0.00029156,64.3,59.465,3.5449e-07
63.749,0.00029826,63.654,59.142,3.7102e-07
63.051,0.0003066,62.954,58.792,3.9211e-07
62.329,0.00031648,62.23,58.43,4.1787e-07
61.604,0.00032776,61.504,58.067,4.4824e-07
60.887,0.00034025,60.784,57.707,4.8317e-07
60.172,0.00035386,60.066,57.348,5.2267e-07
59.484,0.00036771,59.375,57.002,5.6452e-07
58.783,0.00038261,58.671,56.65,6.1133e-07
58.086,0.00039858,57.97,56.3,6.6358e-07
57.436,0.00041543,57.317,55.973,7.2102e-07
57.006,0.00042881,56.884,55.757,7.6836e-07
56.68,0.00044207,56.555,55.592,8.1668e-07
56.493,0.00045464,56.365,55.497,8.6385e-07
56.473,0.00046587,56.342,55.486,9.07e-07
56.619,0.00047444,56.485,55.557,9.4055e-07
56.926,0.00048062,56.79,55.71,9.6503e-07
57.384,0.00048397,57.245,55.937,9.783e-07
57.972,0.00048419,57.832,56.231,9.7891e-07
58.826,0.00048005,58.685,56.657,9.6186e-07
59.768,0.00047138,59.628,57.129,9.2713e-07
60.74,0.00045888,60.601,57.615,8.7834e-07
61.691,0.00044346,61.555,58.092,8.2011e-07
62.502,0.00042791,62.369,58.499,7.6344e-07
63.25,0.00041159,63.12,58.875,7.0624e-07
63.927,0.00039513,63.801,59.216,6.5081e-07
64.532,0.00037906,64.41,59.52,5.9891e-07
65.106,0.00036265,64.988,59.809,5.4814e-07
65.598,0.00034744,65.484,60.057,5.0312e-07
66.006,0.00033364,65.896,60.263,4.6393e-07
66.327,0.00032139,66.221,60.425,4.305e-07
66.589,0.00030899,66.486,60.558,3.9792e-07
66.72,0.00029896,66.62,60.625,3.7252e-07
66.728,0.00029128,66.631,60.63,3.5364e-07
66.629,0.00028586,66.534,60.582,3.4061e-07
66.441,0.00028247,66.347,60.488,3.326e-07
66.179,0.000281,66.086,60.358,3.2916e-07
65.85,0.00028125,65.758,60.194,3.2978e-07
65.452,0.00028309,65.359,59.994,3.3413e-07
64.965,0.00028651,64.872,59.751,3.4229e-07
64.394,0.00029156,64.3,59.465,3.5449e-07
63.749,0.00029826,63.654,59.142,3.7102e-07
63.051,0.0003066,62.954,58.792,3.9211e-07
62.329,0.00031648,62.23,58.43,4.1787e-07
61.604,0.00032775,61.504,58.067,4.4824e-07
60.887,0.00034025,60.784,57.707,4.8317e-07
60.172,0.00035385,60.066,57.348,5.2267e-07
59.484,0.00036771,59.375,57.002,5.6451e-07
58.783,0.00038261,58.671,56.65,6.1132e-07
58.086,0.00039858,57.97,56.3,6.6358e-07
57.436,0.00041542,57.317,55.973,7.2102e-07
57.006,0.00042881,56.884,55.757,7.6835e-07
56.68,0.00044206,56.555,55.592,8.1667e-07
56.493,0.00045464,56.365,55.497,8.6384e-07
56.473,0.00046587,56.342,55.486,9.07e-07
56.619,0.00047444,56.485,55.557,9.4054e-07
56.926,0.00048062,56.79,55.71,9.6502e-07
57.384,0.00048397,57.245,55.937,9.783e-07
57.972,0.00048419,57.832,56.231,9.7891e-07
58.826,0.00048004,58.685,56.657,9.6185e-07
59.768,0.00047138,59.628,57.129,9.2713e-07
60.74,0.00045888,60.601,57.615,8.7834e-07
61.691,0.00044346,61.555,58.092,8.201e-07
62.503,0.0004279,62.369,58.499,7.6344e-07
63.25,0.00041159,63.12,58.875,7.0623e-07
63.927,0.00039512,63.801,59.216,6.508e-07
64.532,0.00037906,64.41,59.52,5.9891e-07
65.106,0.00036264,64.988,59.809,5.4814e-07
65.598,0.00034744,65.484,60.057,5.0311e-07
66.006,0.00033363,65.896,60.263,4.6393e-07
66.327,0.00032139,66.221,60.425,4.305e-07
66.589,0.00030899,66.486,60.558,3.9792e-07
66.72,0.00029896,66.62,60.625,3.7251e-07
66.728,0.00029128,66.631,60.63,3.5364e-07
66.629,0.00028586,66.534,60.582,3.406e-07
66.441,0.00028247,66.347,60.488,3.326e-07
66.179,0.000281,66.086,60.358,3.2916e-07
65.85,0.00028125,65.758,60.194,3.2978e-07
65.452,0.00028309,65.359,59.994,3.3413e-07
64.965,0.00028651,64.872,59.751,3.4229e-07
64.394,0.00029156,64.3,59.465,3.5448e-07
63.749,0.00029826,63.654,59.142,3.7101e-07
63.051,0.00030659,62.954,58.792,3.921e-07
62.329,0.00031648,62.23,58.43,4.1786e-07
61.605,0.00032775,61.504,58.067,4.4824e-07
60.887,0.00034025,60.784,57.707,4.8316e-07
60.172,0.00035385,60.066,57.348,5.2266e-07
59.484,0.00036771,59.375,57.002,5.6451e-07
58.783,0.00038261,58.671,56.65,6.1132e-07
58.086,0.00039858,57.971,56.3,6.6357e-07
57.436,0.00041542,57.317,55.973,7.2101e-07
57.006,0.00042881,56.884,55.757,7.6835e-07
56.68,0.00044206,56.555,55.592,8.1667e-07
56.493,0.00045464,56.365,55.497,8.6384e-07
56.473,0.00046587,56.342,55.486,9.0699e-07
56.619,0.00047443,56.485,55.557,9.4054e-07
56.926,0.00048062,56.79,55.71,9.6502e-07
57.384,0.00048397,57.245,55.938,9.7829e-07
57.972,0.00048419,57.832,56.231,9.789e-07
58.826,0.00048004,58.685,56.657,9.6184e-07
59.768,0.00047138,59.628,57.129,9.2712e-07
60.74,0.00045888,60.601,57.615,8.7833e-07
61.691,0.00044346,61.555,58.092,8.201e-07
62.503,0.0004279,62.369,58.499,7.6343e-07
63.25,0.00041159,63.121,58.875,7.0623e-07
63.928,0.00039512,63.801,59.216,6.508e-07
64.532,0.00037906,64.41,59.52,5.9891e-07
65.106,0.00036264,64.988,59.809,5.4814e-07
65.598,0.00034744,65.484,60.057,5.0311e-07
66.006,0.00033363,65.896,60.263,4.6392e-07
66.327,0.00032139,66.221,60.425,4.305e-07
66.589,0.00030899,66.486,60.558,3.9792e-07
66.72,0.00029896,66.62,60.625,3.7251e-07
66.728,0.00029128,66.631,60.63,3.5364e-07
66.629,0.00028585,66.534,60.582,3.406e-07
66.441,0.00028247,66.347,60.488,3.326e-07
66.179,0.00028099,66.086,60.358,3.2916e-07
65.85,0.00028125,65.758,60.194,3.2978e-07
65.452,0.00028309,65.359,59.995,3.3413e-07
64.965,0.00028651,64.872,59.751,3.4229e-07
64.394,0.00029156,64.3,59.465,3.5448e-07
63.749,0.00029826,63.654,59.142,3.7101e-07
63.051,0.00030659,62.954,58.792,3.921e-07
62.329,0.00031648,62.23,58.43,4.1786e-07
61.605,0.00032775,61.504,58.067,4.4824e-07
60.887,0.00034025,60.784,57.707,4.8316e-07
60.172,0.00035385,60.066,57.348,5.2266e-07
59.484,0.00036771,59.375,57.002,5.6451e-07
58.783,0.00038261,58.671,56.65,6.1132e-07
58.086,0.00039858,57.971,56.3,6.6357e-07
57.436,0.00041542,57.317,55.973,7.2101e-07
57.006,0.00042881,56.884,55.757,7.6835e-07
56.68,0.00044206,56.555,55.592,8.1667e-07
56.493,0.00045464,56.365,55.497,8.6384e-07
56.473,0.00046587,56.342,55.486,9.0699e-07
56.619,0.00047443,56.485,55.558,9.4053e-07
56.926,0.00048062,56.79,55.71,9.6502e-07
57.384,0.00048397,57.245,55.938,9.7829e-07
57.972,0.00048419,57.832,56.231,9.789e-07
58.826,0.00048004,58.685,56.657,9.6184e-07
59.768,0.00047138,59.628,57.129,9.2712e-07
60.74,0.00045888,60.601,57.616,8.7833e-07
61.691,0.00044346,61.555,58.092,8.2009e-07
62.503,0.0004279,62.369,58.499,7.6343e-07
63.25,0.00041158,63.121,58.875,7.0622e-07
63.928,0.00039512,63.801,59.216,6.5079e-07
64.532,0.00037906,64.41,59.52,5.989e-07
65.106,0.00036264,64.988,59.809,5.4813e-07
65.598,0.00034744,65.484,60.057,5.0311e-07
66.006,0.00033363,65.896,60.263,4.6392e-07
66.327,0.00032139,66.221,60.425,4.305e-07
66.589,0.00030899,66.486,60.558,3.9792e-07
66.72,0.00029896,66.62,60.625,3.7251e-07
66.728,0.00029128,66.631,60.63,3.5364e-07
66.629,0.00028585,66.534,60.582,3.406e-07
66.441,0.00028247,66.347,60.488,3.326e-07
66.179,0.00028099,66.086,60.358,3.2915e-07
65.85,0.00028125,65.758,60.194,3.2977e-07
65.452,0.00028309,65.359,59.995,3.3413e-07
64.965,0.00028651,64.872,59.751,3.4229e-07
64.394,0.00029155,64.3,59.465,3.5448e-07
63.749,0.00029826,63.654,59.142,3.7101e-07
63.051,0.00030659,62.954,58.792,3.921e-07
62.329,0.00031648,62.23,58.43,4.1786e-07
61.605,0.00032775,61.504,58.067,4.4823e-07
60.887,0.00034025,60.784,57.707,4.8316e-07
60.172,0.00035385,60.066,57.348,5.2266e-07
59.484,0.00036771,59.375,57.002,5.6451e-07
58.783,0.00038261,58.671,56.65,6.1132e-07
58.086,0.00039858,57.971,56.3,6.6357e-07
57.436,0.00041542,57.317,55.973,7.2101e-07
57.006,0.00042881,56.884,55.757,7.6835e-07
56.68,0.00044206,56.555,55.592,8.1666e-07
56.493,0.00045464,56.365,55.497,8.6383e-07
56.473,0.00046587,56.342,55.486,9.0699e-07
56.619,0.00047443,56.485,55.558,9.4053e-07
56.926,0.00048061,56.79,55.71,9.6501e-07
57.384,0.00048397,57.245,55.938,9.7829e-07
57.972,0.00048419,57.832,56.231,9.789e-07
58.826,0.00048004,58.685,56.657,9.6184e-07
59.768,0.00047138,59.628,57.129,9.2712e-07
60.74,0.00045888,60.601,57.616,8.7833e-07
61.691,0.00044346,61.555,58.092,8.2009e-07
62.503,0.0004279,62.369,58.499,7.6343e-07
63.25,0.00041158,63.121,58.875,7.0622e-07
63.928,0.00039512,63.802,59.216,6.5079e-07
64.532,0.00037906,64.41,59.52,5.989e-07
65.106,0.00036264,64.988,59.809,5.4813e-07
65.598,0.00034744,65.484,60.057,5.0311e-07
66.006,0.00033363,65.896,60.263,4.6392e-07
66.327,0.00032139,66.221,60.425,4.3049e-07
66.589,0.00030899,66.486,60.558,3.9792e-07
66.72,0.00029896,66.62,60.625,3.7251e-07
66.728,0.00029128,66.631,60.63,3.5364e-07
66.629,0.00028585,66.534,60.582,3.406e-07
66.441,0.00028247,66.347,60.488,3.326e-07
66.179,0.00028099,66.086,60.358,3.2915e-07
65.85,0.00028125,65.758,60.194,3.2977e-07
65.452,0.00028309,65.359,59.995,3.3413e-07
64.965,0.00028651,64.872,59.751,3.4229e-07
64.394,0.00029155,64.3,59.465,3.5448e-07
63.749,0.00029826,63.654,59.142,3.7101e-07
63.051,0.00030659,62.955,58.792,3.921e-07
62.329,0.00031648,62.23,58.43,4.1786e-07
61.605,0.00032775,61.504,58.067,4.4823e-07
60.887,0.00034025,60.784,57.707,4.8316e-07
60.172,0.00035385,60.066,57.348,5.2266e-07
59.484,0.00036771,59.375,57.002,5.645e-07
58.783,0.00038261,58.671,56.65,6.1131e-07
58.086,0.00039858,57.971,56.3,6.6357e-07
57.436,0.00041542,57.317,55.973,7.2101e-07
57.006,0.00042881,56.884,55.757,7.6834e-07
56.68,0.00044206,56.555,55.592,8.1666e-07
56.493,0.00045464,56.365,55.497,8.6383e-07
56.473,0.00046587,56.342,55.486,9.0698e-07
56.619,0.00047443,56.485,55.558,9.4053e-07
56.926,0.00048061,56.79,55.71,9.6501e-07
57.384,0.00048397,57.245,55.938,9.7828e-07
57.972,0.00048419,57.832,56.231,9.7889e-07
58.826,0.00048004,58.685,56.657,9.6184e-07
59.768,0.00047138,59.628,57.129,9.2711e-07
60.74,0.00045888,60.601,57.616,8.7833e-07
61.691,0.00044346,61.555,58.092,8.2009e-07
62.503,0.0004279,62.369,58.5,7.6343e-07
63.25,0.00041158,63.121,58.875,7.0622e-07
63.928,0.00039512,63.802,59.216,6.5079e-07
64.532,0.00037905,64.41,59.52,5.989e-07
65.106,0.00036264,64.988,59.809,5.4813e-07
65.598,0.00034743,65.484,60.057,5.0311e-07
66.006,0.00033363,65.896,60.263,4.6392e-07
66.327,0.00032139,66.221,60.425,4.3049e-07
66.589,0.00030899,66.486,60.558,3.9792e-07
66.72,0.00029896,66.62,60.625,3.7251e-07
66.728,0.00029128,66.631,60.63,3.5364e-07
66.629,0.00028585,66.534,60.582,3.406e-07
66.441,0.00028247,66.347,60.488,3.326e-07
66.179,0.00028099,66.086,60.358,3.2915e-07
65.85,0.00028125,65.758,60.194,3.2977e-07
65.452,0.00028309,65.359,59.995,3.3413e-07
64.965,0.00028651,64.872,59.751,3.4229e-07
64.394,0.00029155,64.3,59.465,3.5448e-07
63.749,0.00029826,63.654,59.142,3.7101e-07
63.051,0.00030659,62.955,58.792,3.921e-07
62.329,0.00031648,62.23,58.43,4.1786e-07
61.605,0.00032775,61.504,58.067,4.4823e-07
60.887,0.00034025,60.784,57.707,4.8316e-07
60.172,0.00035385,60.066,57.348,5.2266e-07
59.484,0.00036771,59.375,57.002,5.645e-07
58.783,0.00038261,58.671,56.65,6.1131e-07
58.086,0.00039858,57.971,56.3,6.6357e-07
57.436,0.00041542,57.317,55.973,7.2101e-07
57.006,0.00042881,56.884,55.757,7.6834e-07
56.68,0.00044206,56.555,55.592,8.1666e-07
56.493,0.00045464,56.365,55.498,8.6383e-07
56.473,0.00046587,56.342,55.486,9.0698e-07
56.619,0.00047443,56.485,55.558,9.4053e-07
56.926,0.00048061,56.79,55.71,9.6501e-07
57.384,0.00048397,57.245,55.938,9.7828e-07
57.972,0.00048419,57.832,56.231,9.7889e-07
58.826,0.00048004,58.685,56.657,9.6184e-07
59.768,0.00047138,59.628,57.129,9.2711e-07
60.74,0.00045888,60.601,57.616,8.7832e-07
61.691,0.00044346,61.555,58.092,8.2009e-07
62.503,0.0004279,62.369,58.5,7.6343e-07
63.25,0.00041158,63.121,58.875,7.0622e-07
63.928,0.00039512,63.802,59.216,6.5079e-07
64.532,0.00037905,64.41,59.52,5.989e-07
65.106,0.00036264,64.988,59.809,5.4813e-07
65.598,0.00034743,65.484,60.057,5.0311e-07
66.006,0.00033363,65.896,60.263,4.6392e-07
66.327,0.00032139,66.221,60.425,4.3049e-07
66.589,0.00030899,66.486,60.558,3.9791e-07
66.72,0.00029896,66.62,60.625,3.7251e-07
66.728,0.00029128,66.631,60.63,3.5364e-07
66.629,0.00028585,66.534,60.582,3.406e-07
66.441,0.00028247,66.347,60.488,3.326e-07
66.179,0.00028099,66.086,60.358,3.2915e-07
65.85,0.00028125,65.758,60.194,3.2977e-07
65.452,0.00028309,65.359,59.995,3.3413e-07
64.965,0.00028651,64.872,59.751,3.4229e-07
64.394,0.00029155,64.3,59.465,3.5448e-07
63.749,0.00029826,63.654,59.142,3.7101e-07
63.051,0.00030659,62.955,58.792,3.921e-07
62.329,0.00031648,62.23,58.43,4.1786e-07
61.605,0.00032775,61.504,58.067,4.4823e-07
60.887,0.00034025,60.784,57.707,4.8316e-07
60.172,0.00035385,60.066,57.348,5.2266e-07
59.484,0.00036771,59.375,57.002,5.645e-07
58.783,0.00038261,58.671,56.65,6.1131e-07
58.086,0.00039858,57.971,56.3,6.6357e-07
57.436,0.00041542,57.317,55.973,7.2101e-07
57.006,0.00042881,56.884,55.757,7.6834e-07
56.68,0.00044206,56.555,55.592,8.1666e-07
56.493,0.00045464,56.365,55.498,8.6383e-07
56.473,0.00046587,56.342,55.486,9.0698e-07
56.619,0.00047443,56.485,55.558,9.4053e-07
56.926,0.00048061,56.79,55.71,9.6501e-07
57.384,0.00048397,57.245,55.938,9.7828e-07
57.972,0.00048419,57.832,56.231,9.7889e-07
58.826,0.00048004,58.685,56.657,9.6184e-07
59.768,0.00047138,59.628,57.129,9.2711e-07
60.74,0.00045888,60.601,57.616,8.7832e-07
61.691,0.00044346,61.555,58.092,8.2009e-07
62.503,0.0004279,62.369,58.5,7.6343e-07
63.25,0.00041158,63.121,58.875,7.0622e-07
63.928,0.00039512,63.802,59.216,6.5079e-07
64.532,0.00037905,64.41,59.52,5.989e-07
65.106,0.00036264,64.988,59.809,5.4813e-07
65.598,0.00034743,65.484,60.057,5.0311e-07
66.006,0.00033363,65.896,60.263,4.6392e-07
66.327,0.00032139,66.221,60.425,4.3049e-07
66.589,0.00030899,66.486,60.558,3.9791e-07
66.72,0.00029896,66.62,60.625,3.7251e-07
66.728,0.00029128,66.631,60.63,3.5364e-07
66.629,0.00028585,66.534,60.582,3.406e-07
66.441,0.00028247,66.347,60.488,3.326e-07
66.179,0.00028099,66.086,60.358,3.2915e-07
65.85,0.00028125,65.758,60.194,3.2977e-07
65.452,0.00028309,65.359,59.995,3.3413e-07
64.965,0.00028651,64.872,59.751,3.4229e-07
64.394,0.00029155,64.3,59.465,3.5448e-07
63.749,0.00029826,63.654,59.142,3.7101e-07
63.051,0.00030659,62.955,58.792,3.921e-07
62.329,0.00031648,62.23,58.43,4.1786e-07
61.605,0.00032775,61.504,58.067,4.4823e-07
60.887,0.00034025,60.784,57.707,4.8316e-07
60.172,0.00035385,60.066,57.348,5.2266e-07
59.484,0.00036771,59.375,57.002,5.645e-07
58.783,0.00038261,58.671,56.65,6.1131e-07
58.086,0.00039858,57.971,56.3,6.6357e-07
57.436,0.00041542,57.317,55.973,7.2101e-07
57.006,0.00042881,56.884,55.757,7.6834e-07
56.68,0.00044206,56.555,55.592,8.1666e-07
56.493,0.00045464,56.365,55.498,8.6383e-07
56.473,0.00046587,56.342,55.486,9.0698e-07
56.619,0.00047443,56.485,55.558,9.4053e-07
56.926,0.00048061,56.79,55.71,9.6501e-07
57.384,0.00048397,57.245,55.938,9.7828e-07
57.972,0.00048419,57.832,56.231,9.7889e-07
58.826,0.00048004,58.685,56.657,9.6184e-07
59.768,0.00047138,59.628,57.129,9.2711e-07
60.74,0.00045888,60.601,57.616,8.7832e-07
61.691,0.00044346,61.555,58.092,8.2009e-07
62.503,0.0004279,62.369,58.5,7.6343e-07
63.25,0.00041158,63.121,58.875,7.0622e-07
63.928,0.00039512,63.802,59.216,6.5079e-07
64.532,0.00037905,64.41,59.52,5.989e-07
65.106,0.00036264,64.988,59.809,5.4813e-07
65.598,0.00034743,65.484,60.057,5.0311e-07
66.006,0.00033363,65.896,60.263,4.6392e-07
66.327,0.00032139,66.221,60.425,4.3049e-07
66.589,0.00030899,66.486,60.558,3.9791e-07
66.72,0.00029896,66.62,60.625,3.7251e-07
66.728,0.00029128,66.631,60.63,3.5364e-07
66.629,0.00028585,66.534,60.582,3.406e-07
66.441,0.00028247,66.347,60.488,3.326e-07
66.179,0.00028099,66.086,60.358,3.2915e-07
65.85,0.00028125,65.758,60.194,3.2977e-07
65.452,0.00028309,65.359,59.995,3.3413e-07
64.965,0.00028651,64.872,59.751,3.4229e-07
64.394,0.00029155,64.3,59.465,3.5448e-07
63.749,0.00029826,63.654,59.142,3.7101e-07
63.051,0.00030659,62.955,58.792,3.921e-07
62.329,0.00031648,62.23,58.43,4.1786e-07
61.605,0.00032775,61.504,58.067,4.4823e-07
60.887,0.00034025,60.784,57.707,4.8316e-07
60.172,0.00035385,60.066,57.348,5.2266e-07
59.484,0.00036771,59.375,57.002,5.645e-07
58.783,0.00038261,58.671,56.65,6.1131e-07
58.086,0.00039858,57.971,56.3,6.6357e-07
57.436,0.00041542,57.317,55.973,7.2101e-07
57.006,0.00042881,56.884,55.757,7.6834e-07
56.68,0.00044206,56.555,55.592,8.1666e-07
56.493,0.00045464,56.365,55.498,8.6383e-07
56.473,0.00046587,56.342,55.486,9.0698e-07
56.619,0.00047443,56.485,55.558,9.4053e-07
56.926,0.00048061,56.79,55.71,9.6501e-07
57.384,0.00048397,57.245,55.938,9.7828e-07
57.972,0.00048419,57.832,56.231,9.7889e-07
58.826,0.00048004,58.685,56.657,9.6184e-07
59.768,0.00047138,59.628,57.129,9.2711e-07
60.74,0.00045888,60.601,57.616,8.7832e-07
61.691,0.00044346,61.555,58.092,8.2009e-07
62.503,0.0004279,62.369,58.5,7.6343e-07
63.25,0.00041158,63.121,58.875,7.0622e-07
63.928,0.00039512,63.802,59.216,6.5079e-07
64.532,0.00037905,64.41,59.52,5.989e-07
65.106,0.00036264,64.988,59.809,5.4813e-07
65.598,0.00034743,65.484,60.057,5.0311e-07
66.006,0.00033363,65.896,60.263,4.6392e-07
66.327,0.00032139,66.221,60.425,4.3049e-07
66.589,0.00030899,66.486,60.558,3.9791e-07
66.72,0.00029896,66.62,60.625,3.7251e-07
66.728,0.00029128,66.631,60.63,3.5364e-07
66.629,0.00028585,66.534,60.582,3.406e-07
66.441,0.00028247,66.347,60.488,3.326e-07
66.179,0.00028099,66.086,60.358,3.2915e-07
65.85,0.00028125,65.758,60.194,3.2977e-07
65.452,0.00028309,65.359,59.995,3.3413e-07
64.965,0.00028651,64.872,59.751,3.4229e-07
64.394,0.00029155,64.3,59.465,3.5448e-07
63.749,0.00029826,63.654,59.142,3.7101e-07
63.051,0.00030659,62.955,58.792,3.921e-07
62.329,0.00031648,62.23,58.43,4.1786e-07
61.605,0.00032775,61.504,58.067,4.4823e-07
60.887,0.00034025,60.784,57.707,4.8316e-07
60.172,0.00035385,60.066,57.348,5.2266e-07
59.484,0.00036771,59.375,57.002,5.645e-07
58.783,0.00038261,58.671,56.65,6.1131e-07
58.086,0.00039858,57.971,56.3,6.6357e-07
57.436,0.00041542,57.317,55.973,7.2101e-07
57.006,0.00042881,56.884,55.757,7.6834e-07
56.68,0.00044206,56.555,55.592,8.1666e-07
56.493,0.00045464,56.365,55.498,8.6383e-07
56.473,0.00046587,56.342,55.486,9.0698e-07
56.619,0.00047443,56.485,55.558,9.4053e-07
56.926,0.00048061,56.79,55.71,9.6501e-07
57.384,0.00048397,57.245,55.938,9.7828e-07
57.972,0.00048419,57.832,56.231,9.7889e-07
58.826,0.00048004,58.685,56.657,9.6184e-07
59.768,0.00047138,59.628,57.129,9.2711e-07
60.74,0.00045888,60.601,57.616,8.7832e-07
61.691,0.00044346,61.555,58.092,8.2009e-07
62.503,0.0004279,62.369,58.5,7.6343e-07
63.25,0.00041158,63.121,58.875,7.0622e-07
63.928,0.00039512,63.802,59.216,6.5079e-07
64.532,0.00037905,64.41,59.52,5.989e-07
65.106,0.00036264,64.988,59.809,5.4813e-07
65.598,0.00034743,65.484,60.057,5.0311e-07
66.006,0.00033363,65.896,60.263,4.6392e-07
66.327,0.00032139,66.221,60.425,4.3049e-07
66.589,0.00030899,66.486,60.558,3.9791e-07
66.72,0.00029896,66.62,60.625,3.7251e-07
66.728,0.00029128,66.631,60.63,3.5364e-07
66.629,0.00028585,66.534,60.582,3.406e-07
66.441,0.00028247,66.347,60.488,3.326e-07
66.179,0.00028099,66.086,60.358,3.2915e-07
65.85,0.00028125,65.758,60.194,3.2977e-07
65.452,0.00028309,65.359,59.995,3.3413e-07
64.965,0.00028651,64.872,59.751,3.4229e-07
64.394,0.00029155,64.3,59.465,3.5448e-07
63.749,0.00029826,63.654,59.142,3.7101e-07
63.051,0.00030659,62.955,58.792,3.921e-07
62.329,0.00031648,62.23,58.43,4.1786e-07
61.605,0.00032775,61.504,58.067,4.4823e-07
60.887,0.00034025,60.784,57.707,4.8316e-07
60.172,0.00035385,60.066,57.348,5.2266e-07
59.484,0.00036771,59.375,57.002,5.645e-07
58.783,0.00038261,58.671,56.65,6.1131e-07
58.086,0.00039858,57.971,56.3,6.6357e-07
57.436,0.00041542,57.317,55.973,7.2101e-07
57.006,0.00042881,56.884,55.757,7.6834e-07
56.68,0.00044206,56.555,55.592,8.1666e-07
56.493,0.00045464,56.365,55.498,8.6383e-07
56.473,0.00046587,56.342,55.486,9.0698e-07
56.619,0.00047443,56.485,55.558,9.4053e-07
56.926,0.00048061,56.79,55.71,9.6501e-07
57.384,0.00048397,57.245,55.938,9.7828e-07
57.972,0.00048419,57.832,56.231,9.7889e-07
58.826,0.00048004,58.685,56.657,9.6184e-07
59.768,0.00047138,59.628,57.129,9.2711e-07
60.74,0.00045888,60.601,57.616,8.7832e-07
61.691,0.00044346,61.555,58.092,8.2009e-07
62.503,0.0004279,62.369,58.5,7.6343e-07
63.25,0.00041158,63.121,58.875,7.0622e-07
63.928,0.00039512,63.802,59.216,6.5079e-07
64.532,0.00037905,64.41,59.52,5.989e-07
65.106,0.00036264,64.988,59.809,5.4813e-07
65.598,0.00034743,65.484,60.057,5.0311e-07
66.006,0.00033363,65.896,60.263,4.6392e-07
66.327,0.00032139,66.221,60.425,4.3049e-07
66.589,0.00030899,66.486,60.558,3.9791e-07
66.72,0.00029896,66.62,60.625,3.7251e-07
66.728,0.00029128,66.631,60.63,3.5364e-07
66.629,0.00028585,66.534,60.582,3.406e-07
66.441,0.00028247,66.347,60.488,3.326e-07
66.179,0.00028099,66.086,60.358,3.2915e-07
65.85,0.00028125,65.758,60.194,3.2977e-07
65.452,0.00028309,65.359,59.995,3.3413e-07
64.965,0.00028651,64.872,59.751,3.4229e-07
64.394,0.00029155,64.3,59.465,3.5448e-07
63.749,0.00029826,63.654,59.142,3.7101e-07
63.051,0.00030659,62.955,58.792,3.921e-07
62.329,0.00031648,62.23,58.43,4.1786e-07
61.605,0.00032775,61.504,58.067,4.4823e-07
60.887,0.00034025,60.784,57.707,4.8316e-07
60.172,0.00035385,60.066,57.348,5.2266e-07
59.484,0.00036771,59.375,57.002,5.645e-07
58.783,0.00038261,58.671,56.65,6.1131e-07
58.086,0.00039858,57.971,56.3,6.6357e-07
57.436,0.00041542,57.317,55.973,7.2101e-07
57.006,0.00042881,56.884,55.757,7.6834e-07
56.68,0.00044206,56.555,55.592,8.1666e-07
56.493,0.00045464,56.365,55.498,8.6383e-07
56.473,0.00046587,56.342,55.486,9.0698e-07
56.619,0.00047443,56.485,55.558,9.4053e-07
56.926,0.00048061,56.79,55.71,9.6501e-07
57.384,0.00048397,57.245,55.938,9.7828e-07
57.972,0.00048419,57.832,56.231,9.7889e-07
58.826,0.00048004,58.685,56.657,9.6184e-07
59.768,0.00047138,59.628,57.129,9.2711e-07
60.74,0.00045888,60.601,57.616,8.7832e-07
61.691,0.00044346,61.555,58.092,8.2009e-07
62.503,0.0004279,62.369,58.5,7.6343e-07
63.25,0.00041158,63.121,58.875,7.0622e-07
63.928,0.00039512,63.802,59.216,6.5079e-07
64.532,0.00037905,64.41,59.52,5.989e-07
65.106,0.00036264,64.988,59.809,5.4813e-07
65.598,0.00034743,65.484,60.057,5.0311e-07
66.006,0.00033363,65.896,60.263,4.6392e-07
66.327,0.00032139,66.221,60.425,4.3049e-07
66.589,0.00030899,66.486,60.558,3.9791e-07
66.72,0.00029896,66.62,60.625,3.7251e-07
66.728,0.00029128,66.631,60.63,3.5364e-07
66.629,0.00028585,66.534,60.582,3.406e-07
66.441,0.00028247,66.347,60.488,3.326e-07
66.179,0.00028099,66.086,60.358,3.2915e-07
65.85,0.00028125,65.758,60.194,3.2977e-07
65.452,0.00028309,65.359,59.995,3.3413e-07
64.965,0.00028651,64.872,59.751,3.4229e-07
64.394,0.00029155,64.3,59.465,3.5448e-07
63.749,0.00029826,63.654,59.142,3.7101e-07
63.051,0.00030659,62.955,58.792,3.921e-07
62.329,0.00031648,62.23,58.43,4.1786e-07
61.605,0.00032775,61.504,58.067,4.4823e-07
60.887,0.00034025,60.784,57.707,4.8316e-07
60.172,0.00035385,60.066,57.348,5.2266e-07
59.484,0.00036771,59.375,57.002,5.645e-07
58.783,0.00038261,58.671,56.65,6.1131e-07
58.086,0.00039858,57.971,56.3,6.6357e-07
57.436,0.00041542,57.317,55.973,7.2101e-07
57.006,0.00042881,56.884,55.757,7.6834e-07
56.68,0.00044206,56.555,55.592,8.1666e-07
56.493,0.00045464,56.365,55.498,8.6383e-07
56.473,0.00046587,56.342,55.486,9.0698e-07
56.619,0.00047443,56.485,55.558,9.4053e-07
56.926,0.00048061,56.79,55.71,9.6501e-07
57.384,0.00048397,57.245,55.938,9.7828e-07
57.972,0.00048419,57.832,56.231,9.7889e-07
58.826,0.00048004,58.685,56.657,9.6184e-07
59.768,0.00047138,59.628,57.129,9.2711e-07
60.74,0.00045888,60.601,57.616,8.7832e-07
61.691,0.00044346,61.555,58.092,8.2009e-07
62.503,0.0004279,62.369,58.5,7.6343e-07
63.25,0.00041158,63.121,58.875,7.0622e-07
63.928,0.00039512,63.802,59.216,6.5079e-07
64.532,0.00037905,64.41,59.52,5.989e-07
65.106,0.00036264,64.988,59.809,5.4813e-07
65.598,0.00034743,65.484,60.057,5.0311e-07
66.006,0.00033363,65.896,60.263,4.6392e-07
66.327,0.00032139,66.221,60.425,4.3049e-07
66.589,0.00030899,66.486,60.558,3.9791e-07
66.72,0.00029896,66.62,60.625,3.7251e-07
66.728,0.00029128,66.631,60.63,3.5364e-07
66.629,0.00028585,66.534,60.582,3.406e-07
66.441,0.00028247,66.347,60.488,3.326e-07
66.179,0.00028099,66.086,60.358,3.2915e-07
65.85,0.00028125,65.758,60.194,3.2977e-07
65.452,0.00028309,65.359,59.995,3.3413e-07
64.965,0.00028651,64.872,59.751,3.4229e-07
64.394,0.00029155,64.3,59.465,3.5448e-07
63.749,0.00029826,63.654,59.142,3.7101e-07
63.051,0.00030659,62.955,58.792,3.921e-07
62.329,0.00031648,62.23,58.43,4.1786e-07
61.605,0.00032775,61.504,58.067,4.4823e-07
60.887,0.00034025,60.784,57.707,4.8316e-07
60.172,0.00035385,60.066,57.348,5.2266e-07
59.484,0.00036771,59.375,57.002,5.645e-07
58.783,0.00038261,58.671,56.65,6.1131e-07
58.086,0.00039858,57.971,56.3,6.6357e-07
57.436,0.00041542,57.317,55.973,7.2101e-07
57.006,0.00042881,56.884,55.757,7.6834e-07
56.68,0.00044206,56.555,55.592,8.1666e-07
56.493,0.00045464,56.365,55.498,8.6383e-07
56.473,0.00046587,56.342,55.486,9.0698e-07
56.619,0.00047443,56.485,55.558,9.4053e-07
56.926,0.00048061,56.79,55.71,9.6501e-07
57.384,0.00048397,57.245,55.938,9.7828e-07
57.972,0.00048419,57.832,56.231,9.7889e-07
58.826,0.00048004,58.685,56.657,9.6184e-07
59.768,0.00047138,59.628,57.129,9.2711e-07
60.74,0.00045888,60.601,57.616,8.7832e-07
61.691,0.00044346,61.555,58.092,8.2009e-07
62.503,0.0004279,62.369,58.5,7.6343e-07
63.25,0.00041158,63.121,58.875,7.0622e-07
63.928,0.00039512,63.802,59.216,6.5079e-07
64.532,0.00037905,64.41,59.52,5.989e-07
65.106,0.00036264,64.988,59.809,5.4813e-07
65.598,0.00034743,65.484,60.057,5.0311e-07
66.006,0.00033363,65.896,60.263,4.6392e-07
66.327,0.00032139,66.221,60.425,4.3049e-07
66.589,0.00030899,66.486,60.558,3.9791e-07
66.72,0.00029896,66.62,60.625,3.7251e-07
66.728,0.00029128,66.631,60.63,3.5364e-07
66.629,0.00028585,66.534,60.582,3.406e-07
66.441,0.00028247,66.347,60.488,3.326e-07
66.179,0.00028099,66.086,60.358,3.2915e-07
65.85,0.00028125,65.758,60.194,3.2977e-07
65.452,0.00028309,65.359,59.995,3.3413e-07
64.965,0.00028651,64.872,59.751,3.4229e-07
64.394,0.00029155,64.3,59.465,3.5448e-07
63.749,0.00029826,63.654,59.142,3.7101e-07
63.051,0.00030659,62.955,58.792,3.921e-07
62.329,0.00031648,62.23,58.43,4.1786e-07
61.605,0.00032775,61.504,58.067,4.4823e-07
60.887,0.00034025,60.784,57.707,4.8316e-07
60.172,0.00035385,60.066,57.348,5.2266e-07
59.484,0.00036771,59.375,57.002,5.645e-07
58.783,0.00038261,58.671,56.65,6.1131e-07
58.086,0.00039858,57.971,56.3,6.6357e-07
57.436,0.00041542,57.317,55.973,7.2101e-07
57.006,0.00042881,56.884,55.757,7.6834e-07
56.68,0.00044206,56.555,55.592,8.1666e-07
56.493,0.00045464,56.365,55.498,8.6383e-07
56.473,0.00046587,56.342,55.486,9.0698e-07
56.619,0.00047443,56.485,55.558,9.4053e-07
56.926,0.00048061,56.79,55.71,9.6501e-07
57.384,0.00048397,57.245,55.938,9.7828e-07
57.972,0.00048419,57.832,56.231,9.7889e-07
58.826,0.00048004,58.685,56.657,9.6184e-07
59.768,0.00047138,59.628,57.129,9.2711e-07
60.74,0.00045888,60.601,57.616,8.7832e-07
61.691,0.00044346,61.555,58.092,8.2009e-07
62.503,0.0004279,62.369,58.5,7.6343e-07
63.25,0.00041158,63.121,58.875,7.0622e-07
63.928,0.00039512,63.802,59.216,6.5079e-07
64.532,0.00037905,64.41,59.52,5.989e-07
65.106,0.00036264,64.988,59.809,5.4813e-07
65.598,0.00034743,65.484,60.057,5.0311e-07
66.006,0.00033363,65.896,60.263,4.6392e-07
66.327,0.00032139,66.221,60.425,4.3049e-07
66.589,0.00030899,66.486,60.558,3.9791e-07
66.72,0.00029896,66.62,60.625,3.7251e-07
66.728,0.00029128,66.631,60.63,3.5364e-07
66.629,0.00028585,66.534,60.582,3.406e-07
66.441,0.00028247,66.347,60.488,3.326e-07
66.179,0.00028099,66.086,60.358,3.2915e-07
65.85,0.00028125,65.758,60.194,3.2977e-07
65.452,0.00028309,65.359,59.995,3.3413e-07
64.965,0.00028651,64.872,59.751,3.4229e-07
64.394,0.00029155,64.3,59.465,3.5448e-07
63.749,0.00029826,63.654,59.142,3.7101e-07
63.051,0.00030659,62.955,58.792,3.921e-07
62.329,0.00031648,62.23,58.43,4.1786e-07
61.605,0.00032775,61.504,58.067,4.4823e-07
60.887,0.00034025,60.784,57.707,4.8316e-07
60.172,0.00035385,60.066,57.348,5.2266e-07
59.484,0.00036771,59.375,57.002,5.645e-07
58.783,0.00038261,58.671,56.65,6.1131e-07
58.086,0.00039858,57.971,56.3,6.6357e-07
57.436,0.00041542,57.317,55.973,7.2101e-07
57.006,0.00042881,56.884,55.757,7.6834e-07
56.68,0.00044206,56.555,55.592,8.1666e-07
56.493,0.00045464,56.365,55.498,8.6383e-07
56.473,0.00046587,56.342,55.486,9.0698e-07
56.619,0.00047443,56.485,55.558,9.4053e-07
56.926,0.00048061,56.79,55.71,9.6501e-07
57.384,0.00048397,57.245,55.938,9.7828e-07
57.972,0.00048419,57.832,56.231,9.7889e-07
58.826,0.00048004,58.685,56.657,9.6184e-07
59.768,0.00047138,59.628,57.129,9.2711e-07
60.74,0.00045888,60.601,57.616,8.7832e-07
61.691,0.00044346,61.555,58.092,8.2009e-07
62.503,0.0004279,62.369,58.5,7.6343e-07
63.25,0.00041158,63.121,58.875,7.0622e-07
63.928,0.00039512,63.802,59.216,6.5079e-07
64.532,0.00037905,64.41,59.52,5.989e-07
65.106,0.00036264,64.988,59.809,5.4813e-07
65.598,0.00034743,65.484,60.057,5.0311e-07
66.006,0.00033363,65.896,60.263,4.6392e-07
66.327,0.00032139,66.221,60.425,4.3049e-07
66.589,0.00030899,66.486,60.558,3.9791e-07
66.72,0.00029896,66.62,60.625,3.7251e-07
66.728,0.00029128,66.631,60.63,3.5364e-07
66.629,0.00028585,66.534,60.582,3.406e-07
66.441,0.00028247,66.347,60.488,3.326e-07
66.179,0.00028099,66.086,60.358,3.2915e-07
65.85,0.00028125,65.758,60.194,3.2977e-07
65.452,0.00028309,65.359,59.995,3.3413e-07
64.965,0.00028651,64.872,59.751,3.4229e-07
64.394,0.00029155,64.3,59.465,3.5448e-07
63.749,0.00029826,63.654,59.142,3.7101e-07
63.051,0.00030659,62.955,58.792,3.921e-07
62.329,0.00031648,62.23,58.43,4.1786e-07
61.605,0.00032775,61.504,58.067,4.4823e-07
60.887,0.00034025,60.784,57.707,4.8316e-07
60.172,0.00035385,60.066,57.348,5.2266e-07
59.484,0.00036771,59.375,57.002,5.645e-07
58.783,0.00038261,58.671,56.65,6.1131e-07
58.086,0.00039858,57.971,56.3,6.6357e-07
57.436,0.00041542,57.317,55.973,7.2101e-07
57.006,0.00042881,56.884,55.757,7.6834e-07
56.68,0.00044206,56.555,55.592,8.1666e-07
56.493,0.00045464,56.365,55.498,8.6383e-07
56.473,0.00046587,56.342,55.486,9.0698e-07
56.619,0.00047443,56.485,55.558,9.4053e-07
56.926,0.00048061,56.79,55.71,9.6501e-07
57.384,0.00048397,57.245,55.938,9.7828e-07
57.972,0.00048419,57.832,56.231,9.7889e-07
58.826,0.00048004,58.685,56.657,9.6184e-07
59.768,0.00047138,59.628,57.129,9.2711e-07
60.74,0.00045888,60.601,57.616,8.7832e-07
61.691,0.00044346,61.555,58.092,8.2009e-07
62.503,0.0004279,62.369,58.5,7.6343e-07
63.25,0.00041158,63.121,58.875,7.0622e-07
63.928,0.00039512,63.802,59.216,6.5079e-07
64.532,0.00037905,64.41,59.52,5.989e-07
65.106,0.00036264,64.988,59.809,5.4813e-07
65.598,0.00034743,65.484,60.057,5.0311e-07
66.006,0.00033363,65.896,60.263,4.6392e-07
66.327,0.00032139,66.221,60.425,4.3049e-07
66.589,0.00030899,66.486,60.558,3.9791e-07
66.72,0.00029896,66.62,60.625,3.7251e-07
66.728,0.00029128,66.631,60.63,3.5364e-07
66.629,0.00028585,66.534,60.582,3.406e-07
66.441,0.00028247,66.347,60.488,3.326e-07
66.179,0.00028099,66.086,60.358,3.2915e-07
65.85,0.00028125,65.758,60.194,3.2977e-07
65.452,0.00028309,65.359,59.995,3.3413e-07
64.965,0.00028651,64.872,59.751,3.4229e-07
64.394,0.00029155,64.3,59.465,3.5448e-07
63.749,0.00029826,63.654,59.142,3.7101e-07
63.051,0.00030659,62.955,58.792,3.921e-07
62.329,0.00031648,62.23,58.43,4.1786e-07
61.605,0.00032775,61.504,58.067,4.4823e-07
60.887,0.00034025,60.784,57.707,4.8316e-07
60.172,0.00035385,60.066,57.348,5.2266e-07
59.484,0.00036771,59.375,57.002,5.645e-07
58.783,0.00038261,58.671,56.65,6.1131e-07
58.086,0.00039858,57.971,56.3,6.6357e-07
57.436,0.00041542,57.317,55.973,7.2101e-07
57.006,0.00042881,56.884,55.757,7.6834e-07
56.68,0.00044206,56.555,55.592,8.1666e-07
56.493,0.00045464,56.365,55.498,8.6383e-07
56.473,0.00046587,56.342,55.486,9.0698e-07
56.619,0.00047443,56.485,55.558,9.4053e-07
56.926,0.00048061,56.79,55.71,9.6501e-07
57.384,0.00048397,57.245,55.938,9.7828e-07
57.972,0.00048419,57.832,56.231,9.7889e-07
58.826,0.00048004,58.685,56.657,9.6184e-07
59.768,0.00047138,59.628,57.129,9.2711e-07
60.74,0.00045888,60.601,57.616,8.7832e-07
61.691,0.00044346,61.555,58.092,8.2009e-07
62.503,0.0004279,62.369,58.5,7.6343e-07
63.25,0.00041158,63.121,58.875,7.0622e-07
63.928,0.00039512,63.802,59.216,6.5079e-07
64.532,0.00037905,64.41,59.52,5.989e-07
65.106,0.00036264,64.988,59.809,5.4813e-07
65.598,0.00034743,65.484,60.057,5.0311e-07
66.006,0.00033363,65.896,60.263,4.6392e-07
66.327,0.00032139,66.221,60.425,4.3049e-07
66.589,0.00030899,66.486,60.558,3.9791e-07
66.72,0.00029896,66.62,60.625,3.7251e-07
66.728,0.00029128,66.631,60.63,3.5364e-07
66.629,0.00028585,66.534,60.582,3.406e-07
66.441,0.00028247,66.347,60.488,3.326e-07
66.179,0.00028099,66.086,60.358,3.2915e-07
65.85,0.00028125,65.758,60.194,3.2977e-07
65.452,0.00028309,65.359,59.995,3.3413e-07
64.965,0.00028651,64.872,59.751,3.4229e-07
64.394,0.00029155,64.3,59.465,3.5448e-07
63.749,0.00029826,63.654,59.142,3.7101e-07
63.051,0.00030659,62.955,58.792,3.921e-07
62.329,0.00031648,62.23,58.43,4.1786e-07
61.605,0.00032775,61.504,58.067,4.4823e-07
60.887,0.00034025,60.784,57.707,4.8316e-07
60.172,0.00035385,60.066,57.348,5.2266e-07
59.484,0.00036771,59.375,57.002,5.645e-07
58.783,0.00038261,58.671,56.65,6.1131e-07
58.086,0.00039858,57.971,56.3,6.6357e-07
57.436,0.00041542,57.317,55.973,7.2101e-07
57.006,0.00042881,56.884,55.757,7.6834e-07
56.68,0.00044206,56.555,55.592,8.1666e-07
56.493,0.00045464,56.365,55.498,8.6383e-07
56.473,0.00046587,56.342,55.486,9.0698e-07
56.619,0.00047443,56.485,55.558,9.4053e-07
56.926,0.00048061,56.79,55.71,9.6501e-07
57.384,0.00048397,57.245,55.938,9.7828e-07
57.972,0.00048419,57.832,56.231,9.7889e-07
58.826,0.00048004,58.685,56.657,9.6184e-07
59.768,0.00047138,59.628,57.129,9.2711e-07
60.74,0.00045888,60.601,57.616,8.7832e-07
61.691,0.00044346,61.555,58.092,8.2009e-07
62.503,0.0004279,62.369,58.5,7.6343e-07
63.25,0.00041158,63.121,58.875,7.0622e-07
63.928,0.00039512,63.802,59.216,6.5079e-07
64.532,0.00037905,64.41,59.52,5.989e-07
65.106,0.00036264,64.988,59.809,5.4813e-07
65.598,0.00034743,65.484,60.057,5.0311e-07
66.006,0.00033363,65.896,60.263,4.6392e-07
66.327,0.00032139,66.221,60.425,4.3049e-07
66.589,0.00030899,66.486,60.558,3.9791e-07
66.72,0.00029896,66.62,60.625,3.7251e-07
66.728,0.00029128,66.631,60.63,3.5364e-07
66.629,0.00028585,66.534,60.582,3.406e-07
66.441,0.00028247,66.347,60.488,3.326e-07
66.179,0.00028099,66.086,60.358,3.2915e-07
65.85,0.00028125,65.758,60.194,3.2977e-07
65.452,0.00028309,65.359,59.995,3.3413e-07
64.965,0.00028651,64.872,59.751,3.4229e-07
64.394,0.00029155,64.3,59.465,3.5448e-07
63.749,0.00029826,63.654,59.142,3.7101e-07
63.051,0.00030659,62.955,58.792,3.921e-07
62.883,0.00030877,62.786,58.708,3.9771e-07
62.715,0.00031103,62.617,58.624,4.0357e-07
62.545,0.00031338,62.447,58.539,4.0969e-07
62.375,0.0003158,62.277,58.453,4.1607e-07
