71.652,0.033371,165.54,17.609,-0.0095881
113.29,-0.018797,153.76,154.28,-0.00071729
188.82,-0.043477,199.46,194.97,-0.00030989
197.75,0.0025918,99.633,105.99,0.024468
121.66,0.044763,168.73,108.25,0.0047899
165.79,-0.0076928,131.98,129.18,0.0061916
136.91,-0.015365,152.63,-6.6917,-0.03884
198.3,0.015465,182.49,-68.114,0.03548
106.22,0.033326,195.68,0.45684,0.033539
126.86,-0.025883,179.19,209.56,-0.0038609
264.97,0.001015,188.1,-6.9262,0.013303
254.04,0.0054088,170.83,168.17,0.032071
58.677,0.015219,157.33,40.771,0.013073
152.48,0.049867,191.43,166.21,0.037249
100.74,0.016351,117.85,116.6,-0.020879
165.48,-0.014866,103.77,100.38,0.00093582
205.72,0.012619,119.93,193.22,0.025279
119.08,0.014913,156.92,109.58,0.033554
183.95,0.016507,186.82,195.15,0.049919
127.15,-0.013002,133.92,50.226,0.032892
195.14,0.018167,250.73,155.66,0.014854
193.43,0.022425,184.67,34.772,0.019084
127.18,0.032484,223.87,280.22,0.036641
215.21,-0.001297,129.12,160.43,0.030721
112.37,-0.0028634,111.47,16.42,0.0172
124.33,0.0099176,188.8,62.192,0.024966
43.157,0.033496,84.292,219.3,0.011565
184.88,-0.0019123,145.74,-17.083,-0.019886
128.94,0.040673,125.96,109.13,0.045451
8.8809,0.024193,158.85,44.479,-0.012569
216.13,-0.0040927,194.15,71.13,-0.011572
77.806,0.020512,138.76,111.86,0.039528
62.208,0.029995,182.6,-71.332,0.042304
148.77,0.022944,124.86,4.8677,0.019277
86.338,-0.0044879,103.45,209.64,0.033444
148.99,0.01061,132.16,-13.183,0.019738
71.189,-0.0062848,198.34,161.24,0.034997
77.803,0.055169,86.405,72.36,-0.0024027
135.42,0.025641,100.62,118.89,0.013461
48.675,0.048747,83.937,63.524,0.021627
51.572,0.0060476,140.27,54.026,0.025099
90.552,-0.037097,185.68,100.08,-0.0021086
63.973,0.021777,105.21,44.877,0.029399
139.71,0.02289,228.6,175.29,0.041469
71.414,0.02156,159.17,145.79,0.019147
57.944,0.0021243,97.296,87.156,0.023212
208.86,0.0204,125.47,12.969,0.012932
149.85,-0.0041404,128.3,73.913,0.011173
175.53,0.010457,194.73,101.04,0.015925
181.55,0.036971,130.77,113.32,-4.3237e-06
162.22,0.031454,59.217,127.15,0.0032877
144.53,0.028431,171.42,56.742,0.0087917
188.39,0.017331,166.31,162.69,0.020722
89.782,0.0021088,136.44,190.6,0.012259
181.62,0.022547,138.65,197.39,0.024916
134.96,0.032368,217.37,102.98,0.023319
124.31,-0.0027389,58.799,72.045,0.017077
105.43,0.024562,122.87,59.634,0.031961
45.955,-0.0091968,108.8,111.69,0.022932
181.92,-0.0087188,132.93,96.998,0.037871
117.67,0.018296,188.44,164.42,0.030524
113.76,0.024249,166.86,146.51,0.032932
109.78,0.024769,102.77,36.779,0.047873
106.21,0.021944,143.93,59.646,0.067314
105.85,-0.0084639,77.234,47.589,0.055484
100.71,0.03185,102.33,151.59,0.009012
52.243,0.025011,152.31,109.7,0.046459
99.814,0.022798,154.22,116.9,0.053512
86.044,0.02266,162.82,103.48,0.025035
127.13,-0.017074,77.775,195.39,0.016236
53.095,0.026837,212.48,-31.254,0.0086994
99.159,0.021743,192.68,142.66,9.1591e-05
83.816,0.0035427,121.45,222.9,0.05504
183.11,0.018669,156.9,182.28,-0.014292
121.8,0.022745,114.75,239.72,0.03392
140.31,0.046609,109.01,140.84,0.025312
116.61,0.017494,146.11,67.97,0.053678
128.64,0.0011587,143.35,148.44,0.053123
163.42,0.0040718,91.276,194.83,0.035271
113.51,0.0066587,74.876,72.99,0.027131
174.91,-0.0069968,113.26,115.19,0.010632
148.86,0.010099,74.593,57.824,-0.029019
92.063,-0.012361,56.092,63.395,0.02616
130.19,0.028282,130.35,65.604,0.018992
196.16,0.015548,160.96,59.123,0.0017119
162.65,-0.01136,199.65,141.54,0.0045884
100.57,0.011972,102.4,11.345,0.028157
192.86,0.02409,109.07,165.12,0.014281
88.693,0.0052145,124.31,146.56,0.02874
166.1,0.051124,145.18,121.98,0.016119
180.74,0.052853,162.05,91.698,-0.0050523
108.28,0.031876,91.789,102.35,0.045233
118.2,0.02575,43.73,191.69,0.01393
131.21,0.037905,156.07,175.85,0.018795
164.56,0.041153,95.446,48.925,0.0017928
89.232,0.0301,134.88,75.279,0.02888
109.18,0.032043,179.16,126.92,-0.0019742
111.28,0.046792,39.284,212.47,0.022078
131.83,-0.014574,81.99,114.57,0.0076904
183.14,0.029171,108.26,131.82,0.023557
87.154,0.011132,57.21,7.2099,0.049415
64.491,0.03827,54.758,61.07,0.027148
128.23,0.0046533,189.41,-42.929,0.018278
-1.5595,0.0049127,114.79,55.155,0.021719
107.21,-0.00094253,132.5,205.12,0.029253
115.42,0.022955,71.813,34.215,0.0254
87.001,0.023689,123.08,45.306,0.020185
80.999,0.029809,149.79,210.85,0.024946
47.971,0.036726,167.84,86.785,0.031257
83.706,-0.012195,135.11,-42.902,0.044925
8.2374,0.02515,171.45,68.409,0.063172
165.99,0.056835,130.76,50.453,0.0255
41.072,0.039691,89.76,37.016,0.0013154
95.068,0.035643,67.142,110.6,0.039624
148.36,0.05397,63.065,55.301,0.024783
67.241,0.010952,86.407,141.53,0.042235
145.92,0.02631,63.791,104.31,0.0054642
162.55,0.024233,191.9,58.279,-0.01538
130.3,0.017696,-11.6,132.76,0.029218
108.98,0.0062303,76.136,118.84,0.039094
93.491,-0.0029225,14.9,2.7644,0.045672
126.23,0.0074578,93.012,103.34,0.057229
84.671,0.013287,205.04,55.437,0.020344
212.89,0.024926,146.72,203.62,0.014331
107.31,0.01971,144.26,59.863,0.073736
117.65,0.056275,113.73,135.21,0.044788
81.678,0.017315,157.23,208.12,0.018468
253.64,0.022254,88.283,130,0.0055333
131.51,-0.020968,134.53,45.134,0.025126
86.659,0.043865,167.74,129.01,0.027553
97.201,0.029368,87.512,3.2051,0.01327
106.27,0.02319,213.44,89.714,0.052777
67.366,0.008042,51.188,36.731,0.058165
50.466,-0.010032,100.84,199.41,0.063044
215.68,0.033433,42.262,162.99,0.0083071
19.546,0.053725,116.71,159.46,0.028343
13.859,0.032842,110.14,120.24,0.039967
19.869,0.056144,121.93,188.93,0.026912
167.53,0.0493,75.443,100.69,0.037184
157.31,0.0088598,103.74,183.06,0.006788
146.64,0.05127,55.483,137.85,0.0065059
16.497,0.050771,74.396,166.87,0.047521
80.767,0.039557,-2.4813,129.07,0.0201
78.612,0.059408,95.05,174.01,0.0084098
43.467,0.062816,115.97,114.12,0.05194
169.52,0.027533,98.233,134.56,0.051982
-7.0318,0.062375,5.8668,202.93,0.022669
159.59,0.020142,74.796,186.91,0.031908
80.834,0.033703,128.08,91.884,0.078235
136.83,0.025195,111.6,153.88,0.014035
95.039,0.015008,79.094,199.39,0.026223
109.33,0.026896,69.615,154.66,0.029083
68.52,0.032644,100.73,59.546,0.015708
46.348,0.033439,126.37,118.34,0.032679
-1.5778,0.014528,155.29,195.08,0.0052885
126.31,-0.010853,143.75,155.62,0.014578
77.874,0.037603,79.446,77.482,0.03326
141.36,0.027976,141.05,151.86,-0.016733
215.24,0.04285,142.91,225.19,0.039846
135.25,0.0076728,98.571,44.872,0.027273
94.132,0.015204,32.689,66.733,0.0019251
68.64,0.036543,123.96,13.174,0.019084
125.77,0.054802,91.64,121.91,0.011275
135.64,0.025861,132.68,71.501,0.046087
131.81,0.0049329,160.32,95.041,0.047615
105.71,0.029134,4.0809,150.06,0.052557
35.732,0.032425,65.47,10.653,0.039696
146.35,0.056862,135.46,83.152,0.043858
62.193,0.043988,83.954,253.85,0.062108
71.676,0.0043177,123.17,232.48,0.019395
128.87,0.022095,78.112,192.94,0.060138
33.73,0.052524,91.176,125.37,0.030922
92.74,0.019548,57.994,88.602,0.049792
78.01,0.011217,35.335,57.463,0.020578
105.2,0.050786,178.59,-12.92,0.011115
144.02,0.028625,164.18,229.86,0.04458
147.02,0.012468,168.17,14.091,0.027163
200.05,0.018302,190.54,252.01,0.025982
119.09,0.020472,41.056,188.5,0.036135
117.42,0.027125,147.89,125.15,0.0507
82.308,0.018072,47.195,208.92,-0.004431
56.772,0.045601,120.42,113.45,0.026187
92.784,0.039451,49.044,160.95,-0.012116
130.36,0.014141,170.99,119.59,0.073572
172.09,-0.014333,17.096,162.87,0.015274
166.96,-0.0075246,91.044,134.55,0.027581
145.71,0.045231,158.87,63.036,0.0556
122.45,0.0046675,93.104,86.303,0.0081822
99.113,0.062471,169.66,48.08,0.055883
152.77,0.048052,93.329,143.24,0.031148
98.373,0.029924,152.39,160.03,0.030841
90.776,0.037138,133.55,105.59,0.040197
156.86,0.025853,91.345,26.097,0.016534
166.18,0.025874,69.501,48.38,0.064063
106.16,0.033509,123.26,279.9,0.018534
52.923,0.023397,104.54,156.2,0.024816
73.912,0.045886,-41.116,109.35,0.065974
68.868,0.011176,110.05,109.89,0.0070913
77.472,0.0027511,99.359,168.16,0.031105
161.69,0.037237,74.87,232.21,0.054824
66.037,0.024129,224.42,35.271,-0.001895
44.847,0.042779,37.7,132.28,0.025156
8.9014,0.023372,143.82,78.749,0.040633
-2.0386,0.028435,40.254,237.54,0.038456
113.96,0.054893,86.55,-24.83,0.024027
87.838,0.0028512,127,37.12,0.077391
133.8,0.023999,77.289,-12.363,0.036562
66.053,0.036608,11.126,108.64,0.044017
167.49,0.031889,61.396,234.6,0.048866
52.126,0.044446,124.3,79.345,0.056994
72.506,0.015731,232.6,96.317,0.057785
96.787,0.029863,153.54,331.73,0.043833
147,0.035347,181.23,181.65,0.059814
164.1,0.027334,98.395,61.802,0.046485
134.03,0.054302,55.394,190.18,0.027034
81.344,0.041337,90.001,200.79,0.028847
168.96,0.059126,131.56,35.187,0.0191
101.71,0.071599,94.896,135.9,0.073599
45.281,0.028647,122.3,124.33,0.032945
109.83,0.0099549,58.259,135.88,0.028358
151.03,0.021928,134.79,168.73,0.023952
91.705,0.033474,146.32,149.07,0.037954
170.32,0.026864,-8.4129,157.22,0.037791
19.35,0.00084761,169.57,51.894,0.07064
180.17,0.038768,104.83,28.806,0.019626
139.92,0.005548,182.64,132.44,0.022101
57.2,0.024917,95.546,66.382,0.044364
78.526,0.010535,76.966,-17.151,0.013049
138.3,0.046279,76.639,179.69,0.037128
77.838,0.026106,50.807,146.31,0.020867
145.48,0.070787,112.33,60.829,0.043733
56.487,0.01547,119.18,88.543,0.086473
94.146,0.016974,39.482,102.32,0.024375
127.68,0.022688,109.93,148.79,0.038944
74.882,0.017589,177.17,87.249,0.051112
111.86,0.039502,161.92,150.06,0.042666
32.282,0.037171,152.88,172.66,0.0080265
91.225,0.037374,44.104,110.37,0.01043
49.519,0.016398,81.349,119.9,0.044725
153.44,0.050144,66.019,57.266,0.02398
106.71,0.037247,105.36,86.368,0.03802
64.627,0.056457,-22.077,217.49,0.040568
40.182,0.053461,126.69,210.94,0.085437
181.8,0.031269,103.8,133.52,0.09726
170.3,0.023345,104.38,86.709,0.029636
49.873,0.008238,36.402,157.6,-4.5523e-05
90.304,0.0671,130.63,193.44,0.069091
150.17,0.015122,53.811,-5.377,-0.0023341
110.58,0.029468,88.284,249.31,0.022733
50.95,0.0090082,108.55,147.99,0.047036
213.92,0.038344,47.207,205.09,0.0076908
103.35,0.034185,93.636,69.408,0.066367
-38.875,0.026312,116.34,71.327,0.014188
110.47,0.012626,17.674,181.07,0.040042
57.259,0.024561,121.15,55.466,0.044279
83.155,0.040368,10.658,87.238,-0.015717
122.47,0.020446,57.541,131.62,0.0090044
146.85,0.046003,123.06,54.097,0.0060443
191.04,0.043747,155.07,-8.6445,0.027981
70.749,0.021443,144.33,64.614,0.025981
99.974,0.040249,56.618,57.323,0.009048
78.344,0.042793,100.66,154.71,0.025457
151.61,-0.00793,97.176,126.95,-0.0067981
157.12,0.019477,113.82,195.38,0.020825
157.14,0.036286,99.651,157.44,0.041528
150.9,0.074885,63.215,100.92,0.052016
53.76,0.032722,98.813,142.79,0.027514
74.367,0.024447,97.06,226.96,0.063921
102.41,0.0086235,119.94,121.65,0.028778
36.133,0.030291,77.887,7.8761,0.054091
173.75,0.044121,167.95,191.59,0.04271
96.509,0.044927,255.28,132.24,0.036535
35.325,0.038956,87.156,170.09,0.056395
21.571,0.056894,71.532,12.405,0.046544
104.06,0.080344,80.947,174.2,0.062485
54.836,0.07737,139.51,86.341,0.078842
81.424,0.0052529,52.883,133.01,0.0062748
69.071,0.082959,115.81,257.15,0.077578
96.441,0.038058,93.889,166.69,0.044023
80.303,0.028949,21.687,221.91,0.046846
176,0.034096,19.883,173.86,0.027982
68.641,0.037094,100.44,34.598,0.03285
14.774,0.031758,141.32,103.74,0.054482
57.018,0.042414,63.315,202.94,0.029551
121.59,0.029801,104.52,91.113,0.034877
173.77,0.049548,176.41,86.704,0.041382
32.674,0.0089585,22.189,156.1,-0.0082903
178.18,0.024542,64.384,236.37,0.058539
83.292,0.046543,108.5,104.14,0.048136
134.67,0.025256,42.726,192.95,0.012953
133.39,0.0098366,71.729,228.09,-0.019867
14.454,0.047291,153.45,93.761,0.046198
98.796,0.030328,162.34,44.989,0.011379
95.14,0.018504,66.942,125.06,0.024655
141.58,-0.0021219,106.62,80.093,0.023118
61.91,0.024339,123.24,155.4,-0.0083721
133.07,0.026299,138.17,190.68,0.028339
45.468,0.022126,45.226,151.18,0.026107
100.38,0.031929,165.34,252.8,0.045158
119.02,0.034811,54.998,83.616,0.026078
54.258,0.0070491,131.76,144.52,0.026326
58.413,0.0055604,111.42,91.293,0.028992
79.443,0.058575,38.661,175.84,0.02097
-17.948,0.058829,83.271,200.68,0.043049
140.64,0.03479,71.856,24.288,0.036858
58.342,0.052817,147.71,152.23,0.026672
75.186,0.021014,59.82,225.3,0.084799
81.866,0.042219,100.45,226.27,0.04741
157.31,0.032931,35.73,116.72,0.03573
92.274,0.054866,45.303,69.463,0.050235
161.95,0.024184,86.461,128.41,0.074103
66.416,0.018622,34.889,194.69,0.02103
4.7102,0.022393,33.827,148.68,0.0071234
60.801,0.033716,92.124,187.71,0.059785
56.345,0.036932,122.63,36.766,0.032428
72.567,0.046178,58.924,87.365,0.065516
117.31,0.054594,79.104,75.676,0.012133
55.572,0.045903,75.046,238.46,0.031698
85.016,0.048749,120.21,151.53,0.058025
37.882,0.042628,-32.328,162.47,0.028847
60.403,0.046376,96.525,85.78,0.02953
106.24,0.046986,138.74,127.57,0.03211
111.66,0.02179,62.487,78.617,0.058793
204.93,0.038776,14.829,158.58,0.026848
174.89,0.01706,122.63,144.73,0.02179
119.39,0.017927,190.85,92.316,0.028847
127.34,0.034177,63.517,103.92,0.03496
52.517,0.018742,21.787,-15.478,0.028554
-23.135,0.020698,66.195,160.09,0.047661
122.52,0.049829,102.4,111.16,0.02457
16.36,0.038444,11.345,113.62,0.032615
116.15,-0.002849,82.117,-25.655,0.023798
20.754,-0.0071276,73.097,148.96,0.053238
28.949,0.043041,42.071,284.42,0.0552
44.841,0.010487,-4.0935,176.54,0.062782
83.846,0.040023,6.4139,7.2061,0.029188
4.4961,0.037334,84.029,164.61,0.034045
48.874,0.044366,57.962,87.609,0.083833
114.6,0.035803,33.888,91.691,0.028385
117.88,0.055495,107.11,100.25,0.016585
95.802,0.03803,43.161,99.068,0.036493
75.805,0.031798,183.68,140.21,0.062319
23.662,0.060972,208.31,97.649,0.016368
20.397,0.037652,136.66,96.006,0.049265
67.086,0.010583,6.5763,238.1,0.034964
46.59,0.055242,93.291,126.11,0.070447
93.155,0.010064,138.8,78.017,0.032884
31.986,0.038195,28.428,138.29,0.015072
49.247,-0.0010141,182.49,188.75,0.063512
116.04,0.012143,98.28,110.78,0.083622
75.961,0.020929,135.34,154.69,0.034361
141.91,0.052995,82.498,105.63,0.026468
137.96,0.048245,18.279,141.33,0.069934
17.623,0.0097048,94.366,147.41,0.011728
124.67,0.066048,51.85,130.11,0.062729
66.069,-0.00026939,41.131,136.42,0.015912
171.68,0.020396,81.442,103.36,0.087725
92.754,0.043524,-29.27,158.56,0.0055299
192.77,0.061707,71.359,144.04,0.039134
141.36,0.028572,43.437,134.99,0.029771
106.33,-0.0046373,12.987,172.67,0.023773
30.96,0.03861,133.27,110.01,0.027569
89.71,0.025052,84.178,196.54,0.051423
76.565,0.025258,104.58,111.76,0.022176
62.096,0.0407,100.73,183.95,0.047984
45.839,0.022383,45.308,108.29,0.060105
191.51,0.04069,59.918,214.9,0.036243
130.93,0.028061,156.67,187.3,0.039334
111.17,0.045955,99.326,46.717,0.022941
62.6,0.043784,70.022,50.87,0.044617
72.987,0.058736,73.609,137.34,0.017678
46.691,0.046599,54.855,167.9,0.06151
140.15,0.031663,83.948,65.227,0.021
100.95,0.015477,96.6,100.49,0.026678
110.92,0.041972,70.708,204.61,0.058662
103.47,0.030607,154.7,96.615,0.044349
91.11,0.067203,137.83,180.95,0.042557
115.51,0.045165,108.85,208.91,0.052887
160.14,0.047528,139.32,159.6,0.049919
95.375,0.061951,57.602,166.22,0.023914
-14.51,0.0399,42.354,206.25,0.079505
76.945,0.083386,178.77,92.507,0.018026
60.23,0.01245,37.498,143.81,0.059795
91.61,0.018842,63.251,165.28,0.059439
79.018,0.0017582,165.16,108.37,0.044125
77.939,0.029813,48.588,176.24,0.039139
57.036,0.04683,51.722,141.51,0.031961
172.11,0.037768,108.61,154.08,-0.012114
97.306,0.050837,116.28,200.6,0.073417
73.641,0.046159,107.6,148.92,0.051075
107.62,0.041369,122.59,147.12,0.057322
61.964,0.057892,123.87,198.34,0.021553
130.3,0.024059,120.22,67.278,0.07825
25.34,0.053905,113.41,79.57,0.062768
107.27,0.03214,114.43,36.842,0.06112
161.54,0.044673,54.657,178.1,0.034212
145.12,0.021138,55.114,73.433,0.030709
125.48,0.028165,132.58,101.57,0.048878
70.716,0.024372,165.78,160.77,0.025113
190.79,0.018282,132.95,134.78,0.031452
71.225,0.033425,99.575,188.23,0.018097
77.152,0.023016,75.439,126.32,0.015975
0.99079,0.067816,179.17,112.85,0.019741
97.816,0.01694,92.497,229.76,0.040887
117.08,0.036005,105.39,183.88,0.056266
72.841,0.023617,136.92,172.82,0.049654
150.81,0.023694,10.775,14.857,0.049489
129.41,0.052783,165.51,155.81,0.015914
6.4062,0.017812,60.806,126.75,0.054804
159.43,0.07613,142.62,206.6,0.048288
48.433,0.036671,60.769,43.091,0.074407
151.09,0.027347,79.669,159.21,0.036791
73.135,0.044945,116.02,162.09,0.092464
108.98,0.050196,77.061,186.94,0.085665
88.131,0.02493,70.16,166.81,0.053983
117.06,0.044739,125.98,200.08,0.040496
76.898,0.051694,16.94,132.75,0.069893
105.22,0.072019,95.17,66.915,0.055682
15.539,0.05041,48.883,95.492,0.02168
93.572,0.070212,97.958,113.95,0.048077
204.16,0.045203,115.5,178.7,0.073657
96.69,0.051568,120.8,208.4,0.033773
82.791,0.025295,108.03,62.073,0.072358
29.603,0.022926,37.194,214.59,0.055654
145.21,0.033339,130.36,153.7,0.084029
83.704,0.050396,55.488,189.77,0.031975
72.794,0.038585,7.6126,123.7,0.059249
178.17,0.044701,119.3,173.84,0.042562
16.425,0.018457,44.105,156.42,-0.0053596
66.992,0.060851,118,217.62,0.04164
70.595,0.0070171,70.43,90.922,0.046344
169.49,0.027776,45.237,161.68,0.04723
153.86,0.034852,71.328,139.42,0.042263
156.93,0.014468,15.787,14.95,0.03464
102.59,0.045395,85.3,149.1,0.034333
166.22,0.029464,79.472,267.87,0.038688
42.41,0.038138,42.076,272.94,0.027677
126.64,0.0080804,59.79,33.831,0.0466
111.69,0.022305,109.22,171.29,0.025991
152.3,0.026627,109.18,30.958,0.035516
55.309,0.037174,137.94,115.56,0.049242
113.56,0.0092571,86.976,51.609,0.018294
142.09,0.038008,179.76,145,0.038816
84.811,0.033527,87.354,142.71,-0.011974
84.935,0.042045,3.5547,163.49,0.030663
103.76,0.062031,25.452,105.46,0.028089
56.588,0.045494,1.3734,59.291,0.040619
58.513,0.057558,77.768,81.125,0.029847
90.343,0.043179,101.91,61.247,0.037441
86.552,0.026956,181.25,145.85,0.03513
62.122,0.025266,124.76,69.98,0.04368
19.656,0.056037,29.85,159.86,0.086323
187.66,0.05393,17.039,126.91,0.039595
98.863,0.034701,70.986,162.68,0.067249
56.079,0.047436,53.469,117.01,0.027381
47.201,0.04167,113.04,209.77,0.072397
112.55,0.049636,30.492,138.83,0.025081
85.177,0.025341,82.589,192.47,0.065338
92.636,0.049766,34.967,168.62,0.031812
43.601,0.027513,170.11,81.152,0.041417
39.706,0.033138,111.98,144.85,0.045622
80.764,0.044749,85.613,185.49,0.04785
86.856,0.0093814,178.65,64.387,0.015502
78.866,0.020069,95.166,-18.842,0.05457
99.275,0.063747,130.44,133.76,0.064273
101.28,0.011398,41.79,-14.126,0.029369
17.073,0.021275,138.5,111.25,0.028406
119.37,0.041038,102.86,148.14,0.053387
65.069,0.035007,95.259,120.62,0.046486
158.94,0.037518,76.733,166.6,0.032095
84.445,0.034376,78.909,106.83,0.033224
95.518,0.029526,47.933,131.31,0.070958
53.74,0.065254,78.868,231.98,0.018694
176.83,-0.017525,87.096,212.31,0.03664
58.469,0.026166,120.07,136.28,0.036085
139.47,0.012694,60.785,107.32,0.045132
81.596,0.026706,85.387,70.986,0.062459
78.96,0.056518,81.8,139.71,0.02275
166.15,0.033953,44.803,270.28,0.023084
150.91,0.027825,80.679,117.74,0.011652
107.45,0.021089,61.576,234.79,0.010407
81.633,-0.0035227,111.62,114.98,0.015958
170.75,0.010154,46.931,44.214,0.02854
57.924,0.066161,94.879,62.183,0.037799
157.38,0.028103,152.01,118.61,0.061224
37.063,0.0094676,49.968,203.95,0.014583
1.2107,0.05041,31.924,43.568,0.059157
44.719,0.0081179,57.487,232.96,0.063165
141.02,0.048323,71.402,101.14,0.04541
129.34,0.036068,64.768,179.97,0.036828
63.787,0.017566,167.17,73.708,0.068466
94.55,0.041954,111.88,178.83,0.034
86.219,0.056153,72.913,183.96,0.06175
145.73,0.062138,89.753,126.42,0.043952
75.623,0.061437,75.454,115.4,0.04308
97.096,0.03927,48.288,199.64,0.039036
40.656,0.022544,37.79,125.64,0.021716
98.076,0.041128,40.569,69.787,0.050649
48.564,0.033456,66.146,160.38,0.065105
161.85,0.035786,41.571,147.68,0.061464
103.44,0.028959,111.38,132.37,0.042687
72.017,0.053924,57.655,87.715,0.065633
71.661,0.012424,20.597,137.45,-0.0043435
130.94,0.043779,119,81.361,0.033262
153.54,0.024975,90.262,79.531,0.031785
68.547,0.0571,118.58,133.16,0.080117
100.29,0.046807,127.02,196.37,0.041862
113.69,0.049333,137.95,91.792,0.011008
140.12,0.037071,30.323,93.748,0.045893
138.96,0.018532,134.21,98.123,0.045521
104.17,-0.013995,132.18,8.1406,0.018582
94.635,0.041384,95.147,94.198,0.055995
84.215,1.3924e-05,43.775,134,0.036582
81.843,0.035079,55.037,131,0.048936
127.46,0.033971,100.37,134.44,0.033628
150.27,0.037138,77.337,58.447,0.063868
149.09,0.052451,105.83,82.618,0.043941
-1.0351,0.036111,26.101,187.12,0.033607
79.485,0.0093155,144.85,142.74,0.02982
166.21,0.051931,53.76,104.65,0.045306
117.83,0.074211,64.953,41.56,0.048997
140.69,0.047611,77.651,156.11,0.014456
15.267,0.05029,112.04,74.124,0.053668
51.711,0.050536,61.452,140.02,0.044037
83.473,0.04489,124.49,98.031,0.060073
21.711,0.05445,50.198,106.97,0.045707
71.063,0.045467,82.865,103.35,0.064147
105.18,0.03948,163.91,49.857,0.061743
103.87,0.028769,73.854,229.12,0.070849
19.6,0.039892,110.83,233.48,0.041893
123.89,-0.0013122,69.561,183.36,0.087559
69.459,0.0020328,124.66,125.24,0.028262
68.924,0.027015,115.8,90.584,0.077402
28.651,0.042982,50.518,161.76,0.072998
43.923,0.032942,51.824,202.09,0.051541
64.777,0.064015,113.38,161.13,0.034832
84.206,0.039155,13.114,116.55,0.064603
78.901,0.046042,46.806,136.01,0.0029043
82.398,0.020998,25.133,164.56,0.07236
27.496,0.033378,63.57,102.9,0.055617
76.32,0.04159,102.14,167.82,0.017252
49.355,0.060306,124.35,178.1,0.052488
90.13,0.036887,59.671,115.16,0.065228
102.15,0.043474,10.714,142.97,-0.0047462
109.64,0.042644,83.708,84.87,0.046732
122.78,0.023939,178.01,-5.6256,0.027159
102.55,0.032231,175.11,21.972,0.042765
16.735,0.031823,76.697,112.57,0.045118
98.508,0.023468,84.18,151.41,0.022327
122.77,0.029371,116.29,-8.999,0.02738
63.313,0.055159,207.02,11.915,0.026307
191.51,0.04744,130.51,121.84,0.012422
132.71,0.032753,84.566,89.192,0.058002
50.227,0.03572,140.74,100.33,-0.014178
79.377,0.044995,18.44,195.97,0.014925
92.771,0.0051015,34.108,173.31,0.028111
104.88,0.023161,139.09,76.667,0.061086
67.499,0.05673,80.498,187.61,0.036314
49.994,0.010938,65.8,121.19,0.041572
72.49,0.030229,89.113,100.23,0.044446
96.027,0.036462,117.57,69.926,0.026391
58.658,0.047715,101.59,118.12,0.048953
17.803,0.043606,86.391,208.22,0.06195
139.63,0.070633,148.21,118.96,0.051384
126.43,0.041042,24.797,143.24,0.0081368
36.696,0.058265,-49.208,128.72,0.043878
66.57,0.030795,119.64,171.22,0.040092
148.25,0.07202,65.685,136.27,0.06376
76.233,0.050313,92.438,113.24,0.035723
91.594,0.024072,19.536,214.31,0.053931
70.069,0.045935,110.27,199.79,0.039091
83.377,0.038592,107.36,125.19,0.020354
79.313,0.045499,89.383,58.365,0.051213
133.45,0.037472,47.223,72.418,0.065372
170.15,0.013895,181.87,53.035,0.057167
163.58,0.045024,-2.0592,100.53,0.040268
64.838,0.046626,42.818,124.73,0.033378
142.68,0.016767,191.99,186.82,-0.00019433
144.56,0.053634,79.762,78.902,0.051413
115.24,0.037642,42.054,58.265,0.030725
141.87,0.044509,85.647,-30.137,0.011347
45.47,0.05318,84.082,150.67,0.039765
16.724,0.048075,114.16,41.622,0.040309
150.26,0.023357,115.78,98.781,0.072633
66.174,0.013692,51.46,158.36,0.0061422
102.17,0.036782,128.91,138.84,0.047811
57.639,0.034964,13.013,91.955,0.039341
142.33,0.018457,120.81,26.723,0.046072
183.27,0.0078598,44,112.46,0.048845
112.67,0.052701,91.22,182.51,0.063037
58.72,0.029778,82.479,85.16,-0.0035373
150.14,0.028878,101.85,170.06,0.0092318
127.19,0.034445,42.222,173.66,0.024126
53.493,0.026215,101.36,26.127,0.0073857
85.628,0.027052,128.62,8.2938,-0.00030214
36.14,0.036205,52.234,154.21,0.045369
116.34,0.054566,87.707,173.79,0.067348
213.27,0.054527,167.64,182,0.047248
-6.0199,0.028289,74.907,152.69,-0.00023993
81.22,0.016291,99.868,145.26,0.025523
76.509,0.033998,97.655,107.96,0.043837
152.45,0.035658,90.682,154.06,0.01424
43.298,0.025506,42.749,160.37,0.075852
15.152,0.023556,90.571,245.04,0.055367
157.23,0.048015,49.188,31.364,0.052528
60.96,0.020286,117.83,230.49,0.044093
60.193,0.062909,147.42,39.263,0.064641
93.581,0.031408,-3.3067,159.64,0.057051
95.15,0.042454,112.48,62.92,0.037408
34.06,0.027983,73.428,204.4,0.043977
110.24,0.045457,25.51,75.506,0.090934
70.375,0.03819,122.05,225.16,0.02942
62.191,0.029022,17.505,255.17,0.060997
56.755,0.012057,26.345,148.14,0.083896
115.85,0.0083618,36.328,211.03,0.038392
131.47,0.026075,-0.039495,144.13,0.059558
141.3,0.022885,50.504,54.959,0.094193
77.361,0.0054876,118.11,39.932,0.019618
142.85,0.031948,129.73,74.861,0.027179
122.96,0.030084,115.08,28.678,0.071144
129.72,0.04448,59.614,96.254,0.067785
98.121,0.044734,174.28,225.09,0.03378
90.06,0.041714,48.397,150.16,0.031463
138.97,0.017732,72.908,169.58,0.0044346
186.94,0.047021,32.709,117.46,0.050903
118.91,0.04905,74.985,120.95,0.068028
76.108,0.023508,72.141,205.06,0.039077
189.91,0.0080196,83.887,182.11,0.017643
42.724,0.041593,150.25,100.37,0.031462
105.1,0.022059,137.46,127.94,0.020445
86.365,0.0076497,61.942,196.44,0.035423
46.508,0.021576,54.814,43.553,0.038121
78.685,0.05667,96.525,119.54,0.04942
57.725,0.027228,37.412,93.706,0.0051525
72.092,0.039125,138.54,130.12,0.066607
33.137,0.0067593,100.29,99.58,0.039113
33.89,0.029457,85.658,188.79,0.029749
65.999,0.028081,82.842,118.48,0.048438
82.326,-0.0025676,119.35,184.64,0.030501
97.103,0.052489,84.993,266.54,0.035569
83.231,0.027542,-2.0317,117.49,0.038963
155.4,0.013368,85.454,139.67,0.019059
58.023,0.035274,62.651,156.48,0.039765
107.1,0.053372,105.77,196.14,0.069175
-9.5743,0.032844,18.287,254.56,0.080637
56.077,0.052178,-12.136,219.68,0.049538
-22.751,0.04869,45.658,242.68,0.062385
22.284,0.053859,147.81,97.526,0.048511
54.249,-0.00082196,45.176,145.34,0.016495
57.752,0.059875,107.13,53.873,0.046018
73.499,0.045643,53.584,135.66,0.074743
22.229,0.020601,145.04,241.81,0.051824
46.104,0.045074,90.597,133.64,0.054051
146.05,0.024785,116.39,187.27,0.027179
62.568,0.039773,74.466,313.08,0.011205
84.506,0.048393,147.94,153.47,0.040631
114.85,0.038259,92.667,4.2865,0.035428
150.7,0.058922,98.628,167.53,0.0091687
57.666,0.012905,123.73,210.4,0.0057487
-0.18191,0.035494,132.75,128.07,0.025423
62.638,0.029184,130.12,71.722,0.043384
143.5,0.033568,73.367,70.681,0.04179
103.88,0.049327,73.817,25.52,0.055195
157.28,0.031186,109.32,107.03,0.014079
124.61,0.01806,91.55,172.17,0.031482
118.96,0.033955,70.309,142.01,0.0049648
52.272,0.025339,113.09,126.1,0.028717
107.88,0.01783,57.516,77.869,0.00054341
81.68,0.046299,150.31,85.576,0.063321
81.949,0.016852,41.115,35.872,0.028114
74.171,0.046446,83.662,230.72,0.031601
85.88,0.042638,83.86,99.265,0.053994
97.967,0.04595,122.25,84.634,0.02726
136.16,0.046405,143.31,182.83,0.037222
66.882,0.0054713,86.664,164.94,0.036694
77.449,0.00777,77.64,64.968,0.045988
106.87,0.059344,155.38,219.16,0.040974
129.62,0.026866,81.957,260.04,0.087066
119.09,0.027162,64.899,110.23,0.043101
86.546,0.033853,78.777,273.01,0.052335
52.099,0.019479,135.48,3.0235,0.060805
24.606,0.021724,86.994,213.49,0.044545
80.291,0.058088,119.31,185.29,0.076837
100.18,0.013858,53.178,133.78,0.039444
148.93,0.025943,125.86,141.77,0.0049808
81.25,0.034124,83.947,98.757,0.051768
68.314,0.070871,56.858,159.3,0.041978
46.442,0.039122,39.642,118.82,0.046722
134.42,0.061814,-60.548,216.23,0.085142
88.754,0.030576,78.658,144.35,0.062802
120.54,0.06184,97.588,226.09,0.048002
138.82,0.062318,4.8121,120.81,0.073795
86.922,0.044775,64.038,89.363,0.03638
67.195,0.00067777,134.7,89.377,0.047887
47.639,0.036385,8.7027,230.43,0.040006
58.727,0.024242,63.657,131.25,0.085285
46.327,0.038344,136.98,201.46,0.051231
68.614,0.053594,73.319,84.239,0.041409
100.94,0.012433,146.97,129.51,0.0096466
101.3,0.050148,12.374,7.3058,0.030377
157,0.025944,189.42,97.54,0.011242
76.077,0.032139,176.41,109.05,0.052817
105.21,0.053173,67.65,50.791,0.026513
119.38,0.0098541,56.947,146.74,-0.00093458
44.364,0.0031166,108.89,47.287,0.014545
109.73,0.042555,60.378,102.17,0.044083
176.16,0.022549,165.8,124.56,0.023063
65.357,0.060563,122.41,125.19,0.043375
50.752,0.022116,62.92,149.62,0.074342
78.591,0.046968,173.58,176.95,0.056919
33.572,0.036662,46.925,132.69,0.077494
137.02,0.036469,112.33,102.08,0.03088
89.689,0.024185,71.673,113.35,0.050423
113.19,0.040182,126.91,114.14,0.026787
31.636,0.058513,67.282,235.37,0.042997
69.703,0.02995,126.71,126.27,0.049796
115.91,0.055372,56.638,99.702,0.042071
101.29,0.059136,83.061,167.61,0.073641
60.326,0.059519,95.108,185.02,0.079886
162.82,0.028576,133.39,74.312,0.056099
139.54,0.066955,79.339,168.03,0.042134
102.32,0.064694,33.041,73.536,0.047085
126.01,0.065679,154.86,124.03,0.031363
53.574,0.035529,108.87,215.64,0.043121
136.08,0.064553,106.52,48.84,0.042067
77.856,0.042336,88.826,190.52,0.073318
93.078,0.037892,60.717,113.17,0.0383
84.831,0.043265,168.87,201.03,0.039898
46.029,0.026461,91.692,30.532,0.074856
41.687,0.033892,119.97,105.7,0.016023
94.174,0.046705,83.675,182.44,0.035662
80.527,0.045468,125.1,144.51,0.046594
91.641,0.022353,110.55,252.65,0.028239
122.01,-0.022971,140.05,88.653,0.062126
71.517,0.045494,78.457,120.97,0.022232
27.917,0.0095322,53.649,142.99,0.030953
85.451,0.020349,135.39,99.6,0.0001521
85.603,0.03527,68.503,122.53,0.03239
139.16,0.010616,78.819,203.9,0.062115
-18.586,0.053028,63.15,37.77,0.029347
92.194,0.011334,88.129,190.68,0.070141
121.32,0.050828,125.9,105.46,0.031058
39.132,0.0089529,42.748,204.78,-0.0018425
121.48,0.061311,50.246,112.38,0.037161
57.284,0.023561,134.99,70.996,0.048396
166.14,0.071977,66.396,189.67,0.036742
84.018,0.027343,74.504,124.61,0.036179
73.695,0.023881,89.982,133.68,0.035217
178.28,0.025287,105.85,179.13,0.069964
96.545,0.048017,99.294,135.33,0.042733
78.016,0.051484,49.25,196.28,0.040812
53.881,0.037919,55.064,-40.037,0.079223
187.74,0.033913,78.841,48.062,0.025136
74.109,0.047267,79.321,138.62,0.014549
24.486,0.04816,106.13,102.51,0.061846
1.8643,0.031418,45.1,-28.925,0.048298
91.213,-0.0041978,106.34,185.16,0.054403
130.46,0.032236,14.752,43.888,0.052504
111.23,0.046259,95.775,138.35,0.047658
115.31,0.060764,-19.027,134.96,0.048225
72.382,0.043374,17.588,180.74,0.0083943
67.307,0.064089,80.773,160.03,0.020692
137.44,0.021148,74.526,120.57,0.059051
4.9535,0.025602,135.39,207.86,0.076708
59.456,0.022044,114.02,159.26,0.024472
112.3,0.064563,113.27,158.51,0.018784
135.63,0.047491,91.924,30.118,0.067201
63.099,0.029731,82.45,90.833,0.045546
76.417,0.064873,28.797,61.77,0.037156
137.12,0.036852,115.25,77.348,0.044605
105.78,0.036438,209.18,188.08,0.059604
70.314,0.035157,93.017,120.62,0.036609
27.04,0.024876,152.69,133.53,0.017858
-8.0328,0.022966,62.165,113.16,0.070139
76.694,0.016565,36.985,185.68,0.025609
57.136,0.0049798,170.97,166.1,0.011782
52.719,0.033667,110.53,137.09,0.027418
29.892,0.038547,150.61,167.38,0.048064
124.08,0.036461,104.19,92.653,0.015112
139.36,0.019302,174.44,251.21,0.033977
93.117,0.045494,83.649,96.389,0.035364
55.471,0.029582,-4.1049,170.99,0.041499
189.74,0.032069,110.78,273.45,0.018488
31.919,0.023727,87.552,103.36,0.027424
28.43,0.044002,121.19,62.489,0.02177
101.43,-0.02148,121.19,203.5,0.040204
168.62,0.044239,103.82,166.72,0.073341
9.229,0.039846,118.85,12.138,0.061227
107.41,0.04775,102.35,118.28,0.088514
53.934,0.078077,52.351,168.29,0.045495
165.9,0.038181,162.31,190.05,0.048128
55.65,0.03934,86.528,144.12,0.039435
90.47,0.036549,132.77,332.73,0.041253
73.503,0.034089,40.704,222.59,0.049912
193.3,0.015134,108.19,267.51,0.05175
95.08,0.014355,135.09,76.558,0.037324
50.541,0.041763,132.23,52.919,0.054897
74.73,0.05065,95.101,-2.3047,0.057562
201.42,0.023472,-15.914,87.824,0.056275
49.653,0.056488,84.665,195.07,0.047716
95.011,0.042573,95.265,100.29,0.068939
60.258,0.048698,-4.3046,150.25,0.047387
-13.973,0.047384,103.54,230.92,0.045341
14.475,0.055696,94.49,168.87,0.015092
88.625,0.044053,24.1,200.97,0.038692
125.44,0.038085,26.936,228.38,0.083462
81.081,0.041173,33.336,136.77,0.063266
-66.726,0.026239,126.08,95.769,-0.0015862
23.026,0.049768,89.199,124.7,0.063934
105.05,0.023752,1.7612,29.645,0.05195
137.93,0.049135,16.508,127.62,0.017338
127.62,-0.0059862,136.13,262.53,0.040905
55.289,0.030908,141.16,68.087,0.04169
54.377,0.02383,71.446,60.572,0.06712
127.21,0.047739,101.26,221.45,0.0235
54.869,0.0043241,92.336,58.312,0.013729
137.31,0.016996,110.76,221.18,0.045789
97.511,0.025823,83.556,240.5,0.050681
61.039,0.022942,64.724,143.83,0.024817
61.604,0.03605,88.87,49.811,0.059631
168.29,0.051686,95.867,103.29,0.028642
96.187,0.029004,82.602,167.44,0.03255
44.971,0.061959,88.699,134.22,0.012316
125.73,0.015015,78.25,162.99,0.058582
119.15,0.055309,101.11,140.99,0.057896
120.65,0.042128,105.16,125.55,0.044603
180.29,0.0017349,116.6,188.79,0.0059391
121.43,0.030173,137.17,245.09,0.065456
112.49,0.044749,29.323,141.14,0.05917
3.5634,0.04619,134.58,119.74,0.041559
184.52,0.042926,86.302,118.78,0.034123
102.3,0.031056,168.63,50.119,0.032165
55.648,0.060326,24.177,129.92,0.019622
66.397,0.046908,48.881,175.9,0.014174
57.299,0.04227,70.035,174.98,0.048665
97.621,0.036908,126.37,79.414,0.033807
161.97,0.062371,140.8,105.42,0.05715
88.184,0.028458,61.79,82.38,0.05832
94.021,0.079484,75.981,91.519,0.042362
120.79,0.065551,147.74,94.109,0.052254
44.192,0.051444,98.963,100.5,0.063345
94.286,0.031091,173.31,143.66,0.050655
40.354,0.041884,19.025,144.58,0.069763
55.234,0.064087,145.29,183.16,0.046166
35.117,0.023931,120.5,129.5,0.033319
134.74,0.027593,160.24,126.52,0.021914
45.23,0.053993,159.43,253.65,0.01306
54.877,0.036651,165.58,165.99,0.054006
34.368,0.056687,99.54,163.11,0.063862
91.28,0.017091,115.3,210.78,0.068303
74.034,0.043832,58.462,70.666,0.024162
145.05,0.026475,51.932,225.51,0.049536
96.741,0.0094289,97.923,67.447,0.016406
72.54,0.0030483,47.369,108.76,0.051442
112.26,0.027243,124.37,145.72,0.027211
179.46,0.017985,-9.1768,181.41,0.073844
141.76,0.045586,91.19,124.91,0.04856
46.01,0.01086,39.681,143.06,0.02407
105.39,0.045594,164.49,211.09,0.068785
70.327,-0.0012382,126.61,155.34,0.049679
59.243,0.0076681,147.33,173.57,0.064378
113.98,0.0064816,100.12,95.846,0.030183
48.243,0.046719,37.542,135.58,0.063248
29.296,0.024252,43.57,201.68,0.074966
158.88,0.058997,84.326,157.12,0.033002
171.82,0.0012874,19.422,94.562,0.029846
71.05,0.058849,84.487,127.26,0.06908
141.36,0.029657,86.259,39.629,0.036075
-26.285,0.025939,38.924,193.61,0.0554
144.4,0.044806,115.14,194.35,0.037978
112.08,0.067178,81.056,115.51,0.054046
160.57,0.0489,54.651,248.79,0.060201
79.719,0.038641,96.049,159.41,0.062014
64.679,0.073544,73.104,216.54,0.013186
55.774,0.037742,78.817,182.66,0.022746
23.44,0.031312,64.226,82.704,0.023815
51.156,0.026053,122.29,191.48,0.061694
86.03,0.0203,68.926,193.5,0.062316
100.65,0.056863,23.17,139.09,0.037231
144.6,0.078278,103.05,216.73,0.057251
76.236,0.0055743,34.483,140.58,0.070918
110.79,0.035939,-0.6831,41.5,0.039172
100.99,0.04586,67.856,46.075,0.040672
145.12,0.028887,155.42,136.26,0.037773
44.796,0.024878,49.763,43.351,0.01425
15.697,0.041842,144.2,163.43,0.047536
87.961,0.03356,112.68,248.39,-0.0045209
61.777,0.049727,88.655,-4.9187,0.064499
55.033,0.030306,125.14,173.01,0.06573
48.403,0.023492,116.09,68.453,0.048708
73.338,0.054452,74.623,51.718,0.048948
124.79,0.038277,44.979,146.83,0.040016
34.998,0.0074935,106.81,103.43,0.081109
101.85,0.042772,182.07,152.2,0.029794
61.98,0.036316,119.11,185.82,0.012477
79.93,0.040206,106.65,88.889,0.067699
52.451,0.046368,89.277,95.482,0.024697
95.452,0.0075567,149.28,112.51,0.056288
76.093,0.06668,86.292,113.47,0.012474
76.994,0.024665,88.916,83.534,0.018759
223.12,0.028029,95.897,101.42,0.061753
81.878,0.046623,117.45,98.56,0.041436
102.16,0.025188,35.927,212.01,0.062851
61.644,0.021524,107.08,205.17,0.049333
105.94,0.03337,53.915,190.93,0.070718
48.289,0.046134,112.67,115.32,0.08706
12.21,0.061942,70.232,203.03,0.028778
72.218,0.038032,80.225,216.2,0.065423
83.079,0.047126,83.75,176.87,0.039401
152.28,0.043364,60.464,64.854,0.057153
88.729,0.044868,-6.1223,124.72,0.043767
105.37,0.016243,99.308,145.21,0.058225
58.409,0.0041664,137.86,204.28,0.056192
77.058,0.055018,9.1796,212.13,0.054796
119.74,0.054994,100.47,125.9,0.021744
139.52,0.054126,34.085,129.6,0.01704
108.87,0.0060109,112.65,52.816,0.066653
86.355,0.053425,148.59,210.83,0.049568
-25.378,0.022154,85.921,146.58,0.034656
116.71,0.039196,58.057,154.45,0.080369
46.307,0.026637,138.59,159.76,0.052845
19.588,0.00063173,91.402,-15.676,0.072172
166.31,0.057264,64.067,245.41,0.04338
115.73,0.039398,45.98,46.882,0.036539
142.71,0.007819,92.566,53.211,0.037513
130.58,-0.003529,29.986,160.98,0.013315
122.97,0.036511,91.518,145.7,0.049343
65.433,0.032799,128.35,134.05,0.035467
106.7,0.02474,81.785,117.23,0.035949
57.726,0.051408,124.3,77.124,0.07302
12.305,0.04818,103.96,115.04,0.063572
114.79,0.022805,134.22,158.49,0.045178
107.92,0.030705,42.457,108.04,0.03905
72.353,0.034065,79.354,150.19,0.069656
90.757,0.047072,66.317,39.684,0.0251
131.12,0.02865,110.22,224.73,0.044575
125.33,0.036549,9.3647,198.84,0.017393
36.799,0.045287,108.99,127.11,0.068173
108.75,0.024883,55.653,202.21,0.067594
125.42,0.046629,104.3,154.68,0.032939
36.133,0.028382,90.143,245.12,0.027721
171.18,0.041454,34.735,191.03,0.057137
97.682,0.041547,88.155,96.45,0.066106
122.04,0.036232,60.918,38.857,0.038139
149.81,0.038378,48.957,114.52,0.015645
57.401,0.04895,48.934,174.13,0.052468
25.86,0.03796,25.661,151.72,0.04054
76.789,0.035267,41.445,194.97,0.036259
48.779,0.020494,57.877,78.644,0.034622
92.208,0.03532,61.848,214.48,0.060108
103.29,0.040207,50.414,184.46,0.063685
15.488,0.048683,88.528,225.86,0.037547
65.292,0.032289,83.688,127.99,0.022161
112.26,0.042364,123.43,83.882,0.033155
95.191,0.037546,62.895,-42.384,0.056394
46.001,0.069871,126.1,85.18,0.033141
78.467,0.061275,15.643,151.78,0.067945
6.0263,0.033352,124.75,20.999,0.042156
36.562,0.034473,52.633,234.2,0.054934
21.124,0.04668,70.33,82.882,0.040269
55.511,0.036761,65.221,86.462,0.049129
43.85,0.037555,66.868,130.22,0.0063829
121.85,0.025455,89.556,118.81,0.058182
66.647,0.029809,102.93,47.029,0.037724
163.5,0.02238,59.843,138.05,0.048657
105.9,0.023527,83.45,39.29,0.013342
79.74,0.028127,80.391,45.443,0.049292
97.827,0.015187,129.98,201.51,0.050918
67.021,0.0112,154.29,106.14,0.015985
24.446,0.021158,61.827,196.33,0.03079
156.92,0.041085,94.682,-28.462,0.035
74.37,0.049592,166.11,125.05,0.02943
47.079,0.028739,74.556,142.85,0.065993
125.6,0.025808,152.78,87.69,0.042422
128.14,0.032844,35.809,139.93,0.05465
91.326,0.026817,43.224,159.2,0.033393
90.701,0.020208,79.2,216.86,0.075229
18.035,0.030969,84.871,112.68,0.051568
62.08,0.034922,84.021,147.98,0.047041
30.183,0.046628,101.53,155.07,0.048721
93.723,0.042185,0.072469,161.85,0.05363
6.3837,0.041572,94.624,217.59,0.022803
53.35,0.054533,112.11,118.34,0.063069
155.43,0.072915,2.2141,33.86,0.03016
136.65,0.057726,137.22,231.67,0.051247
132.81,0.044189,56.481,134.05,0.063555
2.743,0.046787,87.235,245.42,0.037933
100.78,-0.014267,116.7,224.2,0.045611
101.12,0.027151,131.72,98.02,0.028273
19.485,0.045407,103.23,144.64,0.051901
88.894,0.054142,93.158,235.18,0.068437
66.248,0.04641,129.9,151,0.060392
62.354,0.050031,48.767,175.96,0.03422
76.513,0.063662,91.716,168.24,0.043819
56.677,0.06278,14.161,234.34,0.036304
-25.648,0.041735,24.327,248.64,0.026354
122.49,0.036955,-5.6774,50.924,0.04727
98.692,0.036804,69.474,201.11,0.063506
77.041,0.04514,66.614,108.91,0.036496
95.406,0.054605,85.498,216.58,0.019946
75.94,0.032503,56.487,121.4,0.04436
127.22,0.02051,93.366,139.59,0.044103
56.803,0.013955,90.577,178.21,0.04867
71.055,0.029987,62.391,99.689,0.018874
102.04,0.010562,142.93,-17.083,0.035779
124.23,0.017084,78.069,24.122,0.013568
101.33,0.018918,24.394,167.14,0.055415
125.48,0.01923,78.189,92.309,0.012218
137.72,0.02193,180.37,193.79,0.02322
37.526,0.036946,65.746,125.42,0.023402
87.518,0.035733,121.23,92.563,0.038558
123.66,0.035843,-1.6097,26.358,0.054012
-18.696,0.069472,30.387,23.209,0.021425
127.16,0.032049,127.86,98.791,0.067424
89.562,0.059829,31.019,153.39,0.014037
90.348,0.028449,73.898,262.05,0.047235
20.691,0.026457,97.267,118.58,0.051783
71.862,0.025939,100.99,213.55,0.051036
87.714,0.036269,113.4,226.16,0.049607
104.25,0.025421,45.81,128.98,0.050094
-28.471,0.032587,97.339,17.751,0.053697
150.4,0.01644,147.94,172.09,0.049146
4.5868,0.054751,-0.52557,7.4433,0.036192
52.19,0.039079,51.974,178.63,0.067747
75.001,0.055639,120.07,182.06,0.035676
94.126,0.030027,89.191,250.2,0.066088
50.54,0.053568,54.811,204.32,0.055654
118.89,0.049316,42.81,165.58,0.068136
146.19,0.019165,49.005,119.51,0.031842
55.314,0.045404,34.214,181.83,0.061957
15.823,0.023386,77.434,168.98,0.014553
85.189,0.024719,61.952,110.3,0.03823
73.693,0.050752,91.06,190.51,0.06668
77.211,0.052343,-31.468,119.41,0.079178
122.05,0.028457,97.013,71.712,0.037481
91.405,0.049619,118.79,58.301,0.03593
142.73,0.027559,23.852,103.91,0.047818
41.686,0.02528,21.594,73.695,0.018323
22.045,0.055971,-15.911,64.628,0.0010701
98.099,0.039217,97.703,242.37,0.049752
143.21,0.037624,104.83,165.6,0.024156
51.503,0.03268,106.28,141.51,0.0081064
72.952,0.011363,56.705,206.72,0.033432
72.38,0.012627,110.07,202.69,0.039451
99.653,0.050628,181.24,135.74,0.014461
58.977,0.0027879,26.372,105.97,0.010895
-26.04,0.0022334,88.983,186.93,0.051318
128.37,-0.014105,104.61,5.0843,0.055565
40.558,0.040404,181.78,200.81,0.018354
77.364,0.018305,172,83.373,0.061088
87.562,0.025319,136.59,127.18,0.037133
113.06,0.020369,82.383,23.293,0.067227
66.493,0.033298,156.74,68.35,0.057744
190.39,0.040905,50.824,77.868,0.061274
158.05,0.037696,45.054,119.31,0.051456
-3.9941,0.041971,59.449,87.36,0.019407
45.196,0.047477,41.278,173.46,0.058633
138.08,0.042719,17.259,92.257,0.072414
96.587,0.05552,6.143,241.37,0.053096
102.29,0.036472,37.402,231.89,0.044537
39.623,0.019026,137.05,59.288,0.095593
122.43,0.026008,94.825,100.81,0.050491
109.54,0.042895,108.38,244.03,0.042393
114.53,0.057879,94.391,130.4,0.057456
30.581,0.056133,37.203,120.12,0.034646
23.629,0.03064,19.078,153.19,0.055953
113.97,0.021394,98.425,15.861,0.027714
118.44,0.041941,108.39,193.35,0.047985
118.87,0.006514,89.417,172.22,0.070787
108.14,0.027464,58.386,147.66,0.064545
73.563,0.0065601,160.62,91.63,0.030715
74.271,0.034183,98.443,54.789,0.034402
84.762,0.014496,71.016,71.575,0.04641
79.205,0.031632,120.71,209.18,0.043892
160.03,0.05899,90.936,149.66,0.022055
115.69,0.056776,10.493,206.67,0.031947
114.51,0.0068897,42.506,242.67,0.030288
149.13,0.031281,120.54,131.1,0.027238
12.896,0.033744,27.244,46.548,0.031857
136.44,0.025207,81.249,103.7,0.034061
128.36,0.035981,98.23,204.55,0.020428
104.21,0.028815,174.76,116.15,0.013481
123.95,0.042323,143.19,134.6,0.031791
49.55,0.020493,86.966,97.993,0.060748
191.17,0.035188,106.63,30.75,0.024189
70.28,0.018632,131.25,178.15,0.027369
44.059,0.042479,77.774,145.97,0.019202
108.39,0.024939,160.95,132.39,0.031841
55.805,0.043412,113.96,202.6,0.048728
54.091,0.027811,47.507,165.42,0.037301
124.57,0.01857,132.34,131.31,0.05228
10.183,0.052798,186.61,83.769,0.071474
89.534,0.017014,35.225,83.62,0.052088
92.062,0.014615,97.48,77.836,0.065307
67.212,0.02972,105.18,178.46,0.076549
23.147,0.037943,82.748,173.38,0.042959
246.15,0.021949,131.39,96.692,0.028689
115.01,0.037679,23.368,132.42,0.077894
206.85,0.034895,32.782,176.26,0.071163
106.09,0.046935,103.96,114.11,0.067658
59.441,0.062321,38.982,190.45,0.077182
97.915,0.054449,97.899,169.04,0.021748
101.66,0.055912,73.736,136.24,0.024228
-19.126,0.05164,28.187,94.669,0.060555
59.489,0.05835,37.739,234.55,0.023629
103.83,0.025647,27.991,222.85,0.079743
50.959,0.029363,132.1,158.13,0.065671
93.935,0.039825,18.439,96.134,0.072623
58.891,0.017925,33.696,140.63,0.015627
115.75,0.065293,97.735,36.866,0.037107
49.858,0.024205,99.432,72.431,0.063396
22.827,0.050958,121.55,88.508,0.036583
83.946,0.020789,95.508,206.41,0.03755
63.353,0.036626,73.21,126.62,0.01383
147.3,0.041019,105.71,235.25,0.021728
105.37,0.067409,152.31,124.93,0.050595
42.393,0.046762,121.64,42.687,0.044734
119.96,0.022507,138.8,186.98,0.027871
121.74,0.010331,140.73,212.75,0.040859
19.695,0.029531,141.39,147.22,0.042263
26.874,0.020029,17.171,139.85,0.0326
64.818,0.017936,71.968,115.18,0.030651
139.22,0.019223,124.91,90.414,0.0072206
37.938,0.063533,89.412,113.3,-0.0022811
69.971,0.0026792,72.24,37.768,0.03614
120.88,0.021924,112.63,166.24,0.05325
54.457,0.041748,74.123,99.73,0.010597
72.628,0.056443,98.94,3.0392,0.0083163
137.99,0.035645,169.19,129.47,0.029658
117.34,0.040269,96.181,178.17,0.026774
119.42,0.068925,75.95,229.91,0.073275
102.34,0.04073,-14.178,192.99,0.02935
-31.318,0.031825,68.503,202.43,0.078931
90.062,0.067,96.055,98.028,0.087381
167,0.054652,95.652,130.67,0.080202
121.5,0.0095313,-27.897,259.55,0.083054
87.239,0.018425,48.242,113.18,0.020025
91.951,0.023948,145.14,145.55,0.018452
64.611,0.045377,117.46,137.58,0.032153
49.04,0.045916,44.3,130.5,0.0273
39.829,0.053989,66.226,230.64,0.049824
23.768,0.071143,104.19,205.82,0.045547
105.52,0.050691,97.104,141.31,0.047058
193.87,0.024368,86.682,87.218,0.054958
-71.507,0.025623,47.525,21.84,0.014605
127.56,0.056709,94.333,79.754,0.031108
87.502,0.034048,27.48,72.514,0.054416
55.296,0.016323,41.053,127.79,0.061146
135.12,0.055118,144.89,133.06,0.059442
148.47,0.00015903,115.92,120.14,0.053613
63.86,0.074787,79.414,94.206,0.070769
188.41,0.030483,94.42,75.887,0.067641
181.13,0.023355,122.34,182.25,0.017754
178.22,0.026093,6.6722,237.45,0.033336
151.13,-0.0094287,109.94,11.445,0.02263
132.3,0.033285,129.95,143.07,0.00066314
181.25,0.072366,101.67,255.19,0.015947
84.07,-0.00056953,176.31,248.85,0.01879
116.95,0.029104,76.739,191.05,0.018248
153.09,0.014429,95.034,60.786,0.046767
-12.941,0.032382,54.471,184.19,0.055245
170.57,-0.0044039,81.544,161.5,0.073775
57.694,0.037304,107.06,70.032,0.064645
137.75,0.017103,172.19,114.29,0.054269
-47.345,0.025733,31.712,142.49,0.066385
18.984,0.061614,132.81,90.124,0.018884
153.8,0.023682,61.602,179.19,0.031513
42.574,0.02528,141.18,242.98,0.048093
49.167,0.030785,90.522,142.92,0.02292
74.743,0.047133,80.894,161.67,0.064078
84.154,0.060012,82.846,91.766,0.034671
112.15,0.05103,-24.557,119.78,0.065732
-10.485,0.03512,76.876,271.61,0.042767
97.746,0.036772,64.63,127.8,0.068513
50.837,0.050795,70.013,158.38,0.043118
85.328,0.042508,99.794,141.84,0.053997
54.56,0.032331,58.42,57.56,0.055926
38.891,0.050576,87.762,91.857,0.066961
44.453,0.023138,63.063,196.52,0.070139
45.068,0.05481,156.51,108.65,0.043844
1.3972,0.06808,8.5309,152.92,0.052996
69.764,0.069276,84.551,199.24,0.055553
21.908,0.050899,27.172,150.36,0.051695
116.76,0.083294,102.1,105.24,0.049855
105.51,0.050187,92.704,49.719,0.041563
102.97,0.025283,80.517,165.75,0.030645
14.94,-0.015054,122.63,228.54,0.046954
77.191,0.037881,113.71,48.027,0.032806
22.382,0.062272,139.38,155.95,0.046622
149.01,-0.016898,31.821,40.203,0.077279
79.647,0.065022,79.137,149.18,0.049444
131.2,0.014985,137.06,216.08,0.06193
92.713,0.025472,100.75,118.05,0.068238
221.96,0.039472,55.124,172.77,0.024131
67.086,0.047018,35.246,176.33,0.04529
85.04,0.049297,117.09,79.296,0.035953
99.287,0.0069585,57.28,130,0.061721
73.204,0.032618,65.767,116.48,0.062622
124.98,0.021826,-28.633,130.52,0.035067
59.631,0.018087,20.968,58.888,0.037221
105.21,0.026888,154.78,284.16,0.013811
93.382,0.043443,100.43,141.33,0.019558
95.341,0.014826,58.623,84.913,0.028471
137.35,0.034099,207.66,37.805,0.030388
93.913,0.029934,34.274,88.768,0.052243
13.669,0.050267,55.541,253.55,0.038283
74.249,0.039503,130.66,100.46,0.031644
119.49,0.036296,105.06,-9.2514,0.041843
115.53,0.01382,67.715,153.46,0.052126
86.873,0.051249,81.999,178.06,0.049265
68.28,0.010323,149.43,171.37,0.060876
61.897,0.07187,53.389,221.56,0.049432
176,0.055942,76.462,42.529,0.051196
102.36,0.027917,32.887,112.79,0.075606
102.44,0.0033951,40.655,138.54,0.030711
83.842,0.04649,98.565,68.36,0.069456
100.73,0.024827,74.077,97.994,0.10048
146.21,0.08252,117.49,140.61,0.03576
88.567,0.029955,130.72,255.56,0.10163
-11.846,0.06178,66.661,51.607,0.065093
67.524,0.02134,87.047,94.312,0.015404
49.053,0.041044,123.66,172.52,-0.0077317
75.662,0.026705,41.187,162.88,0.034275
156.16,0.027153,60.326,226.87,0.0084723
138.8,0.038288,79.964,30.238,0.060314
67.613,0.014287,30.384,48.924,0.020895
47.977,0.054282,139.63,115.71,0.06721
164.92,0.016942,113.09,173.66,0.067523
58.869,-0.0054829,70.69,112.01,0.021403
103.55,0.031661,148.67,215.68,0.031514
107.37,0.041191,63.124,94.53,-0.011174
157.24,0.048218,48.719,106.41,0.046568
156.31,0.014514,179.91,134.83,0.040285
138.43,0.02711,122.12,211.44,0.025019
24.102,0.058075,113.36,30.832,0.014548
171.62,0.029187,40.217,106.21,0.052038
69.779,-0.0045896,100.41,101.03,0.043566
137.7,0.016454,79.514,64.674,0.059284
53.842,0.0083201,91.653,103.1,0.028641
99.471,0.040744,200.84,124.6,0.045921
8.2978,0.022291,71.155,134.71,0.061696
116.97,0.0052942,109.27,74.797,0.025493
92.325,0.041437,142.21,136.97,0.037739
75.484,0.028316,106.21,80.947,0.038884
113.28,0.080276,57.175,43.11,0.063559
104.01,0.051867,5.9119,214.84,0.043309
53.553,0.041263,78.384,123.55,0.020141
-3.4367,0.069084,64.208,155.58,0.031973
0.86463,0.06083,36.611,105.98,0.062362
63.623,0.044262,61.73,-2.6422,0.071074
71.405,0.055264,138.22,200.65,0.036206
173.27,0.067943,-11.129,21.756,0.049437
102.73,0.068066,122.25,183.24,0.038142
70.036,0.049246,28.947,125.61,0.058251
83.431,0.057554,33.147,159.77,0.082704
106.99,0.083023,104.65,182.21,0.074985
119.86,0.028032,102.29,105.45,0.057104
83.922,0.044903,2.2795,89.751,0.029611
46.949,0.051281,70.468,149.08,0.030592
6.4987,0.036238,102.32,121.92,0.034413
-22.979,0.012058,29.266,65.377,0.018367
79.874,0.047441,69.24,153.49,0.034854
127.08,0.044993,39.985,254.55,0.059986
148.68,0.062174,128.26,103.33,0.01367
74.994,0.013172,101.83,176.58,0.052171
119.95,0.040845,93.516,188.04,0.02248
99.113,0.039406,46.121,225.93,0.030617
97.431,0.014719,85.506,36.161,0.024897
150.71,0.029429,81.448,179.97,0.0025101
214.47,-0.0056525,32.051,117.38,0.042495
54.102,0.051748,90.797,149.84,0.026178
70.909,0.028246,13.383,187.96,-0.0020446
80.305,0.027366,52.705,186.67,0.041858
143.95,0.031013,96.893,102.95,0.0499
94.062,0.036911,106.85,200.56,0.07856
23.805,0.030952,117.55,42.13,0.023423
53.46,0.027122,50.713,106.01,0.028135
95.704,0.028434,22.865,247.68,0.042968
73.904,0.033838,96.28,260.42,0.032961
53.725,0.051322,48.997,109.41,0.045053
97.296,0.037919,96.596,259.89,0.049564
126.99,0.027768,70.506,197.95,0.04788
91.266,-0.0053796,85.287,126.24,0.091138
-16.392,0.041405,77.389,123.47,0.02538
56.037,0.027337,130.29,74.331,0.046832
33.238,0.039174,43.701,192.09,0.05241
124.25,0.062997,77.585,136.11,0.03385
48.761,0.041181,71.538,97.856,0.0936
109.63,0.039228,72.615,148.42,0.044801
166.12,0.066599,93.211,8.4861,0.035692
20.315,0.078897,39.194,160.83,0.016844
69.04,0.067716,53.821,93.68,0.058587
22.175,0.050921,16.137,295.25,0.05384
45.856,0.048235,93.838,94.753,0.039185
94.56,0.033315,129.58,271.18,0.066021
59.552,0.053013,59.316,168.29,0.068851
156.59,0.040178,68.584,186.08,0.055251
92.794,0.051209,57.703,232.06,0.027754
35.357,0.0455,59.705,195.76,0.033166
107.22,0.038281,120.23,210.26,0.033726
43.959,0.013011,110.01,-6.5927,0.066656
162.36,0.0038531,12.832,170.02,0.06511
127.4,0.0099796,117.1,106.86,0.062279
148.04,0.03355,90.404,183.98,0.067724
71.47,0.051142,76.459,65.679,0.015321
165.35,0.027355,133.61,54.403,0.034458
104.17,0.045126,70.758,200.9,0.0033212
93.964,0.002348,79.116,94.013,0.063208
-11.537,0.016689,46.101,76.106,0.030397
83.051,0.01946,88.611,192.78,0.036559
64.843,0.038639,84.059,56.667,0.051031
154.49,0.0074289,128.26,98.573,0.022989
148.51,0.019166,104.46,150.4,0.034567
96.766,0.024387,91.695,249.64,0.038882
65.817,0.039245,168.43,65.528,0.043335
109.06,0.039326,79.367,154.13,0.038927
95.99,0.027535,120.15,130.34,0.047167
95.248,0.05776,49.657,130.66,0.042327
137,0.016256,51.987,156.35,0.047124
151.69,0.010395,50.012,147.57,0.058765
164.46,0.022116,91.795,73.528,0.044674
111.15,0.031065,87.582,51.445,0.025907
75.061,0.057108,131.79,94.422,0.052443
38.092,0.083192,110.39,126.31,0.051614
73.682,0.036079,137.84,104.65,0.028008
34.95,0.013351,88.228,180.12,0.042375
148.96,0.031854,47.696,154.16,0.068197
104.93,-0.0067003,121.08,197.57,0.033667
59.558,0.030939,117.91,80.181,0.045436
51.633,0.064045,91.051,138.68,0.03884
50.674,0.068448,39.323,182.79,0.023659
142.29,0.030729,15.927,144.89,0.02172
141.21,0.013719,119.62,157.52,0.045937
94.827,0.045854,60.66,51.152,0.041976
81.918,0.043181,105.97,74.328,0.038605
104.29,0.028521,90.51,209.58,0.065998
144.7,0.053517,165.45,115.87,0.057171
36.724,0.041203,24.675,115.53,0.067716
123.53,0.038834,13.055,75.226,0.061492
77.362,0.023424,72.571,144.05,0.059006
67.494,0.055115,95.289,94.018,0.030753
56.365,0.059698,12.943,64.814,0.034125
112.96,0.012611,119.56,194.35,0.011773
98.829,0.026824,57.919,92.3,0.03924
22.075,0.035867,124.77,146.45,0.020503
146.26,0.026549,75.871,180.55,0.040629
164.29,0.047679,95.472,126.87,0.036701
42.255,-0.0054008,74.407,124.58,0.075448
45.5,0.024929,41.196,109.56,0.054103
89.851,0.023663,76.391,115.87,0.028693
40.916,0.061519,196.94,36.564,0.011198
69.375,0.012067,183.81,130.28,0.0020208
68.168,0.050348,113.53,194.77,0.042415
81.265,0.027668,45.756,79.826,0.059412
97.305,0.039737,95.08,73.568,0.038865
142.91,0.018082,166.19,88.206,0.021629
40.778,0.032354,73.077,129.46,0.0089317
98.598,0.010887,11.477,171.34,0.022547
84.413,0.02136,115.73,162.17,0.049666
0.61071,0.020608,21.405,149.29,0.042039
51.766,0.056186,72.91,223.64,0.041719
-9.3857,0.030426,83.329,48.886,0.08699
111,0.020509,91.604,151.76,0.066359
107.1,0.0094281,57.768,66.199,0.065486
103.63,0.044736,47.428,160.15,0.038345
-2.4002,0.016703,57.982,94.597,0.081885
122.95,0.022474,8.4334,68.643,0.085749
65.308,0.028638,189.02,192.13,0.052767
97.533,0.018003,-14.701,211.18,0.057856
27.807,0.052697,82.17,169.88,0.03603
36.658,0.059118,74.826,175.78,0.047578
46.738,0.058823,48.279,144.07,0.063986
97.04,0.032893,41.661,167.98,0.04763
115.86,0.047343,55.458,123.68,0.048906
66.84,0.0401,96.04,157.4,0.076037
142.09,0.038241,73.698,207.07,0.030871
167.68,-0.00066124,119.62,139.16,0.029944
84.583,0.032479,-4.6376,168.05,0.073597
39.792,0.062215,170.99,256.23,0.042291
88.334,0.018284,132.06,120.7,0.034932
95.225,0.039085,56.836,113.8,0.022591
134.78,0.047486,133.88,187.43,0.060657
123.78,0.026719,72.857,27.97,0.044406
105,0.045117,115.47,209.19,0.037797
35.91,0.039035,55.406,142.28,0.026723
119.26,0.033491,64.148,-54.599,0.019882
78.001,0.037358,63.102,100.38,0.021414
187.71,0.053489,86.945,132.72,0.039638
143.93,0.06265,126.91,81.876,0.043401
12.465,0.034496,129.63,65.995,0.017094
146.67,0.03085,51.441,95.715,0.036469
125.62,0.046559,96.454,199.55,0.0055364
17.759,0.04587,148.37,104.41,0.02555
41.561,0.042855,108.74,238.55,0.028928
120.6,0.027551,141.67,87.81,0.016045
141.2,0.00056377,111.58,217.2,0.04392
81.635,0.032976,83.594,217.19,0.02752
53.971,0.022827,32.624,234.43,0.030677
135.89,0.046728,153.76,5.1875,0.035287
156.04,0.0056979,52.937,148.86,0.043577
134.14,0.058954,102.61,57.679,0.036607
107.97,0.047825,58.879,139,0.051842
98.858,0.051531,104.71,50.768,0.024633
91.931,0.025922,11.078,53.895,0.08786
85.145,0.034151,98.997,54.335,0.063152
117.5,0.046595,58.661,73.463,0.017357
198.25,0.06122,31.657,207.05,0.044507
129.86,0.060753,86.429,169.12,0.045098
125.49,0.025869,54.36,90.937,0.074369
-9.0126,0.043689,104.34,109.69,0.05271
90.53,0.01847,61.376,52.589,0.062031
141.64,0.0064775,29.532,129.37,0.034455
63.591,0.03284,109.19,244.27,0.049803
104.53,0.022036,112.45,173.39,0.044983
44.367,0.033901,148.37,190.48,0.044002
128.04,0.051882,141.68,135.14,0.058084
134.59,0.054192,51.663,119.1,0.018869
58.569,0.033297,-0.22606,168.31,0.041809
130.18,0.028746,-4.9429,179.09,0.089915
11.907,0.027477,70.815,40.659,0.034752
127.45,0.020659,142.24,113.53,0.066482
45.569,0.040925,170.41,159.69,0.039865
139.99,0.024781,135.92,28.099,0.014377
98.901,0.039182,97.571,189.28,0.027403
124.62,0.014801,7.6834,90.653,0.039125
93.306,0.044648,92.458,119.87,0.021162
-13.867,0.020694,77.715,169.43,0.040015
90.471,0.031128,131.88,108.81,0.057237
179.42,0.042556,143,152.94,0.049742
103.29,0.0097381,119.97,14.462,0.010764
71.565,0.0039382,58.777,128.64,0.045788
193.31,0.016598,-27.7,-11.89,0.066892
-4.0154,0.028991,61.973,104.85,0.049978
150.1,0.045554,37.109,162.58,0.044904
68.586,0.0040198,127.39,68.124,0.0074369
115.39,0.024655,2.3649,84.071,0.023996
161.33,0.06856,20.125,292.19,0.054469
16.122,0.063404,66.503,150.26,0.052119
57.066,0.051621,81.017,118.49,0.039807
10.836,0.045072,60.717,257.14,0.04915
105.22,0.0099044,52.909,174.54,0.032526
64.827,0.036606,80.471,273.67,0.05329
-7.6294,0.058141,-12.719,65.552,0.020177
86.943,0.059431,96.339,222.65,0.057825
94.159,0.027599,65.518,177.86,0.057284
86.522,0.0047751,77.624,114.35,0.042419
164.21,0.034452,57.31,138.37,0.068495
46.93,0.041034,-13.937,84.303,0.029255
73.834,0.046413,134.89,129.93,0.055293
82.888,0.075416,101.6,277.94,0.056526
108.86,0.065511,88.982,62.017,0.060487
114.74,0.053504,59.097,136.23,0.074345
124.72,-2.8996e-05,147.83,102.63,0.059241
177.19,0.037398,135.19,178.41,0.05953
71.483,0.056347,65.906,90.017,0.050686
86.326,0.037568,161.41,132.13,0.024227
129.01,0.053794,110.77,67.581,0.044588
133.22,0.017383,102.65,73.228,0.029519
52.876,0.06521,58.499,123.53,0.040732
15.918,0.026466,91.542,181,0.052331
46.096,0.033051,143.87,95.609,0.022994
160.76,0.071247,96.276,68.204,0.031807
131.52,0.048303,52.275,207.56,0.0097901
53.153,0.014573,20.171,151.84,0.058276
38.692,0.010684,125.61,196.95,0.053165
25.925,0.056416,49.782,190.93,0.032208
59.096,0.047118,120.98,148.98,0.020737
63.647,0.022401,120.39,33.766,0.018925
146.04,0.038294,75.385,35.639,0.033851
158.9,0.029737,126.1,57.132,0.026596
74.915,0.039623,85.455,89.451,-0.01011
62.971,0.030534,102.18,22.325,0.057092
104.37,0.028044,46.452,62.637,0.032783
108.12,0.016628,-27.676,320.45,0.020297
32.474,0.049222,98.871,129.86,0.053721
130.8,0.023261,117.32,62.239,0.036818
35.591,0.070307,146.22,111.83,0.013185
160.14,0.046987,50.453,111.51,0.032581
126.84,0.032229,141.26,201.78,0.045826
54.484,0.047844,56.034,83.041,0.029202
57.343,0.037342,96.344,216.12,0.067891
44.21,0.030792,18.263,191.33,0.047957
2.2301,0.056443,134.69,137.83,0.040257
160.72,0.037991,104.84,186.9,0.041478
156.72,0.023865,20.856,108.75,0.079201
59.683,0.052164,112.69,103.58,0.015895
79.925,0.063941,119.72,199.37,0.052514
185.48,0.0016844,65.604,110.42,0.089094
78.491,0.041657,31.818,309.79,0.023302
63.87,0.042529,107.25,149.84,0.053141
44.594,0.0054901,59.384,280.39,0.028565
63.707,0.024015,80.796,76.108,0.036783
126.13,0.033303,116.81,-29.451,0.033179
33.524,0.052831,18.956,136.36,0.021488
34.249,0.0421,67.181,115.94,0.018836
112.2,0.068589,155.46,212.52,0.056862
151.28,0.03805,169.52,77.555,0.05366
89.117,0.028919,67.381,179.84,0.041428
154.86,0.036039,107.34,133.17,0.034127
51.599,0.019237,-5.0824,255.59,0.020789
154.18,0.015854,108.88,167.1,0.0083495
108.2,0.022302,136.83,138.79,0.0095237
47.542,0.051444,73.435,112.47,0.070215
70.262,0.011815,120.88,47.201,0.026208
45.222,0.0055769,148.78,148.72,0.03841
75.041,0.036483,70.888,77.308,0.023259
124.8,0.035464,166.12,185.27,0.017832
131.24,0.0072642,95.5,101.3,0.053825
81.029,0.04454,106.72,62.107,0.018752
153.01,0.037124,33.021,160.24,0.069441
131.54,0.032676,75.946,61.76,0.017573
111.34,0.036473,166.04,73.844,-0.0063226
75.439,0.021424,71.347,18.883,0.020474
92.79,0.060315,93.726,5.1821,0.015069
81.673,0.04574,197.33,104.14,0.052486
62.533,0.026434,73.04,117.24,0.042146
84.615,0.040402,123.07,98.195,0.021697
90.649,0.039929,93.19,148.57,0.038046
168.53,0.035311,164.56,145.03,0.044347
155.96,0.028445,8.9713,85.568,0.034636
50.497,0.049968,87.081,225.77,0.054098
22.583,0.036579,72.04,109.67,0.047685
114.4,0.056968,58.513,169.04,0.050649
126.86,0.036419,123.54,82.214,0.036402
86.969,0.041998,33.001,172.25,0.056804
95.069,0.051876,167.24,85.46,0.016291
75.855,0.049349,21.78,171.59,0.03863
135.1,0.025511,9.8831,231.93,0.022076
-2.4139,0.043369,38.007,64.529,0.031535
21.404,0.02607,83.635,133.99,0.061408
157.01,0.060234,136.06,55.496,0.044383
92.471,0.067478,75.333,194.09,0.058541
94.212,0.037395,120.34,70.504,0.044563
57.408,0.016393,83.503,161.16,0.022927
101.75,0.048233,71.643,67.135,0.034555
29.296,0.069131,88.633,177.28,0.0058057
63.956,0.036402,63.42,189.26,0.0015007
61.586,0.016195,104.51,138.9,0.077586
99.746,0.015322,92.949,97.588,0.01703
77.723,0.0335,54.129,225.16,0.035574
61.55,0.030982,63.636,151.77,0.0063894
31.557,0.066498,110.89,186.59,0.046741
193.43,0.020028,102.42,114.16,0.041304
134.67,0.029022,152.51,130.49,0.045897
124.86,0.016053,119.82,32.003,0.03285
119.26,0.031818,23.967,74.414,0.009715
107.23,0.059373,0.94435,6.9709,0.072792
107.28,0.038634,92.583,100.97,-0.0020301
55.128,0.039852,97.68,88.239,0.019423
27.983,0.062945,89.254,124.03,0.052218
123.08,0.03891,77.787,167,0.032966
118.55,0.047423,40.552,170.98,0.053693
77.432,0.041791,109.1,108.37,0.054426
43.474,0.045848,60.293,146.51,0.026981
52.711,0.0091682,66.668,74.363,0.061543
110.19,0.067461,70.443,253.39,0.039991
81.803,0.034608,20.914,274.52,0.026163
120.29,0.04861,57.185,226.68,0.065398
150.6,0.053333,73.271,60.975,0.069027
47.679,0.017663,33.805,26.228,0.059961
101.22,0.030377,90.304,78.616,0.047727
120.24,0.046757,103.86,170.77,0.024365
75.359,0.021329,77.187,57.689,0.058763
112.51,0.068502,72.576,138.69,0.056319
171.22,-0.025668,69.219,103.86,0.04292
90.331,0.02421,189.1,187.1,0.043256
86.842,0.064208,84.423,184.59,0.055672
258.87,0.040329,70.394,244.05,0.037792
2.8158,0.058405,126.21,270.19,0.052069
42.045,0.066065,108.58,94.734,0.043771
61.489,0.039034,47.474,130.13,0.048487
139.54,0.043564,36.116,210.74,0.043646
62.854,0.05042,31.574,233.24,0.046791
103.85,0.059736,127.37,173.64,0.044997
149.57,0.030431,19.585,93.929,0.059641
121.68,0.031156,66.592,246.56,0.066164
86.283,0.02731,137.2,-64.929,0.054406
171.65,0.048701,-4.8123,163.38,0.022289
53.887,0.026003,25.009,120.99,0.029383
94.905,0.051546,-4.5328,36.715,0.019001
122.98,-0.0015485,193.22,120.69,0.049284
96.748,0.0082248,49.773,148.06,0.036076
83.281,0.035144,146.72,68.424,0.058346
133.69,0.043928,52.261,82.995,0.01899
91.895,0.051201,88.531,160.97,0.053722
81.722,0.03974,104.96,182.65,0.049323
140.14,0.022325,36.584,99.225,0.0067819
87.336,0.054268,165.62,104.27,0.079002
157.07,0.0057858,55.814,65.297,0.053793
92.312,0.066398,73.127,129.99,0.054846
134.68,0.047368,105.1,156.91,0.046692
122.47,0.045885,157.97,85.792,0.051865
81.381,0.037571,118.97,77.544,0.051316
88.755,0.022989,185.64,95.672,0.027725
108.3,0.042552,73.839,168.64,0.027994
76.288,0.052039,111.84,29.354,0.039622
32.416,0.023344,103.23,221.92,0.098277
84.411,0.006807,43.259,101.2,0.065194
29.363,0.043967,98.134,112.75,0.067454
51.767,0.054407,79.649,95.705,0.048475
63.976,0.064523,128.31,188.35,0.070904
84.04,0.028819,68.53,64.512,0.063266
68.836,0.027681,81.663,125.33,0.030872
58.937,0.030459,88.702,164.28,0.061278
120.67,0.039122,127.73,141.94,0.063266
41.506,0.034276,24.697,175.03,0.019415
125.59,0.014712,83.742,156.03,0.054087
136.3,0.032556,-2.1496,158.03,0.012221
77.801,0.054207,154.31,-21.483,0.03409
49.122,0.035981,76.241,128.93,0.025249
122.23,0.054086,60.486,36.388,0.043685
202.9,0.042662,83.03,147.2,0.062562
99.449,0.051545,126.87,73.177,0.057334
21.834,0.055913,123.27,159.79,0.059561
24.135,0.039794,107.26,121.92,0.030516
76.792,0.066082,17.965,156.1,0.024653
99.907,0.0012536,69.391,64.017,0.066219
-4.0374,0.030641,92.15,166.63,0.04871
30.761,0.018023,40.461,4.0668,0.039308
159.68,0.043493,59.434,212.87,0.049287
197.55,0.040584,107.4,150.69,0.00018515
131.19,0.033114,51.354,111.7,0.040301
82.055,0.036898,72.11,202.9,0.042351
78.538,0.041639,106.08,203.5,0.052196
74.995,0.041375,161.88,23.139,0.024567
110.22,0.050048,137.53,15.374,0.032074
57.827,0.067804,144.95,95.797,0.062306
98.639,0.034144,174.69,24.868,0.046008
130.13,0.030086,119.41,92.554,0.033748
95.846,0.075369,61.169,191.93,0.055481
97.421,0.047955,76.745,109.06,0.011809
23.224,0.03613,82.362,171.45,0.044168
140.17,0.05089,71.06,162.2,0.047043
151.87,0.037175,90.009,91.831,0.043297
131.21,0.034794,110.93,72.641,0.044526
103.89,0.064191,80.652,240.08,0.044729
121.44,0.0808,51.483,172.72,0.067554
176.23,0.007823,159.74,78.239,0.060311
-0.0072147,0.030362,70.497,135.07,0.063598
128.33,0.048493,122.48,177.27,0.056782
29.53,0.10094,92.596,145.33,0.027528
70.992,0.048186,45.946,90.994,0.079084
72.825,0.074013,57.558,110.31,0.0070607
86.096,0.066991,58.905,76.137,0.063755
19.164,0.043052,106.19,242.4,0.050621
41.741,0.0024234,48.017,170.94,0.026189
17.111,0.031957,63.221,188.86,0.047093
133.11,0.020056,-29.626,103.54,0.059417
-17.684,0.051274,142.02,83.302,0.025207
78.461,0.061711,87.124,258.98,0.049829
113.05,0.022768,120.5,168.07,0.033371
56.913,0.0173,115.05,230.9,0.022985
149.05,0.042345,78.535,138.19,0.04731
83.954,0.0020357,133.15,131.78,0.04414
65.803,0.05889,136.87,58.413,0.037425
76.94,0.038675,127.9,148.11,0.051916
160.05,0.032606,29.715,4.0271,0.055584
154.27,-0.011039,104.09,33.25,0.032707
27.419,0.038543,110.21,148.68,0.021915
116.61,0.04194,55.298,39.596,0.041868
135.46,0.0024853,119.13,211.56,0.026917
158.96,0.024914,88.296,84.155,0.02211
114.78,0.042283,70.438,103.35,0.040709
107.42,0.022866,63.153,106.02,0.018234
120.49,0.015747,149.15,84.039,0.07732
75.923,0.026963,19.625,56.24,0.065619
111.08,0.011703,111.86,263.15,0.045616
13.864,0.054172,122.3,285.19,0.04368
90.313,0.05374,82.564,17.692,0.040365
108.68,0.024622,65.829,180.79,0.066933
63.707,0.050724,103.18,192.38,0.048687
48.751,0.047839,110.58,90.652,0.034263
113.62,0.042034,103.4,119.22,0.041522
136.37,0.038317,35.863,121.47,0.062461
106.15,0.040649,123.99,214.7,0.069673
38.981,0.026237,17.164,126.04,0.047443
155.9,0.07189,86.977,112.76,0.042559
70.69,0.053636,77.1,132.81,0.045101
55.966,0.053263,52.369,283.83,0.073181
83.879,0.056102,-15.589,212.04,0.012943
151.14,0.048062,28.745,215.11,0.048705
89.043,0.033557,159.54,67.672,0.062765
213.81,0.028505,101.32,158.71,0.0072827
65.12,0.023522,140.19,145.77,0.055112
95.258,0.051226,134.57,155.91,0.060349
42.27,0.046746,164.47,65.91,-0.0018631
37.417,0.054782,32.093,150.49,0.028193
94.71,0.080126,127.8,132.45,0.026745
129.49,0.012386,39.855,61.794,0.0077683
-1.1509,0.025875,112.23,114.56,0.038289
53.817,0.011964,46.684,160.44,0.049587
72.005,0.040778,132.21,143.14,0.060565
170.37,0.0033206,7.1645,132.9,0.083112
77.747,0.044277,68.304,115.23,0.068165
74.618,0.054608,167.64,94.013,0.021124
97.063,0.017744,94.208,210.22,0.021001
31.709,0.033212,-5.2464,164,0.044181
100.62,0.0056302,106.25,180.64,0.036216
136.04,0.023915,33.186,164.4,0.052276
67.25,0.063365,155.12,39.621,0.030751
49.353,0.0072176,129.63,80.235,0.026055
75.017,0.033388,70.021,170.2,0.045082
138.78,0.03838,17.649,98.148,0.009901
-4.2977,0.056773,-18.346,76.357,0.040677
65.658,0.01703,137.12,171.41,0.058769
117.55,0.065833,82.689,77.591,0.064478
83.566,0.042973,174.2,122.74,0.034747
109.77,0.015605,103.89,181.17,0.055793
25.043,0.010746,26.675,263.15,0.05751
74.773,0.0018638,-20.896,106.61,0.050013
91.522,0.048334,86.51,123.18,0.03189
-29.418,0.056114,42.689,55.857,0.023543
174.44,0.042219,118.35,161.03,0.025625
87.314,0.06436,46.773,189.41,0.059
51.79,0.079831,116.18,185.99,0.07128
164.38,0.02053,87.049,179.21,0.064918
98.795,0.044508,52.094,194.53,0.055862
74.115,0.050289,98.262,352.35,0.027673
118.08,0.049703,55.796,144.05,0.039653
43.615,0.048958,92.849,113.41,0.044097
150.08,0.066174,48.046,174.89,0.020181
178.9,0.023988,111.82,111.58,0.049754
84.532,0.060408,110.62,182.11,0.062547
159.71,0.025659,6.2956,207.74,0.011664
96.208,0.0068261,108.54,121.79,0.037535
62.396,0.03052,101.1,28.194,0.048257
88.136,0.026908,26.723,199.67,0.028487
148.43,0.034194,-2.106,149.96,0.031966
173.54,0.019689,85.281,65.839,0.063696
166.77,-0.0042031,109.29,221.19,0.031904
13.874,0.035274,54.177,191.91,0.0345
148.81,0.013286,80.509,59.475,0.087672
129.92,0.034466,32.279,194.73,0.0080948
125.24,0.015535,108.25,226.07,0.02032
79.149,0.04077,90.623,231.23,0.011342
29.802,0.0005112,148.15,100.95,0.030704
104.76,0.025258,139.18,162.9,0.061636
100.43,0.0090768,89.993,171.89,0.033884
174.59,0.042691,132.62,166.6,0.037908
120.59,0.00501,122.85,93.074,0.052046
99.115,0.04986,74.535,224.27,0.0373
63.587,0.049166,108.79,105.13,0.064402
110.24,0.027069,42.807,176.55,0.051011
70.27,0.064867,59.642,52.704,0.040999
138.39,0.043428,119.73,242.54,0.025951
23.235,0.045301,74.235,234.73,0.039811
75.675,0.04707,130.5,158.31,0.022234
126.12,0.084545,106.59,210.24,0.03067
70.74,0.020873,-0.31725,150.9,0.019954
60.405,0.05149,39.132,94.623,0.046328
55.472,0.050545,33.359,222.45,0.047406
80.897,0.055691,59.723,184.67,0.037949
12.267,0.038481,83.087,191.41,0.035638
147.18,0.047531,73.925,274.66,0.062388
116.97,0.07611,-27.181,74.007,0.045135
126.29,0.031169,92.129,210.65,0.075145
67.178,0.037964,73.976,73.593,0.050305
49.386,0.048443,87.265,40.988,0.080342
82.901,0.031609,68.314,81.148,0.056376
137.36,0.018072,60.408,263.79,0.056961
102,0.01714,85.517,208.49,0.05141
106.61,0.030387,65.684,168.44,0.076117
112.29,0.015823,71.722,63.098,0.074287
54.295,0.026964,122.22,142.2,0.045592
37.123,0.039268,57.024,21.189,0.037206
55.239,-0.0081909,41.492,95.687,0.030081
75.419,-0.024328,148.61,139.14,0.067382
126.52,0.017699,189.05,161.24,0.070371
49.289,0.042302,10.451,129.52,0.02264
86.805,0.023319,122.32,150.55,-0.012718
220.81,-0.0063183,62.849,156,0.012714
46.745,0.044937,82.873,20.416,0.065065
128.1,0.034932,170.55,81.086,0.024269
84.816,0.018092,137.44,55.415,0.039072
81.629,0.068395,87.066,73.117,0.030203
125.85,0.01619,74.226,58.909,0.032367
85.524,0.015805,139.98,147.45,0.035068
72.683,0.032406,114.34,177.5,-0.0029553
102.42,0.050412,89.311,96.575,0.033601
92.421,0.035652,148.43,168.94,0.06107
91.011,0.0022949,52.842,131.08,0.040674
162.27,0.045552,171.53,229.78,0.039057
95.346,0.06351,173.75,153.9,-0.0046163
81.748,0.032801,105.05,127.01,0.043168
-41.984,0.021717,33.689,163.58,0.052555
151.86,0.060493,79.633,259.28,0.064607
87.77,-0.0007509,88.573,65.997,0.05841
107.25,0.070625,103.59,156.25,0.04327
106.21,0.05382,70.417,107.75,0.064932
146.77,0.032423,87.721,119.28,0.038254
127.46,0.058845,160.83,194.35,0.053809
115.66,0.02632,19.097,152.68,0.028909
114.29,0.04445,72.806,171.92,0.029926
136.17,0.057806,78.076,162.57,0.059857
103.51,0.047235,1.0673,163.09,0.03019
115.59,0.011734,94.746,193.39,0.058678
63.741,0.047395,23.719,191.5,0.025232
124.06,0.059298,111.84,97.727,0.033715
152.33,0.027255,81.664,90.701,0.051358
16.337,0.026036,22.797,55.32,0.0017914
76.727,0.026568,205.76,43.473,0.02968
10.222,0.023942,62.545,82.639,0.07126
12.887,0.019481,65.297,261.62,0.015441
24.098,0.036495,28.834,171.45,0.089377
129.86,0.036122,41.264,94.912,0.032074
44.689,0.049759,42.477,240.97,0.030353
118.83,0.015058,139.28,-2.1614,0.021051
134.76,0.054783,121.13,19.002,0.014444
37.522,0.029196,99.833,85.182,0.033914
67.679,0.022127,111.57,103.33,0.032344
134.87,0.03286,106.34,77.712,0.052015
124.65,0.031579,97.912,134.41,0.026297
90.463,0.050887,117.6,80.389,0.032342
58.868,0.027478,154.09,176.68,0.0097183
68.763,0.0061889,178.08,158.28,0.036241
91.201,0.029926,112.56,73.415,0.067719
122.36,0.025906,177.97,181.86,0.025384
108.3,0.049429,80.424,94.101,-0.005793
147.26,0.014601,114.13,50.849,0.028048
140.83,0.045056,37.554,73.269,-0.0081819
72.287,0.046897,39.822,136.01,0.013033
54.584,0.034463,78.491,72.034,0.061344
53.64,0.038116,72.424,175.82,0.016037
122.48,0.057419,16.354,175.06,0.053259
114.19,0.027001,53.536,102.59,0.057375
-27.911,0.040215,158.49,43.005,0.065977
82.374,0.031502,-4.5357,169.22,0.054049
76.39,0.035562,83.098,116.22,0.029023
83.856,0.035902,41.546,186.16,0.061166
55.074,0.053955,68.539,67.179,0.058641
97.187,0.065751,91.819,116.07,0.056232
91.009,0.021801,198.87,209.08,0.055939
78.211,0.034052,79.627,133.55,0.040463
157.98,0.026949,28.456,169.08,0.064611
66.494,0.034735,126.77,77.07,0.045045
114.43,0.066387,73.738,217.91,0.076013
117.85,0.028127,113.12,104.42,0.049632
-43.708,0.022895,89.945,158.65,0.0407
80.726,0.043443,99.269,77.883,0.063889
33.471,0.037614,80.084,128.89,0.025235
75.241,0.031147,50.753,54.416,0.047494
53.443,0.017345,63.177,149.08,0.045089
136.9,0.028222,136.86,225.31,0.031491
43.902,0.060565,36.971,97.731,0.069978
23.041,0.020183,49.836,267.68,0.060284
155.18,0.04539,65.339,-0.48514,0.061563
87.166,0.01452,128.33,186.13,0.01819
169.88,0.036231,149.83,135.49,0.052809
134.82,0.040714,78.178,42.053,0.053128
3.0482,0.050389,126.37,64.53,0.079445
128.82,0.049247,134.85,128.84,0.041342
151.71,0.0058384,76.944,62.33,0.02078
111.48,0.045418,123.09,159.46,0.016102
29.221,0.013574,152.55,81.258,0.029356
205.13,-0.0057515,62.204,116.02,0.033376
83.026,0.043553,60.219,124.32,0.039572
26.702,0.061439,100.03,92.604,0.046615
112.86,0.024123,104.31,252.09,0.029405
41.528,0.041491,141.35,-62.795,0.028651
103.02,0.030539,36.397,81.048,0.037179
67.179,0.032668,212.08,178.85,0.018723
106.74,0.0058999,76.491,121.24,0.018392
62.929,0.018723,70.455,222.88,0.071365
141.52,0.042818,22.606,66.201,0.046713
139.69,0.023893,36.773,194.05,0.07271
43.042,0.038434,50.324,291.07,0.044086
135.52,0.02166,103.03,170.47,0.052728
77.508,0.0542,85.685,202.82,0.053416
90.043,0.024376,58.386,176.47,0.037112
19.399,0.066281,77.226,162.78,0.084762
73.757,0.045728,144.25,236.13,0.042105
51.887,0.040874,144.1,206.49,0.032282
145.63,0.054107,73.322,229.51,0.032254
133.4,0.020373,41.505,152.92,0.032887
51.066,0.059693,57.729,135.36,0.026384
44.259,0.030289,132.06,122.73,0.065819
104.77,0.040785,101.73,110.79,0.042369
101.42,0.044752,89.21,238.11,0.09102
90.631,0.037753,84.91,120.34,0.040933
16.966,0.046386,82.58,112.56,0.074647
30.165,0.045333,90.839,174.56,0.028408
