150,0.0080419,148.39,65.835,0.0097571
152.07,0.007747,150.5,64.004,0.0094143
154.1,0.007465,152.58,62.196,0.0090854
156.11,0.0071953,154.62,60.411,0.0087698
158.08,0.0069363,156.64,58.643,0.0084657
160.9,0.0065772,159.52,56.097,0.0080422
163.7,0.0062322,162.37,53.54,0.0076334
166.47,0.0059026,165.2,50.983,0.0072411
169.16,0.0055955,167.94,48.484,0.0068743
171.47,0.0053449,170.28,46.346,0.0065743
173.55,0.0051313,172.4,44.44,0.0063184
175.32,0.0049613,174.2,42.852,0.006115
176.73,0.004838,175.63,41.646,0.005968
177.69,0.0047651,176.61,40.891,0.0058821
178.34,0.0047282,177.26,40.465,0.0058399
178.72,0.004721,177.64,40.319,0.0058339
178.88,0.0047355,177.8,40.38,0.0058542
178.91,0.0047649,177.82,40.581,0.0058927
178.87,0.0047989,177.78,40.83,0.0059367
178.82,0.0048299,177.72,41.058,0.0059766
178.82,0.0048525,177.71,41.217,0.006006
178.91,0.0048653,177.8,41.282,0.0060235
179.13,0.0048568,178.03,41.167,0.0060145
179.51,0.0048256,178.41,40.855,0.0059772
180.07,0.0047699,178.98,40.325,0.0059095
180.83,0.004688,179.75,39.553,0.0058094
181.79,0.004582,180.73,38.543,0.0056793
182.93,0.0044562,181.89,37.322,0.0055247
184.22,0.0043161,183.21,35.925,0.0053524
185.51,0.0041804,184.52,34.53,0.0051853
186.9,0.0040372,185.95,33.011,0.0050088
188.42,0.0038858,187.5,31.348,0.0048222
190.09,0.0037257,189.2,29.518,0.0046246
191.78,0.0035696,190.92,27.659,0.0044319
193.59,0.0034101,192.75,25.675,0.0042349
195.46,0.0032518,194.66,23.614,0.0040393
197.36,0.0030991,196.59,21.528,0.0038506
199.18,0.0029597,198.44,19.531,0.0036781
200.97,0.002829,200.25,17.574,0.0035166
202.73,0.0027062,202.04,15.649,0.0033645
204.48,0.0025893,203.81,13.735,0.0032198
206.21,0.0024779,205.57,11.831,0.003082
207.95,0.0023712,207.33,9.9248,0.0029498
209.65,0.0022713,209.05,8.0617,0.002826
211.24,0.0021819,210.66,6.3238,0.0027153
212.77,0.0020995,212.21,4.6545,0.0026131
213.92,0.0020407,213.37,3.4208,0.0025402
214.6,0.0020075,214.06,2.7044,0.0024992
214.82,0.0019987,214.28,2.5047,0.0024884
214.66,0.0020089,214.12,2.7166,0.0025013
214.26,0.0020316,213.72,3.1907,0.0025295
213.74,0.0020609,213.19,3.8016,0.0025661
213.19,0.0020919,212.63,4.4389,0.0026046
212.7,0.0021192,212.14,4.994,0.0026386
212.3,0.0021421,211.73,5.4552,0.0026671
212,0.0021595,211.42,5.8005,0.0026886
211.8,0.0021704,211.22,6.0173,0.0027022
211.73,0.0021745,211.15,6.0979,0.0027073
211.84,0.0021684,211.26,5.9776,0.0026997
212.13,0.0021516,211.56,5.6446,0.0026788
212.61,0.0021247,212.04,5.1035,0.0026454
213.41,0.0020808,212.85,4.2068,0.0025909
214.4,0.0020278,213.85,3.0984,0.0025251
215.55,0.0019679,215.02,1.808,0.0024507
216.88,0.001901,216.37,0.31996,0.0023676
218.08,0.001843,217.57,-1.0151,0.0022954
219.42,0.0017802,218.93,-2.5057,0.0022174
220.88,0.0017141,220.4,-4.1337,0.0021353
222.42,0.0016469,221.96,-5.8539,0.0020518
224,0.0015813,223.55,-7.6038,0.0019702
225.55,0.001519,225.12,-9.3338,0.0018928
227.07,0.0014606,226.66,-11.021,0.0018202
228.57,0.0014055,228.16,-12.675,0.0017517
230.32,0.0013434,229.93,-14.621,0.0016745
232.09,0.0012835,231.72,-16.583,0.0016
233.82,0.0012275,233.46,-18.505,0.0015303
235.39,0.0011791,235.04,-20.235,0.0014701
236.57,0.0011441,236.23,-21.535,0.0014265
237.25,0.0011246,236.92,-22.278,0.0014023
237.38,0.0011216,237.04,-22.395,0.0013987
236.99,0.0011337,236.65,-21.941,0.0014137
236.2,0.0011579,235.86,-21.039,0.0014438
235.22,0.0011881,234.87,-19.934,0.0014816
234.24,0.0012192,233.88,-18.827,0.0015203
233.37,0.0012473,233,-17.85,0.0015552
232.67,0.0012702,232.3,-17.067,0.0015838
232.17,0.0012868,231.79,-16.51,0.0016044
231.89,0.001296,231.51,-16.201,0.0016159
231.84,0.0012972,231.47,-16.161,0.0016173
232.06,0.0012896,231.68,-16.41,0.0016079
232.5,0.0012745,232.13,-16.914,0.0015891
233.14,0.0012534,232.77,-17.63,0.0015628
233.93,0.0012275,233.57,-18.526,0.0015305
234.79,0.0012003,234.44,-19.49,0.0014966
235.81,0.0011689,235.46,-20.628,0.0014575
237,0.0011333,236.66,-21.954,0.0014132
238.34,0.0010944,238.01,-23.451,0.0013648
239.82,0.0010531,239.5,-25.105,0.0013133
241.33,0.0010125,241.02,-26.791,0.0012629
242.81,0.00097428,242.52,-28.445,0.0012152
244.26,0.00093852,243.97,-30.051,0.0011707
245.84,0.00090075,245.56,-31.816,0.0011236
247.45,0.00086405,247.18,-33.602,0.0010779
249.04,0.00082919,248.78,-35.37,0.0010345
250.47,0.0007991,250.21,-36.958,0.00099701
251.38,0.0007806,251.13,-37.965,0.00097395
251.88,0.00077057,251.64,-38.522,0.00096147
251.93,0.00077002,251.68,-38.555,0.0009608
251.52,0.0007786,251.27,-38.083,0.00097152
250.74,0.00079477,250.49,-37.203,0.00099168
249.75,0.00081587,249.49,-36.082,0.001018
248.67,0.00083919,248.41,-34.874,0.0010471
247.63,0.00086239,247.36,-33.705,0.001076
246.72,0.00088302,246.45,-32.691,0.0011017
245.95,0.00090093,245.67,-31.829,0.001124
245.33,0.00091548,245.05,-31.141,0.0011421
244.88,0.00092613,244.6,-30.644,0.0011554
244.6,0.0009328,244.31,-30.335,0.0011637
244.54,0.00093406,244.25,-30.275,0.0011652
244.69,0.00093019,244.41,-30.452,0.0011604
245.03,0.00092195,244.74,-30.832,0.0011501
245.51,0.00091035,245.23,-31.374,0.0011357
246.12,0.00089578,245.84,-32.066,0.0011175
246.88,0.00087822,246.6,-32.915,0.0010956
247.79,0.00085747,247.52,-33.939,0.0010698
248.81,0.00083505,248.54,-35.076,0.0010418
249.94,0.00081062,249.69,-36.349,0.0010114
251.16,0.00078537,250.91,-37.707,0.00097992
252.39,0.0007605,252.15,-39.087,0.00094893
253.53,0.0007384,253.29,-40.352,0.00092138
254.63,0.0007175,254.4,-41.584,0.00089534
255.72,0.00069752,255.49,-42.796,0.00087043
256.81,0.00067805,256.59,-44.01,0.00084617
257.85,0.00065991,257.64,-45.174,0.00082356
258.88,0.00064255,258.67,-46.318,0.00080191
259.83,0.00062689,259.63,-47.377,0.00078239
260.62,0.00061419,260.42,-48.255,0.00076657
261.16,0.00060573,260.96,-48.851,0.00075603
261.36,0.00060271,261.16,-49.067,0.00075226
261.19,0.00060552,260.99,-48.869,0.00075578
260.67,0.00061391,260.47,-48.281,0.00076624
259.19,0.00063839,258.98,-46.608,0.00079678
257.39,0.00066923,257.17,-44.587,0.00083525
255.68,0.00069978,255.46,-42.674,0.00087333
254.29,0.00072567,254.05,-41.115,0.00090561
253.28,0.00074487,253.04,-39.994,0.00092954
252.72,0.00075558,252.48,-39.38,0.00094288
252.62,0.00075726,252.38,-39.283,0.00094496
252.93,0.00075109,252.69,-39.632,0.00093725
253.3,0.00074369,253.07,-40.056,0.00092802
253.8,0.00073397,253.57,-40.619,0.00091591
254.44,0.0007219,254.2,-41.329,0.00090086
255.21,0.00070735,254.99,-42.202,0.00088271
256.13,0.00069067,255.9,-43.224,0.00086192
257.16,0.00067227,256.94,-44.382,0.00083898
258.27,0.00065309,258.06,-45.622,0.00081507
259.4,0.00063414,259.19,-46.885,0.00079144
260.44,0.00061719,260.24,-48.047,0.00077031
261.45,0.00060115,261.25,-49.176,0.00075031
262.45,0.00058578,262.25,-50.287,0.00073114
263.44,0.00057075,263.26,-51.402,0.0007124
264.4,0.00055674,264.22,-52.467,0.00069494
265.33,0.00054336,265.15,-53.511,0.00067825
266.19,0.00053143,266.01,-54.463,0.00066337
266.88,0.00052203,266.7,-55.228,0.00065166
267.3,0.00051633,267.13,-55.7,0.00064455
267.4,0.0005152,267.22,-55.795,0.00064315
267.12,0.00051899,266.95,-55.483,0.00064788
266.51,0.00052746,266.34,-54.791,0.00065845
265.24,0.00054543,265.06,-53.357,0.00068087
263.72,0.00056765,263.53,-51.647,0.00070859
262.18,0.00059094,261.99,-49.924,0.00073764
260.79,0.00061283,260.59,-48.365,0.00076493
259.65,0.00063126,259.44,-47.094,0.00078791
258.76,0.00064595,258.55,-46.107,0.00080623
258.15,0.00065622,257.94,-45.429,0.00081903
257.82,0.00066166,257.61,-45.074,0.00082581
257.78,0.00066231,257.57,-45.031,0.00082661
257.96,0.00065909,257.75,-45.239,0.00082258
258.32,0.00065275,258.11,-45.652,0.00081467
258.86,0.00064362,258.65,-46.255,0.00080329
259.61,0.00063105,259.41,-47.1,0.00078761
260.59,0.00061514,260.39,-48.194,0.00076777
261.76,0.00059652,261.57,-49.511,0.00074455
263.06,0.00057668,262.87,-50.96,0.00071981
264.03,0.00056221,263.85,-52.049,0.00070177
264.98,0.00054845,264.8,-53.112,0.00068461
265.9,0.00053544,265.73,-54.141,0.00066838
266.81,0.00052293,266.64,-55.154,0.00065278
267.73,0.0005106,267.56,-56.178,0.0006374
268.66,0.00049843,268.49,-57.212,0.00062222
269.56,0.00048686,269.39,-58.219,0.00060779
270.36,0.00047677,270.2,-59.117,0.00059521
271.07,0.00046806,270.92,-59.908,0.00058435
271.3,0.00046545,271.14,-60.149,0.0005811
270.94,0.00046995,270.78,-59.738,0.00058672
270.04,0.00048129,269.87,-58.719,0.00060087
268.49,0.00050125,268.32,-56.979,0.00062577
266.74,0.00052476,266.56,-55.016,0.0006551
265.06,0.00054833,264.88,-53.134,0.0006845
263.61,0.00056948,263.42,-51.511,0.00071088
262.53,0.00058559,262.34,-50.315,0.00073097
261.74,0.00059769,261.55,-49.437,0.00074605
261.26,0.00060523,261.06,-48.898,0.00075545
261.06,0.00060814,260.87,-48.691,0.00075907
261.14,0.0006069,260.94,-48.778,0.00075752
261.42,0.00060239,261.22,-49.096,0.00075189
261.88,0.00059512,261.68,-49.615,0.00074283
262.52,0.00058508,262.33,-50.344,0.0007303
263.19,0.0005749,263,-51.096,0.0007176
264,0.00056293,263.81,-51.997,0.00070267
264.91,0.00054964,264.73,-53.021,0.0006861
265.89,0.00053579,265.71,-54.114,0.00066882
266.87,0.00052219,266.7,-55.216,0.00065186
267.83,0.00050927,267.66,-56.29,0.00063574
268.76,0.00049708,268.6,-57.329,0.00062054
269.68,0.00048536,269.51,-58.351,0.00060593
270.62,0.00047357,270.46,-59.406,0.00059121
271.57,0.00046199,271.42,-60.467,0.00057677
272.47,0.00045127,272.32,-61.473,0.0005634
273.23,0.00044254,273.08,-62.311,0.00055251
273.7,0.00043713,273.55,-62.839,0.00054576
273.78,0.00043638,273.63,-62.914,0.00054483
273.4,0.00044082,273.24,-62.481,0.00055038
272.59,0.00045026,272.44,-61.575,0.00056216
270.82,0.00047175,270.66,-59.579,0.00058898
268.79,0.00049745,268.63,-57.307,0.00062104
266.89,0.00052276,266.72,-55.181,0.00065262
265.32,0.0005446,265.14,-53.426,0.00067985
264.22,0.00056046,264.03,-52.195,0.00069963
263.5,0.00057087,263.32,-51.405,0.00071261
263.19,0.00057546,263,-51.06,0.00071833
263.22,0.00057479,263.03,-51.108,0.00071749
263.43,0.00057162,263.24,-51.344,0.00071353
263.77,0.00056649,263.58,-51.73,0.00070713
264.25,0.00055944,264.06,-52.266,0.00069833
264.87,0.00055035,264.69,-52.968,0.00068699
265.65,0.00053925,265.47,-53.84,0.00067314
266.56,0.00052656,266.38,-54.861,0.00065731
267.56,0.00051303,267.38,-55.976,0.00064044
268.58,0.00049952,268.41,-57.12,0.00062358
269.5,0.00048764,269.34,-58.151,0.00060877
270.4,0.00047641,270.23,-59.15,0.00059475
271.27,0.00046561,271.12,-60.132,0.00058129
272.16,0.00045502,272,-61.119,0.00056807
273,0.00044518,272.84,-62.055,0.00055581
273.81,0.00043582,273.66,-62.966,0.00054413
274.54,0.00042763,274.4,-63.78,0.00053391
275.1,0.00042151,274.95,-64.399,0.00052627
275.38,0.00041844,275.24,-64.713,0.00052244
275.33,0.00041904,275.19,-64.651,0.00052321
274.93,0.0004236,274.78,-64.19,0.00052889
274.19,0.00043191,274.04,-63.359,0.00053926
272.72,0.00044896,272.56,-61.701,0.00056055
271.01,0.00046954,270.85,-59.782,0.00058622
269.31,0.00049084,269.14,-57.882,0.00061279
267.79,0.00051073,267.62,-56.179,0.0006376
266.52,0.00052788,266.34,-54.763,0.000659
265.55,0.00054136,265.37,-53.681,0.00067581
264.9,0.00055053,264.71,-52.96,0.00068724
264.57,0.00055514,264.39,-52.601,0.00069299
264.53,0.00055556,264.35,-52.568,0.0006935
264.72,0.00055282,264.53,-52.779,0.00069008
265.08,0.00054748,264.9,-53.194,0.00068342
265.64,0.0005396,265.46,-53.815,0.00067358
266.24,0.00053114,266.06,-54.491,0.00066304
266.98,0.00052089,266.81,-55.326,0.00065025
267.85,0.00050923,267.68,-56.296,0.0006357
268.79,0.00049683,268.62,-57.351,0.00062024
269.75,0.00048453,269.59,-58.426,0.00060489
270.69,0.0004728,270.53,-59.476,0.00059026
271.6,0.00046176,271.44,-60.489,0.00057648
272.48,0.00045118,272.33,-61.482,0.00056329
273.41,0.0004404,273.26,-62.519,0.00054984
274.35,0.0004298,274.2,-63.563,0.00053661
275.23,0.00041999,275.09,-64.552,0.00052438
275.96,0.00041214,275.82,-65.361,0.00051459
276.38,0.0004077,276.24,-65.826,0.00050905
276.39,0.00040768,276.25,-65.829,0.00050903
275.94,0.00041258,275.8,-65.319,0.00051514
275.07,0.00042217,274.92,-64.336,0.00052712
273.59,0.00043891,273.44,-62.672,0.000548
271.9,0.00045872,271.74,-60.781,0.00057273
270.24,0.00047913,270.07,-58.917,0.00059819
268.74,0.00049821,268.57,-57.243,0.00062199
267.48,0.00051478,267.31,-55.84,0.00064266
266.51,0.000528,266.33,-54.753,0.00065914
265.84,0.00053725,265.66,-54.007,0.00067068
265.47,0.0005423,265.29,-53.605,0.00067697
265.39,0.00054334,265.21,-53.522,0.00067826
265.53,0.00054125,265.35,-53.686,0.00067566
265.86,0.00053661,265.68,-54.054,0.00066986
266.36,0.00052952,266.18,-54.623,0.00066102
266.94,0.00052154,266.77,-55.273,0.00065106
267.67,0.00051168,267.5,-56.09,0.00063877
268.53,0.0005003,268.36,-57.055,0.00062456
269.47,0.00048806,269.31,-58.115,0.0006093
270.44,0.00047584,270.28,-59.202,0.00059405
271.4,0.00046417,271.24,-60.265,0.0005795
272.31,0.00045321,272.16,-61.29,0.00056582
273.21,0.00044273,273.06,-62.293,0.00055274
274.14,0.00043216,273.99,-63.329,0.00053956
275.07,0.00042176,274.93,-64.372,0.00052659
275.95,0.00041219,275.81,-65.356,0.00051465
276.67,0.00040463,276.53,-66.15,0.00050521
277.06,0.00040058,276.92,-66.581,0.00050017
277.04,0.00040083,276.9,-66.556,0.00050048
276.57,0.00040583,276.43,-66.026,0.00050673
275.69,0.00041537,275.55,-65.032,0.00051863
274.15,0.00043256,274,-63.296,0.00054008
272.4,0.00045286,272.24,-61.333,0.00056541
270.68,0.00047361,270.52,-59.413,0.0005913
269.16,0.00049283,268.99,-57.709,0.00061528
267.89,0.00050931,267.72,-56.298,0.00063584
266.93,0.00052218,266.76,-55.228,0.00065188
266.3,0.00053081,266.12,-54.524,0.00066264
265.99,0.00053505,265.81,-54.182,0.00066793
265.96,0.0005353,265.78,-54.161,0.00066823
266.16,0.00053249,265.98,-54.386,0.00066472
266.54,0.00052711,266.36,-54.819,0.00065801
267.12,0.00051916,266.94,-55.47,0.00064809
267.73,0.00051093,267.56,-56.154,0.00063783
268.47,0.00050109,268.3,-56.987,0.00062555
269.32,0.00049005,269.16,-57.942,0.00061177
270.24,0.00047846,270.07,-58.967,0.00059732
271.16,0.00046707,271,-60,0.00058311
272.06,0.00045624,271.9,-61.005,0.0005696
272.93,0.00044602,272.77,-61.975,0.00055685
273.78,0.00043619,273.63,-62.931,0.00054459
274.66,0.00042629,274.52,-63.915,0.00053223
275.55,0.00041656,275.41,-64.904,0.0005201
276.38,0.00040759,276.24,-65.837,0.00050891
277.07,0.00040041,276.93,-66.599,0.00049995
277.47,0.00039626,277.33,-67.046,0.00049478
277.48,0.00039628,277.34,-67.045,0.0004948
277.04,0.00040095,276.9,-66.545,0.00050063
276.18,0.0004101,276.04,-65.579,0.00051206
274.57,0.00042781,274.42,-63.77,0.00053415
272.73,0.00044891,272.58,-61.707,0.00056049
270.94,0.00047044,270.78,-59.701,0.00058735
269.36,0.00049018,269.2,-57.939,0.00061198
268.08,0.00050685,267.91,-56.506,0.00063276
267.13,0.00051944,266.96,-55.454,0.00064847
266.55,0.00052734,266.37,-54.805,0.00065832
266.31,0.00053054,266.13,-54.544,0.00066231
266.34,0.00053006,266.16,-54.583,0.0006617
266.53,0.00052729,266.36,-54.806,0.00065824
266.88,0.00052253,266.7,-55.194,0.0006523
267.37,0.00051576,267.2,-55.752,0.00064386
268.04,0.00050676,267.87,-56.505,0.00063263
268.88,0.00049572,268.72,-57.449,0.00061885
269.86,0.00048323,269.69,-58.542,0.00060327
270.9,0.00047025,270.74,-59.708,0.00058708
271.76,0.00045979,271.61,-60.673,0.00057403
272.6,0.00044986,272.44,-61.608,0.00056165
273.41,0.00044044,273.26,-62.515,0.00054989
274.22,0.00043129,274.07,-63.415,0.00053848
275.03,0.00042218,274.89,-64.33,0.00052712
275.86,0.00041324,275.71,-65.247,0.00051596
276.63,0.00040496,276.49,-66.114,0.00050563
277.28,0.00039818,277.14,-66.838,0.00049717
277.72,0.00039369,277.58,-67.325,0.00049157
277.77,0.00039326,277.63,-67.373,0.00049103
277.37,0.00039743,277.23,-66.922,0.00049624
276.55,0.00040612,276.41,-65.997,0.00050709
275.01,0.00042289,274.87,-64.265,0.00052802
273.22,0.00044319,273.07,-62.257,0.00055336
271.45,0.00046423,271.29,-60.27,0.00057961
269.86,0.00048385,269.7,-58.497,0.00060408
268.52,0.00050111,268.35,-56.994,0.0006256
267.51,0.00051444,267.33,-55.868,0.00064223
266.85,0.00052316,266.68,-55.146,0.00065311
266.55,0.00052715,266.38,-54.819,0.00065808
266.56,0.000527,266.38,-54.83,0.00065789
266.79,0.0005238,266.61,-55.09,0.00065389
267.21,0.00051798,267.04,-55.568,0.00064663
267.84,0.00050947,267.67,-56.277,0.00063601
268.48,0.00050102,268.31,-56.994,0.00062547
269.24,0.00049109,269.08,-57.851,0.00061308
270.1,0.00048018,269.94,-58.814,0.00059946
271.01,0.00046892,270.85,-59.83,0.00058543
271.91,0.000458,271.76,-60.839,0.0005718
272.79,0.00044766,272.63,-61.818,0.0005589
273.64,0.00043786,273.49,-62.766,0.00054668
274.48,0.00042836,274.33,-63.707,0.00053483
275.32,0.00041908,275.17,-64.645,0.00052325
276.16,0.00041002,276.01,-65.582,0.00051194
276.94,0.00040177,276.8,-66.454,0.00050165
277.57,0.00039525,277.43,-67.154,0.00049352
277.93,0.00039155,277.79,-67.558,0.0004889
277.92,0.00039169,277.79,-67.544,0.00048908
277.5,0.0003961,277.36,-67.066,0.00049459
276.69,0.00040465,276.55,-66.152,0.00050526
274.88,0.0004244,274.73,-64.113,0.0005299
272.8,0.00044815,272.64,-61.781,0.00055954
270.83,0.00047185,270.67,-59.573,0.00058911
269.17,0.00049269,269,-57.72,0.00061511
268.02,0.00050758,267.85,-56.444,0.00063368
267.23,0.00051817,267.05,-55.558,0.00064688
266.79,0.00052405,266.61,-55.073,0.00065421
266.67,0.00052549,266.5,-54.954,0.00065601
266.77,0.00052406,266.6,-55.069,0.00065422
267.01,0.00052078,266.83,-55.338,0.00065013
267.37,0.00051579,267.2,-55.75,0.00064389
267.88,0.00050899,267.71,-56.318,0.00063541
268.54,0.00050023,268.37,-57.062,0.00062448
269.35,0.00048974,269.18,-57.969,0.00061139
270.27,0.00047809,270.11,-59,0.00059687
271.24,0.00046609,271.08,-60.09,0.00058189
272.17,0.00045487,272.02,-61.133,0.0005679
273.08,0.00044428,272.93,-62.143,0.00055469
273.96,0.00043422,273.81,-63.124,0.00054214
274.83,0.00042442,274.69,-64.103,0.00052991
275.65,0.00041542,275.51,-65.021,0.00051868
276.46,0.00040674,276.32,-65.926,0.00050785
277.2,0.00039902,277.06,-66.748,0.00049822
277.77,0.00039316,277.63,-67.382,0.00049091
278.06,0.00039019,277.93,-67.707,0.00048721
278.01,0.0003908,277.87,-67.641,0.00048797
277.58,0.00039532,277.44,-67.15,0.00049361
276.79,0.00040359,276.65,-66.265,0.00050394
275.31,0.00041963,275.16,-64.597,0.00052395
273.59,0.00043893,273.44,-62.671,0.00054804
271.88,0.00045904,271.72,-60.753,0.00057312
270.33,0.000478,270.17,-59.018,0.00059678
269.02,0.00049458,268.85,-57.557,0.00061746
268,0.00050792,267.83,-56.415,0.0006341
267.28,0.00051742,267.11,-55.62,0.00064594
266.88,0.00052278,266.7,-55.177,0.00065263
266.77,0.00052419,266.59,-55.06,0.00065438
266.88,0.00052255,266.71,-55.194,0.00065233
267.18,0.0005184,267.01,-55.534,0.00064716
267.66,0.00051188,267.49,-56.076,0.00063901
268.25,0.00050406,268.08,-56.735,0.00062926
269,0.00049427,268.83,-57.575,0.00061705
269.89,0.0004829,269.72,-58.572,0.00060286
270.86,0.00047072,270.7,-59.666,0.00058767
271.86,0.00045867,271.7,-60.777,0.00057264
272.82,0.00044725,272.67,-61.858,0.00055839
273.75,0.00043651,273.61,-62.899,0.00054499
274.67,0.00042617,274.53,-63.927,0.00053209
275.54,0.00041669,275.39,-64.891,0.00052026
276.4,0.00040746,276.26,-65.851,0.00050874
277.19,0.00039913,277.05,-66.736,0.00049835
277.81,0.00039273,277.68,-67.429,0.00049037
278.13,0.0003895,278,-67.783,0.00048634
278.08,0.00039005,277.95,-67.724,0.00048703
277.63,0.00039474,277.5,-67.214,0.00049288
276.81,0.0004034,276.67,-66.285,0.00050369
275.31,0.00041959,275.17,-64.601,0.0005239
273.59,0.00043893,273.44,-62.671,0.00054804
271.88,0.00045899,271.73,-60.757,0.00057307
270.34,0.00047785,270.18,-59.032,0.00059659
269.04,0.0004943,268.88,-57.581,0.00061711
268.03,0.00050749,267.86,-56.451,0.00063357
267.32,0.00051683,267.15,-55.669,0.00064521
266.93,0.00052205,266.76,-55.236,0.00065172
266.83,0.00052335,266.65,-55.129,0.00065334
266.95,0.00052162,266.78,-55.27,0.00065117
267.26,0.0005174,267.08,-55.617,0.0006459
267.75,0.00051078,267.57,-56.168,0.00063764
268.31,0.00050326,268.14,-56.803,0.00062827
269.02,0.00049393,268.86,-57.604,0.00061662
269.87,0.00048312,269.71,-58.552,0.00060314
270.8,0.00047152,270.64,-59.594,0.00058866
271.75,0.00045993,271.59,-60.66,0.00057421
272.68,0.00044888,272.53,-61.701,0.00056043
273.58,0.0004385,273.43,-62.704,0.00054747
274.46,0.00042856,274.31,-63.687,0.00053507
275.36,0.00041863,275.22,-64.692,0.00052268
276.26,0.00040887,276.12,-65.703,0.0005105
277.12,0.0003999,276.98,-66.654,0.00049931
277.8,0.00039284,277.66,-67.417,0.00049051
278.17,0.00038913,278.03,-67.824,0.00048588
278.14,0.00038953,278,-67.781,0.00048639
277.66,0.0003945,277.52,-67.239,0.00049259
276.77,0.00040383,276.63,-66.239,0.00050424
275.21,0.00042067,275.07,-64.491,0.00052525
273.45,0.00044058,273.3,-62.511,0.00055009
271.72,0.00046097,271.56,-60.573,0.00057554
270.18,0.00047992,270.01,-58.847,0.00059917
268.89,0.00049623,268.73,-57.414,0.00061952
267.91,0.00050902,267.74,-56.322,0.00063548
267.26,0.00051772,267.08,-55.595,0.00064632
266.92,0.00052214,266.75,-55.229,0.00065183
266.88,0.00052265,266.7,-55.186,0.00065247
267.06,0.00052017,266.88,-55.389,0.00064936
267.42,0.00051517,267.25,-55.802,0.00064312
267.98,0.00050764,267.81,-56.432,0.00063373
268.57,0.00049979,268.41,-57.1,0.00062393
269.3,0.00049033,269.14,-57.918,0.00061213
270.14,0.00047969,269.98,-58.858,0.00059885
271.05,0.00046849,270.89,-59.87,0.00058488
271.96,0.00045746,271.8,-60.89,0.00057112
272.85,0.00044698,272.69,-61.884,0.00055805
273.7,0.00043709,273.55,-62.843,0.00054571
274.55,0.00042757,274.4,-63.786,0.00053384
275.42,0.00041796,275.28,-64.76,0.00052185
276.3,0.00040852,276.16,-65.739,0.00051007
277.12,0.00039982,276.98,-66.662,0.00049921
277.8,0.00039288,277.66,-67.413,0.00049056
278.19,0.00038893,278.05,-67.846,0.00048564
278.18,0.00038909,278.04,-67.83,0.00048583
277.72,0.00039382,277.59,-67.313,0.00049174
276.85,0.00040297,276.71,-66.331,0.00050316
275.27,0.00042008,275.12,-64.551,0.00052452
273.46,0.00044045,273.31,-62.523,0.00054993
271.69,0.00046131,271.53,-60.541,0.00057596
270.12,0.0004806,269.96,-58.785,0.00060003
268.83,0.00049708,268.66,-57.34,0.00062058
267.85,0.00050981,267.68,-56.255,0.00063646
267.22,0.00051819,267.05,-55.555,0.00064691
266.92,0.00052211,266.75,-55.231,0.00065179
266.92,0.00052208,266.75,-55.233,0.00065174
267.14,0.000519,266.97,-55.485,0.0006479
267.56,0.00051331,267.39,-55.957,0.00064081
268.18,0.00050495,268.01,-56.66,0.00063037
268.82,0.00049663,268.65,-57.371,0.00061999
269.58,0.00048685,269.41,-58.223,0.00060779
270.43,0.00047608,270.27,-59.181,0.00059436
271.33,0.00046498,271.18,-60.192,0.00058051
272.23,0.00045421,272.08,-61.196,0.00056707
273.1,0.000444,272.95,-62.17,0.00055434
273.95,0.00043434,273.8,-63.113,0.00054228
274.78,0.00042496,274.64,-64.048,0.00053058
275.62,0.0004158,275.48,-64.982,0.00051916
276.45,0.00040686,276.31,-65.914,0.000508
277.23,0.00039872,277.09,-66.78,0.00049784
277.85,0.0003923,277.72,-67.475,0.00048984
278.21,0.00038868,278.08,-67.874,0.00048532
278.2,0.00038887,278.06,-67.854,0.00048556
277.77,0.0003933,277.64,-67.37,0.00049109
276.96,0.00040183,276.82,-66.452,0.00050174
275.13,0.00042159,274.99,-64.397,0.0005264
273.04,0.00044535,272.89,-62.05,0.00055604
271.06,0.00046903,270.9,-59.83,0.00058559
269.39,0.00048982,269.23,-57.971,0.00061152
268.24,0.0005047,268.07,-56.687,0.00063009
267.44,0.00051523,267.27,-55.802,0.00064321
267.01,0.00052098,266.84,-55.325,0.00065038
266.91,0.00052228,266.73,-55.217,0.00065199
267.01,0.00052077,266.84,-55.34,0.00065012
267.25,0.00051746,267.08,-55.612,0.00064598
267.62,0.00051246,267.45,-56.028,0.00063974
268.13,0.00050568,267.96,-56.598,0.00063128
268.79,0.00049696,268.62,-57.343,0.0006204
269.6,0.00048656,269.43,-58.249,0.00060743
270.51,0.00047505,270.35,-59.274,0.00059307
271.48,0.00046321,271.32,-60.355,0.0005783
272.4,0.00045218,272.25,-61.388,0.00056453
273.3,0.00044175,273.15,-62.388,0.00055153
274.17,0.00043184,274.02,-63.36,0.00053917
275.04,0.00042218,274.89,-64.33,0.00052712
275.85,0.00041328,275.71,-65.243,0.00051601
276.66,0.00040469,276.52,-66.143,0.0005053
277.39,0.00039706,277.25,-66.959,0.00049578
277.95,0.00039128,277.82,-67.588,0.00048856
278.25,0.00038836,278.11,-67.909,0.00048492
278.19,0.000389,278.05,-67.84,0.00048572
277.75,0.00039352,277.62,-67.346,0.00049136
276.97,0.00040176,276.83,-66.459,0.00050166
275.48,0.00041777,275.33,-64.787,0.00052163
273.76,0.00043703,273.61,-62.857,0.00054567
272.04,0.00045709,271.89,-60.935,0.00057069
270.49,0.00047601,270.33,-59.196,0.00059431
269.18,0.00049256,269.01,-57.732,0.00061494
268.15,0.00050588,267.98,-56.588,0.00063156
267.43,0.00051536,267.26,-55.791,0.00064338
267.03,0.00052072,266.85,-55.346,0.00065006
266.92,0.00052215,266.74,-55.228,0.00065183
267.03,0.00052053,266.86,-55.36,0.00064981
267.33,0.00051641,267.16,-55.699,0.00064468
267.81,0.00050992,267.64,-56.24,0.00063657
268.41,0.00050194,268.24,-56.916,0.00062661
269.18,0.00049191,269.02,-57.781,0.0006141
270.1,0.00048026,269.93,-58.807,0.00059957
271.1,0.00046784,270.94,-59.929,0.00058407
271.99,0.00045711,271.83,-60.923,0.00057069
272.85,0.00044689,272.7,-61.892,0.00055794
273.69,0.00043725,273.54,-62.827,0.00054591
274.51,0.00042797,274.37,-63.746,0.00053434
275.35,0.00041877,275.2,-64.677,0.00052286
276.19,0.00040968,276.05,-65.618,0.00051152
277,0.00040114,276.86,-66.521,0.00050086
277.69,0.00039399,277.55,-67.292,0.00049194
278.18,0.00038896,278.05,-67.843,0.00048567
278.24,0.00038846,278.1,-67.899,0.00048505
277.78,0.00039318,277.65,-67.382,0.00049095
276.85,0.00040298,276.71,-66.33,0.00050317
275.17,0.0004212,275.02,-64.437,0.00052591
273.26,0.00044277,273.11,-62.299,0.00055282
271.42,0.00046454,271.27,-60.242,0.00057999
269.83,0.00048426,269.67,-58.461,0.00060459
268.46,0.0005018,268.29,-56.935,0.00062646
267.52,0.00051417,267.35,-55.89,0.0006419
267.03,0.00052076,266.85,-55.343,0.00065011
266.93,0.00052194,266.76,-55.244,0.00065157
267.06,0.00052016,266.88,-55.39,0.00064935
267.32,0.00051658,267.14,-55.685,0.00064489
267.71,0.0005113,267.54,-56.125,0.00063829
268.24,0.00050421,268.07,-56.723,0.00062944
268.93,0.00049516,268.76,-57.498,0.00061816
269.76,0.00048451,269.6,-58.429,0.00060487
270.69,0.00047287,270.53,-59.471,0.00059035
271.66,0.00046103,271.5,-60.557,0.00057558
272.56,0.00045032,272.41,-61.565,0.00056221
273.43,0.00044019,273.28,-62.539,0.00054958
274.28,0.00043053,274.14,-63.491,0.00053752
275.14,0.00042106,274.99,-64.443,0.00052572
275.94,0.0004123,275.8,-65.345,0.00051478
276.74,0.00040388,276.6,-66.229,0.00050428
277.45,0.00039646,277.31,-67.024,0.00049502
277.99,0.0003909,277.85,-67.629,0.00048809
278.26,0.00038817,278.13,-67.93,0.00048469
278.19,0.00038894,278.06,-67.846,0.00048565
277.76,0.00039349,277.62,-67.349,0.00049133
276.97,0.00040168,276.83,-66.468,0.00050155
275.49,0.0004177,275.34,-64.794,0.00052155
273.76,0.00043697,273.61,-62.863,0.0005456
272.05,0.00045704,271.89,-60.94,0.00057063
270.49,0.00047595,270.33,-59.202,0.00059423
269.18,0.00049249,269.02,-57.738,0.00061485
268.16,0.00050579,267.99,-56.595,0.00063144
267.44,0.00051525,267.27,-55.8,0.00064324
267.04,0.00052059,266.86,-55.357,0.00064989
266.93,0.00052199,266.75,-55.241,0.00065164
267.04,0.00052035,266.87,-55.374,0.00064959
267.34,0.00051623,267.17,-55.715,0.00064444
267.83,0.00050972,267.65,-56.258,0.00063632
268.46,0.00050132,268.29,-56.969,0.00062584
269.27,0.00049071,269.11,-57.885,0.0006126
270.24,0.00047842,270.08,-58.971,0.00059727
271.3,0.00046543,271.14,-60.151,0.00058106
272.16,0.00045502,272.01,-61.119,0.00056809
273,0.00044514,272.85,-62.06,0.00055576
273.82,0.00043579,273.67,-62.97,0.00054409
274.62,0.00042675,274.48,-63.869,0.00053281
275.44,0.00041776,275.29,-64.781,0.0005216
276.26,0.0004089,276.12,-65.7,0.00051054
277.05,0.00040061,276.91,-66.578,0.0005002
277.72,0.0003937,277.58,-67.323,0.00049158
278.19,0.00038887,278.06,-67.853,0.00048555
278.25,0.00038833,278.12,-67.914,0.00048488
277.83,0.00039272,277.69,-67.433,0.00049037
276.95,0.00040194,276.81,-66.44,0.00050188
275.38,0.00041886,275.23,-64.675,0.000523
273.57,0.00043915,273.42,-62.65,0.00054831
271.8,0.00046002,271.64,-60.661,0.00057435
270.22,0.00047939,270.06,-58.893,0.00059852
268.81,0.00049728,268.64,-57.323,0.00062083
267.79,0.00051069,267.61,-56.182,0.00063755
267.17,0.0005189,266.99,-55.497,0.00064779
266.93,0.00052194,266.76,-55.245,0.00065157
266.98,0.00052125,266.81,-55.3,0.00065072
267.18,0.00051852,267,-55.524,0.00064731
267.51,0.00051398,267.34,-55.901,0.00064164
267.99,0.00050759,267.81,-56.437,0.00063366
268.62,0.00049914,268.46,-57.155,0.00062313
269.42,0.0004888,269.26,-58.052,0.00061023
270.35,0.0004771,270.19,-59.09,0.00059562
271.34,0.00046487,271.18,-60.202,0.00058037
272.21,0.00045446,272.05,-61.172,0.00056738
273.05,0.00044458,272.9,-62.114,0.00055506
273.87,0.00043522,273.72,-63.026,0.00054338
274.68,0.00042617,274.53,-63.927,0.00053209
275.49,0.00041715,275.35,-64.843,0.00052084
276.32,0.00040828,276.18,-65.764,0.00050978
277.1,0.00040004,276.96,-66.639,0.00049949
277.76,0.00039325,277.62,-67.372,0.00049102
278.21,0.00038873,278.07,-67.868,0.00048538
278.25,0.00038834,278.12,-67.913,0.00048489
277.84,0.00039266,277.7,-67.439,0.0004903
276.98,0.0004016,276.84,-66.476,0.00050145
275.4,0.00041862,275.26,-64.7,0.00052269
273.58,0.0004391,273.43,-62.655,0.00054825
271.78,0.00046019,271.63,-60.645,0.00057456
270.19,0.00047973,270.03,-58.863,0.00059894
268.79,0.00049758,268.62,-57.297,0.0006212
267.77,0.00051091,267.6,-56.163,0.00063783
267.16,0.00051901,266.98,-55.487,0.00064793
266.94,0.00052192,266.76,-55.246,0.00065155
266.99,0.00052117,266.81,-55.307,0.00065061
267.18,0.00051841,267.01,-55.534,0.00064717
267.52,0.00051387,267.35,-55.91,0.0006415
267.99,0.00050749,267.82,-56.445,0.00063354
268.63,0.00049909,268.46,-57.159,0.00062306
269.42,0.00048882,269.26,-58.05,0.00061025
270.34,0.00047721,270.18,-59.08,0.00059576
271.33,0.00046506,271.17,-60.184,0.00058061
272.29,0.0004535,272.14,-61.263,0.00056619
273.22,0.00044259,273.07,-62.306,0.00055258
274.13,0.00043227,273.98,-63.318,0.0005397
275.03,0.00042224,274.88,-64.324,0.00052719
275.86,0.00041323,275.71,-65.248,0.00051594
276.67,0.00040453,276.53,-66.16,0.00050509
277.41,0.00039681,277.28,-66.986,0.00049546
277.98,0.00039098,277.85,-67.62,0.00048819
278.27,0.00038812,278.13,-67.936,0.00048462
278.2,0.00038883,278.07,-67.858,0.00048551
277.76,0.00039343,277.62,-67.356,0.00049125
276.97,0.00040176,276.83,-66.46,0.00050165
275.48,0.00041779,275.33,-64.785,0.00052166
273.76,0.00043703,273.61,-62.857,0.00054567
272.05,0.00045705,271.89,-60.939,0.00057064
270.5,0.00047591,270.34,-59.206,0.00059418
269.19,0.0004924,269.02,-57.746,0.00061475
268.17,0.00050568,268,-56.605,0.0006313
267.45,0.00051513,267.28,-55.81,0.00064309
267.05,0.00052048,266.87,-55.366,0.00064976
266.94,0.0005219,266.76,-55.248,0.00065153
267.05,0.00052029,266.87,-55.379,0.00064951
267.35,0.00051618,267.17,-55.718,0.00064439
267.83,0.0005097,267.66,-56.259,0.0006363
268.43,0.00050174,268.26,-56.933,0.00062637
269.19,0.00049174,269.03,-57.795,0.00061389
270.11,0.00048013,269.94,-58.818,0.00059941
271.11,0.00046774,270.95,-59.938,0.00058395
272,0.00045699,271.84,-60.934,0.00057054
272.86,0.00044676,272.71,-61.904,0.00055778
273.7,0.00043711,273.55,-62.841,0.00054573
274.53,0.00042782,274.38,-63.761,0.00053415
275.36,0.00041861,275.22,-64.693,0.00052266
276.2,0.00040951,276.06,-65.636,0.00051131
277.01,0.00040096,276.87,-66.54,0.00050064
277.71,0.00039381,277.57,-67.311,0.00049172
278.2,0.00038881,278.06,-67.859,0.00048548
278.25,0.00038833,278.12,-67.913,0.00048488
277.8,0.00039306,277.66,-67.396,0.00049079
276.86,0.00040284,276.72,-66.344,0.000503
275.17,0.00042113,275.03,-64.444,0.00052583
273.26,0.00044278,273.11,-62.298,0.00055284
271.42,0.00046461,271.26,-60.236,0.00058007
269.82,0.00048435,269.66,-58.452,0.0006047
268.67,0.00049906,268.51,-57.17,0.00062305
267.81,0.00051039,267.64,-56.207,0.00063718
267.24,0.00051789,267.07,-55.581,0.00064653
266.97,0.00052149,266.8,-55.282,0.00065102
266.96,0.0005216,266.78,-55.272,0.00065115
267.15,0.00051893,266.97,-55.491,0.00064782
267.52,0.00051389,267.34,-55.908,0.00064153
268.07,0.00050646,267.9,-56.532,0.00063225
268.67,0.00049854,268.5,-57.207,0.00062238
269.4,0.00048904,269.24,-58.031,0.00061052
270.25,0.00047838,270.08,-58.975,0.00059722
271.15,0.0004672,270.99,-59.988,0.00058327
272.06,0.00045622,271.91,-61.007,0.00056957
272.95,0.00044579,272.8,-61.998,0.00055656
273.8,0.00043594,273.66,-62.955,0.00054428
274.65,0.00042646,274.5,-63.898,0.00053245
275.51,0.00041697,275.37,-64.862,0.00052061
276.38,0.00040765,276.24,-65.83,0.00050899
277.19,0.00039909,277.05,-66.74,0.0004983
277.86,0.00039227,277.72,-67.479,0.0004898
278.24,0.0003884,278.11,-67.905,0.00048497
278.23,0.00038855,278.1,-67.889,0.00048516
277.78,0.00039321,277.65,-67.38,0.00049097
276.92,0.00040221,276.78,-66.412,0.00050221
275.28,0.00041994,275.14,-64.565,0.00052434
273.41,0.0004411,273.25,-62.46,0.00055074
271.58,0.00046264,271.42,-60.417,0.00057762
269.98,0.00048234,269.82,-58.631,0.0006022
268.69,0.0004989,268.52,-57.184,0.00062285
267.74,0.0005113,267.57,-56.131,0.00063831
267.16,0.00051894,266.99,-55.494,0.00064784
266.94,0.00052187,266.77,-55.251,0.00065148
266.98,0.00052127,266.8,-55.299,0.00065074
267.17,0.0005186,267,-55.518,0.00064741
267.5,0.0005141,267.33,-55.891,0.00064179
267.97,0.00050774,267.8,-56.424,0.00063385
268.61,0.00049932,268.44,-57.14,0.00062335
269.41,0.00048898,269.24,-58.036,0.00061045
270.34,0.00047726,270.18,-59.076,0.00059582
271.33,0.00046498,271.18,-60.192,0.00058051
272.2,0.00045456,272.05,-61.163,0.00056751
273.04,0.00044467,272.89,-62.105,0.00055517
273.86,0.0004353,273.71,-63.018,0.00054348
274.67,0.00042624,274.52,-63.92,0.00053218
275.49,0.00041722,275.34,-64.836,0.00052093
276.31,0.00040834,276.17,-65.758,0.00050985
277.1,0.00040008,276.96,-66.634,0.00049955
277.76,0.00039328,277.62,-67.369,0.00049105
278.21,0.00038871,278.07,-67.87,0.00048536
278.25,0.00038831,278.12,-67.916,0.00048486
277.84,0.00039265,277.7,-67.441,0.00049028
276.98,0.00040163,276.84,-66.474,0.00050149
275.4,0.00041866,275.25,-64.696,0.00052275
273.58,0.00043914,273.42,-62.651,0.0005483
271.78,0.00046022,271.63,-60.642,0.0005746
270.19,0.00047975,270.03,-58.862,0.00059896
268.78,0.00049765,268.61,-57.291,0.0006213
267.76,0.000511,267.59,-56.156,0.00063794
267.15,0.00051906,266.98,-55.483,0.00064799
266.94,0.0005219,266.76,-55.248,0.00065153
266.99,0.0005211,266.82,-55.313,0.00065053
267.19,0.00051832,267.02,-55.542,0.00064705
267.53,0.00051376,267.35,-55.919,0.00064137
268,0.00050739,267.83,-56.453,0.00063342
268.63,0.00049901,268.47,-57.166,0.00062296
269.43,0.00048878,269.26,-58.054,0.0006102
270.34,0.00047721,270.18,-59.08,0.00059576
271.32,0.00046511,271.16,-60.18,0.00058067
272.29,0.00045356,272.13,-61.258,0.00056626
273.22,0.00044264,273.07,-62.301,0.00055264
274.12,0.00043232,273.98,-63.313,0.00053976
275.03,0.00042229,274.88,-64.318,0.00052725
275.85,0.00041327,275.71,-65.244,0.000516
276.67,0.00040457,276.53,-66.156,0.00050514
277.41,0.00039683,277.27,-66.984,0.00049548
277.98,0.00039098,277.85,-67.62,0.00048819
278.27,0.00038811,278.13,-67.937,0.00048461
278.21,0.00038881,278.07,-67.861,0.00048548
277.76,0.0003934,277.63,-67.359,0.00049122
276.97,0.00040173,276.83,-66.462,0.00050162
275.48,0.00041777,275.34,-64.787,0.00052163
273.76,0.00043701,273.61,-62.859,0.00054564
272.05,0.00045702,271.89,-60.941,0.00057061
270.5,0.00047589,270.34,-59.208,0.00059415
269.19,0.00049238,269.03,-57.747,0.00061472
268.17,0.00050566,268,-56.607,0.00063128
267.45,0.00051511,267.28,-55.812,0.00064306
267.05,0.00052046,266.87,-55.368,0.00064973
266.94,0.00052188,266.76,-55.249,0.00065151
267.05,0.00052027,266.88,-55.381,0.00064949
267.35,0.00051616,267.18,-55.72,0.00064436
267.83,0.00050968,267.66,-56.261,0.00063627
268.43,0.00050172,268.26,-56.934,0.00062634
269.2,0.00049172,269.03,-57.797,0.00061386
270.11,0.0004801,269.95,-58.821,0.00059937
271.11,0.00046771,270.95,-59.941,0.00058391
272,0.00045697,271.84,-60.937,0.00057051
272.87,0.00044674,272.71,-61.906,0.00055775
273.7,0.00043709,273.55,-62.843,0.00054571
274.53,0.00042781,274.38,-63.763,0.00053413
275.36,0.0004186,275.22,-64.695,0.00052265
276.21,0.0004095,276.06,-65.637,0.00051129
277.01,0.00040095,276.88,-66.541,0.00050063
277.71,0.00039381,277.57,-67.312,0.00049171
278.2,0.0003888,278.06,-67.861,0.00048547
278.25,0.00038832,278.12,-67.915,0.00048487
277.8,0.00039305,277.66,-67.398,0.00049077
276.87,0.00040283,276.73,-66.345,0.00050299
275.18,0.00042111,275.03,-64.446,0.0005258
273.26,0.00044274,273.11,-62.301,0.00055279
271.42,0.00046456,271.26,-60.24,0.00058002
269.83,0.0004843,269.66,-58.457,0.00060464
268.67,0.00049914,268.5,-57.163,0.00062315
267.8,0.00051054,267.63,-56.195,0.00063736
267.23,0.00051802,267.06,-55.57,0.00064669
266.97,0.00052154,266.79,-55.278,0.00065108
266.96,0.00052153,266.79,-55.278,0.00065106
267.16,0.00051871,266.99,-55.51,0.00064754
267.55,0.00051348,267.37,-55.942,0.00064102
268.12,0.00050581,267.95,-56.587,0.00063144
268.73,0.00049776,268.56,-57.274,0.0006214
269.47,0.00048816,269.31,-58.108,0.00060943
270.32,0.00047746,270.16,-59.057,0.00059608
271.22,0.0004663,271.07,-60.07,0.00058216
272.13,0.00045539,271.98,-61.085,0.00056854
273.01,0.00044503,272.86,-62.071,0.00055562
273.87,0.00043525,273.72,-63.023,0.00054342
274.71,0.0004258,274.56,-63.964,0.00053163
275.56,0.00041644,275.42,-64.916,0.00051995
276.42,0.00040727,276.27,-65.871,0.00050851
277.22,0.00039886,277.08,-66.765,0.00049801
277.87,0.00039218,277.73,-67.489,0.00048968
278.24,0.00038838,278.11,-67.907,0.00048494
278.23,0.00038853,278.1,-67.891,0.00048513
277.79,0.00039309,277.66,-67.393,0.00049083
276.95,0.00040191,276.81,-66.444,0.00050184
275.08,0.00042218,274.93,-64.337,0.00052714
272.95,0.0004464,272.8,-61.949,0.00055735
270.95,0.00047033,270.79,-59.711,0.00058722
269.29,0.00049112,269.12,-57.857,0.00061315
268.11,0.00050644,267.94,-56.54,0.00063226
267.34,0.00051667,267.16,-55.682,0.00064501
266.97,0.00052147,266.8,-55.284,0.00065099
266.97,0.00052141,266.79,-55.287,0.00065092
267.14,0.00051901,266.97,-55.484,0.00064792
267.44,0.00051486,267.27,-55.827,0.00064274
267.88,0.00050897,267.71,-56.32,0.00063539
268.46,0.00050123,268.3,-56.976,0.00062574
269.2,0.00049168,269.03,-57.8,0.00061382
270.06,0.00048074,269.9,-58.764,0.00060016
271,0.00046909,270.84,-59.815,0.00058563
271.96,0.00045747,271.8,-60.89,0.00057113
272.83,0.00044721,272.67,-61.862,0.00055833
273.67,0.00043749,273.52,-62.804,0.00054621
274.5,0.00042812,274.35,-63.731,0.00053453
275.33,0.0004189,275.19,-64.664,0.00052302
276.13,0.00041034,275.99,-65.549,0.00051234
276.89,0.00040222,276.75,-66.405,0.00050221
277.57,0.00039522,277.43,-67.158,0.00049348
278.06,0.00039018,277.93,-67.708,0.00048719
278.28,0.00038799,278.15,-67.95,0.00048446
278.17,0.00038918,278.04,-67.82,0.00048595
277.71,0.00039397,277.57,-67.297,0.00049193
276.93,0.00040219,276.79,-66.414,0.00050219
275.12,0.00042169,274.98,-64.387,0.00052652
273.07,0.00044493,272.92,-62.09,0.00055552
271.13,0.0004681,270.97,-59.915,0.00058443
269.49,0.00048856,269.33,-58.082,0.00060995
268.3,0.0005039,268.13,-56.756,0.00062909
267.48,0.00051473,267.31,-55.843,0.0006426
267.04,0.00052062,266.86,-55.354,0.00064994
266.94,0.0005219,266.76,-55.248,0.00065152
267.04,0.00052035,266.87,-55.375,0.00064959
267.29,0.00051701,267.11,-55.65,0.00064541
267.66,0.00051198,267.49,-56.068,0.00063914
268.17,0.00050518,268,-56.64,0.00063066
268.83,0.00049645,268.66,-57.386,0.00061977
269.64,0.00048606,269.47,-58.292,0.00060681
270.55,0.00047458,270.39,-59.316,0.00059248
271.51,0.00046278,271.36,-60.395,0.00057777
272.44,0.00045179,272.28,-61.425,0.00056405
273.33,0.0004414,273.18,-62.421,0.0005511
274.2,0.00043153,274.05,-63.391,0.00053878
275.06,0.0004219,274.92,-64.358,0.00052677
275.88,0.00041301,275.73,-65.27,0.00051568
276.68,0.00040445,276.54,-66.169,0.00050499
277.41,0.00039683,277.27,-66.983,0.00049549
277.98,0.00039106,277.84,-67.611,0.00048829
278.27,0.00038815,278.13,-67.932,0.00048466
278.21,0.00038879,278.07,-67.863,0.00048546
277.77,0.00039331,277.64,-67.369,0.0004911
276.99,0.00040155,276.85,-66.482,0.00050139
275.5,0.00041755,275.36,-64.81,0.00052136
273.78,0.0004368,273.63,-62.879,0.00054539
272.06,0.00045686,271.91,-60.956,0.00057041
270.51,0.00047578,270.35,-59.217,0.00059402
269.2,0.00049233,269.03,-57.752,0.00061465
268.17,0.00050565,268,-56.608,0.00063126
267.45,0.00051512,267.28,-55.81,0.00064308
267.05,0.00052049,266.87,-55.365,0.00064977
266.94,0.00052191,266.76,-55.247,0.00065154
267.05,0.00052029,266.87,-55.379,0.00064952
267.35,0.00051618,267.17,-55.718,0.00064439
267.83,0.0005097,267.66,-56.259,0.00063629
268.43,0.00050168,268.26,-56.938,0.0006263
269.2,0.00049161,269.04,-57.807,0.00061372
270.12,0.00047991,269.96,-58.838,0.00059913
271.13,0.00046745,270.97,-59.965,0.00058358
272.02,0.00045677,271.86,-60.955,0.00057026
272.88,0.0004466,272.73,-61.92,0.00055758
273.71,0.000437,273.56,-62.851,0.00054561
274.53,0.00042777,274.38,-63.766,0.00053409
275.36,0.00041861,275.22,-64.693,0.00052266
276.2,0.00040956,276.06,-65.631,0.00051137
277.01,0.00040105,276.87,-66.531,0.00050075
277.7,0.00039391,277.56,-67.3,0.00049185
278.2,0.00038884,278.06,-67.855,0.00048553
278.25,0.00038832,278.12,-67.915,0.00048487
277.8,0.00039303,277.66,-67.4,0.00049075
276.87,0.00040283,276.73,-66.346,0.00050298
275.19,0.00042091,275.05,-64.467,0.00052555
273.3,0.00044231,273.15,-62.343,0.00055226
271.47,0.00046396,271.31,-60.296,0.00057926
269.88,0.00048361,269.72,-58.518,0.00060378
268.47,0.00050171,268.3,-56.943,0.00062635
267.51,0.00051433,267.34,-55.877,0.0006421
267.02,0.00052084,266.85,-55.337,0.0006502
266.95,0.00052166,266.78,-55.267,0.00065123
267.1,0.00051961,266.92,-55.435,0.00064867
267.38,0.00051574,267.21,-55.754,0.00064384
267.8,0.00051011,267.62,-56.224,0.00063681
268.36,0.00050261,268.19,-56.859,0.00062745
269.09,0.00049313,268.92,-57.674,0.00061562
269.95,0.0004821,269.79,-58.643,0.00060187
270.9,0.00047024,270.74,-59.71,0.00058707
271.88,0.00045833,271.73,-60.809,0.00057222
272.76,0.00044794,272.61,-61.792,0.00055925
273.61,0.00043811,273.46,-62.743,0.00054698
274.45,0.00042865,274.3,-63.678,0.00053519
275.29,0.00041936,275.15,-64.617,0.00052359
276.09,0.00041075,275.95,-65.506,0.00051285
276.86,0.00040257,276.72,-66.368,0.00050265
277.54,0.00039547,277.41,-67.13,0.00049379
278.05,0.00039031,277.91,-67.694,0.00048736
278.28,0.000388,278.15,-67.949,0.00048447
278.18,0.00038908,278.04,-67.831,0.00048583
277.72,0.00039381,277.59,-67.314,0.00049173
276.94,0.00040201,276.8,-66.433,0.00050196
275.26,0.00042018,275.11,-64.54,0.00052464
273.33,0.00044192,273.18,-62.381,0.00055176
271.47,0.00046395,271.31,-60.296,0.00057926
269.86,0.00048394,269.69,-58.489,0.00060419
268.56,0.00050053,268.39,-57.044,0.00062488
267.64,0.00051266,267.47,-56.017,0.00064001
267.1,0.00051974,266.93,-55.427,0.00064883
266.93,0.00052194,266.76,-55.245,0.00065157
267.01,0.00052088,266.83,-55.331,0.00065025
267.22,0.00051792,267.05,-55.574,0.00064655
267.56,0.00051324,267.39,-55.962,0.00064072
268.05,0.00050678,267.88,-56.505,0.00063266
268.68,0.00049836,268.52,-57.222,0.00062215
269.47,0.00048816,269.31,-58.108,0.00060943
270.38,0.0004767,270.22,-59.126,0.00059512
271.35,0.00046476,271.19,-60.212,0.00058023
272.3,0.00045334,272.15,-61.278,0.00056598
273.23,0.00044255,273.08,-62.31,0.00055253
274.12,0.00043234,273.97,-63.311,0.00053979
275.01,0.00042242,274.87,-64.306,0.00052741
275.84,0.0004134,275.7,-65.23,0.00051616
276.66,0.0004047,276.52,-66.142,0.00050531
277.4,0.00039695,277.26,-66.971,0.00049563
277.97,0.00039107,277.84,-67.61,0.0004883
278.27,0.00038813,278.13,-67.934,0.00048464
278.21,0.00038878,278.07,-67.864,0.00048545
277.77,0.00039335,277.63,-67.365,0.00049115
276.98,0.00040167,276.84,-66.469,0.00050154
275.49,0.00041769,275.34,-64.795,0.00052153
273.77,0.00043694,273.62,-62.866,0.00054555
272.05,0.00045696,271.9,-60.947,0.00057054
270.5,0.00047585,270.34,-59.211,0.0005941
269.19,0.00049236,269.03,-57.749,0.00061469
268.17,0.00050565,268,-56.607,0.00063127
267.45,0.00051511,267.28,-55.812,0.00064307
267.05,0.00052047,266.87,-55.367,0.00064974
266.94,0.00052189,266.76,-55.249,0.00065152
267.05,0.00052028,266.88,-55.38,0.0006495
267.35,0.00051617,267.18,-55.719,0.00064437
267.83,0.00050969,267.66,-56.26,0.00063628
268.43,0.00050172,268.26,-56.934,0.00062634
269.2,0.00049171,269.03,-57.797,0.00061385
270.11,0.00048009,269.95,-58.822,0.00059936
271.11,0.00046769,270.95,-59.943,0.00058389
272,0.00045695,271.84,-60.938,0.00057049
272.87,0.00044673,272.71,-61.907,0.00055774
273.7,0.00043708,273.55,-62.843,0.00054571
274.53,0.00042781,274.38,-63.762,0.00053413
275.36,0.00041861,275.22,-64.694,0.00052265
276.2,0.00040951,276.06,-65.636,0.00051131
277.01,0.00040096,276.87,-66.539,0.00050064
277.7,0.00039382,277.57,-67.31,0.00049173
278.2,0.00038881,278.06,-67.86,0.00048548
278.25,0.00038832,278.12,-67.914,0.00048487
277.8,0.00039305,277.66,-67.397,0.00049078
276.87,0.00040284,276.73,-66.345,0.00050299
275.18,0.0004211,275.03,-64.447,0.00052578
273.27,0.0004427,273.11,-62.305,0.00055275
271.43,0.00046451,271.27,-60.245,0.00057995
269.83,0.00048424,269.67,-58.462,0.00060457
268.64,0.00049944,268.48,-57.137,0.00062353
267.76,0.000511,267.59,-56.156,0.00063794
267.2,0.00051842,267.03,-55.537,0.00064719
266.95,0.00052169,266.78,-55.266,0.00065127
266.98,0.00052132,266.8,-55.295,0.0006508
267.21,0.00051806,267.04,-55.563,0.00064673
267.64,0.00051228,267.46,-56.043,0.00063951
268.26,0.00050388,268.09,-56.75,0.00062904
268.91,0.00049548,268.74,-57.47,0.00061856
269.67,0.00048565,269.51,-58.329,0.00060629
270.53,0.00047488,270.37,-59.289,0.00059286
271.43,0.00046382,271.27,-60.299,0.00057906
272.32,0.00045311,272.17,-61.3,0.0005657
273.19,0.00044298,273.04,-62.269,0.00055306
274.03,0.00043337,273.88,-63.209,0.00054107
274.87,0.00042403,274.72,-64.142,0.00052942
275.7,0.00041496,275.55,-65.069,0.00051811
276.52,0.00040612,276.38,-65.991,0.00050708
277.29,0.00039811,277.15,-66.846,0.00049708
277.9,0.00039182,277.76,-67.528,0.00048924
278.25,0.00038831,278.11,-67.914,0.00048486
278.23,0.00038855,278.1,-67.889,0.00048516
277.81,0.00039296,277.67,-67.407,0.00049066
277,0.00040139,276.86,-66.499,0.00050119
275.16,0.0004213,275.01,-64.427,0.00052604
273.05,0.00044526,272.89,-62.058,0.00055593
271.05,0.00046911,270.89,-59.823,0.00058569
269.38,0.00048997,269.21,-57.958,0.00061172
268.23,0.00050482,268.06,-56.678,0.00063023
267.44,0.00051522,267.27,-55.803,0.0006432
267.02,0.00052078,266.85,-55.341,0.00065013
266.94,0.00052185,266.76,-55.252,0.00065147
267.05,0.00052022,266.88,-55.385,0.00064942
267.3,0.0005168,267.13,-55.667,0.00064516
267.68,0.00051171,267.51,-56.09,0.00063881
268.19,0.00050484,268.02,-56.669,0.00063024
268.86,0.00049606,268.69,-57.421,0.00061928
269.67,0.00048563,269.51,-58.33,0.00060627
270.59,0.00047415,270.43,-59.355,0.00059194
271.55,0.00046238,271.39,-60.432,0.00057726
272.46,0.00045146,272.31,-61.457,0.00056363
273.35,0.00044114,273.2,-62.447,0.00055077
274.21,0.00043132,274.07,-63.412,0.00053852
275.08,0.00042174,274.93,-64.374,0.00052657
275.89,0.00041288,275.75,-65.284,0.00051551
276.69,0.00040434,276.55,-66.18,0.00050486
277.42,0.00039676,277.28,-66.991,0.0004954
277.98,0.00039103,277.84,-67.615,0.00048825
278.27,0.00038814,278.13,-67.934,0.00048464
278.21,0.00038879,278.07,-67.863,0.00048546
277.77,0.00039331,277.64,-67.369,0.0004911
276.99,0.00040153,276.85,-66.484,0.00050137
275.5,0.00041753,275.36,-64.811,0.00052134
273.78,0.00043679,273.63,-62.88,0.00054537
272.06,0.00045685,271.91,-60.957,0.0005704
270.51,0.00047578,270.35,-59.218,0.00059401
269.2,0.00049232,269.03,-57.753,0.00061465
268.17,0.00050564,268,-56.608,0.00063126
267.45,0.00051512,267.28,-55.811,0.00064308
267.05,0.00052048,266.87,-55.366,0.00064976
266.94,0.0005219,266.76,-55.248,0.00065153
267.05,0.00052029,266.88,-55.38,0.00064951
267.35,0.00051617,267.17,-55.719,0.00064438
267.83,0.00050968,267.66,-56.26,0.00063627
268.43,0.00050163,268.27,-56.942,0.00062623
269.21,0.0004915,269.05,-57.816,0.00061359
270.14,0.00047975,269.98,-58.853,0.00059893
271.15,0.00046723,270.99,-59.985,0.00058331
272.03,0.0004566,271.87,-60.971,0.00057005
272.89,0.00044648,272.74,-61.932,0.00055742
273.72,0.00043692,273.57,-62.859,0.0005455
274.54,0.00042772,274.39,-63.771,0.00053403
275.36,0.0004186,275.22,-64.695,0.00052264
276.2,0.00040957,276.06,-65.629,0.00051138
277,0.00040109,276.86,-66.526,0.0005008
277.69,0.00039397,277.55,-67.294,0.00049191
278.19,0.00038886,278.06,-67.854,0.00048554
278.26,0.0003883,278.12,-67.916,0.00048485
277.8,0.000393,277.67,-67.403,0.00049071
276.87,0.0004028,276.73,-66.349,0.00050295
275.21,0.00042074,275.06,-64.484,0.00052534
273.33,0.00044199,273.18,-62.374,0.00055186
271.51,0.00046351,271.35,-60.337,0.00057871
269.92,0.00048311,269.76,-58.562,0.00060316
268.77,0.00049776,268.61,-57.281,0.00062143
267.9,0.00050924,267.72,-56.304,0.00063574
267.3,0.00051707,267.13,-55.648,0.00064551
267,0.00052116,266.82,-55.309,0.00065061
266.94,0.0005218,266.77,-55.256,0.0006514
267.09,0.00051967,266.92,-55.43,0.00064874
267.42,0.00051524,267.24,-55.796,0.00064321
267.91,0.00050853,267.74,-56.357,0.00063484
268.48,0.00050105,268.31,-56.992,0.0006255
269.18,0.00049187,269.02,-57.784,0.00061405
270.01,0.00048134,269.85,-58.711,0.00060091
270.92,0.00047009,270.76,-59.724,0.00058688
271.84,0.00045888,271.68,-60.758,0.00057289
272.74,0.00044817,272.59,-61.769,0.00055954
273.62,0.0004381,273.47,-62.743,0.00054697
274.47,0.00042846,274.32,-63.697,0.00053494
275.38,0.00041845,275.23,-64.71,0.00052246
276.29,0.00040859,276.15,-65.732,0.00051016
277.16,0.00039948,277.02,-66.699,0.00049879
277.86,0.00039224,277.72,-67.482,0.00048976
278.25,0.00038834,278.11,-67.912,0.00048489
278.22,0.0003887,278.08,-67.873,0.00048534
277.73,0.0003938,277.59,-67.316,0.00049172
276.81,0.00040343,276.67,-66.282,0.00050374
275.21,0.00042072,275.07,-64.486,0.00052531
273.41,0.00044103,273.26,-62.467,0.00055066
271.66,0.00046171,271.5,-60.504,0.00057646
270.11,0.00048075,269.95,-58.772,0.00060021
268.83,0.00049698,268.67,-57.349,0.00062046
267.88,0.0005095,267.7,-56.282,0.00063607
267.26,0.00051772,267.08,-55.595,0.00064632
266.97,0.00052154,266.79,-55.278,0.00065108
266.97,0.00052146,266.79,-55.284,0.00065098
267.19,0.00051833,267.02,-55.541,0.00064706
267.61,0.00051257,267.44,-56.019,0.00063988
268.25,0.00050411,268.08,-56.731,0.00062932
268.88,0.00049575,268.72,-57.447,0.0006189
269.65,0.00048595,269.48,-58.302,0.00060667
270.5,0.0004752,270.34,-59.261,0.00059325
271.4,0.00046413,271.25,-60.27,0.00057945
272.3,0.0004534,272.14,-61.272,0.00056607
273.17,0.00044325,273.02,-62.242,0.0005534
274.01,0.00043363,273.86,-63.183,0.00054139
274.85,0.00042428,274.7,-64.117,0.00052973
275.68,0.00041518,275.53,-65.047,0.00051838
276.51,0.0004063,276.37,-65.973,0.0005073
277.28,0.00039823,277.14,-66.833,0.00049723
277.89,0.00039189,277.76,-67.521,0.00048932
278.25,0.00038833,278.11,-67.913,0.00048488
278.23,0.00038854,278.1,-67.89,0.00048515
277.81,0.00039296,277.67,-67.407,0.00049066
277,0.00040143,276.86,-66.494,0.00050124
275.16,0.00042124,275.02,-64.433,0.00052596
273.06,0.00044505,272.91,-62.078,0.00055568
271.08,0.00046879,270.92,-59.852,0.00058529
269.41,0.00048961,269.24,-57.989,0.00061126
268.26,0.00050446,268.09,-56.708,0.00062978
267.47,0.00051493,267.29,-55.826,0.00064285
267.04,0.00052064,266.86,-55.353,0.00064996
266.94,0.00052189,266.76,-55.249,0.00065151
267.04,0.00052036,266.87,-55.373,0.00064961
267.28,0.00051704,267.11,-55.647,0.00064545
267.65,0.00051202,267.48,-56.064,0.00063919
268.16,0.00050523,267.99,-56.636,0.00063072
268.83,0.00049651,268.66,-57.382,0.00061984
269.63,0.00048611,269.47,-58.288,0.00060687
270.55,0.00047462,270.39,-59.313,0.00059253
271.51,0.00046281,271.36,-60.393,0.00057779
272.43,0.0004518,272.28,-61.424,0.00056407
273.33,0.00044141,273.18,-62.421,0.0005511
274.2,0.00043153,274.05,-63.391,0.00053878
275.06,0.00042189,274.92,-64.359,0.00052675
275.88,0.000413,275.74,-65.272,0.00051566
276.68,0.00040444,276.54,-66.17,0.00050498
277.41,0.00039682,277.27,-66.985,0.00049547
277.98,0.00039105,277.84,-67.612,0.00048828
278.27,0.00038814,278.13,-67.933,0.00048465
278.21,0.00038878,278.07,-67.863,0.00048545
277.77,0.0003933,277.64,-67.37,0.00049109
276.99,0.00040155,276.85,-66.482,0.00050138
275.5,0.00041755,275.36,-64.81,0.00052135
273.78,0.0004368,273.63,-62.88,0.00054538
272.06,0.00045686,271.91,-60.957,0.0005704
270.51,0.00047578,270.35,-59.218,0.00059401
269.2,0.00049232,269.03,-57.753,0.00061465
268.17,0.00050564,268,-56.608,0.00063125
267.45,0.00051512,267.28,-55.811,0.00064307
267.05,0.00052048,266.87,-55.366,0.00064976
266.94,0.0005219,266.76,-55.248,0.00065153
267.05,0.00052029,266.87,-55.38,0.00064951
267.35,0.00051618,267.17,-55.719,0.00064438
267.83,0.00050969,267.66,-56.26,0.00063628
268.43,0.00050167,268.26,-56.938,0.00062628
269.21,0.0004916,269.04,-57.807,0.00061371
270.13,0.0004799,269.96,-58.839,0.00059912
271.13,0.00046744,270.97,-59.966,0.00058357
272.02,0.00045676,271.86,-60.956,0.00057025
272.88,0.0004466,272.73,-61.92,0.00055757
273.71,0.000437,273.56,-62.851,0.0005456
274.53,0.00042777,274.38,-63.767,0.00053408
275.36,0.00041861,275.22,-64.694,0.00052266
276.2,0.00040955,276.06,-65.631,0.00051136
277.01,0.00040104,276.87,-66.531,0.00050074
277.7,0.00039391,277.56,-67.3,0.00049184
278.2,0.00038884,278.06,-67.856,0.00048552
278.25,0.00038831,278.12,-67.915,0.00048486
277.8,0.00039302,277.66,-67.4,0.00049074
276.87,0.00040282,276.73,-66.347,0.00050298
275.19,0.0004209,275.05,-64.467,0.00052554
273.3,0.0004423,273.15,-62.343,0.00055225
271.47,0.00046395,271.32,-60.297,0.00057925
269.88,0.0004836,269.72,-58.519,0.00060377
268.49,0.0005014,268.33,-56.969,0.00062597
267.54,0.00051395,267.37,-55.908,0.00064163
267.04,0.00052062,266.86,-55.355,0.00064993
266.94,0.00052177,266.77,-55.259,0.00065136
267.07,0.00051995,266.9,-55.407,0.00064909
267.34,0.00051633,267.16,-55.706,0.00064457
267.73,0.000511,267.56,-56.15,0.00063792
268.27,0.00050384,268.1,-56.754,0.00062899
268.96,0.00049473,268.8,-57.535,0.00061762
269.8,0.00048401,269.64,-58.473,0.00060425
270.73,0.00047233,270.57,-59.52,0.00058968
271.71,0.00046048,271.55,-60.608,0.00057489
272.6,0.00044983,272.45,-61.612,0.0005616
273.47,0.00043976,273.32,-62.582,0.00054904
274.32,0.00043014,274.17,-63.53,0.00053704
275.17,0.00042071,275.02,-64.479,0.00052528
275.97,0.00041197,275.83,-65.379,0.00051438
276.76,0.0004036,276.62,-66.259,0.00050393
277.47,0.00039623,277.33,-67.048,0.00049474
278.01,0.00039074,277.87,-67.647,0.00048788
278.27,0.00038807,278.14,-67.941,0.00048456
278.2,0.00038888,278.06,-67.853,0.00048557
277.76,0.00039345,277.62,-67.353,0.00049128
276.98,0.00040163,276.84,-66.473,0.00050149
275.49,0.00041767,275.34,-64.798,0.0005215
273.77,0.00043694,273.62,-62.866,0.00054555
272.05,0.00045699,271.9,-60.944,0.00057058
270.5,0.0004759,270.34,-59.206,0.00059417
269.19,0.00049243,269.02,-57.744,0.00061478
268.16,0.00050572,267.99,-56.602,0.00063135
267.45,0.00051516,267.27,-55.807,0.00064313
267.05,0.00052049,266.87,-55.365,0.00064978
266.94,0.00052189,266.76,-55.249,0.00065151
267.05,0.00052025,266.88,-55.383,0.00064946
267.35,0.00051611,267.18,-55.724,0.0006443
267.83,0.0005096,267.66,-56.267,0.00063617
268.48,0.00050098,268.32,-56.998,0.00062541
269.33,0.00049006,269.16,-57.942,0.00061179
270.32,0.00047743,270.16,-59.06,0.00059604
271.4,0.00046414,271.24,-60.269,0.00057946
272.26,0.00045388,272.1,-61.227,0.00056666
273.09,0.00044414,272.94,-62.156,0.00055451
273.9,0.00043491,273.75,-63.057,0.00054299
274.69,0.00042596,274.55,-63.948,0.00053183
275.5,0.00041705,275.36,-64.854,0.00052071
276.32,0.00040828,276.18,-65.764,0.00050977
277.09,0.00040012,276.96,-66.63,0.00049959
277.75,0.00039337,277.61,-67.359,0.00049117
278.2,0.00038875,278.07,-67.865,0.00048541
278.26,0.00038827,278.12,-67.92,0.00048481
277.85,0.00039252,277.71,-67.454,0.00049012
277,0.00040142,276.86,-66.496,0.00050122
275.46,0.000418,275.31,-64.764,0.00052191
273.68,0.00043798,273.53,-62.764,0.00054686
271.91,0.00045868,271.75,-60.786,0.00057268
270.33,0.00047802,270.17,-59.016,0.0005968
268.97,0.00049521,268.8,-57.502,0.00061824
267.95,0.00050854,267.78,-56.363,0.00063487
267.28,0.00051735,267.11,-55.626,0.00064585
266.97,0.00052148,266.8,-55.283,0.00065101
266.96,0.00052151,266.79,-55.28,0.00065103
267.18,0.00051851,267,-55.525,0.0006473
267.59,0.00051294,267.41,-55.987,0.00064034
268.2,0.00050472,268.03,-56.679,0.00063009
268.83,0.00049648,268.66,-57.384,0.00061981
269.58,0.00048676,269.42,-58.231,0.00060768
270.44,0.00047602,270.27,-59.186,0.00059428
271.34,0.00046492,271.18,-60.197,0.00058043
272.24,0.00045413,272.08,-61.204,0.00056697
273.11,0.00044391,272.96,-62.179,0.00055422
273.96,0.00043423,273.81,-63.124,0.00054214
274.79,0.00042485,274.65,-64.06,0.00053044
275.63,0.00041566,275.49,-64.997,0.00051897
276.47,0.00040667,276.33,-65.934,0.00050777
277.25,0.00039848,277.11,-66.806,0.00049754
277.88,0.00039201,277.75,-67.507,0.00048947
278.25,0.00038835,278.11,-67.911,0.0004849
278.23,0.00038852,278.1,-67.892,0.00048513
277.81,0.00039298,277.67,-67.405,0.00049069
276.98,0.00040157,276.85,-66.48,0.00050141
275.15,0.00042135,275.01,-64.422,0.0005261
273.06,0.0004451,272.91,-62.074,0.00055573
271.08,0.00046875,270.92,-59.855,0.00058524
269.42,0.00048951,269.25,-57.998,0.00061114
268.26,0.00050447,268.09,-56.707,0.0006298
267.46,0.000515,267.29,-55.821,0.00064293
267.03,0.00052068,266.86,-55.349,0.00065001
266.94,0.00052186,266.76,-55.251,0.00065148
267.05,0.00052029,266.87,-55.38,0.00064951
267.29,0.00051692,267.12,-55.657,0.00064531
267.67,0.00051187,267.49,-56.077,0.00063901
268.18,0.00050505,268.01,-56.651,0.00063049
268.84,0.0004963,268.68,-57.4,0.00061958
269.65,0.00048589,269.49,-58.307,0.0006066
270.57,0.00047441,270.4,-59.332,0.00059227
271.53,0.00046262,271.37,-60.41,0.00057756
272.45,0.00045165,272.29,-61.438,0.00056388
273.34,0.00044129,273.19,-62.432,0.00055096
274.2,0.00043144,274.05,-63.4,0.00053867
275.07,0.00042183,274.92,-64.365,0.00052668
275.88,0.00041295,275.74,-65.277,0.0005156
276.69,0.0004044,276.55,-66.174,0.00050493
277.42,0.0003968,277.28,-66.987,0.00049544
277.98,0.00039104,277.84,-67.614,0.00048826
278.27,0.00038813,278.13,-67.934,0.00048464
278.21,0.00038878,278.07,-67.864,0.00048545
277.77,0.0003933,277.64,-67.37,0.00049109
276.99,0.00040153,276.85,-66.484,0.00050137
275.5,0.00041753,275.36,-64.811,0.00052134
273.78,0.00043679,273.63,-62.881,0.00054537
272.06,0.00045685,271.91,-60.958,0.00057039
270.51,0.00047577,270.35,-59.218,0.000594
269.2,0.00049232,269.03,-57.753,0.00061464
268.17,0.00050563,268,-56.609,0.00063125
267.45,0.00051511,267.28,-55.811,0.00064307
267.05,0.00052048,266.87,-55.366,0.00064975
266.94,0.0005219,266.76,-55.248,0.00065152
267.05,0.00052028,266.88,-55.38,0.0006495
267.35,0.00051617,267.18,-55.719,0.00064437
267.83,0.00050968,267.66,-56.261,0.00063627
268.43,0.00050165,268.26,-56.94,0.00062626
269.21,0.00049156,269.04,-57.811,0.00061366
270.13,0.00047984,269.97,-58.844,0.00059904
271.14,0.00046736,270.98,-59.973,0.00058347
272.02,0.00045669,271.87,-60.962,0.00057017
272.88,0.00044655,272.73,-61.925,0.00055751
273.72,0.00043696,273.57,-62.855,0.00054556
274.53,0.00042775,274.39,-63.769,0.00053406
275.36,0.0004186,275.22,-64.695,0.00052265
276.2,0.00040956,276.06,-65.631,0.00051137
277,0.00040106,276.87,-66.53,0.00050076
277.69,0.00039393,277.56,-67.298,0.00049186
278.2,0.00038884,278.06,-67.855,0.00048552
278.25,0.00038831,278.12,-67.916,0.00048486
277.8,0.00039301,277.67,-67.401,0.00049073
276.87,0.00040281,276.73,-66.348,0.00050296
275.2,0.00042084,275.05,-64.474,0.00052546
273.31,0.00044218,273.16,-62.355,0.0005521
271.49,0.00046378,271.33,-60.312,0.00057904
269.9,0.00048341,269.73,-58.535,0.00060353
268.72,0.00049849,268.55,-57.218,0.00062235
267.83,0.00051012,267.66,-56.229,0.00063685
267.25,0.00051781,267.08,-55.587,0.00064643
266.97,0.00052149,266.8,-55.282,0.00065102
266.96,0.00052157,266.78,-55.275,0.00065111
267.16,0.0005188,266.98,-55.502,0.00064765
267.54,0.00051359,267.37,-55.934,0.00064115
268.11,0.0005059,267.94,-56.579,0.00063156
268.72,0.00049788,268.55,-57.264,0.00062155
269.46,0.0004883,269.3,-58.096,0.0006096
270.31,0.00047761,270.15,-59.044,0.00059626
271.21,0.00046645,271.05,-60.057,0.00058234
272.12,0.00045553,271.96,-61.072,0.00056871
273,0.00044517,272.85,-62.058,0.00055579
273.85,0.00043538,273.71,-63.011,0.00054358
274.7,0.00042593,274.55,-63.951,0.00053179
275.55,0.00041654,275.41,-64.906,0.00052008
276.41,0.00040735,276.27,-65.863,0.00050861
277.21,0.00039891,277.07,-66.76,0.00049808
277.86,0.00039221,277.73,-67.486,0.00048972
278.24,0.00038839,278.11,-67.906,0.00048495
278.23,0.00038853,278.1,-67.891,0.00048514
277.79,0.00039311,277.66,-67.391,0.00049085
276.95,0.00040196,276.81,-66.438,0.0005019
275.07,0.00042231,274.92,-64.324,0.0005273
272.93,0.0004466,272.78,-61.929,0.00055761
270.93,0.00047058,270.77,-59.688,0.00058753
269.27,0.00049138,269.1,-57.835,0.00061347
268.1,0.00050653,267.93,-56.533,0.00063236
267.34,0.00051666,267.16,-55.683,0.000645
266.97,0.00052145,266.8,-55.286,0.00065097
266.97,0.00052146,266.79,-55.284,0.00065097
267.13,0.0005191,266.96,-55.477,0.00064803
267.43,0.00051499,267.26,-55.817,0.0006429
267.87,0.00050914,267.7,-56.306,0.0006356
268.45,0.00050145,268.28,-56.958,0.000626
269.17,0.00049199,269.01,-57.773,0.00061421
270.03,0.00048114,269.86,-58.728,0.00060067
270.96,0.00046956,270.8,-59.772,0.00058622
271.91,0.00045798,271.76,-60.842,0.00057178
