142.59,0.0053975,155.45,40.389,0.0072586
130.48,0.0084477,141.44,122.7,0.016163
140.93,0.016873,158.26,45.844,0.019532
156.06,0.014555,130.73,23.604,0.012243
114.19,0.017757,136.21,69.089,0.0051737
53.564,0.02032,131.62,44.593,0.010863
155.12,0.0043239,102.3,114.88,0.010584
115.83,0.012909,157.25,38.361,0.022067
182.25,0.02286,65.915,97.128,0.019869
107.54,0.012739,139.06,85.886,0.016787
160.18,0.0089244,135.53,96.34,0.014082
96.875,0.008848,134.13,104.23,0.019231
148.66,0.021162,150.15,109.58,0.02571
150.83,0.0297,105.9,18.044,0.02186
166.04,0.025046,96.34,64.796,0.03152
148.96,0.02182,110.96,110.22,0.027488
110.74,0.018735,145.81,101.45,0.036874
90.584,0.034039,126.92,104.98,0.037428
102.84,0.039098,128.03,139.88,0.041522
110.64,0.025498,111.58,125.04,0.047346
88.971,0.041921,128.84,178.4,0.046701
105.41,0.057199,46.057,169.32,0.054449
96.087,0.061148,91.619,199.28,0.056509
144.67,0.058116,34.608,204.74,0.067251
-12.135,0.075244,67.27,131.31,0.070976
52.312,0.071556,79.002,153.49,0.089525
73.962,0.077865,-11.127,169.59,0.090606
63.772,0.091349,51.551,202.31,0.093205
36.946,0.083569,10.52,168.59,0.093538
62.117,0.094073,10.955,186.93,0.098627
60.184,0.091321,69.441,206.5,0.11551
-22.923,0.1139,37.465,200.32,0.11499
64.718,0.094598,34.599,265.67,0.12102
57.045,0.09755,62.515,134.52,0.11759
96.998,0.12083,20.319,170.73,0.1107
70.613,0.1149,-6.4787,239.45,0.12244
39.676,0.12157,5.7941,229.36,0.11045
54.364,0.10675,-14.068,179.4,0.12843
-67.059,0.12509,61.282,209.19,0.116
14.444,0.11233,-36.803,140.14,0.12014
74.9,0.12216,18.816,131.92,0.13351
-9.782,0.12878,8.9534,208.92,0.13201
-3.3171,0.13291,49.813,157.78,0.11795
15.813,0.1273,44.388,210.74,0.11692
57.527,0.1415,27.714,175.45,0.12743
3.0941,0.14086,-19.469,309.31,0.12167
-8.0463,0.13519,-5.5273,207.16,0.12449
-20.343,0.1423,47.737,168.79,0.12364
25.989,0.13835,-11.61,258.84,0.1284
1.219,0.14358,24.458,255.6,0.13069
3.8672,0.15401,-20.825,215.9,0.13443
37.195,0.15238,43.116,258.8,0.12372
-37.158,0.14892,-7.6414,214.09,0.13443
64.294,0.1579,26.67,238.43,0.138
41.858,0.16832,-56.693,265.89,0.13724
23.923,0.16631,26.392,180,0.13668
34.623,0.16745,21.863,239.08,0.14534
-32.849,0.17452,-16.107,217.36,0.14812
25.653,0.17528,-27.722,125.95,0.14964
24.675,0.18012,-14.505,226.97,0.1509
36.292,0.17693,-30.289,266.69,0.14875
-28.437,0.17529,-3.7996,298.5,0.14595
5.3528,0.16986,-42.025,252.92,0.16126
69.714,0.17404,23.993,241.57,0.15749
25.554,0.1693,54.577,242.93,0.15198
31.747,0.1757,41.171,236.19,0.1559
93.863,0.17972,-25.157,263.28,0.15302
40.364,0.18959,63.53,89.697,0.15629
32.268,0.17036,-9.1334,254.17,0.14832
7.71,0.17596,-24.244,221.16,0.15992
-2.1049,0.18473,36.309,265.22,0.15483
-55.86,0.18656,-0.55252,249.21,0.16043
29.635,0.18615,-1.4655,278.39,0.16123
-14.966,0.19617,10.636,278.58,0.15744
26.396,0.1929,-8.644,237.14,0.16211
3.7065,0.19502,-41.843,255.18,0.15752
81.554,0.19107,-4.5329,293.34,0.16085
-62.668,0.19358,8.0692,229.57,0.15457
6.7073,0.19567,-39.038,286.26,0.16623
4.2806,0.20114,7.0609,126.62,0.16597
-8.6329,0.19109,-67.965,263.59,0.16433
22.294,0.20555,24.13,274.61,0.17078
35.72,0.18866,20.033,233.33,0.16071
-57.464,0.19862,-15.989,254.46,0.16169
-39.206,0.19092,-28.552,193.29,0.16685
-5.9304,0.19686,29.794,206.04,0.15986
-49.831,0.19246,24.523,246.77,0.15948
-9.1627,0.19708,69.858,175.28,0.16782
0.73661,0.1995,53.366,207.8,0.15923
7.613,0.18789,21.572,250.81,0.16777
-2.8921,0.19892,-21.667,219.35,0.16449
-46.597,0.20258,-40.658,252.99,0.16555
-18.004,0.20708,-42.338,226.09,0.17405
0.70238,0.20303,48.342,280.18,0.15759
39.58,0.20189,54.384,236,0.16692
-32.167,0.21162,-49.997,274.78,0.17181
-17.401,0.18716,-5.9428,259,0.17027
29.766,0.20605,67.478,270.41,0.16725
37.388,0.19492,-31.099,251.74,0.17811
-13.558,0.19785,26.121,212.47,0.16092
-0.97267,0.201,-10.085,261.59,0.16245
-2.0732,0.20957,-43.116,258.23,0.17058
5.7568,0.19868,-33.218,237.85,0.16514
-51.113,0.21053,17.073,222.66,0.1718
55.244,0.20567,48.541,198.96,0.17555
24.514,0.21383,-28.772,273.11,0.17455
-83.961,0.19543,7.4814,177.11,0.16509
6.0953,0.20208,-33.256,270.12,0.16905
4.5021,0.19857,-21.527,336.21,0.17902
0.48564,0.19796,7.2239,201.32,0.17309
-4.6037,0.201,-43.539,239.01,0.16628
51.118,0.20041,-37.365,248.23,0.16289
-60.963,0.20066,-30.338,268.34,0.17178
21.928,0.20778,11.011,275.17,0.17753
-55.871,0.20757,14.811,259.84,0.16849
25.841,0.20468,-44.249,276.68,0.16913
19.248,0.20362,45.258,264.51,0.16551
-13.52,0.21021,-15.893,255.87,0.16833
-18.127,0.22067,87.775,234.03,0.17874
74.126,0.21548,-52.759,320.61,0.17886
6.2299,0.22253,34.032,264.52,0.18695
24.714,0.23167,18.014,261.21,0.18122
9.304,0.22358,59.102,239.26,0.18456
12.294,0.24196,45.471,234.83,0.18084
33.245,0.24272,-58.55,269.19,0.18465
72.748,0.2396,10.251,271.69,0.18524
-37.015,0.26087,51.943,251.27,0.20018
11.595,0.26706,-13.951,234.95,0.19163
50.713,0.2788,9.9384,227.25,0.19738
66.615,0.28213,65.691,223.19,0.19196
5.3886,0.28262,31.339,179.32,0.19777
39.489,0.28849,12.461,155.1,0.19333
39.878,0.28811,44.066,30.724,0.19832
-33.692,0.29657,-32.494,56.773,0.19966
28.143,0.28927,8.6557,51.748,0.1889
34.612,0.29001,19.591,30.432,0.17566
12.759,0.2691,-23.204,71.313,0.15948
61.269,0.27214,23.57,55.749,0.16016
38.28,0.2744,45.77,49.719,0.14818
13.603,0.26398,-24.439,28.414,0.14437
105.12,0.23795,8.0855,44.916,0.13381
90.675,0.24232,31.671,23.095,0.12842
41.181,0.21757,45.491,38.522,0.11902
74.172,0.2227,99.69,35.059,0.11076
42.808,0.20672,45.798,59.483,0.10256
24.58,0.19462,-34.866,56.784,0.094037
52.303,0.18472,2.7123,27.613,0.080071
46.402,0.17729,-5.8938,-1.1206,0.080936
42.614,0.15839,11.49,17.217,0.063697
4.253,0.15348,14.28,27.755,0.06724
-15.43,0.1401,18.996,-5.3342,0.065163
-37.707,0.14461,-0.82036,51.875,0.056364
3.4357,0.13609,-33.096,52.986,0.058419
20.722,0.13833,55.741,56.214,0.05399
30.096,0.1201,76.698,26.788,0.046244
59.35,0.11631,20.127,38.608,0.042778
35.529,0.11498,-17.718,100.8,0.038875
13.662,0.11647,-44.013,53.778,0.04961
6.2074,0.11752,38.472,35.103,0.037278
20.417,0.11722,5.3792,6.26,0.042036
15.469,0.098453,-19.335,24.884,0.036251
79.179,0.11026,7.8011,26.367,0.026372
24.417,0.092138,36.977,16.646,0.028049
39.766,0.094085,-33.555,57.792,0.036033
66.259,0.089497,9.6413,8.3308,0.032528
0.4012,0.090992,93.159,59.449,0.027758
41.338,0.092117,-25.608,26.76,0.027185
55.239,0.098303,39.495,44.534,0.033141
34.953,0.081309,35.304,-16.76,0.02058
-39.648,0.098181,108.22,159.78,0.030781
-8.2372,0.078798,-11.973,113.5,0.017091
63.248,0.072232,50.797,-7.4543,0.015863
40.34,0.070899,6.6232,20.855,0.021864
45.153,0.064546,-17.39,23.765,0.012386
-3.1955,0.064626,27.559,-31.576,0.011678
77.482,0.069209,-21.653,10.535,0.0071748
24.344,0.057325,-6.2217,34.526,0.012394
49.103,0.070328,6.1699,29.274,0.015152
90.049,0.051669,14.481,89.879,0.012961
5.8855,0.046513,47.824,68.719,0.0070536
92.133,0.049574,41.401,80.781,-0.00043563
5.1213,0.026783,35.025,74.852,-0.00066876
6.6029,0.027313,14.608,47.482,0.0074131
74.511,0.030529,62.697,72.573,0.0050869
25.699,0.029235,41.928,32.48,-0.0027503
52.009,0.0090984,100.97,52.424,-0.010044
26.06,0.013178,44.504,11.701,0.0070386
71.147,0.013033,14.066,90.148,0.016369
28.561,0.025578,58.927,-7.2699,-0.0028379
56.053,0.010502,46.625,67.443,0.0060993
44.761,0.0052906,40.553,-5.5074,0.00057388
40.913,0.010308,44.306,23.159,-0.0055696
91.638,0.021926,52.556,15.27,5.2367e-05
65.462,0.0032891,85.503,12.021,0.0012957
-22.441,0.0081585,77.277,9.1138,-0.0024199
45.184,0.010909,19.484,16.232,0.0016269
-12.442,0.0043835,70.122,61.951,0.0096831
32.181,-0.0077356,74.4,-19.027,-0.0018831
62.935,0.010487,35.467,56.243,0.00091975
116.29,0.017463,62.216,102.58,0.00068424
14.77,0.0020098,-6.1632,43.529,0.0025488
35.795,0.0080769,66.789,71.254,-0.0071064
93.912,0.0020469,63.009,20.15,0.0014403
29.31,0.010133,55.679,-6.2719,0.0034505
14.304,0.010113,99.681,64.453,0.0030531
26.826,-0.0071282,0.47627,57.053,-0.0012869
56.997,-0.0082939,24.071,24.955,0.0091384
127.61,0.0014552,60.655,42.573,-0.0081849
100.14,0.0027572,7.0563,14.645,0.00046676
-9.1875,0.0047888,-3.0517,72.548,0.0030747
35.611,0.00065861,54.97,120.71,-0.00069424
72.342,0.0073694,35.076,96.42,0.00089552
28.576,0.011222,91.487,96.039,-3.1724e-05
67.007,0.0073748,67.073,94.324,-0.0051522
66.403,0.00026687,44.244,62.525,-0.004291
37.648,0.010137,33.806,35.856,0.0012556
48.136,0.0069462,80.772,64.498,0.0042888
33.806,0.00069572,34.278,39.514,-1.9752e-05
-10.517,0.013649,-0.4166,84.692,-0.0021753
29.369,-0.0024843,70.334,69.108,-0.0031239
41.277,0.0068936,31.917,84.786,0.001647
40.337,0.0044802,56.992,-1.4323,0.00397
16.191,0.011806,65.176,62.879,0.0031246
60.038,-0.0052289,26.297,37.677,0.0031509
48.088,-0.00021866,43.122,49.619,-0.0040669
-29.112,0.006682,125.58,68.839,0.0001005
48.425,0.0019195,124.63,-23.283,0.0020751
65.158,-0.0042182,3.1094,101.31,0.0023562
97.668,0.0019882,47.129,2.7677,0.0021792
44.138,0.0005091,60.32,74.587,0.0028345
20.639,-0.0058245,114.51,83.837,-0.0057079
25.476,0.0032807,106.44,-6.2069,-0.00060613
59.293,-0.0026678,127.46,71.655,0.00084484
64.009,-0.014419,74.167,12.38,0.0031209
98.886,0.0025962,35.837,34.516,0.0040777
36.763,-0.0051367,39.672,41.315,0.0065962
82.493,-0.0054192,123.95,94.265,0.0043609
109.06,0.0012531,33.866,24.311,-0.0035592
50.582,-0.0082959,90.689,82.397,-0.003047
98.514,-0.0013023,46.885,94.287,0.0078892
-1.6349,0.0029602,-61.364,154.49,-0.0051893
28.69,0.013914,40.228,20.379,0.002923
103.6,-0.01027,41.281,24.576,-0.0015579
23.185,-0.0082867,120.75,19.927,0.0033341
69.065,-0.012043,22.88,61.227,0.0052666
72.084,-0.0046891,22.513,20.419,-0.0016737
80.245,0.0012993,25.371,102.34,-0.003628
18.88,-0.00028366,79.338,45.824,-0.0050703
7.2849,0.00090909,55.778,14.653,-0.0081211
-8.4751,-0.0096685,9.5589,55.753,-0.015379
-12.195,-0.0014457,97.015,121.8,0.0080847
32.69,0.0077925,19.154,118.97,-0.0012111
41.716,0.00015042,101.17,125.75,0.0016421
44.693,0.0094241,45.557,53.841,-0.0033923
36.836,0.00016161,66.419,68.834,-0.0016316
50.304,0.0052335,49.351,44.888,8.1652e-05
80.098,-0.0066023,55.338,30.615,0.0043766
47.637,-0.0019662,47.551,60.949,-0.0050343
71.208,0.0015575,53.061,68.727,-0.0012738
11.172,-0.0064797,44.981,123.05,-0.00010892
140.74,0.0010616,58.6,40.897,-0.00078236
18.719,0.0044143,57.143,66.143,0.00050128
100.46,-0.0080713,35.583,93.765,-0.0015471
147.63,0.0048358,101.65,60.03,0.0042112
-7.059,0.0065938,56.074,58.284,0.001759
-0.24638,-0.0010891,72.311,120.83,0.0034333
-33.764,-0.011261,67.903,21.979,0.00098823
60.227,-0.0016455,18.756,47.498,-0.0093227
109.55,-0.0047917,116.67,36.255,0.0027697
36.926,-0.0055681,60.658,53.832,-0.0019097
91.599,0.0046126,96.523,104.07,-0.0015954
55.109,-0.002343,98.922,53.225,0.0021297
51.214,0.0024241,30.601,28.498,-0.009593
-18.09,-0.0047949,82.358,8.2548,-0.0066368
58.452,0.0025894,19.993,27.183,0.0005548
94.479,0.0011042,79.029,91.381,0.0013365
36.207,-0.0016769,92.803,80.316,0.0048781
57.157,-0.0098306,95.305,26.859,-0.0023689
102.31,-0.0092409,65.676,79.522,0.0045043
123.7,-0.0022979,100.3,86.181,0.00055699
116.69,0.0021996,33.116,103.82,0.00057365
121.3,0.013217,14.807,47.747,-0.0039489
-6.7882,0.0074504,74.116,65.358,0.005677
-17.609,-0.012275,75.815,116.21,-0.0076892
108.41,0.0058523,20.069,52.093,-0.0090668
141.94,0.0017642,10.8,35.164,0.0087514
79.476,-0.0062665,42.929,-37.147,0.0018898
51.131,0.0045322,71.456,100.39,0.0043886
93.265,0.007875,96.961,50.327,0.00039381
49.626,0.0038213,33.524,-0.60411,0.0096268
68.144,0.00025178,74.084,83.92,-0.0022243
19.543,-0.013298,72.407,66.21,0.012518
47.426,0.003577,97.794,57.413,0.0077902
66.393,0.0026701,33.89,105.69,0.0083421
26.635,0.011258,50.683,72.909,-0.0011314
121.55,-1.4456e-05,81.13,84.966,0.0026491
30.971,0.0069112,22.717,16.15,0.0049837
88.05,-0.0042718,7.4566,35.614,0.002555
41.073,-0.0052522,-6.6136,72.984,-0.006691
62.115,-0.0083517,16.16,66.45,0.00095279
78.936,0.010162,92.126,47.171,-0.0056765
82.419,-0.0057725,116.46,24.102,-0.00074022
95.204,0.006144,118.57,51.839,0.001455
36.544,-0.0039651,46.536,53.12,0.0055664
61.61,0.0049479,59.844,88.491,-0.0010617
70.728,0.006915,19.881,25.878,0.0071244
33.459,0.0050244,9.0748,34.221,-0.0072552
84.7,0.0040041,60.242,-0.70206,0.0032991
71.1,0.0012427,97.899,105.66,0.012169
-2.9629,-0.0006934,51.747,39.331,-0.0055844
75.956,-0.0038397,51.084,116.71,-0.00023434
78.985,-0.0080299,76.285,97.562,-0.0010203
70.774,0.0037958,41.115,141.22,-0.0083835
100.3,-0.0027617,41.026,74.024,-0.0016561
99.431,0.00015452,112.7,83.82,-0.001057
14.314,-0.002227,63.713,23.37,0.0047155
123.32,9.6781e-05,73.225,103.77,0.00018795
39.181,-0.010233,-13.669,57.475,0.006127
92.013,-0.011853,19.587,81.025,-0.0045635
86.015,-0.0068397,137.21,21.385,-0.0053708
-11.594,-0.0092212,10.804,17.666,0.0042333
103.45,-0.0069419,49.129,29.365,-0.0050819
39.261,-0.0013712,92.501,19.416,0.0056787
101.19,-0.00035411,102.71,67.054,0.00040686
123.27,-0.00023792,52.175,104.44,-0.00089381
85.68,0.0058073,57.679,38.174,0.0053644
-5.2662,0.0043757,68.33,55.7,-0.013689
89.516,0.01021,102.01,47.916,0.0006708
54.565,-0.0028063,47.349,25.725,-0.0024605
48.774,0.0016,44.269,46.432,-0.0071819
62.936,-0.0015143,119.88,26.323,0.0092049
75.989,-0.010315,42.327,18.107,0.0022014
69.408,0.0078811,57.692,19.073,0.0046703
46.287,-0.009697,30.707,76.763,-0.0025552
57.735,0.00024377,52.359,49.306,-0.0021473
78.714,0.0015938,59.541,43.427,-0.0031974
55.022,-0.017882,61.895,49.055,-0.0049476
59.363,0.0099375,73.537,5.9263,0.0068517
39.206,-0.0022716,89.475,25.978,-0.0074718
-0.69323,-0.0013563,79.492,66.845,-0.0038865
70.378,-0.010065,64.652,104.9,-0.0013471
51.578,0.0016629,127.97,81.179,-0.0062475
87.657,0.0029625,97.34,83.072,0.0047561
78.582,-0.00342,1.7152,23.186,-0.0071089
143.18,0.001668,92.742,132.37,-0.0057726
8.4719,-0.0059863,50.488,129.36,0.00041168
-13.353,-0.0023071,56.745,79.978,-0.0035173
57.487,0.010746,105.52,28.073,-0.00034289
130.07,0.001249,42.826,81.385,-0.0068439
37.691,-0.00039344,32.275,21.607,0.00022802
85.827,0.00093623,96.244,60.578,0.0047721
92.599,0.0063064,82.637,78.963,0.0067902
78.211,0.00054357,3.9908,45.117,0.0081268
126.29,0.0045421,54.526,32.864,0.0016249
93.872,-0.0037327,56.613,43.948,-0.0011837
87.768,-0.00024262,144.91,91.866,0.0022678
79.184,0.0019347,41.81,83.878,-0.011997
117.28,0.0018269,60.43,79.423,0.00021108
118.4,-0.0060353,117.34,33.32,-0.0032314
72.851,-0.00053757,125.51,-13.046,-0.002612
114.35,0.0068143,18.444,46.531,0.00075805
89.709,0.017628,91.588,26.564,0.0088218
123.51,-0.0068859,82.982,75.114,0.0033791
92.028,-0.0011817,105.93,94.922,-0.0073533
89.531,0.0030161,119.37,41.367,-0.0020881
65.476,-0.0021439,34.263,52.165,-0.0022558
80.531,0.017157,57.362,117.3,0.0060247
125.12,0.003125,20.671,98,-0.0039938
70.478,-0.0076268,49.309,28.096,-0.003345
17.829,0.011343,43.869,31.735,-5.085e-05
49.024,0.0086714,61.313,104.41,0.0037472
119.9,0.0047812,13.391,77.275,0.0013799
40.756,0.0032202,78.052,71.296,0.0060076
82.419,-0.0010825,39.345,-13.03,-0.00025403
24.504,0.0092863,76.329,124.36,-0.00050113
-19.698,0.0089675,96.838,49.532,0.0034541
66.468,0.011239,46.447,50.747,0.0087133
71.308,-0.0037097,120.8,98.054,0.010591
69.408,-0.011111,87.799,64.751,0.008494
44.339,0.016118,70.839,66.299,0.0032687
67.006,-0.0023637,32.672,-0.096944,-0.0085862
37.406,0.0024775,24.368,78.43,-0.0026999
78.592,2.6348e-05,67.341,106.57,0.011322
36.761,-0.0065926,38.168,37.085,-0.00080248
112.55,-0.0068403,167.08,93.27,0.0013013
82.095,0.00044987,109.5,133.51,0.0065218
93.065,-0.0064628,75.028,92.561,0.001821
53.083,-0.00048308,26.445,44.784,-0.00013698
65.307,-0.0012297,96.074,102.88,0.0066196
69.929,0.010715,87.661,-24.891,-0.0075887
121.02,0.00087454,115.94,133.16,-0.0027701
139.61,-9.314e-05,31.485,9.8345,0.0019024
46.507,0.00099295,93.922,34.597,-0.0003722
108.26,0.00066101,63.409,52.758,-0.014279
13.318,0.0061608,64.397,82.645,-0.010355
101.64,-0.0024007,32.283,77.471,-0.0012184
143.83,0.008953,60.285,60.725,0.0012058
94.336,-0.002181,108.88,39.261,-0.0035508
88.434,-0.010103,75.295,66.756,0.0037192
78.384,-0.00049711,136.7,78.838,-0.00095907
83.126,0.013319,143.79,43.856,0.0054619
26.337,0.0040094,84.547,52.675,0.0053618
55.636,-0.0065238,94.959,59.736,-0.0045545
52.213,-0.0060405,98.829,50.589,-0.0065984
112.32,-0.012824,128.61,112.29,-0.00053745
40.059,-0.01164,25.98,89.844,-0.00070657
106.09,0.0041996,44.022,29.647,0.0027623
55.174,-0.0092529,74.128,44.808,0.0042114
41.077,0.0039541,35.402,-0.8554,-0.0035424
129.5,0.0018319,113.26,93.864,-0.002538
53.124,0.0042887,112,54.211,-0.01102
111.3,0.0058737,42.548,129.77,0.005089
84.556,-0.0056358,103.84,123.18,-0.00087133
10.368,-0.0075706,109.6,93.635,-0.0026294
80.791,-0.0058553,56.71,107.76,-0.0063492
36.332,0.0095754,61.389,70.409,-0.0011133
13.591,-0.0025932,85.278,88.043,0.0047366
114.42,0.00043424,34.551,44.993,8.4875e-05
49.202,0.0057548,41.228,-5.3963,0.00022571
58.279,0.01545,80.893,117.97,-0.0023357
67.075,0.0016229,116.54,33.757,-0.0037016
97.623,-0.012703,86.77,19.128,-0.0051446
47.827,0.00052952,131.18,46.935,-0.0016638
103.18,0.0054688,98.305,78.944,0.0073887
149.37,-0.0095953,71.329,102.43,-0.001735
54.19,-0.0071115,62.524,74.051,-0.004991
124.65,9.5689e-05,116.86,140.09,0.0095919
64.719,0.0011483,70.339,103.09,0.0082949
46.914,-0.00039532,106.68,66.809,0.00060671
105.69,-0.0046642,39.735,62.953,0.0033448
72.276,0.0075235,90.117,71.552,-0.0044061
22.149,-0.0049086,69.895,123.84,0.0029602
66.9,0.00055183,66.259,70.365,-0.0058436
49.082,-0.0085572,69.127,132.93,-0.0014782
61.427,-0.0039615,101,96.727,-0.00063211
124.59,0.0049756,84.975,57.983,0.0014581
115.44,0.010209,105.19,67.942,-0.0026355
72.278,0.00071272,100.58,114.49,-0.0067685
33.138,0.0023706,74.744,77.345,0.0047566
44.955,0.00061556,65.468,117.74,-0.0075442
72.052,0.0033926,152.83,102.24,-0.0013045
75.796,0.0017358,105.57,35.259,-0.0032948
107.76,0.010345,79.06,79.451,-0.0013464
59.509,-0.0008307,99.09,63.523,-0.01058
116.32,-0.0037536,99.851,88.104,0.002978
79.202,-0.0005036,155.44,17.789,-0.0049088
90.899,0.0018696,152.28,60.313,0.0029891
71.421,-0.0070627,66.834,19.795,-0.0013153
56.615,-0.0047666,94.161,-0.31498,-0.0039774
93.229,-0.010301,101.18,6.3143,0.005769
81.561,-0.0051307,84.741,36.122,0.001499
191.77,-0.0017959,107.71,1.9814,-0.0031675
44.276,-0.0057034,94.675,31.883,0.0031317
57.407,0.0030159,62.049,87.842,-0.001943
54.43,-0.0077342,48.533,36.63,0.0036802
12.444,0.005364,88.288,25.948,-0.0059141
101.81,-0.013647,153.09,30.246,0.0040708
18.261,0.0027423,87.073,110.98,0.0060218
74.998,0.0061508,48.046,78.896,-0.0035949
87.161,0.0012056,71.76,26.879,-0.0024551
71.883,-0.0060556,29.089,113.47,0.0024453
36.287,-0.0017848,40.613,53.033,0.0030977
50.366,0.0042077,104.49,78.349,0.0062748
29.973,-0.012237,118.35,63.346,-0.0038076
94.006,0.0033572,54.816,69.522,0.0055034
46.762,0.0051713,75.241,-57.057,-0.0058817
103.49,-0.00075648,72.075,36.057,-0.0063513
-13.364,-0.0056622,79.914,66.881,0.00090694
133.66,-0.00031471,91.653,54.221,0.0035492
58.172,-0.0076066,107.35,45.977,0.0046885
161.99,0.0011903,103.22,76.76,0.0084083
146.74,0.0063416,53.955,45.658,0.0046254
90.652,-0.0057039,85.037,51.157,-0.00046312
106.83,-0.01359,36.86,17.717,2.5279e-05
61.796,-0.0045968,110.2,18.771,0.0030662
133.38,0.0075552,121.64,135.96,-0.0055419
35.032,0.008596,57.107,68.543,0.0044419
108.78,-0.0056068,111.29,34.249,-0.0054787
101.91,0.0012213,105.14,119.66,0.0087168
153.24,-0.0029384,58.085,67.589,0.0030442
16.763,0.0071679,34.021,46.553,-0.0051885
86.506,-0.002317,100.9,22.944,0.0021398
39.534,-0.00095343,55.769,92.214,0.00012316
47.736,0.0035917,94.31,98.775,-0.0023342
90.454,-0.0051124,23.965,128.46,0.0029507
9.3354,-0.010089,86.041,76.05,0.00068668
1.7161,7.3486e-05,85.553,40.535,-0.0030538
45.652,0.0069096,131.72,60.76,-0.0017563
92.852,-0.0012182,74.365,51.519,0.0058026
58.655,-0.0019933,127.32,64.551,-0.002866
50.733,-0.0037034,26.364,75.973,0.00030999
35.136,0.001908,61.081,63.214,0.0093623
-34.546,0.0048524,9.1073,60.871,-0.0036675
77.086,0.0027391,48.779,104.21,-0.0019497
27.422,0.0097479,67.26,11.663,-0.010569
93.371,-7.1041e-05,151.64,109.97,-0.012394
100.27,-0.0060103,96.857,28.6,-0.0053492
71.079,0.00025432,10.567,4.5293,-0.0065191
112.8,-0.0015777,91.5,125.44,0.0013121
-6.4653,-0.0013782,99.424,55.758,0.0047528
47.923,0.0044098,36.649,107.08,-0.0014622
118.97,-0.0028158,63.916,86.752,0.0057532
68.175,0.00024308,68.521,36.519,0.0027899
54.669,0.0046268,78.241,61.923,-0.0004618
27.966,0.00045136,30.899,114.84,-0.0003411
111.72,0.0018682,-2.5653,53.615,-0.0060148
105.59,0.020324,90.496,63.28,0.0072623
18.395,-0.0064467,149.04,75.775,-0.002535
65.436,0.0073409,65.563,81.157,-0.0072685
28.54,0.0095304,81.773,70.107,-0.0007664
125.37,0.014256,93.698,66.974,0.00042468
54.436,-0.0099342,134.21,52.165,-0.0020969
81.539,-0.0013053,66.171,37.332,-0.0067085
124.38,-0.014346,56.19,95.717,0.0031167
123,-0.0031653,120.73,83.377,-0.002682
92.81,0.0054858,78.859,82.006,0.0076138
30.038,-0.00024272,109.01,96.447,0.0034521
79.986,0.0012229,87.669,43.497,0.0071289
110.08,-0.0046967,94.103,65.268,-9.475e-05
58.642,-0.0077024,68.184,74.827,0.014113
97.666,-0.0099515,66.661,74.574,0.0056295
45.939,-0.013252,173.74,33.764,-0.012545
17.773,-0.0031358,90.818,9.4033,0.006769
106.73,-0.00067768,69.516,32.257,0.0038362
48.444,0.011998,17.857,71.205,-0.0030625
58.597,0.0038016,87.291,66.598,-0.0018285
14.999,0.011199,144.85,119.39,-0.0052831
45.123,-0.010064,123.1,114.07,0.0031492
54.543,0.0096812,51.164,-8.7158,-0.008228
85.285,0.0024256,32.035,66.331,0.0064191
73.284,-0.01325,27.796,79.146,0.0047203
4.8377,-0.0053419,72.626,47.995,0.0036748
31.37,0.0084147,61.74,122.29,-0.0049966
65.589,-0.00082516,22.991,23.078,0.0080558
62.354,0.003891,48.913,172.94,0.0013055
99.534,0.010977,69.798,58.454,0.0021833
38.135,-0.0005913,153.34,58.983,0.0027701
161.89,-0.0034779,71.012,67.704,0.0075885
-22.596,0.017693,47.753,47.03,-0.0033585
70.532,0.00043854,143.98,34.792,-0.0063097
104.12,-0.01124,39.263,2.0292,0.00085243
124.91,0.0022679,117.27,70.489,0.0014766
36.147,0.001255,54.558,116.51,-0.0032009
24.944,0.001518,38.502,133.96,-0.0091135
46.27,0.013463,29.948,89.572,-0.0011464
75.073,-0.00037966,61.07,156.73,0.0034286
93.843,0.0021128,78.659,57.74,-0.0066388
112.89,0.011836,73.729,93.645,-0.00031301
36.154,-0.0021842,103.34,105.91,0.00030267
58.73,0.0049892,142.99,30.871,0.00089747
156.69,0.00023833,95.386,46.011,-0.0074506
95.705,-0.0047614,56.046,75.695,-0.0029205
33.199,0.0063755,76.45,57.513,-0.0061801
67.83,-0.0063972,104.32,32.765,-0.00037221
83.961,-0.0069834,67.05,77.177,0.0021614
83.422,0.012548,69.73,117.73,0.0052418
94.628,0.014378,82.887,101.8,-0.0066076
39.779,0.0026967,64.401,4.9693,0.0031519
42.188,-0.009909,84.333,29.893,-0.0035896
135.97,0.0086526,25.467,78.85,0.0040323
53.029,0.0059812,68.676,124.34,0.012496
77.85,-0.0051303,92.735,8.1574,-0.0035668
76.744,0.00095583,94.53,77.101,-0.0088537
44.291,-0.0039804,75.38,34.798,-0.001356
97.289,-0.0015816,56.895,57.034,0.0023389
60.469,-0.0017858,101.49,48.901,-0.0040841
60.102,0.0058586,81.253,41.626,-0.0013761
8.0097,0.0064419,64.31,83.872,0.0099428
34.543,-0.0097543,72.944,58.648,0.0032693
103.72,0.0019197,92.978,108.07,-0.0052519
64.313,0.0074514,61.258,50.382,-0.0095709
30.887,0.0027918,104.64,27.432,0.0022376
50.479,0.0036076,72.621,116.09,-0.0028107
26.03,0.0070238,65.68,12.965,-0.00080046
138.91,-0.016317,54.348,20.746,-0.0060171
49.645,-0.013338,114.38,44.803,-0.008417
116.66,0.0002808,76.18,23.637,-0.0099597
80.344,-0.0063116,34.644,140.51,0.00050809
73.032,0.0069786,57.068,41.748,0.0040046
9.3209,0.00033003,63.664,107.09,-0.0017929
101.96,-0.006397,69.105,68.848,-0.0035695
61.919,0.0092714,39.432,154.66,-0.0018832
68.403,0.0023391,79.618,131.37,0.0085051
49.021,-0.0085422,58.09,41.845,-0.0036384
92.343,-0.0037158,33.849,91.587,-0.0068257
113.79,-0.0017352,63.189,1.6274,-0.003568
62.358,0.0050725,85.322,86.078,-0.00081961
83.408,0.010159,76.532,86.353,0.0050854
70.621,-8.3828e-05,45.281,122.79,0.0040809
83.264,-0.0067091,65.425,88.444,-0.010341
44.899,0.013252,97.751,60.171,-0.0021519
62.743,0.01466,106.29,95.066,-0.0050755
66.671,0.0043102,50.023,51.569,2.6176e-05
138.23,-0.0026296,49.835,35.401,-0.0089572
62.635,-0.012171,42.088,108.59,0.00016024
99.432,0.0027135,22.312,64.468,-0.00048085
118.36,-0.0019968,37.411,96.184,-0.0010342
34.615,-0.00096341,42.416,67.403,0.00020698
62.022,0.0072978,108.74,-2.747,-0.0033162
88.042,-0.0062243,65.041,48.531,0.011968
63.1,-0.003222,129.81,90.911,0.013382
76.678,-0.0014612,104.49,-26.155,0.0073404
69.172,0.0057188,57.422,66.957,-0.0019525
75.426,-5.6016e-06,42.354,96.903,-0.0041986
131.29,0.0029423,163.76,64.5,-0.0046835
61.778,0.0049628,19.026,54.061,-0.0039411
93.309,0.0027873,60.634,90.469,0.00034276
115.99,0.0019989,95.944,121.3,0.0052078
73.011,0.011676,123.42,19.74,-0.006001
101.83,4.2458e-05,113.96,27.693,-0.0071682
69.847,-0.0012925,17.437,55.207,0.0019303
131,0.011863,77.326,80.277,0.0015643
69.005,-0.010824,122.27,120.82,0.0016491
91.88,-0.0044463,80.686,81.254,-0.0018477
34.096,0.0012596,76.575,125.45,-0.0025919
92.463,-0.015186,49.9,-28.785,0.0023084
27.256,0.014769,70.835,42.717,-0.0022993
28.397,0.001388,63.38,55.157,-0.007969
95.332,-0.0017057,81.437,72.159,0.0024424
42.485,0.010498,56.154,-4.7796,-0.0056874
138.02,0.013477,92.287,70.511,0.0025274
140.09,0.0090356,35.816,-7.4207,-0.003897
114.5,-0.0054264,73.048,20.575,0.0036527
60.419,0.010807,123.79,21.376,0.0044194
150.32,0.00117,57.618,7.7067,-0.0018113
87.364,0.0053861,25.278,73.749,-0.0028139
25.759,0.0081589,73.111,47.996,-8.1307e-05
102.15,0.0095213,47.34,57.88,-0.0056711
135.98,0.0071428,114.75,128.36,-0.0067255
78.549,-0.0030322,103.13,30.944,-0.0030285
144.57,-0.0036949,85.752,112.33,0.0013838
126.16,-0.0029781,63.057,58.104,0.0016962
61.683,0.0054483,103.22,83.647,-0.0022055
133.07,-0.0013962,73.739,132.69,-0.0028917
104.53,-0.010792,25.183,83.194,0.0010071
11.802,-0.0046813,75.233,103.16,0.0026989
60.711,0.012116,86.075,86.786,0.0074548
81.281,-0.00061914,113.45,-0.95797,0.0075016
30.732,-0.010292,9.0428,69.911,-0.0027412
83.44,-0.0056856,42.574,92.688,0.00048222
75.432,-0.0015968,1.8391,44.29,0.0035287
61.071,0.0039223,55.85,85.071,0.0047147
111.15,0.0099947,74.904,65.895,0.0014649
131.83,0.0063302,97.445,128.94,-0.0092855
80.772,-0.0026441,84.303,86.015,-0.0091013
105.87,-0.0076603,55.863,135.18,0.00013774
61.731,0.005196,80.306,78.709,-0.0019962
96.191,-0.013603,115.19,73.524,-0.002064
71.723,0.016031,45.052,70.798,-0.0063325
53.314,0.001935,79.126,58.631,0.0038578
107.72,-0.0029171,94.42,73.858,-0.0071803
29.949,0.008526,94.583,141.05,0.010414
66.258,0.0034078,85.452,59.785,0.0046892
67.949,-0.00048632,72.227,62.488,-0.0024581
107.82,0.0011902,49.047,83.912,0.0020886
71.713,-0.00079173,125.31,67.062,-0.00084908
58.04,-0.0047974,84.975,63.818,0.0040511
27.774,-0.0060857,85.682,87.234,-0.0036345
43.992,-0.0018883,80.74,86.303,-0.0030133
35.537,0.0019382,39.092,150.97,0.002151
58.593,-0.0026939,-19.198,19.162,-0.0041061
88.098,0.0040175,81.128,88.765,0.0058498
110.84,-0.0012733,43.306,88.018,0.0091091
-1.9883,-0.0049011,100.03,24.273,0.0045435
63.347,0.0047871,12.358,77.069,-0.0022655
47.078,0.0056828,131.03,82.04,0.0075923
48.058,0.006544,83.629,25.656,0.0044962
139.44,0.00057136,122.84,82.028,-0.0073009
118.24,0.0030109,96.622,87.681,-0.0018811
91.912,0.012533,73.867,79.035,-0.002395
75.576,-0.0079942,87.924,39.15,-0.0012559
36.706,-0.015257,98.313,94.044,-0.002467
116.39,-0.0061211,41.116,90.28,-6.981e-05
74.77,-0.00089239,64.662,118.8,-0.0034997
52.829,0.0060414,86.935,41.497,0.0041362
67.078,0.012397,91.849,65.67,0.0051454
66.268,0.0054768,89.49,96.025,0.003424
109.86,0.004711,52.506,67.489,0.00080337
133.44,-0.0028666,61.693,-22.518,0.0037634
90.059,-0.0076923,34.45,75.183,0.0064425
35.46,-0.0011429,42.1,44.467,-0.0041118
131.43,-0.0015967,56.56,38.755,-0.0066048
93.733,-0.0069722,101.79,37.699,0.0016297
81.336,0.0052167,84.556,17.454,-0.0044497
69.638,-0.0033895,50.422,116.1,0.00081621
93.683,-0.0080528,99.27,80.965,-0.0025348
110.02,-0.0049348,99.158,15.212,0.0044914
47.593,-0.0077728,23.914,64.604,-0.0083637
77.138,-0.0033825,80.064,87.221,-0.0014473
63.278,-0.0026281,104.73,52.866,0.0025669
103.39,0.00023775,-0.38661,73.055,0.00038784
72.763,0.007499,27.616,76.729,0.0051394
58.455,-0.011662,126.48,45.224,-0.0052644
41.109,0.0042852,61.96,51.502,-0.0017181
105.15,-0.006393,109.5,125.88,0.0021091
53.76,-0.0038546,118.01,19.262,-0.0010772
62.695,0.0066382,116.13,88.467,-0.0047303
25.119,0.005406,49.447,40.091,0.0069195
68.65,-0.0020308,72.091,69.138,-0.0057222
178.27,-0.0034629,45.512,138.18,0.0046433
73.254,-0.00199,97.675,71.308,0.0023237
103.89,-0.0050575,67.162,41.224,-0.003166
121.42,6.8134e-05,40.053,-2.3828,0.0024422
40.272,-0.010515,95.777,78.516,-0.00075321
92.569,0.0044794,62.832,79.253,-0.0025524
110.11,-0.0055665,105.38,75.39,0.0031454
72.242,0.0023557,84.647,-18.662,0.0016116
72.839,-0.00052703,99.46,75.191,0.0049215
56.537,-0.0064537,122.88,17.617,0.0065748
42.383,-0.0021772,30.758,48.857,0.005171
71.593,0.011546,51.25,64.066,-0.00089829
91.715,0.0039612,86.469,51.084,-0.0017458
119.24,-0.0019414,79.659,17.264,-0.001323
93.321,0.011416,54.708,92.531,-0.0015109
77.576,0.019447,114.95,21.944,-0.00020254
117.16,-0.0050039,117.54,70.825,0.0065244
140.09,-0.0020147,85.765,89.647,-0.0040262
129.04,-0.0043932,59.871,39.568,-0.0021634
55.717,0.00057592,117.64,82.506,0.0071644
134.21,-0.0080539,89.525,94.47,0.0054083
99.66,-0.0014456,95.326,16.852,-0.0013008
68.24,-0.002671,73.998,67.633,-0.0025287
80.421,-0.0090994,88.858,63.394,-0.00068211
82.022,-0.013235,96.317,90.24,-0.0041467
68.779,0.0040508,26,61.748,0.0025192
60.319,-0.0050118,88.287,99.393,-0.0030423
54.761,-0.0074747,140.76,33.952,0.0022991
30.895,0.0028857,91.157,82.659,0.005513
66.973,-0.0080882,75.566,124.74,-4.3289e-05
90.588,0.012506,97.489,47.84,0.0026722
80.118,-0.0086018,63.367,122.81,-0.0026925
111.53,0.007539,70.447,140.03,-0.0039624
76.852,-0.0078063,58.789,80.121,0.002188
43.499,-0.0015658,95.559,115.97,0.0039899
97.418,-0.0043991,8.347,106.97,0.0013403
41.399,0.00088396,54.761,73.771,-0.0022549
68.95,0.0077995,52.834,36.717,-0.0012567
102.18,-0.0034603,75.623,-6.6813,-0.0056059
64.374,0.01093,93.345,68.07,0.0006309
72.546,0.021168,61.681,100.28,0.01215
51.074,-0.00067887,51.914,100.08,0.00061101
75.189,0.0062535,44.339,96.624,0.0038429
54.321,-0.00083573,117.22,105.08,0.0065865
131.64,2.1954e-05,82.971,70.891,0.0033963
53.707,0.0055504,76.643,105.15,-0.0068512
68.804,-0.0025366,51.96,101.84,0.0027966
131.06,-0.0044529,82.151,81.646,0.0066675
122.13,-0.00013473,153.02,82.819,-0.0084073
96.113,0.0039741,77.879,78.292,0.00057189
91.466,-0.010018,84.218,68.046,0.0076354
29.908,0.0032462,35.498,61.826,0.013597
51.715,-0.0041201,52.089,97.718,-0.0077923
69.539,-0.013082,98.749,-11.075,0.010407
105.09,-0.011693,73.705,107.15,-0.00077898
83.557,-0.010382,116.02,116.57,0.0086753
103.52,-0.0013823,112.03,91.697,0.0037245
23.199,0.0023477,139.55,58.908,0.0022722
92.543,0.00013068,72.978,57.515,0.00084036
61.694,-0.00069673,24.272,85.426,2.7839e-05
100.57,0.00062211,128.42,64.145,0.0050066
125.7,0.0013338,3.9968,87.837,-0.0048212
12.571,0.012831,64.079,81.755,-0.00036121
88.959,0.0094561,14.327,81.651,-0.0092543
61.36,-0.019493,50.314,84.423,-0.0045748
33.178,-0.0053047,104.52,23.979,-0.0050032
55.791,0.0038245,38.587,93.391,0.0016578
83.367,-0.0032435,95.612,57.583,0.0069087
73.552,-0.00050062,105.49,126.5,-0.00064847
69.86,0.0024,97.367,-10.774,0.0071297
50.114,0.0075128,99.352,37.938,0.0023675
9.1036,-0.0052954,58.33,11.007,-0.012279
-12.614,-0.0063507,32.784,37.752,-0.011589
89.146,-0.0040109,48.485,33.317,-0.0093532
73.366,0.0069409,116.92,162.32,-0.0046933
178.89,0.0021899,75.471,0.092565,-0.0069264
48.913,0.0037053,84.662,87.809,-0.0031662
71.498,0.0059279,35.399,54.505,-0.00035193
66.972,0.0017043,57.701,22.625,-0.0011036
35.756,-0.0099916,126.27,122.57,-0.0015288
31.434,0.010338,74.504,77.848,-0.00015212
39.363,0.0053384,45.249,69.394,-0.0060887
124.08,0.00058557,44.058,109.97,0.0078138
61.5,-0.0092302,93.642,85.038,0.00064951
67.335,0.0052867,71.103,76.329,0.0021881
60.69,-0.0029211,50.785,96.556,-0.004485
120.51,0.0029284,99.122,63.721,0.00030405
58.122,0.0066554,47.146,5.1394,0.0062613
119.81,0.0034543,-3.1226,88.829,-0.0050586
69.572,-0.015457,45.683,108,-0.0036507
113.81,-0.0075471,27.156,33.887,-0.0068926
94.129,0.013184,78.329,99.07,-0.00031256
80.676,-0.0016478,63.454,164.75,-0.0045306
79.39,-0.00042297,60.632,90.932,0.0035935
100.37,0.0011301,53.603,-18.372,-0.0054857
107.93,0.013059,82.296,58.106,0.0085418
40.831,0.0092794,67.214,47.645,-0.00087182
90.603,-0.0036004,88.094,82.811,0.0083813
54.735,-0.010887,-13.744,140.05,-0.0025704
139.59,-0.0025433,102.82,101.98,-0.004114
104.77,0.0043174,105.61,66.085,0.001953
42.882,0.00027264,124.66,96.655,0.0039733
78.643,-0.00013046,70.927,24.763,-0.0037905
40.303,0.0022484,39.469,84.372,-0.0061215
56.492,-0.0063106,32.201,57.986,0.011481
63.691,0.0032246,33.842,50.602,0.0011725
79.414,0.0035799,91.344,6.5437,0.0080088
50.806,0.0093344,92.356,34.486,-8.8149e-05
39.909,0.0098776,49.785,31.67,-0.0035808
98.109,-0.0045214,37.115,118.49,0.0035497
71.795,0.0084237,133.68,76.301,-0.0086931
107.6,0.012203,52.731,40.656,0.00068609
4.2175,0.0010445,111.46,75.208,0.0059794
65.314,0.0055601,73.256,0.13364,0.0039404
61.276,0.00018314,97.983,59.476,0.0028002
30.709,0.00014245,25.97,55.024,-0.00080844
1.3573,-0.0099775,78.05,63.679,-0.004055
47.907,0.003949,109.21,110.14,0.0037596
83.01,0.00037266,47.342,83.696,0.0064802
3.012,0.002867,102.91,66.678,-0.0051344
35.251,-0.00041234,123.81,118.02,0.00109
115.24,0.0096152,48.99,121.49,-0.0072313
62.953,-0.008225,26.918,54.824,-0.0024031
81.672,0.013216,86.029,62.739,-0.0018944
101.37,-0.0024985,85.09,98.122,0.0031951
120.09,0.00088331,82.59,13.746,-0.0019016
62.751,-0.012849,106.83,-3.1866,-0.0021809
59.305,-0.0021506,111.33,116.01,0.010747
70.873,-0.0018701,50.534,67.969,0.0012062
117.59,0.0015212,116.81,115.94,0.001088
29.111,-0.00011281,77.248,48.616,-0.00031827
50.996,-0.0025472,116.76,35.176,-0.010754
103.26,-0.0091002,96.149,34.032,0.0017381
83.427,-0.0040643,71.965,128.54,0.0036665
106.06,0.019059,49.07,71.842,0.0020523
73.999,-0.0086387,55.454,-34.735,0.0039146
58.205,-0.0037223,73.989,111.61,-0.0027433
86.843,0.0044841,87.658,46.497,-0.0075823
40.28,-0.0039397,121.19,79.13,-0.0037235
44.464,-0.0063205,79.092,27.265,-0.0029602
100.3,0.00012635,27.854,93.27,-0.00076785
90.472,-0.00014851,102.99,36.268,-0.0053282
-19.721,-0.0057964,55.083,85.07,-0.0032452
86.527,-0.0029946,114.12,23.922,0.0019288
55.748,-0.006266,59.832,76.947,-0.00062278
117.31,-0.01207,54.764,63.149,0.0051942
84.445,0.0042294,27.357,33.371,-0.0057373
118.09,-0.0064727,81.201,86.917,-0.0031361
32.491,0.0024107,94.695,52.909,0.007573
-6.5923,-0.0091502,110.38,-8.8621,-3.7065e-05
69.706,0.0026506,37.802,68.522,0.0050408
43.402,-0.00034816,90.882,115.51,-0.00095124
110.41,0.0023009,54.1,50.191,0.0053047
84.53,0.0066909,72.778,34.97,0.0010163
16.329,0.012082,29.022,69.121,0.0048423
33.204,0.0064132,67.381,105.29,-0.0015676
69.883,-0.0038835,74.783,133.34,-0.00035021
112.75,0.0079425,65.684,25.754,-0.00077954
94.485,-0.0030091,93.831,64.252,0.0075587
77.965,0.0011351,42.016,65.017,0.0019945
35.143,-0.0074643,59.51,7.8694,0.0075472
41.458,-0.010284,69.024,109.85,-0.00050545
97.528,-0.0077489,65.062,61.111,-6.1979e-05
40.623,-0.0072289,176.73,52.555,0.0024717
57.495,-0.0031713,91,29.729,0.0058267
61.692,8.1364e-05,69.509,95.543,0.0008768
100.74,0.0013367,54.67,-25.553,0.00095676
94.327,-0.00099167,167.2,103.05,-0.0015916
68.236,-0.0028126,5.9962,44.021,-0.0007179
50.165,-0.0051536,82.568,75.993,0.00020242
88.347,0.0017813,47.18,80.882,0.0025391
112.57,0.004033,174.89,51.457,-0.0029209
138.94,0.0073569,25.459,90.051,-0.011203
118.61,-0.013273,80.438,86.681,-0.0055452
90.038,0.00087684,100.9,109.73,0.0014486
128.46,-0.0076689,176.86,3.9361,-0.0034677
54.374,0.0069662,93.266,130.08,-0.001606
83.09,-0.0057607,76.137,-11.271,-0.0011814
82.979,0.004139,4.8436,37.095,-0.006701
76.912,0.0044278,82.636,109.46,-0.0021399
117.76,0.0067358,39.939,124.91,-0.0041641
56.199,-0.0032839,30.981,61.891,0.0010106
59.139,-0.00039575,25.649,110.43,-0.0058689
112.92,-0.0020812,36.838,65.064,-0.00015291
-0.73591,0.0063955,13.696,88.398,-0.0011716
84.75,-0.00037768,63.625,38.268,0.0013121
98.68,-0.013623,72.83,89.264,0.0011489
98.634,-0.0047182,119.61,79.529,0.0033027
82.274,-0.0067854,78.822,97.953,-0.0067122
63.292,-0.010589,85.681,13.156,0.0013553
48.464,0.003931,82.788,37.245,-0.0021274
76.089,-0.0028694,90.566,113.79,-0.0035715
51.436,-0.00010016,62.269,26.032,-0.00014662
145.8,0.0037703,23.649,81.686,0.0037537
22.195,0.0082404,59.127,126.24,-0.0044466
32.248,0.0077146,61.706,63.409,0.00052738
9.3453,-0.0015157,71.798,25.199,0.0067891
136.07,-0.0058139,145.89,31.536,0.00020856
82.356,-0.0030041,33.148,63.072,0.0050943
27.318,-0.0071148,43.031,105.85,0.0017037
132.63,0.0079367,67.661,74.73,-0.012508
61.665,-0.0023003,120.96,79.9,0.0016344
95.769,-0.0011879,61.748,19.829,-0.011434
94.346,-0.001082,58.931,16.65,-0.0057321
86.094,-0.011889,74.768,80.731,-0.0056096
90.77,0.0096928,103.75,36.51,0.0013621
134.03,-0.0029265,139.63,-7.3131,-0.0035752
6.9044,0.0010016,38.461,54.959,0.0048742
92.162,0.0021343,75.473,91.296,-0.0027937
46.016,-0.0038531,32.722,80.052,0.0047254
93.621,-0.013323,111.25,9.0799,-0.0030947
102.49,-0.0015818,42.405,66.127,-0.0011447
59.633,-0.00059118,68.646,37.863,-0.00056135
7.6625,-0.0020168,55.757,96.788,0.0045376
70.567,7.7055e-05,90.456,65.966,0.011732
18.692,0.0046226,71.821,85.616,-0.00089802
69.157,0.00046105,114.52,32.798,-0.0016929
35.941,0.01719,86.814,88.102,0.0030908
107.03,-0.0071853,-11.8,62.741,-0.001458
95.044,0.016671,22.744,116.53,0.0051797
80.96,-0.0077977,13.073,91.901,-0.0044059
70.46,-0.0032226,88.019,48.039,-0.0016507
89.174,0.0063843,94.328,98.553,0.0030855
113.8,0.0067963,35.697,112.62,-0.00070294
47.841,-0.010863,135.75,81.47,9.5785e-06
5.371,-0.0029639,102.89,110.27,-0.0035574
88.981,-0.0076622,99.027,81.297,0.0048555
35.497,0.0022277,75.005,113.11,0.00035381
75.947,-0.0078074,68.694,77.715,-0.0076868
83.674,-0.0027624,72.094,110.89,0.0057714
37.773,0.0077183,50.558,30.16,-0.0024914
36.828,-0.00034423,134.23,132.86,-0.0032323
112.11,0.0044256,115.21,50.684,0.0045699
94.596,-0.0052368,27.21,74.676,-0.0020785
36.882,-0.0067269,99.873,28.925,-0.0064054
125.22,0.0013193,115.72,87.021,0.0028994
78.905,0.0016654,46.776,4.1782,0.001648
116.24,-0.0075035,56.287,55.382,-0.0098888
91.823,0.0059787,22.673,74.805,0.0012706
82.5,-0.0053024,91.668,82.316,0.0033206
49.323,0.0090352,96.177,73.576,-0.0017281
109.47,0.0088549,54.389,-7.9066,-0.0044125
112.84,0.0016767,71.881,54.849,-0.010983
30.852,0.010398,92.214,145.83,0.00087979
95.687,0.0033797,60.942,63.232,-0.0061287
108.27,0.0059756,104.14,40.091,0.0043652
135.58,8.6094e-05,103.95,94.602,0.00037779
81.624,0.0038721,108.63,84.864,-0.0052661
79.912,-0.0029693,73.108,47.335,-0.00029506
95.685,0.0065194,115.98,103.26,0.0031362
50.766,0.0045082,100.21,87.405,-0.0011629
60.162,-0.003123,78.537,81.948,0.0014765
69.824,-0.015504,88.374,86.968,-0.0020735
86.569,-0.0044496,50.536,55.97,0.0065107
52.1,0.0026893,117.71,13.045,-0.0023023
86.567,-0.014026,47.567,124.74,-0.0042607
91.312,-0.0037727,90.504,42.629,0.00082035
135.91,0.0089549,83.96,1.8372,-0.00017941
24.697,0.0031579,129.33,25.082,0.00074955
46.929,0.007353,23.506,66.557,-0.0008656
143.98,0.0019328,89.265,99.509,0.0025996
45.581,0.0012607,43.359,62.897,0.006802
46.341,0.0067166,72.765,100.73,-0.00050093
72.712,-1.2465e-05,109.22,80.994,-0.00045637
42.649,-0.0049184,90.342,98.947,0.0035805
83.831,0.00047255,126.23,66.558,-0.0074697
73.175,-0.0095864,126.04,73.274,0.0046001
77.963,0.0047029,126.88,46.081,-0.0027139
64.49,-0.011246,69.641,125.04,0.0024539
128.95,0.0062697,77.085,171.17,0.0015068
127.84,-0.0021392,122.72,36.678,0.0073228
64.749,-0.00070872,102.53,83.693,0.0029422
49.796,0.0013863,61.843,112.19,-0.011571
108.48,-0.004661,124.12,50.739,-0.0047793
23.171,-0.00083442,56.58,43.575,0.0041449
56.566,0.014305,89.445,142.08,-0.0021287
143.83,-0.005663,54.406,8.9097,-0.002438
114.7,0.0034762,35.234,134.06,-0.0063222
69.518,-0.0040036,48.602,34.669,-0.0071424
65.159,-0.0063875,66.157,147.67,-0.0086052
105.26,-0.0075996,62.35,136.89,0.0046137
58.44,0.010637,45.677,110.33,0.0049007
67.656,0.0021595,91.148,41.825,-0.00048427
59.571,-0.0041983,89.077,27.386,0.0015076
86.852,0.0014605,94.455,96.346,-0.0025574
85.289,-0.011228,4.4412,177.03,-0.0019208
110.25,0.01104,64.14,16.15,-0.0014456
110.84,0.0012426,108.95,90.292,-0.0093734
68.269,-0.0048715,74.13,109.58,0.0022675
113.38,0.0014288,32.153,53.8,-0.00096203
43.912,-0.0013424,94.474,64.487,0.0051899
105.73,0.0048793,66.098,116.76,-0.0024135
113.47,0.0027193,79.809,47.499,0.0016817
66.397,0.0023283,71.914,57.246,-0.0096182
116.6,-0.011859,24.573,129.69,0.0011295
38.541,-0.0035401,51.293,44.856,0.0066138
53.815,-0.010593,1.079,4.4751,-0.0013757
60.307,-0.00012802,56.181,105.03,0.0021533
54.216,0.0023874,18.394,62.573,-0.0039031
66.225,0.0057401,113.28,76.875,0.0049729
65.889,0.0027085,80.431,59.468,-0.00079934
125.81,-0.0095597,44.402,8.3782,-0.0015408
98.264,0.012909,132.24,45.535,-0.0045935
34.659,-0.00023854,66.226,2.5627,-0.0043883
11.269,0.0092371,43.202,81.921,0.002039
9.8913,-0.0033958,88.515,64.514,8.8709e-05
23.109,0.0050204,65.015,94.208,0.0061503
73.002,0.0015073,51.57,74.421,-0.0075548
74.115,-0.0031671,128.23,77.312,0.0030802
55.088,0.0073673,57.116,22.641,0.0044031
54.063,0.00067633,64.761,31.468,0.0036986
46.124,-0.006106,101.73,-2.5067,-0.0064662
49.064,-0.005439,92.928,-14.806,-0.0018093
74.244,0.0078167,62.339,52.425,0.0041086
115.17,0.0012419,90.528,155.56,0.0037419
23.432,0.0087441,25.461,72.826,0.0082183
71.372,-0.0057425,59.616,44.985,0.0013537
68.049,-0.0080576,138.1,103.54,-0.0011715
92.912,-0.011141,1.6112,-18.569,-0.0062092
46.834,-0.0005389,78.792,73.056,-0.00083934
60.208,-0.0081457,9.2323,45.365,-0.0013947
69.957,-0.0037285,108.88,121.17,0.0020279
39.903,0.005055,26.15,48.417,0.0109
60.791,-0.0042554,122.64,92.162,0.0026645
83.275,-0.0023792,78.009,72.239,-0.00071414
85.767,-0.0053511,122.15,89.716,-0.00076789
106.25,-0.0070421,134.33,68.635,0.0057586
65.876,-0.0011167,90.468,-11.358,-0.0013636
12.413,0.00097283,70.114,38.215,0.0055667
80.228,-0.0026529,53.001,72.43,0.0032151
33.643,0.00048091,96.09,52.966,0.0021742
108.94,-0.014179,120.25,30.206,0.0052871
48.806,-0.0085725,108.18,4.9456,0.005587
50.505,0.0027693,92.181,74.35,0.00097147
52.282,-0.0022044,58.733,31.295,0.0039673
60.032,0.0083651,34.59,38.303,0.0057043
26.785,-0.0047642,95.806,55.622,1.3689e-06
46.041,-0.0014206,49.085,80.734,0.0014345
93.696,-0.00087426,91.861,51.415,0.0027372
49.589,-0.010513,41.297,64.814,-0.0060016
79.528,0.0073779,126.26,95.807,-0.00076266
40.234,-0.013175,33.733,157.21,-0.0026202
67.262,0.0032003,64.909,46.884,-0.002684
58.832,-0.0024432,40.154,100.2,-0.0057546
114.09,0.0046,35.353,27.954,0.0068725
76.041,0.00078093,99.714,128.81,0.00037746
88.748,-0.0051601,79.682,12.517,-0.002295
90.529,0.0019646,66.442,51.478,0.0020713
25.664,-0.0010288,52.647,42.336,-0.0048784
27.489,-0.0081368,56.831,40.923,0.00020766
50.821,0.013079,106.86,50.102,-0.00015598
120.38,-0.010194,116.36,77.647,0.0053674
74.445,0.01205,86.193,78.663,0.0035702
80.814,0.0022668,67.447,82.892,0.0096415
91.6,-0.00078511,54.738,13.701,0.0017523
64.144,-0.0015541,75.589,41.695,-0.003321
63.479,-0.0062987,45.041,-4.9125,0.0010261
52.226,-0.012384,62.462,49.854,-0.0011772
85.82,0.0011802,50.816,123.01,-0.0039023
50.609,-0.0079499,53.529,48.049,0.0010108
57.023,0.0024033,96.649,57.719,-0.0073712
80.109,-0.0043395,-3.7376,129.3,0.0094529
60.376,0.00095581,131.51,120.48,0.0020625
85.78,0.0022691,60.447,80.226,0.0052355
87.506,0.005956,75.814,101.32,0.0016584
117.12,0.0056734,115.99,24.528,0.0030869
57.586,-0.011198,34.673,33.238,0.0081608
44.947,-0.002114,77.095,74.69,-0.0035248
97.206,0.002106,62.195,45.222,-0.0073242
78.059,-0.013096,78.902,114.37,-0.0022664
110.85,-0.0049673,47.898,23.36,-0.0032735
139.16,0.0095919,89.443,33.902,0.0065223
118.51,-0.0010827,44.042,75.043,0.0030326
16.559,0.0055002,69.428,103.59,-0.0021432
112.61,-0.0041458,153.61,27.476,0.0021797
120.39,-0.0010089,80.362,38.911,0.0066235
74.643,0.014243,47.729,88.805,-0.00036694
95.326,-0.0047983,62.7,71.973,0.0050442
70.559,-0.0012132,85.088,86.853,-0.0020462
49.392,0.0080843,183.93,60.113,-0.00070511
61.606,0.0054089,39.963,38.38,0.0041376
57.445,-0.00053322,142.28,105.13,0.010229
59.372,-0.016785,41.767,61.468,0.00085026
67.269,-0.012275,84.783,92.529,-0.002029
93.551,0.0054702,35.623,93.665,0.0024935
14.688,-8.1423e-06,137.53,73.376,0.0072024
81.303,-0.0083806,43.889,35.029,-0.0016377
22.598,0.0099363,96.438,-15.791,-0.0030044
99.266,0.0013695,125.4,25.554,-0.0063346
94.994,-0.0089119,62.971,77.275,0.007257
82.214,0.0073768,64.724,46.823,0.0028952
37.957,0.0049658,64.139,77.341,-0.0051381
70.838,-0.0055642,37.7,74.589,-0.0066608
45.106,-0.0019476,106.84,51.331,-0.0017758
65.153,-0.0082559,104.2,104.37,0.0021461
97.717,0.0071279,105.09,84.276,0.012753
40,0.0031466,40.166,114.64,-0.0066661
81.812,0.0087854,75.9,52.543,0.0041971
47.112,-0.0009753,117.25,25.764,0.0057567
88.72,0.0080747,36.305,59.698,-0.0059624
43.748,-0.004764,74.846,63.983,-0.0089773
87.94,-0.0059293,-5.7944,107.05,0.0060557
69.434,0.015058,105.23,8.5741,-0.0008823
14.185,0.011121,119.56,32.472,0.00026026
66.194,-0.0006608,44.036,66.443,-0.004873
26.526,-0.0010734,72.065,20.83,0.0019831
104.06,-0.0080133,78.561,64.364,0.0042485
89.457,0.010874,85.669,75.935,0.012805
95.029,0.0023293,85.845,20.636,0.0013355
60.414,-0.0057628,54.813,88.902,-0.0070563
55.948,0.0099518,75.848,87.897,-0.00094508
125.43,0.00055215,93.63,44.214,0.00057026
57.449,-0.0035677,93.982,63.921,-0.0033609
46.572,0.0012255,60.821,85.212,-0.00036475
74.362,0.0021391,92.337,45.297,0.0036443
86.931,-0.0049114,81.523,74.95,-0.0042267
95.604,-0.0073554,90.685,63.158,-0.0063289
39.105,-0.00063525,22.43,93.114,-0.0015863
113.81,0.011462,104.62,78.784,-0.0087013
162.57,0.0031495,100.83,105.82,0.011527
11.656,0.0026346,65.604,107.6,-0.010377
141.57,-0.0040087,61.744,54.779,0.0044519
27.227,0.0010353,-0.59454,22.267,-0.0057915
92.792,-0.0042747,136.47,39.83,0.003882
76.221,-0.0068582,62.346,34.699,0.0040941
55.806,0.0067403,94.791,90.425,0.0079769
89.607,-0.0063798,12.971,82.926,-0.0094365
65.756,0.0087476,21.378,117.73,0.0051101
88.794,0.0030333,55.962,113.47,-0.00041565
105.57,0.001573,122.34,27.731,0.0041456
35.858,0.00031488,112.5,14.975,0.003175
83.664,-0.00014518,76.414,68.175,-0.0043239
73.837,-0.0031029,6.1795,37.05,0.0020262
42.94,-0.0023833,91.379,45.04,0.0030879
100.04,-0.0036433,69.85,99.597,0.0027893
78.974,-0.0038012,93.301,44.131,-0.0030736
64.937,-0.0045698,56.035,52.19,-0.0059268
4.0591,0.00078539,55.575,101.01,0.0023014
61.496,-0.0013345,61.829,45.894,0.0073291
98.597,0.0049762,79.449,119.88,-0.002017
54.936,-0.0019026,42.774,84.794,-0.0048801
32.559,0.015409,68.885,78.268,0.0034663
71.659,0.0057653,71.592,52.025,0.0024822
57.627,-0.008724,105.04,62.823,-0.011039
99.813,0.0058859,100.74,55.272,0.00060685
42.857,0.0053621,47.788,29.595,-0.007952
41.033,0.00095904,53.946,104.67,-0.010311
86.981,0.00073954,85.187,56.096,0.0042293
28.85,-0.008263,101.29,107.03,0.001289
86.114,-0.005001,92.567,105.75,-0.0064397
-9.7369,-0.00040955,56.267,43.336,-0.010233
74.375,0.014106,24.421,21.213,-0.001184
55.097,-0.0028017,92.488,61.562,-0.0089298
40.75,0.0040505,57.017,65.332,0.0013425
113.47,0.0013292,89.453,54.743,-0.0017961
62.384,-0.0043698,178.99,112.86,-0.00034663
102.82,-0.00041945,133.02,146.12,0.00088555
130.64,-0.0037563,114.94,132.84,0.0032543
114.37,-0.006554,68.228,97.496,-0.0046228
56.204,-0.0011693,134.29,28.654,-0.0028056
46.83,0.0050954,119.44,118.6,-0.0045123
98.808,-0.0022498,75.992,68.274,0.001988
71.706,-0.0036515,55.828,37.749,0.0016283
138.8,0.0098463,54.03,37.422,0.0035361
64.927,0.0059577,110.11,60.745,0.0053044
129.11,0.0051696,78.138,15.227,-0.0090855
65.276,-0.0035651,100.67,47.754,0.0072837
84.049,-0.0013162,83.182,107.4,-0.0061377
100.16,-0.0085153,135.09,120.76,-0.0003586
74.169,-0.002024,118.91,51.207,0.0019505
64.875,0.0018847,39.202,100.86,-0.0010837
96.088,0.008902,40.669,108.52,0.0027096
68.752,-0.0010843,112.95,115.45,0.00049997
96.827,-0.0045919,31.106,-1.9321,-0.0050713
48.736,-0.0037551,81.471,60.04,0.009188
-37.167,-0.0049261,76.05,70.032,0.0059627
34.018,-0.0071006,16.06,97.242,0.0083095
111.62,0.0010547,65.413,-0.49931,0.0013458
59.406,0.0073207,87.247,86.658,-0.0010094
133.3,-0.0011368,55.604,81.031,-0.0048295
52.746,0.0026741,55.163,58.552,-0.0076656
83.452,-0.0011365,74.366,-3.4703,0.0079707
17.996,-0.008686,91.69,57.648,0.012907
83.049,0.00036138,96.833,22.013,-0.0074761
65.203,-0.0047674,81.21,50.972,0.0035935
119.06,0.0038371,39.148,78.355,-0.0051083
92.832,0.0026048,24.625,74.905,-0.0041732
99.599,-0.0025324,120.81,61.41,0.0060286
70.968,-0.0034244,60.6,46.324,-0.0004465
71.992,0.0049449,58.573,113.67,-0.001902
89.733,0.0031577,32.371,90.693,-0.00018557
133.05,-0.0028596,79.112,71.795,0.0089593
115.23,-0.0034767,60.391,87.719,0.004062
41.719,0.01141,143.6,135.67,0.0016837
76.851,-0.0035693,106.05,123.66,0.0036051
36.981,-0.0045996,60.52,54.643,0.0030112
13.271,-0.0070605,69.387,94.619,0.0026857
62.086,-0.012299,-8.9992,46.378,0.0010374
87.891,0.0046225,97.453,108.84,0.0043813
86.938,0.0010545,10.096,-2.4131,0.0034041
130.2,-0.0015041,45.824,86.451,0.0044623
60.47,-0.00044366,70.268,80.697,0.01298
33.464,0.00027758,26.123,81.281,0.0090735
83.584,0.0096105,139.06,78.509,-0.0089379
85.134,0.0014137,39.553,45.938,-0.0041447
6.9346,0.00043775,85.359,67.809,0.0027647
105.62,0.0062887,66.846,90.448,0.0018067
23.717,-0.0080034,69.044,125.2,0.0047741
30.047,0.0018569,72.049,71.755,0.0040684
116.86,-0.012548,51.788,65.356,-0.00033072
52.981,-0.0080025,107.67,62.575,0.00068837
100.44,0.0085784,48.658,83.423,-0.0079669
72.862,0.0048087,79.089,72.916,0.0033131
51.965,-0.0052972,42.886,68.633,-0.0018139
32.021,0.0039265,92.236,32.81,0.0027188
88.793,-0.0062169,56.357,57.827,-0.0052112
79.63,-0.003092,84.922,110.16,0.0014617
51.875,-0.0018511,140.09,67.61,-0.0022454
37.366,0.0062573,86.543,48.137,0.00029271
78.139,0.010739,110.31,59.733,-0.0066372
37.316,-0.0033936,93.282,26.029,-0.011816
108.45,0.0012409,-2.5686,36.034,-0.00055844
96.574,-0.0065661,126.18,46.092,0.003955
28.866,-0.0051033,100.4,35.81,0.00011489
70.269,-0.0024041,86.964,38.955,-0.0069162
173.52,-0.0038992,64.931,86.715,0.0042882
68.796,0.0079665,57.452,39.725,-0.0075137
38.928,-0.013491,134.56,-1.9372,0.0027244
145.24,0.00056189,66.588,10.237,0.0010091
87.926,0.005632,83.084,79.52,0.0005394
65.696,-0.0063835,73.314,41.404,-0.0036931
72.58,-0.008823,84.099,120.06,-0.0046883
58.156,-0.005908,44.548,55.997,-0.0097437
29.742,-0.011757,153.39,31.427,1.1075e-05
115.51,0.01135,17.604,64.88,-0.00091145
77.914,0.0071074,101.51,23.465,0.0054696
114.89,-0.0058715,18.513,111.17,0.0037289
76.754,0.00080407,114,52.194,-0.003907
128.99,-0.00012405,77.752,91.267,-0.0041619
79.885,-0.011534,82.999,37.076,0.0034184
165.09,0.00082611,64.876,21.178,-0.00092965
79.935,0.0049965,68.118,21.572,-0.00256
34.439,-0.00023339,12.411,154.17,-0.0040056
66.683,0.0051628,93.535,-3.946,0.0091749
92.04,0.0059057,106.13,21.559,0.00040768
117.18,0.0041705,32.376,16.306,0.0071605
99.858,-0.01339,77.792,60.71,-0.0036261
83.347,0.0029691,31.902,69.492,0.0012577
26.871,0.0040706,66.57,115.56,-0.0084764
47.182,-0.0028605,86.674,42.464,-0.00011881
74.729,-0.002374,63.215,19.022,0.0019374
88.502,-0.0031171,88.959,63.187,-0.0012296
132.54,-0.015324,74.777,77.8,-0.0020002
70.817,-0.0085028,20.246,67.306,-0.0017124
72.033,0.0023674,118.11,21.137,0.0021657
54.134,0.0036196,133.38,40.735,0.001895
29.952,0.0060112,74.744,-15.58,-0.008533
108.55,-0.00048691,77.662,76.615,-0.0094667
23.996,-0.0029528,51.87,76.269,-0.013165
39.46,0.005421,66.18,90.509,0.0014401
78.386,-0.0022128,14.719,88.985,0.016963
55.312,0.0069608,45.45,59.545,-0.008248
65.547,0.0031109,85.063,89.545,0.0033388
63.054,-0.0060561,92.31,71.221,-0.0032919
70.654,0.0047031,50.417,52.083,-0.0059204
54.554,0.0077001,17.202,13.077,-0.0010414
31.663,-0.0047877,88.604,98.135,0.00049681
104.9,0.004997,100,40.073,-0.0042421
155.04,0.0015896,34.959,26.589,0.0046702
131.72,0.0039388,84.45,63.845,0.0014145
124.36,0.013086,59.841,51.982,-0.005011
119.44,0.00037918,68.78,64.717,-0.0092081
11.099,0.013561,38.006,48.101,0.0056343
123.98,0.0014835,75.74,86.848,-0.0068648
32.919,-0.0038507,70.92,76.031,0.0054039
116.23,-0.0013042,86.231,83.777,-0.0058576
114.08,-0.0046648,73.077,-36.745,-0.01241
55.223,-0.0056787,85.937,92.468,0.0045816
63.406,-0.0021836,110.11,15.306,0.0070637
119.15,-0.0086337,95.338,56.202,-0.0042174
24.117,0.003263,116.08,84.131,-0.0021349
108.26,-0.00076495,65.407,-27.605,-0.0042556
92.889,0.00044767,77.127,106.07,-0.0024244
122.21,-0.0016887,44.421,63.749,-0.0031556
24.657,0.0044467,89.336,34.071,2.6125e-05
51.679,0.0048297,94.059,48.687,0.0048188
0.43423,0.0028552,100.54,72.775,0.0025873
143.95,0.00066194,129.04,61.158,0.00039613
63.945,0.003719,12.892,44.419,-0.0023942
82.283,0.0030148,30.865,45.853,0.0087223
85.448,-0.0067117,129.96,90.041,-0.0051232
50.861,-0.014254,77.525,131.29,-0.0039669
67.926,0.0069796,47.778,119.49,0.0017894
114.15,-0.0043145,51.575,31.683,-0.00091512
73.558,0.010243,49.295,70.203,-0.0043087
103.71,0.0086641,91.088,80.664,-0.0046129
126.47,0.0072215,71.424,53.133,0.0016088
62.757,-0.0020135,23.928,47.64,-0.010541
126.51,0.0046949,77.103,49.284,-0.0019415
30.966,0.0073786,90.891,81.067,-0.0005937
40.207,0.0093856,33.622,89.302,-0.0062926
59.565,0.005129,94.253,70.591,-0.00025403
81.011,-0.0023839,26.038,54.783,-0.0017025
84.114,-0.0013154,-1.3548,50.638,-0.00096243
64.478,0.0055926,68.973,64.714,-0.0075645
84.868,-0.0011852,111.63,75.765,-0.0018873
9.15,0.00884,26.663,102.96,-0.0035708
40.602,0.0027097,30.157,100.6,-0.0044293
96.771,-0.00011476,121.56,83.383,-0.0024534
73.013,-0.011384,67.632,91.759,0.0037814
40.583,0.0014535,101.49,138.95,0.0062345
41.319,0.0022709,104.84,28.354,-0.0092177
90.724,-0.0010419,133.02,89.537,0.004263
62.418,0.015292,164.72,68.036,-0.010765
53.714,0.00041789,52.765,52.853,-0.0012986
106.92,0.0043193,142.57,90.118,-0.0017943
76.5,0.0044115,60.826,73.272,-0.0032545
52.072,-0.00089175,63.997,49.957,0.0060062
80.772,-0.002681,38.937,167.64,0.0037842
41.42,-0.0037331,42.272,83.412,0.00084444
83.96,0.00093806,78.527,41.221,0.0063034
45.23,-0.0048417,36.705,23.33,0.007796
70.659,-0.0026393,144.9,6.0265,0.011494
55.796,-0.0091774,100.59,63.815,-0.0032663
87.531,0.0087999,170.42,49.929,0.0032911
150.75,-0.0057361,102.61,5.535,0.0024575
78.831,0.0014268,80.449,56.25,0.0050548
65.295,0.0027303,144.67,65.885,0.0083282
109.12,-0.0071482,-8.5646,55.222,-0.0028241
68.922,-0.010378,19.866,51.813,-0.002995
9.9762,0.012906,90.809,89.108,0.003562
69.952,-0.00075061,70.368,91.994,0.0032831
63.235,0.003894,114.92,99.974,0.0063236
74.226,0.0018924,78.257,54.986,-0.019521
122.63,-0.0018081,73.907,123.06,-0.0018327
82.838,-0.0045339,90.887,148.65,-0.0068798
110.94,-0.0049098,43.639,101.91,0.0027332
72.326,0.0086576,73.05,94.061,0.00078935
37.051,0.0064551,78.987,46.348,0.0017077
86.23,0.0068635,71.977,103.08,0.00464
49.118,-0.012601,91.384,150.67,-0.001234
34.249,-0.0017107,63.847,69.887,-0.006399
85.483,-0.0024746,48.103,59.992,-0.0082696
61.842,0.004745,18.209,-11.495,-0.0095439
31.69,0.0062788,19.833,80.423,-0.0024046
83.07,0.0047508,86.35,60.075,0.001489
76.198,-0.0010461,136.2,75.009,0.00048727
80.818,-0.00030759,107.22,54.459,0.006472
54.761,-0.0038217,96.366,99.558,-0.0022195
72.352,0.0026855,71.505,45.24,0.0058616
42.015,-0.0016453,103.89,193.9,0.0041541
113.9,0.00034791,78.376,60.039,0.0028564
163.87,0.0041478,102.38,93.662,-0.0094545
84.605,0.010689,52.38,127.27,0.0025075
90.41,0.00062284,68.004,56.847,0.0019175
76.371,-0.00095596,112.29,105.76,0.010042
101.29,-0.0029887,92.005,102.4,-0.00091016
70.534,-0.0033252,83.586,65.126,0.0084938
67.851,-0.0041575,93.955,98.72,0.00049111
54.486,-0.010731,104.19,84.13,-0.0054221
80.539,0.00099076,63.593,132.37,0.0050363
143.54,0.00035386,75.925,17.346,9.5405e-05
105.49,0.0086471,132.99,41.139,-0.0057897
31.846,0.00098297,131.78,85.262,-0.0014794
119.33,0.0030123,45.292,72.465,-0.0032581
43.771,0.0062121,38.541,98.973,0.0022634
116.88,-0.011755,72.452,103.32,0.0059795
-21.094,-0.0013088,36.508,79.29,0.0021907
95.531,0.0011888,57.609,90.611,0.00364
78.303,-0.0010368,59.094,86.906,0.0035483
70.843,0.0049051,90.931,125.34,-0.0030627
45.276,-0.013043,89.967,85.052,-0.0010235
90.454,0.0099155,76.518,138.39,-0.004649
60.253,-0.0061029,107.85,34.676,0.0071935
58.266,-0.00090544,53.751,122.95,0.0022614
83.056,0.00043599,104.39,49.471,0.0057865
60.892,0.0036883,61.505,49.473,-0.001645
22.793,0.0065264,2.144,35.702,0.00091945
146.3,0.0026496,94.129,152.47,-0.012632
-29.931,-0.0028048,88.069,81.258,-0.0025502
46.14,-0.00070795,67.761,31.058,0.0040871
100.32,-0.0021302,95.609,78.671,0.00056546
52.675,0.0026719,76.695,85.579,-0.0024139
52.638,0.0034944,59.046,94.729,-0.0054127
37.779,-0.0025958,62.533,80.453,-0.00088484
34.356,-0.0021101,100.51,21.857,0.0030326
77.973,0.015908,29.256,29.831,0.0016248
98.197,-0.0014189,61.098,42.692,0.0062977
64.187,-0.00070217,72.76,-18.921,0.0019316
73.754,-0.0035252,67.05,17.933,-0.0037523
106.33,-0.0031586,68.425,82.624,-0.0011
141,0.0037886,112.58,102.52,0.0016337
109.37,-0.0055716,203.38,0.40819,-0.00031539
122.98,0.006576,62.615,56.921,-0.0020506
76.079,-0.0029356,82.459,47.332,-0.002111
119.06,0.0023213,59.235,181.53,0.0040389
67.323,-0.003563,48.211,110.85,-0.010143
33.536,-0.0023586,99.236,82.091,0.0024081
100.76,-0.010424,73.437,74.053,-0.0059515
125.12,-0.004385,88.165,108.56,-0.0065864
63.193,-0.0062263,41.105,75.17,-0.0024726
60.22,0.004191,76.325,50.141,0.0050712
146,0.0016125,106.8,112.55,0.0045681
126.2,-0.010684,101.57,44.691,0.0064722
52.584,7.6148e-05,72.342,52.042,0.0013143
51.086,-0.0036883,144.16,45.07,-0.00031511
75.697,-0.0043581,48.57,69.805,-0.0070408
36.018,-0.0073898,100.58,77.467,0.0092411
101.1,-0.0068413,40.729,72.184,0.0018788
95.698,0.00094424,53.356,73.856,-0.0019866
28.389,-0.011667,76.043,19.212,0.0088404
22.914,-0.0017481,38.038,27.249,0.0043116
95.306,-0.0028442,77.803,24.778,-0.00081677
42.7,0.0054437,45.365,-14.07,-0.0024608
60.107,0.00045374,34.582,34.39,-0.011233
101.17,-0.011535,94.439,122.71,0.0015284
96.041,-0.0039392,50.235,43.047,-0.0070782
45.189,-0.005195,130.11,22.176,-0.0028534
124,0.0058427,54.159,100.64,-0.005946
77.051,-0.0010871,56.632,112.19,0.0056478
102.48,-0.00053758,45.144,64.14,0.011103
22.727,-0.00014204,93.849,66.376,0.001415
43.143,0.0028014,117,38.811,-0.0061479
58.086,-0.00041587,109.32,26.045,0.0025831
58.288,-0.0063707,73.626,63.35,0.0074486
64.367,0.0043831,43.845,15.48,0.0047219
15.231,-0.0057928,85.695,102.26,-0.0027723
106,0.0025762,102.07,32.49,0.0029511
53.977,-0.0042484,60.492,70.282,-0.0076047
100.03,0.0047876,89.557,53.71,0.0019699
55.896,0.0082226,41.345,90.301,0.0018925
2.4416,0.002845,44.549,93.252,0.00088712
24.543,-0.0046838,27.434,8.3021,0.0067408
119.36,0.0018695,4.3722,66.607,-9.6617e-05
100.47,0.0035332,54.508,105.75,-0.006403
25.693,0.00038214,74.559,8.9698,0.0094156
60.186,0.0035866,71.914,84.312,0.0019612
-13.131,0.0027756,137.12,167.5,-0.012474
59.921,0.00070919,59.57,59.807,-0.0017349
109.26,0.006574,16.054,125.35,0.0098816
97.433,0.0077596,60.322,57.807,-8.6203e-05
70.26,-0.008827,77.766,59.669,-0.0010524
114.19,-0.0092086,35.918,44.412,0.012519
116.47,0.0050618,39.19,113.54,0.00011437
11.969,0.0018319,114.92,83.032,-0.0080358
107.61,0.0022805,133.5,86.357,0.00051935
35.191,-0.00027391,106.53,92.944,0.004346
84.416,-0.0040963,74.669,92.603,-0.0061551
87.742,0.0090117,119.34,94.502,-0.0014134
29.539,0.00043944,112.67,71.03,-0.0012635
55.952,0.0070442,77.689,67.441,-0.010823
77.472,0.0041772,36.145,77.926,-0.00068116
34.751,0.0073609,43.548,109.73,0.0099682
55.43,0.0031758,82.166,31.027,-0.0044572
62.963,-0.0073235,42.255,42.772,-0.0038635
95.904,0.0033476,64.538,3.0123,-0.002144
59.227,0.002076,39.864,43.883,0.0032499
74.27,-0.010749,59.9,-8.9423,-0.0034345
96.618,0.0045586,53.036,-73.957,-0.00098587
73.623,-0.013925,124.82,44.275,0.0040743
54.211,-0.0044405,41.383,45.369,-0.0016756
105.86,0.0003073,53.808,92.257,-0.0012951
21.447,0.0061103,68.915,123.76,-0.00098881
89.828,0.0055068,90.936,104.7,0.0053292
117.02,0.014344,55.322,7.5945,-0.0089247
62.527,0.00052447,56.438,110.09,0.0024131
-17.162,0.0036247,116.07,89.676,-0.0020175
37.611,0.001556,52.752,122.82,0.013121
112.7,-0.0073133,40.047,79.029,0.0028948
120.99,-0.0044007,87.324,46.366,-0.0046176
6.0946,0.0042997,79.215,82.415,0.001731
8.5887,0.0017781,72.126,51.204,0.003417
96.578,-0.0015132,114.75,86.423,0.0022619
45.533,-0.0058287,45.264,44.144,-0.001601
92.89,0.0058241,35.525,93.211,-0.0091108
45.293,-0.0069924,44.702,6.4785,0.0011056
24.936,0.0044395,59.077,128.26,0.00073431
79.618,0.016401,92.856,91.397,0.0044173
37.82,-0.001657,28.933,58.095,-0.0038377
6.8972,0.0057375,80.426,54.086,0.00078803
2.3417,-0.0014963,80.938,60.992,-0.002454
48.053,0.0071314,103.28,45.562,0.0094599
49.91,-0.0012327,36.339,84.332,-0.0020619
48.838,-0.019404,102.11,3.7791,0.0069081
107.58,-0.011362,124.25,98.67,0.0042171
95.502,0.002461,29.455,90.455,-0.0034116
31.197,-0.013819,86.93,69.855,0.001402
48.704,0.0036221,8.903,114.08,-0.0035319
86.4,0.0026807,10.32,117.92,0.00063774
65.777,0.00041564,120.38,79.265,0.0022585
19.062,-0.0080711,79.999,67.858,-0.0018442
47.761,-0.0064364,31.439,47.597,-0.014637
43.293,0.0036056,32.808,76.217,-0.0056892
32.039,0.0016324,63.125,76.885,-0.0025727
54.122,0.0032489,56.858,83.304,0.0043859
96.163,-0.0032383,27.993,61.52,0.0022943
18.331,0.010617,27.545,3.1599,0.00035726
89.326,-0.0034053,52.188,35.053,0.0030787
91.088,-0.0032948,42.756,48.417,-0.0024988
11.728,-0.0022508,55.644,41.098,-0.0081679
121.32,0.00013496,111.3,84.504,0.0031072
35.739,-0.010177,87.83,106.16,0.0047356
64.146,-0.0029077,101.75,104.39,-0.00032258
46.117,0.010742,58.604,89.846,0.002412
117.67,-0.0030971,44.55,96.16,0.00048339
46.933,-0.002504,60.559,73.588,-0.0058102
25.441,-0.0052815,67.726,43.234,0.0031986
43.96,0.0086426,109.74,15.237,0.0023679
73.567,0.0087858,45.692,143.77,0.0078304
115.68,0.0015651,27.216,44.124,0.011862
69.393,0.010952,58.783,155.91,-0.00061875
87.873,-3.6993e-05,44.054,66.127,0.0073047
74.049,0.0043239,32.679,108.95,-0.0046068
144.95,-0.012221,47.799,27.682,0.0022942
84.655,0.00099426,121.55,73.206,-0.0072693
63.667,0.0052947,121.98,71.719,0.0056707
75.46,0.0059126,73.238,80.789,0.0045367
106.19,-0.0094506,-16.448,104.32,0.0024312
129.45,0.0066359,55.466,165.88,-0.0011657
94.77,0.0014724,105,69.946,-0.0013093
80.278,0.009405,42.709,80.4,-0.0034283
40.134,0.003509,81.111,48.074,-0.0010397
20.58,-0.0088497,86.727,63.375,-0.0010113
99.814,-0.012135,57.307,34.925,0.0010498
58.961,-0.013134,55.775,87.708,-0.0012799
123.05,0.0075216,119.23,106.24,-0.013579
125.54,0.0041964,16.496,47.309,-0.01012
44.242,0.011764,76.44,52.422,-0.0057274
55.91,-0.00087089,86.658,10.06,-0.0091879
72.833,0.00059045,9.1227,72.504,-0.00053231
60.981,-0.0071398,87.297,29.091,0.010249
78.93,-0.0014419,63.112,111.69,0.00045886
71.866,-0.0022828,70.007,39.852,0.0041037
6.0718,-0.0032443,103.74,-3.5955,-0.0030691
29.721,0.0032504,24.655,88.607,-0.0046525
62.252,0.0029649,83.966,43.889,-0.0040591
123.18,-0.00016834,107.26,45.185,-0.0038082
102.68,-0.0067289,20.924,30.879,-0.0031527
55.329,0.0019958,92.645,34.772,4.1076e-05
80.009,-0.0022423,75.699,27.972,0.00295
76.742,-0.0033032,121.81,58.913,-0.0028962
61.126,-0.00091589,74.129,45.764,-0.0010704
59.096,0.00057137,46.851,86.041,0.0023416
84.753,-0.0082583,67.789,64.706,0.0035776
55.008,0.0036385,96.471,116.71,-0.0083383
84.881,0.0025695,107.12,31.18,0.0017392
125.91,-0.020005,108.83,89.952,-0.0099786
96.629,0.0099657,46.198,121.51,0.0032563
53.739,-0.0079399,-12.565,30.518,0.0055501
92.076,-0.002545,111.72,-6.2661,-0.0083262
84.665,0.010652,54.428,66.585,0.0066142
102.06,-0.0082855,142.66,67.007,0.0020949
104.15,0.0031,51.045,-32.91,0.0068719
74.142,0.011768,37.872,90.649,-0.010035
121.93,0.016101,150.18,108.63,-0.0016867
119.18,0.0060911,72.554,76.157,0.0062598
79.194,0.00085547,122.83,70.196,-0.0028632
100.22,-0.0019911,54.663,69.423,-0.0061345
38.278,-0.00358,78.186,93.442,-0.0016165
32.807,-0.0036713,122.37,37.895,0.0014078
119.37,-0.0025642,95.419,108.79,-6.7766e-05
134.2,0.0044728,65.14,42.248,0.0081026
45.441,-0.0013473,81.291,77.358,0.0063089
37.824,-0.0018584,68.261,17.968,0.0030197
68.858,-0.0011234,77.258,90.703,-0.0016745
58.562,-0.0048458,62.441,58.237,0.00039323
26.766,0.0035342,105.82,-3.1435,-0.0074092
58.757,0.0077576,124.31,47.41,-0.0047613
17.814,-0.0051257,74.76,70.702,0.0017625
83.512,2.9788e-05,88.568,4.8043,5.753e-05
46.399,0.0032666,38.477,72.399,-0.0047368
131.93,-0.0024446,127.88,86.854,-0.00022941
80.199,0.0077355,50.317,130.25,0.0020375
116.67,-0.0081216,46.31,29.897,0.0032563
123.73,-0.014387,64.006,62.683,-0.0027125
31.936,0.0051557,116.36,96.096,0.00039275
44.078,0.001722,1.2263,164.42,0.0081665
93.906,-0.00047187,114.01,127.66,-0.010892
92.091,0.0073668,98.924,35.473,-0.001033
40.517,0.0038462,77.2,-18.402,-0.0057424
112.76,-0.0071953,83.792,72.299,-0.001179
142.43,0.0015468,107.51,19.209,0.0051498
83.981,0.00051516,82.033,63.185,4.684e-05
-59.656,-0.0085226,59.716,69.744,-0.0035056
66.072,-0.0022748,21.997,117.95,0.00098607
39.499,0.0036042,23.346,49.36,0.0059113
41.888,0.001306,44.137,63.151,0.0053353
139.95,-0.002257,55.365,75.941,-0.006121
98.387,0.014667,47.563,82.148,-0.0043797
69.604,0.0053589,102.43,67.459,0.0016536
90.383,-0.0074084,51.512,42.461,-0.0022385
112.28,-0.009359,58.655,54.741,-0.0030193
64.749,0.0080319,39.992,48.479,-0.00038555
85.076,0.00056948,78.515,29.029,-0.0051934
95.712,0.0049946,105.76,112.11,0.0052421
21,0.0018652,115.27,67.373,0.00099895
115.29,-0.0018762,117.05,23.95,0.0063764
55.502,0.0064981,25.334,98.793,0.0023086
57.218,-0.012262,143.75,49.441,-0.0012142
79.513,-0.0063872,146.98,-21.071,-0.0054872
5.531,-0.014765,66.711,63.07,0.0046783
83.996,0.010015,98.843,91.415,0.002622
74.143,-0.0026345,66.424,1.6545,-0.0040718
110.58,-0.0019026,98.492,70.706,-0.0001016
61.816,-0.004639,40.353,177.31,-0.00023146
66.154,-0.022728,24.042,64.786,-0.0037724
24.708,0.0036259,128.13,68.148,0.0014954
136.61,-0.00034998,36.263,16.869,0.0015512
77.056,0.0031095,107.17,66.463,0.0029169
89.331,-0.0046769,72.729,70.484,0.00083821
51.251,0.00037309,135.58,63.461,0.0017177
52.36,0.00092714,60.858,150.16,0.0052557
76.009,-0.0015652,88.086,55.051,0.0034458
51.69,0.011898,126.27,70.382,-0.0025998
63.851,-0.001489,70.187,40.462,0.0056223
48.533,-0.0048487,85.902,-25.18,0.0030329
108.79,-0.013676,57.57,-12.249,-0.0012276
75.559,-0.015973,32.611,154.76,0.0077896
92.753,0.009324,39.238,73.834,0.00088101
65.098,0.0090781,-0.2884,103.31,0.0013936
51.189,-0.0067391,88.273,154.72,-0.0026488
34.924,0.0025809,98.266,44.225,-0.0010174
102.48,0.0043536,135.59,84.369,0.0012491
77.357,0.0020573,-6.8884,69.198,0.0054003
102,-0.0075703,13.75,24.267,0.0049117
59.839,0.002331,17.232,98.854,0.002158
74.334,-0.0062104,73.758,81.646,-0.00034231
22.744,0.0018064,63.911,91.467,-0.0018618
11.213,0.0050345,147.11,29.706,0.0056744
53.936,-0.0027342,104.98,37.966,0.0077838
46.199,0.00082169,113.4,67.281,-0.0020797
154.41,-0.0036696,42.516,16.487,-0.00015724
54.966,0.0012191,58.815,26.337,-0.00017486
85.114,-0.0072862,121.5,43.926,0.0014563
91.161,-0.010986,97.819,29.934,0.0012115
74.08,-0.0011974,52.77,69.424,-0.0030456
104.99,-0.00038335,51.288,66.809,0.0047343
48.091,0.0067323,136.86,94.096,0.0018719
97.265,-0.0035033,35.54,80.982,0.0013607
143.31,0.017933,66.439,157.36,-0.003763
33.966,0.0082096,133.11,59.237,-0.0013844
130.85,0.0048832,75.915,110.33,0.00051748
93.708,0.0088503,56.871,50.663,0.0041042
71.971,-0.003301,99.476,40.437,0.0044665
99.532,-0.015527,134.12,36.649,-0.00059826
31.664,-0.0029379,84.87,37.738,0.0016767
90.194,-0.0067667,51.216,93.794,-0.0011225
79.585,0.0075276,88.998,38.729,0.0066672
144.89,0.014026,89.694,16.958,0.0018149
77.189,-0.0018785,81.245,108.04,-0.0041787
121.96,-0.0033759,65.863,14.552,-0.0012992
61.839,0.013277,136.23,109.37,-0.007747
-11.699,0.014453,39.022,25.135,0.0039268
92.74,-0.0048473,88.938,52.901,0.0026077
62.792,-0.00011912,31.706,77.733,0.0024464
132.69,0.0010707,36.213,93.224,0.0082913
98.736,0.0095142,69.523,62.445,0.0018428
4.7982,-0.0063116,45.042,77.478,-0.0013376
58.601,0.017742,68.444,94.366,0.0045101
60.864,0.012159,70.615,56.781,0.0091208
81.11,-0.013424,45.704,48.291,-0.0040618
17.271,-0.010227,98.575,14.41,-0.0041644
112.28,0.0013926,85.058,14.936,-0.0056402
107.87,0.00060445,43.708,9.5516,-0.0028524
13.592,-0.0080849,90.223,54.667,-0.00076609
107.89,0.0061583,78.249,38.77,0.00044573
82.969,-0.0040114,110.83,23.455,0.0020636
101.82,0.00020079,62.338,63.142,-0.00072579
99.284,0.0055909,53.998,43.632,0.0047903
50.698,-0.0052467,79.597,101.97,-0.0002471
109.53,-0.0032025,79.773,77.028,0.0012115
132.69,-0.019103,155.67,20.679,-0.00012849
89.998,0.006601,82.187,-30.689,-0.0021569
101.1,-0.0047604,39.919,33.51,-0.0056382
117.61,-0.0012945,25.044,28.639,-0.0052564
93.59,-0.0027393,29.369,74.594,0.0052078
76.329,0.0033778,87.324,94.824,-0.0023781
104,-0.0033275,62.42,28.871,-0.0037643
126.99,0.0080292,76.549,130.9,0.0065335
112.88,-0.00072696,80.289,54.929,0.0023061
106.52,0.0011598,106.53,44.304,-0.014398
41.352,0.011369,71.938,40.454,-0.00096408
65.63,0.004792,118.93,-14.304,-2.3445e-05
65.125,0.0071249,-0.69121,21.144,-0.0020221
46.671,-0.0051367,45.336,83.443,0.00021823
63.261,-0.012718,38.699,138.21,0.004565
137.5,0.00054751,115.06,69.418,-0.0006739
192.6,0.0098862,41.987,74.304,-0.00037001
69.912,-0.0098991,73.428,26.232,-0.012186
151.5,0.00036857,116.68,105.71,-0.00067736
67.07,-0.0081249,69.843,22.71,-0.0082454
114.39,0.0014276,48.026,77.045,0.0038701
68.874,0.00074425,96.361,9.7083,-0.0014011
9.2627,-0.0052414,-19.334,-0.061611,-0.0011089
73.445,-0.0007749,56.803,51.953,-0.0037099
89.57,-0.0055328,54.323,13.861,0.0024448
69.466,-0.0041966,69.584,56.821,-0.0057742
37.647,-0.00064413,51.898,107.76,0.0055674
24.207,0.0085006,71.538,92.631,0.013044
46.431,0.0045091,101.61,50.737,-0.0043616
54.152,0.0070248,64.953,34.981,0.0053731
58.221,0.0046639,8.1572,46.785,0.00028972
133.45,-0.0061803,54.888,8.419,0.0059098
59.897,0.017685,142.4,73.491,-0.0012583
87.548,-0.018688,27.481,31.636,-0.0078757
96.109,0.0057219,44.345,48.909,-0.003812
29.236,-0.0049262,126.8,92.45,0.0031257
51.787,-0.0043248,140.6,47.481,0.0009143
77.269,0.0017994,76.425,150.72,-0.005543
82.651,-0.0033816,125.33,107.56,-0.0068928
23.645,0.0048018,25.246,45.921,-0.002796
44.497,-0.0036272,65.942,101.61,-0.0032971
83.646,0.0018673,103.02,84.794,0.0021136
63.313,0.0017179,147.29,63.149,0.00588
14.477,0.00052681,150,151.14,-0.00072151
133.97,-0.0039645,73.516,62.537,0.00048703
116,-0.018241,71.021,86.693,0.0081772
70.559,0.0044314,117.54,82.03,0.0031046
97.554,-0.00070329,82.643,111.95,-0.00036312
157.83,0.0025721,99.888,68.876,-0.0043636
111.39,0.0073087,42.535,12.717,-0.0042641
102.77,0.0044959,124.94,50.853,0.0051387
16.953,0.0057215,116.22,109.38,0.00057585
106.55,0.00026854,55.488,98.832,-0.00036006
98.971,-0.0052032,-6.763,97.153,-0.00063511
52.89,0.0030205,80.037,29.666,-0.0013443
37.796,0.0011893,69.467,63.399,-0.0055718
62.839,0.008238,158.9,114.84,0.0082336
90.319,-0.012372,97.121,41.39,-0.0035224
93.024,-0.00025956,51.09,23.039,-0.0028139
100.46,0.0030555,21.324,67.937,0.0032408
-17.992,-0.011064,30.594,64.613,-0.0083713
48.738,-0.00086574,125.47,41.852,0.0026485
13.022,0.015125,17.908,10.819,0.0013098
4.7591,-0.001247,48.916,78.953,0.0010746
136.7,0.0024384,45.941,77.12,-0.00041098
76.803,0.0042129,55.056,69.992,-0.00085203
34.167,-0.0049214,118.43,95.129,-0.0096132
49.789,0.0066292,55.238,67.677,0.0012265
131.59,0.0041084,76.891,29.884,0.0043271
91.578,-0.003983,105.64,38.965,0.012156
44.648,-0.017499,143.87,60.566,0.0020831
32.057,0.0038419,112.95,89.201,0.0055025
98.121,0.0054702,49.723,26.774,-0.0042161
41.714,0.0016765,90.094,48.825,-0.005016
2.7762,-0.0061746,145.6,54.385,0.00090459
66.291,-0.0047354,19.135,62.92,0.0017324
53.819,-0.012856,14.474,64.159,-0.0076563
79.117,0.0051712,113.99,57.966,-0.006263
88.155,0.00039237,91.245,52.234,0.0027851
89.71,0.0072638,84.028,61.448,-0.0024996
37.15,0.004458,79.182,73.345,0.00078762
28.118,-0.0039815,97.537,96.296,-0.0045684
111.86,-0.0066604,38.401,92.663,9.6876e-05
93.903,-0.0074012,49.039,80.305,-0.0098598
57.679,0.0059605,60.534,115.57,-0.002697
88.096,0.0077824,91.366,46.669,-0.0021278
94.799,0.0035293,15.23,62.13,0.0045928
65.61,-0.0034796,41.966,87.58,0.0031869
104.83,-0.0094367,111.15,104.39,-0.0021652
78.135,0.0039035,110.03,72.301,0.0029215
101.8,0.0032094,45.293,40.616,0.0067443
70.508,-0.0098533,93.199,18.958,-0.0021903
93.664,0.0040883,80.197,107.86,0.00023319
76.008,-0.0045787,129.61,61.988,0.00095561
82.855,0.0139,93.412,73.142,0.000512
128.75,-0.0032514,58.408,37.228,0.0033754
102.68,-0.016138,92.681,111.58,0.00028227
71.538,-0.0080369,69.552,79.525,0.0023856
97.709,0.0016063,32.171,66.268,-0.004319
81.748,0.010793,76.632,66.816,-0.0039807
116.6,0.0055599,110.78,88.716,0.0018556
52.781,0.0017679,62.683,93.878,-0.00078948
103.15,0.00071241,62.733,73.52,-0.00089335
30.985,0.015194,111.51,102.38,-0.0013186
38.24,0.0055793,105.4,39.978,0.00070995
5.4382,-0.0011117,31.805,-11.962,0.0060908
73.341,0.015048,73.722,2.4485,-0.0022855
41.624,0.0039198,87.927,34.114,-0.0068825
100.38,0.005558,110.87,103.44,0.0067993
70.624,0.0040341,102.5,-20.533,0.0043282
77.141,0.00057293,124.14,77.177,0.0084975
23.523,-0.0022548,65.949,40.765,-0.0002593
25.39,0.0041208,87.46,7.2122,-0.0089542
56.121,0.00011701,26.76,105.15,1.7991e-05
97.93,0.0024952,161.23,115.04,0.0058042
82.924,-0.010588,114.66,5.472,-0.0028161
119.5,0.003745,37.097,98.694,-0.0018644
62.5,0.00095637,111,91.682,0.0099795
133.48,-0.0026724,106.23,53.665,-0.0016276
22.445,0.0041671,94.154,57.501,0.00055781
99.963,0.010775,118.45,32.624,-0.0048401
107.9,-0.0018879,10.399,72.621,0.0061753
39.173,0.0019088,60.181,129.95,0.0040996
31.129,-0.00046187,93.016,75.559,0.0012243
43.025,-0.0029262,97.858,40.934,-0.004381
84.131,0.0069595,12.082,57.924,-0.0053427
33.539,0.0033293,140.72,25.894,0.0055901
65.041,-0.00057097,66.114,35.933,-0.0039964
31.711,0.0073711,128.49,68.391,-0.0043807
77.437,0.004431,140.89,46.918,0.0068504
73.611,-0.0043025,38.259,99.643,0.00036718
82.966,-0.0026365,166.37,97.156,-0.0056086
83.884,0.0005248,47.032,84.763,0.001145
130.72,0.004924,81.83,108.36,-0.0026467
44.11,-0.0099463,101.01,134.04,-0.010837
48.065,-0.00059338,99.242,65.809,-0.0057981
104.51,0.008415,70.406,25.961,0.0021889
61.069,0.0032453,110.29,77.819,0.00073854
76.147,0.0025279,64.46,54.002,-0.0062664
86.108,-0.0078765,39.139,126.12,0.0014735
89.475,0.00024996,58.802,100.73,-0.0055515
114.23,-0.0020464,38.931,63.701,0.0031875
109.58,-0.013414,32.879,56.685,-0.010287
7.1075,-0.0015568,83.131,111.62,0.0022197
42.051,0.0017031,43.165,66.017,0.0063074
78.748,-0.0016347,84.693,112.62,-0.00066956
71.147,-0.00024011,115.27,11.179,-0.0037905
52.796,0.0017304,85.883,45.23,0.00073979
75.007,-0.0070648,131.34,24.337,0.0046529
27.664,-0.0059067,48.989,53.718,0.00017342
121.56,-0.0060384,82.985,91.285,-0.0037425
105.27,-0.0029908,136.46,85.238,0.00135
75.073,-0.010745,72.434,57.484,-0.0028715
58.275,-0.00034067,27.724,65.642,-0.0026893
69.823,0.0050476,55.609,107.18,0.0024635
50.567,-0.0051518,89.646,57.87,0.005042
77.741,0.0016466,56.259,47.22,0.005577
52.756,5.8483e-05,107.36,92.928,0.0031796
61.727,-0.010434,157.78,68.428,-0.0036406
91.174,-0.010103,126.11,94.338,0.010022
114.02,-0.00064562,81.566,16.477,-0.0025922
64.515,-0.0026059,63.22,100.64,0.0026943
34.819,-0.0061929,154.95,128.76,0.013216
116.52,-0.01793,94.931,17.432,0.00050253
123.96,-0.0076932,115.38,127.23,-0.0015707
124.9,-0.005107,74.167,82.412,-0.0038764
93.716,-0.0026005,6.1861,61.529,-0.01255
83.259,-0.010509,48.358,79.206,0.00050504
129.67,-0.00088983,66.329,85.453,0.0021528
46.549,-0.00094396,87.997,90.146,-0.000693
87.185,0.012733,99.722,96.164,-0.0023372
31.337,-0.00512,100.67,72.418,-0.0031181
86.137,0.0062136,40.404,62.378,0.00030906
23.542,0.0028993,42.643,45.47,0.01139
100.89,-0.00058847,83.209,125.35,-0.002095
79.285,-0.0092633,35.746,9.9009,0.0010689
90.68,0.0053235,95.062,63.067,0.00051112
114.89,0.0011313,60.732,96.845,-0.0017477
13.785,-0.0066685,116.34,76.821,-0.0042477
58.892,0.0036517,53.43,56.658,-0.0079645
115.93,0.0092021,31.392,51.179,-0.001202
124.78,-0.0013915,103.5,97.007,-0.0028598
80.66,-0.00054713,93.252,79.154,-0.0085825
61.667,-0.0057546,120.39,46.452,0.0034638
83.94,0.0029051,-7.9466,78.396,0.0006381
55.401,0.0043973,100.55,32.356,-0.0066601
89.589,-0.0070082,69.101,14.122,0.00093476
109.22,0.002621,111.09,58.327,-0.0062526
83.008,0.0056563,124.72,100.67,0.0045492
37.454,-0.012477,76.692,59.846,0.002106
120.23,0.0021498,58.206,80.568,0.0021948
119.98,-0.0006605,125.72,26.038,0.0042999
-4.1567,-0.00052197,62.042,38.036,0.00058572
113.46,0.001182,62.015,50.359,0.0026002
63.228,-0.0062646,73.701,97.489,-0.0040542
60.211,-0.0056863,18.08,3.2674,-0.0016169
46.238,0.00077914,71.197,7.0808,-0.0071793
120.7,0.001033,76.025,84.289,-0.0045662
0.7819,-0.00060941,30.995,94.344,-0.0046431
128.86,0.011676,32.832,44.879,-0.0014699
123.04,0.0030434,73.09,17.848,-0.00064085
39.082,-0.0027737,68.393,38.829,-0.0010696
120.02,-0.0010697,116.94,106.61,0.0030612
87.712,-0.010711,52.593,52.907,-0.0023329
133.51,-5.166e-05,25.731,-0.55389,-0.00058201
63.163,-5.4158e-05,58.56,53.705,-0.0016205
57.282,0.0058181,71.667,42.639,0.0014458
97.637,-0.0053995,2.9121,38.546,0.0021864
23.813,-0.0063166,45.93,102.56,0.00032828
133.5,-0.0048083,84.721,39.489,-0.0031697
81.296,-0.0078092,76.365,118.19,-0.0023416
121.36,0.0082632,77.28,47.829,0.0014813
153.87,-0.00072093,53.551,105.41,-0.00017038
91.513,0.0084592,118.25,52.551,0.00031453
139.99,-1.1726e-05,108.36,109.57,0.0023963
58.095,0.009168,102.58,63.085,-0.0056627
82.897,0.00045155,110.06,106.25,0.00050918
76.941,-0.00098893,98.703,44.316,-0.0013932
79.8,-0.0009732,8.3999,111.85,0.0034112
50.008,-0.00099342,115.84,81.875,0.001516
117.89,-0.0049178,83.355,16.252,0.00033595
31.3,0.0012191,-21.487,42.179,-0.00095938
41.395,-0.013171,80.872,50.481,0.0031129
112.08,-0.0074218,33.365,27.802,0.009816
115.43,-0.0071631,63.882,86.699,-0.00313
54.033,0.002553,105.26,3.9457,-0.00043599
88.114,0.0041552,64.321,98.552,0.0032375
52.738,-0.0089475,35.461,50.435,0.0059557
109.11,-0.01347,52.835,29.418,-0.0020762
61.865,-0.006743,101.9,41.934,0.0045676
76.452,0.0034663,29.237,64.534,0.0050668
154.29,0.011138,83.29,14.069,-0.00053531
50.427,-0.017229,73.803,67.664,-0.0054847
109.15,-0.00064455,106.62,94.74,-0.0071303
30.85,-0.0047539,106.38,109.05,-0.0060982
145.43,-0.0020984,62.943,104.24,0.0044914
99.225,8.3414e-05,48.314,75.643,-0.00081177
67.903,0.0045059,79.091,60.94,0.0031265
110.88,0.0010481,145.17,76.282,-0.0050768
89.923,-0.00086955,36.655,37.686,-0.0045999
94.647,0.0068144,71.185,74.043,-0.0020952
68.17,-0.010177,93.508,36.3,-0.0042649
89.317,0.0039814,82.682,104.94,0.0033806
24.673,0.0077033,49.585,107.97,-0.0031162
94.204,0.0040084,95.182,-8.3286,0.00065165
117.95,0.010538,15.546,85.414,-0.0020089
46.732,-0.0082669,54.596,55.796,0.00045855
93.693,0.0095037,33.359,53.907,-0.0025491
70.456,-0.0038529,15.055,15.281,-0.0068231
139.56,0.0016895,70.472,83.124,0.0010009
144.43,0.0019684,13.747,49.796,0.0064565
80.974,0.0028473,81.275,70.914,-0.00010315
48.074,0.011327,81.492,84.652,0.0052183
110.45,0.0064399,106.51,114.89,-0.0015896
130.11,0.0031319,78.193,112.49,-0.0030948
101.83,-0.001708,64.676,50.922,0.0038194
79.396,-0.0031994,52.746,91.345,0.0023875
77.995,-0.0035132,52.216,103.65,-0.0017795
22.35,0.0058079,140.99,79.651,-0.001675
69.558,0.0012807,71.145,42.573,0.0027319
57.887,-0.0028942,56.527,90.994,0.0037746
89.575,-0.0057993,47.021,-12.018,-0.0051115
45.123,0.0034057,7.1376,12.073,-0.0029687
119.94,0.0013008,31.862,55.153,0.001975
116.19,0.0010917,-5.9199,89.866,0.00075885
14.11,0.0065671,149.9,1.0739,0.0081929
30.365,0.00040628,50.034,11.798,0.005553
60.011,-0.0087457,67.576,59.738,-0.00050751
81.146,0.010839,117.78,-24.672,0.0011722
52.204,-0.00034738,96.218,52.212,-0.0037967
77.699,-0.0093785,99.697,-11.359,-0.0012534
58.033,0.0061514,161.77,26.641,0.00081141
55.378,-0.007502,135.6,62.252,0.0060267
105.86,-0.004155,103,74.641,0.0028169
72.284,0.00070842,77.9,106.89,0.0020896
36.5,-0.00029171,72.207,103.78,-0.0040327
85.533,-0.0032478,56.444,108.94,-0.0005664
23.487,-0.010152,109.05,87.084,-0.0022715
99.098,0.005108,66.439,71.079,-0.0046899
47.083,-0.0039614,60.294,79.692,-0.00026507
98.561,-0.00023625,-33.514,13.814,0.0017566
108.33,0.0032189,18.705,122.83,-0.0085032
57.018,-0.0052638,83.331,81.59,0.0030708
100.36,-0.00087842,83.587,47.256,-0.002288
71.578,-0.011472,144.67,116.66,-0.0084792
74.351,-0.002042,102.73,97.117,0.00080691
3.074,-0.0049949,86.772,130.8,0.0048667
93.66,-0.00061097,109.3,50.546,-0.0035925
100.7,0.00095244,108.21,32.597,0.0025858
68.357,-0.0080976,59.951,27.601,-0.001807
50.923,-0.0052195,80.84,56.274,-0.0066544
65.925,-0.0094538,50.678,59.126,-4.7015e-05
114.77,-0.00081752,51.532,98.835,0.0068455
53.296,-0.0014206,61.789,38.622,-0.010836
48.673,-0.001659,113.61,-4.0693,-0.002004
114.29,-0.0047584,112.66,93.313,-0.00309
15.495,-0.0071491,37.382,6.2363,0.0047439
119.09,-0.0061993,96.319,80.465,-0.005101
74.633,-0.00034554,84.855,50.185,0.004976
100.83,0.0058481,119.76,38.027,0.0049778
78.025,0.0063492,75.248,20.16,-0.0048518
98.128,-0.00012467,-15.302,39.841,-0.0030884
63.225,0.00020046,101.54,11.367,0.0032443
51.692,-0.0090633,79.358,91.061,-0.0027715
30.577,0.0035289,43.465,111.35,0.0091016
61.3,-0.0042358,42.008,-7.858,-0.003781
26.309,0.0085538,54.999,90.079,-0.0012702
81.038,0.014103,39.203,61.365,0.0020645
124.72,0.0026072,92.392,79.941,0.00065925
139.48,-0.0066555,-24.778,34.297,0.0019081
111.77,0.0048469,-10.548,61.573,-0.0050322
105.48,0.0014291,11.116,34.76,-0.0018034
104.91,0.0072053,100.47,85.606,0.00042495
12.53,-0.00042455,73.918,85.027,-0.0010432
54.164,0.0063931,85.838,61.818,4.4817e-05
114.9,-0.010308,48.424,136.83,-0.0071389
109.39,-0.00066949,27.303,71.661,0.0031501
90.397,0.0030195,121.29,43.687,-0.0087304
53.324,0.008433,1.5624,104.7,-0.002411
63.616,0.0009479,85.68,104.91,0.012381
74.685,-0.0011846,32.502,36.782,0.0042754
54.956,0.007448,84,108.51,-0.0035617
153.68,-0.0047794,31.653,77.507,0.0017604
123.2,0.0057014,109.06,115.65,0.0045556
92.064,-0.0067904,31.87,29.936,-0.0018201
115.23,0.0033659,111.3,103.3,0.0038631
55.741,0.0069705,80.4,77.003,-0.00045147
91.68,-0.0015414,38.008,67.032,0.0019046
90.006,0.010242,101.97,83.853,-0.00085744
97.269,-0.0062927,52.281,56.8,0.00073352
24.003,-0.006024,79.881,27.854,0.0027956
110.14,0.0033725,13.946,71.807,-0.0047118
73.431,0.0051985,20.403,51.429,-0.012283
107.77,-0.0027658,46.414,90.647,-0.0020567
49.167,-0.0041576,86.76,58.912,-0.00042381
109.5,0.016386,64.067,33.749,0.0044741
59.413,0.0039115,86.972,61.786,-0.0046038
78.92,0.0099448,41.451,55.529,0.001303
55.798,-0.0059411,90.964,59.136,-0.001313
125.33,-0.012724,84.855,61.916,0.0011829
23.548,0.0017956,54.91,95.25,-0.0034036
42.062,0.0023726,82.418,10.047,-0.0015257
68.148,0.0034519,81.917,54.323,0.010049
51.506,0.0015245,107.25,77.083,0.0079468
28.832,0.0044149,35.645,147.11,0.0011739
49.051,0.015004,112.48,100.03,0.0054533
90.309,-0.0086896,75.926,48.113,0.0039468
75.46,-0.011172,58.531,105.19,-0.0059333
37.705,-0.0057158,68.538,69.258,-0.0076741
96.552,0.011007,79.971,51.815,-0.0017432
87.614,-0.0019592,101.98,30.232,-0.00032771
77.624,-0.0079911,75.517,-5.1743,0.0069257
43.48,0.0025914,121.14,85.873,0.0082428
56.604,0.0012591,70.232,11.909,-0.00048721
107.45,-0.0016005,104.29,38.062,-0.0030055
88.537,0.0036281,85.768,116.92,-0.0033197
93.388,0.0024763,185.33,88.313,0.0068526
53.059,0.003978,44.765,161.79,-0.0010623
126.61,0.0077158,117.51,93.015,-0.0010301
108.12,-0.0073934,144.52,109.26,-0.0018003
72.413,0.0035135,7.9436,37.565,0.003189
50.486,-0.0024596,107.09,37.823,0.004709
22.167,0.0022182,117.27,53.778,0.0056845
91.966,0.010158,109.5,30.492,0.0078736
53.026,0.0060269,72.615,93.867,-0.0046197
82.17,-0.0031218,-20.825,11.058,-0.0009491
86.819,0.0078386,54.198,109.97,0.012493
89.688,0.0076884,69.084,37.602,0.0078761
70.589,-0.01813,29.584,67.153,0.0047699
84.225,0.0090964,51.469,57.389,-0.0041559
128.59,-0.0051158,143.31,34.558,0.0027551
36.313,0.0016892,105.06,64.609,-0.0013819
80.509,-0.0071607,27.692,89.432,0.0016401
123.03,-0.0056693,64.648,69.568,-0.0027883
69.648,0.0037989,32.031,70.977,-0.0032404
38.597,0.0019106,61.508,70.287,-0.0046833
71.267,0.014788,73.036,46.033,-0.0053112
85.778,-0.0017081,130.9,51.401,0.007453
53.495,0.0048818,115.01,-17.053,-0.0035816
52.529,0.0051706,86.196,18.692,0.00052582
54.208,0.0018771,97.824,132.27,0.00032006
52.305,0.0081031,61.062,-39.618,-0.00030402
78.249,0.00087516,52.942,68.743,0.002887
17.762,-0.0018486,100.76,34.652,0.008921
27.414,0.0014753,37.856,86.918,-0.010224
83.038,-0.010173,94.483,143.14,-0.0033052
84.725,0.0059452,116.74,79.033,-0.011229
68.781,0.0032068,130.75,60.215,0.0070347
63.707,0.00029484,13.61,12.988,-0.0040711
69.418,-0.00057176,96.588,-5.4311,0.00098143
70.78,-0.010847,78.519,16.488,-0.0018744
12.03,-0.0059355,43.903,24.387,-0.0017252
51.745,-0.0089847,33.335,-22.063,-0.0046763
39.968,0.00047476,70.709,6.396,-0.0059694
93.985,-0.00096365,86.952,112.4,0.0060704
38.642,0.0090803,96.392,99.998,0.003348
138.03,-0.011372,90.873,80.444,0.0056873
76.268,0.002463,103.54,85.931,-0.0067383
92.695,-0.0036908,65.457,72.59,0.0030108
64.929,-0.0022738,91.954,94.187,0.003034
55.123,0.0096991,52.41,83.737,-0.0052214
90.59,-0.021439,127.76,43.627,-0.0033244
70.025,0.010674,91.644,33.142,0.0016363
49.966,0.0059295,64.778,70.759,-0.0027318
59.072,-0.0051235,44.109,107.01,-0.0091163
31.834,-0.0084923,1.0478,37.556,-0.0051522
66.973,0.0085057,73.298,60.588,-0.0051016
60.178,0.0012698,-26.396,38.185,-0.0014076
84.242,-0.0057986,146.19,101.12,-5.7358e-05
27.202,0.00089582,133.06,42.848,-0.00089656
98.291,0.0013261,85.354,47.66,-0.0033058
68.388,0.0033001,122.38,38.02,0.007175
37.322,-0.008629,85.8,99.804,-0.0056386
134.57,-0.0078893,60.424,92.669,-0.006594
63.169,-0.0038972,164.44,13.956,0.0026995
92.973,-0.0042341,97.582,79.632,-0.0098928
146.01,-0.0049876,33.838,38.262,0.0019749
-15.792,0.0075664,31.808,40.485,-0.00019866
91.756,0.0027165,120.28,80.403,0.0024593
68.533,0.0045158,103.24,66.9,0.0015003
