155.08,0.014375,161.29,45.024,0.0096464
157.11,0.0059002,177.48,113.83,0.010756
123.9,0.0075155,138.92,91.142,0.010255
146.62,0.013207,165.72,30.553,0.017095
159.13,0.014289,146.19,55.215,0.0060474
136.38,0.020867,126.09,102.63,0.01714
187.02,0.01191,157.83,72.895,0.01639
130.67,0.016773,128.81,83.856,0.0019594
142.08,0.0054345,128.85,102.34,0.008675
164.01,0.020027,123.11,116.79,0.018026
164.54,-0.0041468,144.07,71.484,9.5147e-05
108.82,0.0072072,124.11,69.958,0.0037991
130.38,0.024581,127.29,101.36,0.0077198
116.82,0.025266,143.46,56.951,0.01669
138.9,0.012365,126.35,72.647,0.021833
140.02,0.0072118,157.17,96.071,0.0013022
139.37,0.0088217,121.07,107.75,0.026946
97.29,0.016982,159.88,125.26,0.023966
123.06,0.025926,134.36,104.59,0.024052
104.23,0.015846,98.138,85.869,0.029306
103.76,0.031943,77.906,134.46,0.037527
98.367,0.03811,124.27,130.63,0.038109
149.44,0.032201,79.807,124.94,0.051368
69.411,0.044107,71.631,72.26,0.042383
90.965,0.037913,149.1,141.81,0.034873
106.47,0.059233,59.791,134.53,0.055795
92.641,0.040855,70.864,118.85,0.044608
117.4,0.046538,96.858,109.27,0.05667
82.669,0.058413,95.186,127.91,0.049846
27.295,0.051206,39.52,114.02,0.054134
64.003,0.059826,101.76,204.33,0.055237
94.414,0.063728,99.052,115.92,0.053814
80.159,0.058759,58.031,191.62,0.06104
49.182,0.050909,68.264,160.54,0.068976
59.529,0.062074,75.875,157.63,0.080626
30.849,0.073041,43.736,194.54,0.068504
65.974,0.070678,68.91,160.76,0.075754
76.044,0.050486,40.717,141.4,0.066204
92.067,0.089539,108.21,166.02,0.056894
79.733,0.07526,65.293,155.2,0.066888
71.524,0.077961,85.33,174.2,0.080576
69.841,0.057595,93.157,161.8,0.070069
55.337,0.059578,25.891,145.07,0.068078
89.332,0.066914,63.436,121.82,0.078111
48.937,0.051539,27.721,162.86,0.067849
64.357,0.073237,47.166,173.35,0.095574
55.905,0.057844,45.786,144.82,0.072202
28.033,0.076002,79.009,136.2,0.088195
66.046,0.076563,56.048,187.78,0.078058
83.151,0.070877,42.568,190.37,0.077867
87.878,0.079721,44.998,184.68,0.078555
49.871,0.065911,47.407,190.37,0.080861
40.203,0.070431,46.88,127.38,0.089038
60.884,0.069748,35.815,160.35,0.074937
70.499,0.073998,16.106,211.17,0.077416
56.354,0.1108,13.135,154.8,0.080511
28.126,0.068341,14.209,101.45,0.096852
38.981,0.091779,46.013,175.96,0.095169
28.424,0.067281,35.464,189.11,0.08246
56.498,0.086934,46.183,211.24,0.1013
23.854,0.10312,59.142,202.5,0.089978
65.805,0.090769,50.227,181.18,0.083581
39.533,0.097642,66.977,193.71,0.096175
33.422,0.10096,-1.3278,204.48,0.10006
31.152,0.098439,26.324,184.41,0.10209
41.279,0.11632,16.45,220.59,0.11873
41.891,0.11855,24.432,234.49,0.10866
39.13,0.12858,3.4037,208.81,0.10876
32.853,0.10539,18.501,165.62,0.10716
0.45022,0.11008,-11.038,199.5,0.1109
-7.2014,0.12305,30.07,217.82,0.11856
28.44,0.13297,3.4134,221.73,0.13097
18.444,0.1496,5.2444,198.88,0.12562
17.153,0.14974,15.809,231.16,0.11471
24.841,0.14498,10.074,149.59,0.12613
4.8621,0.15909,-0.80287,223.59,0.12899
-0.66887,0.15558,21.529,255.33,0.12344
-6.903,0.16985,23.124,206.2,0.13662
28.719,0.14778,36.18,222.58,0.14513
18.704,0.15694,-6.6321,233.91,0.13517
19.979,0.14456,-21.98,235.34,0.13384
26.696,0.16233,-2.7018,268.74,0.136
-4.9625,0.15839,26.464,269.2,0.12878
3.6421,0.16153,-1.4861,200.91,0.15099
-5.5474,0.16187,20.877,186.7,0.1489
12.986,0.16426,18.434,177.84,0.16136
10.318,0.16343,5.7242,213.94,0.1427
40.519,0.17673,-1.7312,196.19,0.14766
-2.6666,0.1782,11.38,258.44,0.14548
-0.90553,0.15369,11.84,179.02,0.14526
75.358,0.1601,23.683,195.9,0.14413
-22.764,0.16268,26.415,253.03,0.1523
-3.9765,0.14822,-20.891,166.29,0.14612
16.172,0.16515,-16.983,306.81,0.14217
-6.4301,0.1577,-6.6681,222.12,0.1433
18.983,0.17943,72.537,256.54,0.13942
27.639,0.15761,33.447,253.78,0.13885
-16.019,0.15672,-43.497,228.09,0.14161
-33.625,0.16515,14.364,219.37,0.14291
-39.807,0.14454,-14.859,225.3,0.15769
16.272,0.16316,-30.5,194.85,0.13703
0.4553,0.16375,6.0747,243.71,0.13887
-25.825,0.16306,-1.524,225.53,0.14474
-8.796,0.17321,-10.93,242.61,0.14386
9.6687,0.18665,-2.9192,270.17,0.15072
-38.853,0.16633,35.593,260.58,0.14911
8.0929,0.16942,-29.191,217.88,0.15984
-13.859,0.18298,18.613,242.13,0.15968
6.7391,0.16776,11.335,244.22,0.15783
34.129,0.17275,-34.858,288.07,0.14942
17.874,0.18748,-9.65,230.31,0.15541
-19.75,0.18516,7.1841,219.46,0.15914
19.474,0.19185,-2.3794,172.87,0.1626
30.889,0.18522,0.1033,264.52,0.14712
-1.6621,0.1971,-1.3143,226.86,0.15823
1.7046,0.18548,17.072,221.66,0.15995
1.6719,0.18081,-24.677,244.85,0.16104
-3.078,0.17305,-13.823,238.2,0.17357
-7.726,0.18267,-0.40924,269.14,0.1599
6.9159,0.18284,23.162,238.34,0.15804
40.188,0.17826,23.164,273.21,0.16054
-11.504,0.18537,-11.546,230.66,0.16087
-0.28966,0.18895,21.642,253.57,0.16456
-14.145,0.1998,-3.5702,258.39,0.16688
-42.601,0.18948,-43.129,268.23,0.16774
-13.033,0.19169,-39.847,239.41,0.16214
16.927,0.19338,17.405,253.45,0.16972
28.057,0.20054,-33.966,234.75,0.16886
5.6817,0.18866,-4.4672,246.21,0.16657
-46.88,0.19863,-23.274,288.55,0.16538
6.2901,0.19153,-18.949,271.25,0.15649
5.2566,0.21039,28.576,213.24,0.14602
21.952,0.19122,-15.32,235.64,0.16505
23.992,0.20489,-0.27952,240.54,0.16979
11.173,0.2053,-18.595,253.26,0.17593
33.052,0.18821,-31.898,231.78,0.17464
7.05,0.19792,2.7527,315.36,0.15944
24.114,0.20939,-5.6915,266.15,0.17407
13.449,0.19413,-33.12,214.5,0.16429
10.366,0.19731,7.4291,226.97,0.16672
7.4495,0.20147,22.459,263.61,0.16504
-18.53,0.2043,45.469,277.33,0.17003
15.527,0.21029,9.4922,234.2,0.16164
1.1337,0.17824,-37.241,307.61,0.16131
15.78,0.19472,-24.138,277.77,0.16991
-1.5354,0.20099,22.152,214.37,0.17198
-26.194,0.18727,32.191,332.64,0.16582
7.491,0.19249,15.665,249.66,0.17781
-2.9458,0.19414,-4.4842,299.45,0.16993
-8.493,0.20141,-16.878,230.41,0.1656
-27.788,0.19135,-17.685,234.15,0.16808
9.0045,0.20741,-19.605,275.02,0.16669
44.557,0.20206,-0.49798,213.18,0.16238
-45.15,0.2057,28.877,270.6,0.16192
8.8171,0.20295,-19.116,196.97,0.15878
-15.556,0.19201,-0.57118,280.28,0.16445
26.109,0.20091,-12.75,273.44,0.15287
12.732,0.19487,10.537,281.57,0.17152
22.772,0.19795,62.997,246.23,0.16724
-3.167,0.19993,-7.743,205.18,0.16721
-4.5167,0.20172,-36.497,300.13,0.16961
-9.8986,0.17776,-17.706,276.69,0.18162
12.44,0.20715,-19.812,224.36,0.16447
-8.3201,0.20435,-20.97,179.26,0.16299
-21.027,0.2119,-3.3014,258.35,0.1626
-2.3157,0.18333,-12.852,209.64,0.16809
-7.5873,0.20446,6.9507,246.19,0.18033
-4.7432,0.21943,22.842,220.81,0.16948
6.1892,0.19915,9.1095,234.63,0.16334
22.7,0.21901,8.7736,214.69,0.17263
-17.302,0.21466,16.951,266.07,0.18586
-3.0092,0.20498,-15.386,231.4,0.17372
20.792,0.21871,-47.058,268.87,0.16694
1.9661,0.22802,-10.939,296.72,0.18349
46.908,0.21553,28.223,259.06,0.18298
-13.803,0.21771,30.567,244.91,0.16951
29.496,0.22921,2.3281,205.35,0.18912
-0.77008,0.23841,-7.2231,301.81,0.18826
20.855,0.24457,7.4442,263.51,0.18023
10.281,0.22291,21.08,278.85,0.1934
36.606,0.24732,11.093,229.11,0.19937
27.717,0.26166,18.794,297.13,0.19011
45.675,0.25864,31.761,281.23,0.18943
3.1109,0.26644,25.013,249.71,0.18938
31.947,0.26156,41.585,270.09,0.19265
34.975,0.26443,30.261,301.07,0.19465
19.885,0.27455,15.136,180.72,0.20249
24.93,0.27597,1.4886,275.75,0.18685
13.956,0.28798,32.286,144.36,0.19335
24.215,0.2751,5.9547,123.33,0.1865
52.242,0.29439,31.619,141.44,0.19057
93.883,0.27396,19.922,101.26,0.17766
27.765,0.27465,25.443,2.6416,0.17704
45.806,0.26448,14.47,96.613,0.16382
9.4522,0.25525,13.83,90.633,0.16672
49.645,0.27589,23.719,79.724,0.15895
25.226,0.26372,21.982,38.693,0.15311
40.007,0.24839,10.844,60.203,0.16617
22.135,0.24283,8.0403,38.169,0.14135
29.466,0.23448,30.275,48.468,0.14505
48.592,0.24494,-10.668,86.006,0.14549
16.471,0.21671,2.4237,87.438,0.13477
65.554,0.21929,17.27,52.705,0.12379
33.837,0.2048,-7.6401,21.526,0.12003
55.583,0.21164,0.96693,113.83,0.13922
11.439,0.20107,37.537,19.066,0.12025
9.2314,0.19328,26.928,67.23,0.13829
0.58844,0.20383,9.9734,86.465,0.11936
3.1401,0.19828,14.668,68.854,0.11167
-2.6619,0.19679,3.762,166.77,0.12324
11.765,0.20278,38.356,132.86,0.10875
3.6992,0.19193,-17.132,75.951,0.11588
17.286,0.17213,11.037,137.77,0.11913
-7.5369,0.1879,-25.206,94.684,0.12257
-15.674,0.19062,50.242,155.91,0.11249
25.284,0.19694,53.419,125.74,0.10081
27.815,0.19616,32.539,136.34,0.12211
0.32819,0.17587,40.689,187.98,0.11206
31.045,0.1868,17.906,177.32,0.10656
54.55,0.19469,35.614,123.56,0.10366
3.4492,0.19784,18.223,88.602,0.10577
12.48,0.18312,18.44,75.553,0.11137
17.686,0.18692,-1.6792,15.242,0.11037
-3.6278,0.20144,-14.956,91.578,0.12225
59.576,0.17865,7.6748,16.091,0.11091
-11.827,0.20339,46.502,15.223,0.10442
47.136,0.18531,17.489,86.26,0.10292
72.051,0.19283,4.864,5.4062,0.092255
66.351,0.19359,56.159,79.983,0.10379
29.699,0.18896,46.812,56.654,0.089974
-0.57877,0.18596,13.979,59.23,0.093798
19.17,0.18357,17.337,67.69,0.080892
46.656,0.17859,4.2612,139.44,0.086636
87.606,0.16011,41.324,7.2519,0.076051
44.305,0.14711,62.82,22.298,0.081042
-3.8478,0.16726,9.2603,73.969,0.069755
73.757,0.15975,26.803,35.36,0.057799
9.7139,0.14488,10.879,45.134,0.063328
24.178,0.11838,31.652,65.74,0.048564
44.654,0.13817,58.796,60.211,0.058987
43.055,0.13266,51.898,16.822,0.042513
21.177,0.08694,-3.8046,58.436,0.03609
71.234,0.095902,35.187,85.404,0.025377
36.426,0.094943,31.878,49.104,0.026
52.664,0.07711,48.023,84.422,0.013313
25.613,0.092174,35.001,23.311,0.028767
19.714,0.077946,17.053,37.447,0.018418
9.453,0.081278,8.7921,7.3502,0.010573
20.272,0.063931,45.896,28.497,0.017011
38.686,0.074019,17.158,-6.3088,0.014075
27.129,0.083759,26.831,23.738,0.018661
-1.1819,0.079393,17.878,23.16,0.029369
32.016,0.057115,-4.0768,27.609,0.014247
16.894,0.052477,-26.829,46.907,0.01146
39.357,0.049556,30.833,35.985,0.013119
34.632,0.064267,43.516,29.433,0.019925
37.179,0.055965,30.184,1.0989,0.0056524
82.391,0.053351,45.038,55.237,0.0072544
76.719,0.032676,1.0074,43.276,0.018962
-8.4669,0.063259,16.975,39.317,-0.0020771
18.117,0.047554,51.354,-5.6964,0.011508
49.511,0.064658,35.807,26.685,0.0091376
-2.5346,0.045595,19.611,40.016,0.010025
31.039,0.036043,53.004,35.935,0.016576
10.282,0.04251,21.853,15.779,0.0094754
19.951,0.026804,-12.114,31.572,-0.0049476
10.964,0.05486,12.836,-22.981,0.0080423
51.099,0.034517,13.518,20.288,0.0073521
1.954,0.04152,38.504,-7.2299,5.5811e-06
9.426,0.05393,46.409,84.631,0.012355
-6.5498,0.045523,9.579,89.135,-0.0062298
48.332,0.038024,51.59,18.913,0.0093811
3.161,0.058473,-1.6866,-5.3568,0.010148
6.7735,0.039594,39.834,1.3532,0.0057432
36.337,0.052527,36.22,-7.6,0.013324
46.545,0.021125,64.322,120.86,0.010599
25.862,0.048459,20.726,-21.59,0.013336
52.081,0.024071,57.834,32.359,-0.004232
27.787,0.034141,37.255,99.064,0.0086728
16.449,0.039171,53.499,83.858,0.0066123
28.318,0.025209,41.571,61.661,0.012763
55.861,0.017892,36.393,11.934,-0.0056207
39.213,0.025747,31.842,5.9191,0.0086542
49.459,0.029676,18.475,16.737,-0.015949
13.335,0.02739,47.51,120.72,0.007294
37.836,0.027874,29.139,81.095,-0.0030503
16.859,0.020576,48.172,12.366,0.011954
-0.63445,0.016357,39.569,16.114,-0.0044571
0.45342,0.011072,6.4011,17.749,-7.3034e-05
76.696,0.034168,32.721,38.33,0.0009573
42.174,0.019191,37.328,-35.581,0.0054787
43.332,0.010791,2.6358,66.745,0.0086191
40.218,0.0045232,-20.457,82.256,0.0034832
-22.729,0.012315,37.698,115.76,0.00052833
7.1387,0.016694,42.364,29.15,0.005572
5.0312,0.019162,34.469,51.211,-0.0017667
59.959,0.0090471,16.08,16.153,-0.00060109
17.484,-0.0028302,26.408,31.23,-0.005329
57.857,0.0078667,20.045,54.792,0.0084454
27.416,0.014224,17.517,72.483,-0.0097228
12.06,0.022627,47.222,45.02,-0.0097501
45.685,0.0058796,16.473,23.192,0.0023452
29.371,0.017298,19.828,35.882,0.01304
15.015,0.014719,20.559,38.031,-0.002358
21.581,-0.0058923,45.353,43.254,0.0079364
88.269,0.029533,48.255,46.682,0.0042696
18.814,0.007247,46.385,49.233,0.0040719
18.497,0.0098209,-6.9623,6.7051,-0.0015367
0.055129,0.012577,21.499,60.288,-0.0099474
6.7943,-0.0010921,57.957,58.051,0.013517
38.265,0.010144,19.449,81.809,-0.01507
-0.58374,0.014557,40.799,-17.728,0.001659
31.449,0.011355,42.863,75.323,-0.0074645
58.945,0.010767,40.132,13.955,0.0093727
26.731,0.0050002,64.275,86.118,-0.010883
-5.8644,0.014278,30.54,29.133,0.013743
21.326,-0.0096435,24.933,42.813,-0.0008382
21.873,0.0072124,43.452,-1.5196,0.0059174
-3.4581,-0.0044781,39.428,-24.365,0.0067791
9.8135,-0.0016499,47.023,100.11,0.012183
39.572,-0.0081218,7.3831,54.915,0.0082659
10.771,0.0033771,79.894,37.033,0.0055519
35.64,0.0064042,24.754,42.908,-0.003831
74.868,0.014826,79.577,44.856,0.0019164
56.154,0.012157,29.001,48.507,0.0036551
56.424,-0.00017201,43.929,-23.371,-0.0077033
36.571,0.0088849,14.732,68.834,-0.0060931
49.419,0.012957,6.347,25.427,-0.0048444
45.864,0.0042354,42.43,76.085,0.0021615
63.712,0.0065696,15.879,19.617,0.0027203
19.669,0.019398,57.016,8.7477,0.010104
42.459,0.003676,50.435,3.9954,-0.0045251
60.79,-0.0014416,40.552,7.2052,-0.0015284
39.416,0.0026182,40.317,99.746,-0.0009811
84.099,0.0064502,40.066,33.823,-0.010602
23.565,0.0011409,70.633,-1.811,-0.0087366
35.177,-0.0044809,53.344,47.694,0.0012848
41.409,0.014591,60.016,73.222,-0.0057381
39.233,0.0037991,45.553,104.98,0.0051012
42.652,0.009382,42.62,83.18,0.002641
52.099,-0.0010715,37.453,48.723,-0.0013593
-26.86,-0.0024387,42.907,119.72,0.0047682
12.47,-0.0072072,38.428,44.945,0.011498
15.35,0.0049928,39.485,110.05,-0.0029818
58.72,0.0023957,-4.0807,51.383,0.0011945
11.002,0.0010427,35.78,85.112,-0.0019411
55.06,0.0098578,37.393,56.528,-0.0020708
5.4374,-0.011402,0.26915,22.95,-0.011491
38.127,0.0082055,54.442,12.114,-0.0005992
5.8614,0.018366,54.399,114.81,0.0083184
14.843,-0.0059309,52.641,81.862,0.02457
49.747,0.014995,47.283,96.972,0.0016585
25.757,-0.015634,37.007,27.137,0.0031758
52.322,0.00030794,-9.2776,10.243,0.0096244
41.086,-0.0019438,84.489,42.903,0.01462
5.3732,-0.022168,29.049,20.722,-0.00394
4.3427,-0.023768,1.8694,-11.339,0.0045461
14.949,-0.0013998,8.8405,96.367,0.0035068
3.9155,0.0095956,-19.542,90.452,-0.015658
55.278,0.011885,61.351,66.22,0.0021103
37.681,0.015437,48.213,96.538,0.0036459
43.408,0.00066031,32.848,35.244,-0.0050681
29.594,0.0092981,42.103,50.106,0.00381
39.554,-0.01089,51.387,75.436,-0.0063932
53.785,9.5603e-05,59.266,17.975,-0.011823
41.609,-0.0032394,3.969,64.659,0.0016015
79.005,0.0025748,36.736,19.06,-0.0015259
25.723,0.010916,35.675,56.225,-0.013204
81.398,0.011278,71.5,36.682,0.0016745
23.624,0.010283,22.441,31.488,0.0023013
77.57,0.013989,47.746,44.63,0.0054283
65.148,0.0048519,52.319,35.803,-0.0035862
33.93,-0.00056698,18.064,38.497,0.003958
16.103,0.014926,24.308,39.375,0.01551
22.138,0.0061002,36.433,65.486,0.0055138
52.896,-0.013731,23.905,8.5658,0.0028367
52.788,-0.00043253,69.243,112.09,0.0009323
0.50942,-0.0071503,65.789,52.623,0.0079155
37.904,0.010017,50.504,37.418,0.00062557
51.381,0.0039021,101.07,53.718,-0.018895
42.875,0.0090956,24.269,44.428,0.00063411
54.629,0.0062356,58.329,55.054,0.011917
84.982,0.0073351,6.0559,11.005,0.0076047
38.126,-0.0070652,47.194,-10.44,0.00094616
33.355,-0.00037642,66.108,47.406,-0.0025268
37.673,-0.010025,50.205,44.757,0.0054284
42.789,0.012165,20.914,33.575,0.0050488
64.806,-0.021258,18.793,59.729,0.0045838
54.564,0.0021622,30.857,-14.955,-0.0087925
43.936,-0.00021885,27.877,-20.443,0.0037969
41.87,0.014274,27.747,20.954,-0.0068729
36.716,-0.028749,30.752,-5.6065,-0.0093936
37.888,0.0025885,-5.1087,27.588,0.0022384
-7.5693,0.011194,14.355,81.722,-0.0099657
72.75,-0.0011678,70.311,-27.215,0.008276
61.794,0.007377,29.162,45.757,-0.0030832
20.915,0.021535,39.981,28.75,0.00033455
22.957,-0.012987,58.998,51.594,0.010204
41.389,0.0045214,31.607,55.55,0.0022716
24.22,-0.0097937,55.669,98.291,0.0065757
36.143,0.0072423,6.791,49.462,-0.0079918
7.3247,-0.0032745,38.525,20.832,-0.007553
70.854,0.01072,61.117,45.95,-0.0079767
18.212,-0.005931,58.645,17.455,-0.0129
53.795,0.0032485,21.335,90.648,0.0036419
3.6756,-0.016387,51.432,38.132,-0.0038959
43.138,0.0031543,63.726,48.737,-0.0029156
34.447,0.0013259,34.401,96.004,0.011474
10.438,0.0046705,50.914,59.058,0.0029294
57.07,-0.010922,59.736,78.299,-0.0024998
46.953,-0.0045035,61.65,1.7553,-0.0022881
33.576,0.022054,48.751,14.817,-0.0051516
43.307,0.0091006,67.559,22.386,0.0021805
35.169,-0.016779,52.69,97.466,-0.0049191
44.894,-0.0043941,30.73,65.647,-0.0062824
29.277,-0.0045247,14.105,21.836,0.0064064
39.363,0.0016033,30.919,98.737,-0.0020082
40.439,-0.0093564,19.518,51.293,0.0054119
42.764,0.0069575,18.265,-10.57,0.0022263
58.753,-0.0016037,19.153,56.055,0.0046495
50.68,-0.0016338,82.194,29.768,-0.0079873
36.186,-0.0072144,74.429,38.266,0.0023708
61.005,-0.015358,11.209,82.271,-0.0076434
43.125,0.011926,53.475,86.806,-0.0034539
56.403,0.00099282,34.194,47.288,-0.0018942
28.04,0.001163,31.644,36.618,0.0058193
43.005,0.0043719,0.086267,42.861,0.00062403
29.108,0.0010595,42.059,87.823,-0.0012595
28.474,-0.00017213,31.16,35.784,-0.0060126
64.013,-0.014638,59.534,45.82,-0.012631
21.337,0.0034111,48.659,37.176,0.0027168
47.987,-0.0027991,35.652,86.637,-0.0086539
-0.39611,-0.0025729,53.096,39.489,-0.0049949
57.519,0.0061856,75.641,42.353,0.0009497
51.843,0.0036774,45.294,63.897,-0.0071219
31.249,0.0071865,7.7775,28.719,-0.0058848
54.358,0.0037305,8.8076,53.04,-0.0036298
31.738,-0.0063649,49.058,56.648,0.01043
60.738,-0.0038609,21.347,79.36,-0.0054659
32.475,0.024879,9.978,94.055,-0.0029651
40.592,0.0055498,63.287,-2.2132,0.0032632
68.503,-0.0068132,18.721,92.24,0.00018757
42.02,-0.0024214,21.565,47.059,-0.012383
68.797,-0.0086622,75.765,-15.959,0.017775
49.117,0.0021177,31.908,29.406,0.001275
54.593,-0.022391,75.216,48.258,-6.2334e-05
51.883,0.0012334,66.858,33.634,-0.0033164
60.575,0.001632,43.682,74.91,0.0030774
52.217,0.0088977,61.516,-15.4,0.0016578
39.307,0.001876,61.245,75.379,0.0050519
50.256,0.0024662,34.382,93.226,0.0035811
54.958,0.019521,61.464,-0.078864,0.0045702
59.665,0.0076606,65.614,27.796,0.0038235
46.402,0.0020467,50.484,73.973,0.013676
44.479,-0.0010607,24.221,116.5,-0.0067497
45.011,-0.013181,37.534,51.335,0.0035903
47.68,-0.0014114,24.319,6.7475,-0.0054713
79.537,0.010846,58.611,82.81,0.0030569
10.805,0.00079827,89.107,74.415,0.00068809
68.82,-0.0057416,86.591,18.898,3.6666e-05
-6.8996,-0.0049279,55.945,14.955,-0.0046006
86.606,-0.0081809,45.387,60.692,-0.0048267
39.365,0.0010416,49.875,26.927,0.0086792
66.019,-1.494e-05,89.775,100.19,0.0025726
48.326,-0.011127,39.319,130.11,0.0013183
4.4211,0.017089,37.282,68.663,0.0023202
49.465,0.0078098,40.62,43.732,-0.0024246
78.533,-0.016432,74.62,51.902,0.0019219
53.127,-0.00097942,62.936,-6.0446,-0.0025791
64.643,-0.0085449,48.162,-63.231,0.00073067
32.872,-0.010214,24.273,67.868,-0.0027844
28.109,0.010418,48.201,61.971,0.0012691
51.92,0.0019897,19.363,49.86,-0.00075479
62.213,0.0043797,5.377,13.584,-0.0094147
81.152,0.021446,40.747,-11.826,0.0023576
59.647,0.0026142,78.368,5.7849,0.002275
26.981,0.004136,29.276,38.578,-0.00034198
56.968,0.0066421,32.129,61.167,-0.0024977
26.694,0.002077,3.2463,55.588,0.00065588
53.89,0.0083246,7.8856,78.701,0.001088
44.349,0.0064558,45.212,79.264,0.0040338
46.984,0.012987,48.109,56.175,-0.011049
44.148,0.011326,36.979,59.426,0.006935
43.833,0.0065973,5.3217,32.617,0.00012493
6.1661,0.0019193,54.192,47.883,0.0026865
29.1,-0.0063714,22.879,51.572,0.0060477
23.482,0.0079862,-10.771,59.276,-0.0019729
72.883,-0.011571,49.917,107.9,-0.010057
0.58414,0.014683,25.899,44.37,-0.0049227
66.81,0.0019401,-6.6204,84.205,-0.0024706
28.251,0.0064417,63.211,21.376,-0.005581
36.755,-0.00881,45.77,39.904,0.0042584
58.149,0.0084487,40.76,107.6,0.00044257
83.401,0.0086428,23.108,37.231,-0.0047132
65.895,-0.0076068,77.743,70.443,0.0045773
34.558,0.0087909,27.197,17.031,-0.0052834
53.71,-0.0016854,19.879,9.0268,0.00391
48.237,0.0093097,40.247,70.745,0.0045884
39.097,0.016367,51.838,46.643,-0.0060342
65.281,0.01333,8.4913,67.984,0.0075644
2.3761,0.002745,37.082,85.621,0.014089
29.246,-0.0037471,60.883,107.52,-0.0020726
21.957,0.010862,45.567,80.22,0.00859
27.725,-0.010359,43.956,95.657,0.003859
-15.693,-0.019989,49.676,32.472,-0.0035071
55.059,0.010534,44.247,61.571,0.016568
39.233,0.0096609,46.157,27.341,-0.0023102
61.976,-0.0012428,57.117,28.488,0.017231
71.218,0.0067843,20.166,30.955,-0.0095217
34.417,0.014566,44.478,63.006,-0.007577
31.701,-0.00088643,61.609,54.183,0.0026776
48.751,-0.00066626,26.996,81.666,0.003187
2.0784,0.0025107,43.982,58.565,0.0051745
65.248,-0.0083816,64.253,1.0732,-0.011575
61.357,0.0053508,82.212,10.159,-0.0025093
44.35,0.01758,54.626,83.372,-0.0091889
50.492,-0.0081432,59.429,22.575,-0.001704
44.96,-0.0010838,-36.782,-9.4722,0.0061942
74.5,-0.016907,67.412,70.364,-0.0064734
50.157,0.0066597,29.082,75.647,0.0039346
26.147,0.023509,23.429,36.793,0.011926
31.844,-0.006018,67.81,40.373,-0.0040144
23.712,0.014066,51.529,13.598,-0.0070451
48.971,-0.0051167,10.088,22.276,0.0056483
61.228,0.0028955,48.499,46.211,0.0029892
60.491,0.0013783,39.617,25.516,0.0067006
31.665,0.0083254,4.2197,59.42,-0.0055179
18.751,0.016426,53.345,57.055,-0.0074324
40.364,0.021128,20.116,40.612,-0.0046524
33.562,0.014913,30.801,62.037,0.0064264
51.043,0.0083268,21.581,26.461,0.0048835
13.388,-0.023029,25.831,68.592,-0.012117
7.0011,-0.0025787,53.827,30.726,0.0059504
28.659,0.0038883,46.158,86.528,0.005823
32.472,0.017921,35.924,9.3684,-0.006219
47.666,-0.011278,37.942,74.518,-0.0049134
36.072,-0.0026914,54.005,76.986,0.0059761
66.431,-0.018903,23.221,58.811,0.0070065
62.574,0.0083626,50.823,88.075,-0.0014998
43.529,0.00945,36.719,73.677,-0.0087433
64.516,-0.019083,35.355,78,-0.0083145
86.207,0.011656,88.735,1.9326,0.0042135
48.534,0.0031946,42.354,52.9,-0.0079343
56.918,0.0010962,54.152,113.07,0.0024455
12.542,0.0031633,44.16,96.782,0.008574
40.105,0.0081771,30.091,38.411,0.0021554
2.5869,-0.0021108,50.083,3.6632,-0.005554
43.116,0.0074831,40.188,47.544,0.012074
48.6,-0.0076608,20.019,53.157,-0.011251
56.092,0.001191,68.721,57.854,0.0096804
35.198,0.0026178,79.534,73.499,-0.0011691
39.319,-0.0035445,23.02,78.069,0.0018289
52.001,0.017472,57.902,76.763,0.0017355
11.564,0.011135,46.722,36.632,0.00081998
65.422,-0.0037509,42.78,34.22,0.0028231
22.747,-0.014986,50.653,20.572,0.0062247
50.993,-0.011512,7.9158,32.268,0.0026957
10.828,-0.0026082,66.711,24.04,-0.0001572
29.766,0.0047175,45.55,73.266,0.004534
53.814,-0.016387,49.465,79.764,-0.005376
30.573,-0.0004664,92.803,29.957,-0.0057863
-21.639,0.0043496,-9.9573,53.89,-0.0010974
63.307,-0.022812,71.198,73.669,-0.0058362
74.934,-0.0053992,24.613,83.436,-0.0019551
49.779,0.00083524,37.089,18.838,-0.0017866
39.456,-0.0013942,43.114,53.502,-0.0037505
39.07,-0.001077,5.7172,42.774,-0.0015934
46.375,0.0015442,42.94,105.11,0.0057558
29.888,0.0009009,53.095,71.845,7.5925e-05
71.461,-0.011432,42.47,69.301,0.0059777
35.881,0.0089582,20.67,130.5,0.0088403
44.985,0.00049452,11.467,30.399,0.010714
17.34,-0.00020823,61.411,20.498,-0.0029667
47.2,0.018199,40.448,78.319,0.011644
22.085,-0.019476,26.542,16.883,-0.0044579
84.187,-0.009539,32.606,52.721,-0.001471
7.2068,-0.0037422,30.985,12.132,0.010267
72.992,-0.0029018,39.975,34.514,-0.0093878
62.276,-0.0011007,66.761,14.297,-0.00051954
57.319,-0.0037287,38.814,74.706,0.0055437
58.821,-0.0017525,59.889,70.103,0.0070296
52.591,0.011814,28.657,39.323,-0.014179
50.715,0.011144,55.956,46.284,-0.010924
61.842,0.0049439,48.627,36.8,0.0038573
69.017,-0.0090287,31.748,45.924,-0.0015764
35.172,-0.00047576,48.142,50.559,-0.011852
67.756,0.010691,41.819,50.941,0.017226
27.994,-0.022435,51.166,65.951,0.00066085
14.969,-0.013316,25.182,50.905,0.0052116
76.267,-0.015668,78.273,106.89,-0.0011311
33.799,-0.0089594,49.655,86.646,-0.00026571
12.36,-0.0020098,26.3,21.307,-0.0052657
6.42,0.0061944,6.6726,71.64,-0.010531
44.137,0.0036198,65.051,14.242,0.00084039
23.636,0.0093609,43.747,56.216,-0.0056185
69.782,-3.3691e-05,62.534,89.681,-0.00020524
45.519,0.018481,43.676,23.36,0.016882
26.911,0.0020995,64.175,16.655,-0.0012262
47.883,0.0012243,12.453,-17.808,-0.0021196
50.941,-0.01311,11.323,18.427,-0.013024
22.392,0.00373,34.468,30.231,0.011738
33.983,-0.014139,46.02,1.1815,0.0010295
41.806,-0.0062371,27.88,89.482,-0.0062069
84.102,0.017388,-2.4914,11.124,-0.00076964
65.326,0.024895,60.061,23.114,-0.0046762
63.585,-0.0029769,45.248,107.03,0.0026222
-2.8358,0.0046608,24.388,98.144,0.0059535
51.309,0.00012006,34.429,51.298,0.0037182
48.581,-0.0069852,53.385,55.432,0.0064425
21.948,-0.0028051,28.775,76.124,-0.0043355
22.752,0.011738,23.595,55.013,-0.0084214
35.333,-0.003247,34.295,79.052,-0.00061381
18.227,-0.011332,25.639,48.61,0.0048763
27.009,-0.011216,48.283,83.82,0.00010261
36.361,0.017392,50.257,18.654,-0.0092057
89.281,0.014595,20.163,72.551,0.0080575
29.597,0.022981,43.293,30.006,-0.0066548
71.511,0.0091577,75.335,70.57,0.0027367
48.707,-0.0088217,70.498,-1.0144,0.0055045
48.812,0.021873,50.934,40.497,-0.0028339
44.399,-0.0075624,79.849,63.691,0.0044512
15.63,0.0022567,47.218,61.946,0.001641
22.249,-0.026341,41.795,29.105,0.0051145
56.54,0.0012,70.966,-28.779,0.0048987
45.05,0.00025569,55.481,74.385,0.00061185
46.838,-0.018856,77.515,24.701,0.0032005
31.878,0.0017073,22.833,26.841,-0.0057672
42.416,0.0043526,85.279,29.973,-0.005199
55.057,0.014852,53.677,73.431,-0.011555
74.426,-0.0064798,63.82,11.259,0.010591
23.529,-0.0078555,54.215,-12.037,0.0034594
42.55,0.014971,69.923,79.258,0.00043114
56.913,0.030302,15.066,10.092,-0.0067891
76.292,0.0073649,67.805,-14.65,-0.0071326
68.708,0.0041785,4.3256,40.287,-0.0044103
58.474,0.010077,59.969,4.1053,-0.0071407
42.548,0.0022287,48.739,71.027,-0.0089026
61.917,-0.00028872,9.8132,59.821,-0.0050157
33.479,0.0099795,52.436,8.8948,-0.0090515
-5.5158,0.0085212,53.213,10.306,0.004886
15.608,0.0035562,45.21,46.44,-0.0085036
27.69,0.0077851,40.708,92.961,0.0095116
43.186,0.0096537,34.813,37.494,-0.0044708
29.487,-0.012229,29.991,7.7494,0.0071696
47.874,-0.011403,54.661,74.716,0.0031004
-31.238,-0.0062911,5.3635,26.31,0.00010668
63.887,0.011718,26.273,101.62,0.0042127
64.965,-0.0070628,19.618,-37.612,0.0025894
71.923,0.007923,68.153,60.448,-0.0022448
39.953,0.017571,55.171,95.501,0.012515
50.258,-0.0076227,39.436,-7.6498,0.0049508
22.976,-0.0078783,45.203,24.317,0.0027348
11.519,0.0068328,4.699,55.604,0.0038712
7.7491,0.0087495,87.28,55.613,0.00096687
49.836,-0.0050839,22.41,119.95,-0.0065709
27.184,-0.0038277,50.981,-7.534,0.0036648
5.0102,0.018884,33.922,71.056,0.0038629
71.657,-0.0023115,65.004,6.3179,-0.0048393
54.481,0.0012095,70.265,6.372,-0.019928
19.477,0.015158,23.891,50.733,-0.0063949
25.628,-0.0040793,54.701,65.336,-9.2726e-05
33.521,0.00021036,35.093,36.658,-0.0082586
21.023,0.0031298,54.183,89.886,8.9353e-05
45.739,-6.1076e-05,46.951,35.458,1.2202e-05
62.563,0.012758,28.137,72.363,0.0036457
78.622,0.0059556,22.484,48.238,-0.0056394
42.593,0.0006786,10.448,74.381,-0.0074624
41.218,0.025931,48.988,48.819,0.0096296
48.638,0.0001897,6.2136,37.19,-0.0079692
40.398,-0.0010924,58.799,11.445,-0.0071141
70.989,-0.0023712,25.742,52.294,-0.0084564
56.36,-0.015823,63.72,94.339,0.013738
87.201,0.00016606,67.379,55.09,0.00062367
40.207,-0.0020744,36.927,61.664,0.0077044
0.73187,0.0078421,38.012,70.628,-0.0034833
33.734,-0.00056412,55.29,44.034,-0.00074142
53.053,0.017191,30.721,11.922,-0.0010755
33.519,0.0037087,69.943,29.833,0.0028938
59.456,0.0060157,71.708,61.152,0.0070619
31.746,0.0088868,77.904,21.943,0.0073278
32.09,-0.0079053,68.89,42.621,-0.0050743
41.586,0.010082,14.313,45.54,-0.0043856
49.795,-0.00029376,54.165,39.479,0.0041554
39.965,0.011959,29.997,87.876,0.015577
42.243,0.0011892,38.804,65.682,-0.0060484
58.834,-0.0012345,77.934,94.129,-0.002262
42.225,-0.014709,28.842,54.804,-0.00020976
42.977,-0.011071,11.486,70.695,0.0066947
39.65,0.0001728,57.696,56.636,-0.013984
14.051,-0.0031203,61.037,102.48,-0.0047365
86.42,0.001473,51.62,32.872,0.0032652
31.007,-0.0031799,19.791,103.02,-0.0026165
42.552,-0.0021238,11.79,17.773,-0.0014217
30.915,0.015367,27.024,64.877,-0.0083571
12.619,0.0023909,13.692,52.668,-0.0036944
24.988,0.0091026,34.84,51.57,-0.0009954
28.852,-0.0016307,31.266,93.517,-0.0010424
62.742,0.015712,-6.3777,60.8,-0.0090275
36.34,0.014265,31.006,7.9052,-0.0036072
46.007,-0.0037095,66.678,116.88,0.0020618
10.943,-0.0016538,64.708,39.219,-7.381e-05
67.82,0.0144,18.403,13.404,0.0083104
24.41,0.00094858,67.634,90.649,0.0012932
38.736,0.00020235,59.635,90.853,0.0060447
47.228,0.011175,77.781,72.232,0.016917
46.304,-0.0013051,67.996,60.315,0.0092064
90.694,0.012214,42.652,37.523,-0.0041161
57.632,0.014391,15.354,5.5258,-0.00595
-4.2811,0.0014373,32.4,21.531,-0.0037245
54.499,-0.023311,41.261,36.799,-0.0062851
45.389,0.00073605,47.903,42.889,0.01125
40.959,0.00030516,51.984,72.149,0.003396
68.822,-0.0057764,36.796,31.093,-0.0011486
31.617,-0.002827,39.632,93.304,-0.0041108
38.11,-0.014758,56.401,45.364,0.00019119
25.94,0.00014261,73.561,56.957,-0.0011184
51.709,0.0090241,35.404,19.961,0.0023981
63.055,-0.016996,35.104,52.475,-0.0079393
54.272,-0.0057763,50.918,50.881,0.0097666
28.285,-0.0004184,81.353,48.278,-0.0059589
24.709,0.0094764,6.2085,64.8,-0.003914
68.86,-0.0047765,102.77,34.861,-0.005355
57.943,0.026215,24.471,70.716,0.010219
79.189,-7.3856e-05,55.158,-6.6875,0.01448
55.745,0.0048196,-12.207,57.833,0.007989
88.905,-0.011257,40.911,29.379,0.00060908
0.1389,0.009616,-18.472,20.709,-0.00029821
51.076,0.011991,55.245,18.853,-0.00041007
48.504,-0.0096891,50.324,73.258,0.00034051
57.991,-0.0093292,14.683,44.386,-0.013327
46.187,0.00086526,23.713,109.33,-0.0060819
46.384,0.0053151,19.083,25.52,0.00081088
27.465,0.0092272,14.403,60.797,-0.0099611
-10.185,0.017112,54.99,11.688,-0.001402
45.124,0.008607,35.146,60.61,-0.011413
18.217,0.020635,34.902,84.852,0.00071033
59.089,0.006509,34.738,53.578,0.0045293
25.926,0.0037309,100.11,102.92,-0.00092411
26.541,0.022973,47.667,38.609,5.8532e-05
38.824,0.021005,71.019,32.853,-0.012466
28.241,0.014311,54.396,43.186,0.00042114
5.6327,-0.0047462,37.776,85.916,-0.011001
53.689,-0.0061025,46.959,87.341,0.0011292
33.726,0.010786,43.54,81.282,-0.0037245
41.136,-0.0030202,4.9378,78.349,0.0025604
77.773,-0.0032271,29.436,0.64099,-0.015084
29.628,-0.0052911,17.295,50.185,0.010763
63.51,0.016172,28.862,91.843,-0.0066055
48.601,0.010123,1.115,72.407,-0.0074451
89.71,0.00090075,39.564,57.683,-0.0029284
21.003,-0.018196,43.084,60.128,-0.0046255
6.2854,0.002878,2.8328,30.249,-0.0081504
46.685,0.011087,33.333,48.368,0.005107
43.83,-0.012998,60.974,28.209,0.0067279
56.501,0.0019061,39.371,58.593,0.0016997
69.182,0.014696,24.58,-19.292,-1.1497e-05
57.929,0.01524,54.467,44.141,0.0092431
66.956,0.0019054,38.853,47.344,-0.012693
66.615,-0.010844,57.834,34.266,-0.013028
38.352,0.0096061,51.157,12.04,0.0088223
70.883,-0.0018114,49.263,62.675,0.016608
40.304,0.0017114,97.893,36.283,-0.0038087
40.065,-0.016038,67.253,28.3,0.010172
27.821,0.0029986,53.663,10.764,-0.00746
50.2,0.019072,18.347,49.974,-0.0076275
38.175,-0.0040759,90.511,-19.616,-0.0086146
47.467,0.0027759,21.988,51.193,-0.0061225
22.023,0.0015502,21.053,71.893,0.0072918
32.968,-0.00089878,36.418,52.192,0.0042668
68.053,0.0025638,15.629,97.746,-0.0021774
42.692,0.0093443,-4.736,42.672,0.0096949
13.81,0.0097337,58.269,9.2031,0.0025236
47.471,0.0029063,75.096,46.975,-0.0011628
-5.9691,0.011632,34.926,32.343,0.0086298
55.325,-0.0020935,11.709,32.538,-0.0045973
33.956,0.00095807,44.968,-5.7835,0.0057603
31.578,0.004946,77.025,76.985,-0.0084382
18.992,-0.0083424,48.181,49.752,-0.0015826
12.366,-0.007996,39.829,35.263,0.00074576
18.464,0.0091381,42.259,84.376,-0.0024712
59.287,0.016528,32.96,69.067,-0.0055452
34.313,-0.0053356,27.331,44.105,0.0049589
33.391,-0.011976,47.312,75.61,0.00040407
56.212,-0.0027143,13.505,91.56,-0.012079
36.703,0.0041744,34.575,0.052862,-0.012185
48.45,-0.011783,25.727,41.438,0.0059832
46.663,0.022736,62.317,51.807,0.0042406
59.048,-0.0091189,42.003,39.173,-0.0010549
53.811,0.026722,36.205,84.97,0.0041283
48.969,-0.01535,82.213,13.552,-0.0089995
41.115,0.0041331,29.125,50.702,-0.0044691
61.85,-0.0022142,58.51,69.871,0.0032791
22.246,-0.0098334,31.868,82.046,0.0028082
45.482,0.0084498,30.014,100.81,0.01695
46.651,0.0068659,5.7952,1.6191,0.0039993
42.841,0.0039481,52.206,61.592,0.0040165
64.961,0.0039926,72.059,80.133,0.0012586
34.017,0.0028188,69.702,37.039,-0.0072935
59.528,0.0073049,42.29,65.175,-0.011168
39.493,0.0052399,64.497,29.674,-0.0037955
32.589,0.015958,55.955,21.281,-0.0064444
36.586,0.011003,52.09,37.698,-0.0027477
26.616,-0.0020711,59.171,30.825,-0.0061623
44.063,0.0040292,30.283,36.278,-0.0099134
62.557,0.010875,37.498,63.977,-0.0030463
29.488,0.012164,62.723,38.293,-0.0064024
56.649,-0.0085033,15.128,24.026,-2.932e-05
43.526,0.0020139,64.165,84.595,-0.0014602
-2.2021,0.01021,52.507,41.72,-0.0081906
38.625,0.016506,70.499,57.181,0.0015051
22.353,-0.0040048,28.493,55.351,-0.0092131
14.038,0.0024522,55.039,71.381,-0.0056694
11.748,0.00053018,43.618,32.894,0.00056292
9.3894,0.0096412,45.112,2.6858,-0.0071122
79.5,0.0085598,79.264,47.01,0.0023606
26.762,-0.0039014,20.978,34.279,-0.0096568
45.129,0.0013232,-8.5577,15.523,0.00045672
22.996,0.020707,53.108,40.537,-0.0016465
52.545,-0.017946,31.306,85.672,0.0066385
68.374,-0.0030557,58.2,75.096,-0.0020802
35.707,0.019539,55.218,26.417,-0.0094621
73.874,0.0057277,77.501,22.147,-0.00085383
34.526,0.0091954,38.493,-53.541,-0.0035054
25.508,-0.00057459,77.96,68.197,0.0021586
39.043,0.014218,26.039,44.294,-0.0050122
50.038,0.000881,46.847,71.477,0.00097961
37.392,0.0092962,72.597,29.015,-0.0018899
45.881,0.0014663,10.662,20.352,0.0028975
71.095,0.010659,49.449,53.353,-0.0063014
9.5422,0.0065684,69.299,59.331,0.0033424
69.733,-0.0035233,52.946,61.268,-0.0068522
42.569,0.0080033,39.684,18.251,-0.0054155
65.43,0.00015318,93.149,23.095,-0.0064428
62.066,-0.0071052,58.846,77.737,0.0042015
56.02,0.003895,38.027,97.769,0.0071687
60.199,0.0098595,27.956,56.853,-0.0034601
44.819,0.00015481,54.155,42.113,0.0067948
58.87,-0.007614,51.832,60.475,0.016775
71.943,-0.00050085,27.075,32.008,-0.0099362
63.349,-0.0026014,33.805,105.64,0.0067559
47.33,0.0056066,56.1,45.58,0.0059254
35.125,0.0006142,18.077,21.451,-0.0033683
15.517,-0.0054336,18.667,16.35,-0.0069267
24.095,0.011556,17.16,37.731,0.0097147
31.653,0.0083097,43.552,69.123,-0.0012528
37.398,0.0064945,34.719,91.62,-0.0076477
66.817,-0.019693,10.936,49.221,-0.015615
37.951,-0.00011144,54.596,-46.046,0.0038103
39.144,0.00026246,19.017,61.645,0.0089809
39.541,-0.0011037,46.039,95.292,0.008358
24.121,-0.004417,20.418,64.615,0.0029496
50.825,0.0048476,45.121,40.791,0.0041301
24.354,-0.004247,11.695,12.073,0.00061534
47.699,-0.0038779,38.69,30.281,-0.0026109
29.118,0.00076095,68.594,49.623,-0.0069149
34.652,0.0016196,11.602,31.718,-0.011708
36.216,0.0090413,36.773,96.035,-0.0047858
29.379,0.00039017,37.526,4.7564,-0.012437
53.211,-0.022608,13.79,71.43,0.01173
45.233,-0.0028364,40.837,42.779,-0.0019301
57.846,-0.0035043,36.745,68.337,0.014136
37.526,-0.0042873,44.216,53.936,-0.011721
53.142,0.0043987,39.933,52.543,-0.0012487
39.519,0.003969,51.514,47.279,-0.0041232
50.804,0.011773,54.813,59.905,0.0068546
39.271,-0.00048999,56.489,33.182,-0.0048564
64.018,0.013096,36.824,67.309,-0.0027675
63.758,-0.0077934,59.777,65.292,0.0090936
75.227,0.0036867,44.622,125.63,0.00013338
63.184,0.008566,22.055,89.193,-0.0064094
53.783,0.0088893,46.928,84.863,-0.0019355
44.781,0.0037903,51.386,13.149,0.0019345
33.491,-0.00445,38.235,7.6189,0.0015347
55.719,0.0011523,67.593,47.763,0.0071968
71.211,0.016928,57.016,70.048,0.0035997
80.685,0.00092236,47.108,122.91,0.010314
84.293,0.0017784,29.259,54.144,0.013107
41.838,0.0045306,44.475,35.83,-0.0083829
37.674,-0.0044607,33.507,46.595,0.0030818
40.823,0.013656,21.406,54.89,0.0010961
27.784,-0.0095596,33.615,70.48,-0.0060408
43.638,0.010539,85.747,24.463,-0.00080422
25.639,0.011096,24.355,40.23,0.0052287
41.286,-0.019564,33.345,31.321,0.0017892
61.04,0.0022066,55.814,66.56,-0.0045565
29.231,0.0059235,51.702,85.505,-0.0066995
81.313,0.001253,45.427,36.338,0.0060176
43.898,0.016865,67.651,45.582,0.0049991
68.243,-0.0032334,26.006,-18.351,0.0031899
67.276,0.019303,67.57,104.12,0.0098392
71.211,0.0098687,73.032,49.17,0.0057393
49.661,0.015836,30.05,48.84,-0.0013943
26.852,0.010968,48.102,69.15,0.0025819
35.693,0.00095628,37.94,104.01,-0.0055154
47.918,-0.0074039,27.661,20.681,-0.012669
32.791,-0.0069636,41.536,56.736,-0.0016549
41.146,0.0019636,28.902,62.22,-0.0014943
38.445,-0.002135,71.15,62.914,0.010919
8.1616,0.010458,35.45,33.558,0.0062356
50.651,0.023487,48.57,82.599,-0.0030564
33.932,0.012106,72.695,10.85,-0.0014337
38.427,0.0030395,93.351,58.766,0.0029092
39.5,0.0086204,36.358,40.409,0.013954
48.169,0.016338,56.266,59.22,-0.0038259
22.523,-0.020598,78.971,86.962,0.004144
23.091,-0.0021843,39.362,68.559,0.007993
57.164,0.003135,12.351,23.506,0.0020438
83.074,0.001938,16.94,30.373,-0.012095
80.399,-0.00088078,41.06,56.056,-0.0090122
32.654,0.014301,38.494,66.226,0.0028345
58.622,-0.00868,33.091,49.797,0.0065926
71.796,-0.0012035,43.749,90.981,-0.00049167
42.989,0.0073764,45.468,30.181,-0.0053935
36.301,-0.0070453,65.086,4.5388,-0.0063574
54.105,0.0092375,64.424,64.253,0.0031563
45.596,-0.0082732,38.034,18.281,0.01223
73.83,0.0043759,40.474,82.346,0.0080778
79.949,0.0032756,47.783,21.374,0.001822
54.013,-0.016243,85.83,77.224,0.0014263
59.742,-0.0036029,34.434,48.347,0.006087
34.723,-0.006345,38.28,52.12,-0.0057094
52.219,0.0091182,55.471,33.859,0.012479
33.511,0.0022671,50.661,74.194,-0.0039454
82.412,-0.011339,51.405,5.1488,0.0047609
61.002,0.014208,41.022,107.15,-0.0028698
56.071,-0.014016,42.422,-30.264,0.0062797
39.832,-0.0079743,54.137,27.328,-0.0097842
54.56,0.016519,27.574,86.412,-0.0017038
35.215,0.012857,74.583,74.71,0.0019605
44.28,-0.012996,56.231,28.278,0.00052147
58.969,-0.0010407,19.308,90.125,-0.0048499
65.376,-0.010141,28.884,53.501,-0.0036487
43.749,0.0042053,51.629,48.408,0.003814
39.532,0.0070089,34.768,40.118,0.012385
42.262,-0.010727,37.982,31.81,-0.0022177
22.006,-0.011882,30.11,-3.1734,-0.0034173
50,0.0090207,48.536,99.181,-0.011954
43.869,0.0049495,53.38,100.29,0.0012698
19.991,-0.013518,9.8788,38.766,0.0010464
29.078,0.0058901,42.46,78.498,0.0056173
18.706,0.00055407,60.528,89.442,0.015505
-22.993,0.013759,57.776,40.634,0.004706
43.925,0.025607,55.791,25.875,0.0087673
-1.7435,0.0046745,44.121,88.648,-0.0044024
-45.278,0.010422,38.671,44.48,-0.0015316
61.592,-0.011701,68.312,27.076,0.00076031
19.42,0.0063783,76.682,-30.226,0.0016949
31.859,-0.017163,3.0884,33.926,-0.0054467
16.444,0.01424,26.95,65.469,-0.0022147
47.074,0.0071478,43.146,36.562,0.0059888
79.972,-0.010495,55.088,65.244,0.00078781
40.752,-0.012907,46.299,13.736,-0.0071412
29.416,0.012977,47.507,23.66,-0.0047778
52.5,0.0028051,18.866,35.402,-0.00092348
2.5804,0.013655,59.988,60.374,0.015249
48.388,0.0016882,12.269,20.51,-0.0013265
27.674,0.010859,25.618,60.369,-0.0010315
7.8317,0.016282,60.377,56.951,-0.0043058
58.112,-0.0034877,67.83,14.659,-0.0016554
80.231,0.0086841,80.795,65.468,0.0013777
40.738,-0.0080391,52.763,37.367,0.0057574
40.724,0.00079843,79.4,51.665,0.010757
67.898,0.0024883,15.148,47.219,0.0025127
58.737,-0.0041099,81.397,35.54,0.0038529
36.521,-0.0038187,52.828,42.753,0.013782
37.715,0.024078,25.212,71.142,0.0051409
59.593,-0.0010914,54.325,69.818,0.00026111
52.437,-0.0075888,28.764,18.025,0.0061412
58.373,-0.0076009,72.207,89.394,-0.0011013
50.446,0.010663,54.658,90.668,-0.0017306
43.449,-0.0047843,23.41,39.836,-0.0011487
26.406,-0.0051823,22.685,37.319,0.0074228
5.2452,0.0081037,30.626,42.1,0.013713
28.054,-0.0075475,35.218,26.786,0.0022309
63.531,-0.0024231,23.525,1.23,-0.0031127
53.079,-0.0048519,71.382,30.64,0.017349
38.384,-0.013075,18.957,56.625,0.0043622
57.148,-0.0019481,81.738,12.133,0.0031681
34.379,0.0021238,35.449,60.464,0.0050821
34.983,0.0085921,45.468,56.4,0.0062486
55.743,-0.024296,69.316,56.707,0.0032746
12.582,-0.0075733,32.128,36.437,0.0082334
18.931,-0.0078205,-31.621,12.783,0.0056704
65.908,0.0054907,70.356,64.824,0.011345
31.543,0.0039748,24.181,60.352,0.0083565
56.871,0.023324,23.978,31.055,-0.0092891
71.22,0.0020781,33.736,20.235,0.0053476
45.603,0.02629,107.02,12.065,-0.010091
39.385,0.013364,30.048,82.742,0.0017474
10.921,0.019283,48.551,39.18,-0.016024
12.686,0.0054647,36.555,86.585,-0.014047
17.365,-0.0018298,26.919,7.7414,-0.0013848
0.80262,0.012824,57.791,-1.6298,0.0058372
70.442,0.0014694,40.155,58.099,0.0014977
40.739,0.01058,54.832,79.325,-0.010243
46.32,-0.0037703,83.264,77.611,0.005833
62.558,-0.003835,28.187,47.347,-0.011575
54.793,-0.0049899,56.083,67.518,-0.0050594
61.403,0.005405,82.877,20.741,-0.0025892
62.378,-0.013164,91.393,-7.7896,-0.0046885
43.537,0.0037796,45.733,61.386,-0.0048524
60.516,0.0045126,55.124,-2.5737,0.0069904
49.487,-0.0069607,31.881,43.602,0.0016192
26.389,-0.0027863,30.523,156.91,-0.00030485
61.706,-0.0086486,54.087,76.847,0.00036008
4.756,0.014764,30.435,55.94,-0.0038671
8.5412,0.0046364,34.129,5.9238,0.00080623
60.706,0.016804,21.54,40.251,-0.0037023
63.225,0.0070975,77.376,4.4273,0.0099645
39.006,-0.0078089,21.438,131.1,0.011556
79.755,0.012604,54.261,-5.1078,-0.00093779
41.054,0.015598,62.939,22.091,0.00045647
34.965,-0.012205,64.29,66.744,0.014052
45.114,0.0053108,12.274,53.174,-0.0051406
49.323,8.4735e-05,73.815,81.859,-0.0076992
31.874,-0.017956,94.28,68.929,0.0016412
55.291,0.0031116,45.762,58.254,0.0023811
71.04,0.0099918,29.363,72.371,-0.013797
53.913,0.0042276,82.337,69.896,0.0062432
72.088,-0.0042871,60.987,104.75,-0.0001641
37.029,0.0092535,31.672,40.483,-0.0099851
19.495,-0.0071704,45.262,-9.7766,0.014679
36.099,0.00083263,-13.134,75.678,0.010011
54.743,-0.001126,29.269,36.555,-0.010185
26.151,-0.010718,55.983,50.756,0.0055411
35.086,-0.0049307,69.147,30.368,-0.002498
69.034,0.014559,67.404,63.735,0.0007163
42.888,0.0028488,53.315,87.157,-0.00089811
8.7067,-0.0036635,59.945,19.57,0.001238
1.046,0.0017284,28.061,28.096,-0.0066233
46.237,0.013285,24.088,135.03,0.012282
73.411,0.010688,67.645,64.443,0.00068571
27.473,0.0014466,40.601,62.619,-0.0052031
28.995,0.012898,76.379,69.068,0.0058277
34.304,0.017057,14.821,59.884,-0.0051243
46.189,-0.0021757,45.849,57.711,0.0064267
54.273,0.0088071,62.741,18.759,0.002505
26.27,-0.00071342,34.578,96.332,0.00048913
47.476,-0.011415,55.128,24.747,0.0005582
69.82,0.00653,65.538,64.259,-0.0075765
39.111,0.0084611,42.834,33.616,0.0055832
86.482,0.0028366,11.088,68.669,-0.0019861
85.228,-0.0023222,61.192,62.615,0.0022652
33.626,-0.012995,44.935,85.279,-0.0002124
42.081,0.019202,18.08,4.9345,-0.0011874
25.643,0.0016168,63.88,85.3,0.00048212
34.928,-0.0085123,64.801,7.2535,-0.00056743
29.55,-0.010509,43.606,15.113,0.0056695
22.849,0.0028636,-7.3915,60.225,-0.0042283
34.131,-0.012152,35.009,16.18,-0.0059136
25.403,0.024905,16.305,30.594,0.0072629
62.173,0.0067545,80.395,62.445,-0.00090559
28.142,-0.0088058,46.615,39.08,0.0054409
48.443,-0.0051523,35.12,37.889,-0.0026634
45.494,-0.0131,51.426,63.712,-0.0014888
47.825,-0.0082319,46.953,110.88,-0.0033639
34.722,-0.0023107,33.356,46.022,-0.0050037
68.859,-0.00096634,39.795,11.397,0.0022099
33.301,-0.014846,37.192,97.431,-0.00026157
40.511,-0.0049463,58.985,72.795,0.0045914
38.731,0.0066741,32.949,55.248,-0.0019719
31.834,-0.022569,33.755,25.155,0.006722
49.17,-0.0036994,36.682,106.33,0.00072485
39.48,0.01681,59.795,23.421,0.0011867
24.957,-0.010092,44.016,65.392,0.0066357
44.503,-0.011947,-6.6551,-4.3905,0.0012981
38.898,-0.0007474,40.572,40.593,-0.01466
15.376,0.0082737,46.906,62.5,-0.0035924
40.289,0.0091499,57.301,-34.392,0.0021583
39.77,0.02553,74.997,33.614,-0.0099042
12.813,0.0047265,39.362,41.303,0.0094062
55.124,0.005421,21.329,47.456,0.0039077
46.183,0.017756,28.915,29.255,-0.005302
39.674,0.0039656,45.987,36.613,-0.0045076
46.653,0.024341,13.756,63.243,0.010358
58.339,0.00084707,43.89,51.978,-0.007242
-1.0793,0.0014361,66.292,18.448,-0.004105
58.839,0.0099649,16.615,102.62,0.00033554
42.833,0.00097644,29.828,107.95,-0.0056256
45.047,-0.0016998,81.742,41.811,-0.0053413
28.478,0.019902,25.554,64.537,-0.0066515
52.956,-0.00099401,33.458,71.741,0.0060207
62.163,-0.0069454,78.923,73.668,0.011574
73.391,-0.0045942,55.108,40.819,0.01035
45.376,0.0077966,73.321,79.237,-0.011183
28.311,-0.014364,24.954,95.353,-0.004725
29.274,-0.0016591,52.114,51.008,-0.0058941
41.513,0.0064629,50.266,27.895,0.0074571
51.136,0.0070091,42.968,36,-0.0030362
22.797,-0.0050814,54.051,-10.45,0.0065677
31.249,-0.013537,61.482,14.765,0.0027954
47.051,-0.0049194,74.805,51.012,0.003984
73.865,-0.0058462,53.545,10.71,-0.0084555
16.468,0.0020244,81.26,50.653,0.0029438
62.485,0.0058101,27.898,83.847,0.00040691
36.682,0.0054393,75.524,29.446,0.0017042
38.331,0.0037125,46.642,21.636,-0.0062227
35.122,0.012748,70.563,40.669,-0.0049098
38.661,-1.3608e-05,26.454,109.18,0.0099442
63.545,0.010266,25.488,-2.4923,-0.002824
31.132,0.00061937,14.98,89.214,-0.0036116
48.699,0.0308,63.787,75.255,-0.0067826
60.76,-0.0012256,39.575,77.106,0.0067628
55.61,-0.0098765,1.5787,47.428,-0.0093765
31.343,0.02495,67.008,55.281,0.0079558
97.53,0.016355,20.223,86.672,0.0024582
0.81573,-0.0076655,43.685,52.995,-0.0026945
55.883,-0.00070519,50.743,48.213,0.011256
26.397,0.0075624,40.677,4.7995,-0.0031562
80.303,0.014399,64.091,40.189,0.0046224
25.12,-0.0035322,21.386,10.941,-0.0018412
63.657,-0.0023669,17.842,56.286,-0.0010027
7.7037,0.00010809,60.141,4.3258,-0.0044136
49.91,0.0097726,40.476,47.935,0.011318
47.998,0.011338,1.9207,100.89,-0.0016986
20.32,0.00094733,27.914,-8.2258,0.0061299
17.989,0.0019018,59.674,93.603,-0.0019062
40.626,0.0058665,67.69,34.96,-0.011429
20.411,-0.0052067,30.099,14.606,-0.0056672
60.35,0.01209,19.255,20.973,-0.0032158
53.626,0.0025176,51.646,63.926,0.00065594
55.744,-0.025314,70.516,76.284,-0.012038
90.242,-0.0036633,36.498,46.809,0.00035155
64.474,-0.0013844,9.0365,1.0017,0.0095712
73.932,-0.001162,37.984,66.937,-0.00068578
58.199,0.0021396,62.387,6.661,0.0028468
61.855,-0.017342,36.325,46.97,-0.0061683
46.966,0.00082139,32.154,78.973,0.0018186
67.86,-0.00064706,38.849,37.552,0.0029678
50.739,-0.0074689,49.605,-0.86751,-0.0012509
92.372,-0.0068427,38.136,38.044,-0.0047579
29.233,0.012854,31.337,68.659,0.0079547
100.4,-0.0019827,34.377,67.71,-0.008841
42.068,0.0017152,56.319,68.207,-0.012303
64.746,-0.025468,60.621,90.377,0.0072691
57.101,0.011926,82.863,-4.7218,-0.0010227
38.806,0.010805,43.233,9.2191,-0.0079352
56.897,0.0047189,84.635,80.956,0.0063112
73.291,-0.00012925,37.108,86.192,-0.0047092
54.403,-0.0066172,49.051,44.216,0.003602
21.911,0.0055079,30.393,48.57,-0.0097501
65.375,-0.016349,36.26,34.377,-0.0061312
50.502,0.0099638,12.291,87.469,-0.009278
61.885,0.0040192,40.364,127.08,0.0061058
32.47,0.0063343,58.416,19.588,0.00037912
19.847,0.00049333,35.603,68.053,0.006767
24.494,-0.0030945,33.445,44.444,-0.0056922
66.341,-0.003354,77.045,-3.6021,-0.0015846
24.338,-0.012197,60.146,87.857,6.1876e-05
28.995,0.018668,6.5532,110.94,0.00096745
67.869,-0.0003159,37.692,26.201,0.0041796
62.341,-0.0058599,29.404,73.366,-0.017121
-20.832,0.0221,63.709,56.431,0.0024371
91.678,-0.0094851,0.75395,3.5336,0.010684
70.083,-0.0018298,50.038,61.223,0.001944
46.2,0.0021726,28.092,22.653,0.010652
31.062,0.0052793,42.455,25.439,-0.0045412
28.311,0.014236,22.147,50.885,0.002097
32.862,0.0094977,48.163,79.076,-0.0028352
36.541,0.0074184,60.837,22.788,-0.0014493
73.293,-7.7393e-05,32.823,11.836,0.0096754
31.764,-0.0085428,31.219,19.92,0.0070528
42.757,-0.0036122,17.879,33.874,0.0072211
66.587,-0.00056866,23.264,18.927,0.0062028
18.045,-0.0058256,55.035,-0.74626,0.0049729
18.591,-0.0022435,27.763,36.363,0.0059874
77.728,-0.010232,13.362,53.852,0.011282
45.689,0.017058,55.445,17.373,0.00067273
44.918,-0.0060211,-21.558,40.598,0.0024489
53.113,0.0037492,45.816,53.264,-0.0031925
34.725,0.0062131,78.601,11.67,0.0096073
72.753,-0.019532,50.986,74.981,0.0046143
57.794,0.017928,55.594,68.201,4.0094e-05
21.869,-0.0091506,37.697,44.097,0.0046791
27.707,-0.0037254,58.1,32.594,0.0045932
16.484,0.011268,29.15,15.58,-0.015379
66.032,0.0079615,67.878,99.015,-0.00043573
61.966,-0.0086227,5.8272,85.866,-0.0032616
75.29,-0.00033756,43.204,43.228,0.0046441
65.08,0.010456,35.153,67.382,0.0011743
25.163,0.0031669,56.507,70.715,-0.0046518
50.097,0.019865,36.519,90.025,0.00035133
15.032,0.0064888,59.473,61.485,-0.0075834
17.649,-0.00088455,72.207,16.33,0.0031293
59.548,-0.0016864,44.481,83.808,0.00082583
41.206,0.013984,64.759,116.25,-0.00044816
37.582,0.0053862,30.809,76.761,-0.0027583
39.52,-0.00026915,48.066,47.024,-0.005271
45.932,-0.018691,28.943,64.568,0.0002335
56.439,-0.0053962,53.386,-0.52429,-0.0019376
11.824,-0.0061125,70.985,94.34,0.0029328
75.261,0.0033466,13.902,49.004,-0.0012338
59.259,0.0068106,67.985,54.999,-0.0056452
23.205,-0.0026617,7.0514,15.696,-0.0057999
70.919,0.013391,40.609,110.81,0.011848
35.992,0.01526,37.451,62.66,0.0076527
26.208,0.0094423,30.701,14.599,0.0057078
34.908,-0.0086819,52.429,51.058,0.011974
67.583,0.015503,49.177,95.002,-0.0049306
83.261,-0.012431,62.633,15.587,0.0059453
12.323,-0.0065362,37.157,74.523,-0.0051281
23.077,0.0065936,44.567,67.939,0.00086129
29.816,-0.0045049,70.624,102,0.0034907
59.803,0.0026328,34.598,36.32,0.00026293
20.82,-0.00066504,65.694,32.724,-0.01342
29.068,0.0015075,39.829,15.193,-0.0022534
56.623,-0.0071621,58.463,91.571,0.0020973
49.391,0.01177,50.04,81.316,0.0035579
81.656,0.0056144,67.889,7.6035,0.0045955
34.074,0.0224,14.645,9.5132,0.0016117
46.661,0.0033322,79.434,40.708,0.0048662
27.314,0.010624,36.015,13.46,-0.002659
99.683,0.015327,20.84,56.671,0.00012716
35.125,0.011475,38.138,44.681,0.00092587
55.924,-0.0030233,63.694,43.471,-0.005629
50.216,0.0094134,40.429,87.925,-0.0016717
62.938,-0.014219,35.385,93.522,-0.0073011
64.309,0.0022482,-0.040988,39.052,0.0026181
58.998,-0.02117,22.458,39.075,0.011492
27.819,0.0072392,62.645,5.9141,0.0020879
49.259,-0.0029052,56.274,100.57,-0.010532
48.268,0.0028513,58.98,67.489,-0.0076924
64.326,-0.00071996,26.714,60.731,-0.0061022
78.865,0.0072209,54.361,4.5378,-0.0083895
8.7854,-0.0074537,83.851,48.045,0.0095188
11.35,-0.012505,70.714,41.17,0.0019211
23.289,-0.00040972,72.406,100.12,0.0034933
63.585,-0.0064619,71.781,54.329,-0.0048722
43.856,-0.0045487,45.473,21.774,0.0033132
53.446,0.0085652,66.358,49.096,-0.0013097
13.466,-0.00032324,54.73,52.449,0.0015178
26.753,0.0097049,55.859,11.468,0.0045638
47.156,0.006754,32.75,39.64,0.0021532
14.48,0.0086914,42.942,56.346,0.0071108
-15.869,0.015242,64.705,-1.613,-0.0072043
46.595,0.018826,21.453,36.566,0.0055913
29.558,0.0021267,25.317,50.478,0.003607
33.621,0.011326,35.499,-22.187,0.013456
15.147,0.011622,69.738,77.247,0.0011893
15.908,0.0048228,27.048,78.871,-0.0091182
30.264,0.017059,40.141,-2.7044,0.0048587
80.446,0.0062997,46.877,78.986,0.015584
49.295,-0.0092129,34.531,47.155,0.012756
4.3525,0.017668,33.848,44.555,0.013311
26.317,-0.0017172,33.411,38.55,-0.0013938
40.504,8.0199e-05,73.229,27.627,-0.0043115
77.034,-0.0041965,27.767,78.267,0.0017014
19.276,-0.00018045,47.079,51.772,-0.0081411
78.657,0.026407,51.661,72.564,-0.0078344
57.582,0.0055565,-3.6327,100.5,0.010746
63.354,0.010885,32.589,48.897,0.0001733
25.98,0.010145,48.28,70.412,0.0081956
46.684,0.025377,68.603,64.707,-0.00010162
19.739,0.0086627,26.169,7.3562,-0.013882
27.08,0.0078592,39.22,-5.3108,-0.0098911
79.541,-0.0068877,36.011,81.99,-0.0047405
41.076,0.011016,28.671,75.426,-0.0048967
74.981,-0.0045363,31.365,97.205,0.010316
79.99,0.013232,36.685,67.232,0.0015467
41.953,0.0067283,93.123,64.301,-0.00026036
42.845,-0.0023079,35.047,22.353,3.808e-05
63.281,0.01003,53.582,81.648,0.0027112
22.184,0.025397,40.489,68.342,0.0046283
64.174,-0.020532,47.961,20.383,-0.0040361
25.514,0.0014001,46.675,77.563,-0.0019545
66.174,0.013469,17.821,18.454,-0.0032225
46.46,0.0010622,51.58,70.753,0.0057223
63.401,-0.022118,85.829,135.71,0.0064198
63.345,0.0036296,65.44,40.109,0.0015808
54.265,-0.0051482,30.553,94.571,-0.00066026
35.565,0.0016669,54.176,52.529,-0.00078275
52.304,-0.012748,24.099,19.462,-0.0018406
13.994,-0.0024963,43.511,-4.8422,-0.013639
45.575,-0.014756,50.041,72.566,0.0062145
42.13,-0.019506,47.284,36.464,-0.0062981
48.855,0.0063214,25.984,49.92,-0.001277
-2.5356,-0.0063171,60.14,-7.9974,0.0010335
48.211,0.00056568,25.407,40.933,-0.001797
30.996,0.0014139,55.357,32.605,0.0061424
57.996,0.021481,76.081,33.812,-0.0053998
20.993,0.010383,47.042,-6.401,0.00074691
44.251,0.00035535,31.829,-18.607,-0.0045847
57.24,0.0044597,28.228,31.234,0.0057411
26.544,-0.0023869,57.274,4.1985,-0.0017431
74.827,-0.014725,68.388,43.23,0.012482
49.933,-0.0071352,60.997,96.12,-0.0038623
29.323,0.010622,64.511,73.387,0.0016981
56.823,-0.0092012,49.614,-12.28,0.0047211
54.195,-0.013187,80.455,-11.597,0.0035504
45.12,-0.0013837,60.674,30.799,0.0054851
27.61,0.0015054,77.036,56.728,-0.00010576
44.988,-0.011371,59.26,35.098,-0.010483
32.475,0.012589,24.358,20.542,-0.011796
28.914,-0.00037669,30.523,56.13,0.0018886
61.176,-0.0094469,60.116,37.119,-0.00021119
60.001,0.012907,43.318,107.95,0.0031841
39.729,-0.01,44.338,76.106,-0.0098008
38.291,-0.013671,16.98,53.622,0.0010876
66.656,-0.013569,68.423,77.483,-0.0014455
49.409,-0.000812,83.978,21.86,0.0027685
37.986,0.0018772,37.324,46.783,-0.0036136
11.316,0.016118,23.698,63.751,-0.0063083
44.954,0.0053863,42.489,28.366,0.0053689
29.965,0.0021902,46.002,45.557,0.0017342
57.664,-0.0051792,35.655,9.8493,-0.0085441
54.744,0.018321,45.018,85.684,0.0012731
37.825,-0.010727,-6.8685,43.694,0.0034104
16.401,-0.0094186,55.711,52.324,-0.003642
35.547,0.0045218,39.564,35.695,0.001626
21.799,-0.012552,48.085,69.158,0.00031149
59.503,0.010143,52.863,14.098,0.00048904
49.891,-0.0003161,56.762,72.984,0.0035544
40.989,-0.0077117,37.12,71.661,-0.0044277
55.75,0.00053948,53.126,72.369,0.012513
23.23,0.016624,32.334,76.389,0.00025983
-9.9113,-0.0098009,47.273,53.506,0.0026082
63.512,0.003204,38.915,-4.6211,0.0081221
33.061,-0.0019469,50.686,-25.566,-0.0036984
35.761,-0.0042046,62.313,63.68,-0.0010545
33.934,-0.0087271,37.324,88.646,0.00081592
37.808,0.013474,49.614,41.858,0.0059884
18.345,-0.0025746,16.292,21.201,-0.0023714
31.365,0.014761,18.51,25.928,-0.0055628
34.797,0.010163,44.174,16.107,-0.003224
49.831,-0.0097775,56.182,40.051,0.0070906
31.462,0.0031381,50.182,-11.938,-0.0025882
23.156,0.0033687,9.5138,55.42,-0.0046782
3.1552,0.0085684,70.474,33.512,-0.012029
45.961,0.0096727,27.282,45.33,-0.0055073
47.683,-0.011626,47.964,69.524,-0.0059102
9.4003,-0.0073632,38.643,55.165,-0.0062089
40.095,-0.007269,55.148,47.83,-0.0013872
22.035,-0.00061996,102.29,19.871,0.015976
63.099,-0.0053972,34.758,64.834,-0.0073303
51.945,-0.013477,56.128,51.791,-0.0031317
42.08,-0.014396,47.291,42.898,-0.0038336
80.235,-0.00084463,48.519,84.795,0.011237
42.5,0.013659,41.572,7.0952,-0.00039781
49.393,0.0035839,86.294,49.35,-0.0041121
56.058,0.0098249,70.041,36.478,-0.0010022
64.574,-0.010102,39.023,36.609,0.0027957
43.125,0.0032964,24.153,45.282,0.0024822
63.987,-0.0050956,62.368,90.872,-0.010213
29.005,0.0031274,18.203,27.932,-0.00076176
38.801,-0.0052698,42.955,71.949,-0.0041217
34.101,0.01111,70.021,40.696,-0.0018644
51.166,-0.010946,69.722,15.868,0.00034668
67.413,0.0047559,40.606,5.4665,-0.0076608
78.457,0.003215,17.193,56.235,0.0064244
74.566,0.0014696,45.205,77.449,-0.0040529
79.315,0.0017784,57.644,76.784,0.0066205
19.079,-0.0098768,61.583,52.501,0.010626
77.179,0.002912,43.637,84.11,-0.0051358
16.775,-0.0075592,44.716,87.119,0.0078724
38.311,0.0060865,25.093,114.38,-0.00098265
53.357,0.0080244,43.699,18.846,0.017631
40.293,0.0074774,29.93,10.238,-0.0059695
41.965,-0.0070757,48.651,68.302,0.0015932
48.07,0.011793,38.089,40.127,0.013372
60.268,0.0029502,61.093,58.5,0.0012227
55.036,-0.011929,48.141,43.094,0.00020909
50.02,0.011546,29.732,76.934,-0.0010876
22.321,0.0017845,47.531,46.014,-0.002774
82.456,0.0037244,4.0658,54.629,0.0012672
39.266,-0.0039368,50.224,57.352,0.00025036
-2.968,0.0003363,31.615,21.32,0.0032892
59.535,-0.0073914,24.458,71.967,0.016523
33.079,-0.0062779,-10.017,70.497,0.011005
73.464,-0.00029792,71.016,-22.565,0.0074663
51.713,-0.0011371,58.429,37.362,-0.011867
69.771,-0.013154,2.9829,51.689,-0.0030786
28.643,0.0072726,61.297,50.36,0.001233
51.028,0.011582,25.741,82.868,-0.001449
49.535,-0.01317,37.149,49.96,-0.0040221
28.555,0.013906,43.575,77.77,0.00054642
34.145,0.018235,35.607,74.396,-0.0016979
14.581,-0.033844,22.286,44.938,-0.0055496
42.163,-0.0035447,64.017,52.585,0.002181
67.43,-0.010699,52.903,24.144,0.0089457
72.484,0.0059992,58.748,90.9,-0.010784
63.84,0.00068618,67.066,110.41,-0.0065652
61.589,0.011359,34.525,111.79,0.00034193
36.667,0.0061218,51.185,35.179,0.0086259
32.198,-0.0010321,64.609,77.075,-0.0070863
61.315,0.00017465,46.409,75.966,-0.0021527
90.81,-0.011575,55.678,5.423,0.0010969
54.006,-0.0059775,42.171,119.56,0.0072916
52.435,0.0047664,74.244,54.707,-0.0087068
31.654,0.010367,67.217,60.59,0.0024373
30.645,-0.0078429,46.93,-20.034,-0.0024199
35.051,0.0048422,28.617,56.026,0.00076872
65.876,-0.0011273,45.309,37.916,-0.0031744
41.965,0.007908,39.938,68.652,0.0010882
21.665,-0.0027196,49.222,45.66,-0.0066543
60.337,-0.013722,20.413,8.6672,-0.0025742
9.0147,0.0074474,32.501,78.241,-0.0055392
26.5,0.001383,30.912,68.971,-0.0054401
41.409,0.012746,37.777,23.41,-0.00073897
77.508,-0.0010383,60.333,19.533,-0.0096546
29.239,0.001744,12.287,55.357,0.0048836
17.338,0.0017361,55.79,10.701,-0.004327
-5.5545,-0.0086683,64.98,8.8161,-0.013543
4.4987,-0.0026678,47.281,0.51726,0.0022742
52.186,0.010721,-11.779,36.581,0.0053388
10.464,-0.0019738,43.835,74.039,0.010722
57.676,0.0078662,34.735,72.491,0.0045634
60.793,0.0052746,37.488,63.741,0.01039
71.522,0.0026374,41.141,63.337,-0.0087661
64.658,-0.0094977,60.781,-5.543,-0.0073584
15.735,0.018724,36.363,41.96,0.0048252
61.123,0.020884,49.815,-0.95743,-0.0049014
39.747,0.0066076,60.48,36.536,-0.01612
27.601,0.00063078,37.92,10.073,0.0053039
61.152,0.008146,44.12,28.06,-0.0010345
31.07,0.018073,17.451,60.646,-0.0035746
41.309,-0.023481,95.301,99.927,0.014122
80.331,0.021597,31.813,60.493,0.011816
50.392,-0.0051894,57.992,62.112,-0.0043821
20.398,0.016821,74.345,47.636,-0.00020738
57.961,-0.0037636,68.598,46.3,0.0053601
46.558,0.0084877,21.666,116.28,0.0054629
79.342,-0.00051634,69.742,7.6524,0.0048181
34.244,0.018166,35.436,56.263,0.0011654
21.409,0.0080399,94.876,75.816,0.0042995
51.928,-0.0040166,35.124,53.369,0.0055798
52.764,-0.0076742,45.419,59.796,-0.005704
55.332,0.0036251,41.288,37.47,0.0012209
72.94,0.013077,55.088,52.168,-0.010013
48.579,0.0046172,42.959,16.763,-0.0026222
25.929,0.0030267,53.035,46.502,-0.0066344
54.377,0.0037971,62.062,28.073,0.0043837
25.401,0.0094456,47.307,46.692,0.0049072
66.618,-0.0071105,57.945,39.241,0.0077393
10.465,-0.010616,43.842,12.249,-0.0081356
25.123,-0.012303,42.288,-3.4292,0.0093531
70.932,-0.008527,42.765,38.319,0.013515
60.432,0.0063999,51.814,26.482,0.010795
44.382,0.0071594,46.993,53.831,0.014234
73.538,0.0013294,32.692,4.0409,0.0039593
30.635,0.024819,103.09,80.047,0.00067514
72.751,0.011964,56.329,50.862,0.0051916
49.119,-0.0020824,10.869,68.194,0.001413
43.994,-0.00068889,15.889,40.405,-0.00021288
37.306,0.00085232,34.528,94.343,-0.0031447
8.1549,-0.0098355,24.976,45.283,0.017169
-4.533,-0.0054427,52.145,56.723,0.0066615
14.01,0.0015179,69.214,16.568,-0.0038458
27.159,0.0066969,41.618,63.673,0.0034
23.965,0.01299,43.574,76.203,0.012923
62.669,-0.0038885,10.659,24.438,-0.0010806
27.422,-0.00042033,63.468,46.464,-0.0084703
33.246,-0.0025144,69.049,47.514,-0.0022398
9.168,0.015437,36.032,83.152,0.0026369
60.017,-0.010651,-3.7548,38.683,0.0013106
73.506,0.0011312,4.9126,53.03,0.00097525
62.119,0.018155,58.868,5.2479,-0.0057589
32.04,0.0049893,51.069,101.32,-0.0035869
81.141,0.0050822,45.46,60.386,0.0001319
54.021,-0.0078654,57.284,36.508,-0.0064469
38.73,-0.0083188,67.478,13.616,0.01396
34.198,0.004158,54.559,50.358,-0.0046175
44.803,0.013597,42.886,103.71,0.001289
50.511,0.0092984,88.196,27.594,-0.0049124
44.559,-0.023161,6.8817,44.079,-0.00029753
23.991,0.0024654,62.692,10.341,0.00065459
61.056,-0.00609,44.087,63.591,0.0018536
45.973,0.0052632,50.04,30.201,-0.0067051
76.517,-0.00043071,46.722,88.955,0.0062644
72.7,0.010359,36.99,78.083,0.0027637
68.187,-0.0077648,62.595,48.32,0.017212
59.09,-0.0022175,42.81,87.207,0.012258
17.227,0.0072487,22.959,52.334,0.012591
57.459,0.016274,33.316,45.604,-0.010083
54.266,0.012625,78.513,41.214,-0.0062775
44.035,-0.0013126,53.249,69.802,-0.0023854
51.49,-0.018349,55.265,73.734,0.0073057
15.627,-0.0056925,31.733,75.013,-0.016055
10.563,-0.011486,53.073,68.795,0.0004675
49.477,0.020562,45.087,44.046,-0.0087345
21.372,0.010068,42.866,15.114,0.0037653
90.811,-0.0034157,37.638,62.357,-0.01673
-1.7316,0.016044,78.171,43.137,-0.010548
100.77,0.0013861,57.827,21.653,0.0047499
42.073,0.0068063,21.819,29.193,-0.0022529
8.1267,0.0066565,43.787,25.73,0.0050999
20.197,-0.0051253,46.325,39.891,-0.012492
34.656,-0.0033809,17.306,49.154,0.0073875
42.01,-0.013386,28.25,28.614,-0.0008512
22.851,-0.0045851,29.289,38.899,-0.0017559
46.34,-0.012636,45.352,53.913,0.0091891
81.586,-0.0012484,54.263,60.397,0.00090641
43.197,0.019781,7.0947,66.407,0.010764
15.971,0.012698,21.652,-9.4155,0.017487
81.995,0.0034863,-13.065,80.082,-0.0050361
40.549,0.01309,49.127,48.791,0.0010562
38.512,0.012973,22.55,-1.693,-0.0034008
42.758,0.013333,37.752,55.62,-0.0071932
46.365,-0.011114,19.609,73.331,-0.0024939
7.5082,0.016944,30.934,55.996,-0.0084586
57.546,-0.0022028,25.702,63.326,0.0054443
-9.6247,0.023728,52.92,7.44,0.0037813
33.349,0.012086,35.218,14.142,-0.010325
52.133,-0.0003713,46.089,-3.5098,0.0042072
33.438,0.0029485,58.377,74.052,-0.0098182
62.782,-0.0045098,50.234,98.772,-0.0062589
31.502,0.0024516,55.543,35.649,-0.0042371
33.186,0.012005,19.734,45.382,0.010397
38.77,0.020568,56.245,16.418,0.00016625
24.043,-0.00040185,94.513,7.3984,-0.00079256
45.879,0.0057261,48.335,124.14,0.0058169
49.551,0.0086105,50.522,121.87,-0.0035653
40.325,-0.013392,36.856,19.066,-0.0075587
49.5,0.013057,55.038,28.586,0.0025209
52.863,-0.017176,32.678,25.105,-0.0080262
21.179,0.00064489,44.249,67.673,-0.0061456
42.018,-0.020055,37.285,39.918,0.0029904
46.379,0.00063287,36.122,34.124,0.0077167
51.614,-0.0025326,42.017,101.02,0.0019234
35.147,-0.012194,36.307,61.797,0.0013173
74.35,0.013189,73.285,29.282,-0.009727
55.366,-0.0050504,40.995,-17.993,-0.0017055
65.701,0.017758,36.833,56.94,-0.0017303
7.57,0.011045,41.591,18.969,0.0087876
23.135,-0.027459,34.095,98.882,-0.0035941
49.514,-0.0012384,14.665,12.882,-0.0081494
34.171,-0.0059383,54.623,68.877,0.0006305
39.91,0.011414,27.696,-33.943,0.0054121
50.603,-0.0047612,40.903,83.608,0.0051438
49.531,-0.0059509,26.123,90.714,0.0023103
40.217,-0.0074231,60.746,7.7181,-0.0026648
32.295,0.002021,50.568,103.49,0.004593
15.991,0.011355,74.581,-23.173,0.0080971
75.627,0.0046545,34.751,26.442,-0.015556
93.01,-0.0069213,47.379,32.318,0.0033945
38.353,-0.0018439,8.9667,24.45,-0.0038732
40.412,0.021913,57.362,22.902,-0.0033825
18.683,0.031222,53.29,82.636,-0.0010968
43.425,0.0084069,30.611,73.788,-0.0098944
42.806,0.00025874,33.817,58.179,0.0022239
45.272,-0.0087552,7.7403,41.558,-0.009843
10.473,0.010278,73.129,13.537,-0.010487
40.963,-0.0060331,56.274,55.457,-0.00086153
50.11,0.0076799,44.156,40.541,-0.0024852
61.811,-0.00046695,65.865,56.04,-0.00031172
37.491,-0.0035173,65.083,69.427,-0.011268
18.647,-0.0047467,34.014,44.451,0.0055602
34.895,0.00064901,49.307,43.737,0.0032502
28.954,0.0046996,66.423,70.729,0.0058298
69.996,0.018929,43.32,14.369,0.0011916
56.179,-0.00084379,50.399,33.473,0.00011786
-3.9653,-0.0025912,51.828,13.377,-0.0052145
-2.0524,0.0074863,66.191,87.631,0.008874
9.4696,-0.0027124,41.295,54.934,-0.0041325
4.2436,0.014029,59.703,121.54,-0.0044646
53.162,-0.014313,47.999,30.217,0.0012547
14.837,-0.0071145,43.683,79.671,-0.0037596
58.631,0.01957,52.269,43.323,0.0036688
27.172,-0.0002031,42.385,0.57687,-0.0092759
35.671,0.015046,43.912,25.128,0.00093588
63.822,-0.0029777,41.039,23.835,-0.011424
46.699,-0.0073431,81.088,101.79,0.00025557
26.277,0.0061403,51.938,55.98,0.00014916
41.2,0.014498,58.004,92.798,0.011003
32.701,-0.0066335,47.85,-15.066,0.01293
38.793,0.0014912,31.361,76.089,-0.011017
37.958,-0.0071822,30.654,43.592,0.014682
18.349,-0.00012524,41.934,61.062,-0.0054031
30.58,-0.013045,48.367,73.242,0.00885
7.7767,0.014531,15.166,27.667,0.004106
67.337,-0.002558,26.359,36.884,0.003553
18.282,0.0052332,31.404,-15.053,0.0050673
30.567,0.0039396,48.011,57.416,0.0080331
13.344,0.0020706,28.862,84.581,0.0057871
1.5699,0.013786,20.609,45.455,0.0027353
27.303,-0.010925,45.24,57.55,0.0071726
50.222,0.0057896,39.579,28.076,-0.0077655
35.135,-0.0071011,41.434,94.158,-0.001732
77.185,0.0083615,8.8179,58.037,0.00026505
24.454,0.0067865,9.585,24.535,-0.0034382
12.654,0.0030698,22.735,47.958,-0.0022658
80.001,0.0037019,57.848,64.889,0.0080436
20.314,-0.0069953,-10.841,11.549,0.0035093
44.052,-0.0057807,36.771,58.48,-0.0015757
55.494,0.00073691,47.808,65.453,-0.00066212
68.01,-0.003291,5.5987,109.63,0.0069297
65.104,0.015526,52.437,40.414,-0.0024914
23.796,0.0052383,31.465,49.986,0.0056237
79.208,-0.0045712,57.271,26.351,-0.002184
74.924,-0.0076117,53.116,65.616,0.0076676
47.202,0.0061299,48.696,42.143,-0.012701
53.782,0.010008,107.61,46.516,-0.0010893
36.389,-0.0055593,22.524,24.039,0.0064525
71.817,0.006798,46.24,66.806,-0.0024184
10.248,-0.005816,49.701,43.952,0.0055488
32.923,0.0043866,74.849,47.165,-0.0028646
19.215,-0.00077611,51.496,8.465,0.0085876
37.985,0.0016726,64.584,90.717,0.007539
30.139,0.0039715,37.707,74.716,-0.0060854
35.963,0.0038666,66.81,73.474,0.0032776
24.326,-0.0119,44.336,97.93,0.0033631
105.12,0.0080919,38.285,59.959,-0.0080196
28.079,0.0039322,20.818,26.904,0.010736
50.151,0.026247,20.07,64.82,-0.0033554
37.576,0.0031327,61.369,37.597,0.0020127
75.656,0.0087789,61.893,85.017,0.0067309
32.419,0.01775,24.66,73.106,-0.0011643
66.292,0.006439,49.469,30.696,0.010231
65.311,0.012161,26.855,32.379,0.0088746
53.059,0.0072848,44.404,24.032,-0.0035905
32.184,-0.012233,49.731,10.035,0.0074914
58.384,0.0076393,41.643,81.786,-0.00066048
34.448,-0.0026815,64.92,110.45,-0.00083079
7.7694,-0.0090744,33.774,77.486,0.0045925
35.824,-0.014669,23.108,-39.84,-0.0040435
-5.9504,-0.00049525,75.639,30.051,-0.0015454
64.223,0.0047164,28.866,31.678,-0.00034953
75.818,-0.0043463,14.334,98.327,0.0045262
23.911,-0.0004246,55.514,84.122,0.0053778
53.316,-0.0015671,67.669,58.373,0.013723
75.044,0.0077815,51.484,3.2762,0.0044807
43.231,-0.01139,29.314,25.589,0.00023874
40.386,0.0092351,42.738,36.144,-0.0041609
4.2803,-0.0082596,72.95,47.691,-0.00049502
39.848,-0.0019519,32.84,36.736,-0.0078666
42.983,-0.0028248,41.714,62.006,-0.015337
41.698,-0.0045449,13.377,21.677,-0.0027115
92.246,0.0064277,48.923,-1.0712,-0.014598
31.757,-0.0068995,51.054,0.855,0.00545
69.907,0.0060193,19.91,27.582,-0.0087829
14.712,0.0023837,59.078,71.599,-0.011262
73.93,-0.0079296,17.387,54.53,-0.0055581
43.983,-0.0017502,34.947,75.079,-0.003365
60.628,-0.0014431,16.408,82.141,-0.0031928
46.852,0.0021326,73.151,56.153,-0.0029579
43.919,0.0092026,54.986,20.851,-0.0024462
72.194,0.017239,-4.0005,58.808,-0.00057541
36.915,-0.0010776,50.815,44.653,-0.0045673
72.524,0.029048,44.651,82.114,6.298e-05
59.08,0.014262,45.198,38.276,-0.0053709
51.094,-0.00086028,74.883,41.59,0.00010599
65.035,0.0051741,50.44,41.533,0.0030679
0.67218,0.0082028,40.757,74.618,0.005049
47.241,0.0046131,44.54,43.693,-0.0053331
83.192,0.0063679,85.702,52.248,-0.0030614
-0.24319,-0.014228,78.427,54.226,0.00082857
46.653,0.0075691,10.677,34.369,0.017782
64.391,-0.0081062,47.191,-20.253,0.0093701
42.646,0.021584,29.036,92.134,0.0027796
32.98,0.0017752,28.655,30.278,-0.0051304
63.807,-0.014155,5.6834,35.847,0.0069741
40.454,0.0084718,54.922,6.5381,0.0063818
64.805,-0.0033526,71.406,18.001,0.009231
36.392,0.0066201,33.26,34.529,-0.00088995
32.022,0.0091795,41.986,32.655,0.012346
55.955,-0.010522,20.59,16.616,0.00045022
60.919,-0.0087157,75.655,124.84,0.0013819
-4.9657,0.0011529,39.749,78.785,0.0059921
45.092,0.012827,13.494,77.666,0.0010503
36.975,0.01109,47.307,28.268,0.001914
37.439,5.7099e-05,41.478,37.99,0.0026937
54.388,-0.0029566,35.782,46.962,0.0080389
35.641,0.010423,23.755,66.952,-0.0022853
22.474,0.0050162,61.84,45.48,0.0011734
6.1364,-0.0029467,35.284,91.366,-0.0031987
38.3,-0.011746,49.294,98.76,-0.011436
29.432,0.0048064,10.777,35.652,0.0099242
54.659,-0.025478,29.948,35.342,0.0018583
46.632,0.014829,54.241,68.932,0.0071141
47.778,0.00943,29.28,93.505,0.0038919
38.815,0.00030825,25.39,127.02,-0.002283
30.37,1.7096e-05,65.103,41.624,-0.0016362
36.486,0.0036049,49.595,5.7807,-0.0099568
51.978,-0.0017044,17.885,-5.0819,0.0052835
75.385,0.0055028,28.885,63.233,0.0077369
26.192,0.00016605,51.249,46.03,-0.0013018
57.003,0.001627,44.43,16.335,-0.010534
39.939,0.013877,15.274,2.3742,0.00070098
67.977,0.0085601,33.062,58.242,-0.006681
22.251,0.0015056,34.746,49.253,0.0084554
48.732,0.011434,8.0995,52.713,-0.013026
77.572,-0.0054366,8.3713,-0.68472,-3.1815e-05
14.964,-0.0060979,69.837,-2.2289,0.0031528
73.393,-0.0097338,88.954,30.308,0.0050663
48.769,0.015189,20.889,57.61,0.00062258
39.104,0.0039943,84.137,-1.5923,0.0029209
85.881,0.020757,28.977,142.3,-0.0060652
12.321,-0.0036387,85.35,-0.48292,0.002503
26.085,-0.0094862,37.849,40.718,-0.004764
65.034,-0.00068515,60.574,76.729,0.0058983
29.151,-0.0078093,16.261,28.388,-0.0064947
49.134,-0.00061147,62.012,34.503,-0.0061444
65.68,0.0015221,35.38,63.238,-0.001232
40.32,-0.0016758,79.576,32.728,0.0047602
28.218,-0.0021093,34.731,45.404,-0.0072888
58.132,0.0045803,28.367,47.557,-0.0038717
41.362,0.00023794,26.456,29.728,0.0037895
1.9395,-0.025132,-6.6203,-27.3,-0.010029
61.374,0.013552,66.535,-5.164,-0.0099401
65.398,-0.014387,51.464,83.526,-0.0057072
22.688,-0.013033,34.054,24.841,0.0091034
66.509,0.0042764,71.138,95.099,-0.0027071
40.816,-0.0060971,59.304,22.633,-0.0033109
43.475,1.8895e-05,19.73,106.32,-0.0096311
50.705,-0.00030956,19.325,48.985,-0.010233
26.433,0.012264,38.157,128.72,0.016479
24.862,0.014821,68.428,4.6849,0.003011
58.718,0.013692,63.966,53.35,-0.0011617
33.81,0.0056459,38.7,15.226,0.0024087
49.655,-0.0045085,54.618,2.2433,0.003034
84.214,0.0056713,42.218,12.691,-0.010962
59.306,0.029531,53.765,23.671,0.011594
38.365,-0.0061532,71.426,38.716,-0.010862
45.221,-0.011971,22.659,9.9318,-0.0082376
59.336,-0.0050914,48.154,59.069,0.0080755
44.309,-0.0016708,53.156,52.687,-0.0080956
40.862,-0.0055081,68.093,66.941,-0.0017037
34.264,-0.019719,70.227,69.834,-0.011227
54.667,0.0092972,36.674,27.247,-0.0039652
2.3107,0.010409,55.155,106.86,0.0026947
20.669,0.021386,43.011,58.323,-0.0016065
43.007,0.011888,71.252,-19.368,-0.0034688
62.506,0.010236,49.009,88.081,0.0080616
43.029,-0.0089859,48.184,10.228,-0.005107
5.0046,0.00029597,37.68,14.508,-0.0087063
86.097,-0.0029493,31.167,75.05,-0.0035643
44.543,0.0042672,30.025,44.222,-0.0030697
84.606,-0.016409,66.335,22.47,0.010706
60.26,0.012305,63.669,52.502,-0.0040236
72.942,0.0055112,86.965,49.616,0.0070801
72.644,0.019697,55.037,27.605,0.0065412
22.681,-0.0019327,3.729,23.67,-0.005082
32.73,-0.013378,39.749,99.443,-0.0083729
58.808,0.015536,56.562,18.092,0.0069263
62,0.00024242,83.524,40.709,0.012206
61.582,0.00628,57.895,80.23,0.00088476
30.572,0.00201,39.78,92.6,-0.017684
47.614,-0.011031,34.65,29.881,-0.00046079
36.842,-0.011879,28.792,59.731,0.00034215
50.08,-0.003141,21.967,53.907,-0.0032988
64.26,0.0071683,56.005,94.245,0.00073009
59.456,0.009308,35.257,60.93,-0.0030189
32.518,-0.0218,51.575,69.436,0.0047129
34.918,0.0071926,52.014,24.065,-0.0060292
44.007,-0.013079,26.445,78.727,-0.00028608
32.249,-0.0011843,56.627,-7.41,-0.0045735
35.931,-0.0072728,22.279,17.663,-0.0016973
15.616,0.00032791,39.63,97.206,-0.0033211
21.068,0.0061443,54.328,86.638,-0.0018407
50.234,-0.020449,42.327,118.21,-0.0022633
48.732,0.0088166,23.155,71.298,0.0019644
2.4227,0.018336,55.842,25.582,-0.0025806
37.424,-0.022706,49.086,113.06,0.010237
54.602,0.0021941,38.333,56.693,0.00097748
32.458,0.017898,1.3289,57.485,0.0012784
33.941,-0.0027174,39.057,68.937,0.0052584
9.2902,0.0074057,56.751,46.166,-3.0752e-05
74.621,-0.0036615,39.132,35.749,0.010513
9.3489,-0.0027702,79.248,18.274,0.0088078
38.925,-0.0066334,37.753,36.127,-0.0066184
42.738,0.00074742,4.4699,40.039,-0.0010016
5.2483,0.016915,33.957,71.673,0.015864
44.697,0.00033721,39.918,21.493,0.0016581
70.921,0.001896,57.123,37.111,0.0035117
46.684,0.0021046,50.609,-8.2043,0.0091563
36.213,-0.010964,47.904,90.697,0.001255
60.042,-0.0068275,41.777,35.244,0.01142
43.919,-0.0016238,17.377,80.119,0.0087198
1.2058,-0.0089899,75.268,50.904,0.0059049
39.018,-0.0081445,26.39,36.616,0.012545
30.06,0.0064918,64.56,80.201,0.0036739
55.13,0.0088591,69.433,57.834,0.0043458
22.463,0.0053334,88.434,9.1467,-0.00261
48.997,-0.017489,33.124,7.3834,-0.0040878
42.339,-0.0019439,71.699,27.38,0.0025569
37.504,-0.0036129,82.075,43.113,0.0012761
20.071,0.00037329,66.326,68.62,-0.0015498
31.629,0.0057904,41.698,22.013,0.0008699
-6.8989,0.0043092,74.957,95.031,0.002936
75.23,-0.0066288,41.747,6.1932,0.0098646
28.35,-0.016531,36.406,113.17,0.003325
20.789,0.0025472,65.162,65.747,0.012845
14.249,0.018743,91.221,25.621,0.00020161
48.618,-0.00072458,55.251,36.03,-0.0084307
18.514,-0.0020868,35.107,60.51,0.0046073
22.067,-0.0076511,57.856,20.893,-0.0046791
45.294,0.0032757,7.8344,45.972,-0.0039608
32.02,-0.009045,81.738,27.904,0.0084191
16.041,0.0061963,14.741,18.169,0.00052588
63.125,-0.0031759,59.806,44.734,0.0099653
29.086,0.018449,91.181,101.64,0.0092824
29.984,-0.011805,55.295,74.107,0.0020698
34.735,0.013693,17.018,16.319,-0.0027806
27.495,0.0024949,42.797,59.204,0.0070153
42.324,-0.00523,41.694,24.521,0.0041645
51.728,-0.0084616,70.325,34.177,0.0010739
13.965,0.031244,60.686,14.022,0.020265
43.916,-0.0015401,50.46,102.14,0.0047257
98.502,0.0055726,69.821,75.152,-0.0057655
52.995,-0.0027185,60.094,47.765,-0.00133
32.355,0.008714,26.294,14.433,-0.012281
81.258,0.0016347,32.496,89.071,0.0036211
44.806,0.0067288,88.189,73.064,-0.0044256
45.168,-0.0014835,62.534,47.601,0.0063403
34.525,-0.0012264,28.409,61.569,-0.0015205
53.609,0.01566,53.419,19.685,-0.0010774
26.295,0.013141,49.308,43.722,-0.00045905
26.91,-0.0041939,40.899,81.322,0.0024125
66.249,0.017332,55.092,47.022,-0.00589
55.78,-0.0065257,38.536,75.537,-0.0030919
52.484,-0.015505,37.283,102.97,-0.0055407
59.591,-0.010571,49.438,8.9074,-0.0027691
57.348,0.0025694,91.056,87.028,0.0035676
-6.5413,-0.018916,52.527,39.153,0.010297
74.845,0.0045325,48.643,11.326,0.005948
56.497,0.0037741,30.69,75.754,-0.011095
26.316,0.0012321,63.965,70.897,-0.005828
72.535,0.0046413,29.013,46.195,0.0075772
55.816,0.0091246,45.937,80.091,0.0088408
55.594,-0.0064785,30.651,101.57,0.0018558
63.506,0.00047765,29.102,19.716,0.0011092
38.684,-0.012682,44.345,33.258,-0.0034531
62.981,-0.0064665,67.234,9.0083,0.011579
19.88,0.011983,42.903,28.862,-0.0057979
55.263,0.0068688,61.69,73.093,-0.00056164
44.469,-0.0060021,52.223,61,0.0083892
48.463,-0.0061965,47.193,17.047,-0.0051519
67.331,0.010486,4.0478,54.778,-0.0019618
43.535,-0.003493,44.036,28.478,0.0044875
30.969,0.0084761,33.175,22.676,0.017824
11.437,0.0098632,73.873,97.381,-0.0047587
33.442,0.015795,36.95,74.454,-0.010226
66.784,0.0010447,28.761,60.312,0.0044869
57.896,-0.0056491,31.267,-13.852,-0.0036721
26.574,0.010764,50.408,42.396,0.0034315
53.061,-0.0058915,54.06,45.8,0.003246
43.065,-0.016251,6.5109,36.95,0.0038176
56.305,-0.00214,87.974,57.78,-0.0055266
35.507,-0.0049497,82.418,107.97,0.0036913
81.121,-0.0086489,36.909,-30.085,-0.0057487
38.45,0.0032058,17.995,8.7762,-0.011332
44.108,0.0012585,51.013,68.069,0.0028123
83.441,-0.011893,53.632,13.528,-0.00053087
54.153,0.022552,46.881,35.576,0.0040086
83.866,-0.014273,83.765,88.743,-0.0021926
69.879,0.026727,55.171,59.526,0.001861
53.146,0.0038255,81.731,34.218,-0.0093694
27.372,0.024345,33.022,52.991,0.0028795
54.699,0.017896,50.038,25.416,0.008298
36.581,-0.00023897,20.927,82.21,0.0070345
42.97,0.015047,39.61,-7.4004,4.7388e-05
41.17,-0.010084,50.641,50.607,0.0036174
35.888,-0.0071106,36.711,24.535,0.0051891
20.571,-0.015835,41.558,44.893,0.0045856
30.944,0.003809,41.318,65.359,-0.0049778
40.126,-0.020766,7.1318,97.085,0.011788
28.429,-0.0036164,82.036,36.462,-0.0032193
40.473,0.0072192,14.539,32.293,-0.004168
39.284,-0.011741,32.116,78.019,0.0065346
40.262,0.0034658,-5.888,53.048,-0.0047991
20.19,0.0015503,39.177,83.884,-0.0095828
39.458,0.0014446,25.132,36.46,-0.00022268
9.6624,-0.020521,53.542,-31.762,0.013025
2.3003,-0.0084228,81.279,46.891,0.0013017
15.409,0.0033238,24.385,19.962,-0.0024618
42.498,0.0065057,50.967,11.751,-0.0028308
29.102,0.013432,22.425,21.297,0.0031174
32.899,-0.0096804,32.443,85.773,0.0027905
52.123,-0.0023496,1.1475,-1.8404,0.0048679
29.421,-0.0069434,36.15,26.338,-0.010965
44.824,0.00016728,24.732,55.664,0.0039031
16.77,-0.004966,27.535,29.466,-0.012919
28.172,0.0007916,41.506,39.999,-0.010397
80.198,0.0087514,1.9087,39.29,0.0064027
86.9,0.0023254,35.876,-9.7199,-0.0088614
59.684,-0.01241,34.229,30.722,0.0025254
20.323,-0.0030934,36.687,66.767,0.00010366
31.672,0.011232,31.501,43.928,0.0021429
45.776,-0.0020647,59.342,80.527,0.0016757
3.4237,-0.020169,-2.5716,91.177,-0.0046416
35.197,-0.010013,54.378,100.97,0.00067029
20.566,-0.010248,59.498,63.792,-0.0061023
40.22,-0.006288,21.782,60.313,0.012674
31.898,-0.0074396,6.9953,3.9667,-0.0079255
97.463,0.0018867,48.721,37.856,-0.0044038
96.234,-0.0011496,100.57,71.565,-0.013068
64.609,0.0077433,65.445,15.091,-0.005255
5.0953,0.010984,36.19,40.832,0.0021887
79.582,0.0025746,53.306,35.701,0.0068256
8.0383,-0.0059123,66.465,90.708,-0.0056653
86.637,0.013671,46.783,59.688,0.00096402
61.541,0.010058,66.897,55.964,0.012072
20.201,0.0011328,11.894,108.4,-0.0027963
54.855,-0.0028907,16.98,60.053,-0.0018225
90.509,0.0025913,44.409,-2.6449,0.0058732
59.971,0.0030406,59.021,78.137,-0.0020136
36.916,0.0090677,71.486,44.879,-0.0050184
28.119,-0.0080682,37.762,63.981,-0.00053161
73.22,0.0055825,-1.566,81.057,0.00762
37.943,-0.0018861,30.01,42.89,-0.0063716
33.681,0.020657,45.415,73.041,-0.0069204
33.092,0.017523,34.434,61.561,-0.0048106
53.056,0.012927,69.327,38.558,-0.013229
67.92,0.0048933,30.676,38.8,-0.0077178
33.525,0.023626,29.814,-28.245,0.0024669
11.328,-0.0001657,46.951,78.087,0.0023498
34.61,0.0068527,-7.4992,17.941,-0.0082601
34.518,-0.019726,53.94,35.106,0.004187
65.31,-0.015768,27.492,35.924,-0.0028389
58.381,-0.010042,76.72,82.766,0.012504
41.312,0.0084769,14.059,78.467,-0.0049676
24.588,0.017486,27.862,69.623,0.015487
97.879,0.0091564,55.833,21.015,0.00019044
12.644,0.0005474,75.862,16.632,0.0098458
78.568,-0.013425,56.706,73.102,0.010259
48.618,0.001573,55.211,37.64,-0.00022273
21.185,-0.01763,24.233,11.441,0.0015889
42.378,-0.015089,16.672,85.361,0.0037379
51.859,-0.0086971,35.864,74.226,0.00012567
30.038,0.0029666,47.053,48.088,-0.0020468
65.446,0.020508,79.954,3.6057,0.003021
52.942,0.014336,31.597,1.3957,0.0014778
20.534,0.026008,3.7971,60.176,-0.0058654
34.827,-0.014021,39.548,54.86,0.012563
55.492,0.0082531,37.033,32.659,0.001096
56.139,0.0033875,42.382,104.85,0.011818
76.294,0.017659,19.535,66.587,-0.0084028
61.006,-0.0043518,67.557,101.3,-0.0053104
55.643,0.018196,45.133,45.727,-0.0060517
75.5,-0.010791,51.555,57.684,-0.0015833
46.982,0.0015551,32.714,109.4,-0.011879
49.65,0.0033023,31.363,68.05,-0.0068578
45.601,0.012644,70.327,49.595,0.0051606
82.971,0.0032986,75.265,71.945,-0.0042045
22.598,-0.0178,62.413,67.98,0.0030744
71.946,-0.0033259,46.327,138.48,-0.0044515
41.36,-0.0050656,34.986,30.993,-0.010068
25.221,-0.020624,41.484,44.078,-0.007547
61.06,-0.00052215,79.041,93.172,0.0010295
39.025,-0.0062551,44.524,78.356,0.011137
29.173,0.006512,48.049,68.507,-0.0043036
15.76,0.01826,16.053,63.651,0.0067136
47.874,0.013117,60.525,12.926,-0.0061239
26.351,-0.0073739,29.199,28.828,-0.011513
28.581,-0.0034908,71.949,52.338,-0.01856
46.602,-0.0039236,32.348,80.722,0.0080569
34.16,0.0072539,27.718,35.897,-0.0043852
38.752,0.008714,31.65,26.415,-0.0043852
24.007,-0.015276,25.217,69.602,-0.0039963
31.983,-0.0012659,18.684,51.705,0.0060933
64.557,0.0019323,60.033,32.634,0.00072882
17.612,-0.0018325,50.675,49.563,0.0039315
32.695,0.0021882,26.366,32.15,-0.0020725
62.438,0.0048352,26.136,6.4266,0.0040672
28.183,0.014952,67.617,50.67,-0.0075456
57.276,-0.0058555,43.792,9.2781,-0.00048225
47.346,-0.0015915,98.866,26.347,-0.0074623
69.458,0.0064967,25.329,59.22,-0.00844
25.776,0.0043742,64.973,23.696,0.00301
33.448,0.0081884,10.565,78.146,-0.0001263
40.468,0.0060102,53.843,71.465,0.0019385
12.405,0.0078996,45.187,51.21,0.0018151
33.944,0.00098456,72.236,62.052,0.0021868
46.24,-0.012293,83.381,61.781,0.0053835
19.901,0.01885,12.17,80.647,0.0097699
65.053,0.008846,35.074,20.767,-0.0011907
50.403,-0.004243,43.553,63.722,-0.010489
34.454,0.0021758,46.472,44.398,-0.0028665
21.876,-0.010751,49.212,70.636,0.0061996
56.908,0.0031538,6.2272,42.669,0.0065623
61.561,0.0044848,56.942,40.972,0.003573
14.078,0.0033996,19.131,108.71,0.0022917
35.799,0.0020555,70.192,52.46,0.0034667
75.037,0.0025592,48.142,17.87,0.0037961
34.758,-0.00012237,47.794,22.129,-0.0043162
75.287,-0.0031903,12.641,73.285,0.00089393
15.798,-0.0061499,30.61,7.352,0.001438
36.017,0.0012442,53.514,116.71,0.0012443
34.614,0.012095,56.066,53.963,0.010157
2.6687,0.0082477,44.269,75.641,-0.012637
18.697,-0.0034161,53.283,45.191,0.0031044
52.203,-0.0060908,27.401,80.338,-6.7804e-06
24.09,-0.0033675,67.548,75.68,0.0041152
70.9,0.015367,30.448,105.95,0.0045863
61.202,0.0008153,50.589,63.153,0.002151
27.586,-0.010982,12.68,15.903,-0.0044546
-4.9877,0.0056094,26.461,-0.046644,0.0031551
33.089,0.0065512,30.455,53.208,-0.0098465
58.339,0.0048644,12.737,-3.0243,0.0073089
28.257,0.0022758,56.266,46.965,0.00085795
28.565,-0.0057166,35.513,52.343,-0.0082481
21.316,-0.010568,43.16,51.871,-0.006037
29.664,0.0039689,16.93,65.24,-0.012755
42.934,0.001166,59.328,46.316,0.0057353
44.735,-0.01028,13.162,93.454,0.0086941
50.523,-0.0072927,12.984,17.947,-0.0026143
40.682,-0.0082579,18.014,16.783,-0.0048491
56.835,-0.0039607,48.674,34.363,0.00029819
24.617,-0.0019835,46.961,51.609,-0.00083416
74.542,-0.011579,66.06,25.254,-0.0035384
20.954,-0.024083,23.114,30.62,-0.0055638
35.5,0.0050954,32.328,23.587,0.002829
57.889,-0.0038595,36.669,75.717,0.0007495
14.543,-0.0028939,56.093,31.82,0.0093636
89.747,0.0036385,39.977,22.682,-0.0060761
26.233,0.01814,77.545,90.849,-0.0063031
75.608,-0.014545,3.4539,90.869,-0.0059966
22.306,-0.011296,5.1924,97.463,0.00076207
57.83,-0.0097876,81.445,-24.004,-0.005675
76.03,0.020357,62.72,60.568,-0.0018659
78.912,0.020312,19.055,134.77,-0.01199
50.905,0.01658,33.937,28.918,-0.003209
66.733,-0.0065258,73.825,47.315,-0.0053055
81.472,0.0066919,68.658,56.342,-0.0059249
3.0915,0.024514,43.302,11.798,-0.00018128
36.58,-0.0092855,31.01,-29.867,0.0036561
23.08,-0.0013916,40.051,27.757,0.0034484
34.782,0.0029593,50.082,62.787,-0.010629
66.903,-0.0029601,34.768,-38.363,-0.0051753
31.05,-0.0082904,51.71,66.904,0.0062787
88.712,-0.011047,47.371,39.766,0.0059931
29.288,0.015589,22.191,23.824,0.00019464
63.552,0.0029094,25.864,111.06,-0.0032751
37.975,-0.0072252,30.949,35.847,0.0049233
16.421,-0.0047808,40.862,-13.949,0.000716
58.944,-0.0018801,61.974,-20.515,0.0075519
11.501,0.0027253,36.02,35.035,0.001814
14.085,0.0013569,20.385,30.674,-0.00081468
47.578,-0.0062149,46.586,20.021,-0.0013913
36.002,-0.0065131,4.5744,23.7,0.0020611
36.661,0.001936,56.177,82.476,-0.0018893
32.961,-0.011369,52.877,46.085,-0.0056367
39.667,0.023029,49.001,64.386,-0.0088755
60.585,-0.00099104,36.38,61.227,0.01274
28.567,-0.0084028,7.7808,-9.4789,-0.012824
14.967,-0.0026113,41.621,69.641,0.00070206
69.127,0.0050225,55.529,23.369,-0.0044053
59.477,0.013538,10.945,4.6537,-0.0021247
-14.51,-0.0065061,45.946,37.262,-0.002287
65.101,-0.0035545,37.805,15.176,-0.0048767
34.959,-0.025637,-2.2229,36.214,-0.0053943
56.188,-0.0041517,50.776,15.506,-0.00035112
61.777,-0.0044211,30.441,53.658,-0.0084146
58.205,-0.003772,76.323,26.123,-0.0081188
13.34,0.0016384,24.5,104.09,-0.011172
99.71,0.0031663,46.293,96.857,-0.0044651
55.175,-0.022136,97.667,29.477,0.002256
39.064,-0.015777,40.948,38.859,0.003673
90.71,-0.002672,17.264,89.39,-0.0031756
40.833,-0.013193,9.2563,73.46,-0.0091116
31.936,0.013907,50.458,94.454,0.0047928
59.4,0.0030056,86.825,87.941,-0.0019035
79.03,-0.01445,15.045,104.46,-0.0041497
56.085,0.0050679,58.763,62.217,0.0010674
37.265,0.0086024,45.745,63.897,-0.00076741
71.553,0.0036734,39.944,32.295,0.0085292
84.381,0.021282,12.231,105.03,0.0046909
70.505,-0.0016586,37.723,9.8347,-0.001942
76.839,0.010458,40.535,22.629,0.0030775
48.042,0.0050295,65.069,2.0543,0.0030589
76.824,0.0080248,68.898,152.27,0.0036975
17.839,-0.012179,38.616,40.86,0.0019414
64.838,0.022732,50.009,30.751,-0.0052954
3.9628,0.0056685,72.429,-5.8466,-0.0083853
40.095,0.0069158,39.342,66.155,-0.01774
43.276,0.010489,59.766,36.332,0.010032
10.696,-0.010671,56.204,68.225,-0.0037624
26.36,0.02408,65.341,25.927,0.0013959
42.281,-0.0070246,68.555,62.522,-0.0020783
38.903,0.00072904,46.01,91.227,0.0071001
59.818,-0.0071348,8.3877,64.298,-0.0051251
61.346,0.0075622,26.673,112.41,0.00062695
22.897,0.0030887,26.202,87.533,-0.013062
21.55,0.011278,24.16,96.27,0.013306
68.088,-0.012177,38.152,10.121,0.01515
57.559,0.0064842,85.281,20.779,0.001128
50.147,-0.0055188,79.751,32.997,-0.00095843
34.383,-0.0058134,43.513,79.167,0.013792
72.033,0.0070363,72.225,89.858,-0.00094186
51.57,0.015559,52.298,68.41,-0.0057471
48.755,-0.0082453,20.987,50.568,-0.003418
19.114,0.0074779,56.984,8.0671,0.0070493
30.903,0.0060803,-0.27169,36.28,0.012602
38.263,-0.015573,51.685,55.339,0.0053028
29.799,-0.010902,81.518,63.344,-0.0028803
60.527,0.00047579,34.202,48.544,0.00117
57.341,0.018528,8.8853,51.904,0.0026192
-5.5701,0.0030261,40.359,111.46,-0.0061882
57.275,0.013848,31.708,44.034,0.0060297
53.085,0.0044864,18.571,58.694,0.0062185
57.327,0.0035806,9.7519,55.004,3.5351e-05
56.141,-0.012108,45.016,68.673,-0.0088861
45.244,0.0012946,27.782,57.377,0.0039207
63.168,-0.0091745,-1.688,42.442,-0.0053269
71.372,-0.0049828,47.022,73.714,-0.0021698
42.908,0.012197,100.22,0.7671,-0.0011639
43.025,0.0083605,34.033,48.992,-0.015216
53.67,0.012619,28.632,61.293,-0.0058444
59.545,-0.0083646,34.496,54.871,-0.00010679
69.376,0.0041355,46.346,70.093,0.0020638
53.043,-0.0062469,76.954,40.532,0.011014
43.37,0.00093107,43.779,-26.405,-0.010432
63.975,-0.0071976,30.361,5.4423,-0.00056883
-3.6194,-0.0011729,13.493,82.882,-0.00013527
73.574,0.0024243,29.797,59.725,0.006661
9.7402,-0.0018266,49.615,23.538,-0.0017802
30.07,-0.0011343,39.452,14.1,-0.00889
44.724,-0.0070283,68.216,-6.5746,0.0012347
39.878,-0.0037651,37.644,-3.8017,-0.010646
73.907,0.0026085,45.007,85.222,-0.014864
38.772,-0.0012167,64.618,70.853,-0.0045267
32.611,0.0017569,40.298,57.446,0.0088597
64.229,0.016483,7.7569,23.385,-0.015354
33.09,0.017167,39.935,43.567,-0.0086272
64.542,-0.012431,-2.3848,88.165,0.004463
34.493,-0.010678,21.699,38.78,-0.012003
6.7085,0.0051028,68.387,78.689,-0.0088745
46.302,-0.024305,29.938,29.037,-0.00092471
80.564,-0.0015649,54.519,33.977,0.001197
28.436,0.00059223,49.052,14.957,-0.0086814
61.462,-0.0025267,13.947,4.2232,-0.0076233
78.969,0.013622,37.266,63.187,0.0045167
26.426,0.0017336,70.707,41.122,0.0090448
61.71,0.00536,39.063,88.801,0.0062707
28.723,0.019344,70.642,-12.619,0.0030408
45.13,0.0088092,76.108,33.993,-4.7203e-05
56.905,-0.004,31.569,65.917,-0.0064288
19.629,0.021007,47.364,2.5397,-0.00050991
44.63,0.00096448,28.168,39.87,0.0088343
63.316,0.0057046,15.23,71.905,-0.0013424
15.824,-0.0023647,41.262,31.214,-0.0012763
45.199,0.00026889,15.416,80.958,-0.0050605
60.561,-0.0010055,43.344,72.068,-0.0056502
33.067,-0.00071065,54.589,-20.033,-0.012308
55.84,0.020696,61.706,106.47,0.0077045
68.698,-0.00016602,52.465,66.059,0.0035723
40.22,0.0048009,13.161,33.519,-0.0020273
63.522,0.0093659,27.329,41.383,0.0045966
26.358,-0.0038168,78.552,32.299,-0.0017185
38.603,-0.018892,60.53,47.187,-0.0025402
79.241,0.015349,16.877,19.605,0.0045037
56.612,-0.0069949,46.355,50.936,-0.0088787
30.676,-0.011606,47.351,38.042,0.0012922
40.374,-0.023217,49.462,9.6007,7.3891e-05
29.774,0.013901,39.841,31.401,-0.0076821
30.175,0.0059288,12.119,69.743,0.0025275
11.516,0.0050025,45.875,26.423,0.0021454
25.124,-0.004585,50.774,43.928,0.0010314
46.303,-0.0080404,53.517,-10.319,-0.0034659
19.623,-0.0051848,38.859,30.469,0.00056129
51.513,0.0074108,60.468,76.317,-0.0019665
36.895,-0.00060127,50.084,50.116,-0.00041254
-10.951,-0.0036138,32.445,41.48,-0.0081906
4.0797,0.0083531,68.107,51.382,-0.0016489
48.167,0.0125,34.094,-10.603,0.0050193
39.799,0.0096475,-8.0401,19.089,-0.0028928
73.694,0.0026567,78.125,-32.779,-0.0044881
36.265,0.01791,20.432,23.502,-0.0038665
48.013,-0.015295,56.297,88.363,0.0034231
13.411,-0.0088196,14.93,86.749,0.009344
4.7235,0.0022497,61.671,14.896,-0.0075849
58.017,0.0082415,24.464,97.203,-0.0043206
26.067,0.006469,62.043,63.425,0.0006909
11.225,0.0022961,41.241,115.48,-0.0067735
19.065,-0.0071782,30.807,53.244,0.0030101
58.279,0.010294,17.724,41.106,0.0091483
26.563,0.010823,23.347,36.911,-0.006373
51.973,-0.0073761,49.636,-8.6598,0.0035606
80.142,0.017345,44.357,63.733,-0.00010221
54.4,-0.01107,53.431,59.945,0.009297
44.446,-0.0007788,74.246,93.715,-0.0050338
61.147,-0.0042459,37.838,32.015,-0.0043064
27.674,0.006117,54.737,30.723,0.0096412
28.621,0.012734,50.745,49.879,-0.00031733
42.204,0.0056755,66.645,45.784,0.010495
54.003,-0.012383,58.975,89.131,0.0037101
52.489,0.01483,44.505,105.94,0.00023995
43.271,-6.9732e-06,51.814,65.439,0.0037075
46.872,0.00012926,36.255,11.959,0.011461
48.139,-0.0017329,32.148,77.359,-0.010849
50.455,-0.0024313,22.636,-4.993,-0.0027642
9.4155,0.001448,35.895,53.375,-0.0036027
41.546,0.017901,33.623,75.362,0.0063256
40.29,0.0042173,64.401,4.6764,-0.0038545
42.361,-0.0030438,58.502,113.18,0.00023812
53.207,0.0044633,66.398,34.968,-0.0015614
54.668,-0.0054563,46.929,7.5757,0.0042141
41.592,0.0025221,42.807,18.147,-0.015523
42.835,-0.0010466,1.8734,34.17,-0.0035932
14.174,-0.00072409,40.388,90.897,0.0053827
63.472,-0.016237,81.591,35.378,-0.0051878
