150,0.0080419,148.39,65.835,0.0097571
148.05,0.0086294,146.36,68.714,0.010476
146.06,0.0092501,144.27,71.573,0.011235
144.02,0.0099059,142.13,74.413,0.012035
141.94,0.010597,139.96,77.229,0.012877
138.3,0.011879,136.14,82.037,0.014433
134.65,0.013261,132.31,86.716,0.016106
131.01,0.014746,128.48,91.271,0.017896
127.34,0.016359,124.61,95.769,0.019832
124.6,0.017643,121.72,99.071,0.021368
121.73,0.019065,118.69,102.48,0.023064
118.68,0.020676,115.47,106.08,0.024976
115.4,0.02253,111.99,109.91,0.027167
111.93,0.024634,108.32,113.92,0.029643
108.21,0.027083,104.37,118.22,0.032508
104.23,0.029924,100.14,122.77,0.035809
100.05,0.033191,95.688,127.55,0.039579
94.805,0.037719,90.097,133.51,0.044753
89.435,0.042885,84.373,139.59,0.050584
84.037,0.048655,78.623,145.68,0.057003
78.684,0.054975,72.933,151.69,0.063915
73.644,0.061484,67.598,157.33,0.070899
68.708,0.068387,62.401,162.83,0.07815
63.885,0.075632,57.36,168.2,0.085575
59.181,0.08315,52.49,173.42,0.093068
55.017,0.090147,48.227,178.04,0.099831
50.973,0.097208,44.135,182.53,0.10643
47.063,0.10423,40.234,186.86,0.11274
43.302,0.11109,36.539,191.04,0.11863
43.25,0.11118,36.489,191.1,0.11871
40.067,0.11485,33.482,194.24,0.12091
37.13,0.11865,30.728,197.27,0.12322
34.409,0.12253,28.198,200.21,0.12561
31.876,0.12647,25.864,203.05,0.12804
29.035,0.13129,23.276,206.36,0.131
26.395,0.13615,20.903,209.54,0.13396
23.927,0.14101,18.719,212.6,0.13689
21.615,0.14584,16.705,215.54,0.13975
19.402,0.15067,14.812,218.41,0.14254
17.339,0.1553,13.079,221.14,0.14513
15.427,0.15967,11.502,223.71,0.14746
13.663,0.16371,10.075,226.11,0.14949
12.069,0.16733,8.8093,228.3,0.15118
10.6,0.17061,7.6633,230.34,0.1526
9.2375,0.17363,6.6175,232.25,0.15381
7.9569,0.17648,5.6505,234.07,0.15489
7.2968,0.17798,5.158,235.02,0.15545
6.6498,0.17948,4.6791,235.95,0.15603
6.0133,0.18102,4.2118,236.88,0.15664
5.3851,0.18261,3.7543,237.8,0.15731
4.9338,0.18379,3.428,238.46,0.15784
4.486,0.18503,3.1061,239.12,0.15842
4.0418,0.18632,2.7887,239.78,0.15906
3.6008,0.18767,2.4756,240.44,0.15976
3.3683,0.1884,2.3114,240.78,0.16014
3.1369,0.18914,2.1485,241.13,0.16054
2.9067,0.1899,1.987,241.47,0.16096
2.6776,0.19066,1.8269,241.82,0.16139
2.4494,0.19141,1.668,242.16,0.16179
2.2228,0.19218,1.5108,242.5,0.16222
1.9979,0.19301,1.3552,242.83,0.16272
1.7742,0.19381,1.2012,243.17,0.1632
1.6985,0.19407,1.1492,243.28,0.16333
1.6231,0.19432,1.0974,243.39,0.16347
1.5478,0.19458,1.0459,243.51,0.16362
1.4727,0.19484,0.99448,243.62,0.16377
1.3978,0.1951,0.94329,243.73,0.16391
1.3231,0.19536,0.89231,243.84,0.16406
1.2486,0.19562,0.84152,243.96,0.16421
1.1743,0.19588,0.79093,244.07,0.16436
1.1009,0.19613,0.74103,244.18,0.1645
1.0277,0.19639,0.69132,244.29,0.16464
0.95473,0.19665,0.64182,244.4,0.16479
0.88193,0.19691,0.5925,244.5,0.16494
0.82683,0.19709,0.55522,244.59,0.16503
0.77188,0.19727,0.51808,244.67,0.16513
0.71711,0.19749,0.48108,244.75,0.16527
0.66242,0.1977,0.44417,244.83,0.16539
0.63257,0.19778,0.42405,244.88,0.16543
0.60277,0.19788,0.40398,244.92,0.16548
0.57305,0.19799,0.38395,244.97,0.16555
0.54335,0.1981,0.36396,245.01,0.16562
0.51363,0.19819,0.34397,245.06,0.16565
0.48397,0.19828,0.32402,245.1,0.1657
0.4544,0.19841,0.30414,245.14,0.16578
0.42483,0.19853,0.28427,245.19,0.16586
0.4025,0.19858,0.26928,245.22,0.16587
0.38021,0.19865,0.25432,245.26,0.16591
0.35797,0.19875,0.2394,245.29,0.16597
0.33574,0.19884,0.22448,245.32,0.16603
0.31347,0.19888,0.20956,245.36,0.16603
0.29125,0.19894,0.19467,245.39,0.16606
0.2691,0.19907,0.17982,245.42,0.16615
0.24695,0.19917,0.16499,245.46,0.16623
0.22999,0.19919,0.15364,245.48,0.16622
0.21307,0.19923,0.14231,245.51,0.16623
0.19618,0.19932,0.13101,245.53,0.16629
0.17929,0.1994,0.11971,245.56,0.16634
0.16238,0.19942,0.10841,245.58,0.16634
0.1455,0.19947,0.097127,245.61,0.16636
0.12865,0.19956,0.085861,245.63,0.16642
0.1118,0.19963,0.074602,245.66,0.16647
0.0938,0.19965,0.062586,245.68,0.16646
0.075829,0.19969,0.050588,245.71,0.16647
0.057884,0.19981,0.038608,245.74,0.16657
0.03994,0.1999,0.026635,245.77,0.16664
0.024823,0.19991,0.016553,245.79,0.16661
0.0097196,0.19994,0.0064804,245.81,0.16662
0.0053758,0.20003,0.0035837,245.83,0.16669
0.020466,0.2001,0.013641,245.86,0.16674
0.035545,0.20012,0.023689,245.88,0.16673
0.050617,0.20016,0.03373,245.9,0.16675
0.065687,0.20024,0.043766,245.92,0.1668
0.080751,0.2003,0.053795,245.95,0.16685
0.09742,0.20033,0.064892,245.97,0.16685
0.11408,0.20038,0.075981,246,0.16687
0.13075,0.20046,0.087068,246.02,0.16693
0.14741,0.20054,0.098145,246.05,0.16697
0.1658,0.20057,0.11038,246.07,0.16698
0.18419,0.20062,0.1226,246.1,0.167
0.2026,0.20072,0.13483,246.13,0.16707
0.22099,0.2008,0.14704,246.16,0.16712
0.2402,0.20083,0.15979,246.18,0.16712
0.2594,0.20089,0.17255,246.21,0.16714
0.27864,0.20098,0.18531,246.24,0.16722
0.29786,0.20107,0.19805,246.27,0.16728
0.31765,0.20111,0.21118,246.3,0.16728
0.33744,0.20117,0.22429,246.33,0.16731
0.35725,0.20126,0.23742,246.36,0.16737
0.37705,0.20134,0.25053,246.39,0.16742
0.39898,0.2014,0.26506,246.42,0.16744
0.42091,0.20147,0.27958,246.45,0.16747
0.44286,0.20156,0.29409,246.49,0.16753
0.46479,0.20164,0.3086,246.52,0.16758
0.49168,0.20172,0.32637,246.56,0.16762
0.51856,0.20181,0.34413,246.6,0.16766
0.54545,0.20192,0.36189,246.64,0.16773
0.57232,0.20202,0.37963,246.68,0.16779
0.60688,0.20213,0.40243,246.73,0.16784
0.64143,0.20224,0.42522,246.78,0.1679
0.67599,0.20237,0.44799,246.84,0.16798
0.71053,0.2025,0.47073,246.89,0.16805
0.75471,0.20264,0.49981,246.95,0.16812
0.79888,0.20279,0.52886,247.02,0.1682
0.84307,0.20296,0.55789,247.09,0.1683
0.88723,0.20312,0.58688,247.15,0.16839
0.94421,0.20331,0.62426,247.24,0.16849
1.0012,0.20351,0.6616,247.32,0.1686
1.0582,0.20371,0.69892,247.41,0.16871
1.1152,0.20392,0.73618,247.49,0.16882
1.1947,0.20419,0.78814,247.61,0.16897
1.2743,0.20447,0.84004,247.73,0.16912
1.354,0.20475,0.89192,247.85,0.16927
1.4337,0.20503,0.94378,247.97,0.16943
1.5613,0.20548,1.0266,248.16,0.16967
1.6893,0.20592,1.1095,248.35,0.16991
1.8179,0.20637,1.1926,248.54,0.17015
1.9471,0.20683,1.2759,248.74,0.17039
2.1932,0.20769,1.434,249.1,0.17085
2.443,0.20856,1.5938,249.48,0.17132
2.6976,0.20945,1.7559,249.86,0.17179
2.9582,0.21036,1.921,250.25,0.17227
3.5019,0.21226,2.263,251.06,0.17326
4.0839,0.21428,2.6253,251.92,0.1743
4.7145,0.21646,3.0134,252.86,0.17541
5.4041,0.21884,3.4326,253.88,0.1766
6.6535,0.22311,4.1784,255.72,0.17868
8.1177,0.22805,5.0299,257.86,0.18101
9.827,0.23373,5.9939,260.32,0.18356
11.801,0.24014,7.0676,263.03,0.18627
14.125,0.24745,8.2798,265.89,0.18913
16.729,0.25528,9.5726,268.12,0.19188
19.581,0.26337,10.915,267.69,0.19431
22.634,0.27137,12.274,258.79,0.19619
26.054,0.27938,13.708,225.09,0.19735
29.538,0.28631,15.088,155.71,0.19739
32.991,0.29173,16.391,86.045,0.19616
36.318,0.29527,17.604,50.997,0.19357
39.38,0.29672,18.704,39.536,0.1897
42.173,0.29608,19.717,36.479,0.1846
44.655,0.29341,20.651,35.985,0.17839
46.801,0.28884,21.513,36.228,0.17124
49.502,0.27831,22.757,36.954,0.15845
51.399,0.26463,23.88,37.72,0.14452
52.581,0.24884,24.906,38.438,0.13014
53.15,0.23185,25.843,39.093,0.1159
53.219,0.2148,26.679,39.67,0.10251
52.894,0.19794,27.428,40.181,0.089999
52.27,0.18169,28.087,40.625,0.078553
51.436,0.16635,28.659,41.007,0.068262
50.17,0.14798,29.29,41.425,0.056585
48.83,0.13152,29.817,41.77,0.046745
47.497,0.11694,30.258,42.057,0.038547
46.198,0.1041,30.612,42.288,0.031771
45.312,0.096115,30.801,42.413,0.027788
44.439,0.088834,30.941,42.51,0.024321
43.585,0.082205,31.036,42.581,0.02131
42.76,0.076177,31.093,42.63,0.018698
41.979,0.070698,31.127,42.664,0.016433
41.255,0.065715,31.15,42.692,0.014467
40.593,0.061177,31.171,42.716,0.012758
39.989,0.057036,31.191,42.74,0.01127
39.492,0.053645,31.207,42.758,0.010104
39.022,0.050508,31.215,42.772,0.009071
38.574,0.047604,31.213,42.779,0.0081545
38.15,0.044914,31.202,42.782,0.007341
37.789,0.042619,31.195,42.786,0.0066742
37.476,0.040479,31.208,42.799,0.0060747
37.234,0.038478,31.264,42.833,0.005534
37.094,0.036601,31.389,42.902,0.0050436
37.085,0.034849,31.612,43.02,0.0046001
37.229,0.03318,31.958,43.201,0.0041911
37.544,0.031575,32.448,43.454,0.0038102
38.033,0.03001,33.091,43.783,0.0034525
38.687,0.028474,33.882,44.187,0.0031157
39.485,0.026944,34.812,44.66,0.0027955
40.4,0.025408,35.858,45.191,0.002491
41.394,0.023864,36.991,45.765,0.0022023
42.427,0.022316,38.176,46.364,0.0019309
43.464,0.02077,39.381,46.973,0.0016778
44.475,0.019239,40.577,47.576,0.0014447
45.439,0.017737,41.741,48.163,0.0012327
46.458,0.016087,43.003,48.797,0.0010189
47.392,0.014511,44.188,49.394,0.00083317
48.241,0.013025,45.293,49.949,0.00067465
49.01,0.01164,46.316,50.463,0.00054141
49.713,0.010347,47.269,50.941,0.00042987
50.344,0.0091663,48.138,51.377,0.00033888
50.902,0.0080973,48.921,51.77,0.00026555
51.386,0.0071373,49.616,52.118,0.00020711
51.844,0.0061753,50.291,52.457,0.00015566
52.209,0.0053385,50.852,52.738,0.00011674
52.49,0.0046169,51.306,52.965,8.7587e-05
52.699,0.0039986,51.666,53.146,6.5877e-05
52.855,0.0034581,51.957,53.291,4.939e-05
52.961,0.0030016,52.178,53.403,3.7288e-05
53.022,0.0026181,52.337,53.482,2.8417e-05
53.034,0.0022968,52.432,53.53,2.1903e-05
52.983,0.0020083,52.456,53.542,1.6771e-05
52.861,0.0017726,52.396,53.512,1.3081e-05
52.672,0.0015815,52.259,53.444,1.0423e-05
52.435,0.0014273,52.063,53.346,8.4987e-06
52.162,0.0012987,51.825,53.227,7.0421e-06
51.885,0.0011972,51.577,53.103,5.9885e-06
51.615,0.0011177,51.328,52.978,5.2226e-06
51.344,0.0010558,51.075,52.852,4.6625e-06
51.087,0.001012,50.83,52.729,4.2856e-06
50.814,0.00097816,50.567,52.598,4.0058e-06
50.545,0.00095279,50.305,52.467,3.8023e-06
50.32,0.00093414,50.086,52.357,3.6561e-06
50.216,0.00092314,49.986,52.307,3.571e-06
50.213,0.00091398,49.985,52.307,3.5007e-06
50.343,0.00090548,50.116,52.372,3.4355e-06
50.632,0.00089631,50.406,52.517,3.3655e-06
51.056,0.00088607,50.831,52.73,3.2877e-06
51.633,0.00087318,51.409,53.019,3.1913e-06
52.354,0.00085695,52.131,53.38,3.072e-06
53.199,0.00083692,52.978,53.803,2.9283e-06
54.248,0.00081012,54.029,54.329,2.7419e-06
55.372,0.00077884,55.157,54.893,2.5328e-06
56.528,0.00074382,56.318,55.474,2.3089e-06
57.678,0.00070606,57.475,56.052,2.0796e-06
58.763,0.00066775,58.567,56.598,1.8594e-06
59.793,0.00062904,59.606,57.118,1.6497e-06
60.758,0.00059087,60.579,57.604,1.4553e-06
61.654,0.00055404,61.484,58.057,1.2794e-06
62.591,0.00051444,62.431,58.53,1.1029e-06
63.441,0.00047787,63.29,58.96,9.5165e-07
64.204,0.00044465,64.061,59.345,8.2392e-07
64.875,0.00041492,64.741,59.685,7.1743e-07
65.556,0.00038371,65.43,60.03,6.1356e-07
66.093,0.00035742,65.975,60.303,5.3236e-07
66.492,0.00033582,66.381,60.505,4.6998e-07
66.766,0.00031841,66.66,60.645,4.2253e-07
66.938,0.00030458,66.836,60.733,3.8664e-07
67.027,0.00029394,66.928,60.779,3.6009e-07
67.041,0.00028604,66.945,60.788,3.4103e-07
66.98,0.00028044,66.886,60.758,3.2781e-07
66.815,0.00027648,66.722,60.676,3.1864e-07
66.542,0.00027479,66.45,60.54,3.1476e-07
66.172,0.00027523,66.081,60.355,3.158e-07
65.733,0.00027755,65.642,60.136,3.2116e-07
65.352,0.00028061,65.26,59.945,3.2831e-07
64.966,0.00028455,64.874,59.752,3.3763e-07
64.583,0.00028922,64.49,59.56,3.4882e-07
64.2,0.00029446,64.105,59.368,3.616e-07
63.806,0.00030018,63.71,59.17,3.7581e-07
63.395,0.00030642,63.298,58.964,3.9161e-07
62.976,0.00031316,62.877,58.754,4.0908e-07
62.578,0.00032031,62.478,58.554,4.2799e-07
62.317,0.00032594,62.215,58.423,4.432e-07
62.127,0.00033146,62.024,58.327,4.5835e-07
62.039,0.00033657,61.935,58.282,4.726e-07
62.083,0.0003409,61.977,58.303,4.8481e-07
62.276,0.00034396,62.169,58.399,4.9353e-07
62.631,0.00034543,62.523,58.576,4.977e-07
63.146,0.00034497,63.038,58.834,4.9631e-07
63.811,0.00034234,63.702,59.166,4.8868e-07
64.659,0.000337,64.55,59.59,4.7345e-07
65.612,0.00032918,65.504,60.067,4.5166e-07
66.63,0.00031918,66.524,60.577,4.2459e-07
67.671,0.00030746,67.567,61.099,3.9391e-07
68.682,0.00029479,68.581,61.605,3.6208e-07
69.655,0.00028151,69.557,62.093,3.3017e-07
70.573,0.00026808,70.478,62.554,2.994e-07
71.427,0.00025492,71.336,62.983,2.7071e-07
72.429,0.00023894,72.343,63.486,2.3784e-07
73.325,0.0002243,73.243,63.936,2.0958e-07
74.115,0.00021118,74.037,64.334,1.8578e-07
74.798,0.0001997,74.723,64.676,1.6614e-07
75.376,0.00018966,75.304,64.967,1.4984e-07
75.828,0.00018127,75.759,65.194,1.3688e-07
76.154,0.0001745,76.087,65.359,1.2685e-07
76.362,0.00016918,76.298,65.464,1.1924e-07
76.47,0.0001651,76.407,65.519,1.1356e-07
76.496,0.00016218,76.434,65.532,1.0957e-07
76.452,0.00016027,76.391,65.511,1.0702e-07
76.343,0.00015921,76.282,65.456,1.056e-07
76.081,0.00015883,76.021,65.325,1.051e-07
75.67,0.00015981,75.61,65.12,1.064e-07
75.117,0.00016221,75.056,64.843,1.0963e-07
74.459,0.00016585,74.397,64.513,1.146e-07
73.997,0.00016879,73.935,64.282,1.1871e-07
73.532,0.00017213,73.468,64.049,1.2346e-07
73.069,0.00017581,73.005,63.817,1.2879e-07
72.608,0.00017974,72.543,63.586,1.3462e-07
72.141,0.00018388,72.075,63.352,1.409e-07
71.66,0.00018827,71.592,63.111,1.4771e-07
71.167,0.00019293,71.098,62.864,1.5511e-07
70.678,0.00019782,70.608,62.619,1.6309e-07
70.302,0.00020198,70.231,62.431,1.7002e-07
69.98,0.00020615,69.907,62.269,1.7712e-07
69.742,0.00021017,69.668,62.149,1.841e-07
69.62,0.00021382,69.546,62.088,1.9054e-07
69.643,0.0002168,69.568,62.099,1.9589e-07
69.83,0.00021885,69.754,62.192,1.9961e-07
70.189,0.00021972,70.112,62.371,2.0119e-07
70.714,0.00021919,70.637,62.633,2.0021e-07
71.433,0.00021695,71.355,62.993,1.9612e-07
72.283,0.00021304,72.206,63.418,1.891e-07
73.223,0.00020762,73.147,63.889,1.7959e-07
74.21,0.00020097,74.135,64.383,1.6826e-07
75.173,0.00019368,75.101,64.865,1.5626e-07
76.111,0.00018591,76.04,65.335,1.4397e-07
77.001,0.00017797,76.933,65.781,1.3194e-07
77.832,0.00017018,77.766,66.198,1.2063e-07
78.934,0.0001595,78.871,66.75,1.0596e-07
79.898,0.00014989,79.838,67.234,9.3589e-08
80.726,0.00014147,80.669,67.65,8.3364e-08
81.414,0.00013437,81.359,67.995,7.5207e-08
81.9,0.00012915,81.847,68.238,6.9483e-08
82.259,0.00012491,82.208,68.419,6.4997e-08
82.494,0.00012164,82.444,68.537,6.1635e-08
82.615,0.00011921,82.566,68.598,5.9199e-08
82.639,0.00011749,82.59,68.61,5.7502e-08
82.584,0.00011644,82.536,68.583,5.6482e-08
82.461,0.000116,82.413,68.522,5.6057e-08
82.272,0.00011606,82.224,68.427,5.6113e-08
82.022,0.00011651,81.974,68.302,5.6551e-08
81.696,0.0001174,81.648,68.139,5.7412e-08
81.293,0.00011873,81.245,67.937,5.8724e-08
80.82,0.00012051,80.771,67.701,6.0503e-08
80.292,0.00012274,80.243,67.436,6.2755e-08
79.733,0.00012537,79.683,67.157,6.5477e-08
79.165,0.00012836,79.114,66.872,6.8635e-08
78.598,0.00013162,78.546,66.588,7.2173e-08
78.121,0.00013454,78.069,66.349,7.5414e-08
77.642,0.00013761,77.588,66.109,7.8889e-08
77.153,0.00014082,77.099,65.864,8.2615e-08
76.654,0.00014418,76.599,65.614,8.6606e-08
76.152,0.00014766,76.096,65.363,9.0836e-08
75.659,0.00015128,75.602,65.116,9.5357e-08
75.204,0.00015501,75.145,64.888,1.0011e-07
74.822,0.0001587,74.762,64.696,1.0494e-07
74.543,0.00016238,74.482,64.556,1.0986e-07
74.447,0.0001655,74.385,64.507,1.1413e-07
74.569,0.00016776,74.506,64.568,1.1726e-07
74.925,0.0001688,74.862,64.746,1.1871e-07
75.471,0.00016837,75.408,65.019,1.181e-07
76.193,0.00016654,76.13,65.38,1.1555e-07
77.052,0.00016338,76.99,65.81,1.112e-07
78.001,0.00015904,77.939,66.284,1.0536e-07
78.94,0.00015405,78.879,66.755,9.8854e-08
79.876,0.00014851,79.817,67.223,9.1875e-08
80.779,0.00014269,80.722,67.676,8.4808e-08
81.63,0.00013685,81.574,68.102,7.8014e-08
82.83,0.00012836,82.777,68.703,6.8634e-08
83.871,0.00012069,83.821,69.225,6.0673e-08
84.755,0.00011385,84.706,69.668,5.3992e-08
85.477,0.0001082,85.43,70.03,4.8768e-08
86.02,0.00010384,85.975,70.303,4.4919e-08
86.383,0.00010052,86.34,70.485,4.2086e-08
86.57,9.8257e-05,86.528,70.579,4.0216e-08
86.602,9.6841e-05,86.56,70.595,3.9065e-08
86.531,9.6111e-05,86.489,70.559,3.8479e-08
86.383,9.5883e-05,86.342,70.486,3.8297e-08
86.166,9.6123e-05,86.124,70.377,3.8489e-08
85.873,9.6742e-05,85.832,70.231,3.8986e-08
85.495,9.7698e-05,85.454,70.042,3.9761e-08
85.027,9.9065e-05,84.985,69.808,4.0881e-08
84.475,0.00010086,84.433,69.531,4.2378e-08
83.86,0.00010308,83.817,69.223,4.4263e-08
83.204,0.00010569,83.16,68.895,4.6533e-08
82.538,0.00010863,82.494,68.562,4.9159e-08
81.878,0.00011185,81.832,68.231,5.212e-08
81.22,0.00011527,81.173,67.902,5.5356e-08
80.553,0.00011882,80.505,67.567,5.8816e-08
79.866,0.0001226,79.817,67.223,6.2617e-08
79.172,0.00012665,79.122,66.876,6.682e-08
78.514,0.00013086,78.463,66.547,7.1342e-08
78.091,0.00013399,78.038,66.334,7.4792e-08
77.765,0.00013699,77.712,66.171,7.818e-08
77.575,0.0001397,77.521,66.075,8.1307e-08
77.55,0.0001419,77.495,66.062,8.3886e-08
77.702,0.0001433,77.647,66.138,8.5549e-08
78.033,0.00014385,77.977,66.304,8.6206e-08
78.535,0.00014346,78.478,66.554,8.5734e-08
79.184,0.00014206,79.127,66.879,8.4063e-08
80.05,0.00013931,79.994,67.312,8.0838e-08
81.006,0.00013552,80.951,67.791,7.65e-08
81.999,0.00013094,81.946,68.288,7.1418e-08
82.983,0.0001259,82.931,68.78,6.6021e-08
83.893,0.00012088,83.843,69.236,6.0869e-08
84.741,0.00011594,84.692,69.661,5.599e-08
85.517,0.00011119,85.47,70.05,5.1499e-08
86.219,0.00010681,86.173,70.402,4.7517e-08
86.905,0.00010251,86.861,70.745,4.3774e-08
87.507,9.8731e-05,87.464,71.047,4.0604e-08
88.022,9.5468e-05,87.98,71.305,3.7965e-08
88.445,9.2696e-05,88.404,71.517,3.5792e-08
88.823,8.9945e-05,88.783,71.707,3.3699e-08
89.057,8.7878e-05,89.018,71.824,3.2169e-08
89.153,8.65e-05,89.115,71.872,3.1168e-08
89.131,8.5684e-05,89.093,71.861,3.0582e-08
89.015,8.5287e-05,88.978,71.804,3.03e-08
88.821,8.533e-05,88.783,71.707,3.0331e-08
88.552,8.5795e-05,88.514,71.572,3.0662e-08
88.201,8.6597e-05,88.163,71.396,3.1238e-08
87.763,8.7683e-05,87.725,71.177,3.2027e-08
87.233,8.9148e-05,87.194,70.912,3.3106e-08
86.621,9.1006e-05,86.581,70.606,3.4501e-08
85.951,9.3243e-05,85.911,70.27,3.6218e-08
85.254,9.5793e-05,85.213,69.921,3.8226e-08
84.554,9.8622e-05,84.512,69.571,4.0517e-08
83.859,0.0001017,83.817,69.223,4.3088e-08
83.165,0.00010495,83.122,68.876,4.5883e-08
82.475,0.00010822,82.43,68.53,4.8787e-08
81.766,0.0001117,81.721,68.175,5.1978e-08
81.061,0.00011542,81.014,67.822,5.5495e-08
80.407,0.00011925,80.359,67.494,5.9245e-08
79.993,0.00012209,79.944,67.287,6.2098e-08
79.69,0.00012477,79.64,67.135,6.4849e-08
79.532,0.00012713,79.481,67.055,6.7325e-08
79.545,0.00012896,79.494,67.062,6.928e-08
79.742,0.00013003,79.691,67.16,7.0435e-08
80.121,0.00013027,80.069,67.349,7.0698e-08
80.667,0.00012963,80.615,67.622,6.9997e-08
81.354,0.00012805,81.302,67.966,6.8308e-08
82.283,0.00012515,82.232,68.431,6.5238e-08
83.289,0.00012131,83.238,68.934,6.1299e-08
84.311,0.00011682,84.262,69.446,5.6842e-08
85.302,0.00011202,85.254,69.942,5.2273e-08
86.205,0.00010741,86.159,70.394,4.806e-08
87.032,0.00010298,86.987,70.809,4.4173e-08
87.779,9.8813e-05,87.736,71.183,4.0671e-08
88.445,9.5048e-05,88.403,71.517,3.7631e-08
89.058,9.1606e-05,89.017,71.823,3.4955e-08
89.585,8.8617e-05,89.545,72.087,3.2712e-08
90.022,8.6092e-05,89.983,72.307,3.0874e-08
90.364,8.3991e-05,90.326,72.478,2.9386e-08
90.625,8.2102e-05,90.588,72.609,2.8079e-08
90.765,8.0721e-05,90.729,72.679,2.7142e-08
90.793,7.9834e-05,90.757,72.694,2.655e-08
90.726,7.9366e-05,90.69,72.66,2.6239e-08
90.582,7.9222e-05,90.546,72.588,2.6144e-08
90.369,7.9413e-05,90.333,72.482,2.627e-08
90.09,7.9927e-05,90.054,72.342,2.6612e-08
89.737,8.0713e-05,89.701,72.165,2.7137e-08
89.291,8.1778e-05,89.254,71.942,2.7858e-08
88.756,8.3173e-05,88.719,71.674,2.8817e-08
88.142,8.4913e-05,88.105,71.367,3.0035e-08
87.472,8.6987e-05,87.434,71.032,3.1521e-08
86.749,8.9427e-05,86.71,70.67,3.3314e-08
86.022,9.2136e-05,85.982,70.306,3.5363e-08
85.301,9.5094e-05,85.26,69.945,3.767e-08
84.581,9.8209e-05,84.539,69.585,4.0179e-08
83.857,0.00010137,83.814,69.222,4.2807e-08
83.115,0.00010474,83.071,68.851,4.5704e-08
82.375,0.00010836,82.33,68.48,4.8912e-08
81.691,0.00011208,81.645,68.138,5.2333e-08
81.265,0.0001148,81.218,67.924,5.4899e-08
80.954,0.00011735,80.907,67.768,5.7366e-08
80.795,0.00011958,80.747,67.688,5.9572e-08
80.814,0.00012129,80.765,67.698,6.129e-08
81.02,0.00012225,80.97,67.8,6.2259e-08
81.409,0.00012241,81.359,67.994,6.2421e-08
81.964,0.00012173,81.914,68.272,6.1724e-08
82.659,0.00012017,82.609,68.62,6.0155e-08
83.572,0.00011743,83.523,69.077,5.7438e-08
84.554,0.00011387,84.506,69.568,5.4008e-08
85.549,0.00010974,85.502,70.066,5.016e-08
86.511,0.00010536,86.466,70.548,4.6239e-08
87.409,0.00010107,87.365,70.997,4.2549e-08
88.229,9.6955e-05,88.186,71.408,3.9156e-08
88.967,9.3102e-05,88.925,71.778,3.6106e-08
89.623,8.9637e-05,89.583,72.106,3.3468e-08
90.219,8.6509e-05,90.18,72.405,3.1174e-08
90.729,8.3804e-05,90.691,72.661,2.9255e-08
91.149,8.1534e-05,91.112,72.871,2.7691e-08
91.472,7.9656e-05,91.435,73.033,2.6431e-08
91.71,7.7995e-05,91.675,73.152,2.534e-08
91.829,7.68e-05,91.794,73.212,2.457e-08
91.838,7.606e-05,91.803,73.217,2.4099e-08
91.754,7.5704e-05,91.719,73.175,2.3874e-08
91.595,7.5645e-05,91.56,73.095,2.3837e-08
91.368,7.5893e-05,91.334,72.982,2.3993e-08
91.076,7.6441e-05,91.041,72.836,2.4341e-08
90.711,7.7241e-05,90.676,72.653,2.4853e-08
90.253,7.8302e-05,90.218,72.424,2.5541e-08
89.708,7.9674e-05,89.672,72.151,2.6443e-08
89.085,8.1368e-05,89.049,71.84,2.758e-08
88.407,8.3378e-05,88.37,71.5,2.8959e-08
87.675,8.5736e-05,87.638,71.134,3.0621e-08
86.939,8.835e-05,86.901,70.765,3.2516e-08
86.209,9.1204e-05,86.17,70.4,3.4651e-08
85.481,9.4204e-05,85.44,70.035,3.6969e-08
84.742,9.7269e-05,84.701,69.666,3.9414e-08
83.985,0.00010054,83.943,69.287,4.2111e-08
83.231,0.00010405,83.187,68.909,4.5101e-08
82.532,0.00010767,82.488,68.559,4.8292e-08
82.097,0.00011029,82.051,68.341,5.0677e-08
81.777,0.00011276,81.731,68.18,5.2971e-08
81.609,0.00011493,81.562,68.096,5.5027e-08
81.619,0.0001166,81.571,68.1,5.6633e-08
81.816,0.00011753,81.768,68.199,5.7546e-08
82.197,0.0001177,82.149,68.389,5.7713e-08
82.746,0.00011707,82.698,68.664,5.7087e-08
83.435,0.00011559,83.386,69.008,5.5654e-08
84.342,0.00011297,84.294,69.462,5.3164e-08
85.318,0.00010958,85.271,69.95,5.0016e-08
86.306,0.00010563,86.26,70.445,4.6481e-08
87.262,0.00010146,87.217,70.924,4.2882e-08
88.153,9.738e-05,88.11,71.37,3.95e-08
88.967,9.3472e-05,88.925,71.778,3.6393e-08
89.698,8.9812e-05,89.658,72.144,3.3599e-08
90.348,8.6527e-05,90.309,72.469,3.1186e-08
90.937,8.3569e-05,90.899,72.764,2.9091e-08
91.439,8.1017e-05,91.402,73.016,2.7341e-08
91.852,7.8879e-05,91.815,73.223,2.5918e-08
92.167,7.7117e-05,92.132,73.381,2.4773e-08
92.397,7.5565e-05,92.362,73.496,2.3786e-08
92.507,7.4458e-05,92.472,73.551,2.3094e-08
92.507,7.3787e-05,92.473,73.552,2.268e-08
92.415,7.3483e-05,92.382,73.506,2.2493e-08
92.248,7.3463e-05,92.214,73.422,2.2481e-08
92.014,7.3736e-05,91.98,73.305,2.2649e-08
91.714,7.4299e-05,91.68,73.155,2.2996e-08
91.341,7.5104e-05,91.307,72.968,2.3497e-08
90.876,7.6161e-05,90.841,72.735,2.4163e-08
90.323,7.7518e-05,90.288,72.459,2.5032e-08
89.693,7.9188e-05,89.657,72.144,2.6122e-08
89.007,8.1163e-05,88.971,71.801,2.7441e-08
88.268,8.3475e-05,88.231,71.43,2.9027e-08
87.524,8.6036e-05,87.486,71.058,3.0836e-08
86.787,8.8832e-05,86.749,70.689,3.2872e-08
86.051,9.177e-05,86.012,70.321,3.5083e-08
85.305,9.4772e-05,85.264,69.947,3.7416e-08
84.539,9.7978e-05,84.498,69.564,3.999e-08
83.776,0.00010142,83.734,69.182,4.2846e-08
83.07,0.00010496,83.026,68.828,4.5895e-08
82.628,0.00010754,82.584,68.607,4.8174e-08
82.303,0.00010996,82.257,68.444,5.0367e-08
82.129,0.00011208,82.083,68.357,5.2333e-08
82.135,0.00011372,82.088,68.359,5.387e-08
82.328,0.00011464,82.281,68.456,5.4744e-08
82.706,0.00011481,82.659,68.644,5.4907e-08
83.252,0.00011419,83.205,68.917,5.4316e-08
83.938,0.00011275,83.891,69.26,5.2958e-08
84.84,0.00011021,84.794,69.712,5.0599e-08
85.811,0.00010692,85.766,70.198,4.7619e-08
86.795,0.00010309,86.75,70.69,4.4272e-08
87.745,9.9052e-05,87.702,71.166,4.0868e-08
88.633,9.5095e-05,88.591,71.61,3.7668e-08
89.443,9.1311e-05,89.402,72.016,3.473e-08
90.17,8.7769e-05,90.13,72.38,3.2088e-08
90.815,8.4593e-05,90.777,72.703,2.9808e-08
91.399,8.1741e-05,91.362,72.996,2.7832e-08
91.897,7.9283e-05,91.86,73.245,2.6183e-08
92.304,7.7228e-05,92.268,73.449,2.4844e-08
92.614,7.5538e-05,92.579,73.604,2.3769e-08
92.837,7.4054e-05,92.803,73.717,2.2844e-08
92.941,7.3004e-05,92.907,73.769,2.2201e-08
92.936,7.2376e-05,92.902,73.766,2.1821e-08
92.838,7.2105e-05,92.805,73.717,2.1658e-08
92.666,7.2109e-05,92.632,73.631,2.166e-08
92.427,7.2398e-05,92.393,73.512,2.1834e-08
92.122,7.297e-05,92.088,73.359,2.2181e-08
91.744,7.3778e-05,91.71,73.17,2.2675e-08
91.273,7.4831e-05,91.239,72.934,2.3327e-08
90.715,7.6179e-05,90.681,72.655,2.4174e-08
90.081,7.7833e-05,90.046,72.338,2.5235e-08
89.391,7.9785e-05,89.355,71.993,2.6518e-08
88.647,8.2068e-05,88.61,71.62,2.8057e-08
87.899,8.4595e-05,87.862,71.246,2.9811e-08
87.157,8.7353e-05,87.119,70.875,3.1787e-08
86.417,9.0251e-05,86.378,70.504,3.3931e-08
85.665,9.3213e-05,85.625,70.128,3.6194e-08
84.895,9.6376e-05,84.854,69.742,3.8693e-08
84.126,9.9772e-05,84.084,69.357,4.1468e-08
83.414,0.00010327,83.371,69.001,4.443e-08
82.969,0.00010581,82.925,68.777,4.6642e-08
82.639,0.0001082,82.595,68.612,4.8772e-08
82.462,0.0001103,82.417,68.523,5.0684e-08
82.465,0.00011192,82.419,68.524,5.2179e-08
82.656,0.00011283,82.609,68.62,5.303e-08
83.031,0.000113,82.984,68.807,5.3192e-08
83.575,0.0001124,83.528,69.079,5.2623e-08
84.259,0.00011099,84.212,69.421,5.1312e-08
85.158,0.0001085,85.112,69.871,4.9033e-08
86.127,0.00010526,86.081,70.356,4.6156e-08
87.107,0.00010151,87.062,70.846,4.2923e-08
88.054,9.7549e-05,88.011,71.32,3.9637e-08
88.939,9.3671e-05,88.898,71.764,3.6549e-08
89.746,8.9964e-05,89.706,72.168,3.3713e-08
90.471,8.6495e-05,90.432,72.531,3.1164e-08
91.114,8.3388e-05,91.076,72.853,2.8965e-08
91.694,8.0601e-05,91.658,73.144,2.7061e-08
92.189,7.8201e-05,92.153,73.392,2.5474e-08
92.593,7.6197e-05,92.557,73.594,2.4185e-08
92.899,7.4551e-05,92.865,73.747,2.3152e-08
93.119,7.3109e-05,93.085,73.858,2.2265e-08
93.219,7.2093e-05,93.185,73.908,2.165e-08
93.21,7.1491e-05,93.177,73.903,2.1291e-08
93.109,7.124e-05,93.076,73.853,2.1141e-08
92.933,7.1258e-05,92.9,73.765,2.1152e-08
92.691,7.1558e-05,92.658,73.644,2.133e-08
92.383,7.2135e-05,92.35,73.49,2.1676e-08
92.001,7.2944e-05,91.968,73.299,2.2165e-08
91.528,7.3995e-05,91.494,73.062,2.2808e-08
90.967,7.5336e-05,90.933,72.781,2.3643e-08
90.329,7.698e-05,90.295,72.462,2.4686e-08
89.637,7.8919e-05,89.601,72.116,2.5945e-08
88.89,8.1183e-05,88.853,71.742,2.7454e-08
88.139,8.3687e-05,88.102,71.366,2.9175e-08
87.394,8.6423e-05,87.357,70.993,3.1113e-08
86.651,8.9295e-05,86.613,70.621,3.3216e-08
85.896,9.2231e-05,85.856,70.243,3.5436e-08
85.122,9.5369e-05,85.081,69.856,3.7888e-08
84.35,9.8736e-05,84.309,69.469,4.0612e-08
83.635,0.00010221,83.592,69.111,4.3519e-08
83.187,0.00010473,83.143,68.887,4.5691e-08
82.855,0.0001071,82.811,68.72,4.7782e-08
82.676,0.00010918,82.631,68.63,4.9659e-08
82.676,0.00011078,82.63,68.63,5.1127e-08
82.866,0.00011169,82.819,68.725,5.1965e-08
83.24,0.00011186,83.193,68.911,5.2125e-08
83.782,0.00011127,83.735,69.183,5.157e-08
84.464,0.00010987,84.418,69.524,5.0288e-08
85.362,0.00010741,85.316,69.973,4.806e-08
86.328,0.00010422,86.283,70.457,4.5245e-08
87.307,0.00010051,87.263,70.946,4.2084e-08
88.252,9.6601e-05,88.209,71.42,3.8871e-08
89.136,9.2773e-05,89.094,71.862,3.5851e-08
89.941,8.9115e-05,89.901,72.266,3.308e-08
90.664,8.5692e-05,90.625,72.628,3.0588e-08
91.305,8.2627e-05,91.267,72.949,2.8439e-08
91.884,7.9882e-05,91.847,73.238,2.6581e-08
92.376,7.7518e-05,92.34,73.485,2.5031e-08
92.778,7.5546e-05,92.743,73.686,2.3774e-08
93.082,7.3927e-05,93.048,73.839,2.2766e-08
93.3,7.2512e-05,93.266,73.948,2.1903e-08
93.397,7.1517e-05,93.364,73.997,2.1306e-08
93.386,7.0932e-05,93.353,73.991,2.0959e-08
93.283,7.0693e-05,93.25,73.94,2.0818e-08
93.105,7.0721e-05,93.072,73.851,2.0834e-08
92.86,7.1026e-05,92.827,73.729,2.1014e-08
92.55,7.1607e-05,92.517,73.573,2.1359e-08
92.166,7.2417e-05,92.133,73.382,2.1846e-08
91.691,7.3466e-05,91.657,73.144,2.2483e-08
91.128,7.4803e-05,91.094,72.862,2.3309e-08
90.488,7.6441e-05,90.454,72.542,2.4341e-08
89.794,7.837e-05,89.759,72.194,2.5585e-08
89.045,8.0622e-05,89.009,71.82,2.7077e-08
88.292,8.3113e-05,88.256,71.443,2.8776e-08
87.546,8.5833e-05,87.509,71.069,3.069e-08
86.801,8.8689e-05,86.763,70.696,3.2767e-08
86.044,9.161e-05,86.004,70.317,3.496e-08
85.268,9.473e-05,85.227,69.929,3.7383e-08
84.494,9.808e-05,84.452,69.541,4.0074e-08
83.776,0.00010154,83.733,69.182,4.2947e-08
83.326,0.00010404,83.283,68.956,4.5093e-08
82.993,0.0001064,82.949,68.79,4.7159e-08
82.813,0.00010847,82.768,68.699,4.9015e-08
82.812,0.00011007,82.766,68.698,5.0467e-08
83,0.00011097,82.954,68.792,5.1295e-08
83.373,0.00011114,83.326,68.978,5.1455e-08
83.914,0.00011055,83.868,69.249,5.0909e-08
84.596,0.00010917,84.55,69.59,4.9644e-08
85.493,0.00010673,85.447,70.039,4.7448e-08
86.458,0.00010356,86.413,70.521,4.4673e-08
87.435,9.9883e-05,87.391,71.01,4.1557e-08
88.378,9.6001e-05,88.336,71.483,3.839e-08
89.261,9.2204e-05,89.22,71.925,3.5413e-08
90.066,8.8577e-05,90.026,72.328,3.2682e-08
90.788,8.5183e-05,90.749,72.689,3.0226e-08
91.427,8.2145e-05,91.39,73.01,2.8108e-08
92.005,7.9426e-05,91.968,73.299,2.6278e-08
92.496,7.7085e-05,92.46,73.545,2.4752e-08
92.896,7.5133e-05,92.861,73.746,2.3515e-08
93.2,7.3532e-05,93.165,73.898,2.2523e-08
93.415,7.2133e-05,93.381,74.006,2.1675e-08
93.511,7.1152e-05,93.478,74.054,2.1089e-08
93.498,7.0577e-05,93.465,74.048,2.075e-08
93.394,7.0346e-05,93.361,73.995,2.0614e-08
93.214,7.0379e-05,93.181,73.906,2.0634e-08
92.969,7.0688e-05,92.936,73.783,2.0815e-08
92.657,7.1271e-05,92.624,73.627,2.116e-08
92.272,7.2082e-05,92.239,73.434,2.1644e-08
91.795,7.313e-05,91.762,73.196,2.2278e-08
91.231,7.4465e-05,91.197,72.914,2.3099e-08
90.59,7.6098e-05,90.556,72.593,2.4123e-08
89.895,7.8022e-05,89.859,72.245,2.5358e-08
89.144,8.0266e-05,89.109,71.869,2.6838e-08
88.391,8.2748e-05,88.354,71.492,2.8523e-08
87.643,8.5459e-05,87.606,71.118,3.0423e-08
86.897,8.8304e-05,86.859,70.745,3.2483e-08
86.138,9.1215e-05,86.099,70.365,3.4659e-08
85.361,9.4324e-05,85.321,69.975,3.7063e-08
84.585,9.7663e-05,84.544,69.587,3.9734e-08
83.866,0.00010111,83.824,69.227,4.2585e-08
83.416,0.0001036,83.372,69.001,4.4715e-08
83.082,0.00010595,83.038,68.834,4.6765e-08
82.9,0.00010802,82.855,68.743,4.8608e-08
82.898,0.00010961,82.853,68.741,5.0049e-08
83.086,0.00011051,83.04,68.835,5.0871e-08
83.458,0.00011068,83.412,69.021,5.1031e-08
83.999,0.00011009,83.953,69.292,5.049e-08
84.68,0.00010872,84.634,69.632,4.9237e-08
85.576,0.00010629,85.531,70.08,4.7061e-08
86.54,0.00010314,86.496,70.563,4.4311e-08
87.516,9.9481e-05,87.473,71.051,4.1223e-08
88.46,9.5619e-05,88.417,71.524,3.8085e-08
89.342,9.1843e-05,89.301,71.965,3.5136e-08
90.146,8.8235e-05,90.106,72.368,3.243e-08
90.867,8.486e-05,90.828,72.729,2.9996e-08
91.506,8.1839e-05,91.468,73.049,2.7899e-08
92.082,7.9136e-05,92.046,73.338,2.6086e-08
92.573,7.6809e-05,92.537,73.584,2.4575e-08
92.972,7.487e-05,92.937,73.784,2.335e-08
93.275,7.328e-05,93.24,73.935,2.2369e-08
93.489,7.1892e-05,93.455,74.043,2.153e-08
93.584,7.0919e-05,93.551,74.09,2.0951e-08
93.57,7.0351e-05,93.537,74.084,2.0617e-08
93.465,7.0125e-05,93.432,74.031,2.0485e-08
93.284,7.0162e-05,93.252,73.941,2.0506e-08
93.038,7.0473e-05,93.005,73.818,2.0689e-08
92.726,7.1057e-05,92.693,73.661,2.1033e-08
92.34,7.1868e-05,92.307,73.468,2.1516e-08
91.862,7.2916e-05,91.829,73.229,2.2148e-08
91.297,7.4249e-05,91.263,72.947,2.2965e-08
90.656,7.5879e-05,90.621,72.626,2.3984e-08
89.959,7.7799e-05,89.924,72.277,2.5214e-08
89.208,8.0039e-05,89.172,71.901,2.6686e-08
88.454,8.2515e-05,88.417,71.524,2.8363e-08
87.706,8.522e-05,87.668,71.149,3.0253e-08
86.959,8.8059e-05,86.921,70.775,3.2303e-08
86.199,9.0963e-05,86.16,70.395,3.4468e-08
85.421,9.4065e-05,85.38,70.005,3.686e-08
84.644,9.7397e-05,84.603,69.617,3.9517e-08
83.924,0.00010083,83.882,69.256,4.2355e-08
83.473,0.00010333,83.43,69.03,4.4474e-08
83.138,0.00010567,83.094,68.862,4.6515e-08
82.956,0.00010773,82.911,68.771,4.8349e-08
82.954,0.00010932,82.909,68.769,4.9783e-08
83.141,0.00011021,83.095,68.863,5.0602e-08
83.513,0.00011039,83.467,69.048,5.0761e-08
84.054,0.0001098,84.007,69.319,5.0224e-08
84.734,0.00010843,84.688,69.659,4.8978e-08
85.63,0.00010601,85.584,70.107,4.6815e-08
86.593,0.00010287,86.549,70.589,4.4081e-08
87.569,9.9224e-05,87.526,71.078,4.1011e-08
88.511,9.5376e-05,88.469,71.55,3.7891e-08
89.393,9.1612e-05,89.352,71.991,3.4959e-08
90.197,8.8016e-05,90.157,72.393,3.2269e-08
90.917,8.4653e-05,90.879,72.754,2.985e-08
91.556,8.1643e-05,91.519,73.074,2.7766e-08
92.132,7.895e-05,92.096,73.363,2.5965e-08
92.622,7.6633e-05,92.586,73.608,2.4463e-08
93.021,7.4703e-05,92.986,73.808,2.3246e-08
93.323,7.312e-05,93.288,73.959,2.2271e-08
93.536,7.1738e-05,93.503,74.066,2.1438e-08
93.631,7.0771e-05,93.597,74.114,2.0863e-08
93.616,7.0207e-05,93.584,74.107,2.0532e-08
93.51,6.9984e-05,93.477,74.054,2.0402e-08
93.329,7.0023e-05,93.297,73.963,2.0425e-08
93.082,7.0336e-05,93.05,73.84,2.0608e-08
92.769,7.092e-05,92.737,73.683,2.0952e-08
92.383,7.1732e-05,92.35,73.49,2.1434e-08
91.905,7.2779e-05,91.871,73.251,2.2065e-08
91.339,7.4111e-05,91.306,72.968,2.288e-08
90.697,7.5739e-05,90.663,72.646,2.3896e-08
90,7.7657e-05,89.965,72.298,2.5122e-08
89.249,7.9893e-05,89.213,71.922,2.659e-08
88.494,8.2367e-05,88.458,71.544,2.8261e-08
87.746,8.5068e-05,87.708,71.169,3.0145e-08
86.998,8.7902e-05,86.96,70.795,3.2188e-08
86.238,9.0802e-05,86.199,70.414,3.4346e-08
85.459,9.39e-05,85.419,70.024,3.673e-08
84.682,9.7227e-05,84.641,69.635,3.938e-08
83.961,0.00010066,83.919,69.275,4.2208e-08
83.51,0.00010315,83.467,69.048,4.4321e-08
83.175,0.00010549,83.131,68.88,4.6356e-08
82.992,0.00010755,82.947,68.789,4.8184e-08
82.989,0.00010913,82.944,68.787,4.9614e-08
83.176,0.00011003,83.13,68.88,5.043e-08
83.548,0.0001102,83.502,69.066,5.0589e-08
84.088,0.00010962,84.042,69.336,5.0055e-08
84.769,0.00010825,84.723,69.676,4.8814e-08
85.664,0.00010584,85.619,70.124,4.6658e-08
86.627,0.0001027,86.583,70.606,4.3934e-08
87.603,9.9061e-05,87.559,71.095,4.0876e-08
88.545,9.522e-05,88.503,71.566,3.7768e-08
89.426,9.1464e-05,89.385,72.008,3.4847e-08
90.229,8.7877e-05,90.19,72.41,3.2167e-08
90.95,8.4521e-05,90.911,72.771,2.9758e-08
91.588,8.1518e-05,91.551,73.09,2.7681e-08
92.164,7.8832e-05,92.127,73.379,2.5887e-08
92.653,7.6521e-05,92.618,73.624,2.4391e-08
93.052,7.4596e-05,93.017,73.824,2.3179e-08
93.353,7.3017e-05,93.319,73.975,2.2209e-08
93.567,7.164e-05,93.533,74.082,2.1379e-08
93.661,7.0676e-05,93.627,74.129,2.0808e-08
93.646,7.0115e-05,93.613,74.122,2.0479e-08
93.539,6.9894e-05,93.507,74.068,2.035e-08
93.358,6.9934e-05,93.326,73.978,2.0373e-08
93.111,7.0248e-05,93.078,73.854,2.0557e-08
92.798,7.0833e-05,92.765,73.697,2.0901e-08
92.411,7.1645e-05,92.378,73.504,2.1382e-08
91.932,7.2692e-05,91.899,73.264,2.2012e-08
91.367,7.4023e-05,91.333,72.981,2.2825e-08
90.724,7.565e-05,90.69,72.66,2.384e-08
90.027,7.7567e-05,89.992,72.311,2.5063e-08
89.275,7.9801e-05,89.24,71.935,2.6528e-08
88.52,8.2272e-05,88.483,71.557,2.8196e-08
87.771,8.497e-05,87.734,71.182,3.0076e-08
87.024,8.7802e-05,86.985,70.808,3.2114e-08
86.263,9.0699e-05,86.224,70.427,3.4269e-08
85.483,9.3794e-05,85.443,70.037,3.6648e-08
84.706,9.7119e-05,84.665,69.647,3.9292e-08
83.985,0.00010055,83.943,69.286,4.2115e-08
83.533,0.00010303,83.49,69.06,4.4223e-08
83.198,0.00010537,83.154,68.892,4.6254e-08
83.015,0.00010743,82.97,68.8,4.8078e-08
83.012,0.00010901,82.967,68.798,4.9506e-08
83.199,0.00010991,83.153,68.891,5.0321e-08
83.57,0.00011008,83.524,69.077,5.048e-08
84.111,0.0001095,84.065,69.347,4.9947e-08
84.791,0.00010814,84.745,69.687,4.8708e-08
85.686,0.00010572,85.64,70.135,4.6558e-08
86.649,0.00010259,86.605,70.617,4.3841e-08
87.624,9.8956e-05,87.581,71.105,4.0789e-08
88.566,9.5121e-05,88.524,71.577,3.7689e-08
89.447,9.137e-05,89.406,72.018,3.4775e-08
90.25,8.7788e-05,90.211,72.42,3.2102e-08
90.97,8.4437e-05,90.932,72.781,2.9698e-08
91.609,8.1439e-05,91.571,73.101,2.7627e-08
92.184,7.8757e-05,92.148,73.389,2.5837e-08
92.673,7.6449e-05,92.638,73.634,2.4345e-08
93.072,7.4527e-05,93.037,73.834,2.3137e-08
93.373,7.2952e-05,93.339,73.984,2.2169e-08
93.586,7.1577e-05,93.553,74.091,2.1342e-08
93.68,7.0615e-05,93.647,74.138,2.0772e-08
93.665,7.0056e-05,93.632,74.131,2.0444e-08
93.558,6.9836e-05,93.525,74.078,2.0316e-08
93.377,6.9878e-05,93.344,73.987,2.034e-08
93.129,7.0192e-05,93.096,73.863,2.0524e-08
92.816,7.0777e-05,92.783,73.706,2.0868e-08
92.429,7.1589e-05,92.396,73.513,2.1349e-08
91.95,7.2636e-05,91.916,73.273,2.1978e-08
91.384,7.3966e-05,91.35,72.99,2.2791e-08
90.741,7.5593e-05,90.707,72.668,2.3804e-08
90.044,7.7509e-05,90.009,72.319,2.5026e-08
89.292,7.9742e-05,89.256,71.943,2.6488e-08
88.536,8.2211e-05,88.5,71.565,2.8154e-08
87.787,8.4908e-05,87.75,71.19,3.0032e-08
87.04,8.7738e-05,87.002,70.816,3.2068e-08
86.279,9.0633e-05,86.24,70.435,3.4219e-08
85.499,9.3727e-05,85.459,70.044,3.6595e-08
84.722,9.7049e-05,84.68,69.655,3.9236e-08
84,0.00010048,83.958,69.294,4.2055e-08
83.548,0.00010296,83.505,69.068,4.4161e-08
83.213,0.0001053,83.169,68.899,4.6189e-08
83.03,0.00010736,82.985,68.808,4.8011e-08
83.027,0.00010894,82.982,68.806,4.9437e-08
83.213,0.00010983,83.167,68.899,5.0251e-08
83.585,0.00011001,83.539,69.084,5.041e-08
84.125,0.00010942,84.079,69.354,4.9877e-08
84.805,0.00010806,84.759,69.695,4.8641e-08
85.7,0.00010565,85.655,70.142,4.6494e-08
86.663,0.00010252,86.619,70.624,4.3781e-08
87.638,9.8889e-05,87.594,71.112,4.0734e-08
88.58,9.5057e-05,88.538,71.584,3.7639e-08
89.461,9.131e-05,89.42,72.025,3.473e-08
90.264,8.7731e-05,90.224,72.427,3.206e-08
90.984,8.4383e-05,90.945,72.788,2.966e-08
91.622,8.1388e-05,91.585,73.107,2.7592e-08
92.197,7.8708e-05,92.161,73.395,2.5806e-08
92.686,7.6403e-05,92.651,73.641,2.4316e-08
93.085,7.4483e-05,93.05,73.84,2.311e-08
93.386,7.291e-05,93.352,73.991,2.2144e-08
93.599,7.1537e-05,93.565,74.098,2.1318e-08
93.692,7.0576e-05,93.659,74.144,2.0749e-08
93.677,7.0018e-05,93.644,74.137,2.0422e-08
93.57,6.9799e-05,93.537,74.084,2.0295e-08
93.388,6.9841e-05,93.356,73.993,2.0319e-08
93.141,7.0156e-05,93.108,73.869,2.0503e-08
92.827,7.0742e-05,92.794,73.712,2.0847e-08
92.44,7.1553e-05,92.407,73.519,2.1328e-08
91.961,7.26e-05,91.928,73.279,2.1956e-08
91.395,7.393e-05,91.361,72.996,2.2768e-08
90.752,7.5557e-05,90.718,72.674,2.3781e-08
90.055,7.7472e-05,90.02,72.325,2.5002e-08
89.303,7.9704e-05,89.267,71.948,2.6463e-08
88.547,8.2172e-05,88.511,71.57,2.8128e-08
87.798,8.4868e-05,87.761,71.195,3.0004e-08
87.05,8.7697e-05,87.012,70.821,3.2038e-08
86.289,9.0591e-05,86.25,70.44,3.4187e-08
85.509,9.3684e-05,85.469,70.049,3.6561e-08
84.731,9.7005e-05,84.69,69.66,3.92e-08
84.01,0.00010043,83.968,69.299,4.2017e-08
83.558,0.00010291,83.515,69.072,4.4121e-08
83.222,0.00010525,83.178,68.904,4.6147e-08
83.039,0.00010731,82.995,68.812,4.7968e-08
83.036,0.00010889,82.991,68.81,4.9393e-08
83.222,0.00010978,83.177,68.903,5.0206e-08
83.594,0.00010996,83.548,69.089,5.0365e-08
84.134,0.00010938,84.088,69.359,4.9833e-08
84.814,0.00010801,84.768,69.699,4.8598e-08
85.709,0.0001056,85.664,70.147,4.6453e-08
86.672,0.00010248,86.627,70.629,4.3743e-08
87.647,9.8846e-05,87.603,71.117,4.0699e-08
88.588,9.5017e-05,88.546,71.588,3.7606e-08
89.47,9.1271e-05,89.429,72.029,3.47e-08
90.272,8.7694e-05,90.233,72.431,3.2034e-08
90.992,8.4349e-05,90.954,72.792,2.9636e-08
91.63,8.1355e-05,91.593,73.111,2.757e-08
92.206,7.8677e-05,92.169,73.4,2.5785e-08
92.695,7.6374e-05,92.659,73.645,2.4298e-08
93.093,7.4455e-05,93.058,73.844,2.3092e-08
93.394,7.2883e-05,93.36,73.995,2.2127e-08
93.607,7.1511e-05,93.573,74.102,2.1302e-08
93.7,7.0552e-05,93.667,74.148,2.0735e-08
93.685,6.9994e-05,93.652,74.141,2.0408e-08
93.578,6.9776e-05,93.545,74.087,2.0281e-08
93.396,6.9818e-05,93.363,73.997,2.0306e-08
93.148,7.0133e-05,93.116,73.873,2.0489e-08
92.834,7.0719e-05,92.802,73.716,2.0833e-08
92.447,7.1531e-05,92.414,73.522,2.1314e-08
91.968,7.2577e-05,91.935,73.282,2.1942e-08
91.402,7.3907e-05,91.368,72.999,2.2754e-08
90.759,7.5533e-05,90.725,72.677,2.3766e-08
90.061,7.7448e-05,90.027,72.328,2.4987e-08
89.309,7.9679e-05,89.274,71.952,2.6447e-08
88.554,8.2147e-05,88.517,71.574,2.8111e-08
87.805,8.4842e-05,87.767,71.199,2.9986e-08
87.057,8.7671e-05,87.019,70.824,3.2019e-08
86.295,9.0564e-05,86.256,70.443,3.4167e-08
85.515,9.3656e-05,85.475,70.053,3.6539e-08
84.738,9.6977e-05,84.697,69.663,3.9177e-08
84.016,0.0001004,83.974,69.302,4.1992e-08
83.564,0.00010288,83.521,69.075,4.4095e-08
83.228,0.00010522,83.184,68.907,4.6121e-08
83.045,0.00010728,83.001,68.815,4.7941e-08
83.042,0.00010886,82.997,68.813,4.9365e-08
83.228,0.00010975,83.183,68.906,5.0177e-08
83.6,0.00010993,83.554,69.092,5.0336e-08
84.14,0.00010934,84.094,69.362,4.9805e-08
84.82,0.00010798,84.774,69.702,4.8571e-08
85.715,0.00010557,85.669,70.15,4.6427e-08
86.678,0.00010245,86.633,70.632,4.3718e-08
87.652,9.8819e-05,87.609,71.119,4.0676e-08
88.594,9.4991e-05,88.552,71.591,3.7586e-08
89.475,9.1247e-05,89.434,72.032,3.4681e-08
90.278,8.7671e-05,90.238,72.434,3.2017e-08
90.998,8.4326e-05,90.959,72.795,2.9621e-08
91.636,8.1334e-05,91.598,73.114,2.7556e-08
92.211,7.8658e-05,92.175,73.402,2.5772e-08
92.7,7.6355e-05,92.665,73.647,2.4286e-08
93.098,7.4437e-05,93.063,73.847,2.3081e-08
93.399,7.2866e-05,93.365,73.997,2.2117e-08
93.612,7.1495e-05,93.578,74.104,2.1293e-08
93.705,7.0536e-05,93.672,74.151,2.0725e-08
93.69,6.9979e-05,93.657,74.143,2.0399e-08
93.582,6.976e-05,93.55,74.09,2.0272e-08
93.401,6.9803e-05,93.368,73.999,2.0297e-08
93.153,7.0118e-05,93.12,73.875,2.0481e-08
92.839,7.0704e-05,92.806,73.718,2.0825e-08
92.452,7.1516e-05,92.419,73.524,2.1305e-08
91.973,7.2562e-05,91.94,73.285,2.1934e-08
91.407,7.3893e-05,91.373,73.001,2.2745e-08
90.764,7.5518e-05,90.729,72.68,2.3757e-08
90.066,7.7433e-05,90.031,72.331,2.4977e-08
89.314,7.9664e-05,89.278,71.954,2.6437e-08
88.558,8.2131e-05,88.522,71.576,2.81e-08
87.809,8.4826e-05,87.772,71.201,2.9974e-08
87.061,8.7654e-05,87.023,70.826,3.2006e-08
86.3,9.0547e-05,86.261,70.445,3.4154e-08
85.52,9.3638e-05,85.479,70.055,3.6526e-08
84.742,9.6958e-05,84.701,69.665,3.9162e-08
84.02,0.00010038,83.978,69.304,4.1977e-08
83.568,0.00010286,83.525,69.077,4.4079e-08
83.232,0.0001052,83.188,68.909,4.6104e-08
83.049,0.00010726,83.005,68.817,4.7923e-08
83.046,0.00010884,83.001,68.815,4.9347e-08
83.232,0.00010973,83.186,68.908,5.0159e-08
83.603,0.00010991,83.557,69.094,5.0318e-08
84.143,0.00010933,84.098,69.364,4.9787e-08
84.823,0.00010796,84.778,69.704,4.8553e-08
85.718,0.00010555,85.673,70.152,4.641e-08
86.681,0.00010243,86.637,70.633,4.3703e-08
87.656,9.8802e-05,87.613,71.121,4.0662e-08
88.598,9.4974e-05,88.556,71.593,3.7573e-08
89.479,9.1231e-05,89.438,72.034,3.4669e-08
90.281,8.7656e-05,90.242,72.436,3.2006e-08
91.001,8.4312e-05,90.963,72.796,2.9611e-08
91.639,8.1321e-05,91.602,73.116,2.7547e-08
92.214,7.8645e-05,92.178,73.404,2.5764e-08
92.703,7.6343e-05,92.668,73.649,2.4278e-08
93.101,7.4426e-05,93.067,73.848,2.3074e-08
93.402,7.2855e-05,93.368,73.999,2.211e-08
93.615,7.1484e-05,93.581,74.106,2.1286e-08
93.708,7.0525e-05,93.675,74.153,2.0719e-08
93.693,6.9969e-05,93.66,74.145,2.0393e-08
93.586,6.9751e-05,93.553,74.091,2.0267e-08
93.404,6.9794e-05,93.371,74.001,2.0292e-08
93.156,7.0109e-05,93.123,73.877,2.0475e-08
92.842,7.0695e-05,92.809,73.72,2.0819e-08
92.455,7.1507e-05,92.422,73.526,2.13e-08
91.976,7.2553e-05,91.942,73.286,2.1928e-08
91.41,7.3883e-05,91.376,73.003,2.2739e-08
90.767,7.5509e-05,90.732,72.681,2.3751e-08
90.069,7.7423e-05,90.034,72.332,2.4971e-08
89.317,7.9654e-05,89.281,71.956,2.643e-08
88.561,8.2121e-05,88.524,71.577,2.8093e-08
87.812,8.4816e-05,87.774,71.202,2.9967e-08
87.064,8.7643e-05,87.025,70.828,3.1998e-08
86.302,9.0536e-05,86.263,70.447,3.4145e-08
85.522,9.3627e-05,85.482,70.056,3.6517e-08
84.744,9.6947e-05,84.703,69.667,3.9153e-08
84.023,0.00010037,83.981,69.305,4.1967e-08
83.57,0.00010285,83.527,69.079,4.4069e-08
83.235,0.00010519,83.191,68.91,4.6093e-08
83.052,0.00010724,83.007,68.819,4.7912e-08
83.048,0.00010883,83.003,68.817,4.9335e-08
83.235,0.00010972,83.189,68.909,5.0147e-08
83.606,0.00010989,83.56,69.095,5.0306e-08
84.146,0.00010931,84.1,69.365,4.9775e-08
84.826,0.00010795,84.78,69.705,4.8542e-08
85.721,0.00010554,85.675,70.153,4.6399e-08
86.684,0.00010242,86.639,70.635,4.3693e-08
87.658,9.879e-05,87.615,71.122,4.0653e-08
88.6,9.4963e-05,88.558,71.594,3.7564e-08
89.481,9.1221e-05,89.44,72.035,3.4662e-08
90.284,8.7647e-05,90.244,72.437,3.1999e-08
91.003,8.4303e-05,90.965,72.798,2.9604e-08
91.641,8.1312e-05,91.604,73.117,2.7541e-08
92.217,7.8637e-05,92.18,73.405,2.5759e-08
92.705,7.6335e-05,92.67,73.65,2.4273e-08
93.103,7.4419e-05,93.069,73.849,2.3069e-08
93.404,7.2847e-05,93.37,74,2.2106e-08
93.617,7.1477e-05,93.584,74.107,2.1282e-08
93.71,7.0519e-05,93.677,74.154,2.0715e-08
93.695,6.9962e-05,93.662,74.146,2.039e-08
93.588,6.9745e-05,93.555,74.092,2.0263e-08
93.406,6.9788e-05,93.373,74.002,2.0288e-08
93.158,7.0103e-05,93.125,73.878,2.0472e-08
92.844,7.0689e-05,92.811,73.721,2.0816e-08
92.457,7.1501e-05,92.424,73.527,2.1296e-08
91.978,7.2547e-05,91.944,73.287,2.1924e-08
91.411,7.3877e-05,91.378,73.004,2.2736e-08
90.768,7.5503e-05,90.734,72.682,2.3747e-08
90.071,7.7417e-05,90.036,72.333,2.4966e-08
89.318,7.9647e-05,89.283,71.956,2.6426e-08
88.563,8.2114e-05,88.526,71.578,2.8088e-08
87.813,8.4809e-05,87.776,71.203,2.9962e-08
87.065,8.7637e-05,87.027,70.829,3.1993e-08
86.304,9.0529e-05,86.265,70.447,3.414e-08
85.524,9.362e-05,85.484,70.057,3.6511e-08
84.746,9.6939e-05,84.705,69.667,3.9147e-08
84.025,0.00010036,83.982,69.306,4.196e-08
83.572,0.00010284,83.529,69.079,4.4062e-08
83.236,0.00010518,83.192,68.911,4.6086e-08
83.053,0.00010724,83.009,68.819,4.7904e-08
83.05,0.00010882,83.005,68.817,4.9328e-08
83.236,0.00010971,83.19,68.91,5.014e-08
83.607,0.00010988,83.561,69.096,5.0299e-08
84.147,0.0001093,84.101,69.366,4.9768e-08
84.827,0.00010794,84.782,69.706,4.8534e-08
85.722,0.00010553,85.677,70.153,4.6392e-08
86.685,0.00010241,86.641,70.635,4.3686e-08
87.66,9.8783e-05,87.616,71.123,4.0647e-08
88.601,9.4957e-05,88.559,71.595,3.7559e-08
89.482,9.1214e-05,89.442,72.036,3.4657e-08
90.285,8.764e-05,90.246,72.438,3.1994e-08
91.005,8.4297e-05,90.967,72.798,2.96e-08
91.643,8.1306e-05,91.605,73.118,2.7537e-08
92.218,7.8632e-05,92.182,73.406,2.5755e-08
92.707,7.633e-05,92.672,73.651,2.427e-08
93.105,7.4414e-05,93.07,73.85,2.3067e-08
93.406,7.2843e-05,93.372,74.001,2.2103e-08
93.618,7.1473e-05,93.585,74.107,2.128e-08
93.711,7.0515e-05,93.678,74.154,2.0713e-08
93.696,6.9958e-05,93.663,74.147,2.0387e-08
93.589,6.9741e-05,93.556,74.093,2.0261e-08
93.407,6.9784e-05,93.375,74.002,2.0286e-08
93.159,7.0099e-05,93.127,73.878,2.0469e-08
92.845,7.0685e-05,92.813,73.721,2.0813e-08
92.458,7.1497e-05,92.425,73.528,2.1294e-08
91.979,7.2543e-05,91.946,73.288,2.1922e-08
91.413,7.3873e-05,91.379,73.004,2.2733e-08
90.77,7.5499e-05,90.735,72.683,2.3745e-08
90.072,7.7413e-05,90.037,72.333,2.4964e-08
89.32,7.9643e-05,89.284,71.957,2.6423e-08
88.564,8.211e-05,88.527,71.579,2.8086e-08
87.814,8.4805e-05,87.777,71.204,2.9959e-08
87.066,8.7632e-05,87.028,70.829,3.199e-08
86.305,9.0524e-05,86.266,70.448,3.4137e-08
85.525,9.3615e-05,85.485,70.057,3.6508e-08
84.747,9.6935e-05,84.706,69.668,3.9143e-08
84.026,0.00010036,83.983,69.307,4.1956e-08
83.573,0.00010284,83.53,69.08,4.4058e-08
83.237,0.00010518,83.193,68.912,4.6081e-08
83.054,0.00010723,83.01,68.82,4.79e-08
83.051,0.00010881,83.006,68.818,4.9323e-08
83.237,0.0001097,83.191,68.911,5.0135e-08
83.608,0.00010988,83.562,69.096,5.0294e-08
84.148,0.0001093,84.102,69.366,4.9763e-08
84.828,0.00010794,84.783,69.706,4.853e-08
85.723,0.00010553,85.678,70.154,4.6388e-08
86.686,0.00010241,86.642,70.636,4.3682e-08
87.661,9.8778e-05,87.617,71.124,4.0643e-08
88.602,9.4952e-05,88.56,71.595,3.7555e-08
89.483,9.121e-05,89.442,72.036,3.4654e-08
90.286,8.7637e-05,90.246,72.438,3.1991e-08
91.006,8.4294e-05,90.967,72.799,2.9598e-08
91.644,8.1303e-05,91.606,73.118,2.7535e-08
92.219,7.8628e-05,92.183,73.406,2.5753e-08
92.708,7.6327e-05,92.672,73.651,2.4268e-08
93.106,7.4411e-05,93.071,73.851,2.3065e-08
93.406,7.284e-05,93.372,74.001,2.2101e-08
93.619,7.147e-05,93.586,74.108,2.1278e-08
93.712,7.0512e-05,93.679,74.155,2.0711e-08
93.697,6.9956e-05,93.664,74.147,2.0386e-08
93.59,6.9738e-05,93.557,74.094,2.0259e-08
93.408,6.9781e-05,93.375,74.003,2.0284e-08
93.16,7.0096e-05,93.128,73.879,2.0468e-08
92.846,7.0683e-05,92.813,73.722,2.0812e-08
92.459,7.1494e-05,92.426,73.528,2.1293e-08
91.98,7.2541e-05,91.946,73.288,2.192e-08
91.413,7.3871e-05,91.38,73.005,2.2732e-08
90.77,7.5496e-05,90.736,72.683,2.3743e-08
90.072,7.741e-05,90.038,72.334,2.4962e-08
89.32,7.9641e-05,89.285,71.957,2.6422e-08
88.564,8.2108e-05,88.528,71.579,2.8084e-08
87.815,8.4802e-05,87.778,71.204,2.9957e-08
87.067,8.7629e-05,87.029,70.83,3.1988e-08
86.306,9.0521e-05,86.267,70.448,3.4135e-08
85.526,9.3612e-05,85.486,70.058,3.6505e-08
84.748,9.6931e-05,84.707,69.668,3.914e-08
84.026,0.00010035,83.984,69.307,4.1953e-08
83.574,0.00010284,83.531,69.08,4.4055e-08
83.238,0.00010517,83.194,68.912,4.6079e-08
83.055,0.00010723,83.01,68.82,4.7897e-08
83.052,0.00010881,83.006,68.818,4.932e-08
83.238,0.0001097,83.192,68.911,5.0132e-08
83.609,0.00010988,83.563,69.097,5.0291e-08
84.149,0.0001093,84.103,69.367,4.976e-08
84.829,0.00010793,84.783,69.707,4.8527e-08
85.724,0.00010553,85.678,70.154,4.6385e-08
86.687,0.0001024,86.642,70.636,4.368e-08
87.661,9.8776e-05,87.618,71.124,4.064e-08
88.603,9.4949e-05,88.561,71.595,3.7553e-08
89.484,9.1208e-05,89.443,72.037,3.4652e-08
90.287,8.7634e-05,90.247,72.439,3.199e-08
91.006,8.4291e-05,90.968,72.799,2.9596e-08
91.644,8.1301e-05,91.607,73.118,2.7533e-08
92.219,7.8626e-05,92.183,73.407,2.5752e-08
92.708,7.6325e-05,92.673,73.651,2.4267e-08
93.106,7.4409e-05,93.072,73.851,2.3063e-08
93.407,7.2838e-05,93.373,74.002,2.21e-08
93.62,7.1469e-05,93.586,74.108,2.1277e-08
93.713,7.051e-05,93.68,74.155,2.071e-08
93.698,6.9954e-05,93.665,74.147,2.0385e-08
93.59,6.9736e-05,93.558,74.094,2.0258e-08
93.409,6.978e-05,93.376,74.003,2.0283e-08
93.161,7.0095e-05,93.128,73.879,2.0467e-08
92.847,7.0681e-05,92.814,73.722,2.0811e-08
92.459,7.1493e-05,92.426,73.528,2.1292e-08
91.98,7.2539e-05,91.947,73.288,2.192e-08
91.414,7.3869e-05,91.38,73.005,2.2731e-08
90.771,7.5495e-05,90.737,72.683,2.3742e-08
90.073,7.7409e-05,90.038,72.334,2.4961e-08
89.321,7.9639e-05,89.285,71.958,2.642e-08
88.565,8.2106e-05,88.529,71.579,2.8083e-08
87.816,8.48e-05,87.778,71.204,2.9956e-08
87.068,8.7628e-05,87.03,70.83,3.1987e-08
86.306,9.052e-05,86.267,70.449,3.4133e-08
85.526,9.361e-05,85.486,70.058,3.6504e-08
84.748,9.6929e-05,84.707,69.669,3.9139e-08
84.027,0.00010035,83.985,69.307,4.1952e-08
83.574,0.00010283,83.531,69.081,4.4053e-08
83.238,0.00010517,83.195,68.912,4.6077e-08
83.055,0.00010723,83.011,68.82,4.7895e-08
83.052,0.00010881,83.007,68.818,4.9318e-08
83.238,0.0001097,83.193,68.911,5.013e-08
83.609,0.00010987,83.563,69.097,5.0289e-08
84.149,0.00010929,84.103,69.367,4.9758e-08
84.829,0.00010793,84.784,69.707,4.8525e-08
85.724,0.00010552,85.679,70.154,4.6383e-08
86.687,0.0001024,86.643,70.636,4.3678e-08
87.662,9.8774e-05,87.618,71.124,4.0639e-08
88.603,9.4948e-05,88.561,71.596,3.7552e-08
89.484,9.1206e-05,89.443,72.037,3.465e-08
90.287,8.7632e-05,90.247,72.439,3.1988e-08
91.007,8.429e-05,90.968,72.799,2.9595e-08
91.645,8.1299e-05,91.607,73.119,2.7532e-08
92.22,7.8625e-05,92.184,73.407,2.5751e-08
92.709,7.6324e-05,92.673,73.652,2.4266e-08
93.107,7.4408e-05,93.072,73.851,2.3063e-08
93.407,7.2837e-05,93.373,74.002,2.2099e-08
93.62,7.1467e-05,93.587,74.108,2.1276e-08
93.713,7.0509e-05,93.68,74.155,2.071e-08
93.698,6.9953e-05,93.665,74.148,2.0384e-08
93.591,6.9735e-05,93.558,74.094,2.0258e-08
93.409,6.9778e-05,93.376,74.003,2.0283e-08
93.161,7.0094e-05,93.128,73.879,2.0467e-08
92.847,7.068e-05,92.814,73.722,2.081e-08
92.46,7.1492e-05,92.427,73.528,2.1291e-08
91.98,7.2538e-05,91.947,73.289,2.1919e-08
91.414,7.3868e-05,91.38,73.005,2.273e-08
90.771,7.5494e-05,90.737,72.683,2.3741e-08
90.073,7.7408e-05,90.038,72.334,2.4961e-08
89.321,7.9638e-05,89.286,71.958,2.642e-08
88.565,8.2105e-05,88.529,71.579,2.8082e-08
87.816,8.4799e-05,87.779,71.204,2.9955e-08
87.068,8.7626e-05,87.03,70.83,3.1986e-08
86.306,9.0518e-05,86.267,70.449,3.4132e-08
85.526,9.3609e-05,85.486,70.058,3.6503e-08
84.749,9.6928e-05,84.707,69.669,3.9138e-08
84.027,0.00010035,83.985,69.307,4.1951e-08
83.574,0.00010283,83.531,69.081,4.4052e-08
83.239,0.00010517,83.195,68.912,4.6076e-08
83.055,0.00010722,83.011,68.82,4.7894e-08
83.052,0.00010881,83.007,68.819,4.9317e-08
83.238,0.0001097,83.193,68.911,5.0129e-08
83.61,0.00010987,83.564,69.097,5.0287e-08
84.15,0.00010929,84.104,69.367,4.9757e-08
84.83,0.00010793,84.784,69.707,4.8524e-08
85.724,0.00010552,85.679,70.155,4.6382e-08
86.687,0.0001024,86.643,70.636,4.3677e-08
87.662,9.8772e-05,87.619,71.124,4.0638e-08
88.604,9.4946e-05,88.561,71.596,3.7551e-08
89.485,9.1205e-05,89.444,72.037,3.465e-08
90.287,8.7631e-05,90.248,72.439,3.1988e-08
91.007,8.4289e-05,90.969,72.799,2.9594e-08
91.645,8.1298e-05,91.608,73.119,2.7532e-08
92.22,7.8624e-05,92.184,73.407,2.575e-08
92.709,7.6323e-05,92.674,73.652,2.4265e-08
93.107,7.4407e-05,93.072,73.851,2.3062e-08
93.408,7.2836e-05,93.374,74.002,2.2099e-08
93.62,7.1467e-05,93.587,74.108,2.1276e-08
93.713,7.0509e-05,93.68,74.155,2.0709e-08
93.698,6.9952e-05,93.665,74.148,2.0384e-08
93.591,6.9735e-05,93.558,74.094,2.0257e-08
93.409,6.9778e-05,93.376,74.003,2.0282e-08
93.161,7.0093e-05,93.129,73.879,2.0466e-08
92.847,7.0679e-05,92.814,73.722,2.081e-08
92.46,7.1491e-05,92.427,73.528,2.1291e-08
91.981,7.2538e-05,91.947,73.289,2.1919e-08
91.414,7.3867e-05,91.381,73.005,2.273e-08
90.771,7.5493e-05,90.737,72.684,2.3741e-08
90.073,7.7407e-05,90.039,72.334,2.496e-08
89.321,7.9637e-05,89.286,71.958,2.6419e-08
88.565,8.2104e-05,88.529,71.58,2.8081e-08
87.816,8.4798e-05,87.779,71.204,2.9955e-08
87.068,8.7626e-05,87.03,70.83,3.1985e-08
86.307,9.0518e-05,86.268,70.449,3.4132e-08
85.527,9.3608e-05,85.486,70.058,3.6502e-08
84.749,9.6927e-05,84.708,69.669,3.9137e-08
84.027,0.00010035,83.985,69.307,4.195e-08
83.575,0.00010283,83.532,69.081,4.4051e-08
83.239,0.00010517,83.195,68.913,4.6075e-08
83.056,0.00010722,83.011,68.821,4.7893e-08
83.052,0.0001088,83.007,68.819,4.9316e-08
83.239,0.0001097,83.193,68.911,5.0128e-08
83.61,0.00010987,83.564,69.097,5.0287e-08
84.15,0.00010929,84.104,69.367,4.9756e-08
84.83,0.00010793,84.784,69.707,4.8523e-08
85.725,0.00010552,85.679,70.155,4.6382e-08
86.687,0.0001024,86.643,70.637,4.3676e-08
87.662,9.8772e-05,87.619,71.124,4.0637e-08
88.604,9.4946e-05,88.562,71.596,3.755e-08
89.485,9.1204e-05,89.444,72.037,3.4649e-08
90.287,8.7631e-05,90.248,72.439,3.1987e-08
91.007,8.4288e-05,90.969,72.799,2.9594e-08
91.645,8.1298e-05,91.608,73.119,2.7531e-08
92.22,7.8623e-05,92.184,73.407,2.575e-08
92.709,7.6322e-05,92.674,73.652,2.4265e-08
93.107,7.4406e-05,93.072,73.851,2.3062e-08
93.408,7.2836e-05,93.374,74.002,2.2099e-08
93.62,7.1466e-05,93.587,74.108,2.1276e-08
93.714,7.0508e-05,93.681,74.155,2.0709e-08
93.698,6.9952e-05,93.665,74.148,2.0384e-08
93.591,6.9734e-05,93.558,74.094,2.0257e-08
93.409,6.9777e-05,93.377,74.003,2.0282e-08
93.161,7.0093e-05,93.129,73.879,2.0466e-08
92.847,7.0679e-05,92.815,73.722,2.081e-08
92.46,7.1491e-05,92.427,73.529,2.129e-08
91.981,7.2537e-05,91.947,73.289,2.1918e-08
91.414,7.3867e-05,91.381,73.005,2.2729e-08
90.771,7.5493e-05,90.737,72.684,2.3741e-08
90.074,7.7406e-05,90.039,72.334,2.496e-08
89.321,7.9637e-05,89.286,71.958,2.6419e-08
88.566,8.2104e-05,88.529,71.58,2.8081e-08
87.816,8.4798e-05,87.779,71.205,2.9954e-08
87.068,8.7625e-05,87.03,70.83,3.1985e-08
86.307,9.0517e-05,86.268,70.449,3.4131e-08
85.527,9.3607e-05,85.487,70.058,3.6502e-08
84.749,9.6927e-05,84.708,69.669,3.9137e-08
84.027,0.00010035,83.985,69.308,4.195e-08
83.575,0.00010283,83.532,69.081,4.4051e-08
83.239,0.00010517,83.195,68.913,4.6074e-08
83.056,0.00010722,83.011,68.821,4.7892e-08
83.052,0.0001088,83.007,68.819,4.9315e-08
83.239,0.0001097,83.193,68.912,5.0127e-08
83.61,0.00010987,83.564,69.097,5.0286e-08
84.15,0.00010929,84.104,69.367,4.9756e-08
84.83,0.00010793,84.784,69.707,4.8523e-08
85.725,0.00010552,85.679,70.155,4.6381e-08
86.688,0.0001024,86.643,70.637,4.3676e-08
87.662,9.8771e-05,87.619,71.124,4.0637e-08
88.604,9.4945e-05,88.562,71.596,3.755e-08
89.485,9.1204e-05,89.444,72.037,3.4649e-08
90.287,8.763e-05,90.248,72.439,3.1987e-08
91.007,8.4288e-05,90.969,72.799,2.9593e-08
91.645,8.1297e-05,91.608,73.119,2.7531e-08
92.22,7.8623e-05,92.184,73.407,2.575e-08
92.709,7.6322e-05,92.674,73.652,2.4265e-08
93.107,7.4406e-05,93.072,73.851,2.3062e-08
93.408,7.2836e-05,93.374,74.002,2.2099e-08
93.621,7.1466e-05,93.587,74.109,2.1275e-08
93.714,7.0508e-05,93.681,74.155,2.0709e-08
93.698,6.9952e-05,93.666,74.148,2.0383e-08
93.591,6.9734e-05,93.558,74.094,2.0257e-08
93.409,6.9777e-05,93.377,74.003,2.0282e-08
93.161,7.0093e-05,93.129,73.879,2.0466e-08
92.847,7.0679e-05,92.815,73.722,2.081e-08
92.46,7.149e-05,92.427,73.529,2.129e-08
91.981,7.2537e-05,91.948,73.289,2.1918e-08
91.415,7.3867e-05,91.381,73.005,2.2729e-08
90.772,7.5492e-05,90.737,72.684,2.3741e-08
90.074,7.7406e-05,90.039,72.334,2.496e-08
89.321,7.9637e-05,89.286,71.958,2.6419e-08
88.566,8.2103e-05,88.529,71.58,2.8081e-08
87.816,8.4797e-05,87.779,71.205,2.9954e-08
87.068,8.7625e-05,87.03,70.83,3.1985e-08
86.307,9.0517e-05,86.268,70.449,3.4131e-08
85.527,9.3607e-05,85.487,70.058,3.6502e-08
84.749,9.6927e-05,84.708,69.669,3.9136e-08
84.027,0.00010035,83.985,69.308,4.1949e-08
83.575,0.00010283,83.532,69.081,4.405e-08
83.239,0.00010517,83.195,68.913,4.6074e-08
83.056,0.00010722,83.011,68.821,4.7892e-08
83.053,0.0001088,83.007,68.819,4.9315e-08
83.239,0.0001097,83.193,68.912,5.0127e-08
83.61,0.00010987,83.564,69.097,5.0286e-08
84.15,0.00010929,84.104,69.367,4.9755e-08
84.83,0.00010793,84.784,69.707,4.8522e-08
85.725,0.00010552,85.679,70.155,4.6381e-08
86.688,0.0001024,86.643,70.637,4.3675e-08
87.662,9.8771e-05,87.619,71.124,4.0637e-08
88.604,9.4945e-05,88.562,71.596,3.7549e-08
89.485,9.1203e-05,89.444,72.037,3.4648e-08
90.288,8.763e-05,90.248,72.439,3.1987e-08
91.007,8.4288e-05,90.969,72.799,2.9593e-08
91.645,8.1297e-05,91.608,73.119,2.7531e-08
92.22,7.8623e-05,92.184,73.407,2.5749e-08
92.709,7.6322e-05,92.674,73.652,2.4265e-08
93.107,7.4406e-05,93.072,73.851,2.3062e-08
93.408,7.2835e-05,93.374,74.002,2.2098e-08
93.621,7.1466e-05,93.587,74.109,2.1275e-08
93.714,7.0508e-05,93.681,74.155,2.0709e-08
93.698,6.9951e-05,93.666,74.148,2.0383e-08
93.591,6.9734e-05,93.558,74.094,2.0257e-08
93.409,6.9777e-05,93.377,74.003,2.0282e-08
93.161,7.0092e-05,93.129,73.879,2.0466e-08
92.847,7.0679e-05,92.815,73.722,2.0809e-08
92.46,7.149e-05,92.427,73.529,2.129e-08
91.981,7.2537e-05,91.948,73.289,2.1918e-08
91.415,7.3867e-05,91.381,73.005,2.2729e-08
90.772,7.5492e-05,90.737,72.684,2.3741e-08
90.074,7.7406e-05,90.039,72.334,2.496e-08
89.322,7.9636e-05,89.286,71.958,2.6419e-08
88.566,8.2103e-05,88.529,71.58,2.8081e-08
87.816,8.4797e-05,87.779,71.205,2.9954e-08
87.068,8.7625e-05,87.03,70.83,3.1985e-08
86.307,9.0517e-05,86.268,70.449,3.4131e-08
85.527,9.3607e-05,85.487,70.058,3.6501e-08
84.749,9.6926e-05,84.708,69.669,3.9136e-08
84.027,0.00010035,83.985,69.308,4.1949e-08
83.575,0.00010283,83.532,69.081,4.405e-08
83.239,0.00010517,83.195,68.913,4.6074e-08
83.056,0.00010722,83.011,68.821,4.7892e-08
83.053,0.0001088,83.007,68.819,4.9315e-08
83.239,0.0001097,83.193,68.912,5.0127e-08
83.61,0.00010987,83.564,69.097,5.0286e-08
84.15,0.00010929,84.104,69.367,4.9755e-08
84.83,0.00010793,84.784,69.707,4.8522e-08
85.725,0.00010552,85.68,70.155,4.6381e-08
86.688,0.0001024,86.643,70.637,4.3675e-08
87.662,9.8771e-05,87.619,71.124,4.0636e-08
88.604,9.4945e-05,88.562,71.596,3.7549e-08
89.485,9.1203e-05,89.444,72.037,3.4648e-08
90.288,8.763e-05,90.248,72.439,3.1987e-08
91.007,8.4287e-05,90.969,72.8,2.9593e-08
91.645,8.1297e-05,91.608,73.119,2.7531e-08
92.22,7.8623e-05,92.184,73.407,2.5749e-08
92.709,7.6322e-05,92.674,73.652,2.4264e-08
93.107,7.4406e-05,93.073,73.851,2.3061e-08
93.408,7.2835e-05,93.374,74.002,2.2098e-08
93.621,7.1466e-05,93.587,74.109,2.1275e-08
93.714,7.0508e-05,93.681,74.155,2.0709e-08
93.698,6.9951e-05,93.666,74.148,2.0383e-08
93.591,6.9734e-05,93.558,74.094,2.0257e-08
93.409,6.9777e-05,93.377,74.003,2.0282e-08
93.162,7.0092e-05,93.129,73.879,2.0466e-08
92.848,7.0678e-05,92.815,73.722,2.0809e-08
92.46,7.149e-05,92.427,73.529,2.129e-08
91.981,7.2537e-05,91.948,73.289,2.1918e-08
91.415,7.3867e-05,91.381,73.005,2.2729e-08
90.772,7.5492e-05,90.737,72.684,2.374e-08
90.074,7.7406e-05,90.039,72.334,2.4959e-08
89.322,7.9636e-05,89.286,71.958,2.6419e-08
88.566,8.2103e-05,88.529,71.58,2.8081e-08
87.816,8.4797e-05,87.779,71.205,2.9954e-08
87.068,8.7625e-05,87.03,70.83,3.1985e-08
86.307,9.0517e-05,86.268,70.449,3.4131e-08
85.527,9.3607e-05,85.487,70.058,3.6501e-08
84.749,9.6926e-05,84.708,69.669,3.9136e-08
84.027,0.00010035,83.985,69.308,4.1949e-08
83.575,0.00010283,83.532,69.081,4.405e-08
83.239,0.00010517,83.195,68.913,4.6074e-08
83.056,0.00010722,83.011,68.821,4.7892e-08
83.053,0.0001088,83.007,68.819,4.9315e-08
83.239,0.0001097,83.193,68.912,5.0127e-08
83.61,0.00010987,83.564,69.097,5.0285e-08
84.15,0.00010929,84.104,69.367,4.9755e-08
84.83,0.00010793,84.784,69.707,4.8522e-08
85.725,0.00010552,85.68,70.155,4.638e-08
86.688,0.0001024,86.643,70.637,4.3675e-08
87.662,9.8771e-05,87.619,71.125,4.0636e-08
88.604,9.4945e-05,88.562,71.596,3.7549e-08
89.485,9.1203e-05,89.444,72.037,3.4648e-08
90.288,8.763e-05,90.248,72.439,3.1986e-08
91.007,8.4287e-05,90.969,72.8,2.9593e-08
91.645,8.1297e-05,91.608,73.119,2.7531e-08
92.22,7.8623e-05,92.184,73.407,2.5749e-08
92.709,7.6322e-05,92.674,73.652,2.4264e-08
93.107,7.4406e-05,93.073,73.851,2.3061e-08
93.408,7.2835e-05,93.374,74.002,2.2098e-08
93.621,7.1466e-05,93.587,74.109,2.1275e-08
93.714,7.0507e-05,93.681,74.155,2.0709e-08
93.698,6.9951e-05,93.666,74.148,2.0383e-08
93.591,6.9734e-05,93.559,74.094,2.0257e-08
93.409,6.9777e-05,93.377,74.003,2.0282e-08
93.162,7.0092e-05,93.129,73.879,2.0466e-08
92.848,7.0678e-05,92.815,73.722,2.0809e-08
92.46,7.149e-05,92.427,73.529,2.129e-08
91.981,7.2536e-05,91.948,73.289,2.1918e-08
91.415,7.3866e-05,91.381,73.005,2.2729e-08
90.772,7.5492e-05,90.737,72.684,2.374e-08
90.074,7.7406e-05,90.039,72.334,2.4959e-08
89.322,7.9636e-05,89.286,71.958,2.6419e-08
88.566,8.2103e-05,88.529,71.58,2.8081e-08
87.816,8.4797e-05,87.779,71.205,2.9954e-08
87.068,8.7624e-05,87.03,70.83,3.1985e-08
86.307,9.0516e-05,86.268,70.449,3.4131e-08
85.527,9.3607e-05,85.487,70.058,3.6501e-08
84.749,9.6926e-05,84.708,69.669,3.9136e-08
84.027,0.00010035,83.985,69.308,4.1949e-08
83.575,0.00010283,83.532,69.081,4.405e-08
83.239,0.00010517,83.195,68.913,4.6074e-08
83.056,0.00010722,83.011,68.821,4.7892e-08
83.053,0.0001088,83.007,68.819,4.9314e-08
83.239,0.0001097,83.193,68.912,5.0126e-08
83.61,0.00010987,83.564,69.097,5.0285e-08
84.15,0.00010929,84.104,69.367,4.9755e-08
84.83,0.00010793,84.784,69.707,4.8522e-08
85.725,0.00010552,85.68,70.155,4.638e-08
86.688,0.0001024,86.643,70.637,4.3675e-08
87.662,9.877e-05,87.619,71.125,4.0636e-08
88.604,9.4945e-05,88.562,71.596,3.7549e-08
89.485,9.1203e-05,89.444,72.037,3.4648e-08
90.288,8.763e-05,90.248,72.439,3.1986e-08
91.007,8.4287e-05,90.969,72.8,2.9593e-08
91.645,8.1297e-05,91.608,73.119,2.7531e-08
92.22,7.8622e-05,92.184,73.407,2.5749e-08
92.709,7.6322e-05,92.674,73.652,2.4264e-08
93.107,7.4406e-05,93.073,73.851,2.3061e-08
93.408,7.2835e-05,93.374,74.002,2.2098e-08
93.621,7.1466e-05,93.587,74.109,2.1275e-08
93.714,7.0507e-05,93.681,74.155,2.0709e-08
93.698,6.9951e-05,93.666,74.148,2.0383e-08
93.591,6.9734e-05,93.559,74.094,2.0257e-08
93.409,6.9777e-05,93.377,74.003,2.0282e-08
93.162,7.0092e-05,93.129,73.879,2.0466e-08
92.848,7.0678e-05,92.815,73.722,2.0809e-08
92.46,7.149e-05,92.427,73.529,2.129e-08
91.981,7.2536e-05,91.948,73.289,2.1918e-08
91.415,7.3866e-05,91.381,73.005,2.2729e-08
90.772,7.5492e-05,90.737,72.684,2.374e-08
90.074,7.7406e-05,90.039,72.334,2.4959e-08
89.322,7.9636e-05,89.286,71.958,2.6419e-08
88.566,8.2103e-05,88.529,71.58,2.8081e-08
87.816,8.4797e-05,87.779,71.205,2.9954e-08
87.068,8.7624e-05,87.03,70.83,3.1985e-08
86.307,9.0516e-05,86.268,70.449,3.4131e-08
85.527,9.3607e-05,85.487,70.058,3.6501e-08
84.749,9.6926e-05,84.708,69.669,3.9136e-08
84.027,0.00010035,83.985,69.308,4.1949e-08
83.575,0.00010283,83.532,69.081,4.405e-08
83.239,0.00010517,83.195,68.913,4.6074e-08
83.056,0.00010722,83.011,68.821,4.7892e-08
83.053,0.0001088,83.007,68.819,4.9314e-08
83.239,0.0001097,83.193,68.912,5.0126e-08
83.61,0.00010987,83.564,69.097,5.0285e-08
84.15,0.00010929,84.104,69.367,4.9755e-08
84.83,0.00010793,84.784,69.707,4.8522e-08
85.725,0.00010552,85.68,70.155,4.638e-08
86.688,0.0001024,86.643,70.637,4.3675e-08
87.662,9.877e-05,87.619,71.125,4.0636e-08
88.604,9.4944e-05,88.562,71.596,3.7549e-08
89.485,9.1203e-05,89.444,72.037,3.4648e-08
90.288,8.763e-05,90.248,72.439,3.1986e-08
91.007,8.4287e-05,90.969,72.8,2.9593e-08
91.645,8.1297e-05,91.608,73.119,2.7531e-08
92.22,7.8622e-05,92.184,73.407,2.5749e-08
92.709,7.6322e-05,92.674,73.652,2.4264e-08
93.107,7.4405e-05,93.073,73.851,2.3061e-08
93.408,7.2835e-05,93.374,74.002,2.2098e-08
93.621,7.1465e-05,93.587,74.109,2.1275e-08
93.714,7.0507e-05,93.681,74.155,2.0709e-08
93.698,6.9951e-05,93.666,74.148,2.0383e-08
93.591,6.9734e-05,93.559,74.094,2.0257e-08
93.409,6.9777e-05,93.377,74.003,2.0282e-08
93.162,7.0092e-05,93.129,73.879,2.0466e-08
92.848,7.0678e-05,92.815,73.722,2.0809e-08
92.46,7.149e-05,92.427,73.529,2.129e-08
91.981,7.2536e-05,91.948,73.289,2.1918e-08
91.415,7.3866e-05,91.381,73.005,2.2729e-08
90.772,7.5492e-05,90.737,72.684,2.374e-08
90.074,7.7406e-05,90.039,72.334,2.4959e-08
89.322,7.9636e-05,89.286,71.958,2.6419e-08
88.566,8.2103e-05,88.529,71.58,2.8081e-08
87.816,8.4797e-05,87.779,71.205,2.9954e-08
87.068,8.7624e-05,87.03,70.83,3.1984e-08
86.307,9.0516e-05,86.268,70.449,3.4131e-08
85.527,9.3607e-05,85.487,70.058,3.6501e-08
84.749,9.6926e-05,84.708,69.669,3.9136e-08
84.027,0.00010035,83.985,69.308,4.1949e-08
83.575,0.00010283,83.532,69.081,4.405e-08
83.239,0.00010517,83.195,68.913,4.6073e-08
83.056,0.00010722,83.011,68.821,4.7892e-08
83.053,0.0001088,83.007,68.819,4.9314e-08
83.239,0.0001097,83.193,68.912,5.0126e-08
83.61,0.00010987,83.564,69.097,5.0285e-08
84.15,0.00010929,84.104,69.367,4.9755e-08
84.83,0.00010793,84.784,69.707,4.8522e-08
85.725,0.00010552,85.68,70.155,4.638e-08
86.688,0.0001024,86.643,70.637,4.3675e-08
87.662,9.877e-05,87.619,71.125,4.0636e-08
88.604,9.4944e-05,88.562,71.596,3.7549e-08
89.485,9.1203e-05,89.444,72.037,3.4648e-08
90.288,8.763e-05,90.248,72.439,3.1986e-08
91.007,8.4287e-05,90.969,72.8,2.9593e-08
91.645,8.1297e-05,91.608,73.119,2.7531e-08
92.22,7.8622e-05,92.184,73.407,2.5749e-08
92.709,7.6322e-05,92.674,73.652,2.4264e-08
93.107,7.4405e-05,93.073,73.851,2.3061e-08
93.408,7.2835e-05,93.374,74.002,2.2098e-08
93.621,7.1465e-05,93.587,74.109,2.1275e-08
93.714,7.0507e-05,93.681,74.155,2.0709e-08
93.698,6.9951e-05,93.666,74.148,2.0383e-08
93.591,6.9734e-05,93.559,74.094,2.0257e-08
93.409,6.9777e-05,93.377,74.003,2.0282e-08
93.162,7.0092e-05,93.129,73.879,2.0465e-08
92.848,7.0678e-05,92.815,73.722,2.0809e-08
92.46,7.149e-05,92.427,73.529,2.129e-08
91.981,7.2536e-05,91.948,73.289,2.1918e-08
91.415,7.3866e-05,91.381,73.005,2.2729e-08
90.772,7.5492e-05,90.737,72.684,2.374e-08
90.074,7.7406e-05,90.039,72.334,2.4959e-08
89.322,7.9636e-05,89.286,71.958,2.6419e-08
88.566,8.2103e-05,88.529,71.58,2.8081e-08
87.816,8.4797e-05,87.779,71.205,2.9954e-08
87.068,8.7624e-05,87.03,70.83,3.1984e-08
86.307,9.0516e-05,86.268,70.449,3.4131e-08
85.527,9.3607e-05,85.487,70.058,3.6501e-08
84.749,9.6926e-05,84.708,69.669,3.9136e-08
84.027,0.00010035,83.985,69.308,4.1949e-08
83.575,0.00010283,83.532,69.081,4.405e-08
83.239,0.00010517,83.195,68.913,4.6073e-08
83.056,0.00010722,83.011,68.821,4.7892e-08
83.053,0.0001088,83.008,68.819,4.9314e-08
83.239,0.0001097,83.193,68.912,5.0126e-08
83.61,0.00010987,83.564,69.097,5.0285e-08
84.15,0.00010929,84.104,69.367,4.9755e-08
84.83,0.00010793,84.784,69.707,4.8522e-08
85.725,0.00010552,85.68,70.155,4.638e-08
86.688,0.0001024,86.643,70.637,4.3675e-08
87.662,9.877e-05,87.619,71.125,4.0636e-08
88.604,9.4944e-05,88.562,71.596,3.7549e-08
89.485,9.1203e-05,89.444,72.037,3.4648e-08
90.288,8.763e-05,90.248,72.439,3.1986e-08
91.007,8.4287e-05,90.969,72.8,2.9593e-08
91.645,8.1297e-05,91.608,73.119,2.7531e-08
92.22,7.8622e-05,92.184,73.407,2.5749e-08
92.709,7.6322e-05,92.674,73.652,2.4264e-08
93.107,7.4405e-05,93.073,73.851,2.3061e-08
93.408,7.2835e-05,93.374,74.002,2.2098e-08
93.621,7.1465e-05,93.587,74.109,2.1275e-08
93.714,7.0507e-05,93.681,74.155,2.0709e-08
93.698,6.9951e-05,93.666,74.148,2.0383e-08
93.591,6.9734e-05,93.559,74.094,2.0257e-08
93.409,6.9777e-05,93.377,74.003,2.0282e-08
93.162,7.0092e-05,93.129,73.879,2.0465e-08
92.848,7.0678e-05,92.815,73.722,2.0809e-08
92.46,7.149e-05,92.427,73.529,2.129e-08
91.981,7.2536e-05,91.948,73.289,2.1918e-08
91.415,7.3866e-05,91.381,73.005,2.2729e-08
90.772,7.5492e-05,90.737,72.684,2.374e-08
90.074,7.7406e-05,90.039,72.334,2.4959e-08
89.322,7.9636e-05,89.286,71.958,2.6419e-08
88.566,8.2103e-05,88.529,71.58,2.8081e-08
87.816,8.4797e-05,87.779,71.205,2.9954e-08
87.068,8.7624e-05,87.03,70.83,3.1984e-08
86.307,9.0516e-05,86.268,70.449,3.4131e-08
85.527,9.3607e-05,85.487,70.058,3.6501e-08
84.749,9.6926e-05,84.708,69.669,3.9136e-08
84.027,0.00010035,83.985,69.308,4.1949e-08
83.575,0.00010283,83.532,69.081,4.405e-08
83.239,0.00010517,83.195,68.913,4.6073e-08
83.056,0.00010722,83.011,68.821,4.7892e-08
83.053,0.0001088,83.008,68.819,4.9314e-08
83.239,0.0001097,83.193,68.912,5.0126e-08
83.61,0.00010987,83.564,69.097,5.0285e-08
84.15,0.00010929,84.104,69.367,4.9755e-08
84.83,0.00010793,84.784,69.707,4.8522e-08
85.725,0.00010552,85.68,70.155,4.638e-08
86.688,0.0001024,86.643,70.637,4.3675e-08
87.662,9.877e-05,87.619,71.125,4.0636e-08
88.604,9.4944e-05,88.562,71.596,3.7549e-08
89.485,9.1203e-05,89.444,72.037,3.4648e-08
90.288,8.763e-05,90.248,72.439,3.1986e-08
91.007,8.4287e-05,90.969,72.8,2.9593e-08
91.645,8.1297e-05,91.608,73.119,2.7531e-08
92.22,7.8622e-05,92.184,73.407,2.5749e-08
92.709,7.6322e-05,92.674,73.652,2.4264e-08
93.107,7.4405e-05,93.073,73.851,2.3061e-08
93.408,7.2835e-05,93.374,74.002,2.2098e-08
93.621,7.1465e-05,93.587,74.109,2.1275e-08
93.714,7.0507e-05,93.681,74.155,2.0709e-08
93.698,6.9951e-05,93.666,74.148,2.0383e-08
93.591,6.9734e-05,93.559,74.094,2.0257e-08
93.409,6.9777e-05,93.377,74.003,2.0282e-08
93.162,7.0092e-05,93.129,73.879,2.0465e-08
92.848,7.0678e-05,92.815,73.722,2.0809e-08
92.46,7.149e-05,92.427,73.529,2.129e-08
91.981,7.2536e-05,91.948,73.289,2.1918e-08
91.415,7.3866e-05,91.381,73.005,2.2729e-08
90.772,7.5492e-05,90.737,72.684,2.374e-08
90.074,7.7406e-05,90.039,72.334,2.4959e-08
89.322,7.9636e-05,89.286,71.958,2.6419e-08
88.566,8.2103e-05,88.529,71.58,2.8081e-08
87.816,8.4797e-05,87.779,71.205,2.9954e-08
87.068,8.7624e-05,87.03,70.83,3.1984e-08
86.307,9.0516e-05,86.268,70.449,3.4131e-08
85.527,9.3607e-05,85.487,70.058,3.6501e-08
84.749,9.6926e-05,84.708,69.669,3.9136e-08
84.027,0.00010035,83.985,69.308,4.1949e-08
83.575,0.00010283,83.532,69.081,4.405e-08
83.239,0.00010517,83.195,68.913,4.6073e-08
83.056,0.00010722,83.011,68.821,4.7892e-08
83.053,0.0001088,83.008,68.819,4.9314e-08
83.239,0.0001097,83.193,68.912,5.0126e-08
83.61,0.00010987,83.564,69.097,5.0285e-08
84.15,0.00010929,84.104,69.367,4.9755e-08
84.83,0.00010793,84.784,69.707,4.8522e-08
85.725,0.00010552,85.68,70.155,4.638e-08
86.688,0.0001024,86.643,70.637,4.3675e-08
87.662,9.877e-05,87.619,71.125,4.0636e-08
88.604,9.4944e-05,88.562,71.596,3.7549e-08
89.485,9.1203e-05,89.444,72.037,3.4648e-08
90.288,8.763e-05,90.248,72.439,3.1986e-08
91.007,8.4287e-05,90.969,72.8,2.9593e-08
91.645,8.1297e-05,91.608,73.119,2.7531e-08
92.22,7.8622e-05,92.184,73.407,2.5749e-08
92.709,7.6322e-05,92.674,73.652,2.4264e-08
93.107,7.4405e-05,93.073,73.851,2.3061e-08
93.408,7.2835e-05,93.374,74.002,2.2098e-08
93.621,7.1465e-05,93.587,74.109,2.1275e-08
93.714,7.0507e-05,93.681,74.155,2.0709e-08
93.698,6.9951e-05,93.666,74.148,2.0383e-08
93.591,6.9734e-05,93.559,74.094,2.0257e-08
93.409,6.9777e-05,93.377,74.003,2.0282e-08
93.162,7.0092e-05,93.129,73.879,2.0465e-08
92.848,7.0678e-05,92.815,73.722,2.0809e-08
92.46,7.149e-05,92.427,73.529,2.129e-08
91.981,7.2536e-05,91.948,73.289,2.1918e-08
91.415,7.3866e-05,91.381,73.005,2.2729e-08
90.772,7.5492e-05,90.737,72.684,2.374e-08
90.074,7.7406e-05,90.039,72.334,2.4959e-08
89.322,7.9636e-05,89.286,71.958,2.6419e-08
88.566,8.2103e-05,88.529,71.58,2.8081e-08
87.816,8.4797e-05,87.779,71.205,2.9954e-08
87.068,8.7624e-05,87.03,70.83,3.1984e-08
86.307,9.0516e-05,86.268,70.449,3.4131e-08
85.527,9.3607e-05,85.487,70.058,3.6501e-08
84.749,9.6926e-05,84.708,69.669,3.9136e-08
84.027,0.00010035,83.985,69.308,4.1949e-08
83.575,0.00010283,83.532,69.081,4.405e-08
83.239,0.00010517,83.195,68.913,4.6073e-08
83.056,0.00010722,83.011,68.821,4.7892e-08
83.053,0.0001088,83.008,68.819,4.9314e-08
83.239,0.0001097,83.193,68.912,5.0126e-08
83.61,0.00010987,83.564,69.097,5.0285e-08
84.15,0.00010929,84.104,69.367,4.9755e-08
84.83,0.00010793,84.784,69.707,4.8522e-08
85.725,0.00010552,85.68,70.155,4.638e-08
86.688,0.0001024,86.643,70.637,4.3675e-08
87.662,9.877e-05,87.619,71.125,4.0636e-08
88.604,9.4944e-05,88.562,71.596,3.7549e-08
89.485,9.1203e-05,89.444,72.037,3.4648e-08
90.288,8.763e-05,90.248,72.439,3.1986e-08
91.007,8.4287e-05,90.969,72.8,2.9593e-08
91.645,8.1297e-05,91.608,73.119,2.7531e-08
92.22,7.8622e-05,92.184,73.407,2.5749e-08
92.709,7.6322e-05,92.674,73.652,2.4264e-08
93.107,7.4405e-05,93.073,73.851,2.3061e-08
93.408,7.2835e-05,93.374,74.002,2.2098e-08
93.621,7.1465e-05,93.587,74.109,2.1275e-08
93.714,7.0507e-05,93.681,74.155,2.0709e-08
93.698,6.9951e-05,93.666,74.148,2.0383e-08
93.591,6.9734e-05,93.559,74.094,2.0257e-08
93.409,6.9777e-05,93.377,74.003,2.0282e-08
93.162,7.0092e-05,93.129,73.879,2.0465e-08
92.848,7.0678e-05,92.815,73.722,2.0809e-08
92.46,7.149e-05,92.427,73.529,2.129e-08
91.981,7.2536e-05,91.948,73.289,2.1918e-08
91.415,7.3866e-05,91.381,73.005,2.2729e-08
90.772,7.5492e-05,90.737,72.684,2.374e-08
90.074,7.7406e-05,90.039,72.334,2.4959e-08
89.322,7.9636e-05,89.286,71.958,2.6419e-08
88.566,8.2103e-05,88.529,71.58,2.8081e-08
87.816,8.4797e-05,87.779,71.205,2.9954e-08
87.068,8.7624e-05,87.03,70.83,3.1984e-08
86.307,9.0516e-05,86.268,70.449,3.4131e-08
85.527,9.3607e-05,85.487,70.058,3.6501e-08
84.749,9.6926e-05,84.708,69.669,3.9136e-08
84.027,0.00010035,83.985,69.308,4.1949e-08
83.575,0.00010283,83.532,69.081,4.405e-08
83.239,0.00010517,83.195,68.913,4.6073e-08
83.056,0.00010722,83.011,68.821,4.7892e-08
83.053,0.0001088,83.008,68.819,4.9314e-08
83.239,0.0001097,83.193,68.912,5.0126e-08
83.61,0.00010987,83.564,69.097,5.0285e-08
84.15,0.00010929,84.104,69.367,4.9755e-08
84.83,0.00010793,84.784,69.707,4.8522e-08
85.725,0.00010552,85.68,70.155,4.638e-08
86.688,0.0001024,86.643,70.637,4.3675e-08
87.662,9.877e-05,87.619,71.125,4.0636e-08
88.604,9.4944e-05,88.562,71.596,3.7549e-08
89.485,9.1203e-05,89.444,72.037,3.4648e-08
90.288,8.763e-05,90.248,72.439,3.1986e-08
91.007,8.4287e-05,90.969,72.8,2.9593e-08
91.645,8.1297e-05,91.608,73.119,2.7531e-08
92.22,7.8622e-05,92.184,73.407,2.5749e-08
92.709,7.6322e-05,92.674,73.652,2.4264e-08
93.107,7.4405e-05,93.073,73.851,2.3061e-08
93.408,7.2835e-05,93.374,74.002,2.2098e-08
93.621,7.1465e-05,93.587,74.109,2.1275e-08
93.714,7.0507e-05,93.681,74.155,2.0709e-08
93.698,6.9951e-05,93.666,74.148,2.0383e-08
93.591,6.9734e-05,93.559,74.094,2.0257e-08
93.409,6.9777e-05,93.377,74.003,2.0282e-08
93.162,7.0092e-05,93.129,73.879,2.0465e-08
92.848,7.0678e-05,92.815,73.722,2.0809e-08
92.46,7.149e-05,92.427,73.529,2.129e-08
91.981,7.2536e-05,91.948,73.289,2.1918e-08
91.415,7.3866e-05,91.381,73.005,2.2729e-08
90.772,7.5492e-05,90.737,72.684,2.374e-08
90.074,7.7406e-05,90.039,72.334,2.4959e-08
89.322,7.9636e-05,89.286,71.958,2.6419e-08
88.566,8.2103e-05,88.529,71.58,2.8081e-08
87.816,8.4797e-05,87.779,71.205,2.9954e-08
87.068,8.7624e-05,87.03,70.83,3.1984e-08
86.307,9.0516e-05,86.268,70.449,3.4131e-08
85.527,9.3607e-05,85.487,70.058,3.6501e-08
84.749,9.6926e-05,84.708,69.669,3.9136e-08
84.027,0.00010035,83.985,69.308,4.1949e-08
83.575,0.00010283,83.532,69.081,4.405e-08
83.239,0.00010517,83.195,68.913,4.6073e-08
83.056,0.00010722,83.011,68.821,4.7892e-08
83.053,0.0001088,83.008,68.819,4.9314e-08
83.239,0.0001097,83.193,68.912,5.0126e-08
83.61,0.00010987,83.564,69.097,5.0285e-08
84.15,0.00010929,84.104,69.367,4.9755e-08
84.83,0.00010793,84.784,69.707,4.8522e-08
85.725,0.00010552,85.68,70.155,4.638e-08
86.688,0.0001024,86.643,70.637,4.3675e-08
87.662,9.877e-05,87.619,71.125,4.0636e-08
88.604,9.4944e-05,88.562,71.596,3.7549e-08
89.485,9.1203e-05,89.444,72.037,3.4648e-08
90.288,8.763e-05,90.248,72.439,3.1986e-08
91.007,8.4287e-05,90.969,72.8,2.9593e-08
91.645,8.1297e-05,91.608,73.119,2.7531e-08
92.22,7.8622e-05,92.184,73.407,2.5749e-08
92.709,7.6322e-05,92.674,73.652,2.4264e-08
93.107,7.4405e-05,93.073,73.851,2.3061e-08
93.408,7.2835e-05,93.374,74.002,2.2098e-08
93.621,7.1465e-05,93.587,74.109,2.1275e-08
93.714,7.0507e-05,93.681,74.155,2.0709e-08
93.698,6.9951e-05,93.666,74.148,2.0383e-08
93.591,6.9734e-05,93.559,74.094,2.0257e-08
93.409,6.9777e-05,93.377,74.003,2.0282e-08
93.162,7.0092e-05,93.129,73.879,2.0465e-08
92.848,7.0678e-05,92.815,73.722,2.0809e-08
92.46,7.149e-05,92.427,73.529,2.129e-08
91.981,7.2536e-05,91.948,73.289,2.1918e-08
91.415,7.3866e-05,91.381,73.005,2.2729e-08
90.772,7.5492e-05,90.737,72.684,2.374e-08
90.074,7.7406e-05,90.039,72.334,2.4959e-08
89.322,7.9636e-05,89.286,71.958,2.6419e-08
88.566,8.2103e-05,88.529,71.58,2.8081e-08
87.816,8.4797e-05,87.779,71.205,2.9954e-08
87.068,8.7624e-05,87.03,70.83,3.1984e-08
86.307,9.0516e-05,86.268,70.449,3.4131e-08
85.527,9.3607e-05,85.487,70.058,3.6501e-08
84.749,9.6926e-05,84.708,69.669,3.9136e-08
84.027,0.00010035,83.985,69.308,4.1949e-08
83.575,0.00010283,83.532,69.081,4.405e-08
83.239,0.00010517,83.195,68.913,4.6073e-08
83.056,0.00010722,83.011,68.821,4.7892e-08
83.053,0.0001088,83.008,68.819,4.9314e-08
83.239,0.0001097,83.193,68.912,5.0126e-08
83.61,0.00010987,83.564,69.097,5.0285e-08
84.15,0.00010929,84.104,69.367,4.9755e-08
84.83,0.00010793,84.784,69.707,4.8522e-08
85.725,0.00010552,85.68,70.155,4.638e-08
86.688,0.0001024,86.643,70.637,4.3675e-08
87.662,9.877e-05,87.619,71.125,4.0636e-08
88.604,9.4944e-05,88.562,71.596,3.7549e-08
89.485,9.1203e-05,89.444,72.037,3.4648e-08
90.288,8.763e-05,90.248,72.439,3.1986e-08
91.007,8.4287e-05,90.969,72.8,2.9593e-08
91.645,8.1297e-05,91.608,73.119,2.7531e-08
92.22,7.8622e-05,92.184,73.407,2.5749e-08
92.709,7.6322e-05,92.674,73.652,2.4264e-08
93.107,7.4405e-05,93.073,73.851,2.3061e-08
93.408,7.2835e-05,93.374,74.002,2.2098e-08
93.621,7.1465e-05,93.587,74.109,2.1275e-08
93.714,7.0507e-05,93.681,74.155,2.0709e-08
93.698,6.9951e-05,93.666,74.148,2.0383e-08
93.591,6.9734e-05,93.559,74.094,2.0257e-08
93.409,6.9777e-05,93.377,74.003,2.0282e-08
93.162,7.0092e-05,93.129,73.879,2.0465e-08
92.848,7.0678e-05,92.815,73.722,2.0809e-08
92.46,7.149e-05,92.427,73.529,2.129e-08
91.981,7.2536e-05,91.948,73.289,2.1918e-08
91.415,7.3866e-05,91.381,73.005,2.2729e-08
90.772,7.5492e-05,90.737,72.684,2.374e-08
90.074,7.7406e-05,90.039,72.334,2.4959e-08
89.322,7.9636e-05,89.286,71.958,2.6419e-08
88.566,8.2103e-05,88.529,71.58,2.8081e-08
87.816,8.4797e-05,87.779,71.205,2.9954e-08
87.068,8.7624e-05,87.03,70.83,3.1984e-08
86.307,9.0516e-05,86.268,70.449,3.4131e-08
85.527,9.3607e-05,85.487,70.058,3.6501e-08
84.749,9.6926e-05,84.708,69.669,3.9136e-08
84.027,0.00010035,83.985,69.308,4.1949e-08
83.575,0.00010283,83.532,69.081,4.405e-08
83.239,0.00010517,83.195,68.913,4.6073e-08
83.056,0.00010722,83.011,68.821,4.7892e-08
83.053,0.0001088,83.008,68.819,4.9314e-08
83.239,0.0001097,83.193,68.912,5.0126e-08
83.61,0.00010987,83.564,69.097,5.0285e-08
84.15,0.00010929,84.104,69.367,4.9755e-08
84.83,0.00010793,84.784,69.707,4.8522e-08
85.725,0.00010552,85.68,70.155,4.638e-08
86.688,0.0001024,86.643,70.637,4.3675e-08
87.662,9.877e-05,87.619,71.125,4.0636e-08
88.604,9.4944e-05,88.562,71.596,3.7549e-08
89.485,9.1203e-05,89.444,72.037,3.4648e-08
90.288,8.763e-05,90.248,72.439,3.1986e-08
91.007,8.4287e-05,90.969,72.8,2.9593e-08
91.645,8.1297e-05,91.608,73.119,2.7531e-08
92.22,7.8622e-05,92.184,73.407,2.5749e-08
92.709,7.6322e-05,92.674,73.652,2.4264e-08
93.107,7.4405e-05,93.073,73.851,2.3061e-08
93.408,7.2835e-05,93.374,74.002,2.2098e-08
93.621,7.1465e-05,93.587,74.109,2.1275e-08
93.714,7.0507e-05,93.681,74.155,2.0709e-08
93.698,6.9951e-05,93.666,74.148,2.0383e-08
93.591,6.9734e-05,93.559,74.094,2.0257e-08
93.409,6.9777e-05,93.377,74.003,2.0282e-08
93.162,7.0092e-05,93.129,73.879,2.0465e-08
92.848,7.0678e-05,92.815,73.722,2.0809e-08
92.46,7.149e-05,92.427,73.529,2.129e-08
91.981,7.2536e-05,91.948,73.289,2.1918e-08
91.415,7.3866e-05,91.381,73.005,2.2729e-08
90.772,7.5492e-05,90.737,72.684,2.374e-08
90.074,7.7406e-05,90.039,72.334,2.4959e-08
89.322,7.9636e-05,89.286,71.958,2.6419e-08
88.566,8.2103e-05,88.529,71.58,2.8081e-08
87.816,8.4797e-05,87.779,71.205,2.9954e-08
87.068,8.7624e-05,87.03,70.83,3.1984e-08
86.307,9.0516e-05,86.268,70.449,3.4131e-08
85.527,9.3607e-05,85.487,70.058,3.6501e-08
84.749,9.6926e-05,84.708,69.669,3.9136e-08
84.027,0.00010035,83.985,69.308,4.1949e-08
83.575,0.00010283,83.532,69.081,4.405e-08
83.239,0.00010517,83.195,68.913,4.6073e-08
83.056,0.00010722,83.011,68.821,4.7892e-08
83.053,0.0001088,83.008,68.819,4.9314e-08
83.239,0.0001097,83.193,68.912,5.0126e-08
83.61,0.00010987,83.564,69.097,5.0285e-08
84.15,0.00010929,84.104,69.367,4.9755e-08
84.83,0.00010793,84.784,69.707,4.8522e-08
85.725,0.00010552,85.68,70.155,4.638e-08
86.688,0.0001024,86.643,70.637,4.3675e-08
87.662,9.877e-05,87.619,71.125,4.0636e-08
88.604,9.4944e-05,88.562,71.596,3.7549e-08
89.485,9.1203e-05,89.444,72.037,3.4648e-08
90.288,8.763e-05,90.248,72.439,3.1986e-08
91.007,8.4287e-05,90.969,72.8,2.9593e-08
91.645,8.1297e-05,91.608,73.119,2.7531e-08
92.22,7.8622e-05,92.184,73.407,2.5749e-08
92.709,7.6322e-05,92.674,73.652,2.4264e-08
93.107,7.4405e-05,93.073,73.851,2.3061e-08
93.408,7.2835e-05,93.374,74.002,2.2098e-08
93.621,7.1465e-05,93.587,74.109,2.1275e-08
93.714,7.0507e-05,93.681,74.155,2.0709e-08
93.698,6.9951e-05,93.666,74.148,2.0383e-08
93.591,6.9734e-05,93.559,74.094,2.0257e-08
93.409,6.9777e-05,93.377,74.003,2.0282e-08
93.162,7.0092e-05,93.129,73.879,2.0465e-08
92.848,7.0678e-05,92.815,73.722,2.0809e-08
92.46,7.149e-05,92.427,73.529,2.129e-08
91.981,7.2536e-05,91.948,73.289,2.1918e-08
91.415,7.3866e-05,91.381,73.005,2.2729e-08
90.772,7.5492e-05,90.737,72.684,2.374e-08
90.074,7.7406e-05,90.039,72.334,2.4959e-08
89.322,7.9636e-05,89.286,71.958,2.6419e-08
88.566,8.2103e-05,88.529,71.58,2.8081e-08
87.816,8.4797e-05,87.779,71.205,2.9954e-08
87.068,8.7624e-05,87.03,70.83,3.1984e-08
86.307,9.0516e-05,86.268,70.449,3.4131e-08
85.527,9.3607e-05,85.487,70.058,3.6501e-08
84.749,9.6926e-05,84.708,69.669,3.9136e-08
84.027,0.00010035,83.985,69.308,4.1949e-08
83.575,0.00010283,83.532,69.081,4.405e-08
83.239,0.00010517,83.195,68.913,4.6073e-08
83.056,0.00010722,83.011,68.821,4.7892e-08
83.053,0.0001088,83.008,68.819,4.9314e-08
83.239,0.0001097,83.193,68.912,5.0126e-08
83.61,0.00010987,83.564,69.097,5.0285e-08
84.15,0.00010929,84.104,69.367,4.9755e-08
84.83,0.00010793,84.784,69.707,4.8522e-08
85.725,0.00010552,85.68,70.155,4.638e-08
86.688,0.0001024,86.643,70.637,4.3675e-08
87.662,9.877e-05,87.619,71.125,4.0636e-08
88.604,9.4944e-05,88.562,71.596,3.7549e-08
89.485,9.1203e-05,89.444,72.037,3.4648e-08
90.288,8.763e-05,90.248,72.439,3.1986e-08
91.007,8.4287e-05,90.969,72.8,2.9593e-08
91.645,8.1297e-05,91.608,73.119,2.7531e-08
92.22,7.8622e-05,92.184,73.407,2.5749e-08
92.709,7.6322e-05,92.674,73.652,2.4264e-08
93.107,7.4405e-05,93.073,73.851,2.3061e-08
93.408,7.2835e-05,93.374,74.002,2.2098e-08
93.621,7.1465e-05,93.587,74.109,2.1275e-08
93.714,7.0507e-05,93.681,74.155,2.0709e-08
93.698,6.9951e-05,93.666,74.148,2.0383e-08
93.591,6.9734e-05,93.559,74.094,2.0257e-08
93.409,6.9777e-05,93.377,74.003,2.0282e-08
93.162,7.0092e-05,93.129,73.879,2.0465e-08
92.848,7.0678e-05,92.815,73.722,2.0809e-08
92.46,7.149e-05,92.427,73.529,2.129e-08
91.981,7.2536e-05,91.948,73.289,2.1918e-08
91.415,7.3866e-05,91.381,73.005,2.2729e-08
90.772,7.5492e-05,90.737,72.684,2.374e-08
90.074,7.7406e-05,90.039,72.334,2.4959e-08
89.322,7.9636e-05,89.286,71.958,2.6419e-08
88.566,8.2103e-05,88.529,71.58,2.8081e-08
87.816,8.4797e-05,87.779,71.205,2.9954e-08
87.068,8.7624e-05,87.03,70.83,3.1984e-08
86.307,9.0516e-05,86.268,70.449,3.4131e-08
85.527,9.3607e-05,85.487,70.058,3.6501e-08
84.749,9.6926e-05,84.708,69.669,3.9136e-08
84.027,0.00010035,83.985,69.308,4.1949e-08
83.575,0.00010283,83.532,69.081,4.405e-08
83.239,0.00010517,83.195,68.913,4.6073e-08
83.056,0.00010722,83.011,68.821,4.7892e-08
83.053,0.0001088,83.008,68.819,4.9314e-08
83.239,0.0001097,83.193,68.912,5.0126e-08
83.61,0.00010987,83.564,69.097,5.0285e-08
84.15,0.00010929,84.104,69.367,4.9755e-08
84.83,0.00010793,84.784,69.707,4.8522e-08
85.725,0.00010552,85.68,70.155,4.638e-08
86.688,0.0001024,86.643,70.637,4.3675e-08
87.662,9.877e-05,87.619,71.125,4.0636e-08
88.604,9.4944e-05,88.562,71.596,3.7549e-08
89.485,9.1203e-05,89.444,72.037,3.4648e-08
90.288,8.763e-05,90.248,72.439,3.1986e-08
91.007,8.4287e-05,90.969,72.8,2.9593e-08
91.645,8.1297e-05,91.608,73.119,2.7531e-08
92.22,7.8622e-05,92.184,73.407,2.5749e-08
92.709,7.6322e-05,92.674,73.652,2.4264e-08
93.107,7.4405e-05,93.073,73.851,2.3061e-08
93.408,7.2835e-05,93.374,74.002,2.2098e-08
93.621,7.1465e-05,93.587,74.109,2.1275e-08
93.714,7.0507e-05,93.681,74.155,2.0709e-08
93.698,6.9951e-05,93.666,74.148,2.0383e-08
93.591,6.9734e-05,93.559,74.094,2.0257e-08
93.409,6.9777e-05,93.377,74.003,2.0282e-08
93.162,7.0092e-05,93.129,73.879,2.0465e-08
92.848,7.0678e-05,92.815,73.722,2.0809e-08
92.46,7.149e-05,92.427,73.529,2.129e-08
91.981,7.2536e-05,91.948,73.289,2.1918e-08
91.415,7.3866e-05,91.381,73.005,2.2729e-08
90.772,7.5492e-05,90.737,72.684,2.374e-08
90.074,7.7406e-05,90.039,72.334,2.4959e-08
89.322,7.9636e-05,89.286,71.958,2.6419e-08
88.566,8.2103e-05,88.529,71.58,2.8081e-08
87.816,8.4797e-05,87.779,71.205,2.9954e-08
87.068,8.7624e-05,87.03,70.83,3.1984e-08
86.307,9.0516e-05,86.268,70.449,3.4131e-08
85.527,9.3607e-05,85.487,70.058,3.6501e-08
84.749,9.6926e-05,84.708,69.669,3.9136e-08
84.027,0.00010035,83.985,69.308,4.1949e-08
83.575,0.00010283,83.532,69.081,4.405e-08
83.239,0.00010517,83.195,68.913,4.6073e-08
83.056,0.00010722,83.011,68.821,4.7892e-08
83.053,0.0001088,83.008,68.819,4.9314e-08
83.239,0.0001097,83.193,68.912,5.0126e-08
83.61,0.00010987,83.564,69.097,5.0285e-08
84.15,0.00010929,84.104,69.367,4.9755e-08
84.83,0.00010793,84.784,69.707,4.8522e-08
85.725,0.00010552,85.68,70.155,4.638e-08
86.688,0.0001024,86.643,70.637,4.3675e-08
87.662,9.877e-05,87.619,71.125,4.0636e-08
88.604,9.4944e-05,88.562,71.596,3.7549e-08
89.485,9.1203e-05,89.444,72.037,3.4648e-08
90.288,8.763e-05,90.248,72.439,3.1986e-08
91.007,8.4287e-05,90.969,72.8,2.9593e-08
91.645,8.1297e-05,91.608,73.119,2.7531e-08
92.22,7.8622e-05,92.184,73.407,2.5749e-08
92.709,7.6322e-05,92.674,73.652,2.4264e-08
93.107,7.4405e-05,93.073,73.851,2.3061e-08
93.408,7.2835e-05,93.374,74.002,2.2098e-08
93.621,7.1465e-05,93.587,74.109,2.1275e-08
93.714,7.0507e-05,93.681,74.155,2.0709e-08
93.698,6.9951e-05,93.666,74.148,2.0383e-08
93.591,6.9734e-05,93.559,74.094,2.0257e-08
93.409,6.9777e-05,93.377,74.003,2.0282e-08
93.162,7.0092e-05,93.129,73.879,2.0465e-08
92.848,7.0678e-05,92.815,73.722,2.0809e-08
92.46,7.149e-05,92.427,73.529,2.129e-08
91.981,7.2536e-05,91.948,73.289,2.1918e-08
91.415,7.3866e-05,91.381,73.005,2.2729e-08
90.772,7.5492e-05,90.737,72.684,2.374e-08
90.074,7.7406e-05,90.039,72.334,2.4959e-08
89.322,7.9636e-05,89.286,71.958,2.6419e-08
88.566,8.2103e-05,88.529,71.58,2.8081e-08
87.816,8.4797e-05,87.779,71.205,2.9954e-08
87.068,8.7624e-05,87.03,70.83,3.1984e-08
86.307,9.0516e-05,86.268,70.449,3.4131e-08
85.527,9.3607e-05,85.487,70.058,3.6501e-08
84.749,9.6926e-05,84.708,69.669,3.9136e-08
84.027,0.00010035,83.985,69.308,4.1949e-08
83.575,0.00010283,83.532,69.081,4.405e-08
83.239,0.00010517,83.195,68.913,4.6073e-08
83.056,0.00010722,83.011,68.821,4.7892e-08
83.053,0.0001088,83.008,68.819,4.9314e-08
83.239,0.0001097,83.193,68.912,5.0126e-08
83.61,0.00010987,83.564,69.097,5.0285e-08
84.15,0.00010929,84.104,69.367,4.9755e-08
84.83,0.00010793,84.784,69.707,4.8522e-08
85.725,0.00010552,85.68,70.155,4.638e-08
86.688,0.0001024,86.643,70.637,4.3675e-08
87.662,9.877e-05,87.619,71.125,4.0636e-08
88.604,9.4944e-05,88.562,71.596,3.7549e-08
89.485,9.1203e-05,89.444,72.037,3.4648e-08
90.288,8.763e-05,90.248,72.439,3.1986e-08
91.007,8.4287e-05,90.969,72.8,2.9593e-08
91.645,8.1297e-05,91.608,73.119,2.7531e-08
92.22,7.8622e-05,92.184,73.407,2.5749e-08
92.709,7.6322e-05,92.674,73.652,2.4264e-08
93.107,7.4405e-05,93.073,73.851,2.3061e-08
93.408,7.2835e-05,93.374,74.002,2.2098e-08
93.621,7.1465e-05,93.587,74.109,2.1275e-08
93.714,7.0507e-05,93.681,74.155,2.0709e-08
93.698,6.9951e-05,93.666,74.148,2.0383e-08
93.591,6.9734e-05,93.559,74.094,2.0257e-08
93.409,6.9777e-05,93.377,74.003,2.0282e-08
93.162,7.0092e-05,93.129,73.879,2.0465e-08
92.848,7.0678e-05,92.815,73.722,2.0809e-08
92.46,7.149e-05,92.427,73.529,2.129e-08
91.981,7.2536e-05,91.948,73.289,2.1918e-08
91.415,7.3866e-05,91.381,73.005,2.2729e-08
90.772,7.5492e-05,90.737,72.684,2.374e-08
90.074,7.7406e-05,90.039,72.334,2.4959e-08
89.906,7.7892e-05,89.871,72.251,2.5274e-08
89.737,7.8392e-05,89.702,72.166,2.5599e-08
89.568,7.8904e-05,89.532,72.081,2.5935e-08
89.398,7.9429e-05,89.362,71.996,2.6281e-08
