150,0.0080419,148.39,65.835,0.0097571
150.97,0.0080284,149.36,65.494,0.0097573
151.86,0.0080127,150.26,65.166,0.0097532
152.7,0.0079941,151.1,64.846,0.0097441
153.5,0.0079697,151.89,64.515,0.0097267
154.28,0.007936,152.68,64.151,0.0096966
155.05,0.0078934,153.45,63.754,0.0096547
155.78,0.0078479,154.19,63.356,0.0096082
156.42,0.0078116,154.83,63.021,0.0095719
156.92,0.0078012,155.33,62.836,0.0095668
157.13,0.007841,155.54,62.943,0.009622
156.98,0.0079489,155.37,63.436,0.0097594
156.41,0.0081366,154.77,64.361,0.0099935
155.55,0.008381,153.87,65.577,0.010296
154.39,0.008691,152.66,67.096,0.010677
153,0.0090577,151.22,68.843,0.011128
151.47,0.009468,149.62,70.73,0.01163
149.9,0.0098952,148,72.621,0.012152
148.33,0.010335,146.37,74.493,0.012689
146.8,0.010776,144.77,76.299,0.013227
145.34,0.01121,143.25,78.013,0.013755
143.47,0.01178,141.31,80.171,0.014447
141.76,0.01232,139.52,82.134,0.015101
140.21,0.012821,137.9,83.889,0.015708
138.85,0.01327,136.48,85.414,0.01625
137.82,0.013614,135.41,86.553,0.016664
136.96,0.013903,134.51,87.492,0.017011
136.26,0.014137,133.78,88.246,0.017292
135.69,0.014323,133.19,88.84,0.017514
135.24,0.014466,132.73,89.3,0.017685
134.91,0.014569,132.38,89.63,0.017806
134.7,0.014625,132.16,89.82,0.017872
134.63,0.014626,132.1,89.842,0.017871
134.74,0.014565,132.21,89.676,0.017796
135.01,0.014444,132.5,89.325,0.017648
135.43,0.014273,132.94,88.812,0.01744
135.95,0.014068,133.48,88.188,0.017192
136.53,0.013847,134.09,87.498,0.016925
137.12,0.01363,134.71,86.809,0.016663
137.69,0.013424,135.31,86.143,0.016414
138.27,0.013226,135.91,85.487,0.016174
138.91,0.013009,136.58,84.759,0.015913
139.6,0.012781,137.3,83.979,0.015638
140.31,0.012553,138.05,83.18,0.015363
140.96,0.012353,138.72,82.467,0.015123
141.35,0.012239,139.12,82.051,0.014985
141.48,0.012208,139.25,81.928,0.014949
141.28,0.012284,139.05,82.187,0.015041
140.71,0.012479,138.45,82.869,0.015279
139.83,0.012779,137.53,83.903,0.015642
138.66,0.01318,136.3,85.256,0.016128
137.27,0.013667,134.85,86.849,0.016716
135.74,0.014218,133.26,88.589,0.01738
134.27,0.014767,131.71,90.266,0.018041
132.79,0.015331,130.17,91.926,0.018718
131.36,0.015892,128.67,93.528,0.019391
130,0.016441,127.24,95.047,0.020047
128.24,0.017165,125.4,96.987,0.020913
126.63,0.017845,123.71,98.744,0.021722
125.18,0.018467,122.19,100.31,0.02246
123.92,0.019015,120.87,101.65,0.023107
122.98,0.019422,119.89,102.63,0.023587
122.2,0.01975,119.08,103.42,0.023972
121.59,0.02,118.44,104.02,0.024262
121.12,0.020178,117.95,104.46,0.024468
120.78,0.020297,117.59,104.77,0.024602
120.54,0.020359,117.35,104.94,0.02467
120.43,0.020361,117.24,104.99,0.024666
120.46,0.020292,117.28,104.87,0.024578
120.65,0.020138,117.49,104.56,0.02439
121.03,0.019899,117.89,104.06,0.024102
121.56,0.019586,118.46,103.38,0.023726
122.22,0.019224,119.16,102.57,0.023293
122.98,0.018825,119.96,101.66,0.022816
123.75,0.018434,120.78,100.74,0.022349
124.51,0.018064,121.58,99.841,0.021907
125.27,0.017708,122.38,98.96,0.021483
126.1,0.017331,123.25,98.001,0.021033
126.99,0.016942,124.19,96.988,0.02057
127.9,0.016557,125.15,95.96,0.020112
128.73,0.016221,126.02,95.038,0.019712
129.25,0.016023,126.55,94.48,0.019477
129.48,0.015948,126.8,94.254,0.019389
129.35,0.016025,126.66,94.45,0.019484
128.82,0.016271,126.1,95.107,0.019781
127.97,0.016655,125.2,96.125,0.020242
126.83,0.017171,124,97.464,0.020859
125.48,0.017792,122.58,99.035,0.021602
124.01,0.018488,121.03,100.74,0.022432
122.62,0.019158,119.57,102.32,0.023228
121.25,0.019836,118.12,103.88,0.024032
119.93,0.020505,116.73,105.38,0.024824
118.67,0.021153,115.4,106.79,0.02559
117.13,0.021962,113.78,108.5,0.026542
115.71,0.022715,112.29,110.05,0.027425
114.45,0.023398,110.95,111.42,0.028223
113.34,0.023995,109.78,112.6,0.028918
112.45,0.024466,108.85,113.52,0.029462
111.74,0.024831,108.11,114.24,0.029882
111.19,0.025093,107.54,114.76,0.03018
110.8,0.025261,107.13,115.11,0.030366
110.53,0.02535,106.85,115.32,0.030461
110.37,0.025368,106.7,115.4,0.030473
110.34,0.025311,106.67,115.35,0.030397
110.44,0.025168,106.79,115.14,0.030221
110.72,0.024919,107.09,114.73,0.029922
111.18,0.024561,107.59,114.11,0.029496
111.82,0.024109,108.27,113.31,0.028961
112.58,0.023594,109.08,112.36,0.028352
113.47,0.023023,110.03,111.28,0.027678
114.39,0.022465,111,110.19,0.027021
115.29,0.021938,111.95,109.13,0.0264
116.19,0.021433,112.9,108.08,0.025806
117.14,0.020917,113.91,106.98,0.025199
118.15,0.020392,114.98,105.83,0.024581
119.18,0.019876,116.07,104.67,0.023974
120.13,0.019424,117.06,103.62,0.023443
120.74,0.019149,117.7,102.96,0.023122
121.07,0.019024,118.04,102.65,0.022977
121.03,0.019084,117.99,102.76,0.023052
120.58,0.019346,117.52,103.34,0.023367
119.81,0.019773,116.7,104.29,0.023875
118.75,0.020354,115.58,105.56,0.024566
117.48,0.021061,114.23,107.08,0.025403
116.07,0.021854,112.74,108.72,0.02634
114.75,0.022615,111.35,110.26,0.027236
113.44,0.023386,109.96,111.77,0.028142
112.18,0.024144,108.62,113.22,0.029031
110.97,0.024877,107.34,114.58,0.029887
109.46,0.025812,105.74,116.28,0.030975
108.08,0.026674,104.28,117.8,0.031973
106.84,0.027449,102.98,119.15,0.032867
105.78,0.028117,101.85,120.29,0.033633
104.95,0.028623,100.98,121.15,0.034209
104.29,0.029005,100.3,121.81,0.03464
103.8,0.029264,99.786,122.27,0.034927
103.47,0.029411,99.438,122.55,0.035085
103.26,0.029465,99.224,122.69,0.035135
103.16,0.029437,99.133,122.7,0.03509
103.18,0.029324,99.167,122.58,0.034949
103.34,0.029115,99.345,122.3,0.034696
103.68,0.02878,99.712,121.81,0.034298
104.2,0.028317,100.28,121.12,0.033754
104.91,0.027743,101.04,120.22,0.033083
105.75,0.027095,101.94,119.18,0.032326
106.75,0.026372,103,117.97,0.031482
107.76,0.025667,104.08,116.75,0.03066
108.77,0.025002,105.15,115.57,0.029886
109.77,0.024367,106.21,114.4,0.029147
110.8,0.023742,107.3,113.22,0.028421
111.88,0.02311,108.45,111.98,0.027686
112.99,0.022493,109.61,110.74,0.026968
114.01,0.02195,110.68,109.61,0.026337
114.94,0.021497,111.66,108.63,0.025813
115.11,0.021484,111.83,108.55,0.025806
114.36,0.021994,111.03,109.54,0.026414
112.77,0.022997,109.33,111.5,0.027599
111.19,0.024001,107.65,113.4,0.028778
109.46,0.025119,105.82,115.45,0.030087
107.72,0.026271,103.98,117.47,0.031429
106.06,0.027395,102.22,119.39,0.032734
104.53,0.028454,100.59,121.14,0.033957
103.12,0.029433,99.098,122.71,0.035082
101.86,0.030318,97.761,124.11,0.036094
100.76,0.031088,96.593,125.3,0.03697
99.833,0.03172,95.62,126.28,0.037682
99.107,0.032192,94.857,127.02,0.038209
98.58,0.032501,94.308,127.52,0.038547
98.234,0.03266,93.951,127.81,0.038713
98.041,0.032694,93.757,127.92,0.038737
97.982,0.032621,93.707,127.88,0.038637
98.06,0.03244,93.801,127.68,0.038416
98.297,0.032136,94.064,127.3,0.038055
98.705,0.031708,94.509,126.73,0.037553
99.303,0.031142,95.155,125.95,0.036895
100.08,0.03046,95.986,124.97,0.036104
100.98,0.029704,96.957,123.85,0.03523
101.99,0.02891,98.028,122.63,0.034312
103.01,0.028139,99.115,121.4,0.033423
104.02,0.02741,100.19,120.21,0.032582
105.03,0.026715,101.26,119.03,0.031781
106.11,0.025997,102.41,117.78,0.030954
107.25,0.025274,103.62,116.48,0.03012
108.42,0.024565,104.86,115.16,0.029303
109.51,0.023935,106.01,113.95,0.028577
110.24,0.02354,106.77,113.16,0.028124
110.72,0.023315,107.27,112.69,0.027868
110.86,0.023298,107.41,112.62,0.027857
110.61,0.023515,107.14,112.99,0.028117
110.05,0.023926,106.54,113.74,0.028604
109.2,0.024523,105.63,114.81,0.029305
108.11,0.025276,104.47,116.15,0.030187
106.86,0.026145,103.14,117.66,0.031202
105.63,0.027022,101.82,119.14,0.032222
104.37,0.027924,100.49,120.63,0.033267
103.15,0.028821,99.183,122.07,0.034304
101.97,0.029692,97.932,123.44,0.035307
100.5,0.030797,96.367,125.13,0.036573
99.151,0.031815,94.938,126.65,0.037735
97.939,0.032734,93.654,128,0.038777
96.878,0.033534,92.531,129.16,0.039678
95.987,0.03419,91.591,130.11,0.040412
95.285,0.034681,90.854,130.83,0.040955
94.775,0.035001,90.322,131.32,0.041301
94.444,0.035162,89.981,131.6,0.041466
94.27,0.03519,89.807,131.69,0.041481
94.214,0.035115,89.759,131.66,0.04138
94.272,0.034945,89.832,131.49,0.041171
94.458,0.034668,90.041,131.17,0.040843
94.796,0.034267,90.411,130.68,0.040375
95.306,0.03373,90.965,130,0.039752
95.992,0.033062,91.704,129.11,0.038983
96.827,0.032295,92.601,128.06,0.038102
97.684,0.031547,93.519,127.01,0.037244
98.584,0.030794,94.481,125.91,0.036381
99.495,0.030064,95.452,124.82,0.035545
100.4,0.029368,96.415,123.74,0.034749
101.2,0.028773,97.271,122.8,0.034067
102.02,0.028189,98.138,121.85,0.033399
102.86,0.027606,99.029,120.88,0.032733
103.73,0.027022,99.951,119.89,0.032065
104.61,0.026448,100.88,118.89,0.031408
105.49,0.025901,101.8,117.91,0.030782
106.3,0.025412,102.66,117.02,0.030222
106.98,0.025019,103.38,116.27,0.029775
107.49,0.024759,103.91,115.76,0.029482
107.72,0.024679,104.15,115.57,0.029397
107.65,0.024802,104.06,115.75,0.029548
107.25,0.025134,103.64,116.31,0.029942
106.59,0.025641,102.92,117.17,0.030537
105.69,0.026309,101.97,118.31,0.031318
104.62,0.027108,100.82,119.64,0.032248
103.43,0.028,99.548,121.08,0.033283
102.21,0.02893,98.244,122.56,0.034358
100.98,0.029874,96.938,124.02,0.035445
99.792,0.030803,95.671,125.42,0.036513
98.659,0.0317,94.464,126.75,0.037538
97.089,0.032953,92.795,128.55,0.038964
95.678,0.034087,91.297,130.15,0.040246
94.44,0.035079,89.985,131.53,0.041361
93.398,0.035899,88.884,132.66,0.042274
92.693,0.03643,88.142,133.39,0.042859
92.157,0.036803,87.581,133.93,0.043264
91.784,0.037022,87.194,134.27,0.043492
91.557,0.037101,86.965,134.43,0.043564
91.455,0.037066,86.867,134.44,0.043507
91.464,0.03693,86.889,134.33,0.043336
91.587,0.036694,87.031,134.09,0.043054
91.84,0.036346,87.311,133.7,0.042647
92.276,0.035835,87.787,133.09,0.042056
92.902,0.03517,88.464,132.27,0.041293
93.709,0.034369,89.333,131.24,0.040377
94.661,0.033477,90.354,130.05,0.03936
95.813,0.032455,91.586,128.64,0.038196
96.993,0.031464,92.846,127.22,0.037067
98.164,0.030531,94.093,125.83,0.036006
99.336,0.029644,95.338,124.46,0.034998
100.48,0.028817,96.551,123.14,0.034057
101.68,0.027987,97.819,121.78,0.033113
102.89,0.027183,99.103,120.41,0.032198
104.02,0.026474,100.29,119.16,0.031392
105.07,0.025874,101.4,118.05,0.030714
105.44,0.025757,101.78,117.76,0.030595
104.96,0.026218,101.25,118.49,0.031144
103.69,0.027237,99.883,120.15,0.032334
101.86,0.028667,97.928,122.43,0.033993
99.787,0.030314,95.715,124.94,0.035891
97.726,0.031991,93.517,127.41,0.037811
95.82,0.033571,91.486,129.64,0.039608
94.511,0.034667,90.093,131.15,0.040847
93.325,0.035661,88.834,132.49,0.041965
92.273,0.036539,87.719,133.67,0.042945
91.37,0.037279,86.765,134.65,0.043765
90.637,0.037857,85.993,135.42,0.044398
90.084,0.038258,85.414,135.98,0.04483
89.706,0.038485,85.023,136.32,0.045066
89.487,0.038556,84.801,136.47,0.045126
89.399,0.038495,84.721,136.46,0.045037
89.443,0.03831,84.78,136.3,0.04481
89.622,0.038002,84.984,135.99,0.044447
89.959,0.037554,85.355,135.49,0.043927
90.447,0.036984,85.885,134.83,0.043273
91.111,0.036269,86.603,133.96,0.042459
91.937,0.035434,87.491,132.91,0.041509
92.887,0.034522,88.51,131.73,0.040475
93.956,0.033548,89.654,130.42,0.039369
95.047,0.032602,90.818,129.1,0.038298
96.13,0.031708,91.972,127.81,0.037285
97.211,0.030857,93.121,126.55,0.036322
98.436,0.029936,94.421,125.13,0.03528
99.721,0.029012,95.783,123.66,0.034234
101.03,0.028112,97.172,122.17,0.033215
102.26,0.027319,98.466,120.81,0.032317
103.03,0.026857,99.274,119.99,0.031796
103.55,0.026587,99.813,119.48,0.031497
103.74,0.026552,100,119.36,0.031468
103.56,0.026775,99.805,119.68,0.031736
103.05,0.027225,99.256,120.39,0.032264
102.25,0.027886,98.397,121.43,0.033035
101.22,0.028726,97.287,122.75,0.03401
100.02,0.0297,96.006,124.24,0.035134
98.826,0.03068,94.73,125.7,0.03626
97.614,0.031688,93.436,127.17,0.037415
96.424,0.03269,92.165,128.6,0.03856
95.283,0.033662,90.948,129.95,0.039664
93.837,0.034906,89.408,131.64,0.041071
92.52,0.036046,88.007,133.16,0.042353
91.34,0.037067,86.754,134.5,0.043494
90.31,0.037948,85.664,135.64,0.044471
89.452,0.038663,84.758,136.57,0.045256
88.785,0.039187,84.057,137.26,0.045824
88.312,0.039511,83.566,137.71,0.046166
88.023,0.03965,83.27,137.95,0.046299
87.895,0.039637,83.145,138,0.046266
87.883,0.039511,83.145,137.91,0.046106
87.981,0.039281,83.261,137.69,0.04583
88.2,0.03894,83.506,137.34,0.045432
88.561,0.038469,83.901,136.82,0.04489
89.085,0.037854,84.471,136.12,0.044189
89.779,0.037099,85.219,135.21,0.043332
90.625,0.036231,86.128,134.14,0.042349
91.819,0.035072,87.409,132.66,0.041039
93.087,0.033914,88.764,131.12,0.039731
94.36,0.032816,90.121,129.59,0.038492
95.626,0.031784,91.468,128.1,0.037328
97.012,0.030713,92.94,126.49,0.03612
98.474,0.02964,94.488,124.82,0.03491
99.962,0.028607,96.062,123.14,0.033743
101.3,0.027739,97.473,121.66,0.032765
102.22,0.027217,98.433,120.72,0.032183
102.46,0.027194,98.676,120.59,0.032175
101.91,0.02774,98.079,121.41,0.03282
100.64,0.02882,96.712,123.08,0.034075
98.771,0.030382,94.706,125.43,0.035878
96.674,0.032158,92.464,128,0.037913
94.611,0.033944,90.26,130.48,0.039945
92.721,0.035607,88.245,132.71,0.041823
91.452,0.036731,86.895,134.18,0.043084
90.31,0.037744,85.682,135.48,0.044212
89.304,0.038627,84.616,136.61,0.04519
88.451,0.039358,83.715,137.54,0.045993
87.772,0.039912,83.001,138.25,0.046594
87.273,0.040279,82.48,138.74,0.046982
86.948,0.040464,82.146,139.03,0.047168
86.777,0.040489,81.977,139.12,0.047175
86.737,0.040383,81.946,139.07,0.047036
86.818,0.040159,82.045,138.87,0.046766
87.025,0.039814,82.278,138.52,0.046364
87.38,0.039334,82.667,138.01,0.045811
87.883,0.038725,83.214,137.32,0.045118
88.555,0.037972,83.939,136.45,0.044266
89.383,0.037099,84.83,135.39,0.043279
90.332,0.036147,85.849,134.21,0.042206
91.432,0.0351,87.026,132.85,0.041026
92.557,0.034083,88.227,131.49,0.039881
93.675,0.033121,89.418,130.16,0.038799
94.79,0.032207,90.604,128.85,0.037772
96.08,0.0312,91.973,127.35,0.036639
97.435,0.030191,93.408,125.8,0.035503
98.816,0.029213,94.869,124.24,0.034402
100.09,0.028362,96.216,122.82,0.033445
100.86,0.02789,97.026,122,0.032917
101.36,0.027629,97.548,121.52,0.032631
101.52,0.027625,97.703,121.45,0.03264
101.3,0.027899,97.455,121.84,0.032968
100.74,0.028415,96.848,122.62,0.033571
99.884,0.029155,95.929,123.74,0.034429
98.8,0.030077,94.766,125.12,0.035495
97.564,0.031132,93.442,126.66,0.036707
96.377,0.032156,92.171,128.13,0.037878
95.182,0.033199,90.893,129.58,0.039067
94.016,0.034228,89.648,130.98,0.040236
92.903,0.035221,88.461,132.31,0.041357
91.388,0.036583,86.846,134.09,0.042889
90.025,0.037814,85.396,135.66,0.044263
88.825,0.038892,84.123,137.02,0.045458
87.81,0.039787,83.049,138.14,0.046442
87.006,0.040464,82.203,139,0.047176
86.428,0.040902,81.599,139.58,0.047641
86.069,0.041107,81.23,139.89,0.047845
85.904,0.041109,81.068,139.97,0.047823
85.892,0.040971,81.069,139.87,0.047648
86.005,0.040711,81.201,139.64,0.047339
86.249,0.040325,81.473,139.25,0.04689
86.648,0.039793,81.911,138.68,0.046283
87.176,0.039159,82.483,137.97,0.045563
87.862,0.03839,83.223,137.08,0.044694
88.69,0.037511,84.113,136.03,0.043705
89.627,0.036566,85.118,134.86,0.042641
90.687,0.035546,86.252,133.56,0.041496
91.767,0.034557,87.406,132.25,0.040385
92.842,0.03362,88.551,130.97,0.039333
93.914,0.032729,89.69,129.7,0.038332
95.237,0.031679,91.096,128.17,0.037153
96.629,0.030628,92.57,126.57,0.035973
98.05,0.029607,94.074,124.96,0.034827
99.366,0.02872,95.463,123.5,0.033831
100.14,0.028243,96.272,122.68,0.033298
100.64,0.027977,96.799,122.19,0.033007
100.81,0.027965,96.968,122.1,0.033007
100.61,0.02823,96.739,122.47,0.033325
100.07,0.02874,96.153,123.23,0.033921
99.233,0.029476,95.254,124.33,0.034774
98.166,0.030398,94.108,125.7,0.035839
96.944,0.031457,92.799,127.23,0.037053
95.762,0.03249,91.533,128.69,0.038234
94.569,0.033545,90.257,130.15,0.039435
93.404,0.034588,89.012,131.56,0.040618
92.291,0.035594,87.824,132.89,0.041754
90.829,0.036926,86.265,134.61,0.04325
89.507,0.038136,84.859,136.14,0.0446
88.334,0.039204,83.614,137.48,0.045783
87.329,0.040106,82.55,138.59,0.046774
86.514,0.04081,81.691,139.47,0.047538
85.907,0.041292,81.055,140.09,0.048052
85.508,0.04155,80.643,140.46,0.048315
85.297,0.041608,80.431,140.6,0.048355
85.242,0.041519,80.385,140.56,0.048236
85.3,0.041316,80.46,140.39,0.04799
85.472,0.041001,80.655,140.09,0.047622
85.774,0.040564,80.987,139.64,0.047119
86.228,0.039983,81.482,139.01,0.046459
86.851,0.039251,82.157,138.19,0.045631
87.64,0.038381,83.006,137.18,0.044653
88.566,0.037414,84,136.01,0.043566
89.613,0.036375,85.122,134.71,0.0424
90.7,0.035349,86.283,133.39,0.041249
91.789,0.03437,87.444,132.08,0.040152
92.871,0.033443,88.596,130.8,0.039113
93.821,0.032663,89.606,129.69,0.038239
94.799,0.031889,90.644,128.55,0.037371
95.814,0.031115,91.719,127.39,0.036503
96.851,0.03035,92.817,126.21,0.035646
97.828,0.029659,93.85,125.11,0.03487
98.732,0.029049,94.803,124.11,0.034187
99.489,0.028571,95.599,123.29,0.033654
100.02,0.028274,96.158,122.76,0.033327
100.26,0.028197,96.399,122.58,0.033252
100.22,0.028325,96.35,122.73,0.03341
99.909,0.028661,96.004,123.22,0.033807
99.327,0.0292,95.374,124.01,0.034434
98.41,0.030011,94.387,125.21,0.035372
97.282,0.030996,93.178,126.65,0.036505
96.025,0.032099,91.831,128.22,0.037769
94.714,0.033264,90.426,129.84,0.039096
93.498,0.034356,89.127,131.32,0.040337
92.325,0.035422,87.874,132.73,0.041542
91.215,0.03644,86.689,134.05,0.042687
90.178,0.037397,85.584,135.27,0.043759
89.069,0.038421,84.404,136.56,0.0449
88.067,0.039345,83.34,137.7,0.045923
87.18,0.040154,82.4,138.7,0.046812
86.421,0.04083,81.598,139.53,0.047549
85.734,0.04141,80.876,140.26,0.048174
85.239,0.041782,80.36,140.74,0.048565
84.929,0.041955,80.042,141.01,0.048734
84.781,0.041954,79.898,141.08,0.048709
84.768,0.041816,79.897,140.99,0.048535
84.875,0.041558,80.023,140.76,0.048229
85.108,0.041177,80.284,140.38,0.047788
85.488,0.040656,80.7,139.84,0.047193
86.01,0.040012,81.266,139.13,0.046463
86.696,0.039223,82.006,138.24,0.045575
87.532,0.038315,82.906,137.17,0.044555
88.486,0.037331,83.929,135.98,0.043452
89.592,0.036246,85.113,134.62,0.042236
90.722,0.035193,86.32,133.25,0.041056
91.847,0.034197,87.518,131.9,0.039941
92.969,0.03325,88.711,130.58,0.038882
94.304,0.032177,90.128,129.03,0.03768
95.707,0.031103,91.615,127.42,0.036478
97.137,0.030065,93.127,125.8,0.035314
98.453,0.029167,94.516,124.34,0.03431
99.257,0.028667,95.36,123.49,0.033753
99.754,0.028413,95.877,123.02,0.033479
99.866,0.028455,95.983,123.02,0.033542
99.558,0.028813,95.642,123.52,0.033967
98.998,0.029341,95.036,124.29,0.034581
98.202,0.030054,94.178,125.34,0.035406
97.219,0.030921,93.123,126.6,0.036404
96.109,0.031901,91.932,128,0.037527
94.938,0.032943,90.679,129.46,0.038716
93.754,0.03401,89.411,130.91,0.039929
92.594,0.035066,88.171,132.32,0.041125
91.485,0.036087,86.986,133.65,0.042275
90.077,0.037392,85.485,135.31,0.043739
88.797,0.038584,84.123,136.8,0.045067
87.653,0.039646,82.908,138.11,0.046242
86.66,0.040556,81.856,139.22,0.047241
85.837,0.041287,80.988,140.12,0.048035
85.203,0.041814,80.322,140.78,0.048599
84.763,0.042129,79.865,141.2,0.048926
84.504,0.042247,79.602,141.41,0.049033
84.403,0.042206,79.506,141.43,0.048966
84.418,0.042043,79.535,141.31,0.048765
84.544,0.041771,79.681,141.06,0.048443
84.789,0.041382,79.954,140.68,0.047994
85.174,0.040858,80.376,140.13,0.047398
85.722,0.040184,80.969,139.39,0.046636
86.437,0.039363,81.741,138.46,0.045713
87.303,0.038423,82.672,137.36,0.044659
88.489,0.037207,83.943,135.88,0.043296
89.749,0.035988,85.291,134.34,0.041932
91.019,0.034828,86.645,132.81,0.040634
92.282,0.033738,87.989,131.31,0.039415
93.276,0.032918,89.045,130.15,0.038499
94.303,0.032103,90.134,128.97,0.037587
95.368,0.031289,91.262,127.74,0.036676
96.45,0.030493,92.407,126.52,0.035784
97.325,0.029874,93.332,125.53,0.035092
98.127,0.029332,94.178,124.65,0.034487
98.801,0.028906,94.886,123.93,0.034013
99.291,0.028632,95.397,123.44,0.033712
99.546,0.028541,95.658,123.24,0.033621
99.533,0.028654,95.634,123.36,0.033763
99.243,0.028977,95.315,123.82,0.034145
98.688,0.029504,94.713,124.59,0.034758
97.783,0.030318,93.739,125.78,0.035699
96.659,0.031316,92.531,127.22,0.036845
95.397,0.032439,91.179,128.8,0.03813
94.076,0.033628,89.764,130.44,0.039484
92.866,0.03473,88.47,131.91,0.040734
91.698,0.035807,87.222,133.32,0.041949
90.591,0.036835,86.04,134.64,0.043105
89.556,0.037802,84.937,135.86,0.044186
88.444,0.038844,83.754,137.16,0.045345
87.438,0.039783,82.685,138.31,0.046384
86.548,0.040606,81.742,139.31,0.047287
85.786,0.041293,80.937,140.15,0.048036
85.093,0.041887,80.208,140.88,0.048674
84.595,0.042267,79.689,141.38,0.049072
84.284,0.042441,79.371,141.64,0.049241
84.14,0.042435,79.23,141.71,0.049211
84.132,0.04229,79.234,141.61,0.049029
84.245,0.042023,79.367,141.38,0.048712
84.485,0.04163,79.635,140.99,0.048259
84.872,0.041096,80.06,140.44,0.047649
85.4,0.040438,80.633,139.72,0.046907
86.092,0.039636,81.379,138.82,0.046005
86.934,0.038714,82.284,137.75,0.044971
87.892,0.037715,83.313,136.55,0.043853
89.002,0.036617,84.5,135.18,0.042624
90.136,0.03555,85.71,133.81,0.041432
91.264,0.034542,86.912,132.46,0.040304
92.389,0.033584,88.109,131.13,0.039234
93.733,0.032494,89.535,129.57,0.038016
95.144,0.031405,91.03,127.95,0.036798
96.581,0.030351,92.551,126.32,0.03562
97.906,0.029441,93.949,124.85,0.034602
98.707,0.028938,94.79,124,0.034044
99.21,0.028678,95.313,123.52,0.033763
99.338,0.028709,95.436,123.5,0.033814
99.055,0.029051,95.122,123.97,0.03422
98.515,0.02957,94.536,124.73,0.034825
97.736,0.030278,93.697,125.76,0.035643
96.767,0.031143,92.655,127.01,0.036638
95.667,0.032124,91.476,128.4,0.037762
94.502,0.033173,90.226,129.85,0.038958
93.319,0.034249,88.96,131.3,0.04018
92.159,0.035316,87.72,132.71,0.041387
91.047,0.036348,86.533,134.05,0.04255
89.626,0.037679,85.016,135.74,0.044041
88.334,0.038894,83.641,137.24,0.045393
87.181,0.039976,82.416,138.57,0.046589
86.179,0.040903,81.355,139.69,0.047605
85.35,0.041647,80.48,140.6,0.048412
84.713,0.042181,79.812,141.26,0.048984
84.272,0.042499,79.354,141.69,0.049312
84.015,0.042614,79.093,141.89,0.049415
83.919,0.042568,79.003,141.9,0.049343
83.939,0.042401,79.036,141.78,0.049137
84.068,0.042124,79.186,141.53,0.04881
84.315,0.04173,79.461,141.14,0.048356
84.701,0.041202,79.883,140.59,0.047756
85.247,0.040524,80.475,139.86,0.04699
85.96,0.039698,81.244,138.93,0.046063
86.823,0.038754,82.173,137.83,0.045005
87.995,0.037542,83.429,136.37,0.043649
89.242,0.036324,84.762,134.84,0.042288
90.5,0.035163,86.104,133.32,0.04099
91.752,0.034071,87.436,131.84,0.039771
92.784,0.033211,88.533,130.63,0.038811
93.851,0.032358,89.665,129.39,0.037858
94.959,0.031504,90.839,128.12,0.036904
96.084,0.030672,92.029,126.85,0.035974
96.959,0.030051,92.954,125.86,0.035279
97.759,0.02951,93.796,124.98,0.034676
98.426,0.029088,94.497,124.27,0.034207
98.906,0.02882,94.998,123.8,0.033914
99.149,0.02874,95.246,123.61,0.033835
99.124,0.028864,95.209,123.75,0.03399
98.821,0.029201,94.876,124.22,0.034387
98.255,0.029741,94.262,125.01,0.035015
97.351,0.03056,93.289,126.2,0.035962
96.236,0.031558,92.091,127.63,0.037108
94.988,0.032679,90.753,129.2,0.038389
93.683,0.033863,89.356,130.81,0.039736
92.475,0.034973,88.063,132.29,0.040993
91.308,0.036057,86.815,133.7,0.042216
90.202,0.037092,85.635,135.02,0.043378
89.169,0.038065,84.534,136.24,0.044465
88.06,0.039112,83.353,137.53,0.045629
87.056,0.040056,82.287,138.68,0.046671
86.168,0.040882,81.346,139.68,0.047578
85.409,0.041572,80.544,140.52,0.048328
84.719,0.042167,79.819,141.25,0.048967
84.223,0.042547,79.302,141.74,0.049365
83.915,0.04272,78.987,142,0.049532
83.774,0.042711,78.849,142.07,0.049498
83.769,0.042562,78.857,141.97,0.049311
83.885,0.04229,78.993,141.73,0.04899
84.128,0.041892,79.264,141.34,0.04853
84.518,0.041351,79.691,140.78,0.047915
85.049,0.040687,80.267,140.07,0.047165
85.743,0.039878,81.016,139.16,0.046256
86.588,0.038947,81.925,138.08,0.045213
87.549,0.03794,82.956,136.88,0.044087
88.663,0.036832,84.148,135.51,0.042848
89.8,0.035756,85.362,134.13,0.041647
90.933,0.034738,86.569,132.77,0.040511
92.062,0.033772,87.769,131.44,0.039432
93.41,0.032673,89.2,129.87,0.038205
94.825,0.031575,90.7,128.25,0.036979
96.267,0.030514,92.225,126.61,0.035792
97.596,0.029596,93.627,125.14,0.034768
98.401,0.029089,94.473,124.28,0.034205
98.907,0.028827,94.998,123.8,0.033923
99.034,0.02886,95.12,123.78,0.033976
98.748,0.029208,94.802,124.26,0.03439
98.206,0.029732,94.215,125.02,0.035
97.425,0.030446,93.373,126.06,0.035824
96.456,0.031317,92.332,127.31,0.036826
95.356,0.032305,91.152,128.7,0.037956
94.192,0.033359,89.904,130.15,0.039158
93.011,0.03444,88.639,131.6,0.040385
91.853,0.035512,87.401,133.01,0.041597
90.744,0.036548,86.216,134.35,0.042763
89.326,0.037884,84.704,136.03,0.044258
88.038,0.039102,83.333,137.53,0.045613
86.888,0.040186,82.111,138.85,0.04681
85.89,0.041115,81.054,139.98,0.047828
85.064,0.04186,80.183,140.88,0.048635
84.43,0.042394,79.517,141.54,0.049206
83.992,0.042711,79.062,141.96,0.049533
83.737,0.042825,78.804,142.16,0.049634
83.643,0.042777,78.716,142.17,0.049559
83.664,0.042607,78.751,142.05,0.049351
83.795,0.042326,78.902,141.8,0.04902
84.044,0.041929,79.179,141.41,0.048563
84.432,0.041397,79.603,140.86,0.047958
84.979,0.040714,80.197,140.12,0.047188
85.693,0.039884,80.967,139.19,0.046257
86.558,0.038934,81.897,138.09,0.045193
87.727,0.037719,83.151,136.63,0.043835
88.972,0.036498,84.481,135.1,0.042471
90.229,0.035332,85.822,133.59,0.04117
91.478,0.034236,87.152,132.1,0.039946
92.499,0.033383,88.236,130.91,0.038994
93.552,0.032535,89.354,129.69,0.038048
94.646,0.031688,90.512,128.43,0.037102
95.758,0.03086,91.689,127.17,0.036176
96.64,0.03023,92.621,126.18,0.035472
97.45,0.029677,93.475,125.28,0.034855
98.135,0.029239,94.194,124.55,0.034369
98.637,0.028953,94.719,124.05,0.034056
98.906,0.028852,94.995,123.83,0.033954
98.91,0.028956,94.988,123.94,0.034086
98.635,0.029272,94.685,124.38,0.03446
98.095,0.029795,94.099,125.13,0.035068
97.194,0.030619,93.128,126.32,0.036019
96.066,0.031633,91.916,127.77,0.037184
94.796,0.032778,90.555,129.37,0.038493
93.465,0.033992,89.129,131.02,0.039873
92.259,0.035105,87.838,132.49,0.041133
91.095,0.036191,86.593,133.9,0.042358
89.991,0.037229,85.416,135.22,0.043523
88.96,0.038204,84.317,136.44,0.044612
87.85,0.039256,83.135,137.73,0.04578
86.847,0.040204,82.07,138.89,0.046827
85.959,0.041034,81.128,139.89,0.047736
85.199,0.041727,80.326,140.72,0.04849
84.508,0.042325,79.599,141.46,0.049132
84.012,0.042707,79.083,141.95,0.049531
83.705,0.04288,78.768,142.21,0.049698
83.564,0.042869,78.631,142.27,0.049662
83.561,0.042718,78.641,142.17,0.049473
83.679,0.042443,78.779,141.93,0.049148
83.924,0.042041,79.052,141.54,0.048685
84.317,0.041496,79.482,140.98,0.048065
84.849,0.040828,80.06,140.26,0.047311
85.545,0.040014,80.811,139.35,0.046397
86.392,0.039079,81.721,138.27,0.04535
87.355,0.038067,82.754,137.07,0.044219
88.47,0.036954,83.947,135.69,0.042976
89.609,0.035873,85.163,134.31,0.04177
90.742,0.034851,86.371,132.95,0.040629
91.873,0.033881,87.574,131.62,0.039547
93.224,0.032777,89.007,130.05,0.038315
94.642,0.031674,90.51,128.42,0.037084
96.086,0.030607,92.038,126.78,0.035892
97.418,0.029686,93.442,125.31,0.034864
98.223,0.029177,94.288,124.45,0.0343
98.73,0.028914,94.815,123.97,0.034016
98.861,0.028944,94.941,123.94,0.034067
98.58,0.02929,94.629,124.42,0.034477
98.043,0.029813,94.046,125.17,0.035085
97.266,0.030526,93.208,126.2,0.03591
96.299,0.031398,92.169,127.45,0.036911
95.202,0.032387,90.992,128.84,0.038043
94.039,0.033443,89.745,130.29,0.039247
92.858,0.034527,88.481,131.74,0.040477
91.701,0.035603,87.243,133.15,0.041692
90.592,0.036642,86.058,134.49,0.042862
89.171,0.037985,84.543,136.18,0.044364
87.881,0.039209,83.17,137.69,0.045726
86.729,0.040299,81.946,139.01,0.046928
85.73,0.041232,80.888,140.13,0.04795
84.903,0.041979,80.015,141.04,0.04876
84.269,0.042516,79.349,141.7,0.049333
83.831,0.042833,78.895,142.12,0.04966
83.577,0.042946,78.638,142.32,0.04976
83.485,0.042896,78.551,142.33,0.049683
83.508,0.042725,78.588,142.2,0.049473
83.64,0.042442,78.741,141.95,0.04914
83.89,0.042042,79.018,141.56,0.048681
84.278,0.041509,79.443,141.01,0.048074
84.825,0.040824,80.037,140.27,0.047303
85.539,0.039992,80.807,139.34,0.046369
86.404,0.039039,81.737,138.24,0.045303
87.571,0.037823,82.988,136.78,0.043944
88.814,0.036601,84.317,135.26,0.042579
90.069,0.035434,85.656,133.74,0.041277
91.317,0.034336,86.984,132.26,0.040052
92.329,0.033487,88.059,131.07,0.039105
93.372,0.032645,89.166,129.86,0.038165
94.455,0.031803,90.313,128.62,0.037225
95.558,0.030978,91.481,127.37,0.036304
96.444,0.030342,92.417,126.37,0.035593
97.262,0.02978,93.28,125.47,0.034967
97.959,0.029331,94.011,124.72,0.034469
98.476,0.029032,94.553,124.2,0.034141
98.764,0.028917,94.848,123.96,0.034023
98.787,0.029007,94.862,124.04,0.034139
98.532,0.02931,94.579,124.46,0.034497
98.01,0.02982,94.012,125.19,0.035092
97.214,0.030552,93.155,126.25,0.035937
96.22,0.03145,92.086,127.53,0.036969
95.09,0.03247,90.873,128.96,0.038136
93.888,0.033564,89.585,130.46,0.039382
92.692,0.034664,88.305,131.93,0.04063
91.522,0.035752,87.054,133.36,0.041859
90.405,0.036803,85.86,134.7,0.04304
89.353,0.037797,84.738,135.95,0.044153
88.146,0.038944,83.452,137.37,0.04543
87.052,0.039982,82.29,138.63,0.046577
86.082,0.040895,81.26,139.73,0.047581
85.248,0.041664,80.379,140.66,0.048418
84.534,0.042293,79.627,141.42,0.049095
84.004,0.042718,79.074,141.96,0.049544
83.657,0.042941,78.716,142.28,0.049767
83.474,0.042981,78.533,142.39,0.049788
83.43,0.042873,78.499,142.34,0.049645
83.509,0.042636,78.596,142.14,0.049361
83.711,0.042275,78.825,141.8,0.048943
84.055,0.041776,79.202,141.3,0.048373
84.574,0.041105,79.767,140.58,0.047616
85.282,0.040264,80.532,139.65,0.04667
86.168,0.039274,81.486,138.52,0.045563
87.195,0.03819,82.587,137.23,0.044351
88.391,0.036993,83.866,135.76,0.043015
89.613,0.035835,85.171,134.28,0.041722
90.829,0.034745,86.466,132.82,0.040506
92.045,0.033709,87.759,131.39,0.039351
93.282,0.032705,89.071,129.96,0.038231
94.575,0.031702,90.441,128.47,0.037111
95.888,0.030729,91.83,126.98,0.036025
97.12,0.029868,93.13,125.61,0.035064
97.925,0.029347,93.976,124.75,0.034485
98.493,0.029023,94.57,124.18,0.034132
98.755,0.028943,94.837,123.99,0.034055
98.668,0.029133,94.732,124.22,0.034286
98.255,0.029566,94.28,124.83,0.034795
97.549,0.03023,93.517,125.79,0.035564
96.601,0.031091,92.497,127.03,0.036555
95.478,0.032104,91.291,128.46,0.037716
94.321,0.033154,90.05,129.91,0.038914
93.13,0.034246,88.775,131.38,0.040154
91.952,0.035339,87.514,132.82,0.041391
90.816,0.036403,86.3,134.2,0.04259
89.189,0.037942,84.564,136.14,0.044313
87.727,0.039332,83.007,137.85,0.045858
86.443,0.040548,81.644,139.32,0.047199
85.359,0.041556,80.496,140.53,0.0483
84.641,0.042197,79.74,141.31,0.048992
84.09,0.042653,79.163,141.88,0.049476
83.708,0.042921,78.768,142.24,0.04975
83.483,0.043015,78.54,142.41,0.049832
83.393,0.042962,78.457,142.41,0.04975
83.42,0.042785,78.497,142.28,0.049534
83.557,0.042497,78.655,142.02,0.049195
83.814,0.042089,78.94,141.63,0.048727
84.267,0.041471,79.436,140.98,0.048026
84.925,0.040663,80.148,140.11,0.047116
85.79,0.039674,81.08,138.99,0.046008
86.828,0.038557,82.195,137.68,0.044759
87.979,0.037385,83.427,136.25,0.043451
89.171,0.036235,84.701,134.8,0.042167
90.363,0.035145,85.971,133.37,0.040952
91.55,0.034116,87.233,131.97,0.039803
92.471,0.03335,88.212,130.89,0.038949
93.421,0.032587,89.219,129.79,0.038098
94.403,0.031825,90.26,128.66,0.037247
95.402,0.031076,91.317,127.53,0.036411
96.382,0.030371,92.352,126.42,0.035624
97.277,0.029758,93.296,125.44,0.03494
98.015,0.029288,94.072,124.65,0.03442
98.522,0.029011,94.6,124.15,0.034118
98.727,0.028961,94.807,124.02,0.034075
98.659,0.029121,94.723,124.21,0.03427
98.313,0.029494,94.345,124.74,0.034709
97.707,0.030071,93.689,125.57,0.035379
96.786,0.030912,92.696,126.78,0.036349
95.668,0.031922,91.496,128.21,0.037506
94.431,0.033044,90.169,129.76,0.038787
93.146,0.034222,88.793,131.36,0.040126
91.935,0.035345,87.497,132.84,0.041396
90.769,0.036438,86.251,134.25,0.042628
89.666,0.03748,85.074,135.56,0.043796
88.637,0.038458,83.977,136.78,0.044887
87.547,0.039495,82.817,138.05,0.046038
86.562,0.040429,81.771,139.18,0.047067
85.692,0.041243,80.849,140.16,0.047959
84.95,0.041921,80.066,140.97,0.048694
84.284,0.042496,79.366,141.68,0.049311
83.807,0.042862,78.869,142.15,0.049692
83.511,0.043025,78.566,142.4,0.049849
83.376,0.043012,78.435,142.46,0.04981
83.374,0.04286,78.446,142.36,0.04962
83.492,0.042585,78.584,142.11,0.049296
83.735,0.042185,78.855,141.73,0.048834
84.123,0.041643,79.281,141.17,0.048218
84.655,0.040973,79.857,140.45,0.047463
85.35,0.040157,80.607,139.55,0.046547
86.197,0.039217,81.518,138.47,0.045496
87.162,0.0382,82.553,137.26,0.044359
88.286,0.037074,83.756,135.87,0.043102
89.434,0.035981,84.982,134.48,0.041883
90.578,0.034948,86.2,133.11,0.04073
91.718,0.033967,87.413,131.76,0.039636
93.07,0.032859,88.848,130.19,0.038401
94.489,0.031753,90.352,128.56,0.037167
95.934,0.030685,91.88,126.92,0.035973
97.265,0.029762,93.283,125.45,0.034945
98.099,0.029236,94.159,124.56,0.034362
98.602,0.028981,94.682,124.09,0.034088
98.69,0.029051,94.762,124.12,0.034185
98.329,0.029466,94.364,124.7,0.034675
97.734,0.030036,93.718,125.52,0.035338
96.908,0.030793,92.828,126.61,0.03621
95.904,0.0317,91.75,127.9,0.037252
94.782,0.032716,90.547,129.32,0.038412
93.613,0.033784,89.294,130.77,0.039628
92.436,0.034871,88.034,132.22,0.04086
91.289,0.035942,86.808,133.61,0.042068
90.196,0.036972,85.639,134.93,0.043226
88.687,0.038404,84.03,136.72,0.044826
87.333,0.039693,82.59,138.29,0.046255
86.146,0.040815,81.33,139.65,0.04749
85.147,0.041739,80.274,140.76,0.048497
84.435,0.042368,79.524,141.52,0.049174
83.907,0.042792,78.973,142.06,0.04962
83.562,0.043012,78.617,142.37,0.049841
83.381,0.04305,78.437,142.48,0.049859
83.339,0.042938,78.406,142.42,0.049713
83.421,0.042698,78.506,142.22,0.049426
83.627,0.042334,78.737,141.88,0.049003
83.974,0.04183,79.118,141.37,0.048428
84.495,0.041158,79.685,140.66,0.047669
85.203,0.040316,80.45,139.73,0.046724
86.087,0.039328,81.401,138.6,0.045618
87.11,0.038245,82.499,137.32,0.044408
88.303,0.03705,83.775,135.84,0.043075
89.522,0.035894,85.076,134.37,0.041784
90.734,0.034805,86.367,132.92,0.04057
91.946,0.033771,87.656,131.49,0.039417
93.19,0.032759,88.975,130.05,0.038289
94.49,0.031749,90.353,128.55,0.037161
95.812,0.030769,91.751,127.06,0.036067
97.05,0.029902,93.058,125.68,0.0351
97.85,0.029383,93.899,124.82,0.034524
98.416,0.029061,94.49,124.25,0.034172
98.679,0.02898,94.758,124.06,0.034095
98.596,0.029166,94.657,124.28,0.034322
98.187,0.029598,94.21,124.89,0.034828
97.486,0.030259,93.452,125.85,0.035594
96.541,0.031118,92.435,127.08,0.036583
95.421,0.032131,91.232,128.51,0.037744
94.264,0.033181,89.992,129.96,0.038942
93.074,0.034274,88.717,131.43,0.040184
91.895,0.035369,87.456,132.88,0.041422
90.758,0.036436,86.241,134.25,0.042623
89.145,0.037964,84.519,136.17,0.044335
87.693,0.039346,82.973,137.87,0.045871
86.416,0.040558,81.616,139.34,0.047207
85.333,0.041566,80.471,140.55,0.048309
84.607,0.042218,79.705,141.34,0.049013
84.047,0.042685,79.119,141.92,0.049509
83.657,0.042963,78.714,142.29,0.049795
83.423,0.043067,78.477,142.47,0.049886
83.327,0.043021,78.386,142.49,0.049813
83.347,0.042851,78.421,142.36,0.049604
83.478,0.042568,78.572,142.11,0.049272
83.727,0.042168,78.849,141.72,0.048811
84.147,0.041589,79.308,141.12,0.048155
84.752,0.040837,79.964,140.31,0.047307
85.548,0.039916,80.822,139.28,0.046276
86.51,0.038867,81.856,138.06,0.045102
87.59,0.03775,83.013,136.72,0.043855
88.724,0.036638,84.226,135.33,0.042614
89.867,0.035573,85.444,133.95,0.041426
91.002,0.034568,86.653,132.6,0.040305
91.975,0.033743,87.686,131.46,0.039386
92.973,0.032928,88.746,130.29,0.038477
94.008,0.032114,89.843,129.1,0.037569
95.07,0.031309,90.967,127.89,0.03667
96.053,0.030592,92.006,126.78,0.03587
96.972,0.029953,92.976,125.76,0.035156
97.758,0.029439,93.803,124.91,0.034586
98.338,0.029101,94.409,124.32,0.034214
98.631,0.028983,94.71,124.08,0.034093
98.654,0.029074,94.724,124.16,0.03421
98.395,0.029382,94.437,124.59,0.034575
97.864,0.029901,93.861,125.33,0.03518
97.064,0.030638,92.998,126.4,0.036031
96.067,0.031542,91.926,127.68,0.037069
94.935,0.032567,90.711,129.12,0.038241
93.732,0.033664,89.422,130.62,0.039491
92.536,0.034768,88.142,132.09,0.040742
91.367,0.035859,86.892,133.51,0.041974
90.251,0.036911,85.7,134.85,0.043156
89.201,0.037906,84.579,136.1,0.04427
88,0.03905,83.3,137.51,0.045543
86.912,0.040085,82.144,138.77,0.046686
85.947,0.040995,81.12,139.87,0.047686
85.118,0.041761,80.243,140.79,0.04852
84.406,0.04239,79.494,141.55,0.049197
83.878,0.042814,78.942,142.09,0.049644
83.532,0.043035,78.586,142.4,0.049864
83.351,0.043073,78.406,142.51,0.049883
83.31,0.042961,78.375,142.45,0.049736
83.391,0.042721,78.474,142.25,0.04945
83.597,0.042357,78.706,141.91,0.049027
83.943,0.041854,79.086,141.4,0.048453
84.464,0.041181,79.653,140.69,0.047693
85.172,0.040338,80.418,139.76,0.046747
86.058,0.039348,81.371,138.63,0.045639
87.082,0.038264,82.47,137.34,0.044428
88.276,0.037067,83.747,135.87,0.043092
89.497,0.035909,85.05,134.39,0.0418
90.71,0.034818,86.343,132.94,0.040583
91.924,0.033782,87.633,131.51,0.039429
93.167,0.032771,88.951,130.07,0.038302
94.465,0.031762,90.327,128.58,0.037175
95.785,0.030782,91.724,127.08,0.036081
97.023,0.029916,93.029,125.7,0.035115
97.824,0.029396,93.872,124.84,0.034538
98.391,0.029074,94.464,124.27,0.034185
98.654,0.028993,94.732,124.08,0.034108
98.571,0.029179,94.631,124.31,0.034336
98.162,0.029611,94.184,124.92,0.034842
97.46,0.030272,93.425,125.87,0.035608
96.516,0.031132,92.409,127.1,0.036598
95.395,0.032145,91.206,128.53,0.037759
94.239,0.033197,89.966,129.98,0.038958
93.049,0.03429,88.691,131.46,0.0402
91.87,0.035385,87.43,132.9,0.041439
90.734,0.036452,86.215,134.27,0.042641
89.12,0.037981,84.493,136.2,0.044353
87.667,0.039364,82.946,137.9,0.04589
86.39,0.040577,81.59,139.36,0.047227
85.308,0.041586,80.444,140.58,0.048329
84.582,0.042237,79.679,141.36,0.049033
84.023,0.042703,79.094,141.94,0.049528
83.633,0.042981,78.689,142.31,0.049813
83.4,0.043084,78.453,142.49,0.049904
83.304,0.043038,78.363,142.51,0.049831
83.325,0.042867,78.397,142.38,0.049621
83.456,0.042584,78.549,142.13,0.049289
83.705,0.042184,78.826,141.74,0.048828
84.125,0.041605,79.286,141.14,0.048171
84.731,0.040852,79.942,140.33,0.047323
85.527,0.03993,80.801,139.3,0.04629
86.49,0.038879,81.835,138.08,0.045115
87.571,0.037762,82.994,136.73,0.043867
88.706,0.036649,84.207,135.34,0.042625
89.849,0.035583,85.426,133.96,0.041437
90.985,0.034577,86.635,132.61,0.040314
91.959,0.033751,87.67,131.47,0.039394
92.959,0.032935,88.731,130.31,0.038484
93.996,0.03212,89.83,129.11,0.037574
95.059,0.031313,90.955,127.9,0.036674
96.042,0.030596,91.995,126.79,0.035874
96.96,0.029957,92.964,125.77,0.03516
97.746,0.029444,93.79,124.92,0.034591
98.324,0.029108,94.395,124.34,0.034222
98.614,0.028992,94.692,124.1,0.034103
98.634,0.029085,94.703,124.18,0.034223
98.372,0.029395,94.413,124.61,0.03459
97.839,0.029917,93.834,125.36,0.035197
97.038,0.030656,92.97,126.42,0.03605
96.039,0.03156,91.897,127.71,0.037089
94.907,0.032585,90.682,129.15,0.038262
93.705,0.033683,89.394,130.64,0.039511
92.509,0.034787,88.114,132.12,0.040763
91.34,0.035879,86.864,133.54,0.041995
90.224,0.036931,85.671,134.88,0.043178
89.175,0.037927,84.552,136.13,0.044292
87.976,0.039069,83.274,137.54,0.045563
86.89,0.040102,82.12,138.79,0.046705
85.926,0.041011,81.098,139.89,0.047703
85.098,0.041776,80.223,140.81,0.048535
84.386,0.042405,79.474,141.57,0.049212
83.859,0.042828,78.923,142.1,0.049658
83.514,0.043048,78.567,142.41,0.049878
83.334,0.043086,78.388,142.53,0.049896
83.293,0.042974,78.357,142.47,0.049749
83.375,0.042733,78.457,142.27,0.049461
83.581,0.042367,78.689,141.92,0.049038
83.928,0.041863,79.071,141.42,0.048463
84.45,0.04119,79.638,140.7,0.047703
85.158,0.040347,80.403,139.77,0.046756
86.043,0.039358,81.355,138.64,0.045649
87.067,0.038274,82.453,137.36,0.044438
88.259,0.037078,83.729,135.89,0.043104
89.479,0.03592,85.031,134.41,0.041812
90.692,0.03483,86.323,132.96,0.040596
91.905,0.033795,87.613,131.53,0.039442
93.149,0.032782,88.932,130.09,0.038313
94.449,0.031771,90.31,128.59,0.037184
95.771,0.03079,91.709,127.09,0.036089
97.01,0.029922,93.017,125.71,0.035122
97.81,0.029403,93.858,124.85,0.034545
98.377,0.029081,94.45,124.29,0.034193
98.64,0.029,94.717,124.09,0.034116
98.558,0.029186,94.617,124.32,0.034343
98.149,0.029617,94.17,124.93,0.034848
97.448,0.030278,93.412,125.88,0.035615
96.504,0.031138,92.396,127.12,0.036605
95.383,0.032151,91.193,128.54,0.037766
94.227,0.033203,89.954,129.99,0.038965
93.037,0.034296,88.679,131.47,0.040207
91.858,0.035392,87.417,132.91,0.041446
90.722,0.036459,86.203,134.28,0.042648
89.109,0.037987,84.482,136.21,0.044359
87.658,0.03937,82.937,137.91,0.045896
86.382,0.040582,81.581,139.37,0.047232
85.3,0.041591,80.436,140.58,0.048334
84.573,0.042244,79.669,141.37,0.04904
84.012,0.042711,79.083,141.95,0.049537
83.621,0.04299,78.677,142.33,0.049823
83.388,0.043094,78.44,142.51,0.049915
83.291,0.043048,78.35,142.52,0.049841
83.312,0.042877,78.384,142.4,0.049632
83.443,0.042594,78.536,142.14,0.049299
83.692,0.042193,78.813,141.75,0.048837
84.113,0.041614,79.272,141.16,0.048181
84.717,0.040862,79.928,140.35,0.047333
85.512,0.039941,80.785,139.31,0.046302
86.474,0.038892,81.818,138.1,0.045128
87.554,0.037776,82.975,136.75,0.043882
88.687,0.036663,84.186,135.36,0.04264
89.828,0.035598,85.404,133.98,0.041453
90.963,0.034592,86.612,132.64,0.040331
91.934,0.033769,87.644,131.5,0.039413
92.93,0.032956,88.701,130.34,0.038507
93.962,0.032143,89.795,129.15,0.037599
95.021,0.031339,90.916,127.94,0.036702
96.004,0.030622,91.955,126.83,0.035901
96.923,0.02998,92.925,125.81,0.035186
97.713,0.029464,93.755,124.96,0.034612
98.298,0.029121,94.368,124.36,0.034236
98.597,0.028998,94.675,124.11,0.034109
98.627,0.029084,94.696,124.18,0.03422
98.375,0.029387,94.416,124.6,0.03458
97.85,0.029902,93.846,125.34,0.035179
97.053,0.030637,92.988,126.4,0.036029
96.057,0.03154,91.917,127.69,0.037066
94.925,0.032565,90.702,129.12,0.038238
93.721,0.033665,89.412,130.62,0.03949
92.526,0.034768,88.133,132.09,0.040741
91.358,0.035859,86.883,133.52,0.041973
90.241,0.036912,85.69,134.86,0.043156
89.191,0.037908,84.569,136.11,0.044271
87.986,0.039057,83.285,137.52,0.045549
86.895,0.040095,82.126,138.79,0.046697
85.926,0.041009,81.099,139.88,0.0477
85.094,0.041778,80.219,140.81,0.048537
84.382,0.042408,79.469,141.57,0.049215
83.853,0.042833,78.917,142.11,0.049663
83.507,0.043054,78.56,142.42,0.049885
83.325,0.043094,78.379,142.53,0.049904
83.283,0.042983,78.347,142.48,0.049759
83.363,0.042744,78.445,142.28,0.049473
83.568,0.04238,78.675,141.94,0.049052
83.913,0.041878,79.055,141.43,0.048479
84.434,0.041205,79.622,140.72,0.047718
85.143,0.04036,80.387,139.79,0.04677
86.03,0.039368,81.342,138.65,0.04566
87.057,0.03828,82.444,137.37,0.044445
88.254,0.03708,83.724,135.89,0.043106
89.477,0.035919,85.03,134.41,0.04181
90.693,0.034826,86.325,132.95,0.040591
91.91,0.033788,87.619,131.52,0.039434
93.149,0.032779,88.934,130.08,0.03831
94.444,0.031772,90.306,128.6,0.037186
95.761,0.030796,91.698,127.1,0.036095
96.995,0.029931,93.001,125.73,0.035131
97.799,0.029409,93.846,124.87,0.034552
98.368,0.029085,94.44,124.3,0.034198
98.632,0.029004,94.709,124.1,0.03412
98.548,0.029191,94.608,124.33,0.034348
98.139,0.029623,94.16,124.94,0.034855
97.437,0.030285,93.401,125.89,0.035622
96.492,0.031146,92.384,127.13,0.036613
95.372,0.032159,91.181,128.56,0.037774
94.215,0.033211,89.941,130.01,0.038974
93.025,0.034305,88.667,131.48,0.040216
91.847,0.0354,87.405,132.92,0.041455
90.71,0.036467,86.191,134.3,0.042657
89.095,0.037998,84.467,136.22,0.044371
87.643,0.039383,82.92,137.92,0.04591
86.364,0.040596,81.563,139.39,0.047248
85.283,0.041605,80.418,140.6,0.04835
84.558,0.042255,79.655,141.39,0.049052
84.001,0.04272,79.07,141.96,0.049546
83.611,0.042998,78.667,142.33,0.04983
83.379,0.0431,78.431,142.51,0.04992
83.284,0.043053,78.342,142.53,0.049846
83.305,0.042882,78.377,142.4,0.049637
83.436,0.042599,78.528,142.15,0.049304
83.685,0.042198,78.805,141.76,0.048843
84.106,0.041618,79.266,141.16,0.048185
84.713,0.040863,79.924,140.35,0.047334
85.511,0.03994,80.784,139.31,0.046299
86.477,0.038887,81.821,138.09,0.045122
87.559,0.037767,82.982,136.74,0.043872
88.696,0.036652,84.196,135.35,0.042628
89.84,0.035586,85.417,133.97,0.041438
90.978,0.034578,86.628,132.62,0.040315
91.956,0.033749,87.668,131.47,0.03939
92.962,0.032929,88.735,130.3,0.038476
94.004,0.032109,89.839,129.1,0.037562
95.072,0.0313,90.97,127.88,0.036658
96.056,0.030583,92.01,126.77,0.035858
96.974,0.029945,92.978,125.75,0.035147
97.754,0.029437,93.799,124.91,0.034582
98.324,0.029107,94.395,124.34,0.034221
98.603,0.029,94.681,124.11,0.034112
98.612,0.029102,94.679,124.21,0.034242
98.34,0.02942,94.378,124.65,0.034619
97.797,0.029949,93.79,125.41,0.035234
96.893,0.030781,92.816,126.61,0.036194
95.762,0.031805,91.6,128.06,0.037369
94.488,0.032961,90.233,129.67,0.03869
93.153,0.034186,88.803,131.32,0.040082
91.949,0.035304,87.514,132.8,0.041347
90.785,0.036396,86.271,134.21,0.042577
89.684,0.037438,85.096,135.52,0.043745
88.655,0.038417,83.999,136.74,0.044837
87.55,0.03947,82.822,138.03,0.046007
86.551,0.040419,81.761,139.18,0.047053
85.667,0.041249,80.824,140.17,0.047963
84.911,0.041942,80.026,141.01,0.048715
84.225,0.042539,79.305,141.74,0.049355
83.733,0.042919,78.792,142.22,0.049751
83.429,0.043089,78.481,142.48,0.049915
83.291,0.043077,78.347,142.54,0.049877
83.29,0.042923,78.359,142.44,0.049685
83.41,0.042645,78.499,142.19,0.049357
83.656,0.042239,78.774,141.8,0.04889
84.05,0.04169,79.205,141.24,0.048266
84.585,0.041017,79.785,140.52,0.047507
85.283,0.040198,80.538,139.61,0.046588
86.131,0.039256,81.451,138.53,0.045535
87.097,0.038237,82.486,137.32,0.044397
88.215,0.037116,83.683,135.94,0.043145
89.358,0.036027,84.903,134.55,0.041931
90.496,0.034998,86.115,133.19,0.040783
91.631,0.03402,87.322,131.85,0.039693
92.984,0.03291,88.759,130.27,0.038455
94.405,0.031801,90.264,128.64,0.037218
95.852,0.030728,91.795,127,0.03602
97.186,0.029802,93.202,125.52,0.034988
97.998,0.029288,94.054,124.66,0.034419
98.506,0.029025,94.582,124.18,0.034134
98.632,0.02906,94.704,124.16,0.034191
98.343,0.029416,94.382,124.64,0.034613
97.799,0.029946,93.792,125.41,0.035231
97.017,0.030668,92.948,126.45,0.036063
96.047,0.031547,91.906,127.7,0.037073
94.947,0.032543,90.726,129.09,0.038212
93.784,0.033604,89.48,130.54,0.039421
92.606,0.034692,88.217,131.99,0.040655
91.45,0.03577,86.982,133.4,0.041872
90.344,0.036812,85.8,134.73,0.043044
88.931,0.038153,84.293,136.41,0.044544
87.648,0.039376,82.926,137.92,0.045903
86.503,0.040464,81.71,139.23,0.047103
85.509,0.041395,80.657,140.35,0.048122
84.687,0.042141,79.79,141.25,0.04893
84.056,0.042676,79.128,141.91,0.0495
83.622,0.042992,78.677,142.33,0.049825
83.37,0.043104,78.422,142.52,0.049924
83.278,0.043053,78.336,142.53,0.049846
83.302,0.04288,78.374,142.4,0.049633
83.436,0.042595,78.529,142.15,0.049298
83.687,0.042192,78.808,141.76,0.048836
84.076,0.041655,79.234,141.2,0.048226
84.626,0.040967,79.829,140.46,0.04745
85.341,0.04013,80.601,139.53,0.046512
86.207,0.039173,81.532,138.43,0.045442
87.374,0.037954,82.783,136.97,0.04408
88.615,0.036728,84.11,135.45,0.042712
89.87,0.035557,85.449,133.93,0.041407
91.118,0.034456,86.777,132.45,0.040179
92.124,0.033608,87.846,131.27,0.039234
93.162,0.032768,88.947,130.07,0.038296
94.239,0.031927,90.089,128.83,0.037359
95.337,0.031103,91.251,127.58,0.036438
96.226,0.030461,92.19,126.58,0.035722
97.05,0.029893,93.059,125.67,0.035088
97.755,0.029436,93.8,124.91,0.034581
98.284,0.029128,94.353,124.37,0.034244
98.584,0.029003,94.662,124.12,0.034115
98.621,0.029083,94.69,124.19,0.034219
98.379,0.029377,94.421,124.59,0.034568
97.869,0.02988,93.867,125.31,0.035153
97.08,0.03061,93.016,126.36,0.035996
96.087,0.03151,91.949,127.65,0.037031
94.955,0.032535,90.735,129.08,0.038203
93.749,0.033636,89.442,130.58,0.039457
92.555,0.034738,88.164,132.06,0.040707
91.387,0.035829,86.914,133.48,0.041939
90.269,0.036882,85.72,134.82,0.043123
89.218,0.03788,84.598,136.08,0.044239
88.004,0.039037,83.305,137.5,0.045526
86.906,0.040082,82.137,138.77,0.046682
85.93,0.041003,81.103,139.88,0.047693
85.093,0.041777,80.218,140.81,0.048537
84.379,0.042409,79.466,141.58,0.049216
83.85,0.042836,78.913,142.11,0.049666
83.501,0.04306,78.554,142.43,0.04989
83.318,0.043101,78.371,142.54,0.049912
83.273,0.042993,78.337,142.49,0.04977
83.352,0.042756,78.433,142.3,0.049486
83.554,0.042395,78.661,141.96,0.049067
83.896,0.041896,79.037,141.45,0.048498
84.416,0.041222,79.603,140.74,0.047737
85.127,0.040375,80.37,139.81,0.046786
86.017,0.039378,81.328,138.67,0.045671
87.049,0.038286,82.435,137.37,0.044451
88.251,0.037081,83.721,135.89,0.043105
89.479,0.035915,85.032,134.4,0.041805
90.701,0.034817,86.334,132.94,0.040581
91.923,0.033775,87.633,131.51,0.039419
93.155,0.032773,88.94,130.08,0.038302
94.443,0.031772,90.304,128.6,0.037185
95.751,0.030801,91.688,127.11,0.036101
96.978,0.029941,92.983,125.75,0.035142
97.788,0.029415,93.835,124.88,0.034558
98.361,0.029089,94.433,124.3,0.034201
98.625,0.029008,94.702,124.11,0.034124
98.537,0.029199,94.596,124.34,0.034358
98.123,0.029635,94.143,124.96,0.034868
97.417,0.030301,93.379,125.92,0.03564
96.468,0.031164,92.359,127.16,0.036634
95.345,0.032181,91.153,128.59,0.037799
94.189,0.033233,89.913,130.04,0.038999
92.999,0.034327,88.638,131.51,0.040241
91.821,0.035422,87.378,132.95,0.041479
90.686,0.036488,86.165,134.32,0.04268
89.057,0.038033,84.427,136.27,0.04441
87.593,0.039428,82.868,137.98,0.04596
86.309,0.040647,81.504,139.45,0.047304
85.225,0.041656,80.357,140.66,0.048405
84.508,0.042298,79.602,141.44,0.049098
83.959,0.042753,79.027,142.01,0.04958
83.581,0.043017,78.635,142.36,0.04985
83.359,0.043106,78.411,142.53,0.049926
83.274,0.043047,78.333,142.53,0.049838
83.306,0.042865,78.379,142.39,0.049615
83.449,0.042569,78.543,142.12,0.049269
83.713,0.042153,78.836,141.72,0.048791
84.186,0.041511,79.353,141.05,0.048063
84.873,0.04067,80.097,140.14,0.047117
85.774,0.039645,81.067,138.98,0.045969
86.85,0.038492,82.222,137.62,0.044681
88.033,0.037293,83.489,136.16,0.043343
89.253,0.036124,84.791,134.67,0.042038
90.469,0.035021,86.087,133.22,0.040808
91.681,0.033977,87.376,131.79,0.039644
92.882,0.032991,88.651,130.39,0.038545
94.137,0.032005,89.98,128.95,0.037446
95.426,0.031038,91.344,127.48,0.036365
96.666,0.030154,92.654,126.09,0.035379
97.516,0.029586,93.549,125.16,0.034748
98.17,0.02919,94.234,124.49,0.03431
98.555,0.02901,94.633,124.14,0.034121
98.621,0.02908,94.69,124.18,0.034215
98.371,0.029385,94.412,124.6,0.034577
97.833,0.029913,93.829,125.36,0.035191
97.042,0.030643,92.976,126.41,0.036035
96.051,0.031542,91.91,127.69,0.037068
94.918,0.032568,90.694,129.13,0.038241
93.715,0.033667,89.405,130.63,0.039492
92.497,0.034791,88.102,132.13,0.040767
91.308,0.035903,86.829,133.57,0.042022
89.945,0.037189,85.374,135.21,0.043467
88.682,0.038389,84.028,136.71,0.044807
87.53,0.039488,82.801,138.05,0.046026
86.494,0.040472,81.701,139.24,0.047111
85.567,0.041341,80.719,140.28,0.048062
84.789,0.042051,79.897,141.14,0.048832
84.172,0.042582,79.25,141.79,0.0494
83.724,0.042925,78.783,142.23,0.049758
83.431,0.043089,78.483,142.48,0.049916
83.29,0.043085,78.346,142.55,0.049888
83.281,0.04294,78.349,142.45,0.049705
83.393,0.042671,78.48,142.22,0.049387
83.619,0.042291,78.733,141.86,0.048949
83.985,0.041775,79.134,141.33,0.048361
84.51,0.041106,79.705,140.61,0.047606
85.205,0.040284,80.455,139.71,0.046684
85.979,0.039419,81.287,138.72,0.045717
86.857,0.038484,82.23,137.61,0.044671
87.805,0.037519,83.245,136.44,0.043595
88.786,0.036564,84.292,135.24,0.042529
89.713,0.0357,85.281,134.12,0.041565
90.635,0.034874,86.264,133.02,0.040645
91.557,0.034081,87.244,131.93,0.03976
92.493,0.033305,88.238,130.84,0.038896
93.464,0.032528,89.267,129.72,0.038029
94.467,0.031753,90.33,128.57,0.037164
95.484,0.030995,91.405,127.41,0.036318
96.468,0.030291,92.446,126.31,0.035532
97.337,0.029702,93.361,125.36,0.034876
98.033,0.029267,94.092,124.62,0.034395
98.485,0.029034,94.561,124.19,0.034144
98.636,0.029036,94.71,124.13,0.034161
98.478,0.029268,94.53,124.44,0.034439
98.034,0.029721,94.046,125.08,0.034968
97.332,0.030378,93.288,126.03,0.03573
96.416,0.031211,92.303,127.22,0.036688
95.297,0.032224,91.101,128.65,0.037848
94.083,0.033329,89.799,130.17,0.039109
92.837,0.034476,88.465,131.71,0.04041
91.609,0.03562,87.152,133.21,0.041703
90.302,0.03685,85.755,134.78,0.043087
89.082,0.038009,84.453,136.24,0.044383
87.957,0.039081,83.255,137.56,0.045575
86.934,0.040054,82.168,138.74,0.046652
85.989,0.040947,81.165,139.81,0.047632
85.172,0.041705,80.301,140.72,0.048458
84.496,0.042308,79.589,141.45,0.049108
83.973,0.042742,79.041,141.99,0.049569
83.596,0.043008,78.65,142.35,0.049841
83.369,0.043106,78.421,142.52,0.049927
83.274,0.04306,78.332,142.54,0.049854
83.295,0.042892,78.366,142.41,0.049647
83.416,0.042626,78.506,142.18,0.049335
83.645,0.042251,78.762,141.82,0.048903
84,0.041754,79.15,141.31,0.048338
84.496,0.041122,79.689,140.63,0.047625
85.107,0.040397,80.349,139.83,0.046811
85.847,0.039563,81.146,138.88,0.045878
86.695,0.038654,82.055,137.82,0.044861
87.617,0.037707,83.043,136.67,0.043805
88.6,0.036742,84.094,135.46,0.042727
89.591,0.035811,85.152,134.27,0.041689
90.576,0.034926,86.201,133.09,0.040702
91.56,0.034078,87.247,131.93,0.039758
92.761,0.033088,88.522,130.53,0.038654
94.015,0.032099,89.851,129.09,0.03755
95.308,0.031124,91.219,127.61,0.036462
96.561,0.030226,92.544,126.21,0.03546
97.414,0.029652,93.442,125.27,0.034821
98.087,0.029236,94.148,124.57,0.034361
98.511,0.029024,94.588,124.17,0.034134
98.633,0.029048,94.706,124.15,0.034176
98.446,0.029303,94.495,124.49,0.034481
97.972,0.02978,93.979,125.17,0.035038
97.241,0.030461,93.19,126.15,0.035826
96.3,0.031316,92.178,127.37,0.036808
95.176,0.032333,90.972,128.8,0.037973
93.966,0.033436,89.675,130.31,0.03923
92.73,0.034575,88.351,131.84,0.040522
91.515,0.035707,87.052,133.32,0.041801
90.193,0.036953,85.639,134.91,0.043202
88.962,0.038123,84.325,136.38,0.04451
87.83,0.039202,83.12,137.7,0.045709
86.803,0.040179,82.029,138.89,0.046788
85.865,0.041064,81.033,139.95,0.04776
85.058,0.041808,80.181,140.85,0.04857
84.4,0.042391,79.488,141.55,0.049197
83.897,0.0428,78.962,142.07,0.049629
83.544,0.043037,78.598,142.39,0.049869
83.341,0.043108,78.394,142.54,0.049925
83.269,0.043036,78.329,142.52,0.049824
83.312,0.042844,78.387,142.37,0.04959
83.456,0.042553,78.552,142.11,0.04925
83.714,0.042149,78.838,141.71,0.048787
84.103,0.041618,79.263,141.16,0.048184
84.64,0.040948,79.845,140.44,0.047429
85.283,0.040195,80.538,139.61,0.046585
86.049,0.039342,81.363,138.63,0.045631
86.915,0.038423,82.291,137.54,0.044604
87.846,0.037478,83.288,136.39,0.043549
88.808,0.036543,84.316,135.21,0.042506
89.773,0.035644,85.346,134.05,0.041503
90.732,0.034789,86.367,132.9,0.040549
91.692,0.033967,87.388,131.77,0.039633
92.814,0.033046,88.578,130.47,0.038606
93.982,0.032125,89.816,129.12,0.037579
95.184,0.031215,91.089,127.75,0.036563
96.363,0.030365,92.334,126.43,0.035614
97.216,0.029781,93.234,125.49,0.034964
97.92,0.029334,93.973,124.74,0.034469
98.408,0.029066,94.482,124.26,0.034178
98.628,0.029011,94.704,124.11,0.034129
98.552,0.029179,94.612,124.31,0.034334
98.193,0.029565,94.219,124.86,0.034787
97.57,0.030158,93.545,125.71,0.035475
96.723,0.030933,92.632,126.83,0.036368
95.614,0.031937,91.441,128.25,0.037519
94.385,0.033053,90.123,129.79,0.038794
93.106,0.034227,88.754,131.38,0.040127
91.837,0.035406,87.395,132.93,0.041462
90.562,0.036604,86.033,134.47,0.042811
89.365,0.037739,84.755,135.9,0.044082
88.256,0.038796,83.573,137.21,0.045259
87.24,0.039763,82.493,138.39,0.04633
86.277,0.040676,81.471,139.49,0.047335
85.432,0.041466,80.576,140.43,0.048198
84.719,0.042112,79.824,141.21,0.048898
84.15,0.0426,79.226,141.81,0.049419
83.718,0.042929,78.776,142.24,0.049762
83.439,0.043088,78.49,142.48,0.049915
83.296,0.043095,78.351,142.55,0.049901
83.273,0.042974,78.338,142.48,0.049747
83.352,0.042751,78.433,142.29,0.049481
83.534,0.042423,78.639,141.99,0.0491
83.833,0.041981,78.968,141.54,0.048594
84.266,0.041408,79.44,140.94,0.047947
84.828,0.040722,80.048,140.19,0.047175
85.53,0.039915,80.805,139.29,0.046271
86.355,0.039012,81.692,138.24,0.045262
87.273,0.038055,82.675,137.1,0.044193
88.31,0.037022,83.784,135.82,0.04304
89.364,0.03602,84.91,134.54,0.041922
90.414,0.035069,86.028,133.28,0.040862
91.46,0.034163,87.141,132.05,0.039852
92.837,0.033027,88.603,130.44,0.038585
94.284,0.031892,90.136,128.78,0.037319
95.766,0.03079,91.703,127.1,0.036089
97.139,0.029833,93.152,125.57,0.035022
97.957,0.029312,94.012,124.7,0.034444
98.481,0.029035,94.557,124.2,0.034145
98.631,0.029051,94.703,124.15,0.03418
98.37,0.029385,94.412,124.6,0.034576
97.848,0.029898,93.845,125.34,0.035174
97.084,0.030604,93.021,126.36,0.03599
96.128,0.031471,91.993,127.59,0.036987
95.038,0.032459,90.823,128.97,0.038116
93.877,0.033517,89.579,130.42,0.039322
92.697,0.034605,88.316,131.88,0.040556
91.538,0.035686,87.076,133.29,0.041777
90.427,0.036732,85.888,134.63,0.042954
88.994,0.038092,84.359,136.34,0.044476
87.693,0.039332,82.974,137.86,0.045854
86.531,0.040436,81.74,139.2,0.047072
85.524,0.04138,80.674,140.33,0.048105
84.692,0.042137,79.795,141.24,0.048925
84.053,0.042679,79.125,141.91,0.049502
83.615,0.042997,78.67,142.33,0.04983
83.362,0.043108,78.414,142.53,0.049928
83.273,0.043055,78.331,142.53,0.049848
83.298,0.042881,78.37,142.41,0.049634
83.433,0.042595,78.525,142.15,0.049299
83.684,0.042193,78.805,141.76,0.048836
84.073,0.041656,79.231,141.2,0.048227
84.622,0.040969,79.825,140.47,0.047452
85.336,0.040134,80.596,139.54,0.046516
86.2,0.039179,81.525,138.44,0.045448
87.367,0.037959,82.775,136.98,0.044086
88.609,0.036733,84.103,135.45,0.042718
89.864,0.035562,85.442,133.94,0.041411
91.112,0.03446,86.771,132.46,0.040183
92.118,0.033613,87.84,131.28,0.039238
93.155,0.032772,88.94,130.08,0.038302
94.231,0.031932,90.08,128.84,0.037364
95.328,0.031108,91.241,127.59,0.036444
96.218,0.030467,92.181,126.59,0.035728
97.042,0.029898,93.051,125.68,0.035094
97.748,0.02944,93.792,124.92,0.034586
98.277,0.029131,94.346,124.38,0.034247
98.579,0.029005,94.656,124.12,0.034117
98.617,0.029084,94.686,124.19,0.03422
98.377,0.029377,94.419,124.59,0.034568
97.868,0.029879,93.866,125.31,0.035152
97.079,0.030609,93.015,126.36,0.035995
96.086,0.031509,91.948,127.65,0.03703
94.953,0.032536,90.732,129.08,0.038204
93.746,0.033638,89.438,130.59,0.039459
92.552,0.03474,88.16,132.06,0.040709
91.383,0.035831,86.91,133.48,0.041941
90.266,0.036884,85.716,134.83,0.043125
89.214,0.037882,84.595,136.08,0.044241
88.001,0.039039,83.302,137.5,0.045529
86.902,0.040085,82.134,138.77,0.046685
85.927,0.041005,81.099,139.88,0.047696
85.089,0.04178,80.214,140.81,0.048539
84.375,0.042412,79.463,141.58,0.049219
83.846,0.042839,78.909,142.12,0.049669
83.497,0.043063,78.55,142.43,0.049893
83.314,0.043104,78.367,142.55,0.049916
83.27,0.042996,78.333,142.5,0.049773
83.348,0.042759,78.429,142.3,0.049489
83.55,0.042397,78.657,141.96,0.049071
83.892,0.041899,79.033,141.46,0.048501
84.413,0.041225,79.599,140.74,0.04774
85.123,0.040378,80.366,139.81,0.046789
86.013,0.039381,81.324,138.67,0.045674
87.045,0.038288,82.431,137.38,0.044453
88.247,0.037083,83.717,135.9,0.043108
89.476,0.035917,85.029,134.4,0.041807
90.698,0.034819,86.33,132.95,0.040583
91.92,0.033776,87.63,131.51,0.039421
93.152,0.032775,88.937,130.08,0.038304
94.439,0.031774,90.3,128.6,0.037187
95.747,0.030803,91.684,127.12,0.036103
96.975,0.029943,92.979,125.75,0.035144
97.785,0.029417,93.831,124.88,0.03456
98.358,0.02909,94.43,124.3,0.034203
98.622,0.029009,94.698,124.11,0.034126
98.534,0.029201,94.592,124.34,0.034359
98.12,0.029636,94.14,124.96,0.03487
97.413,0.030302,93.376,125.92,0.035642
96.465,0.031166,92.356,127.16,0.036636
95.342,0.032183,91.149,128.59,0.037801
94.185,0.033235,89.909,130.04,0.039001
92.996,0.034329,88.635,131.51,0.040243
91.818,0.035424,87.375,132.95,0.041482
90.683,0.03649,86.162,134.33,0.042682
89.054,0.038035,84.423,136.27,0.044412
87.59,0.03943,82.865,137.98,0.045962
86.305,0.04065,81.5,139.45,0.047306
85.222,0.041659,80.354,140.67,0.048408
84.505,0.042301,79.598,141.44,0.0491
83.956,0.042755,79.024,142.01,0.049582
83.577,0.043019,78.632,142.37,0.049852
83.356,0.043108,78.408,142.53,0.049928
83.271,0.04305,78.33,142.53,0.04984
83.303,0.042867,78.376,142.39,0.049617
83.446,0.042571,78.541,142.13,0.04927
83.71,0.042155,78.834,141.72,0.048792
84.184,0.041512,79.351,141.05,0.048064
84.872,0.04067,80.096,140.14,0.047117
85.774,0.039644,81.067,138.98,0.045968
86.851,0.038489,82.223,137.62,0.044678
88.036,0.03729,83.491,136.15,0.043339
89.256,0.03612,84.795,134.67,0.042034
90.472,0.035017,86.09,133.21,0.040804
91.686,0.033972,87.381,131.78,0.03964
92.899,0.032977,88.668,130.37,0.03853
94.167,0.031982,90.012,128.91,0.037419
95.468,0.031006,91.389,127.43,0.03633
96.716,0.03012,92.706,126.04,0.035341
97.566,0.029554,93.602,125.11,0.034712
98.21,0.029167,94.276,124.45,0.034286
98.573,0.029007,94.651,124.13,0.034118
98.605,0.029105,94.672,124.22,0.034245
98.317,0.029439,94.354,124.68,0.03464
97.741,0.029998,93.73,125.48,0.03529
96.915,0.030758,92.839,126.58,0.036167
95.894,0.031683,91.742,127.89,0.037228
94.756,0.032715,90.521,129.33,0.038408
93.556,0.033812,89.236,130.82,0.039657
92.349,0.034929,87.943,132.31,0.040922
91.173,0.036029,86.685,133.74,0.042163
89.777,0.037347,85.195,135.41,0.043643
88.491,0.038572,83.823,136.93,0.045009
87.321,0.039686,82.579,138.29,0.046245
86.278,0.040675,81.471,139.49,0.047334
85.357,0.041535,80.496,140.52,0.048274
84.597,0.04222,79.695,141.34,0.049014
84.013,0.04271,79.083,141.95,0.049535
83.607,0.043001,78.662,142.34,0.049835
83.358,0.043107,78.41,142.53,0.049927
83.27,0.043038,78.329,142.52,0.049826
83.32,0.042823,78.396,142.36,0.049565
83.505,0.042471,78.606,142.03,0.049155
83.846,0.041961,78.983,141.52,0.048572
84.378,0.041268,79.561,140.79,0.047788
85.118,0.040384,80.361,139.82,0.046796
86.053,0.039337,81.367,138.62,0.045625
87.065,0.038268,82.452,137.35,0.044431
88.151,0.037176,83.615,136.01,0.043212
89.263,0.036114,84.801,134.66,0.042027
90.372,0.035106,85.983,133.33,0.040903
91.248,0.034343,86.916,132.3,0.040053
92.135,0.033599,87.857,131.26,0.039223
93.044,0.032861,88.822,130.2,0.0384
93.982,0.032124,89.816,129.12,0.037578
94.93,0.031403,90.82,128.04,0.036774
95.875,0.030711,91.819,126.97,0.036001
96.77,0.030082,92.764,125.98,0.035299
97.557,0.02956,93.592,125.12,0.034718
98.191,0.029177,94.256,124.46,0.034297
98.561,0.029009,94.638,124.14,0.03412
98.616,0.029085,94.685,124.19,0.034221
98.338,0.029418,94.376,124.65,0.034615
97.793,0.02995,93.785,125.41,0.035234
97.009,0.030673,92.94,126.45,0.036069
96.036,0.031554,91.895,127.71,0.037081
94.935,0.032552,90.712,129.1,0.038223
93.771,0.033614,89.466,130.56,0.039432
92.592,0.034702,88.204,132.01,0.040666
91.437,0.03578,86.968,133.42,0.041884
90.332,0.036822,85.787,134.75,0.043055
88.92,0.038162,84.281,136.43,0.044553
87.639,0.039384,82.916,137.93,0.045911
86.494,0.040471,81.701,139.24,0.04711
85.502,0.041401,80.65,140.36,0.048128
84.681,0.042146,79.784,141.26,0.048935
84.051,0.042681,79.122,141.91,0.049504
83.616,0.042996,78.671,142.33,0.049829
83.365,0.043108,78.416,142.53,0.049928
83.273,0.043057,78.331,142.54,0.04985
83.297,0.042884,78.369,142.41,0.049638
83.43,0.042599,78.523,142.15,0.049303
83.682,0.042196,78.802,141.76,0.04884
84.071,0.041659,79.228,141.21,0.04823
84.62,0.040971,79.824,140.47,0.047454
85.336,0.040134,80.596,139.54,0.046516
86.202,0.039176,81.527,138.43,0.045445
87.369,0.037957,82.778,136.98,0.044083
88.61,0.036731,84.105,135.45,0.042716
89.865,0.03556,85.444,133.94,0.04141
91.113,0.034459,86.772,132.46,0.040182
92.119,0.033611,87.841,131.28,0.039237
93.157,0.03277,88.942,130.07,0.038299
94.234,0.03193,90.083,128.83,0.037361
95.332,0.031105,91.245,127.58,0.036441
96.222,0.030464,92.185,126.58,0.035725
97.046,0.029895,93.054,125.67,0.035091
97.75,0.029438,93.795,124.92,0.034584
98.279,0.02913,94.348,124.38,0.034246
98.579,0.029005,94.657,124.12,0.034117
98.616,0.029085,94.685,124.19,0.034222
98.375,0.029379,94.417,124.59,0.03457
97.864,0.029882,93.863,125.31,0.035156
97.075,0.030612,93.012,126.37,0.035999
96.083,0.031512,91.945,127.65,0.037033
94.951,0.032537,90.73,129.08,0.038206
93.745,0.033639,89.437,130.59,0.03946
92.551,0.034741,88.159,132.06,0.04071
91.382,0.035832,86.909,133.48,0.041942
90.265,0.036885,85.716,134.83,0.043126
89.214,0.037883,84.594,136.08,0.044242
88,0.03904,83.301,137.51,0.045529
86.901,0.040085,82.133,138.78,0.046686
85.926,0.041006,81.099,139.88,0.047696
85.089,0.04178,80.213,140.81,0.04854
84.375,0.042412,79.462,141.58,0.049219
83.845,0.042839,78.908,142.12,0.04967
83.497,0.043063,78.55,142.43,0.049894
83.314,0.043104,78.367,142.55,0.049916
83.269,0.042996,78.332,142.5,0.049773
83.348,0.042759,78.429,142.3,0.049489
83.55,0.042398,78.657,141.96,0.049071
83.892,0.041899,79.032,141.46,0.048502
84.412,0.041225,79.599,140.74,0.04774
85.123,0.040378,80.366,139.81,0.046789
86.013,0.039381,81.324,138.67,0.045674
87.045,0.038288,82.431,137.38,0.044453
88.247,0.037083,83.717,135.9,0.043108
89.475,0.035917,85.029,134.4,0.041807
90.697,0.034819,86.33,132.95,0.040583
91.92,0.033777,87.629,131.51,0.039421
93.152,0.032775,88.936,130.08,0.038304
94.439,0.031774,90.3,128.6,0.037187
95.747,0.030803,91.684,127.12,0.036103
96.974,0.029943,92.979,125.75,0.035144
97.785,0.029417,93.831,124.88,0.03456
98.357,0.02909,94.429,124.31,0.034203
98.622,0.029009,94.698,124.11,0.034126
98.534,0.029201,94.592,124.34,0.034359
98.12,0.029636,94.14,124.96,0.03487
97.413,0.030302,93.376,125.92,0.035642
96.465,0.031166,92.356,127.16,0.036636
95.342,0.032182,91.15,128.59,0.0378
94.185,0.033235,89.909,130.04,0.039001
92.996,0.034329,88.635,131.51,0.040243
91.818,0.035424,87.375,132.95,0.041481
90.683,0.03649,86.162,134.33,0.042682
89.054,0.038035,84.424,136.27,0.044412
87.59,0.03943,82.865,137.98,0.045962
86.306,0.040649,81.501,139.45,0.047305
85.223,0.041658,80.355,140.67,0.048407
84.505,0.0423,79.599,141.44,0.0491
83.957,0.042754,79.025,142.01,0.049582
83.578,0.043019,78.632,142.36,0.049852
83.357,0.043109,78.408,142.53,0.049928
83.271,0.04305,78.33,142.53,0.049841
83.302,0.042868,78.375,142.39,0.049619
83.445,0.042573,78.539,142.13,0.049272
83.708,0.042157,78.832,141.72,0.048795
84.181,0.041517,79.347,141.06,0.048069
84.866,0.040678,80.089,140.15,0.047125
85.764,0.039655,81.056,138.99,0.04598
86.837,0.038504,82.208,137.64,0.044694
88.018,0.037307,83.473,136.18,0.043358
89.236,0.036139,84.774,134.69,0.042055
90.451,0.035036,86.067,133.24,0.040825
91.661,0.033993,87.355,131.81,0.039662
92.833,0.03303,88.598,130.45,0.038589
94.056,0.032067,89.894,129.04,0.037515
95.314,0.031119,91.226,127.61,0.036456
96.534,0.030245,92.515,126.24,0.03548
97.384,0.029671,93.41,125.31,0.034842
98.06,0.029252,94.12,124.59,0.034378
98.494,0.02903,94.57,124.19,0.03414
98.634,0.02904,94.707,124.14,0.034166
98.467,0.029279,94.518,124.45,0.034452
98.014,0.02974,94.024,125.11,0.03499
97.302,0.030405,93.256,126.07,0.03576
96.378,0.031245,92.261,127.27,0.036727
95.257,0.03226,91.058,128.7,0.037889
94.044,0.033364,89.758,130.22,0.039148
92.801,0.034508,88.427,131.75,0.040447
91.578,0.035649,87.118,133.25,0.041735
90.266,0.036884,85.717,134.83,0.043124
89.042,0.038046,84.411,136.28,0.044424
87.915,0.03912,83.211,137.6,0.045618
86.892,0.040095,82.123,138.79,0.046696
85.948,0.040985,81.122,139.86,0.047674
85.134,0.041739,80.262,140.76,0.048495
84.464,0.042335,79.556,141.49,0.049138
83.947,0.042762,79.015,142.02,0.049589
83.578,0.043018,78.632,142.36,0.049851
83.359,0.043108,78.41,142.53,0.049928
83.271,0.043055,78.329,142.53,0.049847
83.298,0.042879,78.37,142.4,0.049632
83.426,0.042606,78.518,142.16,0.049311
83.664,0.042223,78.782,141.79,0.04887
84.028,0.041716,79.181,141.27,0.048294
84.536,0.041073,79.732,140.58,0.047569
85.156,0.040339,80.402,139.77,0.046746
85.903,0.039501,81.206,138.81,0.045808
86.756,0.038589,82.121,137.74,0.044789
87.68,0.037643,83.111,136.59,0.043733
88.657,0.036687,84.155,135.4,0.042666
89.64,0.035766,85.204,134.21,0.041639
90.617,0.03489,86.244,133.04,0.040662
91.593,0.034051,87.282,131.89,0.039727
92.768,0.033082,88.529,130.52,0.038647
93.994,0.032114,89.829,129.11,0.037568
95.258,0.03116,91.167,127.67,0.036502
96.489,0.030276,92.468,126.29,0.035515
97.341,0.029699,93.365,125.35,0.034873
98.025,0.029272,94.083,124.63,0.034401
98.474,0.029038,94.55,124.2,0.034148
98.634,0.029031,94.709,124.13,0.034155
98.491,0.029252,94.544,124.41,0.03442
98.062,0.029693,94.077,125.04,0.034936
97.373,0.03034,93.332,125.97,0.035685
96.468,0.031163,92.359,127.15,0.036633
95.351,0.032174,91.159,128.58,0.037791
94.134,0.033281,89.855,130.1,0.039054
92.884,0.034432,88.515,131.65,0.04036
91.649,0.035582,87.195,133.16,0.04166
90.349,0.036806,85.805,134.73,0.043037
89.133,0.03796,84.508,136.18,0.044328
88.011,0.039028,83.313,137.49,0.045517
86.99,0.040001,82.227,138.67,0.046593
86.042,0.040897,81.221,139.75,0.047578
85.219,0.041661,80.351,140.67,0.048411
84.537,0.042273,79.632,141.41,0.049071
84.004,0.042717,79.074,141.96,0.049543
83.617,0.042995,78.672,142.33,0.049828
83.38,0.043105,78.431,142.52,0.049928
83.276,0.04307,78.333,142.54,0.049867
83.288,0.042912,78.357,142.43,0.049671
83.399,0.042655,78.488,142.21,0.049368
83.618,0.042291,78.732,141.86,0.048948
83.96,0.041807,79.107,141.36,0.048397
84.441,0.041189,79.63,140.71,0.0477
85.041,0.040473,80.277,139.92,0.046896
85.771,0.039646,81.064,138.98,0.045971
86.612,0.038739,81.967,137.92,0.044957
87.532,0.037791,82.953,136.77,0.043899
88.525,0.036813,84.015,135.56,0.042806
89.529,0.035868,85.085,134.34,0.041753
90.526,0.03497,86.147,133.15,0.040751
91.521,0.034111,87.205,131.98,0.039794
92.758,0.03309,88.519,130.53,0.038656
94.051,0.03207,89.89,129.04,0.037518
95.384,0.031067,91.3,127.53,0.036399
96.668,0.030152,92.656,126.09,0.035377
97.526,0.02958,93.559,125.15,0.03474
98.181,0.029183,94.246,124.47,0.034303
98.561,0.029009,94.638,124.14,0.03412
98.612,0.029092,94.68,124.2,0.03423
98.345,0.02941,94.385,124.64,0.034606
97.79,0.029952,93.783,125.41,0.035236
96.984,0.030695,92.913,126.49,0.036095
95.98,0.031605,91.834,127.78,0.03714
94.845,0.032634,90.616,129.22,0.038316
93.643,0.033732,89.328,130.71,0.039566
92.43,0.034853,88.03,132.21,0.040836
91.247,0.035959,86.764,133.65,0.042085
89.871,0.037259,85.295,135.3,0.043544
88.598,0.038469,83.938,136.81,0.044895
87.439,0.039574,82.704,138.16,0.046122
86.4,0.040561,81.6,139.35,0.047208
85.476,0.041425,80.622,140.39,0.048154
84.705,0.042125,79.809,141.23,0.048912
84.102,0.042639,79.176,141.86,0.04946
83.672,0.042961,78.729,142.28,0.049794
83.397,0.043101,78.449,142.51,0.049925
83.277,0.043071,78.334,142.54,0.049868
83.291,0.042899,78.362,142.42,0.049655
83.43,0.042599,78.523,142.15,0.049303
83.695,0.042176,78.817,141.74,0.048817
84.115,0.041602,79.276,141.15,0.048165
84.71,0.040863,79.921,140.35,0.047333
85.484,0.039966,80.755,139.35,0.046328
86.328,0.039042,81.662,138.28,0.045295
87.267,0.038061,82.669,137.1,0.044199
88.261,0.037069,83.732,135.88,0.043093
89.274,0.036104,84.813,134.65,0.042016
90.205,0.035255,85.806,133.53,0.041069
91.133,0.034441,86.793,132.43,0.040162
92.069,0.033652,87.788,131.33,0.039283
93.028,0.032873,88.805,130.22,0.038414
93.976,0.032129,89.809,129.13,0.037584
94.947,0.031391,90.837,128.02,0.03676
95.913,0.030683,91.86,126.93,0.03597
96.827,0.030043,92.824,125.91,0.035256
97.658,0.029496,93.698,125.01,0.034647
98.272,0.029134,94.34,124.39,0.03425
98.596,0.029005,94.673,124.12,0.034118
98.583,0.029137,94.647,124.26,0.034284
98.249,0.029508,94.28,124.78,0.034721
97.625,0.030106,93.605,125.64,0.035415
96.754,0.030904,92.666,126.78,0.036335
95.695,0.031863,91.528,128.14,0.037435
94.55,0.032902,90.3,129.59,0.038622
93.354,0.033998,89.019,131.07,0.039868
92.158,0.035106,87.739,132.54,0.041123
90.998,0.036193,86.499,133.95,0.042348
89.547,0.037566,84.949,135.68,0.043888
88.218,0.038831,83.533,137.25,0.045298
87.02,0.039972,82.259,138.64,0.046561
85.965,0.04097,81.14,139.84,0.047657
85.045,0.04182,80.167,140.86,0.048583
84.314,0.042464,79.398,141.64,0.049275
83.785,0.042883,78.846,142.18,0.049715
83.451,0.043083,78.503,142.47,0.049912
83.29,0.043088,78.345,142.55,0.049892
83.283,0.042928,78.352,142.44,0.04969
83.417,0.042623,78.508,142.18,0.049331
83.7,0.042169,78.822,141.73,0.048809
84.161,0.041542,79.326,141.08,0.048098
84.829,0.040721,80.049,140.19,0.047174
85.705,0.039719,80.993,139.06,0.046052
86.757,0.038588,82.122,137.74,0.044788
87.197,0.038132,82.593,137.19,0.044279
87.649,0.037674,83.078,136.63,0.043768
88.109,0.037217,83.57,136.06,0.043258
88.574,0.036766,84.067,135.5,0.042754
