145.16,0.014959,134.69,98.509,0.011288
167.43,0.0045462,128.09,42.508,0.0080041
126.53,-0.002903,173.61,27.645,0.0048464
137.94,0.0046821,128.65,-7.902,0.014621
146,0.017074,141.39,80.686,0.014122
156.83,0.019021,106.17,73.207,0.011131
95.962,0.010483,153.46,86.725,0.002072
122.32,0.0011984,177.2,96.003,0.011399
136.44,0.01911,154.27,60.161,0.023053
146.43,-0.00098449,165.32,79.073,0.018666
133.76,0.010751,129.91,70.001,0.028992
113.98,-0.0010516,114.36,66.788,0.028203
132.82,0.0087141,163.56,108.54,0.015109
112.43,0.0014125,74.884,121.97,0.027864
101.47,0.012762,123.6,133.04,0.025347
119.7,0.022605,119.95,91.13,0.020851
94.488,0.027994,110.14,70.098,0.030395
123.22,0.00495,91.334,119.95,0.018845
125.4,0.02838,91.057,43.54,0.02645
132.51,0.026378,67.209,136.31,0.033915
59.395,0.045035,118.38,112.34,0.026382
113.09,0.029667,103.08,151.39,0.042787
99.277,0.02414,67.078,126.09,0.039921
98.859,0.042863,106.5,132.63,0.041818
70.317,0.053167,92.372,164.03,0.051233
83.831,0.056331,101.72,175.07,0.060257
88.282,0.066506,84.003,177.01,0.053835
69.839,0.040576,86.714,165.41,0.060704
113.99,0.048367,64.282,119.01,0.068561
128.89,0.066392,69.388,130.89,0.069768
42.165,0.067177,66.872,131.37,0.073089
71.612,0.063531,78.393,201.42,0.08021
71.368,0.073041,62.656,138.34,0.086584
-2.5166,0.073072,39.153,146.06,0.07999
66.747,0.07768,78.8,210.61,0.083159
78.643,0.083858,54.137,195.83,0.092642
75.233,0.068207,98.604,160.25,0.086456
43.687,0.075391,40.592,156.47,0.081302
61.571,0.095656,42.979,216.74,0.084678
14.415,0.073968,102.6,148.33,0.081495
63.364,0.090822,48.756,163.8,0.087415
69.163,0.08103,34.963,219.05,0.091888
94.24,0.057762,17.738,152.21,0.081514
111.44,0.08613,68.986,155.52,0.092785
78.81,0.083855,9.6916,137.96,0.089295
46.437,0.087852,41.695,228.44,0.084353
62.715,0.079348,58.47,173.03,0.0978
73.029,0.092962,31.749,184.6,0.090293
26.175,0.095105,27.469,178.96,0.086816
69.581,0.086966,84.908,188.22,0.092275
70.761,0.089031,57.142,178.17,0.10058
65.52,0.09492,74.336,204.65,0.095217
44.723,0.084103,24.582,153.64,0.081747
59.845,0.07067,-15.317,113.03,0.068701
49.122,0.074721,26.281,218.11,0.084111
53.787,0.088743,6.1379,210.7,0.085253
24.818,0.08826,10.213,195.84,0.070438
46.819,0.070229,57.748,128.65,0.067961
0.026894,0.074782,89.806,162.82,0.080986
-7.3471,0.065036,31.656,206.86,0.0739
63.563,0.086731,42.27,229.23,0.075824
43.13,0.1012,16.048,117.28,0.07795
1.0527,0.084234,55.288,181.7,0.085221
21.35,0.10232,1.3809,177.48,0.08404
-16.724,0.091336,32.432,181.48,0.087016
13.904,0.1124,40.482,135.59,0.091315
34.412,0.1128,35.987,235.85,0.097869
29.995,0.13399,-11.01,202.38,0.096243
58.497,0.11669,66.129,189.47,0.11162
24.489,0.14789,-52.417,208,0.11265
19.699,0.12937,19.333,199.87,0.11191
-12.087,0.13902,13.375,291.38,0.1292
4.7241,0.15134,20.668,206.51,0.13104
0.2634,0.15143,25.247,290.67,0.13746
51.152,0.15591,-41.117,291.05,0.13012
-35.098,0.16975,8.5152,224.84,0.14296
22.383,0.17896,33.39,270.2,0.12936
6.8217,0.16149,33.221,212.3,0.14449
44.534,0.18081,40.698,202.04,0.14967
38.07,0.16822,-6.8561,260.05,0.15207
45.97,0.20777,-21.438,276.03,0.16304
-1.1469,0.20515,9.0827,208.37,0.16156
-29.623,0.18799,11.317,190.88,0.16093
-35.661,0.19631,12.849,226.65,0.15424
3.464,0.18322,12.967,222.44,0.15912
24.365,0.19932,21.715,212.57,0.1686
-16.45,0.19651,4.9617,221.68,0.14784
-48.28,0.2057,47.157,242.96,0.15686
6.9559,0.19451,-20.542,245.91,0.15629
-2.3068,0.19093,8.8819,230.1,0.165
-23.315,0.1927,-34.116,200.8,0.15905
-31.85,0.20014,17.37,229.36,0.16956
15.433,0.19762,54.365,324.92,0.16422
53.022,0.21182,-7.4856,227.64,0.16702
17.113,0.19858,-6.5258,260.85,0.16792
10.61,0.20432,2.9695,277.64,0.15917
-37.573,0.19742,-11.683,222.25,0.16148
9.8197,0.20351,36.831,253.97,0.17003
-29.536,0.19754,5.716,278.62,0.16589
-6.1475,0.20743,17.533,209.08,0.16768
33.735,0.19592,-32.798,242.54,0.17012
-25.06,0.19448,15.829,285.16,0.17421
-13.199,0.20429,-0.47738,224.74,0.17284
-66.241,0.1918,38.22,277.2,0.17012
-63.304,0.19223,-22.111,266.37,0.15657
15.329,0.19403,1.1563,199.97,0.16405
6.5417,0.20522,-38.744,256.13,0.17388
13.639,0.19304,-16.475,297.13,0.1764
-6.7692,0.20601,-17.889,178.79,0.17716
-15.001,0.19899,12.342,316.59,0.16295
25.451,0.19795,17.554,300.06,0.16219
28.402,0.20126,7.2507,215.05,0.17344
4.1952,0.20108,-3.2865,219.97,0.16291
41.745,0.19365,-7.9354,242.89,0.17234
-4.1555,0.19292,-32.849,212.87,0.16369
-13.566,0.19873,15.132,269.11,0.1694
-30.564,0.18466,-8.472,228.87,0.16518
-21.861,0.19936,10.211,278.27,0.15794
-9.4297,0.19576,-18.031,223.09,0.15777
-12.42,0.1921,9.8767,247.18,0.16451
-33.42,0.19856,-7.2054,218.42,0.17704
-3.9101,0.20897,20.93,244.84,0.16164
-7.0701,0.20855,9.7666,250.33,0.16237
-9.8135,0.19157,10.268,261.95,0.15459
-0.69392,0.19669,-36.161,205.02,0.16072
-8.0669,0.1935,21.497,227.05,0.16589
-7.9724,0.19204,-46.55,225.47,0.17677
38.205,0.20131,34.262,240.8,0.16062
-18.258,0.21257,-4.7703,286.68,0.17083
-5.0973,0.19767,-30.994,255.33,0.16582
33.451,0.1839,16.945,289.92,0.18131
51.903,0.20779,11.704,231.84,0.16347
41.378,0.19559,-8.6944,244.3,0.1702
28.068,0.20748,-3.7667,227.47,0.16039
1.1605,0.19983,-34.496,293.81,0.15946
6.963,0.20169,35.667,251.66,0.17414
1.3277,0.20956,12.167,260.12,0.17613
-18.312,0.19677,-23.29,237.91,0.1775
27.428,0.21513,-4.7431,260.16,0.16881
50.622,0.20537,44.819,143.79,0.17316
35.194,0.20417,-9.1064,272.97,0.16766
1.1055,0.20014,-38.964,265.95,0.17509
33.771,0.21532,-13.988,266.05,0.17072
-15.315,0.20624,4.9048,236.95,0.17868
-0.63817,0.20918,31.927,287.74,0.17979
13.189,0.20362,18.592,189.08,0.17133
-35.586,0.2113,58.078,294.35,0.16857
-46.231,0.19663,-18.839,246.53,0.17135
-13.703,0.21341,-24.686,263.31,0.17062
-3.0891,0.21575,10.471,314.66,0.16124
-11.063,0.209,-15.342,231.63,0.1657
-1.6285,0.22097,7.9339,255.85,0.17119
-10.428,0.21982,1.582,268.57,0.18211
-7.9809,0.22123,-49.086,228.11,0.17746
13.24,0.22202,19.573,201.92,0.17488
0.94921,0.22207,-19.413,300.68,0.17613
-3.0799,0.21612,-3.2488,248.2,0.17155
27.652,0.22172,13.189,222.04,0.17806
31.68,0.23672,11.917,282.82,0.17193
61.75,0.234,18.504,256.47,0.17919
25.301,0.21806,8.9533,240.79,0.19655
25.255,0.23459,12.267,291.18,0.18667
19.362,0.24632,-25.571,235.38,0.174
32.52,0.23273,22.64,251.79,0.18438
54.824,0.25286,-5.7378,205.38,0.19106
36.065,0.23414,7.3748,288.64,0.18709
0.92327,0.24241,-43.876,197.18,0.17617
25.819,0.24099,1.4527,315.81,0.18724
-26.166,0.2433,-44.519,257.71,0.17861
9.58,0.24284,29.132,232.31,0.18668
0.54876,0.23171,11.739,200.47,0.18146
-6.9751,0.23903,7.5433,222.2,0.18477
-5.0983,0.23138,4.6995,246.94,0.18137
39.92,0.24377,-15.106,231.6,0.18334
52.667,0.22332,46.939,256.66,0.19289
0.19254,0.24479,-34.689,281.98,0.18646
12.12,0.24234,-18.107,320.68,0.1814
6.1573,0.22228,24.685,294.86,0.18827
25.7,0.23927,47.345,281.14,0.17739
16.946,0.20828,20.195,306.69,0.19622
19.213,0.22014,32.704,262.12,0.18293
27.399,0.24515,4.1247,273.91,0.18228
-19.189,0.25595,-56.24,263.86,0.18137
15.356,0.2425,2.3659,225.44,0.18927
-1.7577,0.25485,34.548,290.19,0.1836
-3.7091,0.24448,-13.956,311.51,0.19482
45.801,0.24514,-20.32,274.86,0.17365
2.0563,0.26723,12.93,262.49,0.20362
14.225,0.26236,-29.772,309.88,0.19706
11.861,0.25747,5.3322,212.23,0.19939
40.16,0.27394,35.617,216.55,0.19525
16.128,0.27371,2.6304,132.07,0.18705
34.705,0.29161,44.773,105.7,0.19332
4.6743,0.28859,24.354,108.93,0.18218
59.492,0.28635,-3.3956,84.016,0.17995
60.719,0.28602,5.4838,12.325,0.17523
45.608,0.29414,31.305,45.356,0.17571
32.748,0.27479,-4.8069,-17.578,0.17509
79.604,0.28403,16.051,45.762,0.16694
69.309,0.25507,10.878,113.1,0.15863
60.541,0.2595,58.558,53.213,0.13672
63.875,0.24164,67.404,47.5,0.11926
16.42,0.22266,-8.8264,55.995,0.11283
44.881,0.22485,-15.355,41.773,0.1056
91.948,0.20415,-7.897,31.054,0.095775
70.546,0.19791,15.103,34.825,0.095095
44.299,0.17386,33.693,34.274,0.091726
42.383,0.17643,35.545,29.536,0.083205
36.758,0.1682,4.463,32.073,0.067702
28.526,0.15527,22.716,3.314,0.060317
27.768,0.14205,46.058,32.246,0.057532
50.171,0.13024,-11.442,41.912,0.044772
37.119,0.1202,55.786,-0.77904,0.043619
33.799,0.12762,57.734,42.04,0.041917
49.736,0.11865,60.768,0.94652,0.048431
51.07,0.10844,28.018,46.457,0.040099
26.059,0.1217,24.179,-6.7395,0.027603
4.035,0.10971,31.23,57.548,0.043061
29.926,0.088274,-27.378,19.964,0.030943
59.232,0.096596,24.983,66.922,0.024518
23.126,0.093401,12.289,18.935,0.030279
75.852,0.099361,16.725,102.45,0.024614
25.872,0.092451,3.6489,92.688,0.033548
44.816,0.070406,16.786,76.42,0.027736
49.207,0.077268,-5.2352,12.567,0.011823
53.012,0.087639,9.0407,22.716,0.024345
39.978,0.068526,18.205,19.658,0.020743
85.793,0.06843,33.211,29.67,0.032956
24.111,0.068904,-28.082,77.651,0.025915
15.909,0.092481,42.755,17.428,0.021863
37.844,0.069319,41.651,15.988,0.013167
16.992,0.092094,26.052,90.865,0.014161
31.399,0.08341,4.8212,23.161,0.013713
24.675,0.077791,18.09,50.138,0.01382
69.71,0.067573,38.775,66.289,0.015324
24.491,0.070602,56.254,-1.1586,0.013214
28.346,0.081261,14.837,50.557,0.022204
22.02,0.065106,-24.342,45.415,0.01457
62.997,0.05917,73.206,62.543,0.0036716
41.678,0.052988,-0.21652,-18.062,0.013454
37.741,0.05022,6.6387,78.616,0.011145
36.603,0.060965,57.922,33.806,0.012549
67.521,0.059483,38.129,-14.104,0.013558
38.044,0.052379,11.133,39.578,0.011956
19.098,0.055933,9.1133,29.498,0.013713
7.5514,0.045913,54.045,11.208,0.0090969
73.718,0.053585,2.1637,16.987,0.0071207
55.323,0.050507,40.428,-55.358,0.010339
12.656,0.03156,39.344,50.497,0.007546
41.677,0.030872,58.534,-22.543,0.013591
2.5644,0.030389,26.356,66.042,0.0059287
59.081,0.028104,40.222,107.6,0.010644
54.199,0.014861,14.013,86.876,-0.0055058
7.6655,0.01435,14.849,48.091,0.003471
7.803,0.017027,16.826,61.127,0.012075
41.97,0.0095206,34.403,23.501,0.010845
65.097,0.013346,60.518,22.759,0.0096993
103.01,0.019229,39.908,57.533,0.011122
19.695,0.010238,-3.3228,15.65,-0.00094201
46.133,0.019022,46.858,57.165,0.00011334
45.48,0.012466,31.317,58.55,0.0022882
50.383,0.023583,19.091,90.06,-0.0010869
65.253,0.0039008,13.026,64.452,0.0010461
40.715,0.021243,95.018,48.586,-0.0066807
31.113,0.012157,14.165,66.914,-0.01025
46.973,0.017044,34.302,98.558,0.0047449
23.262,0.024466,11.293,9.7165,0.00064371
9.3997,0.0010323,44.576,47.621,-0.0025061
77.06,-4.7842e-05,17.799,15.942,-0.0033073
39.153,0.014436,69.229,27.029,0.0088039
32.838,-0.0086823,58.179,68.744,0.0047089
22.556,0.01339,-22.254,84.281,0.0075613
44.327,0.02074,-8.8411,83.296,-0.0016529
-2.8547,0.0080625,-4.0917,85.849,0.00079918
49.274,0.0030377,14.839,16.523,0.0066538
65.317,0.02204,43.565,86.985,0.014234
4.1576,0.013388,28.461,-34.112,0.0034655
45.745,0.012974,55.608,102.86,0.0033613
25.914,0.015021,34.029,59.052,0.0034247
13.907,0.025515,24.847,58.837,-0.0067864
36.729,0.0075169,32.824,39.434,-0.0031247
65.316,0.0042493,73.232,34.634,0.0091439
30.518,0.0071011,37.83,15.033,-0.004421
28.729,-0.005736,-3.3291,39.647,-0.00039811
27.339,0.005412,20.719,55.299,-0.0075624
37.806,0.016813,53.48,37.837,0.0029503
48.173,0.0057153,53.75,55.901,0.0017613
26.48,0.0013741,58.457,57.306,0.0018914
35.3,0.0070237,71.141,20.302,-0.0005369
29.587,0.01215,33.219,52.061,0.0088763
77.062,0.0089637,24.617,60.489,0.0084489
75.175,-0.0024439,67.048,36.133,0.0034565
60.549,-0.0014554,70.141,53.191,-0.008153
39.771,-0.0038611,4.9171,62.479,-0.0060974
35.857,-0.0027772,33.11,91.561,-0.0014752
28.236,-0.00096226,37.668,53.837,-0.0021137
40.271,-0.0066395,61.835,65.807,-0.0043978
20.252,-0.002087,41.604,38.961,-0.0010756
43.714,-0.00020269,53.17,41.746,0.011836
31.015,-0.0007306,12.881,40.475,-0.003834
53.775,0.0050032,88.541,44.745,2.123e-05
69.952,0.0026448,29.486,81.508,-0.0092183
41.695,-0.0091926,58.133,33.145,0.0018926
43.815,0.011581,1.4403,55.966,-0.0016491
20.242,0.01502,17.942,53.858,-0.011377
52.545,-0.00033074,76.302,77.235,0.0043129
59.535,-0.00157,-1.4676,76.132,-0.016363
88.817,0.0020193,55.392,-2.8594,-0.0090538
47.886,0.00031114,60.94,127.68,-0.00066435
62.082,-0.0049756,29.441,58.326,0.0077576
3.1449,-0.006567,36.741,53.171,-0.010441
24.732,0.0067752,5.2793,-1.9561,-2.4318e-05
47.229,-0.0075044,74.016,47.536,0.0045055
-3.1141,-0.0014311,30.845,33.976,0.016872
50.081,0.0054053,55.926,84.494,-0.003802
62.267,0.017944,-0.014425,28.669,-0.0085854
0.37735,-0.0094127,47.493,10.08,0.011759
41.247,-0.0020699,46.696,78.97,-0.010271
30.528,0.0054337,-1.9367,19.483,-0.0047767
-2.528,0.0019949,53.102,76.316,0.0072228
17.081,0.0017785,19.136,82.562,0.0043205
32.061,-0.0034017,28.302,60.112,-0.0028194
35.054,0.011156,65.767,76.767,-0.0016325
71.909,-0.016542,28.731,11.242,-0.015133
42.685,0.010932,30.631,-12.294,-0.00099852
58.296,-0.0031282,36.416,62.694,-0.013157
46.197,-0.0012059,13.74,15.275,-0.0083121
29.06,0.010901,9.988,47.775,0.002669
42.783,0.010348,66.435,81.895,-0.0041492
91.961,0.0095289,48.618,77.406,-0.0069484
43.116,0.0027705,66.323,3.6745,0.0037386
55.683,0.015146,39.921,29.696,-0.0025459
42.893,-0.0096535,49.976,77.983,0.00025834
28.826,-0.0012069,37.949,64.219,-0.0048643
1.3678,-0.00025012,76.83,38.136,-0.00063192
80.2,-0.0040717,49.841,63.271,-0.0014271
80.56,0.0080863,33.02,69.99,-0.0050353
17.353,0.0071109,85.222,106.98,0.0014513
30.978,-0.0064853,0.53898,47.813,-0.011353
75.333,0.002085,57.26,73.274,0.0089851
10.61,0.0074,52.849,43.885,0.0043589
81.342,-0.00030391,75.797,95.717,-0.002143
15.521,0.014144,30.829,57.101,0.010741
62.131,-0.0095419,48.756,50.352,0.0075005
89.164,0.004688,42.813,72.959,-0.0047712
4.5701,0.0030456,59.304,46.927,-0.010106
52.997,0.015339,63.467,51.105,-0.0028948
93.186,-0.0080404,18.607,71.069,-0.0016668
53.543,6.5754e-05,39.371,39.372,0.0032311
31.943,-0.038152,26.197,80.688,0.0048863
14.354,0.0020628,43.748,16.567,0.0096309
36.883,-0.01474,67,56.575,-0.00011164
38.743,-0.018489,14.356,38.935,-0.0045182
13.371,-0.0066748,33.838,75.724,0.0014612
67.287,-0.00032926,-14.816,73.171,-1.649e-05
27.34,-0.012474,41.126,33.866,0.0066708
53.82,-0.0055276,3.8366,1.531,0.0070768
64.862,-0.00020111,46.043,2.4135,0.0059291
89.261,0.0076898,40.834,94.579,0.0064438
38.282,-0.013463,58.847,77.669,-0.0017541
37.403,-0.0042011,48.22,60.219,-0.016733
29.22,-0.012194,-2.0237,57.653,0.01401
6.4951,-0.0031374,25.224,31.018,-0.0062445
47.968,0.0095336,36.736,59.094,0.0043917
64.671,0.010459,63.295,26.118,0.0089468
6.3388,-0.0073244,39.968,35.773,-0.00063643
25.866,-0.0038236,47.342,10.278,-0.00083979
21.186,-0.0016017,50.573,39.358,-0.01198
61.699,0.0099149,84.354,42.063,-0.0012953
44.133,0.0031226,65.967,33.915,0.0094888
43.497,0.00046493,44.934,31.542,-0.0034756
67.573,0.0054903,54.798,48.528,-0.0078139
52.738,0.0037739,59.88,-6.7456,0.0037906
16.77,-0.0066943,20.508,3.9082,-0.0080617
5.8085,-0.010255,74.803,68.787,0.0039049
99.005,0.0023929,39.59,77.019,-0.015246
22.647,-0.015998,45.93,87.855,-0.0023782
82.166,0.003063,114.53,17.824,-0.0038676
44.616,-0.014214,61.32,71.372,0.0027731
61.825,-0.0070054,46.657,80.145,-0.0061065
52.117,0.0037814,78.028,34.634,0.0036682
54.699,-0.016195,59.265,64.682,0.004106
57.897,0.0030295,77.276,83.027,-0.0063922
88.306,0.0052493,41.864,37.1,-0.0045024
53.13,0.0080224,72.734,23.766,0.01228
41.049,-0.010763,21.551,80.688,0.0036769
39.716,-0.0018908,40.659,52.736,0.0059388
49.584,-0.013992,76.832,29.61,-0.0045948
41.126,-0.0062307,47.865,101.28,0.0020564
44.226,-0.012497,10.277,65.009,-0.0026073
74.121,0.0083847,93.822,79.746,-0.0003945
28.107,-0.00050473,40.72,10.398,-0.0046589
79.352,-0.0015435,24.391,62.085,-0.0028434
93.243,-0.0011402,68.79,48.36,0.0035851
57.448,0.0065722,48.715,119.26,0.001189
33.286,-0.0032847,30.877,53.815,-0.0098983
46.046,0.0044346,64.775,-37.312,0.011958
73.623,-0.0013229,50.671,4.0816,0.0035621
54.681,-0.0049343,49.573,72.477,-0.011049
36.016,-0.0099267,4.7773,34.659,-0.010498
16.569,-0.012653,51.573,16.392,0.013116
51.657,0.00074197,57.77,92.398,0.010535
13.993,-0.0075053,33.314,108.42,-0.0027497
53.814,0.0020887,59.198,47.408,-0.0052444
3.3216,-0.015135,82.297,15.362,0.015706
51.1,-0.0073153,42.197,31.831,-0.0028087
50.421,0.0051468,51.09,47.456,0.00091559
71.515,-0.0042524,58.664,49.408,-0.001786
71.892,0.00088972,52.77,-5.3042,0.0042729
23.426,0.0017391,53.909,54.23,0.0042104
48.887,0.0017438,59.989,14.651,0.0018494
68.768,0.0044492,33.945,84.349,-0.0059357
25.007,0.0040888,31.64,23.679,-0.0017855
56.095,0.010505,72.762,-0.4856,0.0044407
66.801,-0.0064757,60.336,29.863,0.0025122
61.71,-0.0029899,40.163,57.713,0.0036475
88.183,0.0048955,62.1,98.636,0.015129
95.799,0.0010333,28.735,69.114,0.0074485
59.155,-0.0042579,52.595,70.781,-0.0035975
23.731,-0.011584,109.71,1.6964,0.0098133
2.0177,-0.0065148,41.289,19.667,-0.00099842
60.953,0.0045362,63.565,-2.5997,-0.0061046
35.657,0.016411,66.167,74.037,0.0059381
18.476,-0.011925,65.142,39.42,-0.012912
24.973,-0.0035017,54.377,74.684,-0.0057743
55.572,0.016504,21.832,13.341,-0.0024578
43.768,0.015571,107.61,65.167,0.00072149
62.849,-0.0050292,62.582,58.304,-0.0029798
54.976,-0.006724,65.136,101.77,-0.0044763
36.903,0.013226,96.006,46.986,-0.0011141
49.488,-0.0017836,25.228,70.565,0.0016972
60.827,-0.0046959,50.202,53.178,0.0038267
54.848,-0.0090764,67.821,58.468,-0.0023979
58.636,0.0087756,64.256,66.95,0.0093805
38.323,-0.003336,44.903,14.214,-0.0055313
93.706,8.8875e-05,84.884,65.124,0.012085
61.769,0.01753,44.94,76.194,-0.0020198
46.691,-0.0061446,35.458,-8.8523,-0.001974
30.809,0.00067736,15.682,55.344,-0.00019199
46.978,-0.0075412,-9.0421,121.17,-0.0029094
89.07,0.00047429,14.858,80.167,0.00022701
23.802,0.014294,27.31,45.062,0.0066502
68.994,0.0069387,45.742,99.383,0.0067004
53.514,0.020275,64.287,49.635,0.0026073
92.069,0.0076231,78.484,5.5238,-0.013663
24.569,0.015819,40.989,36.498,0.0056665
51.895,0.00061005,36.537,18.715,-0.018326
55.535,-0.00083381,28.8,68.334,-0.013769
52.142,-0.0024473,45.18,93.168,-0.0053911
62.06,-0.0098135,22.716,22.565,-6.2503e-05
43.204,-0.006893,47.179,67.913,0.0091965
55.795,0.0065349,27.189,-0.040046,-0.0024361
15.936,-0.0039446,48.198,17.343,0.0058178
55.181,-0.0067513,90.313,21.526,-0.0003853
46.561,-0.010086,14.773,48.903,-0.0011497
62.592,0.01012,60.724,69.536,0.0023925
106.99,0.0052987,91.585,76.556,0.00058497
37.284,-0.0012666,38.881,76.116,-0.00041616
33.345,0.0050924,38.905,90.231,-0.010664
2.0342,-0.011836,30.553,40.78,0.0017577
71.326,-0.0021339,49.723,44.965,-0.0041514
65.911,0.0031516,48.612,92.041,0.018113
57.15,-0.003351,17.876,16.597,0.0058266
45.969,-0.0042025,97.846,46.208,0.0033596
43.801,-0.013828,22.564,68.561,-0.0017874
101.11,0.0042718,86.399,69.022,-0.0012371
39.604,-0.0093768,96.363,29.035,-0.0046681
48.551,0.010138,70.706,7.3876,0.0049084
31.949,-0.0046822,64.502,39.983,0.0015914
44.742,0.0004138,41.145,63.239,-0.0034951
21.97,-0.0014343,13.182,28.402,-0.0074795
7.438,0.0041496,62.078,42.473,-0.0036827
59.185,0.00021746,108.58,138.87,-0.0051473
72.016,0.0015552,8.2867,22.405,-0.011874
6.08,0.013367,10.398,26.962,0.009553
74.329,0.0031704,59.07,90.209,0.0078911
48.826,-0.01119,41.348,53.316,0.0016402
49.835,0.0093456,63.471,95.509,0.0034116
56.546,0.0039468,43.267,-18.657,0.0040097
53.823,-0.0024611,58.887,13.813,-0.0029678
75.328,0.0033502,68.909,72.189,-0.0051458
59.757,-0.00045552,55.768,13.68,-0.0034223
75.119,-0.0094474,7.5302,14.134,-0.0076466
65.234,-0.0057773,31.127,21.512,0.00769
26.562,-0.00606,72.914,80.136,0.0012209
38.165,0.0064704,32.642,74.8,-0.0055609
81.372,-0.021137,45.949,55.756,-0.0062056
101.28,-0.0041509,47.623,63.485,0.0028166
3.1573,0.0014877,57.526,102.98,0.0062822
-0.39599,0.015869,44.29,44.072,-0.0046442
4.2956,-0.0027225,65.427,51.753,0.0033791
121.99,-0.0036398,127.91,45.577,-0.0080493
60.856,-0.0015017,55.513,38.741,0.018108
81.906,-0.0034933,93.067,67.734,0.002455
117.38,-0.0071599,3.6802,122.43,0.0026223
9.9715,0.0051289,97.119,41.288,0.008657
47.803,-0.0034817,55.341,83.959,0.0049769
22.895,-0.017588,30.973,48.702,-0.00065649
68.044,0.012239,59.532,114.84,-0.007563
41.744,0.013079,85.001,149.63,-0.0046305
49.713,-0.0018238,69.725,31.198,-0.0060681
40.258,-0.0015029,28.99,44.284,0.0035663
42.899,-0.014869,31.698,24.006,-0.0051459
85.653,0.0047988,73.602,30.684,0.003394
57.592,-0.0030332,39.905,19.669,0.0068915
38.434,-0.025112,80.671,55.075,0.0065255
38.17,-0.0051333,77.643,72.15,0.0053436
16.727,0.0089788,51.256,37.686,-0.00084132
55.977,0.00044865,29.824,28.25,-0.001994
59.927,-0.0010454,50.931,3.3821,-0.0045149
66.817,0.0047136,30.986,115.93,0.00079299
41.992,-0.00091453,26.324,16.814,-0.0056795
91.551,-0.006703,60.769,77.348,0.0034156
34.69,-0.0093492,67.164,94.187,-0.00040325
87.323,-0.0014433,88.686,50.666,0.0026362
48.097,-0.011494,76.177,32.495,0.0072759
46.546,0.0015205,72.541,91.94,0.001028
111.07,-0.014657,64.586,69.244,-0.0012219
65.754,0.01642,23.457,81.968,0.0031621
68.952,-0.0016188,15.233,16.79,-0.012783
67.898,-0.00093575,72.707,60.454,0.0022353
54.906,0.0011368,-19.081,70.843,0.0096135
47.51,0.014052,37.946,15,-0.0077265
53.371,0.0002393,22.903,46.398,-0.0025143
40.604,-0.018904,45.427,27.474,-0.00083692
33.76,-0.0077537,41.302,87.453,-0.0090406
62.727,0.0017351,52.893,56.479,-0.0012693
30.885,-0.01237,70.222,60.268,-0.005488
32.647,0.0099361,63.953,48.087,-0.0073558
24.246,0.01783,70.344,39.688,-0.0009402
-18.683,-0.016988,49.189,0.48428,0.0027496
97.569,0.0070618,59.39,66.3,-0.0090747
32.509,0.0023564,23.224,44.281,-0.0052804
16.536,0.00093718,-1.0353,46.87,-0.0029511
76.613,0.0054476,46.818,54.683,0.00167
41.97,0.0058215,33.394,8.455,-0.0086216
29.223,-9.6099e-05,57.311,120.04,-0.00046515
45.014,-0.0013258,28.812,60.112,-0.001954
35.529,-0.0010789,70.421,-3.4141,0.0014976
60.889,0.0033729,22.949,33.79,-0.00021446
38.523,-0.012636,35.817,39.743,0.01328
62.536,-0.0099157,72.258,133.49,0.0027565
2.4649,-0.010501,68.94,42.124,-0.0090563
119.31,-0.00080096,50.078,38.137,0.0048107
28.395,-0.023127,60.745,52.677,0.0050209
50.266,-0.016006,32.151,26.643,-0.0062201
20.638,0.0025389,17.855,1.0991,0.0024104
58.659,0.0085936,44.438,72.574,0.0037549
31.319,-0.011936,67.254,53.723,0.011877
59.651,-0.0043931,104.59,80.82,-0.0059886
46.436,0.010019,96.514,6.7938,0.0083646
87.304,-0.0065229,50.03,97.599,-0.0098252
29.806,0.0071326,50.782,56.699,0.005639
86.466,0.0044738,35.389,51.317,-0.0035296
88.927,-0.01095,43.587,77.21,-0.0037872
76.363,0.0066204,17.341,24.768,0.0055831
64.529,0.00047274,52.152,50.016,-0.01129
82.782,-0.0049649,49.294,8.9868,0.0028603
72.923,0.015832,81.66,84.27,0.002599
75.139,0.003531,85.717,58.057,0.0030503
109.79,0.0060816,37.392,111.6,0.008668
52.63,-0.0074711,61.2,19.99,-0.010248
9.4231,0.00021323,35.186,70.368,-0.0022935
17.225,-0.023505,34.812,39.66,0.0088268
88.364,-0.010471,90.892,58.104,0.0022616
9.5735,-0.0012291,67.296,25.713,0.0060827
60.079,-0.00041607,87.741,104.39,0.0093761
73.814,-0.0014152,16.249,42.589,0.0016824
38.037,0.006567,30.433,19.518,0.00098607
74.418,0.0055365,57.193,64.345,0.00086799
43.014,-0.0084372,82.684,40.819,0.0027319
45.118,-0.0068981,10.469,56.107,-0.0055871
71.821,0.0076367,68.972,118.6,-0.0013603
64.65,-0.0052856,20.215,83.71,0.0019805
101.46,0.016554,33.792,47.178,-0.0061429
18.011,0.0057985,3.2502,-20.859,-0.011588
54.157,0.011426,50.784,16.331,0.011642
67.93,3.9829e-05,61.469,23.061,-0.0059229
59.701,0.0034683,64.342,14.924,0.0058729
45.955,0.0015128,77.422,28.32,-0.00022315
41.626,0.0070324,53.643,76.387,0.0024078
55.069,0.0073346,61.082,63.934,-0.0051749
59.744,0.0093398,19.16,78.062,-0.00026021
35.974,0.0010968,58.676,56.286,-0.0032595
35.607,-0.012933,56.583,55.154,0.0073317
63.018,0.0052228,93.289,100.85,0.0005298
80.53,0.0066921,31.704,49.286,-0.0055411
38.83,-0.0072417,67.395,-25.299,-0.0068794
31.908,0.017914,64.622,33.995,-0.0063286
60.616,0.0015604,-2.6492,73.093,0.00091568
24.949,0.00012999,51.398,16.757,-0.0016141
76.465,0.0053124,10.051,60.129,-0.0025679
57.078,4.9599e-05,80.182,67.584,0.0064525
61.36,0.00024251,75.315,47.374,0.00063795
43.717,0.0066321,54.089,54.639,0.00097093
47.847,0.00037456,49.163,46.46,-0.0044193
40.29,0.0069385,76.06,45.152,-0.0076736
79.737,-0.015267,33.055,71.182,-0.012053
35.113,-0.02261,54.158,14.856,0.001088
43.387,0.013371,78.709,63.586,-0.01098
69.929,-0.0075505,22.105,37.409,-0.0022565
58.082,-0.0080076,90.819,18.13,-0.0055739
78.96,0.0025649,58.224,53.745,0.0082387
52.106,0.0084554,8.7746,20.719,-0.0090856
33.92,0.0056732,22.693,30.021,-0.00020885
59.882,0.0083823,40.213,73.656,-0.004446
38.15,-0.0027088,35.706,77.952,-0.0011714
23.384,0.00087989,43.17,67.522,-0.010958
57.89,0.0096102,54.32,-6.8532,0.0016867
36.569,0.013235,43.2,23.543,0.0057688
18.377,0.0021686,31.802,82.74,-0.0021136
49.32,0.020948,70.147,66.272,-0.0026629
37.083,0.0025066,47.711,87.733,-0.0013659
12.905,0.00034604,75.317,97.959,0.0050352
36.497,-0.0029123,28.327,109.6,0.0012193
26.43,0.0079807,64.497,32.507,-0.0070192
37.24,0.0096923,3.3116,31.654,0.0072442
33.638,0.0068828,22.663,48.364,-0.007942
36.565,0.0032867,49.032,77.577,0.011603
86.876,-0.0045072,56.576,43.867,0.0063284
63.547,0.011917,32.218,96.628,0.011602
72.387,-0.0024733,67.942,117.47,0.0062949
73.927,0.0034677,34.556,93.919,0.0050464
67.588,0.0026748,60.016,39.688,-0.0070561
82.634,0.00076844,65.956,24.273,0.0058039
60.556,-0.0045857,55.523,22.045,0.012685
50.001,-0.0035854,81.713,61.523,0.0074971
50.297,-0.0062628,34.464,16.485,0.0037842
30.113,0.0030067,68.27,44.689,0.0024952
67.919,-0.0066087,30.894,127.7,0.0052258
43.815,0.0069529,127.98,15.099,-0.012778
39.655,0.011362,55.751,52.589,0.0037399
30.449,0.006684,54.898,63.207,0.0014614
48.366,-0.0036227,21.571,33.65,0.00025529
76.743,-0.00428,37.389,41.808,0.003384
9.5067,0.0021834,60.175,97.536,0.00071733
37.53,-0.014351,53.687,58.352,0.0020337
21.834,-0.0022174,54.703,64.319,-0.0004902
111.93,0.0046103,1.5147,36.765,-0.0058177
46.355,-0.0038785,29.468,33.574,-0.0012942
35.729,-0.014705,39.708,94.775,0.0060507
45.234,0.0057146,49.922,80.253,-0.004697
67.211,0.012782,54.285,78.045,0.0089677
88.316,0.012324,41.567,70.849,0.011137
27.007,0.0014514,45.429,25.518,0.0023851
33.937,0.0035718,57.465,79.25,0.0031527
63.719,-0.003336,35.249,18.066,-0.0016713
40.285,0.0069643,74.996,81.583,0.0070277
59.908,-0.0065189,64.437,43.946,0.0070023
24.379,-0.0037482,31.219,117.28,-0.014706
28.82,0.0093454,75.064,21.609,0.004443
-10.903,0.0055032,63.712,85.26,0.0048385
66.313,0.0062167,50.659,152.95,-0.00060182
7.4437,0.016548,45.29,98.399,-0.0022264
82.611,-0.0065641,86.542,39.006,-0.00594
60.533,0.0035293,72.05,12.115,0.006046
70.955,0.0073588,16.869,114.94,0.0024597
55.863,0.0022663,69.478,99.038,0.0037076
29.545,0.018315,74.659,30.477,0.0025213
21.857,0.0049302,24.788,13.455,0.0030143
15.358,0.0077406,65.608,87.871,0.014485
94.482,-0.0074423,18.409,31.963,-0.0023531
72.018,-0.011461,21.957,93.61,-0.011713
52.358,-0.0034455,57.127,86.282,0.00095751
45.742,-0.0027888,95.296,51.532,0.015848
53.688,-0.0059942,47.054,74.536,-0.0041845
-1.7605,0.0042611,60.472,75.284,0.0005504
48.838,-0.011624,68.597,66.321,0.003013
63.83,0.0074532,39.558,60.312,0.017068
63.368,0.0041086,73.655,89.763,0.0082063
62.755,-0.0015885,45.318,111.64,-0.0004375
42.01,-0.0064346,44.202,62.79,0.0042085
49.147,-0.00030242,35.409,34.526,0.0021285
52.487,-0.0067007,69.126,48.666,7.3305e-05
86.267,-0.00070466,103.94,-4.8586,0.0053359
59.563,0.0096202,36.572,3.6135,-0.0061353
32.633,0.0078765,63.612,-3.7244,0.0083465
44.431,0.0092432,74.162,38.413,-0.013609
34.086,-0.005837,64.375,10.2,-0.0070742
87.62,0.0011293,58.186,60.013,-0.0011766
70.791,-0.012934,54.153,89.349,-0.0044051
117.79,-0.0012243,12.393,105.81,-0.0023928
70.358,0.0022159,46.906,65.503,-0.006737
73.396,0.012971,43.465,85.188,0.011026
84.449,-0.012158,54.876,87.655,-0.0048843
55.789,0.017709,59.44,24.926,0.0024471
49.527,-0.0055673,17.09,92.221,-0.0029207
39.772,0.0038581,77.662,52.738,0.0066199
19.251,-0.002833,31.036,85.608,0.0079203
64.94,-0.0035174,39.681,-6.1555,-0.0013951
89.838,0.002654,76.522,71.678,-0.0066311
71.585,0.0062637,20.422,66.175,0.01442
81.353,0.0048835,22.81,55.5,0.007914
42.479,0.016078,44.039,-5.645,0.0049211
59.861,0.013477,22.145,79.741,0.0083382
54.527,-0.0087903,66.605,72.551,0.0031748
66.195,0.026227,-2.4512,26.486,0.0022577
47.122,0.0027336,14.69,59.444,0.00031727
39.984,0.009489,30.339,-4.9438,-0.001779
106.44,-0.0020338,28.775,107.77,0.0058291
15.394,-0.002318,44.301,73.258,0.001655
31.489,0.011746,46.366,95.858,-0.0057421
99.764,-0.010495,35.01,164.66,-0.0050618
97.865,-0.00055389,42.17,57.684,0.0043808
55.866,0.0067009,77.658,155.57,-0.0031062
29.117,0.015226,53.731,122.6,-0.0063684
15.888,-0.0018359,58.424,97.705,-0.0088015
66.541,0.026081,72.609,53.685,0.0059928
107.76,-0.007857,41.646,58.191,0.0015187
57.929,0.007963,52.023,65.025,0.010082
60.738,-0.0022765,47.946,53.14,0.0010719
58.876,0.0011236,63.527,91.134,-0.0058126
32.139,-0.002968,59.319,31.912,-0.0030865
57.447,-0.0088844,25.861,39.014,-0.0053155
71.116,0.001312,42.711,29.292,0.0084183
75.14,0.013741,62.196,103.57,0.010885
56.351,-0.0076096,57.256,22.964,-0.0037066
14.548,0.0042898,87.275,70.012,0.0059408
75.836,0.013823,113.85,93.191,0.0049343
63.896,0.0009655,84.729,118.69,-0.0041499
92.345,-0.0085614,80.609,44.098,0.0034886
30.79,0.0081978,55.25,38.488,-0.00078984
69.301,-0.0055698,102.09,30.443,0.0084725
79.047,-0.029956,63.858,73.854,0.0028789
25.362,0.0071792,25.409,67.28,-0.0089425
48.793,-0.0054055,17.827,68.825,0.0074255
62.691,0.006576,74.959,112.72,-0.0026939
35.929,0.01028,63.734,10.814,-0.0014825
46.678,-0.01007,95.529,94.467,-0.0017362
61.908,0.016141,54.394,63.933,2.3273e-05
55.69,0.0057293,68.368,64.318,-0.0026133
17.037,0.016577,20.549,22.822,-0.002777
63.153,-0.0011373,52.198,11.022,0.0068744
80.57,-0.013707,56.504,69.874,-0.0022109
30.448,0.0048543,41.727,33.052,0.0084769
15.183,-0.0026203,19.989,48.906,-0.010327
25.265,0.014513,53.298,38.64,0.00627
63.19,0.0033834,36.306,25.924,-0.021058
101.93,0.0021645,24.561,46.402,0.0037781
61.978,-0.0090911,38.213,19.317,-0.002373
87.062,0.017252,59.966,7.1784,0.00065127
42.609,0.001477,67.492,38.484,-0.015454
86.969,0.00026469,87.704,93.723,0.0026823
97.671,0.0065287,76.511,22.029,-0.0093693
51.554,-0.0074729,53.912,68.954,0.0051335
41.278,0.010514,65.075,56.34,-0.0066046
14.434,0.0068938,69.757,4.7263,0.0096594
74.18,-0.0068682,22.024,56.047,0.005782
82.723,0.0058678,43.801,59.19,-0.0041804
7.5968,0.011766,41.891,155.42,0.003423
93.095,0.0046539,77.856,3.482,-0.00075543
66.713,-0.002527,71.136,81.647,-0.0081515
40.437,-0.016002,67.282,16.267,-0.00071178
42.618,-0.0039932,67.969,128.69,-0.0059406
48.046,-0.0040023,108.63,34.501,0.00062813
25.73,0.0029042,76.64,74.966,0.0023358
43.748,0.011972,56.706,43.021,-0.0036977
64.404,0.0018448,45.6,64.953,0.010938
64.255,0.01078,11.3,-4.6192,-0.0016991
95.342,-0.0096258,109.16,73.007,-0.011696
33.829,-0.0064054,23.512,43.383,0.001066
38.198,0.003413,78.773,70.639,0.0068775
22.11,-0.01461,80.583,51.963,-0.0078064
13.908,0.0078904,85.005,78.858,0.002697
111.12,0.0067293,33.006,81.358,-0.0099308
30.798,0.0096315,47.896,23.139,-0.010945
19.123,-0.017917,10.385,124.81,0.0043079
36.235,-0.00042842,64.386,81.392,-0.0035027
-25.489,-0.011892,56.833,22.656,-0.0030252
34.464,0.004968,29.184,46.886,-0.0049489
-5.4923,-0.014381,48.667,-21.039,0.0066374
46.869,0.001109,58.733,69.721,-0.0028443
41.815,0.016502,44.383,21.531,-0.0029437
104.17,0.0087322,16.117,30.63,-0.0030984
41.136,0.010085,30.97,65.257,-0.0017449
55.37,0.0013289,26.03,43.312,0.003397
67.566,-0.0062499,56.866,107.91,0.0015636
61.504,-0.0078789,77.807,20.379,0.0014491
25.397,-0.0083228,62.521,3.417,-0.014124
33.766,0.0047639,79.908,108.94,-0.0049664
16.055,-2.5759e-05,61.091,99.726,0.012982
77.649,-0.00019836,50.894,25.116,-0.0088265
66.858,0.0013738,45.884,91.412,-0.0063498
55.672,0.00071013,14.621,82.847,0.0022877
35.645,0.015888,42.894,93.043,0.0079614
57.663,0.013738,69.291,0.44576,0.002481
98.893,0.0067178,77.554,91.327,-0.0017365
19.591,-0.0003474,34.078,102.02,-0.0015868
36.031,-0.0044352,41.656,48.974,0.00051591
34.75,-0.0023967,33.886,67.313,-0.010815
34.33,0.0081566,2.1264,-10.68,0.0019104
40.899,0.0053301,76.673,60.079,-0.0025937
94.628,-0.0099172,64.558,44.74,0.0026291
50.41,0.0065315,38.238,-1.7903,-0.0033978
31.29,-0.011375,42.401,3.2938,-0.014647
48.596,-0.016849,66.571,35.202,0.011155
53.721,-0.0071142,75.058,95,-0.0066498
51.044,0.004869,52.773,70.864,0.014557
77.864,-0.00078514,92.034,80.279,-0.012206
101.48,0.0074211,15.187,17.34,-0.0063039
120.82,0.0029252,93.764,-3.9018,0.010581
56.609,0.00035454,46.648,73.078,0.0036845
11.077,-0.0039939,41.021,31.047,-0.00063052
63.543,0.015773,66.227,81.874,0.0032402
70.609,-0.0039538,74.162,123.45,0.006417
27.307,-0.011351,91.528,68.921,-0.0036724
75.582,0.0017081,73.353,71.31,-0.0032218
35.132,-0.0075202,59.045,55.439,0.0044874
33.381,-0.0096624,12.29,39.459,-0.0072428
32.964,0.0034243,27.062,98.574,0.0043703
61.285,-0.0089145,50.807,100.77,0.010757
34.473,0.01272,42.52,105.38,0.0036266
88.668,0.0080372,113.37,79.282,-0.0071851
99.018,-0.0075892,41.409,88.575,0.010974
69.498,0.0050722,42.681,82.94,-0.010345
42.929,0.016792,67.984,62.148,-0.013375
25.127,0.0066455,61.835,78.026,-0.0083708
41.787,0.0044121,44.875,44.853,0.0042162
19.506,0.0068229,31.551,20.837,-0.0035431
65.86,0.0064315,59.175,61.984,0.0083646
41.052,0.0098731,58.976,-6.6297,0.019022
56.32,-0.0002143,43.991,8.6154,0.0090661
30.296,-0.0062991,31.078,91.947,0.00070407
66.518,-0.02143,110.79,112.47,-0.011426
56.122,-0.010118,49.914,52.833,0.0055692
27.089,-0.0029948,21.459,76.553,-0.013533
36.386,-0.00046388,39.083,35.219,-0.015263
36.358,-0.0051885,47.107,67.308,-0.0032077
27.072,-0.0055061,49.787,66.505,0.0047429
-8.0613,0.0124,73.26,52.38,0.0033291
49.414,-0.0026929,47.722,27.347,0.0055612
45.282,0.0094856,47.78,10.805,0.0043924
58.333,0.0039894,45.456,100.3,0.0066241
42.349,-0.012237,73.505,38.671,-0.0070888
-1.4485,0.01232,47.256,25.093,-0.0096095
51.074,0.0051497,55.385,48.787,0.003497
88.734,0.0029684,72.197,31.442,-0.0030328
60.31,-0.0021942,18.364,51.862,-0.0031789
59.095,0.007035,12.624,29.966,0.0012336
87.91,-0.012399,53.39,49.699,0.012409
55.627,-0.011674,32.236,66.817,-0.0017109
40.98,0.014735,86.217,106.66,0.0058007
58.284,-0.013277,20.609,90.006,-0.0034046
43.342,-0.0043779,51.087,18.436,0.012945
66.462,-0.0039771,67.395,81.638,-0.0068034
59.724,0.004566,20.404,92.537,0.014105
39.196,0.00041719,-6.0575,-14.09,-0.0052693
15.747,0.00024716,58.027,95.352,7.1055e-05
72.774,-0.001545,36.411,12.704,-0.0077305
47.878,-0.0048096,37.63,74.438,-0.010126
63.822,0.016328,35.329,50.716,0.003795
47.524,-0.002053,82.902,55.778,-0.0071551
12.343,-0.001402,47.675,46.33,-0.013577
9.5228,0.0075311,65.134,32.754,-0.0077092
62.853,0.0031743,82.296,67.555,0.0023732
34.269,-0.015609,80.987,0.25999,0.0058536
73.279,-0.0044125,67.723,68.257,-0.010477
47.988,0.0078793,57.726,109.68,-0.0061771
35.865,-0.011323,67.952,26.676,0.0015128
42.853,-0.0037967,41.713,33.595,-0.01359
23.977,0.0066821,29.507,103.54,0.00068732
50.916,0.0042224,-6.1251,35.541,0.0020579
37.606,-0.0071072,37.422,66.586,0.00017891
6.6894,0.0031838,36.431,13.223,0.0016884
63.663,0.0060097,26.436,65.688,0.011188
22.206,-0.0022821,31.976,48.035,-0.015611
82.751,-0.0068846,33.984,25.618,-0.011227
86.801,-0.0066738,65.702,76.872,-0.014709
30.687,-0.0086614,76.83,80.537,0.005358
90.947,0.014643,36.228,66.166,-0.00064713
34.036,0.0048427,35.317,119.9,-0.0014087
65.851,-0.0065757,49.66,80.402,0.0023942
30.575,0.0054819,108.08,97.063,0.0027755
44.76,2.6558e-05,27.186,36.33,-0.0020477
37.353,0.010002,38.918,75.247,-0.0059628
47.348,-0.0038888,35.994,75.383,0.0022076
38.422,0.0024988,107.43,79.024,0.0012539
31.519,0.0095723,24.859,-7.0418,0.0055264
98.213,-0.0029896,92.897,46.247,0.0064579
47.347,-0.010941,113.83,31.688,-0.0016229
50.196,0.010899,40.755,22.354,-0.007302
64.139,-0.01037,38.881,44.928,0.005787
44.431,0.011919,31.929,59.662,-0.0020279
73.135,-0.010549,45.122,75.28,0.0060608
39.021,-0.0018532,69.789,83.766,0.0032001
27.216,-0.00375,62.655,62.354,0.0054398
35.262,0.013729,39.163,129.8,-0.010056
79.384,-0.01693,50.436,56.115,0.0037001
62.289,0.0078735,36.602,74.604,-0.0059685
65.856,-0.0063668,58.696,34.279,0.002609
23.463,0.0023712,42.851,2.2489,0.011425
13.757,0.0064388,55.546,56.135,0.0016621
63.88,0.011089,63.585,26.733,-0.0030394
49.205,0.0020229,63.633,57.899,0.0057946
50.648,0.0011752,95.982,116.62,-0.0072098
59.295,0.0056253,47.997,86.634,-0.0027501
-1.1452,0.0032325,20.285,57.899,0.0064982
8.6232,-0.0062479,65.912,73.455,0.0082465
57.293,-0.0068483,14.012,59.4,0.0019189
49.645,-0.0013256,17.235,64.433,0.0099492
38.875,-0.015978,24.16,60.872,-0.0071216
27.672,0.011961,26.606,27.679,0.0030364
13.97,-0.00087789,102.15,69.773,-0.002529
43.518,0.0088003,11.349,30.379,0.012143
31.348,0.002866,33.433,49.936,0.0028178
52.893,0.0048774,23.371,-13.429,-0.010901
29.878,0.00033129,64.207,57.77,0.0076081
46.681,0.010872,53.581,44.971,-0.00167
66.988,-0.0085875,58.861,99.792,-0.012895
-4.8036,-0.010399,35.197,42.814,0.0053485
87.839,0.0076316,39.447,120.23,-0.003439
93.288,-0.01007,25.944,108.93,0.0057705
65.652,0.012136,53.611,62.328,-0.0053569
80.437,0.005914,44.54,46.822,-0.00098514
-3.2085,0.0028694,37.211,89.143,-0.0041158
56.505,0.0043321,46.09,75.134,-0.0029398
33.83,0.0039372,83.817,61.813,-0.0020736
65.181,-0.00088516,62.39,19.162,0.0070975
61.184,-0.001071,63.734,38.176,0.011005
41.19,0.017345,21.7,34.698,-0.0038342
38.506,-0.020059,51.434,88.695,0.0025469
86.048,-0.0076888,75.051,76.621,0.0069219
75.782,0.0065632,44.904,81.339,-0.011443
54.973,0.0072258,52.809,71.358,0.0085514
82.816,0.0054295,30.995,61.211,0.0042333
40.2,0.015403,66.617,32.301,0.008482
75.214,0.01366,9.606,115.79,0.0064011
37.498,0.0012005,46.439,61.747,-0.0090269
87.026,-0.0061242,62.196,126.71,0.0016051
23.802,0.0013479,50.414,68.743,-0.0018817
40.157,-0.00031708,46.856,62.607,-0.010287
53.041,-0.0056191,58.296,55.586,0.00091747
26.209,-0.011533,45.894,96.04,0.0021739
18.875,-0.0053861,28.477,47.254,-0.0044779
20.984,0.0079886,56.416,28.201,-0.0055548
40.038,-0.0076082,17.994,4.5875,-0.00097299
14.428,-0.0083211,75.355,-1.4375,0.012587
51.946,0.010334,12.541,38.613,0.00087331
41.459,0.010864,56.443,68.649,0.0065357
70.538,0.0021289,75.455,21.639,0.006586
73.905,-0.015015,24.207,52.437,0.0036762
41.887,0.0043346,55.108,71.879,0.0036852
12.441,-0.012245,18.952,9.9198,0.0049187
62.899,-0.0072427,95.396,68.462,0.0058901
38.986,-0.0076132,39.92,16.441,0.0064346
62.992,0.0088007,20.836,78.675,-0.0080667
56.299,-0.012696,56.909,98.734,-0.0018921
67.216,0.010653,40.863,50.378,0.0026315
29.428,-0.01518,59.849,84.361,0.0040827
45.253,0.01991,55.612,15.188,0.012265
90.66,0.0037757,66.562,58.555,-0.0022848
26.264,6.5197e-05,30.273,49.349,-0.0047339
43.782,-0.0064434,48.915,82.507,-0.003169
76.74,0.0032899,61.801,66.581,0.0033405
38.333,0.0030317,73.042,102.19,0.0055519
36.342,0.010028,45.608,54.64,-0.0086746
65.03,0.0077716,55.869,79.96,-0.0011711
77.935,0.0041649,76.997,63.78,0.0015323
53.481,-0.00067189,30.099,71.868,-0.0081371
68.879,-0.00024968,45.43,77.148,-0.0050868
41.946,0.0054737,42.144,43.656,-0.0083065
90.184,0.00038317,43.083,60.106,-0.0033208
27.748,-0.0037012,79.032,-22.426,-0.011664
56.718,0.0057244,75.483,115.21,0.003262
26.415,-0.0097973,95.638,97.068,0.0033819
95.586,0.0047539,69.211,58.026,0.003566
77.28,0.0086677,69.482,23.38,-0.0051621
12.017,0.0053349,67.835,50.798,-0.0023957
86.14,0.00021198,81.651,54.175,0.0049845
77.897,0.0050746,-5.5262,99.013,0.017723
87.863,0.00068844,10.234,31.376,0.0033564
72.46,-0.0060324,79.659,40.58,0.0076948
106.04,0.0020158,27.316,32.924,0.0061104
35.29,0.0090629,53.396,55.763,-0.0077094
65.521,-0.0015211,32.947,121.43,0.0029067
27.386,0.00017267,57.339,80.842,-0.018622
65.732,-0.017631,57.93,33.826,0.0063728
-3.2208,-0.0014713,23.646,6.8181,-0.0052551
18.994,0.0056326,90.379,91.774,0.0054925
62.103,-0.0021009,58.278,12.702,0.0071109
34.776,0.0028005,58.806,-12.717,-0.00013047
20.232,-0.0077815,56.098,104.72,-0.0099619
49.117,0.0012534,30.694,41.862,0.00011042
44.371,0.0012186,37.189,18.077,0.007116
82.982,-0.00927,2.2542,106.25,0.0057852
17.005,0.0027,74.185,10.969,-0.0016511
14.757,-0.0018023,112.12,-24.407,0.0071015
87.324,0.0050989,38.354,14.014,0.0026654
27.773,0.012516,73.656,79.741,-0.0024558
41.502,-0.0047397,108.64,30.822,-0.0058895
38.815,0.0013655,35.812,112.62,0.011913
29.976,0.011048,43.62,47.18,0.0022917
83.995,0.015376,95.765,64.732,-0.0038888
73.896,-0.0027404,16.711,64.493,0.0071561
66.056,0.018981,70.292,-21.379,0.0084427
45.149,0.027513,71.95,27.18,0.0035592
74.497,-0.0063595,51.84,58.732,0.00064669
83.473,0.0067134,66.501,44.456,0.0098556
4.7947,-0.0005664,89.513,-8.2459,0.0080001
55.847,-0.00098472,60.929,77.464,-0.00081949
40.511,0.00085886,76.796,77.178,0.0039198
-3.5147,0.0028961,56.21,27.748,0.0046567
69.708,0.0042563,63.205,82.595,-0.0089377
55.561,0.006509,29.652,-9.2985,-0.0040613
30.362,0.010543,36.237,103.97,-0.0020164
78.179,0.007213,105.4,58.782,0.00080383
84.856,0.0057205,77.696,37.232,-0.012404
53.959,0.012141,13.071,105.52,-0.0049999
73.007,0.0089859,31.209,96.695,-0.0032035
37.275,-0.004943,54.543,21.184,0.0035649
94.234,0.0081735,66.441,108.87,0.0022325
44.534,0.0027295,83.104,51.613,0.003269
67.992,0.0030137,66.55,-3.2061,-0.0039496
37.447,-0.0064924,68.685,73.826,0.0037314
35.075,-0.0015501,90.817,35.737,0.01033
56.065,0.0020515,47.909,73.245,0.0035842
51.743,0.005011,4.8967,53.019,-0.0011617
24.072,0.0042886,41.306,68.171,0.0040174
105.33,-0.00037848,71.791,42.415,-0.004811
110.47,0.0056117,86.867,-0.53591,0.0023739
25.192,-0.0029695,47.594,60.1,0.0023182
21.965,-0.012512,61.847,23.756,-0.011425
68.399,0.0014619,72.094,18.509,0.0061225
26.051,0.0069762,67.453,-22.518,0.0072623
34.953,-0.0084258,24.036,43.974,-0.0071697
62.638,-0.0046491,39.832,51.678,-0.0030835
62.508,0.008583,46.506,75.746,0.0078121
86.597,0.010092,55.814,75.817,-0.01158
80.373,-0.0036912,35.309,102.32,0.0039392
88.433,-0.0047429,20.487,5.7649,-0.0068963
79.186,0.013806,15.657,92.444,-0.0022801
32.438,-0.0056825,28.725,85.409,-0.012354
57.235,0.01013,34.948,24.113,-0.0045779
59.265,-0.010972,83.751,18.738,0.0060851
58.544,0.0078841,71.256,90.166,-0.0087107
97.624,-0.011082,45.056,53.619,0.0040667
70.305,0.0022112,63.678,79.905,-0.008236
22.824,0.0016224,28.853,64.842,-0.0077034
13.582,-0.0062354,57.796,77.853,-0.0024619
69.726,-0.003183,26.36,36.341,0.0055058
64.049,-0.0065746,25.32,75.526,0.005571
96.25,-0.021111,61.897,-6.3477,0.0023992
48.05,0.00715,63.633,19.659,-0.00217
88.712,0.007599,51.641,95.176,-0.0060328
41.996,0.015551,59.475,60.966,-0.0001034
63.269,0.011323,36.674,94.048,0.0049991
35.258,-0.001691,35.714,128.89,0.012288
98.86,-0.0032875,64.704,81.945,-0.0053173
68.096,-0.012204,42.362,71.355,-0.003142
60.546,-0.0032901,51.03,54.641,0.007409
14.858,0.0033595,16.8,59.805,0.005737
18.579,-0.0040404,53.458,55.242,0.0062246
41.217,0.003838,44.092,97.539,-0.0024215
47.511,-0.0080044,25.229,57.738,0.010966
65.663,-0.00019489,46.596,2.9196,0.015555
65.736,-0.0097461,33.773,77.013,-0.014988
22.898,0.013699,42.014,69.651,-0.011639
61.332,-0.0095871,47.87,40.806,0.0051402
47.03,0.012268,27.079,64.931,-0.00069755
84.001,0.01394,29.26,81.716,-0.0028972
63.379,0.0072489,22.766,69.675,0.0059114
55.704,-0.0069452,64.55,64,0.0036965
100.47,-0.0034079,67.004,72.859,0.006209
19.733,-0.0019842,29.85,133.27,0.0041908
26.35,0.0087195,64.006,41.633,-0.010311
25.067,-0.016837,81.894,69.508,-0.012274
22.343,0.0019772,50.685,39.672,-0.01203
55.039,0.0059342,19.775,-21.52,0.0060554
-5.7245,-0.0011475,37.291,-32.666,-0.012054
59.704,0.0091794,42.881,58.389,0.0037003
68.34,0.0052805,88.498,7.4988,-0.00162
43.332,-0.004203,53.06,12.357,-0.0011911
8.245,-0.0073543,56.108,17.132,0.010862
111.36,0.016145,44.847,11.655,0.0025843
61.347,0.010464,47.648,75.729,-0.0034802
59.577,0.0012305,29.233,20.474,-0.0011464
67.034,0.0044557,50.714,80.979,0.0022386
58.26,0.0035383,18.368,94.412,-0.005251
65.517,0.0002517,24.319,46.759,0.0077283
81.749,0.00069984,38.717,115.14,0.0017895
20.823,0.0046894,60.666,75.383,-0.0059882
40.178,0.0076346,69.12,52.872,-0.001952
88.789,-0.0060891,71.151,84.51,-0.010634
61.462,0.010811,68.735,55.283,-0.01042
47.328,-0.0043957,40.593,69.289,0.0052977
67.283,-0.00029002,44.372,84.607,0.00077373
30.282,-0.0050921,27.673,93.016,-0.00097158
94.294,-0.0064638,30.14,38.603,-0.00088651
44.123,0.0092935,71.948,1.1856,-0.0084256
55.773,0.0042981,21.906,74.77,0.0026119
76.155,-0.011876,75.2,48.194,0.0023241
41.168,0.0039157,68.382,65.136,0.011186
24.295,0.002639,6.8809,44.717,0.0048122
98.297,0.0036474,46.323,89.166,-0.0023943
75.327,-0.00051899,58.951,67.512,0.00027135
94.194,0.0061754,80.264,45.483,-0.0026145
18.126,-0.00093979,36.47,35.121,-0.011541
81.736,0.0039743,88.598,120,-0.001038
84.599,0.0043611,58.713,73.11,0.0081469
64.867,0.0012393,7.5741,91.223,-0.0016743
66.955,0.011034,62.961,53.045,0.0047672
24.898,0.013235,89.766,79.887,0.0055735
21.297,0.0087782,57.861,52.496,-0.0077059
81.121,0.0056138,65.972,76.89,0.012829
56.805,-0.00079993,23.381,-1.3283,-0.0086775
44.826,0.0013873,51.582,78.381,0.0011206
40.1,-0.014597,57.502,118.66,-0.013604
44.965,-0.015732,-0.7917,-71.718,-0.0086606
85.763,0.0030267,67.164,39.571,0.0054913
36.313,0.0026861,76.216,14.358,-0.023479
54.947,-0.013663,79.904,18.912,-0.0033141
58.735,0.0020745,63.214,67.427,-0.0042622
63.347,0.0033286,17.031,50.44,0.008887
43.506,-0.0042466,72.493,27.344,0.0067846
48.686,7.9275e-05,27.006,79.762,-0.007512
12.322,-0.007196,99.45,16.459,0.0044366
2.9085,-0.0082181,63.066,30.191,-0.0033524
23.952,0.016989,69.173,45.547,0.0049996
62.898,-0.0035975,62.566,107.32,-0.0014075
56.298,0.015212,116.84,66.975,0.00085487
25.757,-0.01738,73.97,81.696,-0.0010237
107.66,-0.0018724,-1.788,39.098,-0.0084299
50.929,-0.010111,62.292,93.198,0.0023098
64.628,-0.0012142,52.47,49.986,-0.0034533
25.993,0.004796,52.264,10.167,0.0021335
60.497,0.014113,59.258,43.027,0.00063707
87.827,-7.5639e-05,30.909,58.752,0.0082092
43.933,-0.0014963,45.901,101.53,0.011305
32.887,-0.00090457,75.201,85.546,0.017425
-9.8962,-0.0056868,41.961,34.742,0.0046215
45.303,0.0073017,51.912,73.985,-0.0038542
100.12,0.01411,67.088,47.97,0.015999
38.302,-0.022307,47.682,61.841,-0.0036127
33.294,-0.007457,48.458,-5.6401,0.0047328
68.494,0.0010621,59.984,56.555,0.012907
102.77,0.00074008,57.498,62.504,-0.00014702
58.176,0.0059219,76.417,65.751,-0.0019387
44.437,-0.0069285,57.36,136.96,0.014039
52.49,-0.0034928,4.5373,43.421,-0.00035839
-26.218,0.0035824,93.076,-1.4241,0.0069442
64.818,0.018768,93.222,91.64,-0.0074364
45.475,-0.0016733,-10.591,-10.981,0.0093607
26.624,0.017433,71.443,65.05,0.010095
44.161,-0.014784,47.915,31.732,0.0031239
36.007,0.010945,55.017,22.314,0.00037498
9.1074,0.009981,52.08,63.286,-0.0080008
61.366,-0.014452,39.49,100.55,0.0075874
35.162,0.0013788,31.864,55.031,0.0055632
-4.9419,-0.0018114,28.906,72.745,-0.0012101
66.389,-0.022303,44.796,11.304,0.0084692
43.832,-0.0034824,53.452,73.184,0.0065383
35.591,0.021473,9.07,7.1242,0.00088117
26.106,-0.0067298,39.975,70.239,-0.0013372
82.83,-0.0013653,51.46,43.603,0.0017488
24.306,0.014842,49.423,15.693,-0.0030603
48.541,0.014584,64.418,24.189,0.00047118
60.141,0.011104,19.16,96.014,-0.0010989
23.138,-0.0025161,0.60003,-10.268,-0.0036337
49.18,0.0060183,71.05,70.841,0.0049246
66.19,-0.0099522,64.944,63.139,0.0015564
51.701,0.009799,82.385,46.297,-0.00080696
44.685,0.0026912,-3.8126,88.546,-0.0025133
69.358,0.010287,89.765,64.505,0.0054767
22.483,-0.0066464,113.07,62.397,-0.0061772
29.509,0.0084826,92.434,71.753,0.0096828
26.329,0.013982,57.094,114.13,0.0057415
33.052,-0.0025505,71.337,54.901,0.003716
41.445,0.0062111,71.417,57.561,0.0016236
58.27,-0.020712,94.594,78.852,0.0061515
38.648,0.0097114,66.15,-0.11701,-0.0058641
106.79,0.0058066,66.109,-27.73,0.0033827
20.851,0.0047467,56.435,128.48,-0.0055471
105.49,5.8908e-05,58.113,40.891,-0.0051029
37.078,0.013002,52.813,98.615,0.0086537
68.307,-0.0011921,16.648,63.435,0.0038762
46.648,-0.0053543,83.517,-0.50306,-0.0015215
75.487,-0.015281,52.023,44.019,0.0011307
28.916,0.0081662,29.324,20.568,0.00029052
69.555,-0.0051598,119.36,22.312,0.00047854
25.469,-0.0071438,83.069,-1.9904,-0.0027924
72.131,-0.0036919,36.96,78.263,2.1846e-06
55.685,0.0040629,94.369,49.709,0.01016
54.263,-0.0063174,46.628,11.572,0.002651
68.142,0.0076739,50.932,98.061,0.0073847
44.256,-0.0018293,-15.42,27.815,0.0025474
26.574,-0.01154,39.191,21.91,0.0057968
45.048,-0.0055918,31.235,53.87,0.0064291
21.012,0.0010542,63.28,15.549,-0.0058079
33.786,-0.0063866,64.811,11.507,0.00093469
41.537,0.0058245,40.811,42.662,0.010146
56.538,0.0069473,58.873,15.995,0.0083832
9.1551,-0.022324,38.918,21.212,-0.010193
42.555,0.0058031,22.499,69.036,0.0027775
28.152,-0.011117,38.814,59.806,-0.010187
61.037,-0.0093172,53.52,42.792,0.0016638
96.05,0.002009,64.07,70.291,-0.005544
102.67,0.011725,28.736,59.725,-0.00076773
66.2,0.0044719,46.041,60.403,0.0068751
36.138,-0.011523,79.277,60.121,0.0060381
56.314,-0.0090285,37.658,68.817,-0.0017983
38.052,0.0023077,10.908,19.671,-0.00042006
68.01,0.019217,37.278,65.604,-0.0060845
45.086,-0.0011405,50.931,30.241,0.0017344
77.123,-0.0046123,60.298,32.669,-0.011908
52.705,-0.0064857,25.015,68.377,0.0013097
53.274,0.0027159,75.254,67.106,-0.007724
39.099,0.00079229,91.665,42.082,-0.00026472
66.735,-0.01046,29.174,72.481,-0.0067336
104.5,0.00068484,40.876,69.045,0.012314
78.182,0.015269,65.31,11.772,-0.0077754
44.739,-0.0036754,45.239,54.644,-0.003424
117.83,-0.0061489,57.688,23.626,-0.01158
94.723,-0.0059903,65.698,27.453,-0.00043815
88.307,0.015547,40.3,48.642,-0.0075422
56.543,-0.003992,85.689,59.452,0.0078845
41.55,0.002743,56.497,19.042,0.00094646
72.297,-0.011976,16.931,28.868,0.00031063
48.775,-0.0013555,73.431,53.321,-0.0011082
71.435,-0.0017914,41.07,106.38,0.00056716
77.022,-0.0031172,54.261,85.386,0.0032537
59.189,-0.00055162,36.912,90.959,-0.00051878
67.682,0.0046008,79.441,131.04,0.0073444
82.637,0.0044287,50.044,20.103,0.012383
57.804,-0.0016127,81.31,71.392,0.0041657
46.405,-0.010641,38.261,124.08,-0.0074042
-13.823,-0.0077294,50.158,46.494,-0.0064259
20.305,0.0049445,93.869,16.544,0.015375
22.036,-0.0055346,41.887,58.257,0.010729
51.167,-0.0062501,46.355,64.797,-0.0080386
19.792,-0.00095362,64.904,87.035,-0.016913
73.55,0.0035672,45.938,9.5935,0.0013993
23.32,0.0025344,47.909,92.99,-0.010678
53.3,0.015496,-10.741,99.82,-0.0081802
8.7859,0.0042126,57.802,99.793,0.003725
76.852,0.0085621,46.176,71.515,-0.0049469
60.21,-0.0145,29.35,51.979,-0.00064338
81.327,-0.020922,61.57,82.58,0.007749
81.209,0.0091796,40.247,40.685,-0.0027086
9.3771,-0.00040443,38.457,49.561,0.00043683
99.411,-0.014313,34.778,54.728,-0.0082273
61.767,-0.0075417,82.39,44.159,0.0024734
45.866,-0.0064394,47.537,109.14,0.010235
77.31,0.0081842,46.444,63.189,-0.0047887
103.01,0.013037,11.552,37.766,0.0053936
53.52,-0.0060738,38.278,35.472,-0.0080441
75.493,0.0072362,58.739,57.851,-0.0026061
72.713,-0.0012429,59.044,59.158,-0.0068078
66.448,-0.0012112,41.368,-13.198,0.00084646
66.974,-0.0077809,27.461,101.06,0.0072404
48.551,-0.013979,49.921,25.722,-0.0025285
34.178,0.0052585,36.281,47.972,0.0063192
75.812,0.0041303,17.307,14.599,-0.021682
69.161,-0.0061891,92.347,42.448,-0.010845
44.5,0.0060294,61.357,57.147,-0.0043229
72.643,0.0060941,31.069,23.36,0.0039496
82.219,0.0054628,73.746,56.967,0.0070165
70.117,-0.0018996,35.304,89.128,-0.011857
56.243,0.0053513,88.859,39.781,0.0012388
52.766,0.00167,60.093,116.24,-0.01218
60.94,-0.011028,34.611,59.947,-0.00356
35.451,-0.0096712,19.388,67.205,-0.0004382
60.067,-0.0054247,60.424,-19.491,-0.014484
31.281,-0.0012411,46.495,-14.397,0.0012659
56.817,0.0025024,84.946,30.542,0.0039891
56.904,-0.0089198,73.514,42.921,-0.0016706
97.223,0.016213,15.994,58.897,0.0098884
38.794,-0.0081113,6.7973,47.663,-0.0011885
43.81,0.0054406,67.193,64.731,0.0088351
56.072,0.0065592,35.152,113.11,0.00146
11.887,0.011456,31.209,-20.451,0.010927
51.782,0.020865,55.135,122.85,-0.0046641
38.605,0.015776,85.875,59.662,0.0050193
53.85,-0.0022836,101.87,9.0023,-0.005414
32.084,-0.0004115,69.291,10.874,0.002882
28.618,0.0015118,30.982,37.459,-0.0058939
77.108,0.0026967,8.4861,48.842,0.014448
62.942,0.006092,68.505,51.774,-0.0056265
37.527,-0.0080237,77.931,19.207,-0.0039128
51.966,0.0085324,68.581,11.924,-0.00020034
47.285,0.0021051,62.768,79.923,-0.002684
6.4539,0.004282,84.448,69.502,-0.0080538
64.32,0.0066203,45.283,34.791,-0.0057252
52.786,-0.0069138,53.506,46.844,0.0025497
52.505,-0.013785,60.472,22.269,0.0019899
72.106,-0.0044431,83.884,62.105,0.0064294
1.8375,-0.0024832,59.985,33.46,0.0018421
11.606,0.0044658,83.754,23.269,0.010485
56.946,0.0064067,64.288,106.5,0.0031642
69.187,-0.0018103,49.305,69.665,0.0063504
37.168,-0.015551,94.719,37.525,-0.0038228
37,0.0056337,40.143,77.879,0.0025123
41.277,-0.0030444,22.703,69.918,0.0023831
-1.4011,-0.0027579,60.963,78.817,0.0011445
59.993,0.010206,62.213,43.427,0.0094252
102.58,0.021737,54.122,139.43,0.011264
38.808,0.002541,64.422,72.654,0.002881
89.967,0.0070861,42.823,40.931,0.008956
27.515,0.0010936,73.836,20.17,0.0057862
47.561,0.0027072,58.188,84.875,0.0033918
57.919,0.0045415,103.4,4.0712,0.00075922
47.022,-0.010397,46.324,-8.0734,0.0053112
-16.803,0.0065287,32.947,94.756,0.0045702
77.057,-0.01024,28.382,93.754,0.0066213
67.949,0.0020505,72.213,59.101,0.0057581
66.536,-0.0022496,41.125,62.716,-0.0095813
95.217,0.010171,76.322,61.575,-0.009063
22.2,-0.0066397,43.595,65.372,-0.0028048
71.504,0.0025024,48.857,19.956,-0.0017394
31.397,0.0053973,52.647,62.311,-0.001323
3.3602,-0.0037547,44.738,125.06,-0.0061638
73.36,0.0052406,81.222,72.994,-0.0091214
60.499,-0.015447,74.64,37.964,-0.0027432
51.394,-0.013701,19.05,50.042,0.0069068
67.34,-0.019572,44.801,-9.9901,-0.001288
110.8,-0.0025149,37.898,55.306,0.0049195
72.351,-0.0011115,103.58,67.879,0.00094151
41.923,0.022567,12.386,57.783,-0.0054038
43.619,-0.0093557,38.354,60.469,0.0095649
96.387,-0.0013839,36.561,42.177,-0.0028982
83.418,0.0096514,54.4,62.84,0.01436
63.14,0.0021738,56.261,22.006,-0.012912
57.066,0.0057956,61.238,26.864,-0.020258
59.213,-0.0020562,109.36,86.202,0.01548
43.529,0.006021,58.353,104.22,0.005118
38.667,-0.0066792,69.115,93.046,0.010578
101.53,-0.018096,44.103,112.28,-0.0028298
19.256,0.010379,41.059,59.065,-0.0049291
-21.271,0.0090367,54.961,41.038,0.0033456
18.209,-0.013545,72.681,82.274,-0.0010517
77.624,0.0060468,48.566,104.44,-0.001427
98.183,-0.0023621,30.947,93.16,0.0074067
75.78,-0.0061154,50.005,81.992,-0.0021361
56.328,0.0096806,62.285,-1.5566,-0.0037887
65.206,0.0023324,76.721,7.6494,-0.00058735
87.652,-0.003082,70.864,79.351,0.0090946
88.929,-0.000149,109.54,49.615,-0.010829
79.768,0.0020565,103.04,47.75,0.012029
68.701,0.00047531,53.826,26.497,-0.0029938
1.5883,-0.0018803,76.14,53.548,-0.0016362
43.608,-0.0023363,59.628,56.693,-0.0045659
79.95,-0.0072326,64.829,62.367,-0.0025875
102.3,-0.013716,69.689,86.909,-0.0054603
50.467,0.0012693,37.845,19.973,0.010231
64.941,-0.012262,69.586,43.152,0.0016948
93.393,-9.8007e-05,50.212,83.983,0.0020566
10.153,0.016358,56.992,59.733,-0.00094385
86.55,0.024624,48.525,167.35,-0.0021102
65.418,0.0099673,56.55,70.632,0.00011648
38.049,-0.018997,18.732,25.367,-0.0038683
23.682,-0.0061542,34.796,51.334,-0.0022959
99.532,-0.0069217,87.146,73.734,0.010652
58.521,0.0046859,20.518,45.531,-0.011945
23.741,-0.00050325,90.94,47.017,0.0025738
48.002,0.0050951,76.906,15.444,-0.0094618
22.051,-0.011,79.474,67.045,-0.0075398
109.77,-0.0027575,74.161,24.797,-0.013242
54.471,0.0017106,34.272,72.495,-0.0023563
53.19,0.0071254,41.655,71.445,0.00052149
52.144,-0.0033609,66.169,70.917,0.0055735
59.347,-0.0037535,46.179,97.429,0.0099236
39.236,-0.0011064,72.135,9.2457,-0.0066716
40.28,-0.0006305,38.833,83.271,-0.0078107
68.418,0.004164,64.602,77.73,-0.0025337
97.982,-0.0014432,42.268,53.638,0.00035893
6.5784,0.011527,4.1178,47.913,0.0034719
47.418,-0.01626,42.32,45.843,0.0071802
36.877,0.0083481,36.191,112.88,-0.002903
45.164,-0.0014367,55.139,84.719,-0.010811
29.049,0.0024767,52.802,62.717,-0.0023739
76.304,-0.01081,58.407,-0.58479,-0.0035358
53.413,-0.0079401,41.464,16.934,-0.0025883
56.283,0.0059349,27.031,-19.641,-0.0061598
37,-0.0070756,90.692,85.06,-0.0081218
68.677,0.0070164,80.25,70.331,0.0037542
66.609,-0.00080907,79.579,67.727,0.004729
73.702,0.0026238,28.823,14.086,-0.0034797
39.062,-0.0017626,85.651,75.323,0.0066616
86.241,-0.00038029,56.178,65.277,0.0028263
32.422,0.011879,90.553,122.96,0.0049459
103.65,-0.0024749,96.518,103.81,-0.005041
16.852,-0.0046463,70.197,27.058,0.0022156
43.26,-0.0071262,54.764,103.5,0.00010425
27.435,0.0044901,31.663,-30.418,0.00046868
66.566,-0.0037742,39.612,20.148,-0.0034575
61.869,0.00020892,54.042,40.944,-0.0019957
41.317,0.014952,72.186,120.61,-0.0063019
21.561,0.015759,5.1739,67.227,-0.005986
61.282,0.01638,1.8261,7.0221,0.0017834
75.783,-0.010951,66.872,21.707,0.0080763
14.961,-0.015983,60.079,43.024,-0.0031471
55.38,0.0067016,41.633,123.14,-0.0057854
35.395,-0.010199,55.86,20.591,-0.010851
48.173,0.0012757,49.04,28.264,-0.0061624
49.772,0.0030808,40.898,42.548,0.00071303
50.956,0.00056583,23.42,92.96,0.0039081
65.341,-0.0025318,68.888,129.72,-0.0067532
44.73,-0.0059482,52.418,13.969,0.00032854
11.742,0.0042892,83.492,77.602,-0.0080743
34.988,-0.01109,15.752,47.183,-0.01282
82.969,-0.0039248,120.6,107.73,0.0090718
38.782,0.0074584,43.824,-0.77723,-0.0032811
16.851,0.016689,55.666,35.472,0.0020738
45.848,0.00017606,25.97,23.36,0.0038954
54.997,0.0073523,81.247,-58.351,-0.0050605
35.171,0.016314,41.928,5.2372,0.0055955
42.39,0.013318,44.272,51.286,0.0062472
24.292,0.004514,50.98,30.34,0.0053162
24.207,-0.0003765,37.597,79.328,0.0037162
82.991,0.004705,63.849,27.053,-0.0063831
55.284,0.0037619,25.333,77.991,-0.00012554
56.267,0.012698,41.733,97.094,-0.012287
49.327,-0.010831,48.831,46.504,-0.010469
34.848,0.002818,41.69,47.146,-0.0082757
16.447,0.0062882,68.474,5.5284,0.011259
68.246,-0.0012914,59.26,37.957,0.001503
66.025,-0.0039991,35.363,98.327,-0.0039859
45.424,-0.0012675,20.404,57.539,-0.0034766
62.091,-0.007152,23.242,109.26,-0.0056306
90.09,-0.018093,106.45,114.86,-0.0094437
62.572,-0.021052,58.497,-3.5195,-0.00013099
63.743,0.011306,69.532,49.592,-0.0015666
31.376,-0.008102,15.96,58.484,0.00079177
9.4431,0.0052097,31.245,27.392,0.010268
74.116,0.013404,74.763,53.299,0.00033078
72.658,-0.012494,62.077,22.616,-0.0040125
72.105,-0.0098455,50.064,59.525,0.01016
29.112,-0.0080826,39.436,97.244,-8.1352e-05
47.062,-0.014227,78.076,83.413,0.0029917
61.414,0.010326,50.053,90.592,-0.0041778
58.451,0.013084,73.613,94.432,0.0018379
65.333,0.010665,79.826,69.998,-0.0082822
30.796,-0.001439,7.6862,10.944,-0.00021132
61.927,0.0011624,25.003,88.615,0.0067281
30.934,0.0044067,81.052,117.94,-0.0061894
17.402,-0.0028651,51.497,43.766,-0.0071519
52.757,-0.0040346,73.162,52.009,-0.0062867
63.812,0.0014294,43.982,46.784,-0.0012268
64.292,-0.0017047,82.066,20.071,-0.0018678
71.139,0.0053999,34.245,36.271,-0.00755
55.516,-0.013948,54.925,38.304,0.012587
37.946,0.0078786,1.7248,99.556,0.0041401
28.284,-0.012746,39.763,106.5,0.00074913
56.329,0.0038967,96.63,54.575,-0.0042693
-30.724,0.019253,37.594,38.161,0.0036621
31.858,-0.0056848,26.975,37.685,0.001728
72.378,0.0056477,40.66,62.236,-0.0012439
12.299,0.0094367,41.935,79.4,-0.010319
69.067,-0.0010573,47,3.7985,-0.0062754
42.02,-0.0063881,11.457,19.174,-0.009033
80.113,0.024394,82.401,54.491,-0.0025373
38.745,0.0099864,81.133,37.088,-0.00055608
77.383,-0.0053816,79.789,78.759,-0.0001184
57.766,0.0060863,27.211,55.321,-0.0069972
16.696,0.0038536,53.973,74.104,-0.010133
29.818,-0.0011378,68.966,82.709,0.00089159
78.909,-0.007709,38.837,81.967,0.019242
74.466,0.011946,56.754,-6.2661,0.011236
69.277,-0.010446,45.348,70.972,0.010207
69.699,0.00022365,16.694,29.517,0.00026804
13.308,0.0035747,93.835,6.7183,0.00049274
111.37,0.0032272,41.299,25.39,0.0017958
26.771,-0.012493,75.107,46.146,0.0021642
71.459,-0.010387,13.195,122.51,-0.0017987
80.259,0.0032525,48.159,41.85,0.0071422
109.46,-0.001042,50.783,52.645,0.0018566
114.79,0.0023852,61.654,98.592,0.0040867
96.75,0.0045371,52.593,57.595,0.0021346
29.762,0.0059324,71.03,70.985,-0.0089035
53.664,0.007265,76.879,70.88,0.0010299
76.19,-0.018058,76.022,68.687,-0.0073317
-14.402,0.0024618,51.643,-24.442,-1.4845e-05
46.119,-0.0053467,50.342,84.023,-0.0055141
42.296,-0.0091676,57.328,27.358,0.0053133
50.256,-0.0074438,72.001,76.36,0.0028428
49.543,0.012097,0.27589,34.902,-0.0031591
12.658,-0.0065541,40.881,84.074,0.012335
47.655,0.0061711,44.903,40.241,0.0014568
47.78,0.002686,61.013,26.478,-0.0023838
79.17,-0.0073392,85.931,23.304,0.0064291
40.127,0.00099352,0.34957,17.275,0.0026219
41.09,0.010553,34.32,55.954,-0.012243
55.356,-0.0088804,84.134,119.43,0.00022543
39.054,0.0094974,39.803,-11.134,0.0063494
51.659,0.0023588,42.573,58.1,0.0049305
67.418,0.0079408,54.318,46.224,-0.00042485
20.897,-0.0070157,28.563,17.772,0.0006203
71.069,-0.005456,34.924,56.596,0.0013975
57.645,-0.006517,73.759,20.818,-0.003346
56.948,0.0067999,1.6457,22.009,-0.016047
55.326,0.012516,44.417,31.472,-0.0012476
41.476,0.0030691,27.723,22.243,-0.0025053
109.68,0.00076696,20.538,10.064,0.0029942
40.653,-0.0094153,19.607,69.116,0.0014798
38.784,-0.017404,41.354,58.025,-0.00052882
81.007,0.01337,62.407,7.1408,0.017122
47.448,0.0032689,51.561,2.4355,-0.0067572
46.158,-0.0081713,20.829,85.631,0.0026226
72.18,-0.011896,73.082,63.325,0.0065362
49.628,0.0068785,72.029,46.357,0.0089872
43.302,0.004651,105.9,61.099,-0.0044891
61.622,-0.0018509,42.147,68.651,0.015039
77.117,-0.0083477,60.071,63.361,-0.00017875
72.769,-0.0086076,46.25,58.704,-0.0011859
61.146,-0.0072985,25.788,35.438,-8.4659e-05
87.744,0.012257,39.128,75.628,0.0014719
34.231,-0.0028113,36.701,126.34,-0.0048064
62.735,0.0028426,78.77,14.689,-0.013527
55.129,-0.0048643,51.572,6.6578,0.0049655
55.04,0.011106,5.9515,140.89,0.0025454
32.544,-0.0031119,56.006,88.954,0.0043459
31.06,0.0093997,73.661,61.402,0.004823
23.957,-0.011774,17.479,55.036,-0.0071101
46.102,-0.017635,20.368,74.526,0.0022901
47.397,0.0071079,85.11,31.016,0.00067244
53.443,0.00034315,53.576,62.182,-0.00059722
83.053,-0.0019683,79.121,101.77,-0.004892
44.223,0.004982,77.961,22.568,-0.013495
81.172,0.0018638,51.091,124.23,0.0028898
63.091,-9.8241e-05,72.999,90.163,-0.0041863
68.515,0.0090997,51.683,42.054,-0.0016284
32.183,-0.0022463,108.35,74.365,0.0047869
56.5,0.0050473,20.72,98.456,-0.0051977
54.34,0.0051656,5.9926,65.333,0.011006
15.184,-0.010207,44.968,51.227,0.0041656
16.993,0.024714,60.218,64.447,0.0093334
47.991,0.011035,42.618,50.235,-0.0053596
36.127,-0.005245,70.572,100.05,0.00026117
55.621,-0.0011683,55.275,20.028,0.015844
28.931,0.0045673,54.997,38.9,0.00031134
68.18,0.007449,37.833,113.65,0.0087106
29.998,0.0065569,81.291,27.957,-0.0040272
46.7,-0.011055,11.269,73.415,-0.0089978
67.937,0.0058495,36.905,2.0989,0.014248
79.619,-0.0090186,34.448,67.745,0.010074
76.861,0.0042547,67.785,46.937,-0.0011326
59.927,-0.0027761,80.12,81.383,-0.0055962
75.328,0.014977,72.112,44.74,-0.008418
66.733,-0.0025396,20.109,73.52,-0.006297
96.627,0.011095,70.728,-20.977,-0.0062153
1.5412,-0.011822,56.506,67.122,0.0052418
47.682,-0.0042396,71.268,-17.276,-0.0036955
45.183,-0.0046645,49.128,25.829,-0.0061478
91.922,-0.013018,73.846,-10.267,-0.00092015
76.719,-0.0033583,-6.2605,95.899,0.011373
56.814,-0.008363,29.062,53.591,-0.0049624
104.65,0.0034608,29.039,68.434,0.0084
64.364,0.0080803,41.02,91.027,-0.0034313
67.813,-0.00058706,70.008,64.337,0.0053619
98.765,0.013942,76.01,50.564,-0.00098589
33.186,0.0079935,65.399,43.926,-0.0086153
58.661,0.0067143,75.875,57.938,0.0064814
92.275,0.0098338,12.063,103.19,0.00069831
77.587,-0.00075576,26.981,75.542,0.0035552
31.903,-0.0080342,64.45,61.724,-0.0048365
39.715,0.0017872,65.625,127.05,0.0011753
112.65,-0.010122,32.303,45.266,0.0024903
22.689,-0.011825,60.556,40.45,-0.016148
51.579,0.014406,18.627,65.839,-0.0044871
81.751,0.0052166,28.283,47.005,-0.0004958
50.519,-0.003986,41.444,3.4656,-0.0054619
64.212,0.0040576,11.552,48.501,0.0059219
55.18,0.0038576,40.059,59.085,0.011981
1.9171,0.0023316,62.29,43.038,-0.005939
82.948,-0.0069412,73.667,58.448,0.00055549
34.962,0.0073812,52.782,94.106,-0.0044219
58.806,-0.0057888,61.885,51.812,-0.0083497
30.855,0.0011043,10.24,36.452,-0.0016729
47.533,0.0041093,9.5305,36.358,-0.0016331
103.71,0.0056943,86.466,12.31,-0.012498
25.543,-0.0016236,56.398,104.77,-0.0049638
65.652,0.012798,50.682,66.194,0.0029699
94.153,-0.0076027,22.997,30.805,-0.0071339
47.336,0.02091,68.327,101.63,-0.0018154
29.511,0.0076252,43.163,49.641,-0.0057488
41.96,-0.00299,68.87,19.799,-0.0084636
74.777,0.00027685,58.687,84.264,0.0036904
78.613,0.0038278,37.207,84.994,-0.0062214
99.344,-0.0021762,16.769,60.48,-0.012023
46.485,0.0064572,20.267,102.7,0.010863
88.656,-0.01196,42.434,28.625,0.015199
37.599,0.003656,51.473,63.016,0.0081018
51.031,-0.00022491,53.733,32.025,-0.0012034
18.839,-0.00087018,46.873,23.421,0.0041487
52.829,-0.025105,21.199,29.224,-0.0045609
47.941,0.0064229,61.418,61.033,-0.011978
59.073,0.0067639,83.3,-15.966,0.014579
61.499,-0.0034808,28.597,78.583,-0.0015803
38.205,-0.00028985,43.888,70.067,0.016315
73.378,0.00059947,53.942,31.168,0.00090664
85.01,-0.0049566,61.643,56.32,0.0043533
80.31,-0.00017915,66.869,114.47,0.016011
30.467,-0.004905,53.513,41.199,0.0023757
71.071,0.010722,73.489,94.955,0.0032651
73.74,-0.0054267,58.127,54.471,-0.0024045
34.129,0.0024581,79.884,42.241,-0.0012126
28.646,-0.0085565,7.7856,91.828,0.00025304
25.81,0.0078317,28.052,2.5103,-0.008069
93.54,-0.0085186,84.18,0.51244,-0.008825
27.838,-0.0027627,80.127,33.716,-0.0078222
37.454,0.015377,51.454,75.98,0.0049004
77.208,0.0013529,62.478,80.38,-0.0014517
53.01,-0.0061513,44.317,54.961,0.00076154
66.727,-0.0076286,38.404,27.384,-0.010698
15.572,0.010057,41.856,71.727,0.0042875
102.59,-0.0013333,52.876,43.692,-0.00068445
19.668,0.0011691,27.86,71.485,-0.0015513
39.127,0.0083372,103.16,27.316,-0.0098423
31.329,-0.0048957,52.733,30.948,6.3483e-06
49.981,0.0027002,34.543,77.921,0.0063682
64.703,0.0059616,41.514,72.748,0.003764
22.294,0.010067,85.501,76.915,0.0016537
43.657,-0.0011751,50.53,75.397,0.0026876
45.344,0.014307,47.548,62.88,0.013368
18.604,-0.0096862,61.984,68.927,0.013854
56.213,-0.0080779,61.618,42.794,-0.0047094
72.002,0.020218,56.636,118.84,-0.007421
71.027,-0.0021419,75.363,126.29,0.0030691
43.385,0.01472,85.499,22.272,0.00025113
27.478,-0.0085541,77.903,92.692,-0.0074602
25.644,0.023003,39.413,67.309,0.0014723
57.307,0.0080825,77.649,42.98,0.01102
7.801,0.0036154,77.01,43.8,-0.0060495
69.681,0.013686,71.136,4.7517,-0.011541
31.099,-0.0034827,57.861,53.521,0.0065683
51.329,0.0025838,23.629,78.919,0.0072524
40.058,-0.0011993,24.226,48.888,0.0015523
13.455,-0.016126,69.507,66.17,-0.0043225
39.84,-0.013546,60.6,3.6306,0.018357
83.96,0.014476,55.582,66.013,0.021365
65.436,-0.0018889,24.36,-6.9856,0.0060713
97.363,-0.026666,52.798,61.106,-0.0010933
51.028,-0.011551,17.486,61.307,-0.015397
71.166,0.0020885,17.398,72.45,0.0071977
54.617,0.0109,31.472,47.981,0.0011988
39.822,0.0045862,59.986,88.608,0.005111
68.038,-0.01913,27.919,125.02,-0.0060189
58.969,0.0057561,80.469,117.26,0.0032704
21.517,0.0040382,7.5678,25.365,-0.013153
84.974,0.0036413,67.16,66.511,0.0033682
23.508,-0.0045636,58.566,28.292,-0.0055267
36.317,-0.0057953,73.844,53.649,0.003855
21.813,0.019874,61.172,114.18,-0.0019548
6.3402,9.2073e-05,84.938,59.319,-0.00017023
45.464,-0.004751,26.932,61.282,-0.0056139
25.448,-0.012324,34.801,34.518,0.0028109
45.084,-0.0028105,34.421,46.148,0.0014506
56.768,-0.0038179,96.03,90.81,0.0070627
69.618,-0.0049062,20.817,23.224,-0.0027515
-0.62205,-0.004907,-27.918,24.1,-0.0048587
53.005,-0.0056873,48.739,19.446,-0.0065463
59.243,0.0065799,75.318,68.607,0.008807
58.469,0.022797,-3.3297,81.513,0.0056464
115.25,0.0021567,34.102,83.333,0.0084925
38.96,0.0018205,9.2713,55.627,-0.006209
70.008,0.0045617,54.861,65.448,-0.0087633
49.336,-0.01246,68.129,51.025,-0.0014565
39.425,0.0052692,12.215,57.956,0.01307
61.277,-0.0011181,38.779,4.8024,-0.000375
26.479,0.0045907,50.558,40.553,0.0070513
75.34,0.0070685,58.835,27.324,-0.00094741
73.3,0.004936,70.531,42.737,-0.0042322
69.632,-0.003402,97.988,65.146,-0.0028522
97.943,-0.0082917,21.797,27.446,0.0086398
53.682,-0.0067683,24.369,89.996,0.015293
42.564,-0.0026542,32.72,45.601,0.0099808
27.491,0.014907,78.324,105.14,0.0017146
10.872,0.0025823,52.599,67.27,-0.0029794
77.909,-0.0021447,58.512,-32.196,-0.012012
56.707,0.0089927,50.94,46.117,-0.011744
99.804,-0.0035486,56.012,65.029,0.0022712
60.184,0.00027483,107.12,91.718,-0.0023244
63.148,0.0038519,40.683,62.491,-0.0023448
27.673,-0.0040826,37.868,88.35,-0.00018667
77.773,-0.012909,16.757,63.302,0.0016829
58.016,0.0058394,92.685,50.07,-0.001316
77.794,0.010719,72.147,30.151,0.00072557
77.243,-0.0015921,2.2458,42.93,-0.0031994
74.718,0.0037573,51.884,15.781,-0.0039006
37.771,0.0043258,66.655,52.707,-0.0079653
54.622,-0.01824,34.448,31.529,-0.002672
-2.4441,0.012584,61.358,54.181,0.013974
62.855,0.0079672,83.774,36.282,-0.0049293
39.737,0.0096878,60.775,92.043,-0.0008181
90.341,0.0024116,90.188,23.337,-0.0090627
34.235,0.0096012,36.184,6.8524,0.00093861
46.399,0.0025399,77.364,-11.767,0.0014897
57.174,-0.0034079,12.503,25.438,0.0030542
89.603,-0.0064575,24.042,33.754,-0.00029915
120.79,0.0057619,48.232,83.861,-0.0062
0.13974,-0.0013934,27.701,76.035,-0.0024603
71.965,0.0011681,47.184,67.782,0.003452
30.839,-0.011671,82.902,94.185,-0.0010943
58.638,0.0052145,66.436,23.414,0.0040186
100.75,0.0043174,32.622,53.47,0.0021517
68.625,-0.01557,11.666,25.376,0.0022887
35.992,0.0042293,45.173,26.448,-0.0080203
62.842,-0.002631,16.106,84.549,-0.01646
33.698,0.0029847,72.84,29.095,-0.0034476
23.245,-8.1269e-06,48.895,30.699,0.0064528
66.644,0.0074651,9.0746,6.1863,0.0053202
78.79,0.011119,29.844,77.709,0.0015662
79.798,-0.0032416,38.69,48.767,0.00043702
72.711,0.0069151,98.026,96.54,0.0056048
44.669,0.0017041,33.928,88.499,-0.0078332
58.855,0.011269,67.021,48.282,0.014895
120.19,-0.0058895,75.273,-55.262,-0.0051929
67.451,-0.0094152,58.461,75.209,-0.0025519
73.708,-0.015757,70.536,88.607,-0.0014799
24.548,-0.0054018,62.651,5.855,-0.00092853
50.348,0.0083536,34.835,95.072,0.0039934
51.919,-0.0066802,88.39,-13.317,-0.0082268
40.556,-0.001052,54.709,30.457,-6.6889e-05
72.245,-0.0025358,60.552,53.907,0.0019756
31.425,0.016706,43.919,-3.9947,-0.0063598
88.076,-0.0071404,41.637,22.832,0.0031407
51.351,-0.0026718,99.113,68.38,-0.0030855
30.213,0.0015202,3.3735,43.012,0.00038038
27.091,0.0044888,56.721,16.629,-0.0091317
61.812,0.0088865,52.774,111.93,0.00061223
24.179,-0.00488,58.632,96.403,0.0028927
67.412,0.00074757,68.993,53.251,-0.0098624
65.469,-0.010315,57.502,58.827,-7.186e-05
42.639,-0.0074267,42.926,32.163,-0.0034517
70.91,0.0059048,103.14,78.177,-0.009263
39.974,-0.015682,28.092,30.233,0.0035093
53.344,0.0075271,55.456,79.363,-0.003983
33.274,0.014421,48.041,70.934,-0.002853
61.238,0.0051093,52.522,84.848,-0.0040836
86.55,0.0014182,46.683,54.733,0.0036883
37.591,0.0094471,73.606,135.97,-0.00013185
76.742,0.0055327,62.972,49.803,0.006569
109.21,0.011124,41.309,26.293,-0.005159
41.67,-0.0011395,22.842,24.638,0.0057533
37.324,0.0032048,81.474,45.569,0.010009
26.43,0.0031465,82.01,55.125,-0.0062152
41.183,0.0078428,50.248,30.509,0.0052938
53.75,0.01393,66.747,52.868,0.0015505
50.915,-0.0090804,76.92,21.404,-0.0040711
42.389,-0.013213,68.807,45.877,-0.014516
70.55,-0.0089735,81.255,60.273,-0.0094463
7.8776,0.0058205,19.314,45.82,0.011558
32.932,-0.00594,61.04,60.401,-0.0006821
94.335,1.5525e-05,73.541,120.47,0.0043554
57.588,-0.00058456,95.683,48.219,0.0008736
86.947,0.0071378,54.562,81.229,0.0016768
58.695,0.01643,30.149,95.747,0.0066031
45.681,-0.0099964,62.463,19.642,-0.0021208
55.145,-0.016147,17.584,49.956,-0.0029133
50.735,0.010651,65.214,35.463,0.0023706
47.559,0.00012578,90.701,-24.665,-0.0022082
81.584,0.00063048,52.578,94.521,0.003589
79.543,0.0090678,56.977,94.73,-0.0057667
79.093,0.0058373,61.421,104.9,0.0068801
82.407,0.0091068,68.784,96.979,-0.0096862
62.921,0.0026185,87.657,-2.215,-0.00032893
67.558,-0.0061824,37.992,1.6032,0.0048044
82.006,0.020393,78.796,43.335,-0.00018123
46.994,0.0067547,46.489,30.211,-0.00047571
97.164,0.00017523,19.935,77.813,-0.00018055
91.16,-0.0037418,54.079,51.643,-0.0026304
75.258,0.0029738,35.179,78.294,-0.0028246
62.744,-0.0037865,112.93,41.74,0.013296
46.038,0.0015011,46.646,-8.2891,0.00026141
43.34,-0.0069439,70.392,111.63,-0.0019105
79.331,-0.013365,44.032,94.253,-0.0047034
4.0319,0.0072714,46.762,85.592,0.010381
54.097,0.018146,55.301,55.269,0.0061451
72.179,-0.0091591,46.898,36.611,0.0063494
75.647,-0.008452,51.568,70.669,0.012643
63.442,0.0013821,45.076,75.343,-0.0007273
43.033,-0.0079934,46.247,73.589,0.012053
40.577,0.011287,75.923,25.527,-0.00083735
37.84,-0.008303,60.379,88.163,-0.0037269
41.797,-0.008869,23.89,56.382,-0.007727
28.913,0.0056289,61.007,-9.5186,-0.0074308
28.696,0.0041037,48.835,93.569,-0.001308
81.627,-0.0062749,64.94,39.833,-0.0053848
49.432,-0.0014173,76.803,84.97,-0.0014394
46.363,-0.0050848,35.848,47.833,0.0079088
95.679,-0.0080239,25.71,86.801,0.00088546
60.426,0.016655,23.047,47.481,0.0042614
57.718,-0.0030866,88.021,19.237,0.0032044
13.282,-0.010679,53.281,6.0117,0.0055825
91.113,0.0035977,52.451,64.209,-0.010371
80.703,0.014101,21.469,-3.7824,0.0053872
40.894,0.011333,12.226,35.925,-0.0052993
81.358,0.0078156,24.942,72.404,-0.003875
79.639,0.0019749,45.564,108.15,-0.007156
68.265,0.0016972,50.471,96.386,0.0029903
48.742,0.00096264,0.31747,83.708,0.0049336
114.23,0.0023636,92.319,78.323,-0.00060037
85.058,0.006935,44.431,94.582,0.0021634
15.935,0.001511,42.071,26.8,0.0031502
56.793,-0.0086064,57.982,25.439,0.0038106
53.387,-0.012357,67.168,97.743,0.0079809
-10.206,0.0046343,46.484,83.402,-0.0013272
8.0031,0.003761,63.757,47.09,0.0027311
15.003,-0.0034758,46.079,54.168,0.0019027
62.218,0.001111,21.778,90.977,0.00065309
35.899,0.00078352,56.873,57.019,0.010668
53.386,0.011023,73.702,81.024,5.0706e-05
14.27,-0.011727,80.418,96.161,-0.0035946
38.839,0.00084438,3.4349,34.434,-0.0023755
29.938,-0.0068239,67.088,68.64,-0.0059474
58.504,-0.0039282,64.883,93.62,0.0060137
30.524,0.0086786,26.295,40.565,-0.0093613
57.416,0.007666,60.249,9.4417,0.0039215
56.549,0.014885,52.039,30.75,0.0090611
55.109,-0.0068327,52.564,2.6443,0.00056939
76.833,-0.0096478,14.283,96.438,0.00093601
51.979,-0.0017165,24.674,68.523,-0.0046394
31.974,-0.0039422,76.161,72.497,-0.0047311
42.532,0.0047938,29.483,48.563,0.001363
58.718,0.00065288,38.239,37.317,-0.00457
1.9132,-0.0032774,61.554,55.231,-0.0061239
70.265,-0.0063869,47.726,56.954,0.0027227
90.777,-0.0032654,56.038,31.761,-0.0091618
11.52,0.0076599,36.3,41.455,-0.0075495
13.275,0.00058695,32.814,55.242,-0.0019116
65.272,-0.0096103,17.107,80.586,-0.0054547
42.01,-0.0042579,36.844,93.893,-0.005014
25.635,-0.0028996,18.134,79.231,-0.00084505
87.758,0.012395,41.568,67.912,-0.0045482
103.21,0.0027622,24.125,98.881,-0.012043
57.405,-0.0070343,70.678,35.513,0.0078093
41.426,-0.0035079,-9.2624,57.366,0.001207
50.767,-0.01224,26.098,37.172,-0.0011138
71.127,-0.0059567,8.632,34.088,0.0016483
92.832,-0.00093388,24.214,46.675,0.002157
54.358,-0.003357,76.867,115.17,0.00022773
44.742,-0.0060328,40.978,73.669,0.0098532
108.26,0.014561,77.161,68.238,0.00083552
49.689,-0.015511,71.904,66.919,0.0028883
50.173,-0.010305,44.335,80.055,0.0043947
25.757,0.0023519,72.942,43.603,-0.0086252
80.189,0.021033,12.034,38.156,-0.002159
104.49,0.0028799,69.352,55.743,0.00029147
70.268,0.014716,62.34,68.946,-0.0060616
58.273,-0.0094361,28.949,63.528,-0.013344
61.988,0.0030827,56.143,55.298,0.0025385
110.09,-0.00017823,65.16,40.679,-0.011554
34.445,-0.0050789,79.653,50.732,-0.0040596
82.683,0.0035639,100.46,33.884,-0.0019305
112.74,-0.0016647,68.658,44.348,-0.0076454
66.809,0.013615,21.124,41.761,-0.0072209
7.9099,-0.0076101,20.825,79.423,0.0054768
38.962,-0.0020015,13.172,129.05,-0.011953
36.063,0.012641,70.27,78.231,0.007044
-3.2859,0.00088401,39.614,39.52,-0.0045523
50.05,-0.0092634,52.931,52.842,0.011848
36.375,-0.010694,36.314,56.586,0.0039886
35.172,0.0022773,70.021,80.374,-0.00021238
88.728,0.0059725,30.681,79.094,-0.0046743
8.368,-0.0047395,29.327,78.701,0.007659
74.924,0.020643,43.839,94.065,-0.008249
24.936,-0.0024938,61.749,13.187,-0.00044838
41.596,-0.0063078,53.871,69.542,0.0018652
67.709,-0.0087949,23.175,71.324,0.0017872
71.553,-0.0020528,74.808,47.975,-0.0050531
44.781,-0.002132,51.215,16.448,-0.0065106
56.766,0.0098205,63.143,90.484,-0.017556
53.116,-0.0039794,49.1,43.862,-0.00391
120.95,-0.0056507,59.06,80.748,0.0054206
44.828,0.014128,42.286,19.773,0.0017904
93.686,0.011052,18.123,58.153,-0.003108
96.065,0.0091849,69.962,28.577,0.0025475
63.152,-0.0075833,46.257,63.408,-0.0079081
87.875,-0.0029497,66.276,112.92,0.0095513
57.654,0.01111,75.539,57.399,-0.011331
42.437,-0.0074388,55.874,93.002,-0.0047268
67.266,-0.00034288,50.122,48.602,-0.012217
33.102,0.012062,46.397,30.949,-0.015332
53.607,0.0027642,65.121,47.506,-0.0012534
63.027,0.00013018,45.391,118.36,-0.0073324
67.391,-0.00057846,42.689,31.513,-0.0040836
41.732,0.0041453,34.769,77.274,0.0051503
44.679,0.0199,74.86,38.212,0.0010462
38.035,0.0026298,65.711,25.003,0.0047075
31.167,-0.0056791,36.416,32.061,0.0037623
35.586,-0.0017481,69.801,43.462,0.0036084
39.874,-0.0083918,20.637,50.901,0.0053249
44.98,-0.002849,32.914,50.258,-0.0069214
47.912,0.005885,64.659,110.75,-0.010568
82.178,-0.0081236,101.02,49.723,0.00022019
97.964,0.0023393,20.417,96.918,5.2431e-06
3.0309,0.0024718,76.937,25.885,0.0054298
29.705,0.01299,55.432,143.01,0.0098963
59.536,0.0048772,10.142,95.453,-0.0029181
61.201,0.0071768,63.628,58.629,0.014423
53.208,0.0092844,95.388,39.567,-0.010203
65.591,0.00058856,56.688,78.733,0.0027581
-0.40541,0.0090785,30.833,132.06,-0.0035639
22.655,-0.0016427,55.833,16.517,0.0066249
48.935,-0.0078765,65.558,71.803,0.012087
49.074,-0.012666,60.332,57.622,-0.0082803
82.662,-0.011184,40.297,63.145,0.0099074
56.392,0.0044259,18.315,106.04,0.0062434
2.9867,0.013249,28.625,46.068,-0.0054565
46.139,-0.01365,-0.19634,56.982,0.0086067
-10.926,-0.0083224,53.078,41.06,0.0024626
38.151,-0.0063563,15.135,35.188,0.0048371
53.64,0.0007745,-5.7554,85.08,0.0023767
57.36,0.0051485,102.3,9.0983,-0.0028827
30.642,-0.013749,79.092,31.637,-0.0061013
24.325,0.0011507,62.81,107.68,0.0042521
36.698,-0.0076511,66.122,51.658,-0.0089237
83.703,-0.0042158,67.41,108.93,-0.0020296
46.898,0.0066716,39.672,75.996,0.0011782
75.3,0.0063514,34.411,85.632,-0.011358
54.242,-0.0036476,70.631,50.477,-0.0036456
50.357,0.0039147,48.355,19.762,-0.0046852
62.813,-0.0017776,35.003,31.879,-0.0070874
48.442,0.014661,52.208,99.746,0.00029912
78.179,0.0016676,62.836,36.396,0.0018428
72.149,0.010834,79.465,44.063,0.0070307
75.768,-0.0047316,-19.864,105.33,0.0059353
16.802,0.0025184,27.003,23.169,-0.0010647
68.726,-0.000756,54.942,-1.3868,-0.0048152
68.155,-0.013414,39.042,42.537,-0.0061464
44.01,-0.016007,78.185,27.864,0.001625
46.147,0.0026758,81.742,27.828,-0.0042744
65.24,-0.003498,30.58,58.034,0.00023956
39.656,-0.007833,93.359,-8.5274,-0.004463
67.701,0.011128,40.61,63.555,-0.0033903
85.325,0.0097171,30.126,74.113,-0.0040755
98.433,0.0056748,1.0962,62.013,0.0063784
28.279,0.0033442,22.981,-6.5,-0.0031061
46.578,0.00081268,69.114,103.36,-0.0077138
47.855,0.013494,90.949,67.297,-0.00045086
25.687,-0.0014565,39.569,68.862,0.0046174
46.595,-0.017986,98.405,19.032,-0.0018459
70.867,-0.0031174,73.075,55.553,0.0012013
66.312,-0.0051234,24.458,79.294,0.0012276
36.671,0.0029055,67.728,101.67,-0.0023072
75.322,-0.01558,67.156,39.878,-0.012062
37.305,-0.012032,33.401,69.488,-0.015002
73.689,-0.012387,-14.201,46.445,0.00048841
59.775,0.011593,54.412,22.768,0.0048825
29.266,-0.0099361,41.447,58.355,0.0044401
64.089,-0.00039469,58.597,19.957,-0.0058183
35.038,0.0042408,-7.9261,84.665,0.009915
1.3665,0.0090318,21.066,31.019,0.0073581
49.33,0.015936,56.303,27.264,0.000849
59.592,-0.0077611,33.478,19.498,-0.0028047
36.653,-0.00089129,48.763,35.186,-0.012494
93.799,0.016387,58.362,25.096,-7.2667e-06
111.61,0.0032191,39.711,64.939,-0.0006257
86.515,0.0042493,76.121,44.573,0.0025809
11.764,-0.012865,31.425,28.414,0.00069425
91.578,-0.0053313,32.742,93.205,0.0075025
70.623,-0.003206,102.74,86.565,-0.010178
52.25,-0.0034001,51.681,27.392,0.0044396
46.215,-0.015389,61.367,64.256,-0.010366
23.257,0.0061473,72.313,60.794,0.0096033
52.778,0.021563,63.591,48.317,-0.0022309
33.623,-0.0023611,82.633,15.313,-0.000575
62.248,0.0054951,32.833,81.6,-0.0044954
72.438,0.0050512,32.084,23.395,-0.0040378
105.23,-0.002534,66.395,2.8647,-0.0024499
60.115,-0.0083592,76.563,9.2996,-0.0089496
56.421,-0.010672,68.644,3.9669,-0.0043752
74.547,-0.001547,55.932,43.533,-0.0010567
45.349,0.008851,41.587,90.436,-0.0096786
65.45,-0.011506,73.542,21.071,-0.0087102
64.867,0.018118,67.167,109.42,0.0070441
22.734,0.01237,34.37,33.865,-0.0031252
50.162,-0.0019214,49.193,-4.6331,0.011072
79.818,-0.0016936,59.621,72.048,0.0028799
55.443,-0.012396,14.152,44.442,-0.0031339
58.63,0.00023562,107.03,58.614,-0.01244
51.364,-0.010079,89.876,86.825,0.0010256
41.904,-0.0012152,97.76,74.034,-0.0025063
115.15,0.00053868,28.598,9.5431,-0.003982
61.101,0.0029187,67.13,-0.78613,-0.0093615
77.279,-0.0027704,47.965,47.155,0.0037462
83.292,0.0058137,68.625,9.5423,-0.0053752
51.792,0.0047752,53.076,13.71,-0.0045368
38.592,-0.015697,60.971,30.939,0.0063135
60.818,0.010003,74.209,73.642,0.0008979
11.899,0.001002,33.965,77.052,-0.00080955
49.663,0.0064435,72.014,2.6534,-0.010678
104.04,-0.0098057,22.372,28.644,-0.0059565
45.834,0.0043156,62.499,46.005,-0.001442
10.935,-0.0043185,52.447,69.03,-0.0099178
69.539,-0.0073132,74.262,55.43,-0.00062145
-0.78163,0.012021,64.724,93.918,-0.004685
49.969,-0.010182,25.911,115.73,0.0041405
21.048,0.0021905,56.531,6.097,0.0019255
29.426,0.00079748,42.489,64.328,-0.0013482
59.927,0.0026303,78.691,31.21,0.0063747
62.109,-0.0062509,38.31,101.15,0.0054651
51.342,0.00079044,19.892,50.342,0.00018848
28.268,-0.0053136,59.267,73,0.013078
1.6527,-0.0092081,40.677,107.65,-0.0072631
89.058,0.011304,56.284,67.18,-0.001431
73.711,0.0083203,77.982,37.222,-0.0026722
89.537,0.0053803,62.801,110.27,0.0033715
65.42,0.002134,79.901,60.432,-0.0041294
38.732,-0.0045373,90.106,72.192,0.01599
40.724,0.0025895,44.505,16.987,0.012066
41.911,0.0068101,50.181,107.38,0.010523
40.222,-0.0062946,52.48,62.302,-0.0036146
38.051,-0.0043202,39.784,2.0945,8.4094e-05
29.815,-0.010667,43.276,-17.871,-0.0082452
64.206,-0.0027092,76.417,1.9845,-0.0030347
16.925,-0.0076654,54.733,52.301,-0.00071168
37.499,0.0043772,58.325,22.144,0.012286
51.831,0.0069723,78.347,20.476,-0.013042
34.855,-0.0039424,72.41,106.83,-0.0043752
17.386,0.0062567,13.418,40.578,-0.012217
58.867,0.0084726,46.361,93.923,0.0053179
35.196,0.011823,69.156,124.09,-0.0027438
54.211,0.0018873,31.816,27.044,-0.015464
65.59,-0.0090943,52.345,30.355,0.00048721
59.698,-0.00078794,22.809,57.147,0.005505
96.55,-0.001853,55.992,87.523,0.0062161
51.417,0.0083256,36.7,37.271,-2.6077e-05
76.051,-0.0028994,95.294,98.152,0.0035013
46.007,0.023237,28.096,24.075,0.0043622
27.951,-0.0084926,35.854,83.775,-0.00041504
48.615,-0.013485,41.171,95.174,0.0067988
62.953,-0.0077305,11.492,67.713,-0.0059976
111.25,-0.0029122,23.852,39.894,-0.0064331
85.623,0.0072942,56.627,73.227,-0.002842
12.419,-0.0021786,30.467,19.493,-0.0077234
4.4715,-0.010407,39.622,50.715,-0.0011362
59.645,-0.0090486,49.649,80.971,-0.0043969
29.194,-0.0034346,47.908,48.653,0.015165
55.238,0.0038901,76.627,51.884,0.00032155
25.443,0.0027753,42.452,30.282,0.0036931
69.434,-0.012979,49.713,66.836,0.0070127
45.369,0.0091549,65.444,77.392,0.0084347
54.599,-0.011124,84.621,-19.08,-0.0078367
51.757,0.012599,47.898,28.45,0.0003471
17.406,-0.0049624,17.518,40.723,0.014795
36.296,0.0032348,62.218,9.3035,-0.0030096
2.6029,0.00167,47.104,29.106,0.00075342
22.204,0.024477,65.565,97.868,0.0010116
49.358,0.0037954,74.932,11.027,-0.008507
57.166,-0.015884,61.986,109.97,0.013733
41.018,0.0037637,65.755,54.292,-0.0083691
0.2425,-0.01144,46.85,70.03,0.006291
79.724,0.0059336,48.483,65.61,-0.0054293
37.666,0.024819,48.932,100.68,-0.0021501
32.546,0.011685,51.052,85.78,-0.0077109
93.231,-0.0068888,57.355,22.797,0.0024805
48.303,-0.00312,40.964,77.622,0.00016767
39.497,-0.0050672,48.352,28.619,0.004685
36.079,-0.0086013,67.531,67.328,-0.0086869
55.662,-0.010638,82.875,126,-0.0076123
88.977,0.001128,52.183,104.37,-0.0062801
35.446,-0.0073923,84.684,44.222,0.0081256
65.602,-0.0048998,-7.831,34.448,0.0090963
62.059,-0.0023684,44.304,142.07,0.011857
41.251,0.0059799,72.786,46.103,0.0033572
34.601,-0.012135,17.393,32.466,-0.00049804
63.864,0.016216,28.868,36.21,-0.011787
42.897,0.0047863,68.15,45.364,0.0040689
7.8035,-0.0034793,63.475,-48.007,0.0015604
55.405,-0.0098105,73.746,26.29,0.003467
51.071,-0.0047688,51.795,-1.8326,0.0044195
54.748,0.0044167,25.375,42.543,-0.0049545
89.064,0.010495,51.435,-34.785,0.0027178
94.623,-0.0012566,89.132,38.501,-0.0065037
38.1,-0.011862,88.093,50.944,0.0071424
35.613,-0.012402,41.999,91.125,0.00070242
65.316,-0.0014286,78.212,43.805,0.0052861
55.424,0.010687,33.887,24.1,0.016354
56.799,-0.0010804,15.666,79.013,0.0020462
54.035,0.013632,41.358,120.33,0.0013587
29.058,-0.0020109,72.98,39.481,-0.0066278
50.706,0.0066501,37.94,46.274,-0.0067303
51.115,-0.0038323,101.07,68.612,-0.011844
10.375,-0.019863,38.44,40.551,0.0098933
67.629,0.0041664,45.785,61.249,-0.0019163
0.27903,0.011721,54.912,37.184,0.00043342
46.799,0.0015394,37.718,65.311,0.0090955
18,-0.0067446,52.245,18.633,0.00064424
60.818,0.013551,68.805,13.521,0.010392
72.414,-0.002536,36.77,46.908,0.0029554
66.822,0.0031401,10.405,-6.421,0.0026006
33.622,3.5843e-05,86.727,63.04,0.0011034
63.948,0.024284,52.825,96.78,0.0017773
42.343,0.0034178,65.703,54.045,0.0052945
51.033,0.0030709,29.221,37.93,-0.0077786
79.325,0.011026,68.837,8.2572,-0.0019581
69.214,-0.0011043,33.286,121.15,-0.0043632
49.117,0.00083384,24.134,21.668,-0.00024752
69.621,-0.016673,43.053,34.017,0.0084137
47.958,0.0091691,83.754,53.933,0.0014316
68.221,0.00029123,45.165,66.777,-0.0063588
97.082,-0.013584,78.991,74.155,-0.0046362
26.485,0.0032822,78.924,-19.23,-0.00025037
105.83,-0.0092839,71.029,3.8093,0.0017601
101.81,0.0060539,54.368,93.549,0.0077226
10.422,-0.0063623,9.4824,120.25,0.0056622
80.784,0.010111,56.39,80.509,0.002461
43.395,-0.0014827,47.233,52.115,-0.0071919
43.497,0.0078424,116.29,13.881,-3.855e-06
40.324,0.011998,13.16,40.091,0.0044799
54.598,0.0086061,63.28,60.782,-0.0036662
40.178,-0.0023632,62.491,59.935,-0.0021204
63.97,-0.0011973,40.453,32.207,0.001014
38.808,-0.0024666,67.86,40.771,-0.001841
47.406,0.005725,25.836,31.568,-0.0017444
44.41,-0.012828,65.944,63.365,-0.0014161
118.77,-0.0025139,62.304,83.331,-0.0081935
65.044,-0.01215,69.911,54.568,-0.0044532
22.377,0.0019898,15.727,67.996,-0.00043601
35.275,-0.002627,52.446,82.916,0.0023967
23.038,0.00087605,76.114,102.11,0.012738
64.237,-0.0019863,15.561,-18.222,-0.018802
56.824,0.014105,58.768,-10.931,0.0073638
66.765,-0.0014768,26.267,61.923,0.0055498
30.851,-0.0055398,66.508,89.605,-0.0097612
-0.29742,0.0060897,84.8,42.273,-0.00011598
11.632,0.01014,28.311,5.6821,-0.0021174
71.668,-0.015947,82.251,77.541,0.0041026
87.814,-0.0094757,47.719,23.827,-0.0023466
101.52,-0.0077523,24.454,53.936,-0.0076179
95.241,-0.0055174,68.535,156.33,0.00046792
49.151,-0.0034288,51.838,70.077,0.00085481
93.808,0.0048408,86.844,116.95,-0.0016532
72.65,-0.0039848,59.382,29.042,-0.0017294
24.007,-0.0020636,53.347,50.071,-0.0046932
79.997,0.0076564,83.704,153.19,0.0043273
35.96,0.013877,26.969,105.82,-0.0040928
39.997,-0.0082604,77.008,-11.793,0.010011
54.613,0.012218,41.539,62.129,-0.010716
44.112,-0.010545,49.126,50.017,-0.002766
47.525,-0.013146,89.098,78.773,0.0075412
27.826,-0.0066902,72.785,81.777,-0.0027482
53.197,-0.0015949,69.906,73.565,0.0021671
88.452,-0.00080913,32.168,115.48,-0.0058977
62.141,-0.0073513,63.299,48.048,0.0031454
43.016,0.0028704,82.188,57.115,-0.0015122
45.55,-0.00050991,77.329,59.956,-0.0083908
33.259,0.0067679,57.441,-15.719,-0.0017986
63.048,-0.0096411,84.569,5.8151,-0.010985
89.137,-0.0058597,28.617,77.677,0.0047852
36.401,0.0066873,54.768,91.442,0.0026788
35.555,-0.0040503,79.835,-59.301,-0.0055727
44.926,0.0012952,52.965,-33.465,0.004649
46.2,-0.002654,92.963,54.582,-0.0023943
54.298,0.01078,57.092,20.883,-0.013349
45.656,-0.013833,79.779,42.246,0.0076914
25.416,-0.0091727,65.641,93.082,0.0062131
65.137,0.0029663,17.165,30.298,-0.0011747
30.817,0.0027591,51.231,18.893,-0.0045507
60.493,-0.00033339,34.278,126.24,0.007253
38.598,0.001505,52.813,89.794,-0.0023599
107.49,0.0019044,75.253,26.325,-0.0022452
18.008,0.0096539,61.707,46.598,0.00054954
22.586,-0.005247,69.442,96.027,-0.0067508
21.089,0.002158,79.083,36.89,-0.00082678
55.991,0.0057605,40.845,16.068,-0.012485
73.577,-0.001233,97.888,67.196,-0.0045775
76.933,0.018037,23.58,44.594,8.1657e-05
69.755,0.0078823,30.955,36.182,0.0035709
79.62,-0.00065477,49.714,-13.31,0.0025749
55.322,-0.00035853,54.47,51.406,-0.0090505
42.649,-0.0063376,71.227,29.483,0.0050282
45.958,0.01169,33.403,30.833,-0.0058946
25.027,-0.0053491,56.527,57.648,0.0045842
34.793,-0.0037281,72.361,91.812,-0.004306
22.001,-0.0082073,39.412,57.116,0.0028512
94.814,0.014333,57.465,75.896,0.0065236
49.033,0.0041417,78.814,66.592,-0.00098346
60.831,-0.01806,62.142,118.42,0.0092676
44.402,0.0058628,60.176,42.975,-0.001756
14.973,0.0026277,51.307,93.605,0.011426
51.889,0.00095766,37.055,40.499,0.002221
8.515,0.0057977,89.302,64.842,-0.0008524
98.641,0.002836,40.348,72.897,0.012001
56.26,0.0050643,87.761,94.06,0.0018135
109.43,0.0049344,34.725,36.61,-0.0022648
85.371,-0.0092402,33.826,49.464,-0.000749
54.526,-0.0065639,70.069,65.169,-0.0029556
