150.53,0.0068679,131.79,166.04,-0.04227
159.67,0.07174,140.74,148.83,-0.10118
133.11,-0.099149,148.7,101.1,0.020934
152.02,-0.14778,139.06,84.691,0.19458
138.79,-0.010574,146.86,194.92,-0.087996
144.15,0.083713,143.35,-90.864,0.1037
149.15,-0.023013,147.68,204.38,-0.051691
137.27,-0.044102,155.77,194.15,0.015662
149.22,-0.042684,150.84,-45.98,0.023692
142.27,0.002021,163.05,3.0121,-0.0062561
156.53,0.011441,153.43,-38.667,-0.075395
144.5,-0.035571,143.54,50.711,-0.090523
147.08,-0.063228,152.27,-40.487,-0.070656
145.73,-0.01903,151.88,67.608,-0.004815
137.44,0.015414,132.15,258.78,0.050284
141.58,-0.022344,144.91,36.855,0.044712
149.43,0.084932,131.49,44.974,0.0080223
148.2,0.0048914,138.56,155.97,0.016588
137.47,0.035482,129.61,-74.294,-0.02404
154.75,0.067454,129.65,59.871,0.13152
140.55,0.038706,128.86,95.47,-0.018286
149.81,-0.0065518,126.75,15.718,0.054713
136.44,0.036989,135.88,171.57,0.045477
135.35,-0.0034181,121.4,9.9973,-0.01106
126.3,0.10431,115.62,106.45,-0.061617
128.24,0.089978,125.76,-5.9266,0.078599
103.72,0.10267,104.59,134.2,0.057528
121.48,0.044441,114.9,107.76,-0.058927
115.67,0.067734,117.24,123.96,-0.038247
114.71,0.046635,103.89,101.12,-0.049468
113.04,0.010406,103.03,281.24,0.024153
117.64,0.062235,99.397,204.26,0.072437
116.57,-0.017929,119.37,-11.754,0.027687
111.71,0.087681,121.53,39.726,0.061341
120.56,0.08411,109.82,-55.885,0.06052
121.2,0.024229,116.1,195.5,0.059452
116.84,-0.062769,120.17,257.24,-0.0060071
128.44,0.0072273,109.96,264.44,0.066432
108.86,0.071199,111.81,91.629,0.081922
116.58,0.081832,111.87,-73.173,-0.034789
123.53,-0.050985,122.04,322.95,0.13522
106.01,0.084563,106.29,-64.052,-0.029122
107.03,0.18034,110.7,119.58,0.059191
104.24,-0.016085,106.75,72.663,0.041432
123.02,0.10302,115.18,55.652,0.0096254
118.34,0.034697,114.79,175.65,0.06259
116.08,0.033068,115.6,17.906,0.11493
131.24,0.048641,120.78,167.41,0.045758
113.51,0.028345,115.03,231.69,0.082467
97.262,-0.0077864,114.26,195.76,0.035976
100.27,0.087771,99.134,171.44,0.019325
101.35,-0.022546,107.76,65.095,0.12423
113.59,-0.048621,107.54,97.591,0.011463
121.87,-0.010497,112.58,-18.176,-0.1164
94.395,0.04747,108.64,252.35,0.096932
123.52,0.014168,90.295,98.146,0.021338
98.29,-0.063384,105.7,-57.341,-0.080877
92.256,-0.038231,102.77,197.38,0.060603
98.751,0.13332,86.5,6.1491,0.14999
112.39,0.024157,97.015,149.64,0.010539
95.504,0.015673,80.235,273.57,-0.026231
81.052,0.13019,85.868,17.88,-0.09639
99.018,-0.073676,83.056,-123.17,0.075358
98.781,0.11448,83.91,188.56,0.12848
90.107,-0.10019,92.731,49.276,0.045354
82.77,0.076274,82.47,-88.101,0.1106
93.934,-0.086435,60.73,15.69,0.080532
69.776,0.047655,78.388,153.74,0.1335
98.535,-0.1241,87.763,50.676,-0.061694
93.755,0.061292,77.39,104.87,0.010206
75.056,-0.030208,78.512,25.128,0.095829
75.359,0.14272,81.766,219.34,0.058907
80.963,0.019415,77.491,36.386,-0.025158
92.615,0.031053,88.993,399.81,-0.0031804
97.043,0.021824,94.872,170.89,0.0093753
80.159,-0.0078334,78.55,202.75,0.088374
87.204,-0.023235,93.981,38.03,0.047107
96.682,-0.017341,84.742,96.06,0.0055211
64.871,0.049076,93.872,-68.966,0.082494
85.444,0.057756,71.382,183.17,-0.017513
91.81,0.12254,71.653,106.91,0.077845
96.411,0.12042,73.842,143.94,0.090975
96.457,-0.068328,88.276,105.55,0.036896
99.431,-0.079038,92.269,57.095,-0.10626
98.831,0.13881,91.66,173.67,0.013101
103.02,0.023661,91.975,45.609,-0.026272
102.91,-0.012233,78.158,245.67,0.13566
86.865,0.03533,89.18,-18.706,0.11065
75.478,0.10665,72.31,95.041,0.048342
76.256,0.1331,75.366,207.29,0.051248
85.626,0.065856,71.555,145.4,0.057154
78.431,0.024747,75.198,82.665,-0.065504
79.64,0.072535,69.874,230.83,-0.01659
91.146,0.015665,73.074,193.68,0.0023997
69.906,0.096376,69.843,113.06,0.077812
70.383,0.22028,69.168,307.39,0.13866
71.287,-0.016429,60.891,57.759,0.069218
66.957,0.048249,56.852,312.03,0.11093
78.535,0.066913,57.45,77.175,0.13182
87.437,0.071491,60.241,182.77,0.084921
61.858,0.027102,57.268,278.8,0.0069534
55.394,0.18253,58.615,293.05,0.13579
67.545,0.021868,65.403,269.82,0.070624
58.734,0.027311,65.47,234.16,-0.023577
54.698,0.02774,64.598,162.15,0.052947
53.421,-0.016946,62.293,223.63,0.072476
55.452,0.10153,54.717,206.02,0.16197
63.683,-0.0402,52.228,173.68,0.20125
59.772,0.014874,52.426,81.291,-0.025578
53.957,0.047238,55.304,159.03,-0.012653
64.06,0.064658,55.154,324.6,0.058718
69.026,0.070041,60.353,123.36,0.063815
74.033,0.012471,61.848,236.97,0.073304
56.975,0.095981,64.819,-37.417,0.18434
80.799,0.071349,67.799,133.62,0.1314
57.471,-0.043078,55.008,115.72,-0.037603
69.78,0.063448,62.174,399.24,0.0081571
79.359,-0.044551,65.838,-20.795,-0.047
80.031,0.13011,66.337,164.97,0.044827
58.576,0.14077,72.687,183.17,0.13287
81.423,0.10458,60.458,55.826,0.17834
77.248,-0.081246,80.014,37.411,0.054492
56.178,0.14077,64.098,197.54,0.037388
55.041,0.020728,72.002,180.4,0.094933
77.856,-0.078625,73.141,47.382,0.13929
81.6,0.11349,53.035,187.09,0.0044701
69.073,0.13633,67.974,95.101,0.061841
73.777,0.025987,63.223,121.18,0.025634
80.06,0.044764,59.197,173.45,-0.020178
76.979,0.12223,62.598,-1.5971,-0.04201
59.273,0.02513,56.538,110.41,0.069105
52.093,0.031431,58.348,371.31,0.11045
64.466,0.032551,52.623,69.015,0.10874
66.479,-0.086348,62.64,283.06,-0.0011968
60.395,0.10122,46.597,46.744,-0.034612
40.965,0.12993,55.809,266.99,0.066588
58.63,0.2219,50.975,150.96,0.019977
65.591,0.10709,49.554,248.44,0.054584
59.707,0.095087,58.443,102.76,0.21181
60.39,0.0060105,52.579,-17.409,0.25621
67.774,0.15544,47.813,228.43,0.12489
70.73,0.023566,35.976,97.951,0.14019
46.225,0.045708,44.77,327.12,0.001248
44.926,0.10527,42.363,205.26,0.045497
49.388,0.081054,30.235,79.47,0.015482
41.628,-0.0020955,23.043,261.56,0.12301
36.483,0.06403,44.67,158.88,0.13429
28.762,0.026283,28.841,232.91,0.035397
45.154,0.18406,33.516,319.98,0.041859
37.749,0.15179,28.1,28.839,0.0085919
33.442,0.11492,34.425,111.2,0.075243
33.657,0.01011,31.426,181.27,0.057391
34.903,-0.00631,34.888,146.5,0.0070881
24.251,0.088759,26.867,154.76,0.095088
26.297,0.13037,33.17,87.719,0.0089547
40.476,0.0061797,23.668,106.5,0.029541
26.359,-0.060751,36.284,28.174,-0.013676
37.596,0.083053,36.061,178.76,0.016865
48.725,-0.039326,47.315,40.121,0.088629
33.431,-0.033886,14.381,56.046,0.10491
33.227,0.14009,26.697,99.841,0.048232
53.82,-0.10889,43.628,267.37,0.011508
34.382,0.12889,31.115,55.593,0.016401
47.828,0.074941,41.631,135.17,0.031408
47.84,-0.11421,54.784,277.38,0.0044265
24.748,0.011519,23.261,183.16,-0.002212
52.363,-0.10032,29.299,167.88,-0.021197
49.65,0.10219,28.975,57.345,0.012188
23.065,0.010828,34.811,86.388,0.011643
34.995,0.12643,32.497,256.13,0.01135
21.483,-0.015175,37.935,71.458,0.029165
41.253,-0.024034,25.271,6.5175,0.036027
21.242,-0.0097336,20.662,434.22,-0.053475
32.75,0.10359,26.462,18.215,0.061921
41.821,-0.014848,22.54,233.43,0.083809
33.25,0.018248,34.373,88.156,0.031286
39.503,0.080338,22.183,263.92,0.011033
25.507,0.12757,32.472,-43.866,-0.015506
9.0977,0.10997,22.683,337.16,0.051263
26.712,0.042579,11.739,-61.801,0.019983
17.917,-0.010308,-1.0959,136.77,0.14924
32.602,0.023191,19.533,86.163,0.08835
24.371,0.026123,20.211,283.37,-0.048929
26.534,0.11591,15.592,270.45,0.056183
12.466,0.038505,19.466,325.54,-0.026604
20.189,0.18589,17.814,193.35,0.010137
11.582,0.06657,8.7319,189.42,0.015197
28.987,-0.094989,16.989,203.27,0.015155
7.2212,0.049634,-3.0505,69.991,0.081067
5.2357,0.071569,12.157,212.24,-0.068
27.064,0.016177,11.732,292.72,0.13271
19.764,0.1132,4.5265,233.95,0.13219
31.551,-0.011051,21.269,318.04,0.015094
14.186,0.0095958,-0.37851,283.7,-0.14945
13.196,0.17867,4.4726,196.9,0.073802
5.0662,0.098733,-3.3054,351.76,0.086932
3.9851,-0.01297,12.052,169.48,0.088725
14.698,0.10299,11.401,456.41,0.1891
15.562,-0.010442,18.136,147.51,0.08613
4.2671,0.14,18.262,202.39,0.011927
20.854,0.12164,13.243,160.34,0.010059
11.162,0.10194,4.1309,87.845,0.039008
16.304,0.074468,21.605,171.61,0.14364
23.312,0.069275,11.634,152.92,0.054495
31.279,0.07985,14.313,167.24,0.10304
33.545,0.15918,7.6275,272.59,0.15311
12.442,0.10085,13.443,240.02,-0.015905
31.56,0.22865,16.98,95.265,0.052463
5.9348,0.0039894,14.727,29.18,0.10435
34.556,0.0974,15.799,327.42,0.095646
22.584,0.09017,17.066,194.67,0.10538
11.812,0.10727,28.654,156.77,0.10591
14.738,0.025704,10.455,-61.995,0.092668
12.603,-0.030334,15.763,314.55,0.016681
6.9359,-0.0069581,20.812,100.52,0.14229
24.01,0.05176,18.401,138.82,0.088855
17.294,0.15643,21.869,39.133,-0.017543
21.278,0.044182,26.409,170.22,0.041383
15.787,-0.0066691,31.297,433.55,0.099076
31.538,0.10107,31.931,21.982,0.086687
39.093,-0.012013,2.8249,263.97,0.061434
19.513,0.041722,30.477,193.8,-0.034684
11.672,0.10898,23.74,183.87,0.13504
5.7161,0.10006,24.106,130.83,-0.046951
21.812,-0.01396,22.028,117.72,0.054191
12.822,0.072447,2.5548,114.78,0.10296
17.003,0.14269,11.75,322.54,0.10831
18.322,0.066551,18.938,341.98,0.044442
13.512,0.12699,2.4448,97.697,0.096667
7.3383,0.033359,14.117,247.71,0.0017657
15.793,0.070876,13.682,415.39,0.19811
11.023,0.033524,19.944,203.19,0.028087
28.668,0.22313,13.104,199.59,0.023065
4.8831,0.095921,16.869,241.74,0.012625
5.6625,0.095109,7.8494,230.14,-0.0001521
-7.0903,0.11344,3.6598,120.49,0.1193
10.706,0.038635,0.71906,314.7,-0.016383
25.586,0.34486,6.6518,162.92,0.1344
12.506,0.064042,8.801,79.092,0.085648
24.462,0.071667,-3.4234,74.133,0.073613
12.759,0.14752,9.0127,273.62,0.15654
2.121,0.2113,9.7959,261.5,0.063806
2.3313,0.086657,11.734,281.98,0.10803
0.72983,0.21225,-1.1328,183.69,0.18896
3.9261,0.11486,-7.4005,213.43,0.20338
0.96201,0.16763,1.6273,190.1,0.10255
-0.55577,0.24137,10.768,169.53,0.18571
19.782,0.10647,12.374,137.39,-0.0036716
1.5024,0.24735,15.718,255.26,0.055595
-4.3322,0.23068,16.873,110.32,0.22306
4.6459,0.15543,18.417,113.31,0.14925
12.598,0.18011,5.1114,282.48,0.038154
23.934,0.16732,0.69628,340.85,0.17738
13.961,0.30089,3.3451,194.57,0.091397
18.18,0.18215,16.597,284.9,0.12893
16.475,0.16293,9.9777,254.52,0.089932
19.572,0.18665,2.6876,56.104,0.075804
26.668,0.097789,6.6572,161.84,0.14273
8.2007,0.24161,9.0603,64.308,0.17416
15.999,0.18102,15.015,219.52,0.22034
14.478,0.24372,9.5619,370.93,0.15444
-3.0669,0.16093,16.447,274.14,-0.042016
28.176,0.076432,30.858,203.71,0.21413
18.237,0.023489,14.527,417.08,0.15428
10.582,0.097502,25.791,345.04,0.08268
15.375,0.079693,26.471,202.76,0.10379
24.702,0.13025,15.067,270.7,0.14713
19.577,0.10085,12.851,140.44,0.14905
22.575,0.085514,23.206,234.51,0.076054
32.92,0.082087,10.422,151.66,0.070027
6.8331,0.24868,18.111,244.26,0.047153
30.229,0.023641,21.058,232.79,0.098119
36.382,0.16823,8.8072,80.851,0.043906
26.911,0.07891,18.772,291.91,0.017147
19.845,0.13444,29.915,115.84,0.14143
16.009,0.082212,7.0105,175.14,0.080223
23.749,0.1295,20.438,297.71,0.1319
33.295,0.16818,6.0309,194.02,0.076157
-6.0288,0.1079,4.3464,278.52,0.17993
10.45,0.033533,-1.1116,236.67,0.096683
9.1446,0.18418,4.9723,203.29,0.04122
17.297,0.1522,11.676,207.41,0.24644
11.723,0.23245,5.6218,270.62,0.095321
11.67,0.24032,10.332,47.666,0.065053
14.955,0.24183,8.048,464.25,0.030818
-6.3155,0.055115,5.8654,243.68,-0.065459
19.292,0.019037,-6.9696,362.26,0.18041
14.468,0.15001,2.2406,93.382,0.22681
-7.8174,0.15482,1.6927,335.27,0.10673
11.552,0.15549,4.0896,279.83,0.020121
12.459,0.17337,8.8444,245.04,0.10108
-11.381,0.26759,-4.9623,231.21,0.0012333
5.1845,0.23855,-1.5855,373.56,0.070817
-5.4184,0.19246,15.18,364.99,0.17241
4.9956,0.14122,7.8352,412.81,0.16989
-2.5013,0.18013,-1.8702,58.002,0.12633
-1.8714,0.11921,-11.171,221.09,0.053597
-6.1421,0.26975,7.2706,208.75,0.2173
-0.89221,0.18848,9.0398,199.1,0.10033
19.204,0.18356,7.6228,97.877,0.08836
5.1608,0.22657,-0.41609,339.22,0.22418
30.089,0.17261,12.98,262.89,0.13619
-1.528,0.13681,8.8222,201.39,0.21768
-10.17,0.18193,13.927,209.42,0.16387
27.266,0.05208,12.802,73.591,0.11799
12.172,0.16501,4.9164,274.85,0.15828
27.79,0.10531,9.1161,323.4,0.28504
2.6009,0.17366,13.928,362.28,0.15675
28.46,0.19002,11,107.09,0.085551
23.808,0.13682,20.665,178.76,0.059126
28.064,0.13554,-4.2894,50.906,0.10871
28.698,0.10718,8.6235,286.28,0.085305
20.017,0.23793,1.8479,218.21,-0.024589
25.888,0.097237,12.694,155.81,0.050983
29.495,0.06575,21.722,249.62,0.15272
31.532,0.077574,2.4326,202.26,0.21442
23.671,0.1414,16.99,209.84,0.16633
12.442,0.11235,16.842,179.17,0.096055
33.814,0.08865,25.929,188.34,0.090609
31.084,0.18514,15.276,15.634,0.067632
24.868,0.15942,29.523,284.27,0.13062
21.17,0.19948,15.145,277.03,0.10883
15.958,0.20353,22.975,208.38,0.030011
23.794,0.21628,9.5448,391.14,0.083421
3.6487,0.13318,16.222,230.36,0.094701
15.293,0.19673,0.87175,301.31,0.082816
10.247,0.11212,10.714,209.79,0.12838
22.431,0.15469,9.3866,168.35,0.11557
5.4902,0.087489,7.7153,345.84,0.1006
25.141,0.25779,11.535,228.02,0.17087
-5.1798,0.13172,11.397,88.929,0.10649
1.9965,0.20953,15.712,311.59,0.10683
21.59,0.12373,15.665,290.24,0.22225
7.7845,0.061728,5.8571,250.03,0.08763
4.0125,0.066768,2.2059,324.19,0.13203
4.6722,0.10037,-1.8243,3.6959,0.13655
1.532,0.216,7.8895,208.18,0.28988
0.17443,0.16387,5.4645,296.78,0.23265
11.55,0.27046,8.2185,328.77,0.21924
1.7392,0.22936,4.9771,293.5,0.204
3.4719,0.30078,8.8653,303.99,0.15233
0.37754,0.18824,5.8739,286.84,0.059325
-7.0908,0.17407,23.244,78.494,0.21958
22.538,0.24021,4.9818,84.182,0.14224
2.3884,0.10856,-3.3893,354.92,0.13942
11.747,0.18259,5.3537,292.93,0.1359
13.558,0.16255,0.9984,188.01,0.26224
11.167,0.14399,6.6496,349.5,0.21611
10.381,0.17094,1.7519,97.439,0.22658
-0.090206,0.27212,9.13,55.862,0.13279
36.895,0.28224,5.6541,236.27,0.15994
1.9847,0.20738,-0.97493,281.56,0.25533
15.456,0.23067,1.4824,158.61,0.11316
9.1988,0.30052,10.73,135.52,0.22773
8.1067,0.10721,17.476,252.77,0.16109
8.8567,0.15677,26.525,323.6,0.13784
-1.0028,0.11858,2.0354,453.6,0.24025
11.529,0.098019,9.7211,68.734,0.057516
27.649,0.13831,12.245,252.4,0.10724
13.744,0.15396,18.47,281.02,0.12837
23.198,0.24446,11.931,261.37,0.15309
24.05,0.24973,4.7343,204.26,-0.023658
14.825,0.22284,21.671,137.41,0.03263
-1.3749,0.11015,12.925,102.27,0.11503
13.529,0.021474,12.749,254.94,0.12277
9.4466,0.22728,11.047,378.33,0.14901
22.007,0.13796,19.644,330.5,0.10653
29.976,0.081398,23.462,190.05,0.1264
24.65,0.1059,16.404,234.3,0.1526
21.195,0.17611,10.326,304.91,0.11058
20.418,0.11252,27.431,238.54,0.10382
28.752,0.19827,24.055,21.625,0.058196
26.984,0.15903,20.68,131.59,0.16892
28.59,0.15846,7.5932,206.73,0.13598
21.017,0.23064,15.866,266.27,0.029162
10.567,0.01177,14.279,265.78,0.10019
13.809,0.13332,10.195,251.6,0.056617
9.9129,0.20267,10.021,186.59,0.072695
6.3201,0.15487,13.508,441.81,0.2442
8.1601,0.1312,3.987,-23.285,0.13743
30.145,0.22516,8.5858,243.69,0.14378
22.205,0.13215,10.73,107.77,0.12834
19.223,0.12362,16.258,223.74,0.17277
20.856,0.11897,6.1471,282.51,0.23681
-0.38269,0.23628,14.779,205.62,0.001916
1.8213,0.19108,3.0467,383.88,0.17862
4.3331,0.26092,-1.6506,226.66,0.12314
-2.5127,0.15459,10.371,158.1,0.22308
-3.5719,0.1807,15.456,112.54,0.10614
18.666,0.19066,-2.1572,353.06,0.19208
11.95,0.080205,5.1713,328.52,0.20493
-2.2826,0.13529,-3.6557,240.09,0.08453
3.6628,0.16024,5.709,250.54,0.17405
10.475,0.06578,0.33221,252.11,0.23173
-4.6468,0.13207,7.1933,93.129,0.061405
15.65,0.19936,-3.4231,292.07,0.14372
3.4804,0.17093,15.591,146.65,0.10728
-9.1928,0.27936,5.8723,346.25,-0.0016215
16.74,0.15394,9.2717,226.63,0.22098
12.152,0.1185,-2.085,405.4,0.10747
18.697,0.24678,7.6084,272.68,0.099944
22.991,0.18017,18.398,146.27,0.038127
5.539,0.19862,-8.6692,461.64,0.057886
33.073,0.09643,2.1073,285.32,0.22005
18.684,0.16399,3.5867,218.39,0.14559
11.2,0.027485,-4.3191,63.684,0.31865
6.5514,0.19083,20.639,96.619,0.18149
8.7173,0.24184,4.6193,301.73,0.040473
4.7752,0.21835,15.747,300.85,0.098009
30.521,0.17993,9.1599,208.51,0.040078
29.811,0.26052,17.866,211.39,0.047004
4.6728,0.15357,22.037,180.11,0.07975
22.284,0.15457,9.4877,47.184,0.073353
34.144,0.1637,20.318,77.036,0.18376
15.103,0.1201,-0.44074,201.13,0.080571
26.096,0.14096,22.517,256.54,0.096111
21.724,0.075398,25.969,71.821,-0.015999
13.984,0.074793,29.355,224.38,0.087853
34.223,0.20319,16.325,162.47,0.24935
37.455,0.020098,21.475,159.76,0.17287
10.374,0.13078,16.906,117.83,0.11697
24.51,0.16694,17.722,231.69,0.14051
43.55,0.13197,16.334,164.75,0.17015
13.281,0.098926,21.264,181.05,0.031684
8.4858,0.044837,11.889,436.64,0.068883
20.004,0.13539,2.1706,255.31,0.16038
16.444,0.15527,8.8956,155.6,0.0081274
16.997,0.12665,16.183,192.06,0.088825
5.6723,0.13866,21.185,163.62,0.17146
16.56,0.034615,8.5687,240.12,0.12705
13.813,0.17721,14.459,239.35,0.19244
19.458,0.20021,8.3493,371.72,0.11682
12.587,0.06726,13.799,184.75,0.093766
2.0155,0.19764,16.245,265.8,0.10691
7.787,0.18739,14.019,262,0.079864
-1.0329,0.10321,-3.2286,223.08,0.058092
8.4748,0.30492,4.6539,-6.4202,0.18368
4.9973,0.11419,6.2331,358.06,0.035851
2.1421,0.38411,8.5856,474.35,0.013927
6.8247,0.17984,1.3325,457.9,0.15671
21.369,0.29797,13.611,142.73,0.25241
-6.0401,0.16116,-5.2561,260.84,0.15371
18.808,0.10361,0.85738,158.66,0.22858
3.7491,0.16704,16.818,176.54,0.24806
-13.597,0.11879,-3.5577,364.89,0.031511
0.87258,0.21372,10.748,148.54,0.12353
-4.0098,0.13061,10.057,281.06,0.10985
-4.4731,0.18457,18.066,247.47,0.19344
14.473,0.16976,15.358,379.85,0.18417
-15.644,0.04741,3.7051,431.87,0.26138
13.941,0.2474,7.1689,445.7,0.15225
-1.3684,0.18176,1.9121,228.6,0.14193
13.342,0.15581,9.2663,218.19,0.15872
-0.48974,0.23085,-2.0721,277.94,0.26162
6.9016,0.15928,10.224,350.62,0.11059
2.804,0.070645,4.3091,219.32,0.18279
15.674,0.082079,-0.31881,267.46,0.19447
9.4186,-0.0098509,15.104,330,0.18725
21.4,0.19809,-2.0667,134.32,-0.012269
14.281,0.27761,22.875,216.45,-0.061135
-3.3083,0.16993,20.186,574.85,0.16421
6.3406,0.19223,9.8819,154.23,0.17484
17.383,0.11963,21.195,187.73,0.02121
17.188,0.2063,10.133,-33.727,0.12596
3.5302,0.27088,-0.3681,116.08,0.16391
10.592,0.11064,5.8911,54.342,0.12013
-1.8601,0.22146,4.6468,358.81,0.20492
25.345,0.22012,8.8262,136.47,0.18676
19.742,0.23574,11.833,116.6,0.15086
26.43,0.15982,16.762,181.37,0.14202
15.399,0.13466,24.315,352.21,0.067153
24.222,0.17164,18.521,111.96,0.085549
19.789,0.10761,9.4546,235.53,0.13725
25.34,0.14679,17.878,146.6,0.18957
19.634,0.14017,1.9069,148.37,0.19631
30.796,0.18403,12.005,87.36,-0.025135
9.5299,0.23761,5.8107,434.34,0.13601
29.363,0.10271,14.383,222.09,0.087716
20.641,0.21349,13.7,221.98,0.079274
30.802,0.11638,14.888,318.75,0.13596
24.18,0.11368,-1.833,140.79,0.10078
26.862,0.13357,9.2967,24.351,0.028446
23.91,0.084137,3.8759,226.63,0.13389
11.698,0.18809,2.0497,244.78,0.16674
16.369,0.090802,2.9819,335.32,0.18929
15.493,0.1347,-1.8143,188.31,0.18378
9.695,0.11245,24.449,224.66,0.10055
-1.2717,0.15443,-1.3142,305.1,0.18956
19.784,0.25912,5.9159,190.83,0.14872
20.706,0.17868,8.9933,317.16,0.25416
2.0464,0.22249,1.4778,440.65,0.084859
-0.042511,0.16583,0.96498,289.28,0.19153
9.8506,0.25992,3.6913,332.46,0.15738
14.693,0.21666,11.078,261.79,0.083049
5.494,0.20766,-2.0703,112.16,0.24709
6.0961,0.17238,3.5845,419.04,0.14154
10.855,0.24817,4.7015,240.45,0.17266
12.089,0.31107,6.169,246.91,0.095242
15.099,0.23647,2.1872,244.03,0.08531
8.6847,0.29067,-4.5797,389.6,0.15735
14.467,0.14243,10.91,263.14,0.11329
11.206,0.034467,-3.5903,131.63,0.17397
19.703,0.25398,12.377,93.803,0.22116
1.6577,0.10754,17.841,200.81,0.17272
1.7737,0.10788,5.3701,173.9,0.16741
10.108,0.15151,-0.53315,80.318,0.058527
5.6226,0.20959,2.0205,110.33,0.2391
9.5151,0.18865,6.3441,381.7,0.070422
-2.1328,0.19751,-2.6046,216.56,0.1503
5.168,0.33141,-4.2124,330.5,0.11794
14.97,0.2474,21.553,371.34,0.17879
-1.9285,0.21861,-6.0701,286.71,0.10428
5.9066,0.129,6.7391,155.66,0.16492
14.859,0.18725,-0.97483,175.8,0.0767
8.476,0.26586,10.365,372.42,0.12111
4.3407,0.13018,18.497,108.62,0.18053
18.346,0.083151,16.253,180.9,0.077197
21.545,0.13521,22.401,350.58,0.11748
35.138,0.15804,11.104,257.33,0.21937
19.049,-0.055123,10.649,292.98,0.11414
27.509,0.13205,19.557,315.93,0.11185
27.219,0.047501,14.636,228.48,-0.040338
11.219,0.073124,20.046,373.12,0.25359
25.618,0.023669,14.224,238.75,0.014422
27.527,0.047619,24.313,337.2,0.10921
23.61,0.030795,28.141,116.28,0.071786
29.857,0.13423,17.706,200.49,0.21657
23.372,0.051109,17.243,94.893,-0.013607
24.46,0.12627,8.2619,108.49,0.064083
8.294,0.19479,9.9061,166.04,0.099335
29.697,0.08502,13.701,211.12,0.14059
3.3111,0.10299,2.5437,402.76,0.049145
12.824,0.14858,18.442,203.61,0.20523
12.439,0.034134,14.352,132.32,0.17702
18.212,0.17014,23.13,316.47,0.11369
1.7303,0.036639,19.927,191.4,0.09722
12.08,0.25236,2.5166,69.225,0.060576
-1.3804,0.3003,-0.73098,253.4,0.17461
17.365,0.12543,-0.31331,225.9,0.0011321
-1.6626,0.18111,-1.0254,241.26,0.11602
11.334,0.28234,10.246,622.23,0.016524
0.3684,0.24428,12.282,273.88,0.18984
-0.69159,0.2013,-1.3016,30.75,0.12982
5.2572,0.11887,-0.24094,306.16,0.12541
6.4322,0.090069,1.999,88.255,0.1077
12.722,0.17478,-6.0643,226.9,0.2601
0.084832,0.16026,-2.7375,421.44,0.12013
17.376,0.18205,9.1122,350.98,0.31641
11.205,0.19828,1.5245,255.59,0.19495
-2.3705,0.2071,5.7691,453.01,0.14221
-9.0714,0.24009,3.7538,381.99,0.13433
7.4934,0.21054,13.137,119.53,0.13693
-5.0525,0.17092,4.4085,319.65,0.23644
8.2397,0.21673,-3.1763,142.93,0.18307
23.948,0.11061,-8.4144,372.3,0.18178
9.2117,0.24639,-9.4581,271.63,0.19037
11.905,0.32226,17.387,126.37,0.13004
1.0728,0.0035476,16.662,157.7,0.18883
14.905,0.12314,2.0755,69.107,0.20415
13.522,0.23664,-12.172,182.37,0.18345
13.268,0.063599,12.4,260.44,0.28967
20.246,0.15639,5.8293,121.19,0.032057
24.178,0.22353,20.113,207.8,0.13972
7.8333,0.19346,1.963,171.93,0.1123
10.637,0.16977,6.0672,327.03,0.10444
10.293,0.26448,13.353,219.74,-0.0015676
16.017,0.19053,4.4512,320.13,0.0081593
12.302,0.25768,6.8993,67.136,0.039279
17.644,0.2044,-0.19306,1.8289,0.070735
8.1051,0.10721,18.292,129.27,0.074754
20.949,0.17786,19.719,203.96,0.073148
17.383,0.076328,21.062,132.17,0.22703
21.218,0.17439,14.312,305.34,0.16397
24.896,0.14757,8.5685,249.31,0.12423
26.71,0.049049,11.116,278.35,0.068038
8.3413,0.21026,13.976,168.71,0.20526
31.893,0.042685,22.546,4.9549,0.12203
13.439,0.012988,38.78,292.37,0.076313
20.222,0.0066772,11.227,373.05,0.056542
12.678,0.14287,25.044,353.43,0.22321
12.623,-0.0073034,15.994,104.67,0.069773
21.287,0.15769,10.13,387.82,0.19491
8.6642,0.079098,18.393,215.77,0.12149
2.1017,0.099502,12.805,323.76,0.0037715
0.092516,0.12013,19.022,123.88,0.040282
10.445,0.19591,9.4128,255.57,0.046406
19.543,0.018268,16.207,197.9,0.18668
5.8206,0.10179,20.47,260.39,0.16425
19.559,0.25552,10.294,312.46,0.12186
13.93,0.12113,-1.7336,388.04,0.11405
11.981,0.070178,-2.8996,282.42,0.1218
10.987,0.26267,18.066,339.29,0.14157
32.707,0.14523,3.5992,256.28,0.042152
3.8963,0.3338,6.3038,381.35,0.060352
8.9767,0.19746,6.2149,169.92,0.1388
-15.297,0.19183,15.829,188.49,0.32084
6.8245,0.23322,5.3741,156.96,0.14273
-2.411,0.30062,13.136,228.75,0.14877
6.011,0.23614,10.906,290.14,0.082377
7.1907,0.10879,2.8031,147.71,0.12908
-17.148,0.14791,-2.1234,282.43,0.16824
4.017,0.24092,1.3538,309.92,0.15947
12.434,0.25634,9.0029,191.72,0.15959
19.687,0.16147,-1.7529,300.16,0.14119
10.786,0.14431,7.5092,196.29,0.20417
-8.4721,0.22882,2.2728,174.15,0.15166
6.4324,0.18133,-1.884,88.063,0.18018
-1.847,0.21625,13.326,297.89,0.16233
12.371,0.29696,4.2942,140.73,0.17865
0.65707,0.27393,6.5314,224.78,0.0089847
11.886,0.067767,4.1208,118.7,0.15295
9.8617,0.3108,-4.6244,64.31,0.19429
14.751,0.0082169,10.806,92.525,0.14631
17.975,0.20873,-3.3905,434.65,0.10402
25.682,0.14359,14.758,-61.333,0.13537
2.6534,0.10696,7.974,206.3,0.18779
24.792,0.12487,-2.3608,380.54,0.15615
20.882,-0.012741,-0.065312,86.632,0.22709
13.404,0.20281,3.1717,44.718,0.095775
14.839,0.17429,7.9605,265.33,0.16358
9.9572,0.054812,15.225,194.66,0.17381
24.072,0.17799,25.796,117.52,0.10578
19.586,0.011134,20.99,407.86,0.14935
5.8522,0.023429,29.709,296.23,0.15452
25.493,0.20847,10.06,128.4,0.10082
25.552,0.029288,21.923,168.08,0.21015
18.071,0.25665,6.1911,183.65,0.045895
14.41,0.061303,18.367,185.59,0.051245
7.6914,0.15118,12.801,262.19,0.18796
31.111,0.11837,16.373,227.52,0.18351
12.244,0.074809,22.013,114.37,0.12292
31.911,0.18605,18.906,266.63,0.15257
23.513,0.1972,19.457,273.31,0.094047
26.003,0.032932,32.379,92.777,0.16864
11.711,0.052078,21.765,120.23,0.11622
17.566,0.12919,6.8381,342.17,0.05204
19.261,0.09828,7.6217,163.51,0.10011
0.51022,0.17926,14.618,410.03,0.12844
19.215,0.2161,-6.0603,187.47,0.12888
9.1635,0.28849,19.882,209.29,0.22707
8.127,0.018649,7.5153,171.86,0.10443
14.432,0.18354,16.293,300.13,0.20762
6.5477,0.19257,13.366,263.57,0.16856
11.377,0.1033,9.4971,196.08,0.11526
-0.6951,0.17631,19.78,213.65,0.17008
7.2,0.10592,6.3522,311.08,0.23731
18.93,0.27726,-6.9182,303.41,0.086243
-7.691,0.1489,11.002,122.2,0.13482
12.345,0.19742,-17.961,405.65,0.16246
-4.789,0.29559,0.12145,264.06,0.14924
15.991,0.11974,6.4846,109.03,0.16304
10.022,0.12682,5.8033,382.88,0.14465
-1.4834,0.35798,6.0952,195.09,0.15995
11.414,0.17149,1.8173,239.49,0.20899
4.518,0.094746,1.532,237.24,0.1914
14.149,0.27896,4.1554,264.81,0.062371
-5.6366,0.17657,-9.2333,156.67,0.16668
22.995,0.26532,10.44,376.04,0.15926
24.101,0.096788,-1.1626,210.64,0.23982
16.904,0.13547,-2.9228,211.26,0.15472
6.6727,0.2176,12.109,324.95,0.19957
9.9221,0.14506,11.842,212.76,0.15287
20.817,0.13345,20.394,208.59,0.15728
23.633,0.2174,21.458,295.84,0.13556
4.8055,0.26267,4.3284,242.74,0.090469
12.269,0.15498,11.41,260.49,0.24607
11.294,0.14287,-0.030923,308.45,0.20755
32.654,0.19617,4.5485,270.9,0.023474
9.2526,0.25344,9.6829,241.47,0.13029
19.715,0.17744,0.3462,135.48,0.13006
25.313,0.23313,15.204,261.46,0.059706
17.423,0.066763,15.254,294.7,0.15475
20.327,0.12209,4.6269,257.18,0.13544
16.069,0.17499,24.735,213.76,0.0853
10.4,0.075383,9.8983,260.55,-0.020015
12.777,0.17702,22.668,375.59,0.17691
10.38,0.14021,24.512,-1.8825,0.069505
19.461,0.095656,-0.14494,63.408,0.12764
42.498,0.23272,21.98,314.27,0.19011
33.68,0.11167,17.422,230.75,0.092584
7.0931,0.21477,12.127,89.244,0.093762
29.829,0.11107,22.409,153,0.060199
33.751,0.22402,30.564,248.43,0.12632
23.428,0.09207,12.546,348.28,0.18357
14.826,0.111,11.376,189.06,0.10783
4.8331,0.15735,17.706,195.61,0.12695
23.85,0.18757,6.0206,274.65,0.07631
17.103,0.22411,14.744,378.85,0.18598
12.63,0.099784,17.237,210.87,0.098084
1.2958,0.17372,15.468,148.99,0.064232
14.168,0.11293,9.7484,126.46,0.054223
9.4447,-0.014764,4.6646,331.68,0.048927
12.778,0.12228,4.6824,178.48,0.13541
13.584,0.24848,1.3742,134.92,0.05177
1.4301,0.27178,-3.6629,332.27,0.21724
-2.5794,0.28536,5.8197,306.2,0.19968
-7.2899,0.14768,2.3184,465.7,0.10475
11.164,0.13351,10.457,231.81,0.15781
-5.5607,0.26369,-1.8549,122.33,0.044513
13.959,0.20599,4.6532,285.24,0.11245
10.608,0.28211,11.038,101.64,0.1913
-4.0681,0.34994,-0.38127,171.82,0.14906
-7.6814,0.050103,-1.9344,202.9,0.16645
4.7125,0.22485,5.211,317.2,0.09294
4.7121,0.19982,4.4043,187.67,0.16023
1.0479,0.19982,2.4266,217.33,0.23636
-7.7096,0.11687,15.067,463.93,0.073533
20.359,0.084459,14.508,305.77,0.048558
8.9412,0.15752,7.6036,245.25,0.18065
-10.541,0.27709,6.0645,260.07,0.17138
1.9445,0.21124,5.057,228.45,0.15188
22.382,0.16086,15.471,352.89,0.25241
23.615,0.15051,-8.4775,292.69,0.094009
3.6628,0.09208,-3.2489,190.1,0.15321
9.6203,0.1047,13.277,343.84,0.067225
16.745,0.055219,0.27813,246,0.25424
-0.068188,0.23414,-1.6571,272.39,0.14408
11.455,0.11666,18.612,234.82,0.1687
10.835,0.17853,3.0941,189.04,0.22622
1.1107,0.096047,12.331,175.3,0.12318
14.832,0.095286,15.532,258.59,0.12453
13.449,0.068013,20.187,256.59,0.027847
13.746,0.10268,6.2234,230.49,0.14071
18.946,0.14473,14.234,247.89,0.091734
10.12,0.10081,28.182,53.96,0.079294
17.455,0.10913,5.7192,158.37,0.056448
17.444,0.19132,22.309,407.3,0.2061
17.597,0.23341,14.364,132.78,0.1402
23.932,0.15156,12.678,66.112,0.079337
25.596,0.11001,27.025,211.04,0.056345
34.702,0.1902,20.575,90.866,0.12348
23.207,0.047156,9.8567,101.64,0.078295
14.249,-0.027242,13.974,78.937,0.080071
14.13,0.15615,12.496,165.13,-0.010853
24.341,0.06948,14.689,173.24,0.094005
20.739,0.090799,6.9548,154.25,0.17072
24.476,0.13488,12.332,190.78,0.057725
2.9628,0.084429,14.605,330.35,0.25743
16.821,0.19742,12.742,88.652,0.086052
19.099,0.068766,12.824,489.54,0.0098722
10.265,0.061448,18.349,259.66,0.21906
10.689,0.13251,3.4825,52.353,0.090823
0.22336,0.11788,4.6407,313.49,0.1488
15.771,0.14058,15.224,239.04,0.017492
19.376,0.21824,-9.3897,198.84,0.18264
3.779,0.23019,9.0225,358.57,0.053911
3.3955,0.17477,12.203,424.62,0.19657
5.9792,0.13281,9.8381,177.37,0.25258
16.147,0.33055,7.5332,227.72,0.13347
16.963,0.14505,-3.2805,363.28,0.09049
8.0752,0.021777,11.257,317.71,0.16568
11.286,0.094662,-7.6722,514.99,0.11931
24.459,0.27985,13.193,124.99,0.11664
10.057,0.24882,0.00071304,262.54,0.19165
1.7609,0.29525,3.6893,2.5251,0.19646
-1.0936,0.17925,-0.3626,391.31,0.22445
5.0792,0.13267,-2.0745,353.97,0.12113
2.4702,0.14815,-13.607,199.75,0.19391
-4.7423,0.13678,8.968,51.544,0.16426
9.246,0.063968,-0.6127,208.84,0.26238
-5.0877,0.21958,0.88553,211.74,0.1323
3.7917,0.20023,1.0604,183.14,0.28533
13.88,0.12973,5.5479,315.31,0.19265
8.926,0.084313,12.172,37.686,0.091387
2.0901,0.16047,11.523,317.66,0.18104
23.564,0.23,2.5754,390.25,0.17435
4.809,0.17369,11.509,359.55,0.11989
3.4554,0.16681,-4.554,317.38,0.30438
2.9152,0.25076,5.7244,188.2,0.15182
-0.64805,0.16964,8.8102,34.053,0.058843
2.1649,0.1413,12.46,347.12,0.1049
14.395,0.17193,8.8738,179.18,0.15418
8.194,0.1301,18.26,24.532,0.11058
8.7957,0.29527,6.643,-29.53,0.18311
1.6253,0.16163,13.54,199.82,0.083923
29.216,0.14296,9.1398,-71.1,0.15122
5.9849,0.10432,5.0638,283.44,0.11411
-1.3496,0.18541,7.7659,214.65,-0.0095392
19.193,0.03067,16.842,198.83,0.11576
19.855,0.14849,17.585,92.695,0.057599
10.405,0.15941,5.6834,124.92,0.062655
20.533,0.26359,11.336,184.23,0.2188
22.04,0.017858,12.475,254.09,0.12796
24.271,0.10354,35.066,332.56,0.15991
33.944,0.11444,25.115,166.99,0.05893
30.186,0.063556,2.6863,207.14,0.14277
16.677,0.093845,31.511,-3.3361,0.20823
22.905,0.016384,19.792,128.67,0.0488
24.419,0.1452,21.251,396.42,0.13368
15.286,0.047561,11.18,312.9,0.15393
23.244,0.022511,17.491,103.78,0.09135
16.93,0.18147,24.667,299.21,0.07137
17.82,0.11373,13.236,317.2,0.17455
24.856,0.033987,19.776,62.288,0.15632
-3.7706,0.0062906,16.352,227.04,0.18732
9.5435,0.11372,9.6456,294.98,0.09046
4.7299,0.0074017,0.26854,89.666,0.063595
12.384,0.13708,2.9683,326.37,0.12771
16.368,0.023893,17.465,404.54,0.12551
-0.14037,0.16653,2.8225,259.74,0.09242
5.6672,0.21258,0.84026,339.31,0.090586
3.4316,0.12146,3.6653,142.74,0.14415
22.132,0.18064,-5.6007,336.28,0.24379
5.8449,0.22552,9.9689,175.48,0.083615
-11.331,0.17839,4.3802,101.34,0.13953
-1.97,0.18373,-2.63,327.15,0.14598
1.771,0.18161,0.14271,125.32,0.076402
-0.71456,0.12516,-8.8027,228.71,0.090923
9.6604,0.10156,14.084,186,0.13921
-10.022,0.086493,5.4098,135.87,0.22445
16.397,0.18326,4.8164,228.2,0.21744
3.4204,0.11157,5.9374,319.13,0.15308
24.296,0.11618,-1.0474,145.35,0.20155
21.465,0.22199,2.9455,129.7,0.20105
11.431,0.21866,4.128,-105.15,0.05696
-5.6875,0.21744,4.4968,397.79,0.09896
13.082,0.19274,-2.569,305.07,0.18121
24.283,0.21826,7.6603,277.23,0.2435
0.50243,0.01744,0.2444,147.14,0.21627
8.8273,0.10697,12.84,173.49,0.27782
5.6017,0.15025,7.5087,280.58,0.051012
34.054,0.16464,18.529,321.97,0.16763
13.033,0.1324,19.018,177.48,0.085897
12.971,0.080209,-6.725,335.7,0.11209
-3.1272,0.18127,2.0801,266.64,0.26359
18.467,0.22346,18.944,275.02,0.13131
8.6113,0.066827,7.6505,43.742,0.084171
2.7019,0.16143,12.306,264.78,0.13636
5.1575,0.12866,11.64,359.61,0.088616
27.234,0.025292,9.26,291.31,0.096474
43.378,0.093555,12.12,210,0.13778
15.602,0.15619,22.86,381.25,0.12512
14.851,0.17174,11.494,203.26,0.036098
16.384,0.090588,12.459,224.87,0.23988
16.388,0.2138,12.091,55.202,0.22106
16.616,0.16965,8.6256,48.16,0.10772
25.559,0.18323,21.887,262.99,0.1129
31.003,0.032986,13.534,35.168,0.025847
22.475,0.12015,7.8238,150.85,0.058749
25.168,0.14731,12.151,156.88,0.096843
11.847,0.15202,19.165,193.03,0.15111
13.555,0.11875,16.829,237.46,0.15933
15.043,0.052956,21.504,248.61,0.024639
21.578,-0.045737,17.613,255.71,-0.0067754
37.684,0.1616,4.858,209.28,0.1498
19.652,0.16478,14.338,176.36,0.1927
22.444,0.16729,3.0473,61.122,0.07908
5.6088,0.031341,22.675,296.77,0.15156
12.122,0.12405,12.243,351.34,0.22076
5.5889,0.069267,-7.0419,362.39,0.079547
-1.191,0.30816,14.99,262.32,0.18445
10.767,0.21257,-6.3388,505.27,0.15443
6.8036,0.19814,3.622,-10.844,0.089242
1.2835,0.054268,11.076,199.45,0.1685
16.232,0.15879,0.1229,394.39,0.18458
3.8986,0.14974,2.376,192.21,0.11361
2.9758,0.25692,8.3169,348.35,0.22224
15.475,0.17713,3.2787,290.66,0.15204
2.1771,0.20882,5.7207,165.27,0.10465
4.3072,0.24557,8.2302,308.27,0.12158
4.6611,0.23317,10.149,-60.034,0.26002
-8.8745,0.21973,8.7699,308.43,0.19021
-2.6229,0.099365,13.564,409.6,0.14764
17.741,0.17719,-0.71406,281.15,0.26809
-4.4206,0.22081,-11.138,167.11,0.11277
-15.38,0.076104,13.528,249.83,0.14484
8.5457,0.14905,-0.41857,133.07,0.070095
-2.3583,0.20419,-0.85173,157.34,0.10063
0.91566,0.13302,-4.9103,294.98,0.10714
16.442,0.27247,9.3732,279.06,0.013669
16.461,0.16705,9.9521,128.22,0.17668
11.131,0.1382,7.2714,229.28,0.13633
6.2037,0.21803,7.1122,80.422,0.1766
18.177,0.17205,5.6326,215.95,0.071042
14.504,0.16079,0.91293,31.633,0.021494
14.082,0.13454,6.7149,196.05,0.10646
0.79224,0.13634,8.3314,176.46,0.21127
8.4048,0.14629,22.114,364.53,0.10938
27.526,0.28927,6.114,217.27,0.20484
21.535,0.24089,5.3307,5.752,0.24516
17.88,0.076067,21.569,140.31,0.1406
27.283,0.10513,26.522,220.35,0.21125
21.688,0.10133,12.172,114.74,0.13923
37.696,0.13006,23.84,460.84,0.12237
19.352,0.049445,4.92,214.21,0.19551
2.533,0.22357,23.131,92.702,0.13136
17.879,0.12542,10.544,139.96,0.084975
21.349,0.2279,17.045,128.5,0.049701
21.104,0.02482,11.265,221.13,0.22727
31.741,0.070818,3.7833,172.41,0.20854
20.845,0.080073,14.439,167.16,0.03909
33.339,-0.028614,23.485,121.24,0.10547
19.414,0.07447,7.3688,236.58,0.1305
30.962,0.16995,0.9237,414.23,0.098439
39.509,0.15931,3.3627,378.75,-0.038454
17.091,0.13705,15.485,12.15,0.086018
14.411,0.033629,13.788,334.01,0.052821
-5.0457,0.17484,0.49048,434.28,0.2015
14.274,0.17983,25.81,280.02,0.17123
29.83,0.084034,9.9886,144.24,0.024344
6.7052,0.13496,8.9319,260.91,0.19675
4.3375,0.14676,-1.4354,222.17,0.11791
-0.10544,0.13604,5.6675,337.86,0.24924
4.1473,0.24351,-0.16745,311.02,0.02562
7.3385,0.28174,-8.5706,316.97,0.21067
3.1608,0.17985,2.7542,293.67,0.17859
4.5407,0.080985,-1.2233,379.82,0.077039
9.6915,0.10718,4.647,236.03,0.25015
0.76303,0.2153,11.913,195,0.1566
9.2009,0.12534,6.5004,220.1,0.14732
-3.2747,0.10658,7.1526,281.87,0.212
18.258,0.28891,2.2466,259.23,0.1574
1.3597,0.25057,0.40115,434.75,0.21274
-4.1099,0.22067,4.4982,278.49,0.090779
-0.74195,0.16868,6.3713,283,0.1297
7.7491,0.093813,0.038525,260.64,0.27225
9.0068,0.12194,-1.3078,328.64,0.1005
-2.4219,0.20291,11.724,216.36,0.14321
-5.9256,0.0529,5.6435,327.69,0.10683
9.76,0.23112,15.163,253.2,0.12497
18.765,0.18249,10.139,191.88,0.12649
3.5893,0.20779,6.7144,266.9,0.09248
2.1847,0.1558,8.3732,365.63,0.04266
12.197,0.24723,19.71,116.69,0.10103
6.6412,0.31308,-3.5518,347.26,0.23854
12.711,0.076203,-4.5149,166.13,0.21504
-1.1075,0.084429,7.8179,339.73,0.175
8.1413,0.24408,-3.6242,289.1,0.27786
15.492,0.090664,5.8916,195.05,0.15679
16.522,0.10172,14.232,-7.7288,0.13971
4.9119,0.057213,5.2106,263.38,0.19251
24.161,0.15415,8.6662,268,0.15001
37.627,0.048665,14.502,261.58,0.24189
10.503,0.069655,15.956,247.33,0.17195
2.7298,0.053949,8.2589,178.77,0.12682
9.4262,0.082723,2.816,289.55,0.072436
25.728,0.18923,20.461,85.315,0.16569
22.81,0.19792,16.778,218.97,0.18525
25.878,0.2289,26.979,77.95,0.11816
18.52,0.076475,14.52,177.79,0.088064
1.4242,0.13089,7.7604,188.35,0.18397
25.77,0.10762,21.967,112.11,0.10514
20.913,0.24102,13.714,274.68,0.10543
0.94916,0.0041101,24.529,420.55,0.17767
11.188,0.22938,20.841,353.43,0.13752
34.425,0.10814,27.439,189.05,0.16084
23.539,0.14622,19.085,-41.459,0.12533
1.2655,0.16782,23.535,188.43,0.12927
8.0893,0.24148,19.295,254.61,0.0093376
15.508,0.1876,12.345,180.91,0.053975
17.934,0.21277,14.837,243.01,0.2238
17.428,0.088621,10.407,54.235,0.18139
18.334,0.1911,16.661,127.15,0.17572
21.169,0.15915,11.214,184.36,0.22821
0.19116,0.09786,20.587,385.01,0.13604
25.017,0.25328,-4.5162,236.04,0.18308
10.917,0.084216,11.457,358.05,0.15112
18.512,0.10787,16.142,253.73,0.091967
-6.906,0.15611,-8.2698,102.54,-0.0055365
16.976,0.27952,2.0249,164.98,0.18059
6.4283,0.23627,12.094,200.35,0.16599
2.664,0.22955,-7.2478,127.37,0.19889
15.544,0.24969,6.2165,392.72,0.044686
11.436,0.2347,-2.8081,388.03,0.049392
17.27,0.17335,12.258,302.08,0.13732
20.448,0.19484,0.085409,183.7,0.1552
6.968,0.20448,7.7575,205.09,0.12286
3.3103,0.10582,-0.021828,352.91,0.11326
-0.62441,0.23836,-4.0163,278.37,0.15501
10.584,0.23039,-3.9195,368.53,0.18549
9.4601,0.23376,7.874,126.27,0.15558
14.488,0.19279,-4.081,84.625,0.14461
7.5391,0.29082,18.212,207.43,0.17361
16.708,0.102,16.712,122.58,0.24626
25.365,0.13215,8.3907,453.25,0.13884
2.3513,0.11058,19.619,288.67,0.16869
11.073,0.14713,-5.0402,361.81,0.23672
5.0018,0.090246,-5.8984,254.92,0.11588
21.496,0.078492,13.881,109.68,0.23862
17.928,0.03756,20.837,433.66,0.11668
37.733,0.10107,21.543,181.15,0.11127
12.99,0.20561,18.521,92.584,0.085777
21.339,0.11899,7.5569,17.584,0.15885
17.457,0.090981,11.569,270.9,0.16224
25.72,0.22281,12.916,176.78,0.18066
12.341,0.2216,18.722,34.823,0.049834
16.161,0.14777,9.9209,191.85,0.09421
24.338,0.084894,20.025,96.321,0.20904
22.618,0.10454,5.6601,477,0.045689
42.517,0.25362,16.023,93.777,0.051172
37.87,0.10372,18.597,225.47,0.13914
31.747,0.10334,27.143,270.55,0.025286
19.638,0.097996,6.3285,193.35,0.13804
25.752,0.044995,15.99,200.41,0.22108
26.619,-0.039912,20.334,294.58,0.13912
38.431,0.14141,16.33,327.96,0.042714
12.429,0.081419,21.311,174.68,0.042878
23.145,0.22653,20.307,246.11,0.23299
31.362,0.12994,19.703,221.82,0.13348
10.266,0.20282,17.638,357.79,0.10319
0.66996,0.0076864,-1.6922,122,0.059755
13.733,0.11595,15.297,189.85,0.1245
16.511,0.18701,18.041,183.15,0.1363
19.291,0.080739,4.9105,355.88,0.1588
19.318,0.2583,8.5128,43.504,0.11439
25.448,0.12663,14.009,271.93,0.10928
1.0834,0.20082,17.326,248.61,0.22787
9.4893,0.19203,11.763,34.89,0.058685
14.173,0.1986,6.0571,385.06,0.20916
-1.3202,0.1482,4.1553,-82.099,0.053896
8.5346,0.099963,3.8112,439.71,0.26966
10.397,0.24998,-9.7175,93.45,0.21849
10.509,0.25615,10.751,155.08,0.11964
11.876,0.23677,0.88205,266.97,0.19854
4.0543,0.25679,3.9353,480.71,0.16426
10.897,0.13043,6.0439,284.87,0.23298
10.562,0.048308,-5.2276,337.05,0.15348
9.1533,0.22961,5.2813,396.3,0.18575
7.2907,0.23182,10.372,43.822,0.08807
0.55297,0.21676,4.4642,71.775,0.22939
3.0618,0.10932,-9.6202,229.77,0.17543
-9.8092,0.32186,9.9669,158.8,0.17072
3.2848,0.17213,11.8,207.94,0.12017
-10.89,0.17438,7.4364,154.25,0.12115
2.5563,0.12691,-3.1284,402.05,0.15456
6.6646,0.20882,12.107,265.8,0.22966
-10.649,0.12385,6.3857,128.36,0.017131
2.7483,0.20889,9.7275,246.46,0.25005
4.827,0.18573,4.7957,213.42,0.2746
14.698,0.28477,3.282,172.88,0.11105
9.0796,0.15747,0.39631,-7.4946,0.10219
8.4231,-0.0043179,-5.2185,187.48,0.15595
20.651,0.17762,18.607,249.96,0.059384
12.645,0.091864,16.044,137.65,0.20836
20.605,0.13111,22.941,192.84,0.097546
13.35,0.040493,12.05,297.41,0.081337
33.12,0.16248,6.9963,215.96,0.18609
8.4288,0.12321,16.158,238.38,0.095116
8.5599,0.21903,6.6955,179.14,0.06236
27.698,0.21397,6.3602,322.51,0.14194
23.902,0.18508,10.114,242.4,0.073666
7.0967,0.18002,13.806,308.75,0.16281
21.001,0.094809,8.2825,339.05,0.15679
35.148,0.042659,23.644,-33.298,-0.019371
15.31,0.13969,27.669,147.19,0.10676
10.13,0.23611,25.473,218.63,0.067904
21.445,0.11398,7.3521,201.41,0.16002
19.003,0.15556,19.145,235.91,0.059315
15.286,0.21863,15.619,266.45,0.13141
18.52,0.094486,16.716,364.47,0.12589
16.14,0.17095,29.389,202.79,0.13855
21.701,0.15628,18.628,218.15,0.092881
20.095,0.18935,7.2034,221.6,0.11748
16.333,0.095894,6.983,255.06,0.13327
31.326,0.13901,14.202,320.5,0.12976
7.2795,0.11588,1.8994,223.3,0.073745
6.6602,0.29438,3.6278,69.624,0.06817
28.488,0.12555,13.946,288.57,-0.020794
10.318,0.20113,5.5162,145.4,0.096784
-0.74923,0.088648,15.249,258.87,0.2102
7.5907,0.21826,11.328,203.24,0.11821
23.881,0.13009,-3.3133,63.082,0.18146
16.614,0.15926,2.9426,544.7,0.20506
14.7,0.30716,1.6559,248.32,0.22372
10.922,0.25127,4.7165,141.02,0.13404
-7.8329,0.18402,-6.5546,227.61,0.15305
5.9601,0.25682,-7.6869,28.652,0.10431
1.1933,0.048313,6.718,285.98,0.19637
10.308,0.33933,-3.6544,317.5,0.15765
11.58,0.19911,19.109,370.18,0.19252
-1.3005,0.24312,8.4086,58.165,0.10564
8.782,0.20003,-2.0728,270.52,0.3173
8.7174,0.046652,3.2085,367.29,0.14753
6.2717,0.078596,-10.276,222.91,0.11464
11.238,0.093975,3.8597,245.38,0.13862
-8.288,0.1571,4.4529,194.31,0.22326
0.3167,0.29312,7.8489,195.76,0.10285
-0.35355,0.17616,-8.9889,121.59,0.18645
7.1514,0.21591,12.41,165.05,0.078429
26.203,0.099238,10.116,356.44,0.13714
13.644,0.023458,-9.7359,92.065,-0.021299
-8.6469,0.24332,6.4908,66.236,0.027182
13.822,0.19956,10.576,231.9,0.093264
13.45,0.063572,3.3873,328.53,0.056749
12.655,0.22758,18.872,100.88,0.22663
21.481,0.3357,15.231,228.02,0.077093
10.859,0.023002,10.592,211.05,0.10681
17.479,0.068888,5.1819,322.32,0.073816
16.651,0.11432,-4.5408,328.98,0.072442
24.421,0.093727,18.431,295.71,0.12063
29.51,0.22798,4.9948,88.745,0.1311
19.702,0.18082,6.2695,136.66,0.11708
18.865,0.17764,2.642,203.55,0.11558
12.261,0.11601,6.9333,4.337,0.12183
24.778,0.15348,-2.8202,513.95,0.048837
34.424,0.077766,11.075,182.07,0.018046
22.329,0.12987,15.919,115.76,0.19921
11.53,0.17927,16.362,95.952,0.066296
27.897,0.10852,19.81,228.16,0.15343
29.114,0.19391,13.361,169.45,0.056093
9.8065,0.11511,24.791,21.697,0.091081
35.431,0.16441,5.8853,13.138,0.0085414
25.503,0.20075,4.0475,211.76,0.21517
27.953,0.12311,4.7838,17.948,0.073918
6.1516,0.11798,8.7744,211.27,0.076625
11.924,0.2088,10.825,122.67,0.13571
1.6298,0.09988,-1.4696,126.4,0.12175
4.1558,0.19488,7.4361,327.96,0.15676
3.7839,0.13548,8.9815,86.343,0.13084
0.2548,0.1024,0.48093,-122.13,0.23984
1.594,0.012575,7.2096,293.92,0.18686
21.003,0.13419,-1.0967,250.38,0.038668
14.482,0.12054,-3.0106,22.485,0.18569
7.2012,0.14171,9.2738,286.16,0.13445
9.8977,0.19809,-20.043,198.82,0.12307
5.1246,0.26139,-6.8884,137.11,0.080941
2.3548,0.23129,-3.211,267.04,0.20074
9.3994,0.13032,-5.6338,154.26,0.10152
0.20788,0.075371,-1.2331,188.52,0.13061
7.4274,0.013984,-0.28204,15.168,0.15445
11.074,0.16464,3.655,125.14,0.12566
-13.107,0.18113,9.5554,-51.183,0.21481
3.1924,0.12611,0.28193,196.93,0.16091
7.6469,0.27115,6.7037,209.32,0.21051
26.297,0.27437,-7.836,195.78,0.13915
6.2309,0.3719,4.7737,282.58,0.13602
18.675,0.15731,11.928,171.43,0.11583
0.64695,0.16886,-1.5051,-78.24,0.18549
12.536,0.10845,-2.6615,214.55,0.24063
11.677,0.18886,3.1513,239.42,0.22612
12.994,0.27337,14.79,233.47,0.15021
14.655,0.070092,2.3429,114.46,0.12759
3.1812,0.22349,10.659,434.49,0.24578
10.749,0.0078871,15.145,190.6,0.08516
11.657,0.17003,7.9396,207.95,0.10471
7.1671,0.044942,-3.1968,147.08,0.23226
18.513,0.048409,6.9247,316.11,0.047272
12.136,0.2353,1.6529,229.26,0.11978
22.253,0.075527,15.347,121.38,0.17005
13.628,0.22184,14.464,326.39,0.27474
13.637,0.022072,19.839,-19.306,0.11515
10.45,-0.0059509,2.1278,47.061,0.093884
18.712,0.1976,17.925,72.316,0.091906
16.799,0.071983,-1.3819,219.3,0.18074
18.977,0.17785,13.147,168.27,0.074821
19.511,0.19467,17.674,-3.6063,0.2342
9.0579,0.081253,14.936,208.67,0.045974
22.19,-0.034279,14.816,475.69,0.15996
23.879,0.064022,15.948,436.93,0.11532
19.899,0.061483,12.572,283.09,0.046537
19.295,0.19624,2.7276,241.96,0.13485
11.342,0.14605,11.908,141.34,0.065703
14.371,0.034963,26.294,124.17,-0.017279
25.142,0.15151,16.359,204.97,0.052127
25.077,0.15852,15.601,293.29,0.1359
18.549,0.11725,17.319,282.41,0.024858
19.319,0.13259,5.2369,252.16,0.1104
8.948,0.16132,13.242,166.43,0.13495
5.0004,0.22981,8.9021,325.05,0.10506
17.095,0.11087,24.526,141.27,0.029178
5.5606,0.14666,17.231,311.54,0.17581
1.6269,0.029573,-0.15572,319.19,0.21699
13.242,0.19988,8.1336,422.51,0.25144
10.888,0.28581,-11.394,65.972,0.24229
11.934,0.2044,10.152,223.12,0.14893
8.3687,0.10219,9.7152,282.1,0.11594
-0.23055,0.068076,9.3634,145.58,0.24043
-2.4285,0.27031,-2.232,300.93,0.17041
8.401,0.24619,3.9243,301.39,0.082831
16.125,0.11177,-1.8581,137.35,0.18711
8.5422,0.21527,11.098,403.54,0.13906
-3.2694,0.17054,7.0323,148.86,0.1139
-6.6116,0.19509,11.503,164.6,0.26582
0.069086,0.11304,4.2176,212.24,0.11496
12.654,0.2486,5.391,323.68,0.19848
-3.3892,0.1304,-4.049,188.09,0.22559
7.5774,0.22196,-2.87,34.214,0.28445
-2.6689,0.10076,9.864,261.02,0.20992
7.5703,0.29375,11.311,154.95,0.15
13.184,0.053124,5.4341,32.153,0.19938
5.2176,0.044959,13.1,79.204,0.10778
8.353,0.19043,2.4091,149.63,0.2716
13.749,0.085023,9.2293,247.63,0.066357
20.514,0.16949,2.3957,320.85,0.11862
13.628,0.17469,-5.7598,252.31,0.18762
6.9058,0.31835,3.7623,277.23,0.20386
16.641,0.13203,11.101,251.53,0.12195
9.0526,0.15784,-0.64116,184.91,0.1438
18.483,0.23863,14.098,385.98,-0.011279
22.592,0.12799,0.86011,274.97,0.12372
19.1,0.14586,15.54,382.05,0.14705
27.775,0.20991,20.177,91.547,0.069333
14.02,0.17221,9.3659,249.93,0.18928
11.559,0.088736,19.176,246.4,0.088484
11.058,0.19984,21.921,53.781,0.15914
16.87,0.14693,13.378,213.36,0.061631
20.99,0.15468,33.654,125.45,0.14133
28.631,0.13289,17.13,82.575,0.12827
24.978,0.12431,26.384,120.25,0.068158
10.917,0.17517,18.314,276.14,0.19486
13.864,0.13336,11.459,145.94,0.021837
31.613,0.19451,23.668,186.19,0.12076
16.102,0.071705,9.409,337.13,0.15273
15.29,0.2374,10.065,249.73,0.052235
34.88,0.22879,16.161,308.09,0.14002
12.028,0.21347,22.169,218.57,0.17184
26.449,0.07983,9.2131,8.4298,0.055822
19.003,0.019936,21.752,128.99,0.029567
16.584,0.25444,11.371,147.79,0.10357
14.883,0.17005,-0.6765,279.11,0.056475
13.077,0.26786,10.595,308.19,0.066206
19.684,0.10775,23.249,106.91,0.088101
10.175,0.1748,-0.43812,252.66,0.10467
21.472,0.11383,-4.3807,81.156,0.077419
7.8474,0.18173,5.4985,197.86,0.14528
16.491,0.21276,1.5812,52.89,0.20694
8.5819,0.082719,9.789,386.59,0.17199
10.251,0.35692,3.0737,424.64,0.083282
15.035,0.1929,5.9964,348.08,0.17213
12.183,0.22038,3.1492,254.01,0.11808
-0.89572,0.17947,17.768,10.17,0.12295
16.744,0.23044,4.855,330.71,0.14907
-7.2226,0.25983,7.6217,16.895,0.22314
1.1296,0.15719,-4.7603,223.28,0.061656
20.291,0.11931,11.576,63.794,0.13839
12.055,0.26348,13.42,187.71,0.18032
12.054,0.11976,2.6468,251.86,0.069495
1.1999,0.13455,9.3717,327.29,0.23359
10.412,0.16069,8.2603,380.69,0.27061
9.9306,0.11198,7.7809,456.74,0.25904
8.105,0.20785,4.7223,138.8,0.1593
0.16933,0.17958,15.948,92.856,0.1997
0.84164,0.28248,-2.6622,291.79,0.1156
7.2297,0.26253,-0.63768,34.14,0.16042
3.5557,0.30101,8.2013,300.6,0.18632
21.553,0.15925,9.0173,480.08,0.00076972
10.328,0.11355,14.804,244.72,0.12366
14.799,0.16934,11.973,143.84,0.17046
13.732,0.2064,18.784,244.86,0.069316
18.186,0.14903,15.065,-102.35,0.12033
20.31,0.34412,0.010885,329.43,0.17834
15.123,0.061626,26.65,196.48,0.11819
29.682,0.02807,2.7869,404.07,0.13982
10.764,0.16435,-6.824,198.28,0.15163
11.84,0.12677,6.8828,229.59,0.076576
26.901,0.25429,9.7382,518.11,0.15098
13.683,0.10213,21.217,14.071,0.14208
36.038,0.17234,15.136,16.394,-0.0038117
21.129,0.1682,12.23,143.41,0.18246
32.054,0.24263,13.978,210.4,0.032323
27.52,0.11509,18.564,265.15,0.041343
39.242,0.10472,20.489,303.43,0.13331
12.647,0.097545,10.835,282.39,0.13509
16.869,0.038307,15.209,206.28,-0.0011759
35.021,0.067023,9.7399,291.2,-0.03088
39.298,0.075418,6.7039,-68.824,0.12259
38.557,0.1316,16.573,195.36,0.10001
17.863,0.10192,11.606,287.33,0.12609
2.7166,0.062769,16.42,352.85,0.077478
20.042,-0.043779,19.489,377.21,0.18072
4.1783,0.059843,9.3951,138.89,0.12062
30.591,0.09013,16.453,171.03,0.05653
16.313,0.33775,8.5687,318.47,0.037749
18.876,0.19741,31.354,0.80965,0.075107
6.0231,0.10588,10.801,116.34,0.19386
6.685,0.072893,6.9534,246.63,0.07788
13.541,0.07159,-14.346,282.48,0.22604
9.3833,0.018367,8.9892,313.82,0.093411
26.878,0.16714,-1.8553,333.98,0.12697
-5.8476,0.29642,7.6903,411.32,0.22645
16.131,0.15932,6.498,391.81,0.29503
17.553,0.1013,5.2977,149.59,0.069684
0.77,0.1826,8.6975,175.16,0.22503
13.685,0.17078,-1.313,189.71,0.13198
-12.049,0.25176,5.4455,230.3,0.17731
12.983,0.14653,-0.79878,248.64,0.086479
7.0349,0.18225,3.0139,219.15,0.048528
0.37883,0.10466,-3.293,283.71,0.066614
4.9038,0.065758,-0.9283,364.82,0.2403
6.6813,0.28189,1.0307,186.83,0.16344
-6.5121,0.20827,12.743,71.367,0.26247
7.1408,0.12721,4.582,125.14,0.15913
10.238,0.21824,3.6084,191.7,0.16065
21.816,0.21481,8.9608,92.808,0.053526
3.3914,0.29071,6.9796,226.42,0.13144
13.771,0.13024,2.2936,105.41,0.23095
21.895,0.21951,15.919,71.361,0.16703
9.1165,0.24725,10.553,181.4,0.18672
16.503,0.24396,4.5431,386.4,0.068587
14.269,0.078896,8.3713,338.83,0.15052
15.547,0.17381,8.6499,152.85,0.20071
23.593,0.17519,3.879,461.95,0.16006
8.5856,0.14877,4.9227,165.49,0.068526
14.179,0.16742,21.178,300.66,0.15073
21.177,0.13755,13.526,211.43,0.13027
7.5189,0.11051,14.585,27.863,0.075606
21.42,0.17963,27.867,176.99,0.094894
3.6003,0.094782,10.432,176.87,0.13864
26.953,0.066681,14.506,326.7,0.21568
25.953,0.11155,-3.8318,169.91,0.12259
4.6258,0.11683,6.1662,148.54,0.071954
23.107,0.10493,22.636,64.914,0.010813
30.854,0.16637,14.703,164.74,0.0080998
24.755,0.15597,20.112,310.35,0.20338
19.739,0.18664,10.17,381.67,0.20192
28.684,0.087942,13.085,355.49,0.14539
11.754,0.085169,10.862,-57.111,0.056292
18.054,0.18399,12.863,192.04,0.11722
20.489,0.054975,-11.771,268.34,0.20216
33.486,0.16737,14.057,241.39,0.10852
28.65,0.1032,19.059,144.96,0.030833
20.642,0.19128,12.775,129.77,0.13044
22.082,0.20789,14.06,161.6,0.10385
3.8127,0.09881,13.067,83.332,0.19461
11.731,0.21836,12.085,98.554,0.10375
-3.5995,0.18779,7.8219,424.9,0.090224
20.723,0.21146,5.7837,117.62,0.092449
-6.73,0.056852,12.312,129.41,0.12349
13.775,0.10285,7.8736,298.65,0.078233
-1.8645,0.1931,12.234,277.83,0.18836
17.502,0.1018,3.9988,164.29,0.19541
16.399,0.17259,9.0742,248.5,0.13188
15.987,0.2213,18.036,268.5,0.22019
-3.9724,0.21134,3.4489,322.04,0.19744
10.907,0.17891,6.5176,136.96,0.14815
-3.5154,0.073461,0.14161,187.04,0.073559
4.5429,0.24896,-1.7681,290.25,0.23395
-1.3616,0.17071,14.153,442.38,0.1331
2.3987,0.1326,3.734,144.61,0.063246
1.7404,0.24388,-8.4539,376.28,0.18985
6.027,0.18832,2.2609,87.886,0.25704
11.232,0.18182,7.3004,266.12,0.15369
11.762,0.16063,13.206,415.46,0.10514
1.4907,0.22159,9.0866,161.29,0.17902
7.7317,0.1596,-0.20004,211.6,0.13122
-7.9534,0.119,-3.0316,325.28,0.24545
13.555,0.227,-3.24,287.23,0.061213
6.695,0.1363,-0.031009,191.93,0.10367
18.498,0.18163,0.26558,315.18,0.13868
10.147,0.15425,4.9887,281.89,0.14843
7.8204,0.055354,16.769,361.74,0.11998
17.855,0.15903,-3.4832,98.477,0.086422
7.1169,0.17664,15.204,196.24,0.10301
13.876,0.12638,13.383,150.35,0.20679
29.166,0.059202,15.883,144.52,0.15352
17.846,0.086896,2.7866,189.58,0.16734
5.685,0.15185,13.838,66.5,0.13735
27.028,0.039165,23.016,130.41,0.20262
20.856,0.19869,15.027,164.81,0.1501
8.2288,0.078854,11.485,77.861,0.14815
20.135,0.081126,13.922,263.31,0.13919
23.264,0.058238,11.636,258.74,0.21377
3.3585,0.13606,19.289,247.16,0.057632
17.546,0.090962,13.346,222.53,0.14783
18.132,0.25946,8.7184,144.91,0.13089
4.1925,0.10103,32.643,380.85,0.012794
26.815,0.093444,16.585,250.89,0.061878
8.6719,0.28101,11.16,250.25,0.11622
15.866,-0.05984,14.378,141.85,0.10131
12.445,0.1806,14.836,174.11,0.2052
23.462,0.18618,18.018,169.52,0.1452
12.641,0.17344,11.291,185.98,0.19349
35.237,0.01319,2.0812,190.79,0.14774
20.441,0.15941,19.367,312.68,0.17649
19.07,0.22081,3.1184,328.68,0.1701
5.6349,0.13306,9.2114,375.75,0.11652
4.7528,0.085085,10.762,362.05,0.090533
0.78141,0.16048,7.442,128.55,0.20023
26.145,0.12551,3.6722,277.14,0.17656
15.89,0.22966,2.1599,206.08,0.093905
4.3056,0.15323,16.901,71.437,0.11415
15.556,0.10274,14.956,200.58,0.1986
-11.862,0.19321,1.1162,345.59,0.19019
-0.12159,0.1992,14.768,295.8,0.1299
-11.438,0.18693,7.0059,30.902,0.11756
20.708,0.10603,6.7279,198.56,0.21659
-2.1492,0.26774,4.9399,361.54,0.1664
-12.045,0.17992,-4.9705,284.35,0.24303
17.248,0.20981,7.0754,198.42,0.20751
-6.2184,0.10966,-8.3836,221.7,0.079555
5.1261,0.14619,10.311,284.32,0.14639
-3.0992,0.23155,5.5283,436.53,0.10683
20.661,0.16729,4.9291,62.695,0.24889
2.0445,0.1978,5.9973,111.81,0.20862
7.0616,0.10998,2.1766,287.76,0.12507
4.4446,0.1072,-0.14825,35.037,0.30033
6.822,0.16945,4.8179,303.36,0.10362
9.1893,0.27364,0.91425,281.36,0.14183
16.815,0.29771,11.534,495.57,0.14295
19.126,0.11054,4.9739,157.5,0.14008
-4.4337,0.16261,19.734,129.22,0.25336
7.2395,0.27253,8.2585,118.1,0.12621
1.2163,0.09744,2.0106,156.05,0.14779
-7.8586,0.20751,11.645,127.84,0.1123
11.755,0.096535,5.5548,191.97,0.29724
-5.6154,0.23541,5.227,58.415,0.20768
6.489,0.035117,21.001,221.34,0.17268
2.8719,0.24753,25.163,235.47,0.11896
10.717,0.017717,2.0817,169.69,0.12442
13.559,0.096178,7.5429,50.563,0.059684
15.737,0.28875,8.5778,169.24,0.1399
18.786,0.0060427,2.7019,400.78,0.13202
15.743,0.15045,28.75,91.307,0.037255
5.5012,0.20928,6.9525,114.66,0.040763
29.694,0.10411,22.261,-52.345,0.19893
16.726,0.1538,15.89,319.19,0.14804
23.477,0.10455,8.8518,229.88,-0.012762
21.683,0.057819,22.751,234.76,0.052344
16.012,0.023858,12.347,149.48,0.13309
28.688,0.15898,18.641,279.51,0.13025
22.675,0.13031,11.168,154.73,0.094567
34.445,-0.019681,14.227,325.8,0.057026
28.878,0.059371,4.2677,81.326,0.12563
36.682,0.12392,15.57,-42.408,0.16817
32.894,0.08295,14.865,172.58,0.029739
18.41,-0.0042089,9.4871,174.03,0.13843
28.809,0.17021,17.313,205.72,-0.081665
15.472,0.20718,12.748,279.23,0.16264
3.8696,0.17024,11.789,200.44,0.11272
15.324,0.13126,23.311,235.35,0.053677
12.509,0.1521,10.67,246.11,0.13706
-2.4266,0.23859,8.1961,446.01,0.081318
6.5724,0.11309,2.5081,371.49,0.14234
9.7528,0.11936,2.3246,35.414,0.10539
9.4763,0.34551,13.628,132.16,0.19267
3.5557,0.11989,-6.6053,232.45,0.10417
-0.27601,0.086112,1.0356,301.89,0.20245
16.955,0.13408,6.2318,321.82,0.21087
0.65539,0.031376,3.6985,274.24,0.164
18.316,0.26508,4.0633,223.42,0.094242
5.3884,0.15969,-0.3395,297.55,0.12949
-8.4767,0.11674,4.1789,362.39,0.19663
3.7601,0.20835,-7.1331,197.42,0.20952
2.6806,0.2346,4.4559,226.52,0.1085
-14.366,0.096317,-7.0003,353.07,0.17834
11.807,0.13869,-1.9479,284.63,0.080319
-12.878,0.24344,0.6125,211.35,0.1942
4.6675,0.26401,0.38638,274.88,0.15684
16.581,0.13748,4.3798,53.494,0.22181
-1.9037,0.19241,14.375,185.25,0.10357
-2.5806,0.066856,-4.254,178.06,0.12229
2.6174,0.17731,10.165,335.74,0.17503
19.324,0.11496,-4.1321,344.08,0.064853
0.50902,0.2394,6.8558,366.82,0.091619
2.0629,0.15281,14.738,500.14,0.21449
7.521,0.22899,17.932,90.796,0.23904
-4.9465,0.1792,19.344,373.15,0.20295
12.398,0.32577,5.3766,130.53,0.1755
13.173,0.055811,-3.2626,184.83,0.16457
6.499,0.12536,8.1401,403.26,0.2115
15.652,0.24057,10.613,189.79,0.13538
10.484,0.062598,11.998,307.13,0.21482
23.943,0.0085372,8.2395,106.66,0.067267
16.694,0.19208,20.905,201.34,0.043129
7.9012,0.23112,10.864,382.23,0.14264
13.68,0.093224,-2.4151,140.57,0.0080224
16.042,0.16496,23.037,51.184,0.066989
35.06,-0.048192,17.841,68.386,0.098613
19.434,0.048303,14.155,239.15,0.14396
11.844,0.25464,19.573,72.448,0.091663
24.926,0.043845,10.754,278.69,0.10949
6.7605,0.15916,15.455,-3.3107,0.19328
17.795,0.26783,18.878,278.9,0.11529
4.2131,0.19583,8.6946,107.22,0.046439
12.93,0.067237,3.0146,158.46,0.18785
41.042,0.13704,19.462,169.95,0.12926
16.116,0.13317,27.915,40.217,0.14478
15.095,0.17585,6.0721,204.39,0.094893
14.797,0.24857,17.103,305.42,0.082543
13.394,0.15659,14.509,266.53,0.070741
17.799,0.041438,8.8904,287.89,0.083943
-5.7499,0.063903,12.615,401.04,0.22249
2.4534,0.071894,4.443,253.07,0.094483
5.6171,0.15499,11.679,151.49,-0.020948
18.24,0.085016,9.1158,263.86,0.11562
6.7056,0.032136,7.6407,214.3,0.26092
12.448,0.28692,7.973,89.573,0.080526
18.949,0.085589,-6.7569,270.46,0.1274
6.6355,0.135,3.3263,200.8,0.15001
-0.73866,0.078499,7.856,313.67,0.18348
4.7959,0.18546,10.449,396.4,0.13083
8.6879,0.095256,7.3042,205.02,0.10051
-2.72,0.16787,-2.048,262.58,0.29049
11.169,0.10008,3.8772,255.98,0.098513
5.9553,0.23193,-8.3915,97.343,0.17689
9.2144,0.19047,4.1538,234.76,0.19464
6.1233,0.098333,-5.6157,172.35,0.2528
-5.793,0.17863,7.2869,258.61,0.14087
-4.2386,0.35693,-6.6317,187.67,0.29678
8.016,0.19956,16.609,48.371,0.12283
25.407,0.11207,2.812,161.12,0.18237
-4.3143,0.21332,3.5534,106.72,0.23888
9.6862,0.15757,6.1587,270.8,0.19535
5.7751,0.074009,1.2739,307.28,0.17178
13.754,0.099154,16.05,-0.35618,0.13092
3.1526,0.16413,2.2422,423.76,0.16961
3.1538,0.086074,1.8133,222.68,0.18982
13.279,0.046806,2.6589,312.53,0.077401
12.42,0.13584,9.7628,127.74,0.1455
14.05,0.10325,13.782,347.71,0.17619
17.485,0.083074,10.973,159.51,0.077595
23.512,0.15232,12.832,266.88,0.19098
21.444,0.10364,0.92337,426.26,0.037387
10.067,0.11558,11.145,101.22,0.041875
17.968,0.0026227,9.0233,227.56,0.14982
13.745,0.12841,20.384,72.873,0.085185
16.153,0.22611,5.9008,100.66,0.074167
17.001,0.012433,-0.3091,247.63,0.047647
19.812,0.00099367,14.721,210.72,0.035342
22.002,0.21819,3.2666,256.12,0.17301
22.414,0.19818,15.27,89.521,0.02312
17.211,3.3713e-05,14.089,94.317,0.036121
28.96,0.12248,19.947,164.1,0.16056
18.463,0.12946,25.789,356.27,0.17986
20.519,-0.016483,15.91,293.32,0.1938
20.907,0.088686,16.606,188.29,0.11257
18.018,-0.050119,15.928,346.05,0.021031
38.165,0.17208,12.971,315.41,0.11275
3.6499,0.10637,20.919,196.54,0.057941
15.266,0.15307,7.6972,195.27,0.057995
18.172,0.051772,14.264,94.652,0.033188
5.3192,0.19501,15.715,306.64,0.058919
14.11,0.20323,20.481,339.49,0.17596
24.29,0.083634,13.706,275.63,0.13894
12.457,-0.027976,8.2469,349.58,0.1898
-4.4355,0.13484,6.269,389.84,0.20573
15.758,0.14506,-1.6736,416.98,0.1469
25.684,0.14546,5.9617,252.25,0.12989
5.0297,0.18782,5.8191,191.94,0.12227
-6.6443,0.031954,6.6454,77.081,0.21766
18.993,0.17039,17.965,242.29,0.13878
-4.1926,0.2817,12.399,117.39,0.1806
6.3965,0.1973,14.932,101.79,0.12165
15.207,0.35876,7.6231,411.45,0.24417
6.7672,0.16773,0.10794,292.64,0.21567
2.7129,0.22346,0.39573,95.993,0.14006
5.2042,0.14653,1.6832,154.23,0.10857
-0.94888,0.095431,2.4674,398.14,0.096785
-1.2359,0.19993,17.041,368.42,0.06308
-6.3595,0.2089,6.3824,263.07,0.071978
1.7364,0.13648,-4.1817,223.34,0.10717
3.1953,0.043617,14.447,57.031,0.18429
24.435,0.08049,-3.5555,229.87,0.17364
12.144,0.094806,4.2734,345.14,0.17793
11.399,0.20144,2.4954,347.31,0.097417
12.123,0.17551,9.5215,399.47,0.15406
10.871,0.17163,4.332,311.55,0.15018
10.292,0.10766,7.4624,325.48,0.20177
15.911,0.16341,6.4941,109.8,0.1961
18.047,0.098026,-1.5352,253,0.21999
14.076,0.25768,15.561,281.34,0.16953
20.071,0.043617,-1.9507,334.94,0.21303
13.667,0.1664,-4.2698,245.61,0.070158
28.39,0.031622,5.6982,145.42,0.077698
-0.62286,0.084161,20.94,249.45,0.18378
2.4112,0.29923,10.552,254.65,-0.011712
12.282,0.089415,11.072,330.31,0.16147
9.9592,0.21858,15.392,121.38,0.15259
13.517,0.25014,16.405,341.15,0.15899
18.253,0.018887,20.785,195.32,0.18644
3.7346,0.25352,28.704,72.837,0.10047
17.864,0.055498,13.434,155.77,0.19673
26.667,0.15265,20.537,355.03,0.15728
37.04,0.02529,19.059,179.49,0.066408
22.045,0.10518,24.76,119.15,0.11692
19.444,0.037505,23.859,226.95,0.10189
4.5048,0.10506,27.196,78.736,0.13323
11.536,0.061992,1.286,340.96,0.062632
30.005,0.22159,9.5357,338.04,-0.066281
13.869,0.089582,18.325,80.217,0.079378
10.639,0.20519,21.958,409.19,0.0132
25.819,0.13047,8.4384,269.76,0.038486
7.1855,0.15324,6.5984,203.13,0.17678
11.88,0.19116,11.482,169.12,0.11862
7.3725,0.146,9.8357,65.993,0.13295
17.383,0.14941,15.37,269.38,0.11569
0.42967,0.21769,4.044,93.754,0.12831
6.1759,0.21956,19.604,134.16,0.089983
7.1167,0.10755,-4.2109,90.049,0.072439
11.775,0.088941,5.3626,217.55,0.042831
11.07,0.093158,3.1511,239.28,0.15792
-2.0483,0.12446,10.39,148.7,0.069747
-0.03335,0.057676,1.7941,330.41,0.22211
2.2259,0.12823,6.0133,305.65,0.14196
23.13,0.34856,12.866,205.26,0.12536
8.5295,0.10814,-2.4999,322.87,0.11517
2.7836,0.16785,5.9852,455.35,0.20872
-4.0273,0.14689,5.7479,155.62,0.16465
-16.698,0.11189,5.8444,212.51,0.067615
-0.38224,0.17983,12.27,107.09,0.090841
17.078,0.06526,16.925,407.71,0.19781
-7.2422,0.11969,4.918,178.76,0.19155
2.448,0.071851,-9.9622,289.53,0.2031
-8.6453,0.14174,16.759,377.15,0.16177
11.301,0.24918,15.597,282.53,0.12818
-6.1893,0.095429,14.549,449.98,0.16761
7.2701,0.33534,1.5325,154.53,0.021747
2.6392,0.16114,0.93824,65.32,0.047392
8.1361,0.25628,-9.5543,238.55,0.10385
-7.2618,0.033858,2.7083,143.9,0.072441
6.4844,0.090307,-5.6622,297.7,0.25637
18.626,0.09932,10.549,36.511,0.14938
23.51,0.07676,14.167,292.09,0.16946
4.4418,0.21325,15.346,230.81,0.16937
15.988,0.07117,0.7244,247.35,0.15718
10.533,0.15699,27.715,230.73,0.11232
11.441,0.14568,6.448,322.77,0.022165
22.499,0.18481,23.144,327.79,0.074979
23.954,0.18883,14.84,273.26,0.073121
19.742,0.31182,8.0427,38.105,0.22713
-4.5075,0.010779,18.939,412.98,0.17228
40.446,0.18583,12.869,321.26,0.14537
32.597,0.13869,19.199,210.15,0.097897
15.59,0.016067,30.402,193.09,0.21012
21.933,0.087411,25.407,285.63,0.11586
28.338,0.096968,21.728,222.07,0.1765
-0.1117,0.065016,3.099,433.75,-0.019646
10.661,0.17259,5.501,238.58,0.14034
5.852,0.18477,21.871,283.09,0.089765
20.638,0.17083,31.488,224.09,0.17181
6.2231,0.092446,21.757,162.31,0.19172
27.133,0.10786,26.241,40.492,0.087838
24.437,0.13314,13.14,87.938,0.15334
8.2445,0.07053,8.4476,121.08,0.086352
8.9708,0.10874,5.514,77.932,0.17135
12.716,0.03836,17.923,246.45,0.16756
4.4242,0.22546,12.932,160.49,0.074927
20.068,0.10699,-6.1895,250.04,0.15256
12.932,0.18681,6.4528,129.64,0.15396
-1.5585,0.15989,8.8075,111.96,0.091586
18.597,0.24009,7.2107,114.83,0.11052
-8.7898,0.10558,-18.823,309.78,0.16002
-5.2407,0.11393,-10.793,423.43,0.16804
5.5843,0.22023,13.117,369.16,0.22492
-4.9927,0.34404,-0.90576,353.89,0.13059
10.307,0.3486,5.5875,17.748,0.24203
13.242,0.20556,1.7679,132.41,0.16795
7.6277,0.1651,14.023,367.38,0.12808
13.902,0.1876,5.7463,61.866,0.15811
13.315,0.16978,8.1717,113.04,0.2109
15.447,0.20577,2.4419,16.062,0.20479
18.008,0.13828,10.203,415.35,0.066039
-12.694,0.15242,-2.0447,108.65,0.17667
8.7508,0.16194,1.2241,29.773,0.29671
2.5947,0.14425,5.1869,406,0.072627
0.037031,0.35016,5.3094,74.573,0.17665
8.7989,0.27016,-6.5784,230,0.14983
4.6148,0.11561,3.7489,34.169,0.11681
12.506,0.1572,-0.59933,205.46,0.096776
8.0441,0.17889,7.2142,265.17,0.12958
-5.4443,0.2168,1.3311,123.59,0.21316
-0.81576,0.25788,11.108,272.14,0.19228
18.368,0.13366,-0.43384,385.74,0.23338
25.712,0.17679,19.865,204.61,0.12884
21.88,0.1992,12.244,229.07,0.24539
9.645,0.078243,5.511,207.59,0.19482
3.1539,0.14808,16.373,119.04,0.21886
18.82,0.095907,25.182,304.04,0.22129
-4.3378,0.095272,18.021,148.77,0.058936
12.37,0.23025,13.058,151.77,0.090444
21.099,0.12597,20.921,408.91,0.1891
18.856,0.10536,1.5488,340.96,0.20431
21.683,0.13601,21.226,380.14,0.10054
13.543,0.14413,18.014,332.4,0.12857
10.758,0.05431,15.579,149.91,0.15112
23.505,0.08302,3.2339,113.65,0.096263
7.3343,0.055668,30.628,234.19,-0.0045313
8.756,0.10101,15.094,228.16,0.10363
30.554,0.12715,24.285,117.73,0.12369
18.601,0.13747,16.03,321.38,0.12604
30.882,0.25855,8.412,63.737,0.095316
28.338,0.11914,14.425,226.56,0.082922
22.898,-0.010539,23.426,169.78,0.082464
16.689,0.19314,14.131,271.55,0.1109
16.231,0.10261,17.625,192.33,0.16193
11.178,0.098392,11.031,112.47,0.055791
7.7914,0.15586,11.158,285.29,0.15589
1.2137,0.20187,15.694,99.069,0.21836
18.62,0.13001,0.075721,393.18,0.11878
14.984,0.16988,3.7248,341.06,0.1951
13.605,0.21989,10.867,181.83,0.12041
-8.3338,0.12893,-0.65579,223.86,0.14476
5.1398,0.12927,16.485,279.73,0.14868
22.194,0.14356,8.3644,190.99,0.18383
10.216,0.073015,-5.0762,113.96,0.16726
13.174,0.31583,18.391,205.55,0.1872
4.1591,0.066048,-2.8052,388.41,0.090033
13.353,0.15818,14.918,311.15,0.058386
20.565,0.15888,8.6322,395.17,0.1264
-2.3247,0.33587,14.048,88.93,0.16509
4.4325,0.17727,7.8192,236.88,0.18274
21.283,0.10746,-0.39644,93.102,0.19901
14.254,0.27145,6.6815,-108.01,0.34702
-1.0703,0.21867,20.948,370.51,0.09104
12.314,0.15535,12.733,268.39,0.17382
-2.2487,0.099837,12.059,138.97,0.15165
-11.023,0.088107,6.6853,294.37,0.065715
10.869,0.25853,9.8616,154.37,0.12896
19.651,0.18694,-0.47687,196.34,0.086025
3.2869,0.050808,17.479,273.08,0.11144
20.52,0.22922,9.8013,464.14,0.17828
-2.3898,0.21145,11.376,-11.162,0.12957
0.40195,0.18456,5.2131,121.67,0.029062
16.261,0.2188,14.629,189.17,0.14434
-4.2133,0.12176,1.4197,218.54,0.045628
9.3074,0.22684,12.466,372.4,0.057799
-3.9959,0.11656,12.732,200.19,0.12399
3.0186,0.20812,7.1277,432.96,0.11611
16.91,0.12762,-4.6813,287.81,0.14831
22.616,0.20324,10.27,181.19,0.13804
12.407,0.09009,1.8584,88.72,0.11724
13.284,0.19992,19.743,122.37,0.072707
18.806,0.16348,2.1201,291.39,0.10219
34.307,0.054298,25.297,260.07,0.043815
15.943,-0.0034247,17.029,115.83,0.12337
13.345,0.26946,29.33,142.32,0.14337
12.95,0.17553,19.116,96.908,0.18026
26.892,0.15102,17.649,297.19,0.17753
18.127,0.072364,25.564,308.89,0.071488
24.664,0.17215,4.9666,159.63,0.064092
22.441,0.17604,9.8506,467.57,0.0083536
4.8736,0.21126,13.152,336.94,0.078566
17.236,0.067556,7.7833,194.03,0.1849
15.701,0.044732,17.267,164.4,0.051957
7.8488,0.19382,32.269,321.8,0.15663
21.078,0.14544,16.728,253.01,0.19134
8.814,0.067172,17.95,124.16,0.14017
17.218,0.15089,15.792,122.24,0.087258
16.248,0.14466,28.949,267.34,0.12081
10.724,0.17361,5.7889,268.24,0.15134
16.123,0.18836,16.225,135.86,0.18716
13.606,0.21427,-2.1163,149.17,0.1549
-3.3374,0.2114,13.039,119.46,0.058738
18.42,0.16811,15.01,230.33,0.18325
2.5389,0.22497,3.1977,173.33,0.035533
10.634,0.18293,-3.6094,148.23,0.14635
11.813,0.31412,10.923,366.8,0.21157
7.0938,0.13879,7.1017,153.51,0.090679
7.3432,0.092063,1.0193,240.43,0.21872
9.0752,0.19319,1.9434,250.01,0.22132
15.139,0.14738,3.4952,195.84,0.20092
3.3734,0.24743,6.6642,214.76,0.099136
-5.9092,0.21557,4.6548,249.01,0.1021
6.8325,0.15571,11,476.45,0.20697
-9.0771,0.088841,2.42,355.3,0.26853
-5.8952,0.14842,13.139,348.29,0.23095
9.5066,0.14029,7.5362,315.64,0.20573
1.1842,0.22708,3.8895,269.72,0.16194
-8.0642,0.21151,5.2983,235.8,0.090388
11.246,0.16727,17.174,218.38,0.17033
-1.568,0.17509,11.967,367.9,0.23206
9.159,0.15023,7.1284,163.6,0.12222
17.391,0.25141,0.035408,202.15,0.17284
-5.7549,0.21054,-3.7692,255.86,0.14478
12.194,0.19168,-1.3209,158.74,0.14208
20.327,0.25812,8.2248,324.81,0.1732
-5.71,0.2392,-1.2095,233.56,0.057108
10.727,0.034617,10.112,148.3,0.070792
10.556,0.04419,14.986,361.31,0.23252
15.258,0.086468,4.2655,131.05,0.13233
11.242,0.24298,3.6165,401.65,0.048297
20.965,0.096049,17.367,265.65,0.079095
19.21,0.096945,2.1026,240.2,0.17188
23.242,0.14629,1.3729,175.62,0.084477
3.5778,0.073717,17.661,99.419,0.25168
0.57371,0.18978,6.4797,272.68,0.037424
19.852,0.22978,23.054,135.69,0.13118
7.1694,0.064586,14.461,301.88,0.077132
22.56,0.19701,17.688,356.06,0.17191
24.122,0.11527,26.565,216.97,0.1307
13.067,0.11796,6.786,18.036,0.068261
10.015,0.092058,17.416,189.37,0.0469
13.451,0.13119,24.816,151.56,0.090677
31.763,0.22878,23.381,335.44,0.11779
9.527,0.17781,9.7408,368.31,0.087501
20.085,0.22587,-0.59179,94.394,0.11986
20.012,0.10062,22.806,175.03,0.096713
16.007,0.075694,5.5554,192.26,0.16528
10.09,0.13015,1.5864,241.67,0.12707
12.847,0.25071,6.2194,182.33,0.11546
2.111,0.03661,4.0995,375.04,0.18376
22.955,0.21822,14.268,109.59,0.11369
3.6508,0.12903,7.7107,335.48,0.042206
20.184,0.15379,1.0002,351.37,0.086596
3.5304,0.17739,9.6296,153.38,0.099135
-1.7587,0.1975,13.627,-18.305,0.10606
4.6959,0.18211,12.05,181.43,0.11068
15.306,0.30755,10.073,420.84,0.13446
1.7137,0.088733,2.688,354.28,0.16318
16.424,0.082238,3.3062,-36.078,0.16494
0.46979,0.2498,3.0182,307.29,0.089456
4.2155,0.22086,6.2932,186.68,0.18443
5.848,0.19055,-2.9767,320.82,0.15123
-1.9995,0.15028,10.305,292.03,0.12594
24.691,0.043839,-2.9379,119.71,0.21098
7.009,0.23168,7.1253,225.64,0.1181
7.027,0.23741,5.2237,296.05,0.18522
7.2315,0.32345,-9.6077,246.52,0.041212
7.5801,0.15181,9.2178,168.44,0.21142
13.744,0.17124,7.5943,314.86,0.20348
-9.0731,0.20167,5.6333,174.03,0.15732
8.5239,0.17411,13.885,199.03,0.25407
16.578,0.16179,-5.0915,115.95,0.09043
6.9874,0.15511,3.514,384.79,0.08267
4.578,0.21188,7.1574,141.14,0.093018
8.9568,0.093339,-4.8466,119.55,0.023351
11.533,0.078625,9.4583,297.94,0.24814
-7.2192,0.25601,19.206,263.5,0.08365
9.167,0.13891,5.8854,167.8,0.14049
9.2836,0.18937,20.319,39.846,0.056809
10.71,0.19638,1.2102,352.57,0.11502
11.751,0.15574,19.542,221.52,0.058519
4.0033,0.15508,12.01,268.7,0.28754
23.912,0.16492,-2.633,256.21,0.25135
22.161,0.12161,2.5825,157.66,0.21046
8.7779,0.16642,4.5569,-47.463,0.13559
12.759,0.10536,20.591,293.86,0.14753
18.017,0.17826,15.359,275.33,0.041158
8.7154,0.090491,22.979,172.1,0.10474
15.361,0.081563,6.7968,285.99,0.1445
1.499,0.20065,11.463,375.13,0.0997
26.923,0.14234,13.167,311.84,0.12575
20.308,0.13151,20.566,350.85,0.047544
31.748,0.11752,7.8751,144.04,-0.057553
12.757,0.062731,19.613,266.63,0.19983
26.204,0.12939,14.335,297.52,0.12737
31.971,-0.03027,16.872,175.56,0.14466
22.809,0.18085,21.61,132.71,0.12147
15.028,0.20472,16.057,275.78,0.26692
16.571,0.17472,21.436,91.898,0.11665
14.325,0.10983,2.9608,298.1,0.23472
13.425,0.09152,22.946,337.43,0.11417
19.682,0.16606,4.1637,189.15,0.10193
24.875,0.07233,7.0557,182.84,0.14696
10.62,0.14874,9.5615,142.18,0.28409
10.355,0.18269,13.228,307.01,0.16628
5.0029,0.07042,2.9646,217.43,0.044849
11.358,0.11309,1.5672,184.4,0.11749
6.0651,0.06816,9.5576,286.1,0.26227
4.3041,0.04969,1.8051,281.08,0.138
11.282,0.21547,16.579,321.62,0.16743
14.144,0.13681,3.4938,166.46,0.23749
4.3204,0.052504,-3.5408,261.86,0.16567
-5.4044,0.16356,4.0116,187.65,0.18677
5.423,0.10516,17.534,261.55,0.18674
-6.1409,0.12875,-5.0758,60.136,0.20336
-9.5476,0.23464,5.1307,232.94,0.12327
-12.155,0.20008,8.8579,275.19,0.24571
2.0869,0.1899,14.508,437.36,0.19168
15.263,0.16511,17.335,37.187,0.34867
3.4227,0.20631,6.4546,156.41,0.1421
4.2912,0.15309,6.0665,213.98,0.19597
9.9871,0.28224,14.585,151.78,0.10169
13.092,0.31301,4.4593,261.59,0.21797
-7.2376,0.12226,13.114,305.63,-0.0084752
11.009,0.19581,12.258,116.59,0.23731
-0.86874,0.26259,7.2165,177.49,0.19701
0.096813,0.31433,12.831,303.97,0.15569
11.687,0.054899,12.897,328.68,0.15905
11.033,0.15228,12.056,269.52,0.072465
12.017,0.20006,7.8713,84.215,0.094441
-10.706,0.15141,7.8137,208.27,0.050461
22.29,0.14088,11.483,298.71,0.0523
28.674,0.096545,12.31,280.61,0.20957
-2.3914,0.16296,8.5922,-0.47904,0.12225
11.871,0.097511,16.16,199.97,0.20609
34.394,0.21377,16.504,181.85,0.18998
23.581,0.28928,17.143,332.86,-0.017772
27.219,0.070289,18.572,155.23,0.091727
13.862,0.24543,6.2945,-124.92,0.25293
31.739,0.13295,11.653,346.63,0.11222
18.453,0.037315,23.52,105.31,0.13141
8.5882,0.058089,19.876,290.57,0.13516
-3.6488,0.25248,10.117,144.66,0.12066
18.593,0.18438,17.69,255.47,0.12021
20.677,0.060827,16.176,175.07,0.075157
27.094,0.084989,19.471,301.27,0.086205
24.933,0.042288,7.5684,340.25,0.14023
21.811,0.036342,23.119,370.21,0.042406
-0.65928,0.017571,5.7188,296.93,0.13892
17.77,0.088463,17.071,197.82,0.078289
26.029,0.13997,15.043,199.93,0.098361
15.863,0.20337,5.7101,117.97,0.12877
3.9825,0.23972,24.817,397.37,0.17971
18.108,0.20724,13.066,164.04,0.21548
21.206,0.20316,0.52462,196.68,0.06235
6.5526,0.052383,12.426,243.66,0.022622
14.835,0.14042,13.684,131.35,0.18246
10.17,0.22638,10.787,381.07,0.13522
15.306,0.19215,10.319,92.065,0.15568
18.937,0.24467,7.9831,168.8,0.22828
21.415,0.10513,0.93668,290.24,0.086243
19.383,0.14613,7.1569,170.57,0.11101
-0.43873,0.053322,18.745,386.38,0.18596
11.839,0.19089,7.516,286.25,0.043653
-2.2274,0.2222,4.2527,73.684,0.069843
18.206,0.21568,2.783,173.7,0.15547
5.5029,0.13105,12.478,167.94,0.10495
-14.06,0.087126,4.909,266.71,0.18192
11.336,0.20387,-1.0064,143.31,0.14279
20.712,0.13287,5.614,213.91,0.13634
5.8027,0.27503,10.757,326.92,0.083621
-12.52,0.16943,10.61,98.205,-0.012644
6.0098,0.12081,8.1187,292.56,0.27217
9.9045,0.16028,16.09,314.98,0.24012
-4.2168,0.26914,12.741,207.43,0.14008
22.073,0.058054,-1.3159,275.27,0.24425
-0.8962,0.22396,6.6372,223.08,0.18469
18.707,0.15769,-0.45771,323.45,0.018832
24.628,0.25416,1.0291,137.79,0.20597
-4.1277,0.092734,4.302,309.22,0.19594
-0.25165,0.13451,4.3471,190.25,0.18053
2.7684,0.12504,9.5526,615.1,0.14965
14.975,0.13471,-0.24581,215.84,0.12908
7.9483,0.19694,6.7833,231.75,0.014597
21.447,0.071716,-3.2904,114.48,0.22142
16.869,0.059542,13.89,34.758,0.13026
13.588,0.13337,9.2711,241.56,0.024911
17.149,0.12038,18.404,24.673,0.14173
14.985,0.15274,16.143,151.05,0.1059
11.384,0.094862,0.48488,433.21,0.1324
12.675,0.11739,15.395,267.34,0.14412
26.801,0.18403,11.879,202.31,0.11786
23.166,0.068576,7.3636,292.72,0.092109
6.503,0.18455,10.675,134.03,0.054828
25.966,0.1874,21.696,194.96,0.11222
27.54,0.12576,15.19,169.58,0.084907
24.198,0.21347,12.707,147.28,0.11141
26.287,0.19164,25.228,237.7,0.19458
28.755,0.046817,15.637,5.3424,0.15669
12.955,0.075308,12.368,45.145,0.191
19.418,0.047288,35.505,90.933,0.14836
21.338,0.081695,16.502,465.25,0.10531
17.184,0.079631,3.3298,15.085,0.18165
31.505,0.19699,19.282,191.37,0.18245
35.358,0.27585,28.194,242.23,0.0064216
10.753,0.14014,9.4678,217.17,0.15756
4.2979,0.18021,15.532,311.96,0.020186
20.176,0.11397,5.0754,223.24,0.15825
3.776,0.11648,10.34,153.96,0.21302
11.69,0.12411,19.846,136.64,0.11556
11.976,0.17209,-0.0082398,203.53,0.18002
4.529,0.07981,5.8852,355.33,0.23943
13.954,0.25148,-7.5348,331.84,0.18965
3.053,0.33222,-8.2088,270.54,0.11786
17.07,0.11822,1.0387,156.01,0.16093
28.826,0.25674,17.371,329.37,0.083283
9.1223,0.26203,7.1851,236.15,0.23118
2.3101,0.27486,1.9299,350.45,0.097686
27.683,0.22718,13.147,285.41,0.12969
15.773,0.089639,8.1008,383.94,0.25211
9.5252,0.237,0.59774,181.59,0.25316
-1.8259,0.13261,0.35644,372.64,0.071936
-0.23686,0.1982,13.185,323.86,0.16086
-4.4279,0.21544,0.16091,300.31,0.2193
13.442,0.1174,13.327,391.06,0.20607
9.5849,0.079731,-1.5211,341.84,0.055563
-9.165,0.28298,16.971,281.46,0.063038
2.9975,0.25832,6.4235,247.1,0.178
4.4061,0.2593,0.22081,245.19,0.15928
7.0545,0.18841,2.4427,148.52,0.11326
10.076,0.13825,6.7186,197.5,0.16666
2.1342,0.08793,0.50602,214.6,0.10512
16.787,0.096266,-2.6861,309.21,0.17892
25.69,0.012009,8.2648,128.36,0.1275
1.4283,0.23722,9.2429,110.17,0.068727
-1.1461,0.24859,24.972,-3.2403,0.16333
7.5985,0.2016,19.216,248.7,0.194
8.3761,0.096425,4.899,136.63,0.23308
11.671,0.23534,0.43644,249.37,0.12815
6.704,0.20063,14.193,134.59,0.10569
12.837,0.19817,10.598,117.7,0.10356
15.653,0.10761,12.118,152.4,0.014044
8.1691,0.12307,8.2242,310.21,0.12158
17.249,-0.023792,19.859,320.47,0.068344
36.03,0.12852,11.879,302.2,0.14089
29.814,0.16659,24.574,285.15,-0.090384
23.14,0.060914,18.506,260.41,0.049118
15.174,0.077514,26.519,132.99,0.10638
18.55,0.011825,21.111,98.764,0.05609
26.376,0.20942,15.601,191.35,0.028705
24.381,-0.0057279,6.8951,152.33,0.21169
21.966,0.089331,11.209,197.42,0.01819
6.9487,0.21166,22.278,165.44,0.084501
30.767,0.10045,24.32,156.01,0.0090742
20.74,0.23536,5.3887,4.073,0.114
40.32,0.056284,20.877,182.14,0.10115
14.582,-0.0649,10.233,191.42,0.099118
4.4844,0.14052,13.398,196.46,0.1559
20.635,0.18686,12.291,242.44,0.10435
15.692,0.23499,31.353,144.14,0.25644
5.0178,0.02714,12.221,93.413,0.026673
2.788,0.13454,1.6555,134.1,0.14481
-11.457,0.15297,-4.9599,249.64,0.035278
21.616,0.22155,10.886,210.33,0.14848
-6.0316,0.16681,12.561,161.04,0.11585
3.9552,0.22994,-2.5915,299.82,0.050202
5.3145,0.14736,15.115,276.21,0.2574
5.1994,0.19159,17.976,225.44,0.067089
5.0732,0.095727,6.3794,202.92,0.17022
4.8432,0.35895,-6.9322,464.07,0.14549
13.376,0.2584,12.998,17.851,0.039385
-11.426,0.17642,7.0183,219.16,0.18186
-3.9135,0.17069,9.6778,310.88,0.2516
-2.2462,0.10583,-3.5608,165.11,0.22079
-4.8715,0.16568,6.7139,203.87,0.02549
-8.4536,0.17276,1.6147,94.495,0.089489
8.5616,0.23022,10.854,191.56,0.13148
-5.2005,-0.033312,14.56,315.72,0.15122
17.385,0.15945,11.862,391.78,0.1538
1.6986,0.25124,-5.0789,486.56,0.13909
10.614,0.18878,11.384,358.23,0.19602
-1.5316,0.11073,0.9129,102.86,0.17447
-12.708,0.1175,0.90487,440.88,0.32082
-5.6798,0.28804,8.3352,218.36,0.2803
19.746,0.21768,-3.7291,-121.82,0.21107
11.544,0.12668,21.939,228.69,0.13093
20.81,0.21073,3.0056,178.69,0.15485
10.818,0.22372,5.8808,425.89,0.12146
11.702,0.14949,6.7004,247.69,0.1649
13.633,0.077207,18.755,337.47,0.16835
8.519,0.11788,9.8868,294.92,0.0033511
19.142,0.16994,8.9385,195.14,0.095452
29.294,0.1822,15.593,207.82,0.15765
31.874,0.2606,8.6053,256.55,0.20586
27.084,0.10753,14.136,190.34,0.12575
22.163,-0.0055887,13.397,-60.066,0.079331
0.27787,0.0343,40.822,44.853,0.023362
15.428,0.14377,12.432,170.04,0.067579
5.4547,0.057902,11.101,348.41,0.062506
11.463,-0.056458,16.195,202.63,0.17812
37.764,0.13152,10.174,123.89,0.00053457
11.852,0.065382,24.413,163.48,0.10863
8.2446,0.042671,38.671,23.76,0.060885
19.558,0.013587,27.405,336.41,0.058669
30.096,0.055041,23.011,57.852,0.20207
23.117,0.20549,29.68,326.27,0.15813
11.685,-0.015783,18.232,223.98,0.09665
22.685,0.19399,18.329,377.75,0.10822
25.465,0.17425,3.6955,308.06,0.099662
17.017,0.16992,20.043,174.39,0.22238
19.126,-0.018988,20.043,490.21,0.0014829
14.405,0.27649,9.0757,-34.094,0.078561
9.0451,0.29194,9.0479,289.21,0.13324
0.92533,0.07722,14.499,298.5,0.15348
5.5073,0.1007,-5.4431,428.19,0.14155
22.234,0.19549,8.8762,132.63,-0.00030611
10.987,0.21642,6.0595,95.936,0.11712
6.1642,0.08725,15.227,21.628,0.16753
4.6453,0.15842,2.4541,244.19,0.19972
0.49892,0.14523,7.1304,454.65,0.17332
5.6457,0.10375,-9.7357,201.32,0.1821
5.9827,0.064537,14.512,32.353,0.17208
2.247,0.12406,9.4572,204.47,0.086067
10.667,0.063466,3.8675,375.48,0.14736
-8.4254,0.18064,-10.229,222.97,0.17201
-2.4869,0.21178,8.0668,237.88,0.22691
7.7565,0.12684,9.3325,257.25,0.15191
9.9894,0.12494,-1.1929,386.37,0.050416
14.335,0.23386,13.539,490.05,0.14412
2.6763,0.33502,14.113,340.31,0.1554
15.973,0.095092,-4.9885,236.26,0.065364
3.0026,0.13248,9.7262,480.52,0.12177
-0.27335,0.22334,9.0384,337.17,0.16204
21.185,0.1633,0.36108,181.34,0.10954
1.1103,0.18908,-0.249,385.65,0.24513
9.9324,0.20929,-2.3524,275.82,0.20761
15.152,0.14423,11.162,119.67,0.20045
-9.3343,0.18484,1.6721,273.82,0.16186
-3.9145,0.23252,16.425,246.14,0.18696
3.4555,0.06072,-5.9002,539.94,0.060017
26,0.15396,3.9449,190.88,0.086027
6.5562,0.22883,5.6061,281.52,0.061427
27.195,0.13552,14.98,237.46,0.10631
12.968,0.12946,16.27,418.13,0.18169
15.995,0.20254,19.491,206.66,0.037983
4.2482,0.20213,4.9105,166.01,0.081588
19.799,0.14967,17.465,310.13,0.13304
20.941,0.2069,22.553,233.74,0.16202
11.573,0.13674,28.091,169.14,0.029002
5.4824,0.029733,24.189,200.41,0.20272
27.801,0.11176,10.051,338.44,0.12924
19.272,0.2987,14.558,201.79,0.16098
15.795,0.14828,4.9824,161.75,0.15474
16.206,0.12488,14.373,75.402,-0.0015471
7.2155,0.12333,22.762,397.53,0.099124
24.725,0.18503,23.357,240.73,0.047923
21.986,0.13133,16.886,369.44,0.21328
3.0604,0.17185,8.7538,169.18,0.11129
7.6107,0.15009,17.874,152.77,0.085702
10.038,0.17532,15.061,140.92,0.047718
6.2314,0.023873,8.6143,98.797,0.088776
21.948,0.12882,12.449,169,0.043697
22.962,0.24924,21.531,341.16,0.097942
23.063,0.078721,11.907,108.99,0.14263
6.3128,0.11929,7.6388,331.29,0.17194
1.462,0.22666,-1.1402,36.529,0.080801
8.3706,0.048743,7.5814,281.82,0.10225
4.3794,0.20921,2.1295,207.55,0.22404
-2.0916,0.081569,3.2572,351.95,0.2115
7.9204,0.183,6.453,301.19,0.091977
-5.7107,0.21015,8.1746,300.52,0.058678
15.06,0.029251,10.942,111.53,0.21545
7.6337,0.20436,12.229,236.53,0.18334
8.0376,0.19411,3.9344,341.17,0.11271
1.9512,0.13817,10.816,192.35,0.20223
-10.256,0.061286,7.0161,269.77,0.10522
-4.3424,0.16793,-1.577,38.866,0.27482
4.2607,0.1609,11.155,-32.496,0.13211
8.2027,0.12458,4.1997,325.93,0.096336
7.6682,0.16514,1.69,257.8,0.12429
12.183,0.091511,8.2084,343.85,0.13546
7.6954,0.091135,-0.56842,200.96,0.17737
16.574,0.19018,-4.1944,309.09,0.138
23.116,0.061136,12.712,343.29,0.114
-11.827,0.082255,9.1841,380.8,0.084452
-0.69528,0.17859,-9.2231,213.15,0.23365
-1.7507,0.2168,6.7094,36.431,-0.019122
1.0479,0.17837,5.723,394.91,0.25695
13.049,0.16142,10.314,272.26,0.1002
16.673,0.09861,4.8619,155.82,0.18286
0.35038,0.23955,-2.8353,268.91,0.067038
5.7806,0.15726,6.8196,160.42,0.062895
15.058,0.16649,8.0774,184.03,0.15277
10.924,0.20581,25.893,357.04,0.15894
5.0857,0.17178,5.7536,167.91,0.066978
26.034,0.16321,11.721,204.41,0.14208
7.2933,0.16084,14.813,79.993,0.1349
16.958,0.13676,12.189,298.42,0.15469
30.469,0.16187,8.3637,337.12,0.26447
29.558,0.061142,12.572,122.45,0.05577
22.59,0.20496,25.149,112.55,0.099076
7.9764,0.14279,-0.15045,296.57,0.25623
31.833,0.10883,10.255,154.51,0.121
21.548,0.23102,15.385,372.89,0.15822
10.137,0.081842,14.203,88.088,0.15052
21.984,0.28242,8.5104,198.58,0.19815
11.506,-0.024254,6.4042,173.59,0.16048
24.91,0.32781,20.445,251.07,-0.055491
30.475,0.20425,20.951,352.37,0.17497
25.715,0.0012244,22.763,180.91,0.12213
7.5696,0.20299,14.43,101.08,0.15648
37.362,0.022738,31.673,231.21,0.1769
22.265,0.038398,10.094,225.26,0.075781
15.829,0.17135,15.832,414.31,0.23458
15.132,0.09054,17.039,397.37,0.14909
10.027,0.099378,3.3363,189.83,0.078276
7.0038,0.24457,6.9254,124.52,0.14963
16.614,-0.0011907,9.1551,247.68,0.034979
7.8245,0.15812,6.9445,104.5,-0.017299
14.543,0.10735,6.9821,451.35,0.1696
-0.57587,0.17178,-2.8898,310.64,0.12062
7.4498,0.26788,7.781,108.9,0.13426
11.806,0.16088,0.82993,424.88,0.083168
-8.3096,0.17599,-2.1497,262.11,0.14821
-1.4495,0.17789,14.798,349.16,0.11541
-8.1176,0.1756,-8.1436,261.49,0.13358
2.8988,0.23016,0.5353,147.13,0.13697
8.4755,0.21334,2.8246,85.313,0.16051
-4.3725,0.17778,18.885,77.103,0.073695
14.531,0.26581,10.519,172.41,0.12264
3.6731,0.12868,2.6833,221.46,0.20687
12.351,0.20883,3.1484,228.63,0.23435
11.04,0.1519,6.7992,341.94,0.12674
2.3993,0.15318,2.0051,99.181,0.17481
7.7548,0.09742,10.992,289.29,0.1243
-3.1308,0.259,17.722,162.48,0.17158
-3.5538,0.28012,2.2495,286.47,0.12128
13.126,0.13645,-1.2035,389.64,0.14344
14.003,0.20886,5.9601,218.83,0.20175
6.4582,0.2813,-5.5375,321.5,0.1964
6.6915,0.11379,10.836,140.97,0.1483
13.026,0.029563,6.8769,83.525,0.036789
15.706,0.13006,8.7226,262.63,0.24517
8.6592,0.10335,1.2466,102.78,0.1211
16.24,0.2595,-2.893,135.59,0.1304
23.561,0.14349,0.87982,317.15,0.20367
30.815,-0.0022708,6.6973,40.582,0.044138
18.965,0.16261,8.671,-86.344,0.11916
2.3363,-0.01009,3.5363,245.68,0.24533
14.312,0.14774,11.165,305.94,0.036352
7.6269,0.16058,17.123,323.92,0.30234
-6.6448,0.1549,20.413,75.677,0.21084
2.347,0.11033,24.788,102.07,0.29149
22.199,0.036889,18.945,289.8,0.08669
8.5693,0.12726,29.064,354.89,0.19241
12.827,0.028456,21.633,468.97,0.2056
17.013,0.065716,20.14,111.02,0.16006
12.692,0.12744,9.1985,344.46,0.12474
23.507,0.08972,14.681,257.27,0.015415
11.291,0.14393,18.27,260.06,0.17389
5.5693,0.10817,27.379,109.78,0.012528
2.7608,0.19687,17.144,381.97,0.077315
38.068,0.26791,25.459,267.98,0.098314
20.258,0.24094,3.8538,298.16,0.17727
16.446,0.059593,4.2541,312.92,0.10823
28.608,0.28703,5.6533,123.14,0.031603
14.707,-0.0089806,15.852,382.68,0.11242
14.558,0.17216,-2.6665,308.16,0.11419
6.2681,0.22942,18.598,353.51,0.1757
15.591,0.23852,11.317,195.35,0.063199
15.361,0.21857,9.6082,150.97,-0.0045478
3.2898,-0.028455,9.7693,468.15,0.14046
3.7046,0.2998,9.7815,166.36,0.10708
5.4724,0.20676,11.317,53.082,0.074108
-5.9807,0.10241,19.969,66.781,0.29155
5.1395,0.099853,-3.5059,152,0.14464
-4.1686,0.24608,-0.40567,260.15,0.18648
9.0311,0.32839,-7.6441,124.28,0.10857
0.44557,0.26408,9.7083,331.03,0.1525
-13.789,0.35484,2.5409,360.62,0.18183
17.86,0.15922,-5.564,376.17,0.1694
13.782,0.18826,12.509,208.47,0.14514
0.53986,0.12145,7.9531,165.61,0.065791
4.7629,0.24508,-4.9468,426.49,0.13632
-4.006,0.064428,-10.622,130.95,0.20305
-5.6528,0.19229,7.8355,251.15,0.20179
-4.5392,0.15659,-0.90792,109.45,0.23463
5.9604,0.1964,8.9734,302.35,0.1442
-7.2472,0.21032,8.4944,272.84,0.24226
5.9233,0.16722,3.2692,330.65,0.13073
19.7,0.1967,-7.4363,158.69,0.037153
1.3955,0.10119,13.928,109.73,0.13923
3.2893,0.20737,1.6956,-75.97,0.21538
9.1417,0.22187,-2.0624,359.46,0.055327
25.731,0.22333,22.307,239.96,-0.0041668
22.817,0.26081,17.384,200.68,-0.0036635
14.059,0.21245,16.734,252.59,0.054119
23.745,0.29905,19.895,250.99,0.17927
5.5273,0.12751,2.2794,-95.731,0.14237
24.33,0.14437,22.552,110.48,0.25802
14.476,0.31701,14.174,193.89,0.17952
16.972,0.074089,16.039,227.28,0.065049
16.74,0.29221,12.685,95.668,0.047858
8.2531,0.029541,13.712,467.47,0.045986
28.124,0.13792,10.866,281.11,0.14418
9.1817,0.28827,5.4581,151.22,0.12769
18.107,0.16528,11.767,219.02,0.13705
24.417,0.092365,16.269,321.44,0.11761
19.554,0.21949,12.46,319.57,0.040351
15.927,0.10623,10.592,135.36,0.115
39.277,0.078734,14.634,261.74,0.12386
24.683,0.20615,14.588,195.25,0.13475
14.304,0.084989,13.622,-18.03,0.06043
32.502,-0.020735,11.805,177.21,0.14381
26.791,0.20875,11.943,210.28,0.073748
35.666,0.16346,15.859,57.46,0.025
18.054,0.069987,11.119,253.65,0.18518
13.797,0.126,2.4648,210.33,0.16236
7.2118,0.17427,3.1799,164.44,0.16697
7.9179,0.14216,11.752,90.162,0.22993
19.365,0.071455,10.214,-15.64,0.00030931
5.2815,0.19808,10.543,321.16,0.14128
3.2437,0.094627,7.263,286.9,0.035282
3.3161,0.16452,4.1814,328.58,0.090757
23.023,0.067594,15.084,156.45,0.052986
-9.6794,0.20858,2.2142,98.697,0.24652
2.5335,0.26862,4.7613,179.17,0.1216
15.278,0.14487,10.035,44.445,0.18936
16.881,0.10745,9.2466,-150.99,0.1363
11.15,0.20787,7.4526,223.02,0.18872
11.24,-0.07336,1.4184,157.91,0.30791
7.8114,0.29004,6.6433,431.59,0.1315
25.414,0.16052,10.27,297.85,0.33372
9.73,0.26617,17.991,64.247,0.11113
-4.4382,0.22628,8.1357,281.29,0.15101
12.418,0.19553,4.7361,187.19,0.12845
2.1923,0.1744,17.888,531.58,0.16002
21.302,0.26506,18.666,264.35,0.23489
-10.944,0.067026,5.4953,442.17,0.24962
5.8922,0.13743,7.729,310.56,0.23451
9.8069,0.049668,-4.7216,69.915,0.065429
5.092,0.2352,11.861,206.8,0.18663
8.8809,0.11351,7.8697,109.44,0.059818
16.914,0.20659,1.6613,299.4,0.12617
18.577,0.18098,5.3216,50.534,0.16923
-7.7504,0.17955,-0.66021,221.85,0.1124
18.574,0.1361,16.281,287.39,0.029101
-6.0605,0.058359,11.581,500.19,0.10623
2.6753,0.13849,-3.5162,308.78,0.073617
18.367,0.18214,7.0191,245.31,0.15238
14.898,0.13791,17.562,253.15,0.15017
13.602,-0.017862,13.292,161.3,0.042523
22.358,0.12048,9.3572,218.1,0.20388
10.667,0.060904,20.845,224.2,0.13448
19.501,0.12271,12.418,-47.994,0.14907
10.777,0.075919,34.904,125.81,0.20971
32.589,0.23246,17.299,358.84,0.085388
21.229,0.18507,15.472,199.19,-0.076787
37.464,0.12982,11.766,421.94,0.12869
28.703,0.095846,10.129,334.18,0.093915
19.037,0.040222,16.403,299.01,0.14773
6.3607,0.1271,24.589,405.12,0.13496
26.75,0.068516,15.719,266.79,0.081057
22.419,0.027854,34.487,268.2,0.077898
25.35,0.096843,29.526,222.94,0.048121
23.202,0.17406,14.553,494.25,0.20174
23.194,0.031636,14.056,391.49,0.028878
15.508,0.10396,12.385,128.54,0.0528
-3.9238,-0.0085436,5.2849,326.66,0.055605
13.848,0.13179,10.69,277.78,0.01219
17.65,0.22167,4.1272,190.49,0.14373
15.093,0.18628,4.1277,492.44,0.095673
15.422,0.068782,13.804,130.81,0.11388
8.3396,0.21512,3.9438,228.82,0.0381
5.3017,0.21118,3.5624,339.24,0.13926
20.234,0.10413,11.923,145.32,0.06051
4.7169,0.13241,8.4843,184.01,0.068334
-2.0529,0.12589,15.692,237.03,0.1861
5.5067,0.22293,-2.2166,424.57,0.23065
11.713,0.14027,11.338,166.72,0.20793
18.461,0.063068,2.2176,220.22,0.12645
8.3991,0.19508,0.77619,97.347,0.075843
22.709,0.23764,9.4647,307.61,0.10782
-3.9957,0.33718,3.4433,14.196,0.22635
2.5145,0.21747,0.87423,264.09,0.12979
6.8763,0.085781,5.0676,62.418,0.19549
6.4695,0.085037,2.8224,219.22,0.15779
-15.344,0.1528,6.5586,154.41,0.22577
16.401,0.18052,-2.3832,366.61,0.087184
-9.0687,0.11297,-12.124,24.201,0.20532
10.398,0.22018,14.081,231.18,0.14599
16.929,0.20121,4.8854,319.53,0.21828
8.7229,0.057388,5.2976,389.64,-0.0059463
-0.6554,0.16129,10.036,200.54,0.28034
7.8796,0.08285,0.59708,250.88,0.15763
3.7365,0.11716,5.4724,187.3,0.14589
17.473,0.21174,6.4676,306.48,0.19051
8.0067,0.12178,4.3889,454.8,0.1974
23.745,0.1006,5.2067,138.74,0.1747
6.682,0.13444,7.0323,226.29,0.15654
10.875,0.16917,-2.6649,104.32,0.095972
22.577,0.090286,7.8226,178.93,0.099246
11.78,0.1823,-1.6147,126.64,0.040498
15.816,0.17052,13.482,53.222,0.094725
10.46,0.20394,13.69,297.74,0.29492
13.656,0.17911,20.128,153.64,-0.013945
20.499,0.18063,12.309,83.179,0.18018
4.8056,-0.0016142,13.392,26.669,0.13338
4.7748,0.13892,15.154,106.87,0.069558
15.076,0.097071,22.348,174.29,0.038107
14.05,0.13724,17.534,150.23,0.080956
17.363,0.11614,24.706,204.43,0.16098
29.303,-0.030378,11.2,154.93,0.093996
19.859,0.023813,9.7049,100.55,0.15558
23.172,0.062609,17.786,455.24,0.10394
22.722,0.038273,15.119,419.22,0.047728
19.316,0.16025,15.045,321.43,0.1298
18.913,0.056248,25.716,102.22,0.032546
4.5817,0.21401,13.907,245.14,0.16239
22.671,0.079483,18.557,199.8,0.050911
19.978,0.087386,22.964,235.96,0.23825
27.235,0.17809,22.146,249.21,0.012711
12.954,0.26494,11.947,291.6,0.111
-6.0766,0.1532,10.721,228.42,0.10307
8.1742,0.20191,9.6061,315.57,0.054073
18.284,0.10284,16.354,37.422,0.12986
18.808,0.07548,10.539,253.37,0.1087
3.9741,0.2155,-0.42241,-120.15,0.22255
3.3093,0.21865,2.514,4.6557,0.071844
13.991,0.10946,-0.57492,273.32,0.1577
-4.6537,0.10685,12.728,266.05,0.069232
9.0595,0.018611,0.47214,142.59,0.11478
9.5803,0.096612,0.80328,415.11,0.18931
14.078,0.18107,7.4325,250.55,0.19886
-1.3994,0.14586,8.977,201.41,0.096094
-1.244,0.26536,0.28352,315.74,0.21014
15.106,0.13716,4.9484,387.54,0.15982
6.8731,0.21997,-0.46069,62.253,0.1445
21.016,0.081,0.29981,311.5,0.10442
17.346,0.23556,5.4541,56.774,0.11478
-6.2196,0.25066,-4.1,183.13,0.25668
30.032,0.23884,6.1334,254.8,0.17462
3.1287,0.23007,0.24407,328.47,0.25227
12.243,0.12467,-1.6609,105.35,0.19297
4.9905,0.21821,4.0905,19.612,0.16981
14.813,0.11352,8.6263,353.76,0.12906
4.4528,0.25842,-4.4902,277.23,0.18202
-0.89825,0.21767,6.3733,374.74,0.012614
3.1777,0.088455,-8.1825,377.75,0.19305
15.174,0.13237,17.069,306.24,0.22842
6.4236,0.12795,7.2724,96.038,0.16432
15.413,0.16642,10.402,335.47,0.12834
1.2497,0.11859,4.9962,282.91,0.088342
27.121,0.11372,26.76,194.15,0.12801
15.784,0.0065504,12.429,160.16,0.08522
7.1084,0.21231,14.16,115.21,0.065383
13.508,0.14691,17.25,222.48,0.17765
18.793,0.1274,9.488,243.4,0.18173
21.878,0.039941,25.657,463.5,0.19948
21.007,0.14423,0.56294,133.07,0.14001
26.23,0.029047,12.436,92.205,0.10083
7.4705,0.20641,26.944,295.67,0.081884
22.751,0.095858,26.478,196.96,0.17825
25.443,0.083239,15.428,149.51,0.24621
26.586,0.10968,26.583,315.5,0.15535
18.748,0.07109,22.213,245.37,0.069181
24.68,-0.014735,-1.4759,270.03,0.063199
23.259,0.050658,24.083,96.029,0.063927
16.895,0.21188,18.485,179.94,0.13054
27.058,0.067497,14.699,221.38,0.18451
15.752,0.16703,5.2018,107.78,0.11627
30.279,0.12462,11.304,152.63,0.092953
20.217,0.18457,10.839,279.33,0.046675
18.889,0.13949,12.883,320.43,0.058289
16.152,0.071432,9.0658,129.91,0.049214
17.617,0.10909,5.8796,299.8,0.081702
17.266,0.19746,17.637,131.71,0.18881
2.4169,0.20171,10.213,-4.6202,0.10502
-1.0979,0.21541,-11.885,86.314,0.19557
-10.707,0.18999,16.729,229.95,0.14632
4.0803,0.14559,18.414,216.74,0.14787
10.656,0.23345,9.7442,168.87,0.11264
7.4114,0.22226,0.4429,133.63,0.13724
20.056,0.21436,5.9199,196.34,0.201
-2.7322,0.11363,2.9691,119.13,0.23539
-10.595,0.11678,-2.9981,252.07,0.13682
11.369,0.21515,14.542,276.48,0.11332
6.8932,0.16879,6.8437,168.2,0.25314
7.9995,0.34016,5.2692,310.06,0.20556
13.043,0.13204,4.881,208.45,0.30263
9.2187,0.23903,5.3614,312.29,0.22505
0.79722,0.15798,8.1209,284.78,0.10666
3.1416,0.25549,-1.9675,219.15,0.099656
2.5529,0.27181,7.6852,144.86,0.22576
16.493,0.071658,6.4498,115.8,0.26466
9.5977,0.24151,-5.1015,134.28,0.029143
-9.693,0.20762,2.7411,140.82,0.14425
12.586,0.18531,6.5409,275.09,0.17096
0.10806,0.24401,-1.1843,430.76,0.17528
6.6301,0.081268,1.5188,49.387,0.2369
-1.7768,0.17257,-3.4058,411.08,0.14853
6.8118,0.19397,-5.1905,200.18,0.18011
3.6288,0.21769,1.8572,326.99,0.157
18.545,0.087269,12.195,109.34,0.082062
0.72578,0.13569,13.919,124.98,0.042984
2.454,0.20962,8.0479,241.9,0.16343
11.81,0.12931,17.432,249.72,0.11887
20.689,0.18623,1.6104,239.46,0.11217
18.167,0.15762,14.683,277.7,0.22128
16.761,0.096868,9.8079,192.44,0.14482
16.038,0.18823,19.911,160.16,0.086472
2.6148,0.066773,16.607,201.66,0.038203
25.992,0.069448,9.3279,150.49,0.097334
16.854,0.14073,9.2409,98.75,0.096202
21.36,0.20581,7.9233,148.21,0.078434
19.708,-0.0083165,12.415,174.49,0.014417
15.275,0.1151,22.228,344.1,-0.11356
24.395,0.0079937,21.438,364.95,0.20129
16.371,0.092111,17.773,147.16,0.032117
18.153,0.085601,23.601,244.15,0.16668
19.958,0.17687,16.156,415.08,0.079418
23.882,0.064468,25.75,29.692,0.063958
15.292,0.12561,14.184,499.2,0.28342
21.297,0.1388,20.263,109.99,0.067694
9.3836,0.15992,13.763,124.3,0.21413
10.803,0.048274,9.1459,313.23,0.16331
20.549,0.11497,23.045,375.24,0.1906
9.5307,0.1311,10.266,-154.36,0.040809
28.058,0.11297,1.3225,73.288,0.18679
19.877,0.14275,-0.14603,286.09,0.11706
9.3504,0.18218,9.3393,86.649,0.12944
10.44,0.27597,21.196,261.35,0.14168
3.7699,0.092116,7.9789,246.12,0.061752
18.788,0.17771,0.019868,223.21,0.052152
3.2677,0.21991,-6.2588,147.21,0.15919
-11.876,0.19071,11.898,76.869,0.13786
5.4277,0.19762,3.7482,290.22,0.057842
-15.494,0.14364,6.2167,407.47,0.16615
16.878,0.090387,4.635,308.81,0.21853
7.0985,0.20753,-5.6715,142.59,0.071221
-2.4153,0.28682,-2.7849,276.7,0.15846
2.3924,0.27402,4.1502,239.18,0.14598
-4.656,0.29344,-2.5948,474.35,0.19867
5.0217,0.24784,-8.4921,407.71,0.24791
-2.1912,0.14668,1.9867,309.68,0.17225
-17.784,0.31359,2.0356,253.44,0.12958
2.6217,0.16487,2.7553,325.84,0.070746
4.6099,0.20879,5.2176,410.82,0.085778
1.5923,0.18242,8.6261,275.01,0.12755
16.809,0.16079,8.0295,336.39,0.17909
5.0841,0.1118,15.203,374.33,0.075074
6.0429,0.18733,-0.87202,243.63,0.17094
12.609,0.24745,0.80946,213.03,0.057226
10.406,0.20848,10.374,118.27,0.11577
3.2264,0.19951,13.94,214.42,0.1623
19.204,0.3187,11.64,367.72,0.15147
30.52,0.13649,14.648,354.61,0.15217
17.549,0.24089,19.641,453.34,0.1757
1.0367,0.20519,19.17,365.35,0.078403
10.119,0.18168,2.1453,193.03,0.14354
15.2,0.16504,-1.5728,70.981,0.18954
28.181,0.14658,6.5023,332.23,0.29303
18.028,0.12208,9.4501,257.98,0.031198
5.2533,0.087124,12.085,210.41,0.13903
25.565,0.12973,10.238,175.37,0.13041
30.966,0.076658,16.726,209.38,0.18038
7.0284,0.03799,12.791,244.51,0.13248
28.32,0.0020365,14.324,207.7,0.21018
21.53,0.079212,15,52.317,0.11436
3.074,0.065419,13.685,357.41,0.089453
19.62,0.092386,26.71,210.24,0.080935
29.639,0.21096,25.405,287.51,-0.032754
14.861,0.13025,13.618,188.13,0.15807
24.586,0.082003,6.7635,21.077,0.1162
30.879,0.15972,1.8437,414.61,0.19872
28.788,0.20331,17.493,59.138,0.24323
28.712,0.18851,5.3051,169.12,0.17217
15.132,0.0343,9.6542,76.66,-0.0098125
3.7064,0.090449,0.15996,309.28,0.096262
15.191,0.089437,8.8852,197.26,0.085239
5.7231,0.14793,11.691,230.87,0.21887
17.026,0.15175,18.627,183.79,0.20765
28.635,0.075956,18.4,159.09,0.16517
-1.2225,0.12993,1.0819,259.36,0.071821
17.911,0.18564,1.7174,364.78,0.1712
15.171,0.28373,25.876,326.61,0.14495
7.9113,0.17023,14.465,185.59,0.1809
4.4787,0.14614,1.5561,309.27,0.17265
16.927,0.20849,-2.9988,52.296,0.18512
9.1342,0.10503,13.49,197.69,0.15851
10.681,0.24377,1.7166,124.46,0.12
11.343,0.14902,7.3437,197.14,0.20282
2.8299,0.12244,7.7556,210.03,0.048395
-4.7684,0.22696,-11.093,396.39,0.14558
2.3221,0.21374,8.8474,131.4,0.23419
18.282,0.29008,17.763,519.28,0.16343
-2.1372,0.075532,7.8437,218.77,0.10836
6.8794,0.12703,9.107,309.72,0.029541
1.9458,0.11715,8.0136,353.31,0.20328
6.3424,0.17238,5.9763,239.14,0.2704
8.6411,0.27635,9.6373,248.5,0.077038
5.4661,0.099651,5.1251,358.64,0.27755
4.6496,0.28595,3.2219,317.67,0.071997
19.766,0.30024,-0.29774,242.1,0.15478
10.355,0.14072,4.3001,169.32,0.16857
14.303,0.1136,-4.6465,267.94,0.14427
3.1085,0.28008,11.208,241.25,0.099939
16.731,0.22648,26.371,198.07,0.21514
4.2743,0.12507,9.7435,342.99,0.12786
6.8434,0.13881,1.9984,295.39,0.091511
-6.7886,0.17028,9.1347,203.65,0.11351
