-200,0.75,0.74196,0.90997,0.010723
-201.72,0.75278,0.74498,0.91481,0.010361
-203.41,0.75543,0.74786,0.91941,0.010016
-205.08,0.75793,0.75059,0.92377,0.0096855
-206.74,0.76031,0.75318,0.92791,0.0093684
-209,0.76334,0.75651,0.9332,0.0089509
-211.28,0.76614,0.7596,0.93812,0.0085472
-213.57,0.76873,0.76246,0.94266,0.0081598
-215.79,0.77112,0.7651,0.94685,0.0077989
-217.75,0.7732,0.7674,0.9505,0.0074946
-219.42,0.77511,0.76949,0.95383,0.0072436
-220.71,0.77684,0.77136,0.95683,0.0070567
-221.55,0.7784,0.773,0.9595,0.0069396
-221.89,0.77967,0.77429,0.96163,0.0068939
-221.88,0.7808,0.77541,0.9635,0.0068996
-221.56,0.78179,0.77636,0.96513,0.0069476
-221.04,0.78267,0.77717,0.96653,0.0070265
-220.37,0.78346,0.77787,0.96777,0.0071274
-219.67,0.78413,0.77846,0.96883,0.0072343
-219.01,0.78471,0.77896,0.96973,0.0073366
-218.43,0.78521,0.77938,0.97049,0.0074271
-217.84,0.78576,0.77985,0.97134,0.007522
-217.44,0.78621,0.78024,0.97204,0.0075864
-217.25,0.78658,0.78059,0.97264,0.0076173
-217.3,0.7869,0.78091,0.97317,0.0076107
-217.61,0.78717,0.78122,0.97366,0.0075627
-218.17,0.78742,0.78153,0.97413,0.0074746
-218.98,0.78765,0.78186,0.97459,0.0073513
-219.98,0.78788,0.7822,0.97506,0.0072004
-221.05,0.78808,0.78253,0.97551,0.0070419
-222.26,0.78829,0.78288,0.97597,0.0068666
-223.64,0.7885,0.78324,0.97646,0.0066731
-225.2,0.78873,0.78363,0.97697,0.0064594
-226.84,0.78894,0.78402,0.97747,0.006243
-228.63,0.78917,0.78442,0.97799,0.0060142
-230.53,0.78941,0.78485,0.97854,0.0057806
-232.48,0.78966,0.78528,0.97911,0.0055503
-234.38,0.78991,0.78569,0.97967,0.0053356
-236.23,0.79017,0.78611,0.98023,0.0051331
-238.05,0.79042,0.78652,0.98078,0.0049419
-239.86,0.79068,0.78692,0.98133,0.0047591
-241.7,0.79094,0.78732,0.98188,0.0045803
-243.55,0.79119,0.78771,0.98242,0.0044066
-245.37,0.79145,0.78809,0.98295,0.0042418
-247.08,0.79169,0.78845,0.98346,0.0040932
-248.8,0.79198,0.78885,0.98402,0.0039492
-249.95,0.79224,0.78918,0.98452,0.0038554
-250.42,0.79247,0.78944,0.98492,0.0038184
-250.2,0.79265,0.78961,0.98522,0.0038361
-249.56,0.79278,0.78969,0.98539,0.0038883
-248.64,0.79286,0.78972,0.98549,0.0039637
-247.6,0.79292,0.78971,0.98552,0.004051
-246.56,0.79295,0.78967,0.98551,0.0041405
-245.65,0.79295,0.78961,0.98547,0.0042206
-244.85,0.79294,0.78954,0.9854,0.0042918
-244.18,0.79292,0.78947,0.98533,0.004352
-243.66,0.79289,0.78941,0.98525,0.0043997
-243.25,0.79286,0.78934,0.98516,0.004437
-243.07,0.79282,0.78929,0.98509,0.0044538
-243.13,0.79279,0.78926,0.98505,0.0044486
-243.41,0.79277,0.78926,0.98503,0.0044219
-244.04,0.79276,0.7893,0.98505,0.0043648
-244.9,0.79277,0.78937,0.98511,0.004287
-245.96,0.7928,0.78947,0.98523,0.0041922
-247.27,0.79285,0.78961,0.98539,0.0040795
-248.47,0.7929,0.78975,0.98554,0.003978
-249.86,0.79297,0.78991,0.98574,0.0038642
-251.41,0.79306,0.79009,0.98596,0.003741
-253.07,0.79316,0.79029,0.98621,0.0036132
-254.77,0.79327,0.7905,0.98647,0.0034867
-256.46,0.79339,0.79072,0.98675,0.0033656
-258.11,0.79352,0.79094,0.98704,0.0032516
-259.72,0.79365,0.79115,0.98733,0.0031435
-261.69,0.79381,0.79141,0.98769,0.003017
-263.68,0.79397,0.79168,0.98804,0.0028936
-265.64,0.79414,0.79194,0.9884,0.002777
-267.4,0.7943,0.79218,0.98873,0.0026768
-268.66,0.79445,0.79238,0.98903,0.0026072
-269.27,0.79458,0.79254,0.98927,0.0025741
-269.15,0.79469,0.79264,0.98944,0.0025808
-268.36,0.79476,0.79268,0.98953,0.0026239
-267.1,0.7948,0.79266,0.98955,0.0026945
-265.61,0.79481,0.7926,0.98951,0.0027796
-264.13,0.79479,0.79251,0.98942,0.0028674
-262.78,0.79475,0.79241,0.9893,0.0029496
-261.64,0.7947,0.7923,0.98917,0.0030212
-260.72,0.79464,0.79219,0.98903,0.0030795
-260.07,0.79458,0.7921,0.9889,0.0031222
-259.69,0.79452,0.79202,0.98879,0.0031471
-259.6,0.79448,0.79198,0.98871,0.0031528
-259.74,0.79445,0.79195,0.98866,0.0031434
-260.08,0.79442,0.79194,0.98864,0.0031209
-260.59,0.79441,0.79196,0.98864,0.0030878
-261.23,0.79441,0.79199,0.98866,0.0030467
-262.02,0.79442,0.79204,0.98872,0.0029965
-262.99,0.79444,0.79211,0.98879,0.0029364
-264.15,0.79448,0.7922,0.9889,0.0028659
-265.42,0.79452,0.79231,0.98903,0.0027903
-266.83,0.79458,0.79243,0.98917,0.0027093
-268.31,0.79465,0.79256,0.98934,0.0026265
-269.81,0.79472,0.7927,0.98952,0.0025454
-271.21,0.7948,0.79284,0.9897,0.0024717
-272.58,0.79489,0.79298,0.98989,0.0024017
-273.94,0.79497,0.79312,0.99007,0.0023345
-275.3,0.79506,0.79325,0.99026,0.0022688
-276.63,0.79514,0.79339,0.99044,0.0022065
-277.95,0.79523,0.79352,0.99062,0.0021461
-279.2,0.79531,0.79365,0.9908,0.0020905
-280.29,0.79539,0.79377,0.99097,0.0020434
-281.13,0.79548,0.79388,0.99113,0.0020077
-281.55,0.79555,0.79397,0.99126,0.0019901
-281.49,0.79561,0.79402,0.99136,0.0019926
-280.97,0.79565,0.79405,0.99142,0.0020147
-279.97,0.79568,0.79404,0.99144,0.0020572
-278.68,0.79569,0.79401,0.99141,0.0021137
-277.25,0.79568,0.79394,0.99135,0.002178
-275.82,0.79565,0.79386,0.99126,0.0022445
-274.57,0.79561,0.79378,0.99116,0.0023043
-273.44,0.79556,0.79369,0.99104,0.0023595
-272.46,0.79551,0.7936,0.99093,0.0024086
-271.63,0.79546,0.79351,0.99081,0.0024504
-270.89,0.7954,0.79342,0.99069,0.0024889
-270.41,0.79535,0.79335,0.99058,0.0025142
-270.19,0.7953,0.79329,0.99049,0.0025257
-270.22,0.79526,0.79325,0.99043,0.002524
-270.45,0.79523,0.79323,0.99039,0.0025117
-270.85,0.79522,0.79323,0.99037,0.0024911
-271.38,0.79521,0.79325,0.99038,0.0024632
-272.07,0.79521,0.79328,0.99041,0.0024277
-272.95,0.79523,0.79333,0.99046,0.0023837
-274.02,0.79525,0.7934,0.99054,0.0023306
-275.28,0.79529,0.79348,0.99064,0.0022698
-276.68,0.79534,0.79358,0.99076,0.0022041
-278.08,0.79539,0.79369,0.9909,0.0021405
-279.47,0.79545,0.7938,0.99104,0.002079
-280.82,0.79552,0.79391,0.99119,0.002021
-282.13,0.79559,0.79402,0.99134,0.0019658
-283.45,0.79566,0.79414,0.9915,0.0019123
-284.79,0.79573,0.79425,0.99165,0.0018592
-286.14,0.7958,0.79437,0.99181,0.0018072
-287.43,0.79588,0.79448,0.99196,0.0017592
-288.47,0.79595,0.79458,0.9921,0.0017211
-289.21,0.79601,0.79466,0.99223,0.0016948
-289.52,0.79607,0.79473,0.99233,0.0016837
-289.36,0.79611,0.79477,0.9924,0.0016893
-288.77,0.79614,0.79478,0.99243,0.0017104
-287.83,0.79615,0.79477,0.99243,0.0017448
-286.62,0.79616,0.79473,0.99241,0.0017895
-285.27,0.79614,0.79468,0.99235,0.0018409
-283.93,0.79612,0.79461,0.99227,0.0018935
-282.63,0.79608,0.79453,0.99218,0.0019458
-281.43,0.79604,0.79445,0.99208,0.0019956
-280.34,0.796,0.79437,0.99197,0.0020415
-279.19,0.79594,0.79427,0.99184,0.0020916
-278.26,0.79588,0.79418,0.99172,0.0021329
-277.57,0.79582,0.7941,0.9916,0.0021639
-277.13,0.79577,0.79403,0.9915,0.0021836
-276.96,0.79572,0.79398,0.99142,0.0021917
-277.03,0.79569,0.79395,0.99136,0.0021884
-277.31,0.79566,0.79393,0.99133,0.0021755
-277.77,0.79565,0.79393,0.99132,0.0021544
-278.38,0.79565,0.79395,0.99133,0.0021271
-279.19,0.79565,0.79399,0.99137,0.0020914
-280.21,0.79567,0.79404,0.99143,0.002047
-281.44,0.7957,0.79412,0.99152,0.001995
-282.81,0.79574,0.7942,0.99162,0.0019383
-284.24,0.79579,0.7943,0.99174,0.001881
-285.65,0.79585,0.7944,0.99188,0.001826
-287.03,0.79591,0.7945,0.99201,0.0017742
-288.4,0.79598,0.79461,0.99216,0.0017237
-289.8,0.79605,0.79472,0.9923,0.0016738
-291.23,0.79612,0.79483,0.99245,0.0016245
-292.6,0.79619,0.79493,0.9926,0.0015784
-293.58,0.79625,0.79501,0.99272,0.0015462
-294.29,0.7963,0.79509,0.99282,0.0015232
-294.64,0.79635,0.79514,0.99291,0.0015122
-294.55,0.79638,0.79518,0.99297,0.0015151
-294.04,0.79641,0.79519,0.993,0.0015314
-293.17,0.79642,0.79518,0.993,0.0015598
-292.01,0.79642,0.79515,0.99298,0.001598
-290.68,0.79641,0.7951,0.99293,0.0016434
-289.28,0.79639,0.79504,0.99286,0.0016924
-287.9,0.79636,0.79497,0.99277,0.0017422
-286.6,0.79632,0.79489,0.99267,0.0017906
-285.41,0.79627,0.79481,0.99257,0.0018358
-284.04,0.79621,0.79471,0.99243,0.0018891
-282.93,0.79615,0.79461,0.99229,0.0019336
-282.1,0.79608,0.79452,0.99217,0.0019677
-281.56,0.79603,0.79444,0.99206,0.0019901
-281.32,0.79598,0.79439,0.99198,0.0020002
-281.34,0.79594,0.79435,0.99191,0.0019993
-281.57,0.79592,0.79433,0.99188,0.0019895
-281.99,0.7959,0.79433,0.99186,0.0019719
-282.57,0.7959,0.79435,0.99187,0.0019483
-283.35,0.79591,0.79438,0.9919,0.0019167
-284.35,0.79592,0.79443,0.99196,0.0018769
-285.55,0.79595,0.79449,0.99203,0.0018301
-286.92,0.79599,0.79457,0.99213,0.0017783
-288.33,0.79604,0.79466,0.99225,0.0017263
-289.72,0.79609,0.79475,0.99237,0.0016767
-291.06,0.79615,0.79485,0.9925,0.00163
-292.52,0.79621,0.79496,0.99264,0.0015808
-294.02,0.79628,0.79506,0.99279,0.001532
-295.52,0.79635,0.79517,0.99294,0.0014846
-296.85,0.79642,0.79527,0.99308,0.0014437
-297.61,0.79647,0.79534,0.99318,0.0014207
-297.96,0.79652,0.7954,0.99326,0.0014104
-297.81,0.79655,0.79543,0.99332,0.0014149
-297.15,0.79658,0.79544,0.99334,0.0014347
-296.05,0.79659,0.79542,0.99334,0.0014684
-294.63,0.79658,0.79537,0.99329,0.0015126
-293.06,0.79656,0.79531,0.99322,0.0015635
-291.45,0.79652,0.79524,0.99313,0.0016171
-290.01,0.79648,0.79516,0.99303,0.0016666
-288.69,0.79644,0.79507,0.99292,0.0017136
-287.51,0.79639,0.79499,0.99281,0.0017566
-286.49,0.79634,0.79491,0.9927,0.0017947
-285.51,0.79628,0.79482,0.99258,0.0018319
-284.78,0.79622,0.79474,0.99247,0.0018601
-284.32,0.79617,0.79468,0.99238,0.0018783
-284.1,0.79613,0.79463,0.9923,0.0018866
-284.12,0.7961,0.79459,0.99224,0.0018858
-284.35,0.79607,0.79458,0.99221,0.0018768
-284.76,0.79606,0.79457,0.99219,0.0018608
-285.36,0.79605,0.79459,0.9922,0.0018374
-286.19,0.79606,0.79462,0.99223,0.0018056
-287.27,0.79608,0.79467,0.99229,0.0017653
-288.55,0.79611,0.79474,0.99237,0.0017185
-289.95,0.79615,0.79482,0.99247,0.0016686
-291.14,0.79619,0.79489,0.99257,0.0016276
-292.3,0.79623,0.79497,0.99267,0.0015885
-293.42,0.79628,0.79504,0.99277,0.0015514
-294.53,0.79633,0.79512,0.99287,0.0015156
-295.66,0.79638,0.7952,0.99298,0.0014802
-296.81,0.79643,0.79528,0.99309,0.0014449
-297.94,0.79648,0.79535,0.99319,0.0014111
-298.95,0.79653,0.79543,0.9933,0.0013815
-299.83,0.79659,0.79551,0.99341,0.0013561
-300.1,0.79664,0.79556,0.9935,0.0013484
-299.63,0.79667,0.79559,0.99355,0.0013617
-298.47,0.79668,0.79557,0.99355,0.0013955
-296.62,0.79668,0.79552,0.9935,0.0014507
-294.51,0.79664,0.79543,0.9934,0.0015165
-292.42,0.79659,0.79533,0.99327,0.0015847
-290.52,0.79653,0.79521,0.99312,0.001649
-289.02,0.79646,0.79511,0.99298,0.0017019
-287.78,0.7964,0.79501,0.99284,0.0017465
-286.85,0.79634,0.79492,0.99271,0.0017811
-286.23,0.79628,0.79484,0.9926,0.0018045
-285.93,0.79623,0.79479,0.99252,0.0018159
-285.89,0.79619,0.79475,0.99245,0.0018172
-286.08,0.79617,0.79473,0.99241,0.0018101
-286.45,0.79615,0.79472,0.99239,0.0017958
-286.99,0.79615,0.79473,0.9924,0.0017756
-287.75,0.79615,0.79476,0.99243,0.0017477
-288.73,0.79617,0.7948,0.99247,0.0017121
-289.91,0.79619,0.79486,0.99254,0.0016702
-291.29,0.79623,0.79494,0.99264,0.0016225
-292.7,0.79627,0.79502,0.99274,0.0015752
-294.07,0.79632,0.79511,0.99286,0.0015305
-295.4,0.79638,0.79519,0.99298,0.0014884
-296.4,0.79642,0.79526,0.99307,0.0014574
-297.42,0.79647,0.79533,0.99316,0.0014264
-298.46,0.79651,0.7954,0.99326,0.0013956
-299.47,0.79656,0.79547,0.99335,0.0013664
-300.37,0.7966,0.79553,0.99344,0.0013407
-301.06,0.79664,0.79559,0.99353,0.0013215
-301.43,0.79668,0.79564,0.9936,0.0013113
-301.41,0.79671,0.79567,0.99365,0.0013118
-300.99,0.79673,0.79568,0.99368,0.0013234
-300.2,0.79674,0.79567,0.99368,0.0013456
-299.11,0.79674,0.79565,0.99366,0.0013769
-297.8,0.79673,0.79561,0.99362,0.0014154
-296.32,0.79671,0.79555,0.99355,0.0014601
-294.82,0.79668,0.79548,0.99347,0.0015068
-293.38,0.79664,0.7954,0.99337,0.001553
-292.05,0.7966,0.79533,0.99327,0.001597
-290.48,0.79653,0.79522,0.99313,0.0016503
-289.19,0.79647,0.79512,0.99299,0.0016958
-288.18,0.79641,0.79503,0.99286,0.001732
-287.49,0.79635,0.79495,0.99275,0.0017573
-287.12,0.7963,0.79489,0.99266,0.0017709
-287.03,0.79626,0.79485,0.99259,0.0017743
-287.17,0.79623,0.79482,0.99254,0.0017691
-287.51,0.79621,0.79481,0.99252,0.0017564
-288,0.79621,0.79482,0.99252,0.0017385
-288.69,0.79621,0.79484,0.99254,0.0017135
-289.6,0.79622,0.79488,0.99259,0.0016811
-290.71,0.79624,0.79493,0.99265,0.0016423
-291.98,0.79627,0.795,0.99273,0.0015991
-293.3,0.79631,0.79507,0.99282,0.0015553
-294.6,0.79636,0.79515,0.99293,0.0015134
-295.86,0.79641,0.79523,0.99304,0.001474
-297.18,0.79646,0.79532,0.99316,0.0014336
-298.54,0.79652,0.79541,0.99328,0.0013933
-299.91,0.79658,0.7955,0.9934,0.0013537
-301.16,0.79664,0.79559,0.99352,0.0013187
-302.14,0.7967,0.79567,0.99364,0.0012919
-302.32,0.79675,0.79572,0.99373,0.0012869
-301.56,0.79678,0.79574,0.99376,0.0013077
-299.96,0.79678,0.79571,0.99374,0.0013525
-298.11,0.79677,0.79565,0.99368,0.0014061
-296.12,0.79673,0.79556,0.99358,0.0014662
-294.19,0.79668,0.79546,0.99345,0.0015269
-292.44,0.79662,0.79536,0.99331,0.0015838
-290.94,0.79656,0.79525,0.99318,0.0016347
-289.7,0.79649,0.79516,0.99304,0.0016776
-288.76,0.79643,0.79507,0.99292,0.0017109
-288.14,0.79637,0.79499,0.99281,0.0017336
-287.83,0.79633,0.79494,0.99272,0.0017449
-287.78,0.79629,0.7949,0.99266,0.0017467
-287.95,0.79627,0.79488,0.99262,0.0017405
-288.31,0.79625,0.79487,0.9926,0.0017274
-288.84,0.79624,0.79488,0.99261,0.0017082
-289.59,0.79625,0.79491,0.99263,0.0016815
-290.57,0.79626,0.79495,0.99268,0.0016472
-291.75,0.79629,0.79501,0.99274,0.0016068
-293.16,0.79632,0.79508,0.99284,0.0015601
-294.58,0.79637,0.79516,0.99294,0.001514
-295.97,0.79642,0.79525,0.99306,0.0014707
-297.31,0.79648,0.79534,0.99318,0.0014299
-298.35,0.79652,0.7954,0.99327,0.0013988
-299.42,0.79656,0.79547,0.99336,0.0013677
-300.49,0.79661,0.79554,0.99346,0.0013373
-301.49,0.79665,0.79561,0.99355,0.0013095
-302.31,0.7967,0.79567,0.99364,0.0012872
-302.82,0.79674,0.79572,0.99372,0.0012736
-302.91,0.79677,0.79576,0.99377,0.0012713
-302.53,0.7968,0.79577,0.99381,0.0012813
-301.73,0.79681,0.79577,0.99381,0.0013032
-300.57,0.79681,0.79574,0.99379,0.0013353
-299.16,0.7968,0.7957,0.99375,0.0013753
-297.63,0.79677,0.79564,0.99368,0.0014204
-296.14,0.79674,0.79557,0.9936,0.0014657
-294.7,0.7967,0.7955,0.9935,0.0015105
-293.37,0.79666,0.79542,0.9934,0.0015533
-292.17,0.79661,0.79534,0.9933,0.001593
-290.9,0.79655,0.79525,0.99317,0.0016358
-289.87,0.7965,0.79516,0.99305,0.0016716
-289.09,0.79644,0.79509,0.99294,0.0016993
-288.57,0.79639,0.79502,0.99285,0.001718
-288.29,0.79635,0.79497,0.99277,0.0017281
-288.26,0.79631,0.79494,0.99271,0.0017291
-288.44,0.79629,0.79492,0.99267,0.0017227
-288.8,0.79627,0.79491,0.99265,0.0017096
-289.35,0.79627,0.79492,0.99266,0.00169
-290.13,0.79627,0.79495,0.99268,0.0016625
-291.15,0.79629,0.79499,0.99273,0.0016273
-292.37,0.79631,0.79505,0.9928,0.0015861
-293.67,0.79635,0.79512,0.99289,0.0015432
-295,0.79639,0.79519,0.99299,0.001501
-296.27,0.79644,0.79527,0.99309,0.0014612
-297.52,0.79649,0.79535,0.9932,0.0014236
-298.76,0.79654,0.79543,0.99331,0.0013869
-300.04,0.79659,0.79552,0.99342,0.0013502
-301.3,0.79665,0.7956,0.99354,0.0013149
-302.4,0.7967,0.79567,0.99364,0.001285
-303.17,0.79675,0.79575,0.99375,0.0012642
-303.22,0.7968,0.79579,0.99382,0.0012631
-302.42,0.79682,0.7958,0.99385,0.0012843
-300.89,0.79682,0.79577,0.99383,0.0013263
-298.93,0.7968,0.7957,0.99376,0.001382
-296.82,0.79676,0.79561,0.99365,0.0014446
-294.8,0.79671,0.79551,0.99352,0.0015074
-292.99,0.79665,0.7954,0.99337,0.0015658
-291.45,0.79658,0.79529,0.99323,0.0016172
-290.22,0.79651,0.79519,0.99309,0.0016595
-289.32,0.79645,0.7951,0.99296,0.0016909
-288.78,0.79639,0.79503,0.99286,0.0017105
-288.56,0.79635,0.79498,0.99278,0.0017181
-288.6,0.79632,0.79495,0.99273,0.0017169
-288.83,0.7963,0.79494,0.99269,0.0017084
-289.26,0.79628,0.79494,0.99268,0.0016932
-289.96,0.79628,0.79495,0.9927,0.0016685
-290.94,0.79629,0.79499,0.99274,0.0016343
-292.2,0.79632,0.79505,0.99281,0.0015917
-293.64,0.79635,0.79512,0.9929,0.0015443
-294.76,0.79639,0.79519,0.99298,0.0015085
-295.86,0.79643,0.79525,0.99306,0.0014741
-296.92,0.79647,0.79532,0.99315,0.0014416
-297.96,0.79651,0.79538,0.99324,0.0014104
-299.01,0.79655,0.79545,0.99334,0.0013796
-300.09,0.7966,0.79552,0.99343,0.0013488
-301.16,0.79664,0.79559,0.99353,0.0013187
-302.16,0.79669,0.79566,0.99362,0.0012913
-303.03,0.79673,0.79572,0.99371,0.0012681
-303.49,0.79677,0.79577,0.99379,0.0012558
-303.43,0.79681,0.79581,0.99384,0.0012575
-302.8,0.79683,0.79581,0.99387,0.0012743
-301.75,0.79684,0.7958,0.99386,0.0013027
-300.36,0.79683,0.79576,0.99382,0.0013412
-298.78,0.79681,0.7957,0.99376,0.0013864
-297.14,0.79678,0.79563,0.99367,0.001435
-295.64,0.79674,0.79556,0.99358,0.001481
-294.24,0.79669,0.79548,0.99348,0.0015252
-292.97,0.79665,0.7954,0.99337,0.0015664
-291.85,0.7966,0.79532,0.99327,0.0016037
-290.74,0.79654,0.79523,0.99315,0.0016416
-289.87,0.79649,0.79515,0.99303,0.0016718
-289.25,0.79644,0.79509,0.99294,0.0016936
-288.88,0.79639,0.79503,0.99285,0.0017067
-288.75,0.79635,0.79499,0.99278,0.0017115
-288.86,0.79632,0.79496,0.99273,0.0017075
-289.18,0.7963,0.79495,0.99271,0.0016959
-289.72,0.79629,0.79496,0.99271,0.0016769
-291.69,0.79632,0.79504,0.9928,0.001609
-294.32,0.79639,0.79517,0.99297,0.0015223
-297.04,0.79647,0.79533,0.99317,0.001438
-299.73,0.79658,0.7955,0.99339,0.001359
-300.7,0.79662,0.79556,0.99348,0.0013315
-301.65,0.79666,0.79562,0.99357,0.0013053
-302.5,0.7967,0.79568,0.99365,0.0012821
-303.17,0.79674,0.79573,0.99373,0.0012642
-303.57,0.79677,0.79578,0.99379,0.0012538
-303.6,0.7968,0.79581,0.99384,0.0012529
-303.25,0.79683,0.79582,0.99387,0.0012622
-302.52,0.79684,0.79582,0.99388,0.0012818
-301.18,0.79684,0.79579,0.99385,0.0013182
-299.53,0.79682,0.79573,0.9938,0.0013647
-297.75,0.79679,0.79566,0.99371,0.0014168
-295.98,0.79675,0.79558,0.99361,0.0014704
-294.47,0.7967,0.79549,0.9935,0.0015177
-293.11,0.79665,0.79541,0.99339,0.0015619
-291.91,0.7966,0.79533,0.99327,0.0016017
-290.89,0.79655,0.79525,0.99316,0.0016361
-289.92,0.79649,0.79516,0.99304,0.00167
-289.26,0.79643,0.79508,0.99293,0.0016933
-288.91,0.79638,0.79503,0.99284,0.0017057
-288.83,0.79635,0.79499,0.99278,0.0017084
-288.95,0.79632,0.79497,0.99274,0.0017042
-289.22,0.79631,0.79496,0.99272,0.0016947
-289.63,0.7963,0.79496,0.99272,0.0016801
-290.21,0.7963,0.79498,0.99273,0.0016598
-290.98,0.7963,0.795,0.99276,0.0016331
-291.94,0.79632,0.79505,0.99281,0.0016006
-293.04,0.79634,0.7951,0.99287,0.0015639
-294.23,0.79638,0.79516,0.99295,0.0015252
-295.44,0.79641,0.79523,0.99304,0.0014871
-296.61,0.79646,0.7953,0.99313,0.0014509
-297.75,0.7965,0.79537,0.99323,0.0014166
-298.88,0.79655,0.79545,0.99333,0.0013833
-299.98,0.79659,0.79552,0.99342,0.0013519
-301.08,0.79664,0.79559,0.99352,0.0013208
-302.14,0.79668,0.79566,0.99362,0.001292
-303.02,0.79673,0.79572,0.99371,0.0012681
-303.61,0.79677,0.79577,0.99379,0.0012525
-303.73,0.79681,0.79581,0.99385,0.0012496
-303.3,0.79683,0.79583,0.99388,0.0012609
-302.35,0.79684,0.79582,0.99389,0.0012864
-300.6,0.79684,0.79577,0.99384,0.0013344
-298.53,0.79681,0.7957,0.99376,0.0013938
-296.41,0.79676,0.7956,0.99364,0.0014574
-294.43,0.7967,0.79549,0.9935,0.0015191
-292.86,0.79664,0.79539,0.99336,0.0015701
-291.52,0.79658,0.7953,0.99323,0.0016148
-290.45,0.79652,0.79521,0.99311,0.0016516
-289.66,0.79646,0.79513,0.99299,0.0016792
-289.18,0.79642,0.79507,0.9929,0.0016961
-288.95,0.79638,0.79502,0.99283,0.0017041
-288.95,0.79634,0.79499,0.99278,0.0017044
-289.12,0.79632,0.79497,0.99274,0.0016982
-289.44,0.79631,0.79496,0.99273,0.0016868
-289.93,0.7963,0.79497,0.99273,0.0016696
-290.6,0.7963,0.79499,0.99275,0.001646
-291.48,0.79632,0.79503,0.99279,0.001616
-292.49,0.79633,0.79507,0.99284,0.0015822
-293.6,0.79636,0.79513,0.99291,0.0015455
-294.77,0.79639,0.79519,0.99299,0.0015081
-295.93,0.79643,0.79526,0.99308,0.0014719
-297,0.79647,0.79533,0.99317,0.0014392
-298.05,0.79651,0.79539,0.99326,0.0014078
-299.1,0.79656,0.79546,0.99335,0.0013771
-300.17,0.7966,0.79553,0.99344,0.0013465
-301.18,0.79664,0.79559,0.99353,0.0013182
-302.14,0.79668,0.79566,0.99362,0.0012919
-302.97,0.79673,0.79571,0.9937,0.0012696
-303.56,0.79676,0.79577,0.99377,0.0012538
-303.82,0.7968,0.7958,0.99383,0.0012472
-303.68,0.79682,0.79583,0.99388,0.0012509
-303.13,0.79684,0.79583,0.99389,0.0012653
-302.21,0.79685,0.79582,0.99389,0.00129
-300.23,0.79684,0.79576,0.99383,0.0013448
-297.94,0.7968,0.79567,0.99373,0.0014112
-295.67,0.79674,0.79556,0.99359,0.00148
-293.64,0.79668,0.79545,0.99343,0.0015445
-292.08,0.79661,0.79534,0.99329,0.0015961
-290.81,0.79654,0.79524,0.99315,0.001639
-289.87,0.79648,0.79515,0.99302,0.0016716
-289.28,0.79642,0.79508,0.99292,0.0016926
-289.02,0.79638,0.79502,0.99284,0.0017017
-289.01,0.79635,0.79499,0.99278,0.0017019
-289.22,0.79632,0.79497,0.99275,0.0016947
-289.61,0.79631,0.79497,0.99273,0.0016808
-290.22,0.7963,0.79498,0.99274,0.0016593
-291.09,0.79631,0.79501,0.99277,0.0016293
-292.22,0.79633,0.79506,0.99283,0.0015912
-293.53,0.79636,0.79513,0.99291,0.0015478
-294.88,0.7964,0.7952,0.993,0.0015047
-296.21,0.79644,0.79528,0.9931,0.0014632
-297.49,0.79649,0.79536,0.99321,0.0014243
-298.75,0.79654,0.79544,0.99332,0.0013872
-299.96,0.79659,0.79552,0.99342,0.0013525
-301.18,0.79664,0.79559,0.99353,0.0013182
-302.34,0.79669,0.79567,0.99364,0.0012865
-303.28,0.79674,0.79574,0.99373,0.0012613
-303.79,0.79678,0.79579,0.99381,0.0012479
-303.81,0.79682,0.79582,0.99387,0.0012473
-303.29,0.79684,0.79584,0.9939,0.0012612
-302.26,0.79685,0.79582,0.99389,0.0012889
-300.34,0.79684,0.79577,0.99384,0.0013419
-298.12,0.7968,0.79568,0.99374,0.001406
-295.91,0.79675,0.79558,0.99361,0.0014728
-293.9,0.79669,0.79546,0.99346,0.001536
-292.36,0.79662,0.79536,0.99332,0.0015866
-291.09,0.79656,0.79526,0.99318,0.0016296
-290.11,0.7965,0.79517,0.99306,0.0016633
-289.45,0.79644,0.7951,0.99295,0.0016865
-289.11,0.79639,0.79504,0.99286,0.0016986
-289.03,0.79636,0.795,0.9928,0.0017013
-289.18,0.79633,0.79498,0.99276,0.0016961
-289.52,0.79631,0.79497,0.99274,0.001684
-290.02,0.79631,0.79498,0.99274,0.0016661
-290.75,0.79631,0.795,0.99276,0.001641
-291.71,0.79632,0.79504,0.9928,0.0016083
-292.86,0.79635,0.7951,0.99287,0.0015698
-294.23,0.79638,0.79517,0.99296,0.0015253
-295.63,0.79642,0.79524,0.99306,0.0014812
-296.98,0.79647,0.79533,0.99317,0.0014398
-298.29,0.79653,0.79541,0.99328,0.0014008
-299.29,0.79657,0.79547,0.99337,0.0013716
-300.32,0.79661,0.79554,0.99346,0.0013423
-301.35,0.79665,0.7956,0.99355,0.0013135
-302.33,0.79669,0.79567,0.99363,0.0012868
-303.16,0.79674,0.79573,0.99372,0.0012646
-303.71,0.79677,0.79578,0.99379,0.0012499
-303.9,0.79681,0.79582,0.99385,0.0012451
-303.65,0.79683,0.79584,0.99389,0.0012517
-302.98,0.79685,0.79584,0.9939,0.0012694
-301.95,0.79685,0.79582,0.99389,0.0012972
-300.65,0.79684,0.79578,0.99385,0.0013332
-299.18,0.79682,0.79573,0.99379,0.0013749
-297.67,0.7968,0.79567,0.99372,0.0014192
-296.2,0.79676,0.79559,0.99363,0.0014638
-294.81,0.79672,0.79552,0.99353,0.0015071
-293.54,0.79667,0.79544,0.99343,0.0015477
-292.13,0.79661,0.79534,0.99329,0.0015944
-290.96,0.79655,0.79525,0.99317,0.0016338
-290.07,0.79649,0.79517,0.99305,0.0016648
-289.46,0.79644,0.7951,0.99295,0.0016862
-289.13,0.79639,0.79504,0.99286,0.0016979
-289.06,0.79636,0.795,0.9928,0.0017003
-289.2,0.79633,0.79498,0.99276,0.0016952
-289.54,0.79631,0.79497,0.99274,0.0016833
-290.04,0.79631,0.79498,0.99274,0.0016655
-290.77,0.79631,0.795,0.99276,0.0016404
-291.72,0.79632,0.79504,0.99281,0.0016078
-292.88,0.79635,0.7951,0.99287,0.0015693
-294.24,0.79638,0.79517,0.99296,0.0015251
-295.63,0.79642,0.79524,0.99306,0.0014812
-296.97,0.79647,0.79533,0.99317,0.0014399
-298.28,0.79653,0.79541,0.99328,0.001401
-299.27,0.79657,0.79547,0.99337,0.0013721
-300.29,0.79661,0.79554,0.99345,0.0013432
-301.31,0.79665,0.7956,0.99354,0.0013147
-302.28,0.79669,0.79567,0.99363,0.001288
-303.12,0.79673,0.79572,0.99371,0.0012656
-303.7,0.79677,0.79578,0.99379,0.0012503
-303.92,0.79681,0.79581,0.99385,0.0012446
-303.72,0.79683,0.79584,0.99389,0.0012499
-303.1,0.79685,0.79584,0.9939,0.0012661
-302.12,0.79685,0.79582,0.9939,0.0012925
-300.86,0.79685,0.79579,0.99386,0.0013271
-299.43,0.79683,0.79574,0.99381,0.0013678
-297.92,0.7968,0.79568,0.99373,0.0014118
-296.43,0.79677,0.79561,0.99364,0.0014566
-295.03,0.79673,0.79553,0.99355,0.0015003
-293.74,0.79668,0.79545,0.99344,0.0015413
-292.26,0.79662,0.79535,0.99331,0.00159
-291.04,0.79656,0.79526,0.99318,0.0016312
-290.11,0.7965,0.79517,0.99305,0.0016635
-289.47,0.79644,0.7951,0.99295,0.0016856
-289.14,0.79639,0.79504,0.99286,0.0016973
-289.08,0.79636,0.795,0.9928,0.0016997
-289.22,0.79633,0.79498,0.99276,0.0016944
-289.56,0.79631,0.79498,0.99274,0.0016824
-290.08,0.79631,0.79498,0.99274,0.0016644
-290.81,0.79631,0.79501,0.99277,0.001639
-291.77,0.79633,0.79505,0.99281,0.0016062
-292.93,0.79635,0.7951,0.99287,0.0015674
-294.32,0.79638,0.79517,0.99296,0.0015226
-295.72,0.79643,0.79525,0.99307,0.0014782
-297.08,0.79648,0.79533,0.99318,0.0014366
-298.4,0.79653,0.79542,0.99329,0.0013974
-299.43,0.79657,0.79548,0.99338,0.0013675
-300.48,0.79662,0.79555,0.99347,0.0013376
-301.54,0.79666,0.79562,0.99356,0.0013083
-302.52,0.7967,0.79568,0.99365,0.0012816
-303.33,0.79674,0.79574,0.99374,0.0012601
-303.82,0.79678,0.79579,0.99381,0.001247
-303.91,0.79682,0.79582,0.99387,0.0012448
-303.53,0.79684,0.79584,0.9939,0.0012547
-302.73,0.79685,0.79583,0.9939,0.0012761
-301.57,0.79685,0.79581,0.99388,0.0013076
-300.16,0.79684,0.79577,0.99384,0.0013469
-298.62,0.79682,0.79571,0.99377,0.0013912
-297.11,0.79678,0.79564,0.99369,0.0014359
-295.66,0.79675,0.79557,0.99359,0.0014803
-294.32,0.7967,0.79549,0.99349,0.0015227
-293.1,0.79665,0.79541,0.99339,0.001562
-291.82,0.7966,0.79532,0.99326,0.0016047
-290.77,0.79654,0.79523,0.99314,0.0016405
-289.97,0.79648,0.79516,0.99303,0.0016683
-289.43,0.79644,0.79509,0.99294,0.0016873
-289.14,0.79639,0.79504,0.99286,0.0016976
-289.09,0.79636,0.795,0.9928,0.0016991
-289.26,0.79633,0.79498,0.99276,0.0016932
-289.61,0.79631,0.79498,0.99274,0.0016808
-290.15,0.79631,0.79499,0.99275,0.0016619
-290.92,0.79631,0.79501,0.99277,0.0016353
-291.92,0.79633,0.79505,0.99282,0.001601
-293.13,0.79635,0.79511,0.99289,0.0015609
-294.42,0.79639,0.79518,0.99297,0.0015191
-295.73,0.79643,0.79525,0.99307,0.001478
-296.99,0.79647,0.79533,0.99317,0.0014393
-298.22,0.79652,0.79541,0.99327,0.0014027
-299.45,0.79657,0.79548,0.99338,0.0013669
-300.72,0.79662,0.79556,0.99349,0.0013311
-301.96,0.79668,0.79564,0.9936,0.0012968
-303.05,0.79673,0.79572,0.99371,0.0012675
-303.82,0.79678,0.79579,0.99381,0.001247
-303.85,0.79682,0.79583,0.99388,0.0012463
-303.03,0.79685,0.79584,0.99391,0.0012681
-301.46,0.79685,0.79581,0.99388,0.0013107
-299.23,0.79683,0.79573,0.9938,0.0013733
-296.87,0.79678,0.79563,0.99367,0.0014432
-294.67,0.79671,0.79551,0.99352,0.0015116
-292.77,0.79664,0.79539,0.99336,0.001573
-291.36,0.79657,0.79528,0.99321,0.0016203
-290.28,0.79651,0.79519,0.99308,0.0016574
-289.55,0.79645,0.79511,0.99296,0.001683
-289.17,0.7964,0.79505,0.99287,0.0016965
-289.09,0.79636,0.795,0.9928,0.0016991
-289.27,0.79633,0.79498,0.99276,0.0016929
-289.66,0.79631,0.79498,0.99274,0.0016791
-290.28,0.79631,0.79499,0.99275,0.0016574
-290.97,0.79631,0.79501,0.99277,0.0016335
-291.84,0.79633,0.79505,0.99281,0.001604
-292.86,0.79635,0.7951,0.99287,0.0015698
-293.99,0.79638,0.79515,0.99294,0.0015331
-295.15,0.79641,0.79522,0.99302,0.0014961
-296.29,0.79645,0.79528,0.99311,0.0014606
-297.4,0.79649,0.79535,0.9932,0.0014271
-298.49,0.79653,0.79542,0.9933,0.001395
-299.7,0.79658,0.7955,0.9934,0.0013599
-300.94,0.79663,0.79558,0.99351,0.0013249
-302.14,0.79669,0.79566,0.99362,0.0012918
-303.17,0.79674,0.79573,0.99372,0.0012642
-303.83,0.79678,0.79579,0.99381,0.0012469
-303.9,0.79682,0.79583,0.99387,0.0012452
-303.3,0.79685,0.79584,0.99391,0.001261
-302.08,0.79685,0.79582,0.9939,0.0012937
-300.29,0.79684,0.79577,0.99384,0.0013433
-298.27,0.79681,0.79569,0.99375,0.0014015
-296.25,0.79676,0.7956,0.99363,0.0014622
-294.39,0.7967,0.79549,0.9935,0.0015204
-292.77,0.79664,0.79539,0.99336,0.0015731
-291.41,0.79658,0.79529,0.99322,0.0016184
-290.36,0.79651,0.79519,0.99309,0.0016547
-289.62,0.79645,0.79512,0.99298,0.0016804
-289.21,0.7964,0.79505,0.99288,0.0016949
-289.09,0.79636,0.79501,0.99281,0.0016992
-289.21,0.79634,0.79499,0.99277,0.0016949
-289.54,0.79632,0.79498,0.99274,0.0016833
-290.01,0.79631,0.79498,0.99274,0.0016666
-290.7,0.79631,0.795,0.99276,0.0016428
-291.6,0.79632,0.79504,0.9928,0.0016119
-292.71,0.79634,0.79509,0.99286,0.0015749
-293.99,0.79638,0.79515,0.99294,0.0015331
-295.31,0.79641,0.79523,0.99303,0.0014911
-296.6,0.79646,0.7953,0.99314,0.0014512
-297.85,0.79651,0.79538,0.99324,0.0014136
-299.11,0.79656,0.79546,0.99335,0.0013769
-300.39,0.79661,0.79554,0.99346,0.0013402
-301.69,0.79667,0.79563,0.99358,0.0013043
-302.85,0.79672,0.7957,0.99369,0.0012728
-303.68,0.79677,0.79577,0.99378,0.0012508
-303.95,0.79681,0.79582,0.99386,0.0012438
-303.53,0.79684,0.79584,0.9939,0.0012549
-302.43,0.79685,0.79583,0.9939,0.0012841
-300.8,0.79685,0.79579,0.99386,0.0013288
-298.89,0.79682,0.79572,0.99378,0.0013832
-296.92,0.79678,0.79563,0.99368,0.0014416
-295.06,0.79673,0.79553,0.99355,0.0014992
-293.49,0.79667,0.79544,0.99342,0.0015493
-292.13,0.79661,0.79534,0.9933,0.0015941
-291.01,0.79655,0.79525,0.99317,0.0016322
-290.14,0.7965,0.79517,0.99306,0.0016623
-289.53,0.79644,0.7951,0.99296,0.0016838
-289.19,0.7964,0.79505,0.99287,0.0016958
-289.09,0.79636,0.79501,0.99281,0.0016991
-289.2,0.79634,0.79499,0.99277,0.0016951
-289.47,0.79632,0.79498,0.99275,0.0016856
-289.9,0.79631,0.79498,0.99274,0.0016704
-290.52,0.79631,0.795,0.99276,0.0016488
-291.35,0.79632,0.79503,0.99279,0.0016205
-292.3,0.79634,0.79507,0.99284,0.0015885
-293.38,0.79636,0.79512,0.9929,0.0015529
-294.53,0.79639,0.79518,0.99298,0.0015158
-295.69,0.79643,0.79525,0.99306,0.0014792
-296.77,0.79647,0.79531,0.99315,0.0014462
-297.81,0.79651,0.79538,0.99324,0.0014148
-298.85,0.79655,0.79545,0.99333,0.0013843
-299.9,0.79659,0.79551,0.99342,0.001354
-300.92,0.79663,0.79558,0.99351,0.0013254
-301.91,0.79668,0.79564,0.9936,0.0012981
-302.81,0.79672,0.7957,0.99368,0.0012738
-303.51,0.79676,0.79576,0.99376,0.0012552
-303.9,0.79679,0.7958,0.99383,0.001245
-303.89,0.79682,0.79583,0.99388,0.0012453
-303.44,0.79684,0.79584,0.9939,0.0012572
-302.57,0.79685,0.79583,0.9939,0.0012804
-300.41,0.79684,0.79577,0.99385,0.0013397
-297.86,0.7968,0.79567,0.99373,0.0014135
-295.37,0.79674,0.79555,0.99357,0.0014895
-293.19,0.79666,0.79542,0.9934,0.0015591
-291.57,0.79658,0.7953,0.99324,0.0016131
-290.34,0.79651,0.79519,0.99309,0.0016552
-289.54,0.79645,0.79511,0.99296,0.0016834
-289.15,0.79639,0.79504,0.99286,0.0016972
-289.11,0.79635,0.795,0.99279,0.0016984
-289.32,0.79633,0.79498,0.99276,0.0016908
-289.76,0.79631,0.79498,0.99274,0.0016756
-290.43,0.79631,0.79499,0.99275,0.001652
-291.16,0.79632,0.79502,0.99278,0.0016268
-292.07,0.79633,0.79506,0.99283,0.0015962
-293.12,0.79635,0.79511,0.99289,0.0015614
-294.25,0.79638,0.79517,0.99296,0.0015246
-295.41,0.79642,0.79523,0.99304,0.001488
-296.54,0.79646,0.7953,0.99313,0.0014531
-297.64,0.7965,0.79537,0.99322,0.00142
-298.72,0.79654,0.79544,0.99332,0.0013882
-299.86,0.79659,0.79551,0.99342,0.0013552
-301.03,0.79664,0.79558,0.99352,0.0013224
-302.16,0.79669,0.79566,0.99362,0.0012914
-303.13,0.79673,0.79573,0.99372,0.0012653
-303.8,0.79678,0.79579,0.9938,0.0012475
-303.93,0.79682,0.79583,0.99387,0.0012444
-303.41,0.79684,0.79584,0.9939,0.001258
-302.29,0.79685,0.79583,0.9939,0.001288
-300.29,0.79684,0.79577,0.99384,0.0013432
-298,0.7968,0.79568,0.99374,0.0014094
-295.74,0.79675,0.79557,0.9936,0.0014779
-293.72,0.79668,0.79545,0.99344,0.001542
-292.11,0.79661,0.79534,0.99329,0.0015948
-290.83,0.79654,0.79524,0.99315,0.0016383
-289.9,0.79648,0.79515,0.99302,0.0016707
-289.33,0.79642,0.79508,0.99291,0.0016907
-289.11,0.79638,0.79503,0.99284,0.0016984
-289.14,0.79635,0.795,0.99278,0.0016973
-289.38,0.79632,0.79498,0.99275,0.0016891
-289.8,0.79631,0.79498,0.99274,0.001674
-290.51,0.79631,0.795,0.99276,0.0016494
-291.51,0.79632,0.79504,0.9928,0.001615
-292.78,0.79635,0.79509,0.99287,0.0015723
-294.24,0.79638,0.79517,0.99296,0.001525
-295.35,0.79642,0.79523,0.99304,0.0014899
-296.44,0.79645,0.79529,0.99312,0.0014563
-297.49,0.79649,0.79536,0.99321,0.0014244
-298.52,0.79654,0.79543,0.9933,0.0013938
-299.57,0.79658,0.79549,0.99339,0.0013636
-300.64,0.79662,0.79556,0.99348,0.0013333
-301.7,0.79667,0.79563,0.99358,0.0013038
-302.68,0.79671,0.79569,0.99367,0.0012773
-303.54,0.79676,0.79576,0.99376,0.0012546
-303.94,0.7968,0.79581,0.99384,0.001244
-303.77,0.79683,0.79584,0.99389,0.0012486
-302.99,0.79685,0.79584,0.99391,0.0012691
-301.79,0.79685,0.79582,0.99389,0.0013017
-300.26,0.79684,0.79577,0.99384,0.001344
-298.58,0.79682,0.79571,0.99377,0.0013925
-296.87,0.79678,0.79563,0.99367,0.0014434
-295.36,0.79674,0.79555,0.99357,0.0014898
-293.97,0.79669,0.79547,0.99346,0.0015337
-292.74,0.79664,0.79539,0.99335,0.0015741
-291.67,0.79659,0.79531,0.99325,0.0016099
-290.63,0.79653,0.79522,0.99312,0.0016453
-289.86,0.79648,0.79514,0.99302,0.001672
-289.36,0.79643,0.79508,0.99292,0.0016895
-289.13,0.79639,0.79503,0.99285,0.0016979
-289.11,0.79635,0.795,0.9928,0.0016984
-289.27,0.79633,0.79498,0.99276,0.0016927
-289.58,0.79632,0.79498,0.99274,0.0016817
-290.06,0.79631,0.79498,0.99275,0.001665
-290.72,0.79631,0.795,0.99276,0.0016419
-291.59,0.79632,0.79504,0.9928,0.0016122
-292.65,0.79634,0.79509,0.99286,0.0015767
-293.84,0.79637,0.79515,0.99293,0.0015378
-295.01,0.7964,0.79521,0.99301,0.0015006
-296.16,0.79644,0.79528,0.9931,0.0014647
-297.28,0.79649,0.79535,0.99319,0.0014308
-298.37,0.79653,0.79542,0.99329,0.0013985
-299.46,0.79657,0.79549,0.99338,0.0013666
-300.59,0.79662,0.79556,0.99348,0.0013347
-301.71,0.79667,0.79563,0.99358,0.0013037
-302.73,0.79671,0.7957,0.99367,0.0012759
-303.52,0.79676,0.79576,0.99376,0.0012551
-303.92,0.7968,0.7958,0.99383,0.0012444
-303.84,0.79683,0.79583,0.99388,0.0012465
-303.25,0.79685,0.79584,0.99391,0.0012623
-302.2,0.79685,0.79583,0.9939,0.0012904
-300.81,0.79685,0.79579,0.99386,0.0013285
-299.23,0.79683,0.79573,0.9938,0.0013735
-297.57,0.79679,0.79566,0.99371,0.0014221
-296.07,0.79676,0.79559,0.99362,0.0014678
-294.66,0.79671,0.79551,0.99352,0.0015118
-293.38,0.79667,0.79543,0.99341,0.0015529
-292.26,0.79662,0.79535,0.99331,0.0015901
-291.14,0.79656,0.79526,0.99319,0.0016279
-290.25,0.79651,0.79518,0.99307,0.0016583
-289.63,0.79645,0.79512,0.99298,0.0016803
-289.25,0.79641,0.79506,0.99289,0.0016936
-289.1,0.79637,0.79502,0.99282,0.0016989
-289.2,0.79634,0.79499,0.99277,0.0016953
-289.51,0.79632,0.79498,0.99275,0.0016843
-290.03,0.79631,0.79498,0.99274,0.001666
-290.67,0.79631,0.795,0.99276,0.0016437
-291.51,0.79632,0.79504,0.9928,0.001615
-292.53,0.79634,0.79508,0.99285,0.0015806
-293.69,0.79637,0.79514,0.99292,0.0015426
-294.91,0.7964,0.7952,0.99301,0.0015038
-296.11,0.79644,0.79527,0.9931,0.0014662
-297.28,0.79649,0.79535,0.99319,0.0014307
-298.42,0.79653,0.79542,0.99329,0.001397
-299.71,0.79658,0.7955,0.9934,0.0013596
-301.03,0.79664,0.79558,0.99352,0.0013225
-302.3,0.79669,0.79567,0.99363,0.0012876
-303.34,0.79675,0.79574,0.99374,0.0012597
-303.89,0.79679,0.7958,0.99382,0.0012454
-303.87,0.79682,0.79583,0.99388,0.0012458
-303.25,0.79685,0.79584,0.99391,0.0012623
-302.06,0.79685,0.79582,0.9939,0.0012942
-300.25,0.79684,0.79577,0.99384,0.0013445
-298.2,0.79681,0.79569,0.99375,0.0014034
-296.17,0.79676,0.79559,0.99363,0.0014646
-294.3,0.7967,0.79549,0.99349,0.0015232
-292.68,0.79664,0.79538,0.99335,0.001576
-291.33,0.79657,0.79528,0.99321,0.0016212
-290.29,0.79651,0.79519,0.99308,0.0016569
-289.58,0.79645,0.79511,0.99297,0.0016819
-289.2,0.7964,0.79505,0.99288,0.0016953
-289.1,0.79636,0.79501,0.99281,0.0016989
-289.23,0.79633,0.79499,0.99277,0.0016941
-289.57,0.79632,0.79498,0.99274,0.0016823
-290.06,0.79631,0.79498,0.99275,0.0016649
-290.76,0.79631,0.79501,0.99277,0.0016405
-291.69,0.79632,0.79504,0.99281,0.0016087
-292.83,0.79635,0.7951,0.99287,0.001571
-294.15,0.79638,0.79516,0.99295,0.0015279
-295.51,0.79642,0.79524,0.99305,0.0014849
-296.83,0.79647,0.79532,0.99315,0.0014443
-298.11,0.79652,0.7954,0.99326,0.0014061
-299.08,0.79656,0.79546,0.99335,0.0013775
-300.09,0.7966,0.79552,0.99344,0.0013489
-301.1,0.79664,0.79559,0.99352,0.0013204
-302.08,0.79668,0.79565,0.99361,0.0012934
-302.96,0.79672,0.79571,0.9937,0.0012699
-303.61,0.79676,0.79576,0.99377,0.0012527
-303.93,0.7968,0.79581,0.99384,0.0012442
-303.86,0.79683,0.79583,0.99388,0.0012462
-303.37,0.79684,0.79584,0.9939,0.0012589
-302.53,0.79685,0.79583,0.9939,0.0012816
-301.38,0.79685,0.7958,0.99388,0.0013129
-300.02,0.79684,0.79576,0.99383,0.0013509
-298.51,0.79681,0.7957,0.99376,0.0013945
-296.99,0.79678,0.79563,0.99368,0.0014397
-295.53,0.79674,0.79556,0.99358,0.0014843
-294.19,0.7967,0.79548,0.99348,0.0015268
-292.47,0.79663,0.79537,0.99333,0.001583
-291.07,0.79656,0.79526,0.99318,0.00163
-290.04,0.79649,0.79516,0.99304,0.0016656
-289.4,0.79643,0.79509,0.99293,0.0016884
-289.13,0.79639,0.79503,0.99285,0.0016977
-289.13,0.79635,0.795,0.99279,0.0016979
-289.33,0.79633,0.79498,0.99276,0.0016906
-289.73,0.79631,0.79498,0.99274,0.0016765
-290.35,0.79631,0.79499,0.99275,0.0016547
-291.24,0.79632,0.79502,0.99279,0.0016243
-292.38,0.79634,0.79507,0.99284,0.0015859
-293.71,0.79637,0.79514,0.99292,0.0015422
-294.8,0.7964,0.7952,0.993,0.0015071
-295.9,0.79643,0.79526,0.99308,0.0014729
-296.96,0.79647,0.79533,0.99317,0.0014405
-297.99,0.79651,0.79539,0.99325,0.0014096
-299.01,0.79656,0.79546,0.99334,0.0013796
-300.06,0.7966,0.79552,0.99343,0.0013495
-301.13,0.79664,0.79559,0.99353,0.0013196
-302.16,0.79669,0.79566,0.99362,0.0012914
-303.04,0.79673,0.79572,0.9937,0.0012679
-303.67,0.79677,0.79577,0.99378,0.0012511
-303.95,0.7968,0.79581,0.99384,0.0012438
-303.8,0.79683,0.79584,0.99389,0.0012476
-303.25,0.79685,0.79584,0.99391,0.0012622
-302.33,0.79685,0.79583,0.9939,0.0012868
-301.12,0.79685,0.7958,0.99387,0.00132
-299.72,0.79683,0.79575,0.99382,0.0013594
-298.21,0.79681,0.79569,0.99375,0.0014031
-296.71,0.79677,0.79562,0.99366,0.0014481
-295.28,0.79673,0.79554,0.99357,0.0014922
-293.97,0.79669,0.79547,0.99346,0.0015338
-292.4,0.79662,0.79536,0.99332,0.0015854
-291.1,0.79656,0.79526,0.99318,0.0016289
-290.13,0.7965,0.79517,0.99306,0.0016627
-289.48,0.79644,0.7951,0.99295,0.0016855
-289.16,0.79639,0.79504,0.99286,0.0016966
-289.11,0.79636,0.795,0.9928,0.0016985
-289.27,0.79633,0.79498,0.99276,0.0016927
-289.63,0.79632,0.79498,0.99274,0.0016801
-290.17,0.79631,0.79499,0.99275,0.0016612
-290.93,0.79631,0.79501,0.99277,0.0016347
-291.94,0.79633,0.79505,0.99282,0.0016006
-293.14,0.79635,0.79511,0.99289,0.0015607
-294.44,0.79639,0.79518,0.99297,0.0015187
-295.75,0.79643,0.79525,0.99307,0.0014773
-297.03,0.79648,0.79533,0.99317,0.0014383
-298.26,0.79652,0.79541,0.99328,0.0014015
-299.5,0.79658,0.79549,0.99339,0.0013655
-300.77,0.79663,0.79557,0.9935,0.0013295
-302.02,0.79668,0.79565,0.99361,0.0012951
-303.11,0.79673,0.79572,0.99371,0.0012659
-303.84,0.79678,0.79579,0.99381,0.0012466
-303.88,0.79682,0.79583,0.99388,0.0012457
-303.11,0.79685,0.79584,0.99391,0.0012658
-301.64,0.79685,0.79581,0.99389,0.0013056
-299.72,0.79683,0.79575,0.99382,0.0013593
-297.64,0.7968,0.79566,0.99372,0.0014201
-295.62,0.79674,0.79556,0.99359,0.0014817
-293.8,0.79668,0.79546,0.99345,0.0015394
-292.24,0.79662,0.79535,0.99331,0.0015907
-290.97,0.79655,0.79525,0.99317,0.0016336
-290.02,0.79649,0.79516,0.99304,0.0016663
-289.41,0.79643,0.79509,0.99293,0.0016877
-289.14,0.79639,0.79504,0.99285,0.0016974
-289.12,0.79635,0.795,0.99279,0.0016981
-289.31,0.79633,0.79498,0.99276,0.0016914
-289.69,0.79631,0.79498,0.99274,0.001678
-290.28,0.79631,0.79499,0.99275,0.0016574
-291.11,0.79632,0.79502,0.99278,0.0016286
-292.2,0.79633,0.79507,0.99283,0.0015919
-293.47,0.79636,0.79513,0.99291,0.0015497
-294.57,0.79639,0.79519,0.99298,0.0015143
-295.68,0.79643,0.79525,0.99306,0.0014796
-296.75,0.79647,0.79531,0.99315,0.0014466
-297.79,0.79651,0.79538,0.99324,0.0014153
-298.83,0.79655,0.79544,0.99333,0.001385
-299.88,0.79659,0.79551,0.99342,0.0013547
-300.95,0.79663,0.79558,0.99351,0.0013245
-302,0.79668,0.79565,0.9936,0.0012957
-302.88,0.79672,0.79571,0.99369,0.0012721
-303.55,0.79676,0.79576,0.99377,0.0012543
-303.91,0.79679,0.7958,0.99383,0.0012448
-303.89,0.79682,0.79583,0.99388,0.0012452
-303.48,0.79684,0.79584,0.9939,0.0012561
-302.69,0.79685,0.79583,0.99391,0.0012771
-301.59,0.79685,0.79581,0.99389,0.0013069
-300.27,0.79684,0.79577,0.99384,0.0013437
-298.76,0.79682,0.79571,0.99378,0.001387
-297.23,0.79679,0.79565,0.99369,0.0014325
-295.75,0.79675,0.79557,0.9936,0.0014777
-294.37,0.7967,0.79549,0.9935,0.0015209
-292.75,0.79664,0.79539,0.99336,0.0015738
-291.39,0.79657,0.79528,0.99322,0.0016191
-290.34,0.79651,0.79519,0.99309,0.0016553
-289.61,0.79645,0.79511,0.99297,0.0016808
-289.21,0.7964,0.79505,0.99288,0.0016949
-289.1,0.79636,0.79501,0.99281,0.0016988
-289.22,0.79634,0.79499,0.99277,0.0016944
-289.55,0.79632,0.79498,0.99275,0.0016827
-290.04,0.79631,0.79498,0.99274,0.0016658
-290.73,0.79631,0.795,0.99276,0.0016418
-291.64,0.79632,0.79504,0.9928,0.0016105
-292.76,0.79635,0.79509,0.99286,0.0015733
-294.05,0.79638,0.79516,0.99295,0.001531
-295.39,0.79642,0.79523,0.99304,0.0014887
-296.69,0.79646,0.79531,0.99314,0.0014485
-297.95,0.79651,0.79539,0.99325,0.0014107
-299.07,0.79656,0.79546,0.99335,0.0013779
-300.22,0.7966,0.79553,0.99345,0.0013452
-301.38,0.79665,0.79561,0.99355,0.0013128
-302.47,0.7967,0.79568,0.99365,0.001283
-303.36,0.79675,0.79574,0.99374,0.0012592
-303.88,0.79679,0.7958,0.99382,0.0012456
-303.89,0.79682,0.79583,0.99388,0.0012452
-303.35,0.79685,0.79584,0.99391,0.0012596
-302.4,0.79685,0.79583,0.9939,0.0012851
-301.1,0.79685,0.7958,0.99387,0.0013204
-299.6,0.79683,0.79575,0.99382,0.0013629
-298,0.7968,0.79568,0.99374,0.0014094
-296.49,0.79677,0.79561,0.99365,0.0014547
-295.07,0.79673,0.79553,0.99355,0.0014988
-293.77,0.79668,0.79545,0.99345,0.0015404
-292.61,0.79663,0.79538,0.99334,0.0015785
-291.43,0.79658,0.79529,0.99322,0.001618
-290.48,0.79652,0.79521,0.99311,0.0016505
-289.78,0.79647,0.79513,0.993,0.0016749
-289.33,0.79642,0.79508,0.99292,0.0016906
-289.12,0.79638,0.79503,0.99284,0.0016983
-289.14,0.79635,0.795,0.99279,0.0016973
-289.37,0.79632,0.79498,0.99275,0.0016891
-289.79,0.79631,0.79498,0.99274,0.0016742
-290.49,0.79631,0.795,0.99276,0.0016499
-291.48,0.79632,0.79503,0.9928,0.001616
-292.74,0.79635,0.79509,0.99286,0.0015737
-294.19,0.79638,0.79516,0.99295,0.0015267
-295.3,0.79641,0.79523,0.99303,0.0014915
-296.39,0.79645,0.79529,0.99312,0.0014578
-297.44,0.79649,0.79536,0.99321,0.0014258
-298.48,0.79653,0.79542,0.9933,0.0013952
-299.52,0.79658,0.79549,0.99339,0.0013649
-300.59,0.79662,0.79556,0.99348,0.0013346
-301.66,0.79666,0.79562,0.99357,0.001305
-302.65,0.79671,0.79569,0.99367,0.0012783
-303.47,0.79675,0.79575,0.99375,0.0012564
-303.91,0.79679,0.7958,0.99383,0.0012448
-303.86,0.79683,0.79583,0.99388,0.001246
-303.29,0.79685,0.79584,0.99391,0.0012612
-302.28,0.79685,0.79583,0.9939,0.0012883
-300.93,0.79685,0.79579,0.99387,0.0013253
-299.37,0.79683,0.79574,0.99381,0.0013694
-297.74,0.7968,0.79567,0.99372,0.0014172
-296.23,0.79676,0.7956,0.99363,0.0014627
-294.82,0.79672,0.79552,0.99353,0.0015067
-293.53,0.79667,0.79544,0.99343,0.001548
-292.39,0.79662,0.79536,0.99332,0.0015855
-291.25,0.79657,0.79527,0.9932,0.001624
-290.34,0.79651,0.79519,0.99309,0.0016552
-289.69,0.79646,0.79512,0.99299,0.0016781
-289.28,0.79642,0.79507,0.9929,0.0016924
-289.11,0.79637,0.79502,0.99283,0.0016987
-289.17,0.79634,0.79499,0.99278,0.0016962
-289.45,0.79632,0.79498,0.99275,0.0016865
-289.92,0.79631,0.79498,0.99274,0.0016698
-290.52,0.79631,0.795,0.99276,0.0016488
-291.33,0.79632,0.79503,0.99279,0.0016213
-292.32,0.79634,0.79507,0.99284,0.0015878
-293.46,0.79636,0.79513,0.99291,0.0015502
-294.67,0.79639,0.79519,0.99299,0.0015111
-295.89,0.79643,0.79526,0.99308,0.0014731
-297.07,0.79648,0.79533,0.99317,0.0014371
-298.21,0.79652,0.79541,0.99327,0.0014031
-299.32,0.79657,0.79548,0.99337,0.0013708
-300.45,0.79661,0.79555,0.99347,0.0013386
-301.59,0.79666,0.79562,0.99357,0.001307
-302.64,0.79671,0.79569,0.99366,0.0012784
-303.47,0.79675,0.79575,0.99375,0.0012563
-303.91,0.79679,0.7958,0.99383,0.0012447
-303.86,0.79683,0.79583,0.99388,0.0012462
-303.26,0.79685,0.79584,0.99391,0.001262
-302.23,0.79685,0.79583,0.9939,0.0012896
-300.86,0.79685,0.79579,0.99386,0.0013272
-299.29,0.79683,0.79573,0.9938,0.0013717
-297.65,0.7968,0.79567,0.99372,0.0014198
-296.15,0.79676,0.79559,0.99363,0.0014654
-294.74,0.79672,0.79551,0.99352,0.0015094
-293.45,0.79667,0.79543,0.99342,0.0015506
-292.32,0.79662,0.79536,0.99331,0.001588
-291.19,0.79656,0.79527,0.99319,0.0016261
-290.3,0.79651,0.79519,0.99308,0.0016568
-289.65,0.79646,0.79512,0.99298,0.0016793
-289.26,0.79641,0.79506,0.9929,0.0016931
-289.1,0.79637,0.79502,0.99282,0.0016988
-289.19,0.79634,0.79499,0.99278,0.0016957
-289.48,0.79632,0.79498,0.99275,0.0016854
-289.98,0.79631,0.79498,0.99274,0.0016678
-290.57,0.79631,0.795,0.99276,0.001647
-291.36,0.79632,0.79503,0.99279,0.0016202
-292.32,0.79634,0.79507,0.99284,0.0015878
-293.41,0.79636,0.79512,0.9929,0.0015516
-294.58,0.79639,0.79519,0.99298,0.001514
-295.76,0.79643,0.79525,0.99307,0.0014772
-296.9,0.79647,0.79532,0.99316,0.0014423
-298,0.79651,0.79539,0.99325,0.0014092
-299.02,0.79656,0.79546,0.99334,0.0013795
-300.05,0.7966,0.79552,0.99343,0.0013498
-301.11,0.79664,0.79559,0.99353,0.0013203
-302.12,0.79668,0.79565,0.99362,0.0012923
-303.02,0.79673,0.79572,0.9937,0.0012682
-303.67,0.79677,0.79577,0.99378,0.0012512
-303.95,0.7968,0.79581,0.99385,0.0012438
-303.79,0.79683,0.79584,0.99389,0.0012479
-303.23,0.79685,0.79584,0.99391,0.0012629
-302.29,0.79685,0.79583,0.9939,0.0012878
-301.08,0.79685,0.7958,0.99387,0.0013212
-299.67,0.79683,0.79575,0.99382,0.0013608
-298.16,0.79681,0.79569,0.99375,0.0014046
-296.66,0.79677,0.79562,0.99366,0.0014495
-295.24,0.79673,0.79554,0.99356,0.0014935
-293.93,0.79669,0.79546,0.99346,0.001535
-292.38,0.79662,0.79536,0.99332,0.001586
-291.1,0.79656,0.79526,0.99318,0.0016291
-290.13,0.7965,0.79517,0.99306,0.0016625
-289.49,0.79644,0.7951,0.99295,0.0016852
-289.17,0.79639,0.79504,0.99286,0.0016965
-289.11,0.79636,0.79501,0.9928,0.0016986
-289.27,0.79633,0.79498,0.99276,0.0016929
-289.62,0.79632,0.79498,0.99274,0.0016804
-290.15,0.79631,0.79499,0.99275,0.0016618
-290.91,0.79631,0.79501,0.99277,0.0016356
-291.9,0.79633,0.79505,0.99282,0.0016019
-293.09,0.79635,0.79511,0.99288,0.0015623
-294.54,0.79639,0.79518,0.99298,0.0015153
-296.01,0.79644,0.79527,0.99309,0.0014693
-297.42,0.79649,0.79535,0.9932,0.0014264
-298.8,0.79655,0.79544,0.99332,0.0013858
-299.87,0.79659,0.79551,0.99342,0.0013549
-300.96,0.79664,0.79558,0.99351,0.0013242
-302.03,0.79668,0.79565,0.99361,0.0012948
-302.98,0.79673,0.79571,0.9937,0.0012694
-303.66,0.79677,0.79577,0.99378,0.0012513
-303.95,0.7968,0.79581,0.99385,0.0012437
-303.76,0.79683,0.79584,0.99389,0.0012486
-303.08,0.79685,0.79584,0.99391,0.0012667
-301.89,0.79685,0.79582,0.99389,0.0012989
-300.36,0.79684,0.79577,0.99385,0.0013414
-298.65,0.79682,0.79571,0.99377,0.0013904
-296.91,0.79678,0.79563,0.99367,0.0014421
-295.4,0.79674,0.79555,0.99357,0.0014884
-294.02,0.79669,0.79547,0.99347,0.0015322
-292.78,0.79664,0.79539,0.99336,0.0015725
-291.71,0.79659,0.79531,0.99325,0.0016084
-290.67,0.79653,0.79522,0.99313,0.0016439
-289.89,0.79648,0.79515,0.99302,0.001671
-289.38,0.79643,0.79508,0.99293,0.0016888
-289.14,0.79639,0.79504,0.99285,0.0016975
-289.11,0.79636,0.795,0.9928,0.0016984
-289.27,0.79633,0.79498,0.99276,0.0016928
-289.58,0.79632,0.79498,0.99275,0.0016817
-290.06,0.79631,0.79498,0.99275,0.0016648
-290.74,0.79631,0.79501,0.99276,0.0016413
-291.63,0.79632,0.79504,0.9928,0.0016109
-292.71,0.79634,0.79509,0.99286,0.0015747
-293.93,0.79637,0.79515,0.99294,0.0015351
-295.09,0.79641,0.79521,0.99302,0.001498
-296.24,0.79645,0.79528,0.99311,0.0014624
-297.35,0.79649,0.79535,0.9932,0.0014287
-298.43,0.79653,0.79542,0.99329,0.0013965
-299.53,0.79658,0.79549,0.99339,0.0013648
-300.65,0.79662,0.79556,0.99349,0.001333
-301.76,0.79667,0.79563,0.99358,0.0013022
-302.78,0.79671,0.7957,0.99368,0.0012748
-303.63,0.79676,0.79577,0.99378,0.001252
-303.96,0.79681,0.79582,0.99385,0.0012435
-303.62,0.79684,0.79584,0.9939,0.0012524
-302.62,0.79685,0.79583,0.99391,0.001279
-301.15,0.79685,0.7958,0.99387,0.0013191
-299.39,0.79683,0.79574,0.99381,0.0013688
-297.53,0.79679,0.79566,0.99371,0.0014233
-295.73,0.79675,0.79557,0.9936,0.0014782
-294.2,0.7967,0.79548,0.99348,0.0015265
-292.84,0.79664,0.79539,0.99336,0.0015707
-291.67,0.79659,0.79531,0.99325,0.0016098
-290.71,0.79653,0.79523,0.99313,0.0016426
-289.91,0.79648,0.79515,0.99302,0.0016702
-289.39,0.79643,0.79509,0.99293,0.0016884
-289.14,0.79639,0.79504,0.99285,0.0016975
-289.11,0.79636,0.795,0.9928,0.0016984
-289.27,0.79633,0.79498,0.99276,0.0016928
-289.6,0.79632,0.79498,0.99274,0.0016812
-290.1,0.79631,0.79499,0.99275,0.0016636
-290.8,0.79631,0.79501,0.99277,0.0016393
-291.67,0.79632,0.79504,0.99281,0.0016097
-292.71,0.79634,0.79509,0.99286,0.0015748
-293.87,0.79637,0.79515,0.99293,0.0015368
-295.09,0.79641,0.79521,0.99302,0.0014981
-296.21,0.79645,0.79528,0.9931,0.0014633
-297.29,0.79649,0.79535,0.99319,0.0014303
-298.36,0.79653,0.79541,0.99329,0.0013986
-299.43,0.79657,0.79548,0.99338,0.0013676
-300.47,0.79661,0.79555,0.99347,0.001338
-301.52,0.79666,0.79562,0.99356,0.001309
-302.49,0.7967,0.79568,0.99365,0.0012823
-303.31,0.79674,0.79574,0.99374,0.0012607
-303.84,0.79678,0.79579,0.99381,0.0012466
-303.93,0.79682,0.79583,0.99387,0.0012442
-303.53,0.79684,0.79584,0.9939,0.0012548
-302.65,0.79685,0.79583,0.99391,0.0012783
-301.18,0.79685,0.7958,0.99387,0.0013182
-299.42,0.79683,0.79574,0.99381,0.0013679
-297.56,0.79679,0.79566,0.99371,0.0014225
-295.75,0.79675,0.79557,0.9936,0.0014777
-294.22,0.7967,0.79548,0.99348,0.0015258
-292.86,0.79664,0.79539,0.99337,0.00157
-291.69,0.79659,0.79531,0.99325,0.0016091
-290.72,0.79654,0.79523,0.99314,0.001642
-289.92,0.79648,0.79515,0.99303,0.0016698
-289.4,0.79643,0.79509,0.99293,0.0016882
-289.14,0.79639,0.79504,0.99285,0.0016974
-289.11,0.79636,0.795,0.9928,0.0016984
-289.27,0.79633,0.79498,0.99276,0.0016929
-289.59,0.79632,0.79498,0.99274,0.0016813
-290.1,0.79631,0.79499,0.99275,0.0016637
-290.8,0.79631,0.79501,0.99277,0.0016393
-291.67,0.79632,0.79504,0.99281,0.0016096
-292.71,0.79634,0.79509,0.99286,0.0015747
-293.88,0.79637,0.79515,0.99293,0.0015366
-295.09,0.79641,0.79521,0.99302,0.001498
-296.21,0.79645,0.79528,0.9931,0.0014632
-297.3,0.79649,0.79535,0.99319,0.0014301
-298.36,0.79653,0.79541,0.99329,0.0013985
-299.43,0.79657,0.79548,0.99338,0.0013675
-300.47,0.79662,0.79555,0.99347,0.0013379
-301.52,0.79666,0.79562,0.99356,0.0013089
-302.5,0.7967,0.79568,0.99365,0.0012823
-303.31,0.79674,0.79574,0.99374,0.0012606
-303.84,0.79678,0.79579,0.99381,0.0012466
-303.93,0.79682,0.79583,0.99387,0.0012442
-303.53,0.79684,0.79584,0.9939,0.0012548
-302.65,0.79685,0.79583,0.99391,0.0012783
-301.18,0.79685,0.7958,0.99387,0.0013182
-299.42,0.79683,0.79574,0.99381,0.001368
-297.56,0.79679,0.79566,0.99371,0.0014226
-295.75,0.79675,0.79557,0.9936,0.0014777
-294.22,0.7967,0.79548,0.99348,0.0015259
-292.86,0.79664,0.79539,0.99337,0.0015701
-291.69,0.79659,0.79531,0.99325,0.0016092
-290.72,0.79654,0.79523,0.99314,0.001642
-289.92,0.79648,0.79515,0.99303,0.0016698
-289.4,0.79643,0.79509,0.99293,0.0016883
-289.14,0.79639,0.79504,0.99285,0.0016975
-289.11,0.79636,0.795,0.9928,0.0016984
-289.27,0.79633,0.79498,0.99276,0.0016929
-289.59,0.79632,0.79498,0.99274,0.0016813
-290.1,0.79631,0.79499,0.99275,0.0016637
-290.8,0.79631,0.79501,0.99277,0.0016393
-291.67,0.79632,0.79504,0.99281,0.0016096
-292.71,0.79634,0.79509,0.99286,0.0015747
-293.88,0.79637,0.79515,0.99293,0.0015367
-295.09,0.79641,0.79521,0.99302,0.001498
-296.21,0.79645,0.79528,0.9931,0.0014632
-297.3,0.79649,0.79535,0.99319,0.0014302
-298.36,0.79653,0.79541,0.99329,0.0013985
-299.43,0.79657,0.79548,0.99338,0.0013675
-300.47,0.79662,0.79555,0.99347,0.0013379
-301.52,0.79666,0.79562,0.99356,0.0013089
-302.5,0.7967,0.79568,0.99365,0.0012823
-303.31,0.79674,0.79574,0.99374,0.0012606
-303.84,0.79678,0.79579,0.99381,0.0012466
-303.93,0.79682,0.79583,0.99387,0.0012442
-303.53,0.79684,0.79584,0.9939,0.0012548
-302.65,0.79685,0.79583,0.99391,0.0012783
-301.18,0.79685,0.7958,0.99387,0.0013182
-299.42,0.79683,0.79574,0.99381,0.001368
-297.56,0.79679,0.79566,0.99371,0.0014226
-295.75,0.79675,0.79557,0.9936,0.0014777
-294.22,0.7967,0.79548,0.99348,0.0015259
-292.86,0.79664,0.79539,0.99337,0.0015701
-291.69,0.79659,0.79531,0.99325,0.0016091
-290.72,0.79654,0.79523,0.99314,0.001642
-289.92,0.79648,0.79515,0.99303,0.0016698
-289.4,0.79643,0.79509,0.99293,0.0016883
-289.14,0.79639,0.79504,0.99285,0.0016975
-289.11,0.79636,0.795,0.9928,0.0016984
-289.27,0.79633,0.79498,0.99276,0.0016929
-289.59,0.79632,0.79498,0.99274,0.0016813
-290.1,0.79631,0.79499,0.99275,0.0016637
-290.8,0.79631,0.79501,0.99277,0.0016393
-291.67,0.79632,0.79504,0.99281,0.0016096
-292.71,0.79634,0.79509,0.99286,0.0015747
-293.88,0.79637,0.79515,0.99293,0.0015367
-295.09,0.79641,0.79521,0.99302,0.001498
-296.21,0.79645,0.79528,0.9931,0.0014632
-297.3,0.79649,0.79535,0.99319,0.0014301
-298.36,0.79653,0.79541,0.99329,0.0013985
-299.43,0.79657,0.79548,0.99338,0.0013675
-300.47,0.79662,0.79555,0.99347,0.0013379
-301.52,0.79666,0.79562,0.99356,0.0013089
-302.5,0.7967,0.79568,0.99365,0.0012823
-303.31,0.79674,0.79574,0.99374,0.0012606
-303.84,0.79678,0.79579,0.99381,0.0012466
-303.93,0.79682,0.79583,0.99387,0.0012442
-303.53,0.79684,0.79584,0.9939,0.0012548
-302.65,0.79685,0.79583,0.99391,0.0012783
-301.18,0.79685,0.7958,0.99387,0.0013182
-299.42,0.79683,0.79574,0.99381,0.001368
-297.56,0.79679,0.79566,0.99371,0.0014226
-295.75,0.79675,0.79557,0.9936,0.0014777
-294.22,0.7967,0.79548,0.99348,0.0015259
-292.86,0.79664,0.79539,0.99337,0.0015701
-291.69,0.79659,0.79531,0.99325,0.0016092
-290.72,0.79654,0.79523,0.99314,0.001642
-289.92,0.79648,0.79515,0.99303,0.0016698
-289.4,0.79643,0.79509,0.99293,0.0016883
-289.14,0.79639,0.79504,0.99285,0.0016975
-289.11,0.79636,0.795,0.9928,0.0016984
-289.27,0.79633,0.79498,0.99276,0.0016929
-289.59,0.79632,0.79498,0.99274,0.0016813
-290.1,0.79631,0.79499,0.99275,0.0016637
-290.8,0.79631,0.79501,0.99277,0.0016393
-291.67,0.79632,0.79504,0.99281,0.0016096
-292.71,0.79634,0.79509,0.99286,0.0015747
-293.88,0.79637,0.79515,0.99293,0.0015367
-295.09,0.79641,0.79521,0.99302,0.001498
-296.21,0.79645,0.79528,0.9931,0.0014632
-297.3,0.79649,0.79535,0.99319,0.0014302
-298.36,0.79653,0.79541,0.99329,0.0013985
-299.43,0.79657,0.79548,0.99338,0.0013675
-300.47,0.79662,0.79555,0.99347,0.0013379
-301.52,0.79666,0.79562,0.99356,0.0013089
-302.5,0.7967,0.79568,0.99365,0.0012823
-303.31,0.79674,0.79574,0.99374,0.0012606
-303.84,0.79678,0.79579,0.99381,0.0012466
-303.93,0.79682,0.79583,0.99387,0.0012442
-303.53,0.79684,0.79584,0.9939,0.0012548
-302.65,0.79685,0.79583,0.99391,0.0012783
-301.18,0.79685,0.7958,0.99387,0.0013182
-299.42,0.79683,0.79574,0.99381,0.001368
-297.56,0.79679,0.79566,0.99371,0.0014226
-295.75,0.79675,0.79557,0.9936,0.0014777
-294.22,0.7967,0.79548,0.99348,0.0015259
-292.86,0.79664,0.79539,0.99337,0.0015701
-291.69,0.79659,0.79531,0.99325,0.0016092
-290.72,0.79654,0.79523,0.99314,0.001642
-289.92,0.79648,0.79515,0.99303,0.0016698
-289.4,0.79643,0.79509,0.99293,0.0016883
-289.14,0.79639,0.79504,0.99285,0.0016975
-289.11,0.79636,0.795,0.9928,0.0016984
-289.27,0.79633,0.79498,0.99276,0.0016929
-289.59,0.79632,0.79498,0.99274,0.0016813
-290.1,0.79631,0.79499,0.99275,0.0016637
-290.8,0.79631,0.79501,0.99277,0.0016393
-291.67,0.79632,0.79504,0.99281,0.0016096
-292.71,0.79634,0.79509,0.99286,0.0015747
-293.88,0.79637,0.79515,0.99293,0.0015367
-295.09,0.79641,0.79521,0.99302,0.001498
-296.21,0.79645,0.79528,0.9931,0.0014632
-297.3,0.79649,0.79535,0.99319,0.0014302
-298.36,0.79653,0.79541,0.99329,0.0013985
-299.43,0.79657,0.79548,0.99338,0.0013675
-300.47,0.79662,0.79555,0.99347,0.0013379
-301.52,0.79666,0.79562,0.99356,0.0013089
-302.5,0.7967,0.79568,0.99365,0.0012823
-303.31,0.79674,0.79574,0.99374,0.0012606
-303.84,0.79678,0.79579,0.99381,0.0012466
-303.93,0.79682,0.79583,0.99387,0.0012442
-303.53,0.79684,0.79584,0.9939,0.0012548
-302.65,0.79685,0.79583,0.99391,0.0012783
-301.18,0.79685,0.7958,0.99387,0.0013182
-299.42,0.79683,0.79574,0.99381,0.001368
-297.56,0.79679,0.79566,0.99371,0.0014226
-295.75,0.79675,0.79557,0.9936,0.0014777
-294.22,0.7967,0.79548,0.99348,0.0015259
-292.86,0.79664,0.79539,0.99337,0.0015701
-291.69,0.79659,0.79531,0.99325,0.0016092
-290.72,0.79654,0.79523,0.99314,0.001642
-289.92,0.79648,0.79515,0.99303,0.0016698
-289.4,0.79643,0.79509,0.99293,0.0016883
-289.14,0.79639,0.79504,0.99285,0.0016975
-289.11,0.79636,0.795,0.9928,0.0016984
-289.27,0.79633,0.79498,0.99276,0.0016929
-289.59,0.79632,0.79498,0.99274,0.0016813
-290.1,0.79631,0.79499,0.99275,0.0016637
-290.8,0.79631,0.79501,0.99277,0.0016393
-291.67,0.79632,0.79504,0.99281,0.0016096
-292.71,0.79634,0.79509,0.99286,0.0015747
-293.88,0.79637,0.79515,0.99293,0.0015367
-295.09,0.79641,0.79521,0.99302,0.001498
-296.21,0.79645,0.79528,0.9931,0.0014632
-297.3,0.79649,0.79535,0.99319,0.0014302
-298.36,0.79653,0.79541,0.99329,0.0013985
-299.43,0.79657,0.79548,0.99338,0.0013675
-300.47,0.79662,0.79555,0.99347,0.0013379
-301.52,0.79666,0.79562,0.99356,0.0013089
-302.5,0.7967,0.79568,0.99365,0.0012823
-303.31,0.79674,0.79574,0.99374,0.0012606
-303.84,0.79678,0.79579,0.99381,0.0012466
-303.93,0.79682,0.79583,0.99387,0.0012442
-303.53,0.79684,0.79584,0.9939,0.0012548
-302.65,0.79685,0.79583,0.99391,0.0012783
-301.18,0.79685,0.7958,0.99387,0.0013182
-299.42,0.79683,0.79574,0.99381,0.001368
-297.56,0.79679,0.79566,0.99371,0.0014226
-295.75,0.79675,0.79557,0.9936,0.0014777
-294.22,0.7967,0.79548,0.99348,0.0015259
-292.86,0.79664,0.79539,0.99337,0.0015701
-291.69,0.79659,0.79531,0.99325,0.0016092
-290.72,0.79654,0.79523,0.99314,0.001642
-289.92,0.79648,0.79515,0.99303,0.0016698
-289.4,0.79643,0.79509,0.99293,0.0016883
-289.14,0.79639,0.79504,0.99285,0.0016975
-289.11,0.79636,0.795,0.9928,0.0016984
-289.27,0.79633,0.79498,0.99276,0.0016929
-289.59,0.79632,0.79498,0.99274,0.0016813
-290.1,0.79631,0.79499,0.99275,0.0016637
-290.8,0.79631,0.79501,0.99277,0.0016393
-291.67,0.79632,0.79504,0.99281,0.0016096
-292.71,0.79634,0.79509,0.99286,0.0015747
-293.88,0.79637,0.79515,0.99293,0.0015367
-295.09,0.79641,0.79521,0.99302,0.001498
-296.21,0.79645,0.79528,0.9931,0.0014632
-297.3,0.79649,0.79535,0.99319,0.0014302
-298.36,0.79653,0.79541,0.99329,0.0013985
-299.43,0.79657,0.79548,0.99338,0.0013675
-300.47,0.79662,0.79555,0.99347,0.0013379
-301.52,0.79666,0.79562,0.99356,0.0013089
-302.5,0.7967,0.79568,0.99365,0.0012823
-303.31,0.79674,0.79574,0.99374,0.0012606
-303.84,0.79678,0.79579,0.99381,0.0012466
-303.93,0.79682,0.79583,0.99387,0.0012442
-303.53,0.79684,0.79584,0.9939,0.0012548
-302.65,0.79685,0.79583,0.99391,0.0012783
-301.18,0.79685,0.7958,0.99387,0.0013182
-299.42,0.79683,0.79574,0.99381,0.001368
-297.56,0.79679,0.79566,0.99371,0.0014226
-295.75,0.79675,0.79557,0.9936,0.0014777
-294.22,0.7967,0.79548,0.99348,0.0015259
-292.86,0.79664,0.79539,0.99337,0.0015701
-291.69,0.79659,0.79531,0.99325,0.0016092
-290.72,0.79654,0.79523,0.99314,0.001642
-289.92,0.79648,0.79515,0.99303,0.0016698
-289.4,0.79643,0.79509,0.99293,0.0016883
-289.14,0.79639,0.79504,0.99285,0.0016975
-289.11,0.79636,0.795,0.9928,0.0016984
-289.27,0.79633,0.79498,0.99276,0.0016929
-289.59,0.79632,0.79498,0.99274,0.0016813
-290.1,0.79631,0.79499,0.99275,0.0016637
-290.8,0.79631,0.79501,0.99277,0.0016393
-291.67,0.79632,0.79504,0.99281,0.0016096
-292.71,0.79634,0.79509,0.99286,0.0015747
-293.88,0.79637,0.79515,0.99293,0.0015367
-295.09,0.79641,0.79521,0.99302,0.001498
-296.21,0.79645,0.79528,0.9931,0.0014632
-297.3,0.79649,0.79535,0.99319,0.0014302
-298.36,0.79653,0.79541,0.99329,0.0013985
-299.43,0.79657,0.79548,0.99338,0.0013675
-300.47,0.79662,0.79555,0.99347,0.0013379
-301.52,0.79666,0.79562,0.99356,0.0013089
-302.5,0.7967,0.79568,0.99365,0.0012823
-303.31,0.79674,0.79574,0.99374,0.0012606
-303.84,0.79678,0.79579,0.99381,0.0012466
-303.93,0.79682,0.79583,0.99387,0.0012442
-303.53,0.79684,0.79584,0.9939,0.0012548
-302.65,0.79685,0.79583,0.99391,0.0012783
-301.18,0.79685,0.7958,0.99387,0.0013182
-299.42,0.79683,0.79574,0.99381,0.001368
-297.56,0.79679,0.79566,0.99371,0.0014226
-295.75,0.79675,0.79557,0.9936,0.0014777
-294.22,0.7967,0.79548,0.99348,0.0015259
-292.86,0.79664,0.79539,0.99337,0.0015701
-291.69,0.79659,0.79531,0.99325,0.0016092
-290.72,0.79654,0.79523,0.99314,0.001642
-289.92,0.79648,0.79515,0.99303,0.0016698
-289.4,0.79643,0.79509,0.99293,0.0016883
-289.14,0.79639,0.79504,0.99285,0.0016975
-289.11,0.79636,0.795,0.9928,0.0016984
-289.27,0.79633,0.79498,0.99276,0.0016929
-289.59,0.79632,0.79498,0.99274,0.0016813
-290.1,0.79631,0.79499,0.99275,0.0016637
-290.8,0.79631,0.79501,0.99277,0.0016393
-291.67,0.79632,0.79504,0.99281,0.0016096
-292.71,0.79634,0.79509,0.99286,0.0015747
-293.88,0.79637,0.79515,0.99293,0.0015367
-295.09,0.79641,0.79521,0.99302,0.001498
-296.21,0.79645,0.79528,0.9931,0.0014632
-297.3,0.79649,0.79535,0.99319,0.0014302
-298.36,0.79653,0.79541,0.99329,0.0013985
-299.43,0.79657,0.79548,0.99338,0.0013675
-300.47,0.79662,0.79555,0.99347,0.0013379
-301.52,0.79666,0.79562,0.99356,0.0013089
-302.5,0.7967,0.79568,0.99365,0.0012823
-303.31,0.79674,0.79574,0.99374,0.0012606
-303.84,0.79678,0.79579,0.99381,0.0012466
-303.93,0.79682,0.79583,0.99387,0.0012442
-303.53,0.79684,0.79584,0.9939,0.0012548
-302.65,0.79685,0.79583,0.99391,0.0012783
-301.18,0.79685,0.7958,0.99387,0.0013182
-299.42,0.79683,0.79574,0.99381,0.001368
-297.56,0.79679,0.79566,0.99371,0.0014226
-295.75,0.79675,0.79557,0.9936,0.0014777
-294.22,0.7967,0.79548,0.99348,0.0015259
-292.86,0.79664,0.79539,0.99337,0.0015701
-291.69,0.79659,0.79531,0.99325,0.0016092
-290.72,0.79654,0.79523,0.99314,0.001642
-289.92,0.79648,0.79515,0.99303,0.0016698
-289.4,0.79643,0.79509,0.99293,0.0016883
-289.14,0.79639,0.79504,0.99285,0.0016975
-289.11,0.79636,0.795,0.9928,0.0016984
-289.27,0.79633,0.79498,0.99276,0.0016929
-289.59,0.79632,0.79498,0.99274,0.0016813
-290.1,0.79631,0.79499,0.99275,0.0016637
-290.8,0.79631,0.79501,0.99277,0.0016393
-291.67,0.79632,0.79504,0.99281,0.0016096
-292.71,0.79634,0.79509,0.99286,0.0015747
-293.88,0.79637,0.79515,0.99293,0.0015367
-295.09,0.79641,0.79521,0.99302,0.001498
-296.21,0.79645,0.79528,0.9931,0.0014632
-297.3,0.79649,0.79535,0.99319,0.0014302
-298.36,0.79653,0.79541,0.99329,0.0013985
-299.43,0.79657,0.79548,0.99338,0.0013675
-300.47,0.79662,0.79555,0.99347,0.0013379
-301.52,0.79666,0.79562,0.99356,0.0013089
-302.5,0.7967,0.79568,0.99365,0.0012823
-303.31,0.79674,0.79574,0.99374,0.0012606
-303.84,0.79678,0.79579,0.99381,0.0012466
-303.93,0.79682,0.79583,0.99387,0.0012442
-303.53,0.79684,0.79584,0.9939,0.0012548
-302.65,0.79685,0.79583,0.99391,0.0012783
-301.18,0.79685,0.7958,0.99387,0.0013182
-299.42,0.79683,0.79574,0.99381,0.001368
-297.56,0.79679,0.79566,0.99371,0.0014226
-295.75,0.79675,0.79557,0.9936,0.0014777
-294.22,0.7967,0.79548,0.99348,0.0015259
-292.86,0.79664,0.79539,0.99337,0.0015701
-291.69,0.79659,0.79531,0.99325,0.0016092
-290.72,0.79654,0.79523,0.99314,0.001642
-289.92,0.79648,0.79515,0.99303,0.0016698
-289.4,0.79643,0.79509,0.99293,0.0016883
-289.14,0.79639,0.79504,0.99285,0.0016975
-289.11,0.79636,0.795,0.9928,0.0016984
-289.27,0.79633,0.79498,0.99276,0.0016929
-289.59,0.79632,0.79498,0.99274,0.0016813
-290.1,0.79631,0.79499,0.99275,0.0016637
-290.8,0.79631,0.79501,0.99277,0.0016393
-291.67,0.79632,0.79504,0.99281,0.0016096
-292.71,0.79634,0.79509,0.99286,0.0015747
-293.88,0.79637,0.79515,0.99293,0.0015367
-295.09,0.79641,0.79521,0.99302,0.001498
-296.21,0.79645,0.79528,0.9931,0.0014632
-297.3,0.79649,0.79535,0.99319,0.0014302
-298.36,0.79653,0.79541,0.99329,0.0013985
-299.43,0.79657,0.79548,0.99338,0.0013675
-300.47,0.79662,0.79555,0.99347,0.0013379
-301.52,0.79666,0.79562,0.99356,0.0013089
-302.5,0.7967,0.79568,0.99365,0.0012823
-303.31,0.79674,0.79574,0.99374,0.0012606
-303.84,0.79678,0.79579,0.99381,0.0012466
-303.93,0.79682,0.79583,0.99387,0.0012442
-303.53,0.79684,0.79584,0.9939,0.0012548
-302.65,0.79685,0.79583,0.99391,0.0012783
-301.18,0.79685,0.7958,0.99387,0.0013182
-299.42,0.79683,0.79574,0.99381,0.001368
-297.56,0.79679,0.79566,0.99371,0.0014226
-295.75,0.79675,0.79557,0.9936,0.0014777
-294.22,0.7967,0.79548,0.99348,0.0015259
-292.86,0.79664,0.79539,0.99337,0.0015701
-291.69,0.79659,0.79531,0.99325,0.0016092
-290.72,0.79654,0.79523,0.99314,0.001642
-289.92,0.79648,0.79515,0.99303,0.0016698
-289.4,0.79643,0.79509,0.99293,0.0016883
-289.14,0.79639,0.79504,0.99285,0.0016975
-289.11,0.79636,0.795,0.9928,0.0016984
-289.27,0.79633,0.79498,0.99276,0.0016929
-289.59,0.79632,0.79498,0.99274,0.0016813
-290.1,0.79631,0.79499,0.99275,0.0016637
-290.8,0.79631,0.79501,0.99277,0.0016393
-291.67,0.79632,0.79504,0.99281,0.0016096
-292.71,0.79634,0.79509,0.99286,0.0015747
-293.88,0.79637,0.79515,0.99293,0.0015367
-295.09,0.79641,0.79521,0.99302,0.001498
-295.14,0.79641,0.79522,0.99302,0.0014963
-295.2,0.79641,0.79522,0.99303,0.0014946
-295.25,0.79641,0.79522,0.99303,0.001493
-295.3,0.79641,0.79523,0.99303,0.0014913
