-200,0.75,0.74196,0.90997,0.010723
-202.19,0.75264,0.74491,0.91463,0.01026
-204.35,0.75517,0.74775,0.9191,0.0098211
-206.49,0.7576,0.75047,0.9234,0.0094058
-208.6,0.75993,0.75308,0.92751,0.0090111
-211.72,0.76318,0.75673,0.93326,0.0084582
-214.84,0.76622,0.76014,0.93863,0.0079367
-217.96,0.76904,0.76331,0.94362,0.0074466
-221.02,0.77164,0.76624,0.94824,0.0069953
-223.61,0.7738,0.76867,0.95206,0.0066334
-225.95,0.7758,0.77089,0.95557,0.0063228
-227.95,0.77762,0.7729,0.95877,0.00607
-229.52,0.77928,0.7747,0.96166,0.0058776
-230.6,0.78069,0.7762,0.96407,0.005751
-231.3,0.78195,0.77752,0.96622,0.0056703
-231.69,0.78307,0.77867,0.96811,0.0056274
-231.84,0.78407,0.77967,0.96978,0.0056122
-231.84,0.785,0.7806,0.97133,0.0056141
-231.78,0.78582,0.7814,0.97268,0.005623
-231.74,0.78653,0.7821,0.97385,0.0056293
-231.78,0.78714,0.78271,0.97487,0.0056267
-231.98,0.78783,0.78342,0.97604,0.0056043
-232.39,0.78842,0.78404,0.97705,0.0055582
-233.02,0.78892,0.78459,0.97792,0.0054869
-233.89,0.78935,0.7851,0.9787,0.0053888
-235.03,0.78974,0.78558,0.97943,0.0052624
-236.44,0.79009,0.78605,0.98011,0.0051106
-238.08,0.79042,0.78651,0.98077,0.0049389
-239.91,0.79073,0.78697,0.98142,0.0047539
-241.71,0.79101,0.78738,0.98199,0.0045795
-243.63,0.79128,0.7878,0.98256,0.0043989
-245.72,0.79154,0.78821,0.98313,0.0042113
-247.99,0.79181,0.78863,0.9837,0.0040164
-250.28,0.79206,0.78903,0.98424,0.003829
-252.69,0.79231,0.78943,0.98479,0.0036406
-255.18,0.79257,0.78983,0.98533,0.0034559
-257.69,0.79282,0.79022,0.98587,0.0032794
-260.07,0.79307,0.79059,0.98639,0.0031198
-262.41,0.79331,0.79095,0.98688,0.0029708
-264.71,0.79354,0.7913,0.98737,0.002831
-267.01,0.79377,0.79163,0.98784,0.0026984
-269.26,0.79399,0.79195,0.98828,0.0025739
-271.51,0.7942,0.79225,0.98871,0.0024555
-273.7,0.7944,0.79254,0.98912,0.0023454
-275.74,0.7946,0.79281,0.9895,0.0022475
-277.65,0.79479,0.79308,0.98989,0.0021592
-279.1,0.79497,0.79331,0.99024,0.0020945
-280.02,0.79513,0.7935,0.99053,0.0020547
-280.41,0.79527,0.79365,0.99076,0.0020382
-280.34,0.79537,0.79375,0.99094,0.002041
-279.98,0.79546,0.79382,0.99106,0.0020568
-279.46,0.79551,0.79386,0.99114,0.0020795
-278.91,0.79555,0.79388,0.99119,0.0021036
-278.45,0.79558,0.79389,0.99122,0.0021241
-278.1,0.79559,0.79389,0.99123,0.0021398
-277.88,0.7956,0.79389,0.99124,0.0021497
-277.8,0.7956,0.79389,0.99125,0.0021529
-277.92,0.79561,0.7939,0.99126,0.0021477
-278.27,0.79562,0.79392,0.99128,0.0021319
-278.87,0.79563,0.79395,0.99132,0.0021053
-279.71,0.79565,0.794,0.99137,0.0020686
-280.82,0.79568,0.79407,0.99145,0.0020211
-282.11,0.79572,0.79415,0.99155,0.001967
-283.56,0.79576,0.79425,0.99168,0.001908
-285.18,0.79582,0.79436,0.99182,0.0018441
-287.01,0.79589,0.79448,0.99198,0.0017748
-289.05,0.79597,0.79462,0.99216,0.0017003
-291.28,0.79606,0.79476,0.99235,0.0016225
-293.63,0.79615,0.79492,0.99256,0.0015447
-295.67,0.79624,0.79506,0.99275,0.0014799
-297.67,0.79633,0.7952,0.99294,0.0014188
-299.63,0.79642,0.79533,0.99312,0.0013617
-301.56,0.7965,0.79546,0.99331,0.0013077
-303.49,0.79659,0.79559,0.99349,0.0012558
-305.42,0.79668,0.79572,0.99366,0.0012057
-307.33,0.79676,0.79584,0.99384,0.0011584
-309.11,0.79684,0.79596,0.994,0.001116
-310.91,0.79694,0.79608,0.99418,0.0010744
-312.07,0.79702,0.79618,0.99434,0.0010486
-312.46,0.79709,0.79626,0.99445,0.0010402
-312.12,0.79713,0.7963,0.99452,0.0010476
-311.11,0.79716,0.79631,0.99455,0.0010702
-309.82,0.79716,0.79629,0.99454,0.0010996
-308.59,0.79715,0.79625,0.9945,0.0011283
-307.62,0.79713,0.79621,0.99445,0.0011516
-306.99,0.7971,0.79617,0.9944,0.001167
-306.71,0.79708,0.79615,0.99436,0.0011738
-306.81,0.79707,0.79613,0.99433,0.0011713
-307.29,0.79706,0.79613,0.99433,0.0011595
-308.06,0.79706,0.79615,0.99434,0.0011409
-309.07,0.79707,0.79618,0.99438,0.001117
-310.28,0.79709,0.79623,0.99443,0.0010889
-311.71,0.79712,0.79628,0.99451,0.0010568
-313.04,0.79715,0.79634,0.99457,0.0010276
-314.54,0.79719,0.7964,0.99465,0.00099575
-316.18,0.79723,0.79646,0.99474,0.00096198
-317.91,0.79728,0.79654,0.99484,0.00092763
-319.66,0.79732,0.79661,0.99494,0.00089416
-321.37,0.79737,0.79669,0.99505,0.00086246
-323.04,0.79742,0.79676,0.99515,0.00083273
-324.68,0.79748,0.79683,0.99526,0.00080455
-326.45,0.79753,0.79691,0.99537,0.0007752
-328.23,0.79758,0.79699,0.99547,0.00074679
-329.95,0.79763,0.79706,0.99558,0.00072029
-331.47,0.79768,0.79713,0.99568,0.00069762
-332.61,0.79773,0.79719,0.99576,0.00068108
-333.2,0.79777,0.79723,0.99583,0.00067274
-333.16,0.7978,0.79726,0.99588,0.00067326
-332.55,0.79781,0.79727,0.9959,0.000682
-331.33,0.79782,0.79726,0.9959,0.00069972
-329.85,0.79781,0.79723,0.99587,0.00072174
-328.39,0.79779,0.7972,0.99582,0.00074429
-327.11,0.79776,0.79715,0.99576,0.00076463
-326.09,0.79774,0.79711,0.99571,0.00078112
-325.39,0.79771,0.79708,0.99566,0.00079274
-325.03,0.79769,0.79705,0.99561,0.00079877
-325.02,0.79767,0.79703,0.99559,0.00079889
-325.35,0.79766,0.79703,0.99557,0.00079342
-325.94,0.79766,0.79703,0.99558,0.00078354
-326.76,0.79767,0.79705,0.9956,0.00077022
-327.78,0.79768,0.79708,0.99563,0.00075389
-328.91,0.79769,0.79711,0.99567,0.00073612
-330.26,0.79772,0.79715,0.99572,0.0007156
-331.8,0.79775,0.79719,0.99578,0.00069279
-333.47,0.79778,0.79724,0.99585,0.00066883
-335.19,0.79781,0.7973,0.99593,0.00064518
-336.87,0.79785,0.79736,0.99601,0.00062278
-338.49,0.79789,0.79741,0.99609,0.00060187
-340.08,0.79793,0.79747,0.99617,0.00058205
-341.59,0.79797,0.79752,0.99624,0.0005639
-343.09,0.798,0.79757,0.99631,0.00054638
-344.51,0.79804,0.79761,0.99638,0.00053035
-345.69,0.79807,0.79766,0.99644,0.0005173
-346.43,0.7981,0.79769,0.99649,0.00050927
-346.7,0.79812,0.79772,0.99653,0.00050646
-346.44,0.79814,0.79773,0.99655,0.00050922
-345.7,0.79814,0.79773,0.99656,0.00051719
-344.22,0.79814,0.79771,0.99654,0.00053353
-342.48,0.79812,0.79768,0.9965,0.00055351
-340.75,0.7981,0.79764,0.99645,0.00057395
-339.24,0.79807,0.7976,0.99639,0.00059251
-338.03,0.79804,0.79756,0.99633,0.00060778
-337.17,0.79801,0.79752,0.99628,0.00061879
-336.7,0.79799,0.79749,0.99624,0.00062494
-336.62,0.79797,0.79747,0.9962,0.00062606
-336.88,0.79796,0.79747,0.99619,0.00062262
-337.41,0.79796,0.79747,0.99619,0.0006157
-338.17,0.79797,0.79748,0.99621,0.00060598
-339.15,0.79798,0.7975,0.99623,0.00059362
-340.16,0.79799,0.79752,0.99626,0.00058111
-341.35,0.79801,0.79755,0.9963,0.00056671
-342.7,0.79803,0.79759,0.99635,0.0005509
-344.13,0.79805,0.79762,0.9964,0.00053452
-345.58,0.79808,0.79766,0.99645,0.00051852
-346.99,0.79811,0.7977,0.99651,0.00050338
-348.35,0.79813,0.79774,0.99657,0.00048915
-349.69,0.79816,0.79778,0.99662,0.00047554
-351,0.79819,0.79782,0.99668,0.00046261
-352.31,0.79822,0.79786,0.99673,0.00045008
-353.54,0.79824,0.79789,0.99678,0.00043861
-354.56,0.79827,0.79793,0.99683,0.00042932
-355.2,0.79829,0.79795,0.99687,0.00042359
-355.36,0.79831,0.79797,0.9969,0.00042216
-354.99,0.79832,0.79798,0.99691,0.00042541
-354.14,0.79832,0.79797,0.99691,0.00043309
-352.49,0.79831,0.79796,0.99689,0.00044842
-350.56,0.79829,0.79792,0.99685,0.00046698
-348.67,0.79827,0.79788,0.99679,0.00048596
-347,0.79824,0.79784,0.99673,0.00050326
-345.67,0.79821,0.7978,0.99667,0.00051761
-344.71,0.79818,0.79776,0.99662,0.00052811
-344.16,0.79816,0.79773,0.99657,0.00053422
-344.02,0.79814,0.79771,0.99654,0.00053584
-344.23,0.79813,0.79771,0.99653,0.00053346
-344.72,0.79813,0.79771,0.99653,0.00052797
-345.45,0.79813,0.79772,0.99654,0.00051992
-346.43,0.79814,0.79773,0.99656,0.00050936
-347.37,0.79815,0.79775,0.99659,0.00049933
-348.48,0.79817,0.79778,0.99662,0.00048788
-349.7,0.79818,0.7978,0.99666,0.00047548
-350.99,0.7982,0.79783,0.9967,0.00046278
-352.27,0.79823,0.79787,0.99674,0.00045048
-353.51,0.79825,0.7979,0.99679,0.00043884
-354.72,0.79827,0.79793,0.99684,0.00042786
-355.91,0.7983,0.79796,0.99688,0.00041728
-357.1,0.79832,0.79799,0.99693,0.00040699
-358.28,0.79834,0.79802,0.99697,0.00039701
-359.38,0.79836,0.79805,0.99701,0.00038791
-360.28,0.79838,0.79808,0.99705,0.00038063
-360.83,0.7984,0.7981,0.99708,0.00037623
-360.91,0.79841,0.79811,0.99711,0.00037558
-360.48,0.79842,0.79812,0.99712,0.00037904
-359.56,0.79842,0.79811,0.99711,0.00038642
-357.82,0.79841,0.79809,0.99709,0.00040088
-355.8,0.79839,0.79806,0.99705,0.00041829
-353.81,0.79837,0.79802,0.99699,0.00043616
-352.05,0.79834,0.79798,0.99693,0.00045256
-350.63,0.79831,0.79794,0.99687,0.00046631
-349.59,0.79828,0.7979,0.99682,0.00047659
-348.97,0.79826,0.79787,0.99677,0.00048287
-348.75,0.79824,0.79785,0.99674,0.00048508
-348.89,0.79823,0.79784,0.99673,0.00048361
-349.33,0.79823,0.79784,0.99673,0.00047924
-350,0.79823,0.79785,0.99673,0.00047247
-350.93,0.79824,0.79787,0.99675,0.00046331
-351.84,0.79825,0.79788,0.99677,0.00045459
-352.89,0.79826,0.7979,0.9968,0.0004446
-354.06,0.79827,0.79793,0.99684,0.00043378
-355.29,0.79829,0.79796,0.99687,0.00042274
-356.51,0.79831,0.79798,0.99691,0.00041207
-357.68,0.79833,0.79801,0.99695,0.00040199
-358.82,0.79835,0.79804,0.997,0.00039246
-359.95,0.79837,0.79807,0.99704,0.00038324
-361.07,0.79839,0.7981,0.99708,0.00037436
-362.17,0.79841,0.79812,0.99711,0.00036578
-363.19,0.79843,0.79815,0.99715,0.00035804
-364,0.79845,0.79817,0.99718,0.00035198
-364.46,0.79847,0.79819,0.99721,0.00034856
-364.47,0.79848,0.7982,0.99723,0.00034851
-363.98,0.79848,0.7982,0.99724,0.00035214
-363.02,0.79848,0.7982,0.99724,0.00035928
-361.2,0.79847,0.79818,0.99721,0.00037337
-359.09,0.79845,0.79814,0.99716,0.00039027
-357.03,0.79843,0.7981,0.99711,0.00040758
-355.21,0.7984,0.79806,0.99705,0.00042347
-353.74,0.79837,0.79802,0.99699,0.0004368
-352.66,0.79834,0.79798,0.99694,0.00044677
-352.02,0.79832,0.79795,0.99689,0.0004529
-351.78,0.7983,0.79794,0.99686,0.00045514
-351.88,0.79829,0.79793,0.99685,0.00045415
-352.23,0.79829,0.79793,0.99684,0.00045087
-352.78,0.79829,0.79793,0.99685,0.00044567
-353.54,0.79829,0.79794,0.99686,0.00043857
-354.38,0.7983,0.79796,0.99688,0.00043089
-355.39,0.79831,0.79797,0.9969,0.00042185
-356.53,0.79833,0.798,0.99694,0.00041184
-357.75,0.79834,0.79802,0.99697,0.00040146
-358.96,0.79836,0.79805,0.99701,0.00039135
-360.13,0.79838,0.79808,0.99705,0.00038179
-361.27,0.7984,0.7981,0.99709,0.00037278
-362.39,0.79842,0.79813,0.99713,0.0003641
-363.49,0.79844,0.79816,0.99716,0.0003558
-364.57,0.79846,0.79818,0.9972,0.00034776
-365.57,0.79848,0.7982,0.99723,0.00034052
-366.36,0.79849,0.79823,0.99727,0.00033491
-366.79,0.79851,0.79824,0.99729,0.00033193
-366.75,0.79852,0.79825,0.99731,0.0003322
-366.21,0.79852,0.79825,0.99731,0.00033601
-365.2,0.79852,0.79825,0.99731,0.00034319
-363.31,0.79851,0.79823,0.99728,0.00035713
-361.15,0.79849,0.79819,0.99723,0.00037372
-359.05,0.79846,0.79815,0.99718,0.00039065
-357.2,0.79843,0.79811,0.99712,0.00040614
-355.7,0.7984,0.79807,0.99706,0.00041913
-354.61,0.79838,0.79803,0.99701,0.00042882
-353.96,0.79835,0.79801,0.99696,0.00043476
-353.72,0.79833,0.79799,0.99693,0.00043695
-353.81,0.79833,0.79798,0.99692,0.00043613
-354.12,0.79832,0.79798,0.99692,0.00043329
-354.62,0.79832,0.79798,0.99692,0.00042871
-355.32,0.79833,0.79799,0.99693,0.00042244
-356.25,0.79834,0.798,0.99695,0.00041432
-357.38,0.79835,0.79803,0.99698,0.00040458
-358.66,0.79836,0.79805,0.99701,0.00039378
-360.01,0.79838,0.79808,0.99705,0.00038276
-361.08,0.7984,0.7981,0.99708,0.00037425
-362.12,0.79842,0.79812,0.99712,0.0003662
-363.12,0.79843,0.79815,0.99715,0.00035854
-364.12,0.79845,0.79817,0.99719,0.00035108
-365.14,0.79847,0.79819,0.99722,0.00034366
-366.14,0.79849,0.79822,0.99725,0.00033648
-367.07,0.7985,0.79824,0.99728,0.00032998
-367.81,0.79852,0.79826,0.99731,0.00032486
-368.25,0.79853,0.79827,0.99734,0.00032184
-368.24,0.79854,0.79828,0.99735,0.00032193
-367.72,0.79855,0.79829,0.99736,0.00032547
-366.73,0.79855,0.79828,0.99736,0.00033233
-364.45,0.79853,0.79825,0.99732,0.00034869
-361.85,0.7985,0.79821,0.99726,0.00036829
-359.42,0.79847,0.79816,0.99719,0.00038756
-357.45,0.79843,0.79811,0.99712,0.00040401
-356.23,0.79841,0.79808,0.99707,0.00041448
-355.42,0.79838,0.79805,0.99703,0.00042161
-355.02,0.79837,0.79803,0.99699,0.0004252
-354.98,0.79835,0.79801,0.99697,0.00042553
-355.18,0.79835,0.79801,0.99696,0.00042376
-355.55,0.79834,0.79801,0.99696,0.00042044
-356.09,0.79835,0.79801,0.99697,0.0004157
-356.81,0.79835,0.79803,0.99698,0.00040949
-357.72,0.79836,0.79804,0.997,0.00040172
-358.8,0.79837,0.79806,0.99703,0.00039269
-359.99,0.79839,0.79808,0.99706,0.00038293
-361.23,0.79841,0.79811,0.99709,0.00037309
-362.36,0.79842,0.79813,0.99713,0.00036431
-363.46,0.79844,0.79816,0.99716,0.00035602
-364.53,0.79846,0.79818,0.9972,0.0003481
-365.6,0.79848,0.79821,0.99724,0.00034035
-366.6,0.79849,0.79823,0.99727,0.00033327
-367.56,0.79851,0.79825,0.9973,0.00032659
-368.4,0.79853,0.79827,0.99733,0.00032086
-369.01,0.79854,0.79829,0.99736,0.00031679
-369.25,0.79855,0.7983,0.99738,0.00031515
-369.08,0.79856,0.79831,0.99739,0.0003163
-368.47,0.79856,0.79831,0.99739,0.0003204
-367.46,0.79856,0.7983,0.99738,0.00032728
-365.42,0.79855,0.79827,0.99735,0.00034165
-363.12,0.79852,0.79824,0.9973,0.00035856
-360.92,0.79849,0.79819,0.99724,0.00037556
-359.02,0.79846,0.79815,0.99718,0.00039087
-357.65,0.79844,0.79812,0.99713,0.00040229
-356.65,0.79841,0.79808,0.99708,0.00041088
-356.02,0.79839,0.79806,0.99704,0.0004163
-355.76,0.79837,0.79804,0.99701,0.00041856
-355.82,0.79836,0.79803,0.997,0.00041804
-356.13,0.79836,0.79803,0.99699,0.00041531
-356.66,0.79836,0.79803,0.99699,0.0004107
-357.42,0.79836,0.79804,0.99701,0.00040422
-358.23,0.79837,0.79806,0.99702,0.00039744
-359.19,0.79838,0.79807,0.99705,0.00038948
-360.27,0.7984,0.79809,0.99707,0.00038072
-361.41,0.79841,0.79811,0.9971,0.00037169
-362.54,0.79843,0.79814,0.99714,0.00036294
-363.64,0.79845,0.79816,0.99717,0.00035467
-364.7,0.79846,0.79819,0.99721,0.00034685
-365.75,0.79848,0.79821,0.99724,0.00033928
-366.78,0.7985,0.79823,0.99727,0.00033198
-367.8,0.79851,0.79825,0.99731,0.00032491
-368.74,0.79853,0.79828,0.99734,0.00031857
-369.47,0.79855,0.7983,0.99737,0.00031373
-369.84,0.79856,0.79831,0.99739,0.00031129
-369.75,0.79857,0.79832,0.9974,0.00031186
-369.17,0.79857,0.79832,0.99741,0.00031572
-368.13,0.79857,0.79831,0.9974,0.00032272
-366.17,0.79856,0.79829,0.99737,0.00033628
-363.95,0.79854,0.79826,0.99733,0.00035237
-361.78,0.79851,0.79821,0.99727,0.00036878
-359.88,0.79848,0.79817,0.99721,0.00038383
-358.34,0.79845,0.79813,0.99715,0.00039647
-357.22,0.79842,0.7981,0.9971,0.00040595
-356.53,0.7984,0.79807,0.99706,0.00041183
-356.27,0.79838,0.79805,0.99703,0.00041413
-356.33,0.79837,0.79804,0.99701,0.00041359
-356.61,0.79837,0.79804,0.99701,0.0004112
-357.07,0.79837,0.79804,0.99701,0.00040723
-357.72,0.79837,0.79805,0.99702,0.0004017
-358.58,0.79838,0.79807,0.99704,0.00039447
-359.65,0.79839,0.79808,0.99706,0.00038573
-360.86,0.79841,0.79811,0.99709,0.00037599
-362.15,0.79842,0.79813,0.99713,0.00036597
-363.19,0.79844,0.79815,0.99716,0.00035799
-364.21,0.79846,0.79818,0.99719,0.00035044
-365.19,0.79847,0.7982,0.99722,0.00034327
-366.17,0.79849,0.79822,0.99726,0.0003363
-367.16,0.7985,0.79824,0.99729,0.00032937
-368.14,0.79852,0.79826,0.99732,0.00032263
-369.05,0.79854,0.79828,0.99735,0.00031651
-369.78,0.79855,0.7983,0.99738,0.00031169
-370.21,0.79856,0.79832,0.9974,0.00030887
-370.18,0.79857,0.79833,0.99742,0.0003091
-369.62,0.79858,0.79833,0.99742,0.00031271
-368.59,0.79858,0.79832,0.99741,0.00031959
-366.3,0.79856,0.79829,0.99738,0.00033536
-363.7,0.79854,0.79825,0.99732,0.00035418
-361.27,0.7985,0.7982,0.99725,0.00037277
-359.27,0.79847,0.79816,0.99718,0.00038882
-358.01,0.79844,0.79812,0.99713,0.00039924
-357.15,0.79842,0.79809,0.99709,0.00040653
-356.69,0.7984,0.79807,0.99705,0.00041049
-356.59,0.79838,0.79805,0.99703,0.00041132
-356.75,0.79838,0.79805,0.99702,0.00040997
-357.09,0.79837,0.79805,0.99702,0.00040705
-357.6,0.79838,0.79805,0.99702,0.0004027
-358.29,0.79838,0.79806,0.99704,0.00039688
-359.18,0.79839,0.79808,0.99706,0.0003895
-360.25,0.7984,0.7981,0.99708,0.00038084
-361.44,0.79841,0.79812,0.99711,0.00037143
-362.67,0.79843,0.79814,0.99715,0.00036193
-363.79,0.79845,0.79817,0.99718,0.00035354
-364.87,0.79847,0.79819,0.99721,0.00034562
-365.92,0.79848,0.79821,0.99725,0.00033805
-366.97,0.7985,0.79824,0.99728,0.00033065
-367.95,0.79852,0.79826,0.99731,0.00032391
-368.89,0.79853,0.79828,0.99734,0.00031756
-369.71,0.79855,0.7983,0.99737,0.00031215
-370.29,0.79856,0.79831,0.9974,0.00030837
-370.5,0.79857,0.79833,0.99742,0.00030696
-370.3,0.79858,0.79833,0.99743,0.00030827
-369.67,0.79858,0.79833,0.99743,0.00031243
-368.64,0.79858,0.79832,0.99742,0.00031927
-366.61,0.79857,0.7983,0.99739,0.00033315
-364.35,0.79854,0.79826,0.99734,0.00034943
-362.16,0.79852,0.79822,0.99728,0.00036586
-360.26,0.79848,0.79818,0.99722,0.00038078
-358.78,0.79846,0.79814,0.99717,0.00039281
-357.71,0.79843,0.79811,0.99712,0.00040179
-357.06,0.79841,0.79808,0.99708,0.00040734
-356.8,0.79839,0.79806,0.99705,0.0004095
-356.89,0.79838,0.79806,0.99703,0.00040873
-357.25,0.79838,0.79805,0.99703,0.00040564
-357.86,0.79838,0.79806,0.99703,0.00040052
-358.71,0.79839,0.79807,0.99705,0.00039336
-359.56,0.79839,0.79809,0.99707,0.0003864
-360.55,0.7984,0.7981,0.99709,0.00037845
-361.64,0.79842,0.79812,0.99712,0.00036992
-362.75,0.79843,0.79815,0.99715,0.00036133
-363.85,0.79845,0.79817,0.99718,0.00035312
-364.9,0.79847,0.79819,0.99722,0.00034538
-365.93,0.79848,0.79821,0.99725,0.00033799
-366.95,0.7985,0.79824,0.99728,0.00033078
-367.94,0.79852,0.79826,0.99731,0.00032399
-368.9,0.79853,0.79828,0.99734,0.00031752
-369.75,0.79855,0.7983,0.99737,0.00031187
-370.38,0.79856,0.79832,0.9974,0.00030776
-370.66,0.79857,0.79833,0.99742,0.00030596
-370.51,0.79858,0.79834,0.99743,0.00030693
-369.9,0.79858,0.79834,0.99743,0.00031089
-368.88,0.79858,0.79833,0.99743,0.00031767
-366.51,0.79857,0.7983,0.99739,0.00033387
-363.87,0.79854,0.79826,0.99733,0.00035295
-361.43,0.7985,0.79821,0.99726,0.00037157
-359.44,0.79847,0.79816,0.99719,0.00038741
-358.08,0.79844,0.79812,0.99713,0.00039863
-357.25,0.79842,0.79809,0.99709,0.00040566
-356.93,0.79839,0.79807,0.99705,0.00040838
-357.05,0.79838,0.79806,0.99703,0.00040738
-357.35,0.79838,0.79806,0.99703,0.00040485
-357.81,0.79838,0.79806,0.99703,0.00040094
-358.44,0.79838,0.79807,0.99704,0.00039565
-359.25,0.79839,0.79808,0.99706,0.00038894
-360.23,0.7984,0.7981,0.99708,0.00038103
-361.33,0.79842,0.79812,0.99711,0.0003723
-362.49,0.79843,0.79814,0.99714,0.00036331
-363.65,0.79845,0.79816,0.99718,0.00035455
-364.7,0.79846,0.79819,0.99721,0.00034682
-365.72,0.79848,0.79821,0.99724,0.00033946
-366.74,0.7985,0.79823,0.99727,0.00033229
-367.76,0.79851,0.79825,0.99731,0.00032522
-368.7,0.79853,0.79827,0.99734,0.00031881
-369.58,0.79854,0.79829,0.99737,0.00031301
-370.28,0.79856,0.79831,0.99739,0.00030843
-370.7,0.79857,0.79833,0.99741,0.00030572
-370.74,0.79858,0.79834,0.99743,0.00030547
-370.38,0.79858,0.79834,0.99744,0.00030779
-369.62,0.79859,0.79834,0.99743,0.00031271
-368.53,0.79858,0.79833,0.99742,0.00031998
-366.82,0.79857,0.79831,0.9974,0.00033169
-364.95,0.79855,0.79828,0.99736,0.00034499
-363.11,0.79853,0.79824,0.99731,0.00035861
-361.43,0.7985,0.79821,0.99726,0.00037152
-359.72,0.79848,0.79817,0.9972,0.00038518
-358.4,0.79845,0.79813,0.99715,0.00039596
-357.53,0.79842,0.7981,0.9971,0.00040332
-357.09,0.7984,0.79808,0.99706,0.00040705
-357.04,0.79839,0.79806,0.99704,0.00040745
-357.3,0.79838,0.79806,0.99704,0.00040529
-357.8,0.79838,0.79806,0.99704,0.00040101
-358.56,0.79839,0.79807,0.99705,0.00039468
-359.33,0.79839,0.79808,0.99706,0.00038827
-360.27,0.7984,0.7981,0.99709,0.00038069
-361.33,0.79842,0.79812,0.99711,0.00037227
-362.46,0.79843,0.79814,0.99714,0.00036355
-363.58,0.79845,0.79816,0.99717,0.00035506
-364.67,0.79846,0.79819,0.99721,0.00034704
-365.72,0.79848,0.79821,0.99724,0.00033946
-366.76,0.7985,0.79823,0.99728,0.00033215
-367.78,0.79851,0.79826,0.99731,0.00032505
-368.8,0.79853,0.79828,0.99734,0.00031817
-369.73,0.79855,0.7983,0.99737,0.000312
-370.45,0.79856,0.79832,0.9974,0.00030729
-370.81,0.79857,0.79833,0.99742,0.00030497
-370.71,0.79858,0.79834,0.99743,0.00030562
-370.11,0.79859,0.79834,0.99744,0.00030953
-369.04,0.79858,0.79833,0.99743,0.00031656
-367.06,0.79857,0.79831,0.9974,0.00033007
-364.81,0.79855,0.79827,0.99735,0.00034605
-362.62,0.79852,0.79823,0.9973,0.00036233
-360.71,0.79849,0.79819,0.99724,0.00037723
-359.16,0.79846,0.79815,0.99718,0.00038973
-358.03,0.79844,0.79812,0.99713,0.00039909
-357.35,0.79841,0.79809,0.99709,0.00040487
-357.08,0.7984,0.79807,0.99706,0.00040711
-357.14,0.79839,0.79806,0.99704,0.0004066
-357.41,0.79838,0.79806,0.99704,0.00040432
-357.86,0.79838,0.79806,0.99704,0.00040054
-358.49,0.79839,0.79807,0.99705,0.00039525
-359.33,0.79839,0.79808,0.99706,0.00038834
-360.36,0.7984,0.7981,0.99709,0.00037998
-361.55,0.79842,0.79812,0.99712,0.00037063
-362.8,0.79844,0.79815,0.99715,0.00036098
-363.84,0.79845,0.79817,0.99718,0.00035314
-364.85,0.79847,0.79819,0.99721,0.00034572
-365.83,0.79848,0.79821,0.99725,0.00033867
-366.8,0.7985,0.79823,0.99728,0.00033184
-367.78,0.79851,0.79826,0.99731,0.00032504
-368.76,0.79853,0.79828,0.99734,0.00031841
-369.67,0.79855,0.7983,0.99737,0.00031239
-370.4,0.79856,0.79831,0.9974,0.00030763
-370.83,0.79857,0.79833,0.99742,0.00030485
-370.79,0.79858,0.79834,0.99743,0.00030509
-370.23,0.79859,0.79834,0.99744,0.00030874
-369.18,0.79859,0.79833,0.99743,0.00031566
-366.89,0.79857,0.79831,0.9974,0.0003312
-364.31,0.79855,0.79827,0.99734,0.00034972
-361.88,0.79851,0.79822,0.99727,0.00036804
-359.87,0.79848,0.79817,0.99721,0.00038394
-358.6,0.79845,0.79814,0.99715,0.00039435
-357.72,0.79843,0.79811,0.99711,0.00040172
-357.23,0.79841,0.79808,0.99708,0.00040583
-357.11,0.79839,0.79807,0.99705,0.00040686
-357.25,0.79839,0.79806,0.99704,0.00040568
-357.58,0.79838,0.79806,0.99704,0.00040289
-358.08,0.79838,0.79807,0.99704,0.00039866
-358.77,0.79839,0.79808,0.99705,0.00039295
-359.65,0.7984,0.79809,0.99707,0.00038566
-360.72,0.79841,0.79811,0.9971,0.00037708
-361.92,0.79842,0.79813,0.99713,0.00036774
-363.15,0.79844,0.79815,0.99716,0.0003583
-364.26,0.79846,0.79818,0.9972,0.00035004
-365.33,0.79847,0.7982,0.99723,0.00034226
-366.38,0.79849,0.79822,0.99726,0.00033481
-367.42,0.79851,0.79825,0.9973,0.00032751
-368.4,0.79852,0.79827,0.99733,0.00032088
-369.33,0.79854,0.79829,0.99736,0.00031465
-370.13,0.79855,0.79831,0.99739,0.00030936
-370.7,0.79857,0.79832,0.99741,0.0003057
-370.9,0.79858,0.79834,0.99743,0.00030439
-370.69,0.79859,0.79834,0.99744,0.00030576
-370.04,0.79859,0.79834,0.99744,0.00030996
-369.01,0.79859,0.79833,0.99743,0.00031679
-367,0.79857,0.79831,0.9974,0.00033043
-364.76,0.79855,0.79827,0.99735,0.0003464
-362.59,0.79852,0.79823,0.9973,0.00036256
-360.7,0.79849,0.79819,0.99724,0.00037729
-359.08,0.79846,0.79815,0.99718,0.00039039
-357.94,0.79843,0.79812,0.99713,0.00039985
-357.3,0.79841,0.79809,0.99708,0.00040522
-357.13,0.79839,0.79807,0.99705,0.00040666
-357.26,0.79839,0.79806,0.99704,0.00040555
-357.58,0.79838,0.79806,0.99704,0.0004029
-358.06,0.79838,0.79807,0.99704,0.00039885
-358.71,0.79839,0.79807,0.99705,0.00039339
-359.56,0.7984,0.79809,0.99707,0.00038641
-360.59,0.79841,0.79811,0.99709,0.00037813
-361.75,0.79842,0.79813,0.99712,0.00036903
-362.96,0.79844,0.79815,0.99716,0.00035974
-364.1,0.79845,0.79817,0.99719,0.00035127
-365.19,0.79847,0.7982,0.99722,0.00034329
-366.25,0.79849,0.79822,0.99726,0.00033569
-367.31,0.79851,0.79825,0.99729,0.00032827
-368.3,0.79852,0.79827,0.99732,0.00032156
-369.25,0.79854,0.79829,0.99735,0.00031519
-370.08,0.79855,0.79831,0.99738,0.0003097
-370.68,0.79857,0.79832,0.99741,0.00030581
-370.92,0.79858,0.79834,0.99743,0.00030428
-370.74,0.79859,0.79834,0.99744,0.00030547
-370.1,0.79859,0.79834,0.99744,0.00030956
-369.07,0.79859,0.79833,0.99743,0.00031638
-366.94,0.79857,0.79831,0.9974,0.0003309
-364.55,0.79855,0.79827,0.99735,0.00034795
-362.27,0.79852,0.79823,0.99729,0.00036502
-360.33,0.79848,0.79818,0.99722,0.00038024
-358.99,0.79846,0.79815,0.99717,0.00039111
-358.01,0.79843,0.79812,0.99713,0.00039924
-357.41,0.79841,0.79809,0.99709,0.00040434
-357.16,0.7984,0.79807,0.99706,0.00040646
-357.22,0.79839,0.79807,0.99705,0.00040596
-357.52,0.79838,0.79806,0.99704,0.00040338
-358.04,0.79839,0.79807,0.99704,0.00039902
-358.78,0.79839,0.79808,0.99705,0.00039286
-359.57,0.7984,0.79809,0.99707,0.00038634
-360.52,0.79841,0.7981,0.99709,0.00037869
-361.59,0.79842,0.79812,0.99712,0.00037029
-362.71,0.79843,0.79815,0.99715,0.00036165
-363.82,0.79845,0.79817,0.99718,0.00035329
-364.9,0.79847,0.79819,0.99722,0.00034539
-365.94,0.79848,0.79821,0.99725,0.00033792
-366.97,0.7985,0.79824,0.99728,0.00033068
-367.98,0.79852,0.79826,0.99731,0.00032372
-368.97,0.79853,0.79828,0.99735,0.000317
-369.88,0.79855,0.7983,0.99738,0.00031102
-370.58,0.79856,0.79832,0.9974,0.0003065
-370.92,0.79858,0.79833,0.99742,0.00030431
-370.81,0.79858,0.79834,0.99744,0.00030502
-370.2,0.79859,0.79834,0.99744,0.00030891
-369.15,0.79859,0.79833,0.99743,0.00031582
-367.18,0.79857,0.79831,0.9974,0.00032922
-364.94,0.79855,0.79828,0.99736,0.0003451
-362.76,0.79852,0.79824,0.9973,0.0003613
-360.84,0.79849,0.79819,0.99724,0.00037617
-359.28,0.79847,0.79816,0.99718,0.00038869
-358.15,0.79844,0.79812,0.99713,0.00039811
-357.45,0.79842,0.79809,0.99709,0.000404
-357.17,0.7984,0.79807,0.99706,0.00040638
-357.22,0.79839,0.79807,0.99705,0.00040595
-357.48,0.79839,0.79806,0.99704,0.00040372
-357.93,0.79838,0.79807,0.99704,0.00039993
-358.56,0.79839,0.79807,0.99705,0.00039461
-359.41,0.7984,0.79809,0.99707,0.00038763
-360.46,0.79841,0.7981,0.99709,0.00037916
-361.66,0.79842,0.79813,0.99712,0.0003697
-362.93,0.79844,0.79815,0.99716,0.00035996
-363.97,0.79845,0.79817,0.99719,0.0003522
-364.97,0.79847,0.79819,0.99722,0.00034485
-365.95,0.79848,0.79821,0.99725,0.00033786
-366.91,0.7985,0.79824,0.99728,0.00033107
-367.89,0.79852,0.79826,0.99731,0.00032432
-368.86,0.79853,0.79828,0.99734,0.00031775
-369.76,0.79855,0.7983,0.99737,0.0003118
-370.48,0.79856,0.79832,0.9974,0.00030711
-370.9,0.79857,0.79833,0.99742,0.00030442
-370.85,0.79858,0.79834,0.99744,0.00030471
-370.29,0.79859,0.79834,0.99744,0.00030835
-369.25,0.79859,0.79834,0.99744,0.00031521
-366.93,0.79857,0.79831,0.9974,0.00033097
-364.3,0.79855,0.79827,0.99734,0.00034976
-361.85,0.79851,0.79822,0.99727,0.00036828
-359.83,0.79848,0.79817,0.9972,0.00038423
-358.57,0.79845,0.79813,0.99715,0.00039455
-357.72,0.79843,0.79811,0.99711,0.00040173
-357.26,0.79841,0.79808,0.99707,0.0004056
-357.17,0.79839,0.79807,0.99705,0.00040637
-357.33,0.79839,0.79806,0.99704,0.00040503
-357.66,0.79838,0.79806,0.99704,0.00040216
-358.17,0.79839,0.79807,0.99705,0.00039789
-358.86,0.79839,0.79808,0.99706,0.00039219
-359.74,0.7984,0.79809,0.99708,0.00038496
-360.8,0.79841,0.79811,0.9971,0.0003765
-361.97,0.79842,0.79813,0.99713,0.00036731
-363.19,0.79844,0.79816,0.99716,0.00035803
-364.29,0.79846,0.79818,0.9972,0.00034981
-365.36,0.79847,0.7982,0.99723,0.00034205
-366.4,0.79849,0.79823,0.99726,0.00033462
-367.45,0.79851,0.79825,0.9973,0.00032735
-368.42,0.79852,0.79827,0.99733,0.00032073
-369.35,0.79854,0.79829,0.99736,0.00031449
-370.16,0.79856,0.79831,0.99739,0.00030918
-370.73,0.79857,0.79832,0.99741,0.00030549
-370.94,0.79858,0.79834,0.99743,0.00030414
-370.74,0.79859,0.79834,0.99744,0.00030547
-370.09,0.79859,0.79834,0.99744,0.00030964
-369.06,0.79859,0.79833,0.99743,0.00031646
-367.03,0.79857,0.79831,0.9974,0.00033026
-364.76,0.79855,0.79827,0.99735,0.00034643
-362.57,0.79852,0.79823,0.9973,0.00036277
-360.66,0.79849,0.79819,0.99723,0.0003776
-359.17,0.79846,0.79815,0.99718,0.00038965
-358.08,0.79844,0.79812,0.99713,0.00039863
-357.43,0.79841,0.79809,0.99709,0.00040418
-357.17,0.7984,0.79807,0.99706,0.00040634
-357.24,0.79839,0.79807,0.99705,0.00040577
-357.53,0.79839,0.79806,0.99704,0.00040332
-358.01,0.79839,0.79807,0.99704,0.00039926
-358.69,0.79839,0.79808,0.99705,0.00039358
-359.48,0.7984,0.79809,0.99707,0.00038711
-360.43,0.79841,0.7981,0.99709,0.00037944
-361.51,0.79842,0.79812,0.99712,0.00037093
-362.65,0.79843,0.79814,0.99715,0.00036212
-363.78,0.79845,0.79817,0.99718,0.00035358
-364.88,0.79847,0.79819,0.99722,0.00034551
-365.94,0.79848,0.79821,0.99725,0.00033789
-366.99,0.7985,0.79824,0.99728,0.00033051
-368,0.79852,0.79826,0.99732,0.00032354
-369.01,0.79853,0.79828,0.99735,0.0003168
-369.91,0.79855,0.7983,0.99738,0.00031081
-370.6,0.79856,0.79832,0.9974,0.00030632
-370.93,0.79858,0.79833,0.99743,0.0003042
-370.81,0.79858,0.79834,0.99744,0.00030498
-370.21,0.79859,0.79834,0.99744,0.0003089
-369.15,0.79859,0.79833,0.99743,0.00031583
-367.19,0.79857,0.79831,0.9974,0.00032914
-364.97,0.79855,0.79828,0.99736,0.00034489
-362.8,0.79853,0.79824,0.9973,0.00036098
-360.89,0.7985,0.7982,0.99724,0.00037577
-359.34,0.79847,0.79816,0.99719,0.00038826
-358.19,0.79844,0.79812,0.99714,0.00039772
-357.48,0.79842,0.79809,0.99709,0.00040371
-357.19,0.7984,0.79807,0.99706,0.00040623
-357.22,0.79839,0.79807,0.99705,0.00040591
-357.48,0.79839,0.79806,0.99704,0.0004037
-357.93,0.79838,0.79807,0.99704,0.00039988
-358.58,0.79839,0.79807,0.99705,0.00039447
-359.45,0.7984,0.79809,0.99707,0.00038734
-360.52,0.79841,0.7981,0.99709,0.00037869
-361.75,0.79842,0.79813,0.99712,0.00036905
-363.04,0.79844,0.79815,0.99716,0.00035916
-364.07,0.79845,0.79817,0.99719,0.00035148
-365.06,0.79847,0.7982,0.99722,0.00034421
-366.03,0.79849,0.79822,0.99725,0.00033728
-366.99,0.7985,0.79824,0.99728,0.00033054
-367.96,0.79852,0.79826,0.99731,0.00032383
-368.93,0.79853,0.79828,0.99734,0.00031733
-369.81,0.79855,0.7983,0.99737,0.00031146
-370.52,0.79856,0.79832,0.9974,0.00030688
-370.92,0.79858,0.79833,0.99742,0.00030432
-370.86,0.79858,0.79834,0.99744,0.00030469
-370.29,0.79859,0.79834,0.99744,0.00030833
-369.26,0.79859,0.79834,0.99744,0.00031511
-366.85,0.79857,0.79831,0.9974,0.00033148
-364.14,0.79854,0.79826,0.99734,0.00035097
-361.63,0.79851,0.79821,0.99727,0.00036999
-359.61,0.79847,0.79816,0.99719,0.00038607
-358.41,0.79844,0.79813,0.99714,0.00039594
-357.61,0.79842,0.7981,0.9971,0.00040259
-357.22,0.7984,0.79808,0.99707,0.0004059
-357.19,0.79839,0.79807,0.99705,0.00040617
-357.39,0.79839,0.79806,0.99704,0.00040452
-357.75,0.79838,0.79806,0.99704,0.00040144
-358.28,0.79839,0.79807,0.99705,0.00039701
-358.98,0.79839,0.79808,0.99706,0.00039118
-359.87,0.7984,0.79809,0.99708,0.00038389
-360.93,0.79841,0.79811,0.9971,0.00037546
-362.09,0.79843,0.79813,0.99713,0.0003664
-363.28,0.79844,0.79816,0.99717,0.00035731
-364.37,0.79846,0.79818,0.9972,0.00034921
-365.43,0.79848,0.7982,0.99723,0.00034156
-366.46,0.79849,0.79823,0.99727,0.00033423
-367.49,0.79851,0.79825,0.9973,0.00032704
-368.46,0.79853,0.79827,0.99733,0.00032045
-369.39,0.79854,0.79829,0.99736,0.00031426
-370.19,0.79856,0.79831,0.99739,0.00030901
-370.75,0.79857,0.79832,0.99741,0.00030539
-370.95,0.79858,0.79834,0.99743,0.0003041
-370.73,0.79859,0.79834,0.99744,0.00030549
-370.08,0.79859,0.79834,0.99744,0.00030969
-369.05,0.79859,0.79833,0.99743,0.00031652
-367.05,0.79857,0.79831,0.9974,0.0003301
-364.82,0.79855,0.79827,0.99736,0.00034599
-362.66,0.79852,0.79823,0.9973,0.00036208
-360.76,0.79849,0.79819,0.99724,0.00037678
-359.08,0.79846,0.79815,0.99718,0.00039035
-357.92,0.79843,0.79812,0.99712,0.00039999
-357.3,0.79841,0.79809,0.99708,0.00040521
-357.18,0.79839,0.79807,0.99705,0.00040627
-357.34,0.79839,0.79806,0.99704,0.00040488
-357.68,0.79838,0.79806,0.99704,0.000402
-358.19,0.79839,0.79807,0.99704,0.00039776
-358.87,0.79839,0.79808,0.99706,0.00039212
-359.74,0.7984,0.79809,0.99707,0.00038497
-360.78,0.79841,0.79811,0.9971,0.00037661
-361.94,0.79842,0.79813,0.99713,0.00036753
-363.15,0.79844,0.79815,0.99716,0.00035834
-364.26,0.79846,0.79818,0.9972,0.00035008
-365.33,0.79847,0.7982,0.99723,0.00034229
-366.37,0.79849,0.79822,0.99726,0.00033485
-367.42,0.79851,0.79825,0.9973,0.00032757
-368.39,0.79852,0.79827,0.99733,0.00032092
-369.33,0.79854,0.79829,0.99736,0.00031465
-370.15,0.79855,0.79831,0.99739,0.00030928
-370.73,0.79857,0.79832,0.99741,0.00030551
-370.95,0.79858,0.79834,0.99743,0.00030409
-370.75,0.79859,0.79834,0.99744,0.00030536
-370.12,0.79859,0.79834,0.99744,0.00030949
-369.08,0.79859,0.79833,0.99743,0.0003163
-367.01,0.79857,0.79831,0.9974,0.00033039
-364.69,0.79855,0.79827,0.99735,0.00034691
-362.46,0.79852,0.79823,0.99729,0.00036354
-360.54,0.79849,0.79819,0.99723,0.00037854
-359.15,0.79846,0.79815,0.99718,0.00038976
-358.13,0.79844,0.79812,0.99713,0.00039826
-357.48,0.79842,0.79809,0.99709,0.00040373
-357.19,0.7984,0.79808,0.99706,0.00040615
-357.22,0.79839,0.79807,0.99705,0.0004059
-357.51,0.79839,0.79806,0.99704,0.0004035
-358.01,0.79839,0.79807,0.99704,0.00039928
-358.73,0.79839,0.79808,0.99705,0.00039327
-359.51,0.7984,0.79809,0.99707,0.00038686
-360.45,0.79841,0.7981,0.99709,0.0003793
-361.51,0.79842,0.79812,0.99712,0.00037093
-362.63,0.79843,0.79814,0.99715,0.00036226
-363.75,0.79845,0.79817,0.99718,0.00035385
-364.83,0.79847,0.79819,0.99721,0.00034589
-365.87,0.79848,0.79821,0.99725,0.00033838
-366.9,0.7985,0.79824,0.99728,0.00033111
-367.93,0.79852,0.79826,0.99731,0.00032408
-368.94,0.79853,0.79828,0.99734,0.00031726
-369.86,0.79855,0.7983,0.99738,0.00031114
-370.58,0.79856,0.79832,0.9974,0.0003065
-370.93,0.79858,0.79833,0.99742,0.00030421
-370.83,0.79858,0.79834,0.99744,0.00030487
-370.22,0.79859,0.79834,0.99744,0.00030878
-369.16,0.79859,0.79833,0.99743,0.00031578
-367.17,0.79857,0.79831,0.9974,0.00032925
-364.93,0.79855,0.79828,0.99736,0.00034519
-362.74,0.79852,0.79824,0.9973,0.00036144
-360.82,0.79849,0.79819,0.99724,0.00037632
-359.27,0.79847,0.79815,0.99718,0.00038882
-358.14,0.79844,0.79812,0.99713,0.00039819
-357.45,0.79842,0.79809,0.99709,0.00040399
-357.18,0.7984,0.79807,0.99706,0.00040627
-357.24,0.79839,0.79807,0.99705,0.00040578
-357.5,0.79839,0.79806,0.99704,0.00040353
-357.95,0.79839,0.79807,0.99704,0.00039976
-358.58,0.79839,0.79807,0.99705,0.00039448
-359.42,0.7984,0.79809,0.99707,0.00038758
-360.45,0.79841,0.7981,0.99709,0.00037923
-361.64,0.79842,0.79812,0.99712,0.00036988
-362.9,0.79844,0.79815,0.99716,0.00036025
-363.94,0.79845,0.79817,0.99719,0.00035244
-364.94,0.79847,0.79819,0.99722,0.00034505
-365.92,0.79848,0.79821,0.99725,0.00033803
-366.89,0.7985,0.79824,0.99728,0.00033122
-367.87,0.79852,0.79826,0.99731,0.00032444
-368.85,0.79853,0.79828,0.99734,0.00031785
-369.75,0.79855,0.7983,0.99737,0.00031185
-370.48,0.79856,0.79832,0.9974,0.00030712
-370.91,0.79857,0.79833,0.99742,0.00030436
-370.87,0.79858,0.79834,0.99744,0.00030462
-370.3,0.79859,0.79834,0.99744,0.00030826
-369.25,0.79859,0.79834,0.99744,0.00031517
-366.96,0.79857,0.79831,0.9974,0.00033074
-364.37,0.79855,0.79827,0.99734,0.00034929
-361.93,0.79851,0.79822,0.99728,0.00036764
-359.92,0.79848,0.79817,0.99721,0.00038353
-358.65,0.79845,0.79814,0.99716,0.00039393
-357.77,0.79843,0.79811,0.99711,0.00040127
-357.29,0.79841,0.79808,0.99708,0.00040533
-357.17,0.79839,0.79807,0.99705,0.00040632
-357.32,0.79839,0.79806,0.99704,0.00040511
-357.65,0.79838,0.79806,0.99704,0.00040232
-358.15,0.79839,0.79807,0.99704,0.00039809
-358.83,0.79839,0.79808,0.99706,0.0003924
-359.72,0.7984,0.79809,0.99707,0.00038515
-360.78,0.79841,0.79811,0.9971,0.00037661
-361.97,0.79842,0.79813,0.99713,0.00036731
-363.2,0.79844,0.79816,0.99716,0.00035792
-364.31,0.79846,0.79818,0.9972,0.00034968
-365.38,0.79848,0.7982,0.99723,0.00034191
-366.42,0.79849,0.79823,0.99727,0.00033447
-367.47,0.79851,0.79825,0.9973,0.00032719
-368.44,0.79853,0.79827,0.99733,0.00032058
-369.37,0.79854,0.79829,0.99736,0.00031435
-370.18,0.79856,0.79831,0.99739,0.00030906
-370.75,0.79857,0.79832,0.99741,0.0003054
-370.95,0.79858,0.79834,0.99743,0.00030408
-370.74,0.79859,0.79834,0.99744,0.00030545
-370.09,0.79859,0.79834,0.99744,0.00030963
-369.06,0.79859,0.79833,0.99743,0.00031647
-367.05,0.79857,0.79831,0.9974,0.00033014
-364.79,0.79855,0.79827,0.99735,0.00034615
-362.62,0.79852,0.79823,0.9973,0.00036235
-360.72,0.79849,0.79819,0.99724,0.00037711
-359.14,0.79846,0.79815,0.99718,0.00038989
-358.01,0.79844,0.79812,0.99713,0.00039921
-357.37,0.79841,0.79809,0.99708,0.00040466
-357.17,0.79839,0.79807,0.99705,0.00040633
-357.28,0.79839,0.79806,0.99704,0.0004054
-357.58,0.79838,0.79806,0.99704,0.00040285
-358.05,0.79839,0.79807,0.99704,0.00039888
-358.7,0.79839,0.79808,0.99705,0.00039346
-359.55,0.7984,0.79809,0.99707,0.00038648
-360.59,0.79841,0.79811,0.99709,0.00037816
-361.76,0.79842,0.79813,0.99712,0.00036897
-362.98,0.79844,0.79815,0.99716,0.00035957
-364.12,0.79846,0.79817,0.99719,0.00035107
-365.22,0.79847,0.7982,0.99723,0.00034305
-366.29,0.79849,0.79822,0.99726,0.00033542
-367.36,0.79851,0.79825,0.9973,0.00032798
-368.34,0.79852,0.79827,0.99733,0.00032127
-369.29,0.79854,0.79829,0.99736,0.00031491
-370.12,0.79855,0.79831,0.99738,0.00030945
-370.72,0.79857,0.79832,0.99741,0.00030558
-370.95,0.79858,0.79834,0.99743,0.00030408
-370.76,0.79859,0.79834,0.99744,0.0003053
-370.13,0.79859,0.79834,0.99744,0.0003094
-369.09,0.79859,0.79833,0.99743,0.00031623
-366.98,0.79857,0.79831,0.9974,0.0003306
-364.61,0.79855,0.79827,0.99735,0.00034748
-362.35,0.79852,0.79823,0.99729,0.0003644
-360.42,0.79849,0.79818,0.99722,0.00037954
-358.84,0.79846,0.79814,0.99717,0.00039235
-357.78,0.79843,0.79811,0.99712,0.00040117
-357.26,0.79841,0.79808,0.99707,0.00040563
-357.2,0.79839,0.79807,0.99705,0.00040609
-357.4,0.79839,0.79806,0.99704,0.00040439
-357.77,0.79838,0.79806,0.99704,0.00040124
-358.31,0.79839,0.79807,0.99705,0.00039672
-359.03,0.79839,0.79808,0.99706,0.00039079
-359.94,0.7984,0.79809,0.99708,0.00038338
-361.01,0.79841,0.79811,0.9971,0.00037484
-362.18,0.79843,0.79814,0.99714,0.00036571
-363.38,0.79844,0.79816,0.99717,0.00035659
-364.46,0.79846,0.79818,0.9972,0.00034857
-365.51,0.79848,0.79821,0.99724,0.00034099
-366.53,0.79849,0.79823,0.99727,0.0003337
-367.56,0.79851,0.79825,0.9973,0.00032655
-368.53,0.79853,0.79827,0.99733,0.00032
-369.45,0.79854,0.79829,0.99736,0.00031387
-370.23,0.79856,0.79831,0.99739,0.00030872
-370.77,0.79857,0.79833,0.99741,0.00030523
-370.95,0.79858,0.79834,0.99743,0.00030408
-370.72,0.79859,0.79834,0.99744,0.00030558
-370.06,0.79859,0.79834,0.99744,0.00030986
-369.02,0.79859,0.79833,0.99743,0.00031672
-367.08,0.79857,0.79831,0.9974,0.00032989
-364.92,0.79855,0.79828,0.99736,0.00034526
-362.81,0.79853,0.79824,0.9973,0.00036089
-360.95,0.7985,0.7982,0.99724,0.00037531
-359.16,0.79846,0.79815,0.99718,0.00038973
-357.93,0.79844,0.79812,0.99713,0.00039991
-357.3,0.79841,0.79808,0.99708,0.00040529
-357.19,0.79839,0.79806,0.99705,0.00040615
-357.38,0.79838,0.79806,0.99704,0.00040453
-357.76,0.79838,0.79806,0.99704,0.00040136
-358.31,0.79839,0.79807,0.99705,0.00039675
-359.04,0.79839,0.79808,0.99706,0.00039065
-359.99,0.7984,0.7981,0.99708,0.00038299
-361.09,0.79841,0.79811,0.99711,0.00037416
-362.3,0.79843,0.79814,0.99714,0.00036476
-363.54,0.79845,0.79816,0.99717,0.00035543
-364.61,0.79846,0.79819,0.99721,0.0003475
-365.65,0.79848,0.79821,0.99724,0.00033999
-366.67,0.7985,0.79823,0.99727,0.00033275
-367.7,0.79851,0.79825,0.99731,0.00032563
-368.65,0.79853,0.79827,0.99734,0.00031915
-369.56,0.79854,0.79829,0.99736,0.00031315
-370.31,0.79856,0.79831,0.99739,0.00030819
-370.82,0.79857,0.79833,0.99742,0.00030496
-370.95,0.79858,0.79834,0.99743,0.0003041
-370.68,0.79859,0.79834,0.99744,0.00030585
-369.99,0.79859,0.79834,0.99744,0.00031032
-368.93,0.79859,0.79833,0.99743,0.00031729
-367.1,0.79857,0.79831,0.9974,0.0003298
-365.05,0.79855,0.79828,0.99736,0.00034428
-363.05,0.79853,0.79824,0.99731,0.00035909
-361.25,0.7985,0.7982,0.99725,0.00037294
-359.53,0.79847,0.79816,0.99719,0.00038673
-358.26,0.79844,0.79813,0.99714,0.00039715
-357.49,0.79842,0.79809,0.99709,0.00040366
-357.19,0.7984,0.79807,0.99706,0.00040623
-357.24,0.79839,0.79807,0.99705,0.00040577
-357.51,0.79839,0.79806,0.99704,0.0004035
-357.96,0.79838,0.79807,0.99704,0.00039969
-358.6,0.79839,0.79807,0.99705,0.00039433
-359.45,0.7984,0.79809,0.99707,0.00038732
-360.5,0.79841,0.7981,0.99709,0.00037884
-361.71,0.79842,0.79813,0.99712,0.00036937
-362.98,0.79844,0.79815,0.99716,0.00035964
-364.01,0.79845,0.79817,0.99719,0.0003519
-365.01,0.79847,0.79819,0.99722,0.00034457
-365.98,0.79849,0.79822,0.99725,0.00033761
-366.94,0.7985,0.79824,0.99728,0.00033083
-367.92,0.79852,0.79826,0.99731,0.00032409
-368.89,0.79853,0.79828,0.99734,0.00031754
-369.79,0.79855,0.7983,0.99737,0.00031162
-370.5,0.79856,0.79832,0.9974,0.00030697
-370.92,0.79857,0.79833,0.99742,0.00030431
-370.87,0.79858,0.79834,0.99744,0.00030463
-370.3,0.79859,0.79834,0.99744,0.00030827
-369.26,0.79859,0.79834,0.99744,0.00031511
-366.92,0.79857,0.79831,0.9974,0.00033104
-364.27,0.79854,0.79827,0.99734,0.00035002
-361.8,0.79851,0.79822,0.99727,0.00036869
-359.78,0.79847,0.79817,0.9972,0.00038468
-358.53,0.79845,0.79813,0.99715,0.00039489
-357.69,0.79843,0.7981,0.99711,0.00040194
-357.26,0.79841,0.79808,0.99707,0.00040563
-357.19,0.79839,0.79807,0.99705,0.00040623
-357.36,0.79839,0.79806,0.99704,0.00040478
-357.7,0.79838,0.79806,0.99704,0.00040184
-358.21,0.79839,0.79807,0.99705,0.00039753
-358.9,0.79839,0.79808,0.99706,0.00039181
-359.79,0.7984,0.79809,0.99708,0.00038458
-360.84,0.79841,0.79811,0.9971,0.00037615
-362.01,0.79843,0.79813,0.99713,0.00036702
-363.22,0.79844,0.79816,0.99716,0.00035782
-364.32,0.79846,0.79818,0.9972,0.00034963
-365.38,0.79848,0.7982,0.99723,0.00034191
-366.42,0.79849,0.79823,0.99726,0.00033451
-367.46,0.79851,0.79825,0.9973,0.00032727
-368.43,0.79853,0.79827,0.99733,0.00032065
-369.36,0.79854,0.79829,0.99736,0.00031442
-370.17,0.79856,0.79831,0.99739,0.00030912
-370.74,0.79857,0.79832,0.99741,0.00030543
-370.95,0.79858,0.79834,0.99743,0.00030408
-370.75,0.79859,0.79834,0.99744,0.00030541
-370.1,0.79859,0.79834,0.99744,0.00030958
-369.07,0.79859,0.79833,0.99743,0.0003164
-367.04,0.79857,0.79831,0.9974,0.0003302
-364.77,0.79855,0.79827,0.99735,0.00034637
-362.58,0.79852,0.79823,0.9973,0.0003627
-360.67,0.79849,0.79819,0.99723,0.00037753
-359.17,0.79846,0.79815,0.99718,0.00038959
-358.09,0.79844,0.79812,0.99713,0.00039858
-357.43,0.79841,0.79809,0.99709,0.00040413
-357.18,0.7984,0.79807,0.99706,0.00040627
-357.25,0.79839,0.79807,0.99705,0.0004057
-357.53,0.79839,0.79806,0.99704,0.00040326
-358.01,0.79839,0.79807,0.99704,0.0003992
-358.69,0.79839,0.79808,0.99705,0.00039353
-359.48,0.7984,0.79809,0.99707,0.00038707
-360.43,0.79841,0.7981,0.99709,0.0003794
-361.51,0.79842,0.79812,0.99712,0.00037089
-362.66,0.79843,0.79814,0.99715,0.00036207
-363.79,0.79845,0.79817,0.99718,0.00035353
-364.89,0.79847,0.79819,0.99722,0.00034546
-365.95,0.79848,0.79822,0.99725,0.00033783
-367,0.7985,0.79824,0.99728,0.00033045
-368.01,0.79852,0.79826,0.99732,0.00032347
-369.01,0.79853,0.79828,0.99735,0.00031674
-369.92,0.79855,0.7983,0.99738,0.00031076
-370.61,0.79856,0.79832,0.9974,0.00030628
-370.94,0.79858,0.79833,0.99743,0.00030416
-370.82,0.79858,0.79834,0.99744,0.00030494
-370.21,0.79859,0.79834,0.99744,0.00030887
-369.16,0.79859,0.79833,0.99743,0.00031579
-367.2,0.79857,0.79831,0.9974,0.0003291
-364.97,0.79855,0.79828,0.99736,0.00034484
-362.81,0.79853,0.79824,0.9973,0.00036092
-360.9,0.7985,0.7982,0.99724,0.00037571
-359.35,0.79847,0.79816,0.99719,0.0003882
-358.2,0.79844,0.79812,0.99714,0.00039766
-357.49,0.79842,0.79809,0.99709,0.00040366
-357.19,0.7984,0.79807,0.99706,0.00040619
-357.23,0.79839,0.79807,0.99705,0.00040587
-357.49,0.79839,0.79806,0.99704,0.00040366
-357.94,0.79839,0.79807,0.99704,0.00039984
-358.59,0.79839,0.79807,0.99705,0.00039442
-359.46,0.7984,0.79809,0.99707,0.00038728
-360.53,0.79841,0.7981,0.99709,0.00037862
-361.76,0.79842,0.79813,0.99712,0.00036897
-363.05,0.79844,0.79815,0.99716,0.00035907
-364.08,0.79845,0.79817,0.99719,0.00035139
-365.07,0.79847,0.7982,0.99722,0.00034413
-366.04,0.79849,0.79822,0.99725,0.00033721
-367,0.7985,0.79824,0.99728,0.00033047
-367.97,0.79852,0.79826,0.99731,0.00032377
-368.93,0.79853,0.79828,0.99734,0.00031727
-369.82,0.79855,0.7983,0.99737,0.00031141
-370.52,0.79856,0.79832,0.9974,0.00030685
-370.92,0.79858,0.79833,0.99742,0.00030429
-370.86,0.79858,0.79834,0.99744,0.00030467
-370.3,0.79859,0.79834,0.99744,0.00030831
-369.26,0.79859,0.79834,0.99744,0.00031509
-366.85,0.79857,0.79831,0.9974,0.00033152
-364.12,0.79854,0.79826,0.99734,0.0003511
-361.6,0.79851,0.79821,0.99727,0.00037018
-359.58,0.79847,0.79816,0.99719,0.00038626
-358.39,0.79844,0.79813,0.99714,0.00039606
-357.61,0.79842,0.7981,0.9971,0.00040265
-357.22,0.7984,0.79808,0.99707,0.0004059
-357.2,0.79839,0.79807,0.99705,0.00040613
-357.39,0.79839,0.79806,0.99704,0.00040446
-357.76,0.79838,0.79806,0.99704,0.00040136
-358.29,0.79839,0.79807,0.99705,0.00039691
-358.99,0.79839,0.79808,0.99706,0.00039107
-359.89,0.7984,0.79809,0.99708,0.00038377
-360.95,0.79841,0.79811,0.9971,0.00037533
-362.11,0.79843,0.79813,0.99713,0.00036628
-363.3,0.79844,0.79816,0.99717,0.0003572
-364.39,0.79846,0.79818,0.9972,0.00034911
-365.44,0.79848,0.7982,0.99723,0.00034148
-366.47,0.79849,0.79823,0.99727,0.00033415
-367.5,0.79851,0.79825,0.9973,0.00032697
-368.47,0.79853,0.79827,0.99733,0.00032039
-369.4,0.79854,0.79829,0.99736,0.00031421
-370.19,0.79856,0.79831,0.99739,0.00030897
-370.75,0.79857,0.79833,0.99741,0.00030536
-370.95,0.79858,0.79834,0.99743,0.00030409
-370.73,0.79859,0.79834,0.99744,0.00030549
-370.08,0.79859,0.79834,0.99744,0.0003097
-369.05,0.79859,0.79833,0.99743,0.00031653
-367.06,0.79857,0.79831,0.9974,0.00033006
-364.83,0.79855,0.79828,0.99736,0.00034589
-362.67,0.79852,0.79823,0.9973,0.00036194
-360.79,0.79849,0.79819,0.99724,0.0003766
-358.92,0.79846,0.79815,0.99717,0.00039172
-357.72,0.79843,0.79811,0.99712,0.00040172
-357.2,0.7984,0.79808,0.99707,0.00040608
-357.28,0.79838,0.79806,0.99704,0.00040544
-357.58,0.79838,0.79806,0.99703,0.00040287
-358.07,0.79838,0.79807,0.99704,0.00039875
-358.75,0.79839,0.79807,0.99705,0.00039307
-359.64,0.7984,0.79809,0.99707,0.00038582
-360.64,0.79841,0.79811,0.99709,0.00037777
-361.75,0.79842,0.79813,0.99712,0.000369
-362.92,0.79844,0.79815,0.99716,0.00036007
-364.07,0.79845,0.79817,0.99719,0.00035145
-365.11,0.79847,0.7982,0.99722,0.00034384
-366.13,0.79849,0.79822,0.99726,0.00033657
-367.14,0.7985,0.79824,0.99729,0.00032945
-368.17,0.79852,0.79826,0.99732,0.00032243
-369.1,0.79854,0.79828,0.99735,0.00031614
-369.95,0.79855,0.7983,0.99738,0.00031059
-370.59,0.79856,0.79832,0.9974,0.00030641
-370.93,0.79858,0.79833,0.99742,0.00030424
-370.88,0.79858,0.79834,0.99744,0.00030458
-370.43,0.79859,0.79834,0.99744,0.00030746
-369.6,0.79859,0.79834,0.99744,0.00031284
-368.46,0.79858,0.79833,0.99743,0.00032043
-366.82,0.79857,0.79831,0.9974,0.00033173
-365.05,0.79855,0.79828,0.99736,0.00034433
-363.31,0.79853,0.79825,0.99732,0.00035716
-361.71,0.79851,0.79821,0.99727,0.00036938
-359.94,0.79848,0.79817,0.99721,0.0003834
-358.58,0.79845,0.79814,0.99716,0.00039446
-357.69,0.79842,0.7981,0.99711,0.00040198
-357.24,0.7984,0.79808,0.99707,0.00040575
-357.2,0.79839,0.79807,0.99705,0.0004061
-357.46,0.79839,0.79806,0.99704,0.00040388
-357.97,0.79839,0.79807,0.99704,0.00039955
-358.74,0.79839,0.79808,0.99705,0.00039315
-359.52,0.7984,0.79809,0.99707,0.00038673
-360.46,0.79841,0.7981,0.99709,0.00037915
-361.53,0.79842,0.79812,0.99712,0.00037077
-362.65,0.79843,0.79814,0.99715,0.00036211
-363.77,0.79845,0.79817,0.99718,0.0003537
-364.85,0.79847,0.79819,0.99721,0.00034576
-365.89,0.79848,0.79821,0.99725,0.00033825
-366.92,0.7985,0.79824,0.99728,0.00033099
-367.94,0.79852,0.79826,0.99731,0.00032397
-368.95,0.79853,0.79828,0.99734,0.00031717
-369.87,0.79855,0.7983,0.99738,0.00031108
-370.58,0.79856,0.79832,0.9974,0.00030646
-370.94,0.79858,0.79833,0.99742,0.00030419
-370.83,0.79858,0.79834,0.99744,0.00030486
-370.23,0.79859,0.79834,0.99744,0.00030876
-369.16,0.79859,0.79833,0.99743,0.00031574
-367.18,0.79857,0.79831,0.9974,0.0003292
-364.93,0.79855,0.79828,0.99736,0.00034513
-362.75,0.79852,0.79824,0.9973,0.00036136
-360.83,0.79849,0.79819,0.99724,0.00037625
-359.28,0.79847,0.79816,0.99718,0.00038875
-358.14,0.79844,0.79812,0.99713,0.00039812
-357.45,0.79842,0.79809,0.99709,0.00040395
-357.18,0.7984,0.79807,0.99706,0.00040624
-357.24,0.79839,0.79807,0.99705,0.00040577
-357.5,0.79839,0.79806,0.99704,0.00040352
-357.95,0.79839,0.79807,0.99704,0.00039975
-358.58,0.79839,0.79807,0.99705,0.00039447
-359.42,0.7984,0.79809,0.99707,0.00038755
-360.46,0.79841,0.7981,0.99709,0.00037918
-361.65,0.79842,0.79813,0.99712,0.00036981
-362.91,0.79844,0.79815,0.99716,0.00036016
-363.95,0.79845,0.79817,0.99719,0.00035236
-364.95,0.79847,0.79819,0.99722,0.00034498
-365.93,0.79848,0.79821,0.99725,0.00033797
-366.9,0.7985,0.79824,0.99728,0.00033116
-367.88,0.79852,0.79826,0.99731,0.00032439
-368.85,0.79853,0.79828,0.99734,0.0003178
-369.76,0.79855,0.7983,0.99737,0.00031181
-370.48,0.79856,0.79832,0.9974,0.00030709
-370.91,0.79857,0.79833,0.99742,0.00030434
-370.87,0.79858,0.79834,0.99744,0.00030461
-370.31,0.79859,0.79834,0.99744,0.00030825
-369.25,0.79859,0.79834,0.99744,0.00031515
-366.96,0.79857,0.79831,0.9974,0.00033075
-364.36,0.79855,0.79827,0.99734,0.00034934
-361.92,0.79851,0.79822,0.99728,0.00036771
-359.91,0.79848,0.79817,0.99721,0.00038362
-358.64,0.79845,0.79814,0.99716,0.000394
-357.76,0.79843,0.79811,0.99711,0.00040132
-357.29,0.79841,0.79808,0.99708,0.00040535
-357.18,0.79839,0.79807,0.99705,0.0004063
-357.32,0.79839,0.79806,0.99704,0.00040507
-357.65,0.79838,0.79806,0.99704,0.00040227
-358.15,0.79839,0.79807,0.99705,0.00039804
-358.84,0.79839,0.79808,0.99706,0.00039235
-359.72,0.7984,0.79809,0.99707,0.0003851
-360.79,0.79841,0.79811,0.9971,0.00037658
-361.97,0.79842,0.79813,0.99713,0.00036731
-363.2,0.79844,0.79816,0.99716,0.00035794
-364.31,0.79846,0.79818,0.9972,0.0003497
-365.38,0.79848,0.7982,0.99723,0.00034193
-366.42,0.79849,0.79823,0.99727,0.00033449
-367.47,0.79851,0.79825,0.9973,0.00032721
-368.44,0.79853,0.79827,0.99733,0.0003206
-369.37,0.79854,0.79829,0.99736,0.00031437
-370.18,0.79856,0.79831,0.99739,0.00030907
-370.75,0.79857,0.79832,0.99741,0.0003054
-370.95,0.79858,0.79834,0.99743,0.00030408
-370.74,0.79859,0.79834,0.99744,0.00030543
-370.1,0.79859,0.79834,0.99744,0.00030962
-369.06,0.79859,0.79833,0.99743,0.00031645
-367.04,0.79857,0.79831,0.9974,0.00033015
-364.79,0.79855,0.79827,0.99735,0.0003462
-362.61,0.79852,0.79823,0.9973,0.00036243
-360.71,0.79849,0.79819,0.99724,0.0003772
-359.15,0.79846,0.79815,0.99718,0.00038979
-358.04,0.79844,0.79812,0.99713,0.00039903
-357.39,0.79841,0.79809,0.99709,0.00040451
-357.17,0.7984,0.79807,0.99706,0.00040632
-357.27,0.79839,0.79806,0.99704,0.00040549
-357.57,0.79838,0.79806,0.99704,0.000403
-358.03,0.79839,0.79807,0.99704,0.00039904
-358.69,0.79839,0.79808,0.99705,0.0003936
-359.54,0.7984,0.79809,0.99707,0.00038656
-360.59,0.79841,0.79811,0.99709,0.00037816
-361.77,0.79842,0.79813,0.99712,0.00036886
-363.01,0.79844,0.79815,0.99716,0.00035936
-364.15,0.79846,0.79818,0.99719,0.00035086
-365.25,0.79847,0.7982,0.99723,0.00034286
-366.32,0.79849,0.79822,0.99726,0.00033524
-367.38,0.79851,0.79825,0.9973,0.00032779
-368.36,0.79852,0.79827,0.99733,0.0003211
-369.31,0.79854,0.79829,0.99736,0.00031477
-370.14,0.79855,0.79831,0.99739,0.00030934
-370.73,0.79857,0.79832,0.99741,0.00030553
-370.95,0.79858,0.79834,0.99743,0.00030408
-370.76,0.79859,0.79834,0.99744,0.00030533
-370.12,0.79859,0.79834,0.99744,0.00030946
-369.08,0.79859,0.79833,0.99743,0.00031629
-367,0.79857,0.79831,0.9974,0.00033045
-364.67,0.79855,0.79827,0.99735,0.00034706
-362.44,0.79852,0.79823,0.99729,0.00036377
-360.51,0.79849,0.79819,0.99723,0.0003788
-359.05,0.79846,0.79815,0.99717,0.00039065
-358,0.79843,0.79812,0.99713,0.00039935
-357.38,0.79841,0.79809,0.99708,0.00040454
-357.18,0.7984,0.79807,0.99706,0.00040632
-357.27,0.79839,0.79806,0.99704,0.00040552
-357.57,0.79839,0.79806,0.99704,0.000403
-358.04,0.79839,0.79807,0.99704,0.00039896
-358.71,0.79839,0.79808,0.99705,0.00039339
-359.59,0.7984,0.79809,0.99707,0.00038617
-360.66,0.79841,0.79811,0.9971,0.00037756
-361.87,0.79842,0.79813,0.99713,0.00036808
-363.14,0.79844,0.79815,0.99716,0.00035844
-364.26,0.79846,0.79818,0.9972,0.00035006
-365.34,0.79847,0.7982,0.99723,0.00034217
-366.4,0.79849,0.79823,0.99726,0.00033463
-367.46,0.79851,0.79825,0.9973,0.00032726
-368.43,0.79853,0.79827,0.99733,0.00032063
-369.37,0.79854,0.79829,0.99736,0.00031438
-370.18,0.79856,0.79831,0.99739,0.00030907
-370.75,0.79857,0.79832,0.99741,0.00030539
-370.95,0.79858,0.79834,0.99743,0.00030407
-370.74,0.79859,0.79834,0.99744,0.00030544
-370.09,0.79859,0.79834,0.99744,0.00030963
-369.06,0.79859,0.79833,0.99743,0.00031647
-367.05,0.79857,0.79831,0.9974,0.00033014
-364.8,0.79855,0.79827,0.99735,0.00034614
-362.62,0.79852,0.79823,0.9973,0.00036232
-360.73,0.79849,0.79819,0.99724,0.00037707
-359.14,0.79846,0.79815,0.99718,0.00038987
-358.02,0.79844,0.79812,0.99713,0.00039921
-357.37,0.79841,0.79809,0.99708,0.00040465
-357.17,0.79839,0.79807,0.99705,0.00040632
-357.28,0.79839,0.79806,0.99704,0.00040538
-357.58,0.79838,0.79806,0.99704,0.00040283
-358.06,0.79839,0.79807,0.99704,0.00039886
-358.71,0.79839,0.79808,0.99705,0.00039344
-359.56,0.7984,0.79809,0.99707,0.00038646
-360.59,0.79841,0.79811,0.99709,0.00037815
-361.76,0.79842,0.79813,0.99712,0.00036897
-362.98,0.79844,0.79815,0.99716,0.00035957
-364.12,0.79846,0.79817,0.99719,0.00035107
-365.22,0.79847,0.7982,0.99723,0.00034305
-366.29,0.79849,0.79822,0.99726,0.00033542
-367.36,0.79851,0.79825,0.9973,0.00032798
-368.34,0.79852,0.79827,0.99733,0.00032127
-369.29,0.79854,0.79829,0.99736,0.00031491
-370.12,0.79855,0.79831,0.99738,0.00030944
-370.72,0.79857,0.79832,0.99741,0.00030558
-370.95,0.79858,0.79834,0.99743,0.00030407
-370.76,0.79859,0.79834,0.99744,0.00030529
-370.13,0.79859,0.79834,0.99744,0.00030939
-369.09,0.79859,0.79833,0.99743,0.00031622
-366.98,0.79857,0.79831,0.9974,0.0003306
-364.61,0.79855,0.79827,0.99735,0.00034749
-362.35,0.79852,0.79823,0.99729,0.00036442
-360.41,0.79849,0.79818,0.99722,0.00037957
-358.89,0.79846,0.79814,0.99717,0.0003919
-357.85,0.79843,0.79811,0.99712,0.00040059
-357.3,0.79841,0.79808,0.99708,0.00040529
-357.18,0.79839,0.79807,0.99705,0.00040625
-357.34,0.79839,0.79806,0.99704,0.00040489
-357.68,0.79838,0.79806,0.99704,0.00040206
-358.18,0.79839,0.79807,0.99704,0.00039785
-358.85,0.79839,0.79808,0.99706,0.00039225
-359.72,0.7984,0.79809,0.99707,0.00038515
-360.76,0.79841,0.79811,0.9971,0.00037682
-361.91,0.79842,0.79813,0.99713,0.00036776
-363.12,0.79844,0.79815,0.99716,0.00035858
-364.23,0.79846,0.79818,0.99719,0.00035028
-365.3,0.79847,0.7982,0.99723,0.00034246
-366.35,0.79849,0.79822,0.99726,0.00033499
-367.4,0.79851,0.79825,0.9973,0.00032769
-368.37,0.79852,0.79827,0.99733,0.00032103
-369.32,0.79854,0.79829,0.99736,0.00031473
-370.14,0.79855,0.79831,0.99739,0.00030933
-370.73,0.79857,0.79832,0.99741,0.00030553
-370.95,0.79858,0.79834,0.99743,0.00030407
-370.76,0.79859,0.79834,0.99744,0.00030532
-370.12,0.79859,0.79834,0.99744,0.00030943
-369.09,0.79859,0.79833,0.99743,0.00031624
-367,0.79857,0.79831,0.9974,0.00033047
-364.66,0.79855,0.79827,0.99735,0.00034717
-362.41,0.79852,0.79823,0.99729,0.00036394
-360.48,0.79849,0.79819,0.99723,0.00037902
-359.08,0.79846,0.79815,0.99717,0.00039038
-358.06,0.79844,0.79812,0.99713,0.00039887
-357.43,0.79841,0.79809,0.99709,0.00040414
-357.18,0.7984,0.79807,0.99706,0.00040625
-357.26,0.79839,0.79807,0.99705,0.00040562
-357.59,0.79839,0.79806,0.99704,0.00040281
-358.14,0.79839,0.79807,0.99705,0.00039812
-358.94,0.79839,0.79808,0.99706,0.00039152
-359.76,0.7984,0.79809,0.99708,0.00038481
-360.73,0.79841,0.79811,0.9971,0.00037705
-361.8,0.79842,0.79813,0.99713,0.00036864
-362.92,0.79844,0.79815,0.99716,0.00036007
-364.02,0.79845,0.79817,0.99719,0.00035185
-365.08,0.79847,0.7982,0.99722,0.00034408
-366.11,0.79849,0.79822,0.99725,0.00033671
-367.13,0.7985,0.79824,0.99729,0.00032954
-368.13,0.79852,0.79826,0.99732,0.00032272
-369.1,0.79854,0.79828,0.99735,0.00031617
-369.97,0.79855,0.7983,0.99738,0.0003104
-370.64,0.79857,0.79832,0.99741,0.00030612
-370.94,0.79858,0.79833,0.99743,0.00030414
-370.81,0.79859,0.79834,0.99744,0.00030498
-370.21,0.79859,0.79834,0.99744,0.00030888
-369.17,0.79859,0.79833,0.99743,0.00031569
-367.2,0.79857,0.79831,0.9974,0.00032906
-364.96,0.79855,0.79828,0.99736,0.00034492
-362.79,0.79853,0.79824,0.9973,0.0003611
-360.87,0.79849,0.79819,0.99724,0.00037596
-359.31,0.79847,0.79816,0.99719,0.00038847
-358.17,0.79844,0.79812,0.99714,0.0003979
-357.47,0.79842,0.79809,0.99709,0.00040382
-357.19,0.7984,0.79807,0.99706,0.00040622
-357.23,0.79839,0.79807,0.99705,0.00040582
-357.5,0.79839,0.79806,0.99704,0.00040359
-357.94,0.79839,0.79807,0.99704,0.0003998
-358.58,0.79839,0.79807,0.99705,0.00039447
-359.43,0.7984,0.79809,0.99707,0.00038746
-360.49,0.79841,0.7981,0.99709,0.00037897
-361.69,0.79842,0.79813,0.99712,0.00036949
-362.96,0.79844,0.79815,0.99716,0.00035973
-364,0.79845,0.79817,0.99719,0.00035198
-365,0.79847,0.79819,0.99722,0.00034465
-365.97,0.79849,0.79822,0.99725,0.00033767
-366.94,0.7985,0.79824,0.99728,0.0003309
-367.91,0.79852,0.79826,0.99731,0.00032415
-368.89,0.79853,0.79828,0.99734,0.0003176
-369.78,0.79855,0.7983,0.99737,0.00031166
-370.5,0.79856,0.79832,0.9974,0.000307
-370.91,0.79857,0.79833,0.99742,0.00030432
-370.87,0.79858,0.79834,0.99744,0.00030463
-370.3,0.79859,0.79834,0.99744,0.00030827
-369.26,0.79859,0.79834,0.99744,0.00031511
-366.93,0.79857,0.79831,0.9974,0.00033095
-364.29,0.79855,0.79827,0.99734,0.00034983
-361.83,0.79851,0.79822,0.99727,0.00036841
-359.81,0.79848,0.79817,0.9972,0.00038438
-358.56,0.79845,0.79813,0.99715,0.00039466
-357.71,0.79843,0.7981,0.99711,0.00040178
-357.26,0.79841,0.79808,0.99707,0.00040556
-357.18,0.79839,0.79807,0.99705,0.00040626
-357.34,0.79839,0.79806,0.99704,0.00040487
-357.69,0.79838,0.79806,0.99704,0.00040197
-358.2,0.79839,0.79807,0.99705,0.00039769
-358.88,0.79839,0.79808,0.99706,0.00039198
-359.77,0.7984,0.79809,0.99708,0.00038475
-360.82,0.79841,0.79811,0.9971,0.00037631
-361.99,0.79842,0.79813,0.99713,0.00036715
-363.2,0.79844,0.79816,0.99716,0.00035792
-364.31,0.79846,0.79818,0.9972,0.0003497
-365.37,0.79848,0.7982,0.99723,0.00034196
-366.41,0.79849,0.79823,0.99726,0.00033455
-367.46,0.79851,0.79825,0.9973,0.00032729
-368.43,0.79853,0.79827,0.99733,0.00032067
-369.36,0.79854,0.79829,0.99736,0.00031444
-370.17,0.79856,0.79831,0.99739,0.00030913
-370.74,0.79857,0.79832,0.99741,0.00030543
-370.95,0.79858,0.79834,0.99743,0.00030408
-370.75,0.79859,0.79834,0.99744,0.00030541
-370.1,0.79859,0.79834,0.99744,0.00030958
-369.07,0.79859,0.79833,0.99743,0.0003164
-367.04,0.79857,0.79831,0.9974,0.00033021
-364.76,0.79855,0.79827,0.99735,0.00034639
-362.57,0.79852,0.79823,0.9973,0.00036273
-360.66,0.79849,0.79819,0.99723,0.00037757
-359.18,0.79846,0.79815,0.99718,0.00038957
-358.09,0.79844,0.79812,0.99713,0.00039854
-357.44,0.79841,0.79809,0.99709,0.00040409
-357.18,0.7984,0.79807,0.99706,0.00040627
-357.25,0.79839,0.79807,0.99705,0.00040572
-357.53,0.79839,0.79806,0.99704,0.00040328
-358.02,0.79839,0.79807,0.99704,0.00039919
-358.7,0.79839,0.79808,0.99705,0.00039348
-359.49,0.7984,0.79809,0.99707,0.00038702
-360.44,0.79841,0.7981,0.99709,0.00037936
-361.51,0.79842,0.79812,0.99712,0.00037086
-362.66,0.79843,0.79814,0.99715,0.00036207
-363.79,0.79845,0.79817,0.99718,0.00035354
-364.88,0.79847,0.79819,0.99722,0.00034549
-365.94,0.79848,0.79821,0.99725,0.00033788
-366.99,0.7985,0.79824,0.99728,0.00033052
-368,0.79852,0.79826,0.99732,0.00032354
-369.01,0.79853,0.79828,0.99735,0.0003168
-369.91,0.79855,0.7983,0.99738,0.0003108
-370.61,0.79856,0.79832,0.9974,0.0003063
-370.94,0.79858,0.79833,0.99743,0.00030417
-370.82,0.79858,0.79834,0.99744,0.00030493
-370.21,0.79859,0.79834,0.99744,0.00030886
-369.16,0.79859,0.79833,0.99743,0.00031579
-367.19,0.79857,0.79831,0.9974,0.00032913
-364.96,0.79855,0.79828,0.99736,0.00034491
-362.79,0.79853,0.79824,0.9973,0.00036103
-360.88,0.79849,0.79819,0.99724,0.00037584
-359.33,0.79847,0.79816,0.99719,0.00038833
-358.19,0.79844,0.79812,0.99714,0.00039777
-357.48,0.79842,0.79809,0.99709,0.00040373
-357.19,0.7984,0.79807,0.99706,0.00040621
-357.23,0.79839,0.79807,0.99705,0.00040585
-357.49,0.79839,0.79806,0.99704,0.00040364
-357.94,0.79839,0.79807,0.99704,0.00039983
-358.58,0.79839,0.79807,0.99705,0.00039445
-359.44,0.7984,0.79809,0.99707,0.00038738
-360.51,0.79841,0.7981,0.99709,0.0003788
-361.73,0.79842,0.79813,0.99712,0.00036922
-363.01,0.79844,0.79815,0.99716,0.00035938
-363.11,0.79844,0.79815,0.99716,0.00035861
-363.21,0.79844,0.79816,0.99716,0.00035784
-363.32,0.79844,0.79816,0.99717,0.00035707
-363.42,0.79844,0.79816,0.99717,0.00035631
