-200,0.75,0.74196,0.90997,0.010723
-201.21,0.75301,0.74513,0.91512,0.010471
-202.4,0.75583,0.7481,0.91994,0.01023
-203.57,0.75846,0.75088,0.92445,0.0099961
-204.74,0.76092,0.75348,0.92867,0.0097685
-206.17,0.76369,0.75644,0.93344,0.0094938
-207.64,0.76623,0.75917,0.93783,0.0092199
-209.11,0.76856,0.76168,0.94187,0.0089515
-210.52,0.7707,0.76399,0.94557,0.0087015
-211.63,0.77244,0.76587,0.94859,0.0085091
-212.51,0.77405,0.76757,0.95135,0.008361
-213.07,0.77551,0.76909,0.95383,0.0082693
-213.26,0.77683,0.77042,0.95604,0.0082421
-213.05,0.77799,0.77154,0.95794,0.0082816
-212.49,0.77901,0.77248,0.95958,0.0083831
-211.62,0.77991,0.77325,0.96097,0.0085392
-210.53,0.78069,0.77386,0.96213,0.0087384
-209.24,0.78138,0.77437,0.96313,0.0089794
-207.9,0.78197,0.77474,0.96393,0.0092354
-206.59,0.78245,0.77502,0.96456,0.0094923
-205.36,0.78284,0.77522,0.96505,0.0097393
-203.91,0.78325,0.77539,0.96553,0.01004
-202.66,0.78355,0.77548,0.96586,0.010304
-201.63,0.78377,0.77552,0.96607,0.010527
-200.85,0.78392,0.77553,0.96622,0.010701
-200.33,0.78404,0.77555,0.96632,0.010817
-200.09,0.78412,0.77559,0.96643,0.010871
-200.11,0.78419,0.77566,0.96654,0.010868
-200.35,0.78425,0.77577,0.96668,0.010815
-200.72,0.78431,0.7759,0.96684,0.010731
-201.25,0.78438,0.77606,0.96703,0.010615
-201.95,0.78447,0.77626,0.96727,0.010463
-202.84,0.78457,0.77651,0.96756,0.01027
-203.87,0.78468,0.77679,0.96789,0.010054
-205.07,0.78481,0.77711,0.96827,0.0098077
-206.4,0.78497,0.77748,0.9687,0.0095401
-207.81,0.78515,0.77787,0.96918,0.0092651
-209.21,0.78535,0.77828,0.96969,0.0090002
-210.59,0.78556,0.77869,0.97021,0.0087472
-211.93,0.78579,0.7791,0.97074,0.0085069
-213.26,0.78603,0.77952,0.97129,0.0082753
-214.66,0.78628,0.77996,0.97187,0.0080393
-216.08,0.78655,0.78041,0.97246,0.0078045
-217.51,0.78682,0.78085,0.97306,0.0075771
-218.84,0.78709,0.78129,0.97364,0.0073708
-220.27,0.78746,0.78183,0.9744,0.0071547
-220.89,0.7878,0.78224,0.97503,0.007065
-220.49,0.78808,0.78247,0.97546,0.0071246
-219.17,0.78829,0.78251,0.97567,0.0073246
-217.47,0.78839,0.7824,0.97566,0.0075882
-215.58,0.78841,0.78219,0.9755,0.0078936
-213.71,0.78838,0.78191,0.97523,0.0082065
-212,0.78829,0.78158,0.97489,0.008503
-210.51,0.78816,0.78125,0.97451,0.0087708
-209.25,0.78801,0.78091,0.9741,0.0090028
-208.25,0.78784,0.7806,0.9737,0.0091918
-207.53,0.78767,0.78032,0.97332,0.0093291
-207.17,0.78753,0.78012,0.97304,0.009399
-207.02,0.7874,0.77997,0.97281,0.0094284
-207.05,0.78728,0.77986,0.97262,0.0094214
-207.24,0.78718,0.7798,0.97248,0.0093835
-207.57,0.78711,0.77977,0.9724,0.0093203
-208.03,0.78705,0.77978,0.97236,0.0092305
-208.66,0.78702,0.77984,0.97238,0.0091108
-209.47,0.78701,0.77996,0.97247,0.0089576
-210.44,0.78703,0.78012,0.97262,0.0087797
-211.57,0.78707,0.78032,0.97283,0.0085758
-212.82,0.78714,0.78057,0.97309,0.0083552
-214.14,0.78724,0.78084,0.9734,0.0081291
-215.45,0.78736,0.78113,0.97374,0.0079118
-216.72,0.7875,0.78143,0.97411,0.0077044
-217.97,0.78765,0.78174,0.9745,0.007507
-219.21,0.78782,0.78206,0.9749,0.0073158
-220.51,0.788,0.78239,0.97533,0.0071216
-221.83,0.78819,0.78273,0.97577,0.006928
-223.15,0.78839,0.78308,0.97623,0.0067406
-224.38,0.7886,0.78341,0.97668,0.0065713
-225.63,0.78887,0.78382,0.97723,0.0064024
-226.18,0.78912,0.78412,0.9777,0.0063304
-225.85,0.78932,0.78429,0.97801,0.0063745
-224.68,0.78947,0.78432,0.97816,0.0065316
-223,0.78955,0.7842,0.97812,0.0067647
-221.06,0.78955,0.78399,0.97795,0.0070447
-219.1,0.7895,0.78371,0.97768,0.0073391
-217.27,0.7894,0.78338,0.97732,0.0076237
-215.74,0.78927,0.78306,0.97695,0.0078701
-214.42,0.78912,0.78274,0.97656,0.0080893
-213.32,0.78896,0.78243,0.97616,0.0082758
-212.47,0.78879,0.78215,0.97578,0.0084225
-211.94,0.78864,0.78193,0.97548,0.0085147
-211.64,0.7885,0.78175,0.97521,0.0085682
-211.54,0.78837,0.78161,0.97498,0.0085854
-211.62,0.78826,0.78151,0.97481,0.0085713
-211.84,0.78817,0.78145,0.97468,0.0085317
-212.2,0.7881,0.78142,0.9746,0.0084674
-212.72,0.78805,0.78145,0.97458,0.0083764
-213.42,0.78802,0.78152,0.97461,0.0082547
-214.3,0.78802,0.78163,0.97471,0.0081057
-215.36,0.78805,0.7818,0.97487,0.0079287
-216.57,0.7881,0.782,0.97509,0.0077317
-217.86,0.78818,0.78225,0.97535,0.007526
-219.16,0.78828,0.78251,0.97565,0.0073249
-220.44,0.7884,0.78278,0.97598,0.0071326
-221.69,0.78854,0.78306,0.97633,0.00695
-222.92,0.78869,0.78335,0.9767,0.0067739
-224.2,0.78885,0.78365,0.97709,0.0065954
-225.52,0.78903,0.78396,0.97749,0.0064171
-226.83,0.78921,0.78428,0.97791,0.0062443
-228.04,0.7894,0.78459,0.97832,0.0060894
-229.21,0.78963,0.78494,0.97881,0.0059436
-229.65,0.78985,0.7852,0.97921,0.0058887
-229.23,0.79003,0.78534,0.97947,0.005942
-227.97,0.79015,0.78533,0.97957,0.0061003
-226.11,0.7902,0.78519,0.9795,0.0063421
-223.99,0.79019,0.78495,0.97928,0.0066292
-221.88,0.79011,0.78464,0.97896,0.0069266
-219.96,0.78999,0.78429,0.97857,0.0072097
-218.49,0.78985,0.78398,0.97819,0.0074336
-217.22,0.7897,0.78367,0.97781,0.0076321
-216.17,0.78954,0.78338,0.97743,0.0077999
-215.37,0.78937,0.78311,0.97707,0.007931
-214.83,0.78921,0.78288,0.97674,0.0080195
-214.55,0.78906,0.7827,0.97647,0.0080661
-214.5,0.78893,0.78256,0.97624,0.0080748
-214.64,0.78882,0.78247,0.97607,0.0080515
-214.9,0.78874,0.78242,0.97597,0.0080068
-215.31,0.78868,0.78242,0.97591,0.0079379
-215.9,0.78864,0.78245,0.97591,0.0078414
-216.68,0.78862,0.78254,0.97596,0.0077143
-217.61,0.78863,0.78266,0.97607,0.0075673
-218.69,0.78866,0.78282,0.97624,0.0073991
-219.87,0.78872,0.78302,0.97645,0.0072184
-221.11,0.7888,0.78325,0.9767,0.0070349
-222.31,0.78889,0.78348,0.97698,0.0068618
-223.48,0.789,0.78372,0.97727,0.0066967
-224.62,0.78913,0.78397,0.97758,0.0065389
-225.77,0.78926,0.78422,0.9779,0.0063849
-226.94,0.78941,0.78449,0.97825,0.0062304
-228.15,0.78956,0.78476,0.9786,0.0060761
-229.34,0.78972,0.78503,0.97896,0.0059275
-230.43,0.78988,0.7853,0.97931,0.0057947
-231.45,0.79007,0.78559,0.97972,0.0056726
-231.91,0.79026,0.78582,0.98006,0.0056186
-231.68,0.79041,0.78595,0.9803,0.0056465
-230.75,0.79053,0.78598,0.98042,0.0057576
-229.54,0.79058,0.78592,0.98042,0.0059043
-228.08,0.7906,0.78579,0.98033,0.0060873
-226.49,0.79059,0.78561,0.98016,0.0062923
-224.89,0.79054,0.78539,0.97994,0.006506
-223.43,0.79046,0.78516,0.97969,0.0067075
-222.07,0.79037,0.78492,0.9794,0.0069
-220.84,0.79026,0.78466,0.9791,0.0070796
-219.74,0.79014,0.78441,0.97879,0.0072436
-218.67,0.78999,0.78414,0.97844,0.0074054
-217.81,0.78984,0.78389,0.97811,0.0075403
-217.15,0.78969,0.78366,0.97779,0.007644
-216.7,0.78955,0.78346,0.97751,0.0077142
-216.46,0.78941,0.78329,0.97725,0.0077529
-216.43,0.78928,0.78316,0.97704,0.0077578
-216.57,0.78918,0.78307,0.97688,0.0077342
-216.88,0.78909,0.78303,0.97677,0.0076847
-217.36,0.78903,0.78303,0.97672,0.0076073
-218.07,0.789,0.78308,0.97673,0.0074961
-219.02,0.78899,0.78319,0.97682,0.007349
-220.2,0.78902,0.78336,0.97698,0.007171
-221.52,0.78907,0.78357,0.9772,0.0069766
-222.9,0.78916,0.78381,0.97747,0.0067785
-224.27,0.78926,0.78406,0.97777,0.0065874
-225.61,0.78939,0.78434,0.97811,0.0064067
-226.79,0.78952,0.78459,0.97842,0.006251
-227.99,0.78966,0.78485,0.97876,0.0060964
-229.23,0.78981,0.78512,0.9791,0.0059414
-230.47,0.78996,0.78539,0.97946,0.0057895
-231.46,0.7901,0.78562,0.97976,0.0056709
-232.33,0.79023,0.78583,0.98005,0.0055696
-232.98,0.79037,0.78602,0.98033,0.0054943
-233.35,0.79049,0.78618,0.98056,0.0054529
-233.36,0.79061,0.7863,0.98075,0.0054514
-233.01,0.7907,0.78636,0.98089,0.0054918
-232.31,0.79078,0.78637,0.98096,0.005573
-231.31,0.79083,0.78633,0.98096,0.0056909
-229.84,0.79085,0.78621,0.98088,0.0058685
-228.21,0.79084,0.78603,0.98072,0.0060721
-226.54,0.79079,0.78582,0.9805,0.0062867
-224.94,0.79071,0.78557,0.98023,0.0065003
-223.36,0.7906,0.78529,0.97991,0.0067179
-221.94,0.79047,0.785,0.97956,0.006919
-220.7,0.79033,0.78472,0.9792,0.0070997
-219.66,0.79017,0.78444,0.97885,0.0072559
-218.76,0.79001,0.78417,0.97848,0.007392
-218.14,0.78984,0.78393,0.97815,0.0074882
-217.78,0.78969,0.78374,0.97786,0.0075433
-217.67,0.78956,0.78359,0.97762,0.0075608
-217.75,0.78944,0.78348,0.97744,0.0075478
-218,0.78935,0.78342,0.97731,0.0075078
-218.43,0.78928,0.78341,0.97724,0.0074402
-219.08,0.78924,0.78344,0.97723,0.0073406
-219.9,0.78922,0.78353,0.97729,0.0072166
-220.92,0.78923,0.78366,0.97741,0.0070642
-222.11,0.78927,0.78383,0.97759,0.006891
-223.4,0.78934,0.78404,0.97782,0.0067083
-224.64,0.78942,0.78426,0.97807,0.0065368
-225.86,0.78953,0.78449,0.97835,0.0063729
-227.05,0.78964,0.78473,0.97865,0.0062172
-228.23,0.78977,0.78498,0.97896,0.0060664
-229.43,0.78991,0.78524,0.97929,0.0059169
-230.66,0.79005,0.7855,0.97963,0.0057673
-231.87,0.79021,0.78576,0.97998,0.0056227
-232.98,0.79036,0.78602,0.98032,0.0054941
-233.99,0.79055,0.7863,0.98071,0.0053806
-234.37,0.79072,0.7865,0.98102,0.0053382
-233.99,0.79087,0.78661,0.98123,0.005381
-232.87,0.79096,0.78661,0.98131,0.0055087
-231.43,0.791,0.78651,0.98126,0.0056769
-229.74,0.791,0.78635,0.98112,0.005881
-227.96,0.79096,0.78613,0.98091,0.0061035
-226.22,0.79088,0.78588,0.98063,0.0063289
-224.71,0.79079,0.78562,0.98034,0.006532
-223.33,0.79067,0.78536,0.98002,0.0067223
-222.1,0.79054,0.78509,0.97969,0.0068965
-221.03,0.7904,0.78483,0.97936,0.0070515
-220.01,0.79024,0.78455,0.97899,0.0072021
-219.26,0.79008,0.7843,0.97864,0.0073164
-218.76,0.78992,0.78408,0.97833,0.0073913
-218.52,0.78978,0.78391,0.97807,0.007428
-218.5,0.78965,0.78378,0.97786,0.0074317
-218.65,0.78955,0.7837,0.9777,0.007407
-218.99,0.78946,0.78366,0.9776,0.0073558
-219.52,0.78941,0.78366,0.97756,0.0072748
-220.29,0.78938,0.78372,0.97758,0.0071583
-221.32,0.78938,0.78384,0.97768,0.0070062
-222.57,0.78941,0.78402,0.97786,0.0068256
-223.96,0.78947,0.78424,0.97809,0.0066303
-225.27,0.78956,0.78446,0.97835,0.0064518
-226.56,0.78966,0.7847,0.97864,0.0062811
-227.81,0.78979,0.78495,0.97895,0.0061195
-229.05,0.78992,0.78521,0.97927,0.0059631
-230.25,0.79005,0.78546,0.97959,0.0058168
-231.47,0.7902,0.78572,0.97993,0.0056705
-232.67,0.79035,0.78598,0.98027,0.0055302
-233.75,0.7905,0.78623,0.9806,0.0054072
-234.64,0.79067,0.78647,0.98095,0.0053075
-235,0.79083,0.78666,0.98124,0.0052688
-234.69,0.79096,0.78676,0.98144,0.0053026
-233.74,0.79105,0.78677,0.98152,0.0054095
-232.48,0.7911,0.7867,0.9815,0.0055537
-230.96,0.79111,0.78657,0.9814,0.0057328
-229.32,0.79108,0.78639,0.98122,0.0059331
-227.67,0.79102,0.78616,0.98099,0.0061413
-226.17,0.79094,0.78593,0.98073,0.0063359
-224.78,0.79084,0.78569,0.98044,0.0065218
-223.52,0.79073,0.78544,0.98014,0.0066953
-222.4,0.79061,0.78519,0.97983,0.0068537
-221.31,0.79046,0.78492,0.97948,0.0070102
-220.43,0.79031,0.78467,0.97914,0.0071403
-219.76,0.79016,0.78444,0.97883,0.0072402
-219.31,0.79002,0.78425,0.97855,0.0073077
-219.06,0.78988,0.78407,0.97829,0.0073455
-219.02,0.78975,0.78395,0.97808,0.0073508
-219.17,0.78965,0.78386,0.97792,0.0073289
-219.48,0.78956,0.78381,0.97782,0.0072813
-220,0.7895,0.78382,0.97777,0.0072025
-220.77,0.78947,0.78388,0.97779,0.0070873
-221.81,0.78947,0.784,0.97789,0.0069351
-223.08,0.7895,0.78417,0.97806,0.0067539
-224.6,0.78957,0.78441,0.97832,0.0065433
-226.15,0.78968,0.78468,0.97863,0.0063356
-227.65,0.78981,0.78496,0.97898,0.0061405
-229.12,0.78996,0.78526,0.97935,0.0059556
-230.29,0.79009,0.7855,0.97966,0.0058112
-231.51,0.79023,0.78575,0.97999,0.0056661
-232.72,0.79038,0.78601,0.98032,0.0055243
-233.85,0.79053,0.78626,0.98066,0.0053956
-234.77,0.79068,0.78649,0.98098,0.005294
-235.31,0.79082,0.78668,0.98125,0.0052347
-235.37,0.79095,0.78682,0.98147,0.0052284
-234.9,0.79106,0.78688,0.98161,0.0052799
-234.01,0.79113,0.78687,0.98166,0.005379
-232.78,0.79116,0.7868,0.98163,0.0055197
-231.31,0.79117,0.78667,0.98153,0.0056917
-229.73,0.79114,0.78649,0.98136,0.0058832
-228.25,0.79109,0.78629,0.98116,0.0060675
-226.82,0.79102,0.78608,0.98092,0.0062503
-225.49,0.79093,0.78585,0.98065,0.006426
-224.28,0.79083,0.78562,0.98037,0.0065913
-222.98,0.79069,0.78534,0.98002,0.006772
-221.86,0.79055,0.78507,0.97968,0.0069316
-220.93,0.7904,0.78481,0.97934,0.0070663
-220.22,0.79025,0.78458,0.97902,0.0071717
-219.7,0.79009,0.78437,0.97872,0.007249
-219.43,0.78995,0.78419,0.97846,0.0072903
-219.36,0.78983,0.78406,0.97824,0.0072998
-219.47,0.78972,0.78397,0.97808,0.0072824
-219.72,0.78964,0.78392,0.97797,0.0072454
-220.11,0.78958,0.78391,0.97791,0.0071855
-220.69,0.78955,0.78394,0.9779,0.0070996
-221.46,0.78953,0.78401,0.97795,0.0069855
-222.38,0.78954,0.78412,0.97805,0.0068533
-223.44,0.78956,0.78427,0.9782,0.0067036
-224.59,0.78962,0.78445,0.97839,0.0065448
-225.77,0.78969,0.78465,0.97861,0.0063852
-226.9,0.78977,0.78485,0.97885,0.0062374
-227.99,0.78987,0.78506,0.97911,0.0060964
-229.07,0.78998,0.78527,0.97938,0.0059608
-230.16,0.7901,0.78549,0.97966,0.0058274
-231.26,0.79022,0.78572,0.97995,0.0056954
-232.38,0.79035,0.78595,0.98026,0.005564
-233.47,0.79049,0.78619,0.98056,0.0054387
-234.45,0.79063,0.78641,0.98086,0.0053289
-235.3,0.79078,0.78664,0.98119,0.0052359
-235.67,0.79093,0.78682,0.98146,0.0051957
-235.46,0.79105,0.78692,0.98165,0.0052185
-234.67,0.79115,0.78695,0.98175,0.0053062
-233.56,0.7912,0.7869,0.98175,0.0054298
-232.19,0.79121,0.78679,0.98167,0.005588
-230.66,0.7912,0.78664,0.98153,0.0057695
-229.08,0.79116,0.78644,0.98133,0.0059628
-227.59,0.79109,0.78623,0.9811,0.0061512
-226.19,0.79101,0.78599,0.98083,0.0063343
-224.89,0.7909,0.78576,0.98055,0.0065075
-223.72,0.79079,0.78551,0.98025,0.0066683
-222.55,0.79065,0.78525,0.97991,0.0068331
-221.55,0.7905,0.78499,0.97958,0.0069757
-220.76,0.79036,0.78475,0.97926,0.007092
-220.17,0.79021,0.78454,0.97896,0.0071788
-219.78,0.79007,0.78435,0.97868,0.0072376
-219.6,0.78994,0.7842,0.97845,0.0072637
-219.61,0.78982,0.78409,0.97826,0.0072618
-219.78,0.78973,0.78401,0.97812,0.0072358
-220.09,0.78966,0.78398,0.97803,0.0071894
-220.56,0.7896,0.78398,0.97799,0.0071181
-221.24,0.78957,0.78403,0.97801,0.0070185
-222.12,0.78957,0.78413,0.97808,0.0068903
-223.13,0.78959,0.78426,0.97821,0.0067465
-224.27,0.78963,0.78443,0.97838,0.0065892
-225.46,0.78969,0.78462,0.97859,0.0064277
-226.65,0.78977,0.78482,0.97883,0.0062695
-227.76,0.78987,0.78503,0.97908,0.006127
-228.84,0.78997,0.78524,0.97934,0.0059904
-229.92,0.79009,0.78546,0.97962,0.0058571
-231.02,0.79021,0.78568,0.97991,0.0057243
-232.09,0.79033,0.78591,0.9802,0.0055979
-233.16,0.79046,0.78613,0.98049,0.0054747
-234.16,0.79059,0.78635,0.98078,0.0053613
-235.01,0.79072,0.78655,0.98106,0.0052672
-235.63,0.79085,0.78674,0.98133,0.0052
-235.85,0.79098,0.78688,0.98155,0.0051762
-235.62,0.79109,0.78697,0.98171,0.0052016
-234.93,0.79117,0.78699,0.9818,0.0052771
-233.86,0.79122,0.78695,0.98181,0.0053968
-232.5,0.79124,0.78685,0.98174,0.005552
-230.98,0.79123,0.78669,0.9816,0.0057318
-229.39,0.79119,0.7865,0.98141,0.0059245
-227.9,0.79113,0.78629,0.98118,0.0061116
-226.49,0.79104,0.78606,0.98092,0.006294
-225.19,0.79094,0.78583,0.98064,0.006467
-224.01,0.79083,0.78559,0.98035,0.006628
-222.82,0.79069,0.78532,0.98001,0.0067947
-221.8,0.79054,0.78506,0.97967,0.0069396
-220.98,0.7904,0.78482,0.97935,0.0070588
-220.37,0.79025,0.7846,0.97905,0.0071488
-219.95,0.79011,0.78441,0.97877,0.0072111
-219.76,0.78998,0.78426,0.97853,0.0072403
-219.75,0.78986,0.78414,0.97833,0.0072412
-219.9,0.78976,0.78406,0.97819,0.0072177
-220.19,0.78969,0.78402,0.97809,0.0071743
-220.64,0.78964,0.78402,0.97805,0.0071067
-221.29,0.7896,0.78407,0.97806,0.0070116
-222.14,0.78959,0.78416,0.97812,0.006888
-223.12,0.78961,0.78428,0.97824,0.0067483
-224.23,0.78965,0.78444,0.9784,0.0065941
-225.41,0.78971,0.78462,0.97861,0.0064344
-226.6,0.78979,0.78483,0.97884,0.0062769
-227.7,0.78988,0.78503,0.97909,0.0061342
-228.78,0.78998,0.78524,0.97935,0.0059977
-229.85,0.79009,0.78546,0.97962,0.005865
-230.94,0.79021,0.78568,0.97991,0.0057333
-232.02,0.79033,0.7859,0.98019,0.0056064
-233.09,0.79046,0.78612,0.98048,0.0054817
-234.12,0.79059,0.78635,0.98078,0.0053657
-235.01,0.79072,0.78655,0.98106,0.0052674
-235.69,0.79086,0.78675,0.98134,0.0051933
-235.96,0.79099,0.7869,0.98158,0.0051642
-235.75,0.7911,0.787,0.98175,0.0051869
-235.06,0.79118,0.78702,0.98184,0.0052628
-234.01,0.79124,0.78698,0.98185,0.0053799
-232.67,0.79126,0.78688,0.98178,0.0055322
-231.17,0.79125,0.78673,0.98165,0.0057091
-229.6,0.79121,0.78654,0.98146,0.0058992
-228.11,0.79115,0.78633,0.98123,0.0060856
-226.69,0.79106,0.78611,0.98098,0.0062676
-225.39,0.79097,0.78587,0.9807,0.0064408
-224.2,0.79085,0.78563,0.98041,0.006602
-222.99,0.79072,0.78536,0.98007,0.00677
-221.96,0.79057,0.7851,0.97973,0.0069164
-221.13,0.79042,0.78486,0.9794,0.0070374
-220.5,0.79028,0.78465,0.9791,0.0071295
-220.07,0.79013,0.78445,0.97882,0.0071939
-219.86,0.79,0.78429,0.97858,0.0072251
-219.84,0.78988,0.78417,0.97838,0.0072276
-219.98,0.78978,0.78409,0.97823,0.0072056
-220.26,0.78971,0.78405,0.97814,0.0071638
-220.7,0.78965,0.78405,0.97809,0.0070982
-221.33,0.78962,0.78409,0.97809,0.0070055
-222.16,0.78961,0.78417,0.97815,0.0068846
-223.13,0.78962,0.7843,0.97827,0.0067471
-224.23,0.78966,0.78445,0.97843,0.0065946
-225.4,0.78972,0.78463,0.97863,0.0064358
-226.58,0.78979,0.78483,0.97886,0.0062788
-227.69,0.78988,0.78504,0.9791,0.0061359
-228.77,0.78998,0.78524,0.97936,0.0059993
-229.84,0.79009,0.78546,0.97963,0.0058669
-230.92,0.79021,0.78568,0.97991,0.0057356
-232,0.79033,0.7859,0.98019,0.0056085
-233.08,0.79046,0.78613,0.98049,0.0054831
-234.12,0.79059,0.78635,0.98078,0.0053657
-235.03,0.79072,0.78656,0.98107,0.0052655
-235.74,0.79087,0.78676,0.98136,0.0051879
-236.03,0.791,0.78692,0.9816,0.0051564
-235.83,0.79111,0.78701,0.98177,0.0051783
-235.13,0.7912,0.78704,0.98186,0.0052552
-234.08,0.79125,0.787,0.98187,0.0053721
-232.74,0.79127,0.7869,0.98181,0.005524
-231.24,0.79126,0.78675,0.98167,0.0057002
-229.67,0.79122,0.78656,0.98148,0.0058898
-228.18,0.79116,0.78635,0.98126,0.006076
-226.77,0.79108,0.78613,0.981,0.0062579
-225.46,0.79098,0.78589,0.98072,0.0064309
-224.27,0.79087,0.78565,0.98043,0.0065921
-223.06,0.79073,0.78538,0.98009,0.00676
-222.03,0.79058,0.78512,0.97975,0.0069065
-221.2,0.79044,0.78488,0.97943,0.0070275
-220.57,0.79029,0.78466,0.97913,0.0071197
-220.13,0.79014,0.78447,0.97884,0.0071843
-219.92,0.79001,0.78431,0.9786,0.0072157
-219.9,0.78989,0.78419,0.97841,0.0072184
-220.04,0.7898,0.78411,0.97826,0.0071965
-220.32,0.78972,0.78407,0.97816,0.007155
-220.76,0.78967,0.78407,0.97811,0.0070897
-221.39,0.78963,0.78411,0.97812,0.0069973
-222.22,0.78962,0.78419,0.97818,0.0068767
-223.18,0.78963,0.78431,0.97829,0.0067396
-224.28,0.78967,0.78447,0.97845,0.0065874
-225.45,0.78973,0.78465,0.97865,0.0064289
-226.63,0.7898,0.78485,0.97888,0.0062722
-227.74,0.78989,0.78505,0.97912,0.0061295
-228.82,0.78999,0.78526,0.97938,0.0059931
-229.89,0.7901,0.78547,0.97965,0.0058609
-230.97,0.79022,0.78569,0.97993,0.0057299
-232.05,0.79034,0.78591,0.98021,0.0056029
-233.13,0.79047,0.78614,0.98051,0.0054777
-234.17,0.7906,0.78636,0.9808,0.0053605
-235.07,0.79073,0.78657,0.98109,0.0052603
-235.79,0.79087,0.78677,0.98137,0.0051828
-236.08,0.791,0.78693,0.98161,0.0051512
-235.88,0.79112,0.78703,0.98179,0.0051732
-235.18,0.7912,0.78705,0.98188,0.0052501
-234.12,0.79126,0.78701,0.98189,0.005367
-232.79,0.79128,0.78691,0.98182,0.0055188
-231.28,0.79127,0.78676,0.98169,0.005695
-229.72,0.79123,0.78657,0.9815,0.0058845
-228.23,0.79117,0.78636,0.98127,0.0060705
-226.81,0.79108,0.78614,0.98102,0.0062523
-225.5,0.79098,0.7859,0.98074,0.0064252
-224.31,0.79087,0.78566,0.98045,0.0065863
-223.1,0.79073,0.78539,0.98011,0.0067541
-222.07,0.79059,0.78513,0.97977,0.0069005
-221.24,0.79044,0.78489,0.97945,0.0070215
-220.61,0.7903,0.78468,0.97915,0.0071137
-220.17,0.79015,0.78448,0.97886,0.0071782
-219.96,0.79002,0.78432,0.97862,0.0072096
-219.94,0.7899,0.7842,0.97842,0.0072124
-220.08,0.7898,0.78412,0.97827,0.0071906
-220.36,0.78973,0.78408,0.97818,0.0071491
-220.8,0.78967,0.78408,0.97813,0.0070839
-221.42,0.78964,0.78412,0.97813,0.0069916
-222.26,0.78963,0.7842,0.97819,0.0068711
-223.22,0.78964,0.78432,0.9783,0.0067341
-224.32,0.78968,0.78448,0.97846,0.006582
-225.49,0.78973,0.78466,0.97866,0.0064237
-226.67,0.78981,0.78486,0.97889,0.0062671
-227.77,0.7899,0.78506,0.97913,0.0061246
-228.85,0.79,0.78527,0.97939,0.0059884
-229.92,0.79011,0.78548,0.97966,0.0058564
-231.01,0.79023,0.7857,0.97994,0.0057255
-232.08,0.79035,0.78592,0.98023,0.0055986
-233.17,0.79047,0.78615,0.98052,0.0054736
-234.2,0.79061,0.78637,0.98081,0.0053565
-235.11,0.79074,0.78658,0.9811,0.0052565
-235.82,0.79088,0.78678,0.98139,0.0051793
-236.11,0.79101,0.78694,0.98162,0.0051479
-235.91,0.79112,0.78703,0.9818,0.0051699
-235.21,0.79121,0.78706,0.98189,0.0052467
-234.15,0.79126,0.78702,0.9819,0.0053637
-232.82,0.79128,0.78692,0.98183,0.0055154
-231.31,0.79127,0.78677,0.9817,0.0056915
-229.75,0.79123,0.78658,0.98151,0.0058809
-228.25,0.79117,0.78637,0.98128,0.0060669
-226.84,0.79109,0.78614,0.98103,0.0062486
-225.53,0.79099,0.78591,0.98075,0.0064215
-224.34,0.79088,0.78567,0.98046,0.0065825
-223.13,0.79074,0.7854,0.98012,0.0067503
-222.1,0.79059,0.78514,0.97978,0.0068966
-221.26,0.79045,0.7849,0.97946,0.0070176
-220.64,0.7903,0.78468,0.97916,0.0071097
-220.2,0.79016,0.78449,0.97887,0.0071742
-219.99,0.79002,0.78433,0.97863,0.0072057
-219.97,0.78991,0.78421,0.97843,0.0072084
-220.11,0.78981,0.78413,0.97828,0.0071867
-220.38,0.78973,0.78409,0.97819,0.0071453
-220.82,0.78968,0.78409,0.97814,0.0070801
-221.45,0.78964,0.78413,0.97814,0.0069879
-222.28,0.78963,0.78421,0.9782,0.0068675
-223.25,0.78965,0.78433,0.97831,0.0067305
-224.34,0.78968,0.78449,0.97847,0.0065785
-225.51,0.78974,0.78467,0.97867,0.0064203
-226.7,0.78982,0.78487,0.9789,0.0062639
-227.8,0.7899,0.78507,0.97914,0.0061215
-228.88,0.79,0.78528,0.9794,0.0059854
-229.95,0.79011,0.78549,0.97967,0.0058534
-231.03,0.79023,0.78571,0.97995,0.0057226
-232.11,0.79035,0.78593,0.98023,0.0055959
-233.19,0.79048,0.78615,0.98053,0.005471
-234.23,0.79061,0.78638,0.98082,0.005354
-235.13,0.79074,0.78659,0.98111,0.0052541
-235.84,0.79088,0.78679,0.98139,0.005177
-236.13,0.79101,0.78694,0.98163,0.0051457
-235.93,0.79113,0.78704,0.9818,0.0051677
-235.23,0.79121,0.78706,0.9819,0.0052446
-234.17,0.79126,0.78702,0.9819,0.0053615
-232.84,0.79128,0.78692,0.98184,0.0055132
-231.33,0.79127,0.78677,0.98171,0.0056893
-229.76,0.79124,0.78658,0.98152,0.0058786
-228.27,0.79117,0.78638,0.98129,0.0060646
-226.86,0.79109,0.78615,0.98103,0.0062463
-225.55,0.79099,0.78591,0.98075,0.0064191
-224.36,0.79088,0.78568,0.98046,0.0065801
-223.15,0.79074,0.78541,0.98012,0.0067478
-222.12,0.7906,0.78515,0.97979,0.0068941
-221.28,0.79045,0.7849,0.97946,0.0070151
-220.65,0.79031,0.78469,0.97916,0.0071071
-220.22,0.79016,0.78449,0.97888,0.0071717
-220,0.79003,0.78434,0.97863,0.0072031
-219.98,0.78991,0.78422,0.97844,0.0072059
-220.13,0.78981,0.78414,0.97829,0.0071842
-220.4,0.78974,0.78409,0.97819,0.0071428
-220.84,0.78968,0.78409,0.97814,0.0070776
-221.47,0.78965,0.78413,0.97815,0.0069855
-222.3,0.78964,0.78422,0.97821,0.0068651
-223.27,0.78965,0.78434,0.97832,0.0067282
-224.36,0.78968,0.78449,0.97848,0.0065763
-225.53,0.78974,0.78467,0.97868,0.0064182
-226.71,0.78982,0.78487,0.97891,0.0062617
-227.82,0.78991,0.78507,0.97915,0.0061194
-228.89,0.79001,0.78528,0.97941,0.0059834
-229.96,0.79012,0.78549,0.97968,0.0058515
-231.05,0.79023,0.78571,0.97996,0.0057208
-232.12,0.79036,0.78593,0.98024,0.0055941
-233.2,0.79048,0.78616,0.98053,0.0054693
-234.24,0.79061,0.78638,0.98083,0.0053524
-235.14,0.79074,0.78659,0.98111,0.0052526
-235.85,0.79089,0.78679,0.9814,0.0051755
-236.15,0.79102,0.78695,0.98164,0.0051443
-235.94,0.79113,0.78704,0.98181,0.0051663
-235.24,0.79121,0.78707,0.9819,0.0052432
-234.19,0.79127,0.78702,0.98191,0.00536
-232.85,0.79129,0.78693,0.98184,0.0055117
-231.35,0.79128,0.78678,0.98171,0.0056878
-229.78,0.79124,0.78659,0.98152,0.0058772
-228.28,0.79118,0.78638,0.98129,0.0060631
-226.87,0.79109,0.78615,0.98104,0.0062447
-225.56,0.79099,0.78592,0.98076,0.0064175
-224.37,0.79088,0.78568,0.98047,0.0065785
-223.16,0.79074,0.78541,0.98013,0.0067462
-222.13,0.7906,0.78515,0.97979,0.0068925
-221.29,0.79045,0.78491,0.97947,0.0070134
-220.66,0.79031,0.78469,0.97917,0.0071055
-220.23,0.79016,0.7845,0.97888,0.00717
-220.01,0.79003,0.78434,0.97864,0.0072014
-219.99,0.78991,0.78422,0.97844,0.0072042
-220.14,0.78981,0.78414,0.97829,0.0071825
-220.41,0.78974,0.7841,0.9782,0.0071412
-220.85,0.78968,0.78409,0.97815,0.007076
-221.48,0.78965,0.78413,0.97815,0.0069839
-222.31,0.78964,0.78422,0.97821,0.0068635
-223.28,0.78965,0.78434,0.97832,0.0067267
-224.37,0.78969,0.78449,0.97848,0.0065748
-225.54,0.78974,0.78468,0.97868,0.0064167
-226.72,0.78982,0.78488,0.97891,0.0062604
-227.83,0.78991,0.78508,0.97915,0.0061181
-228.9,0.79001,0.78528,0.97941,0.0059822
-229.97,0.79012,0.7855,0.97968,0.0058503
-231.06,0.79024,0.78572,0.97996,0.0057196
-232.13,0.79036,0.78594,0.98024,0.005593
-233.21,0.79048,0.78616,0.98054,0.0054681
-234.25,0.79061,0.78638,0.98083,0.0053513
-235.15,0.79075,0.78659,0.98112,0.0052515
-235.86,0.79089,0.78679,0.9814,0.0051745
-236.15,0.79102,0.78695,0.98164,0.0051433
-235.95,0.79113,0.78704,0.98181,0.0051654
-235.25,0.79122,0.78707,0.9819,0.0052422
-234.19,0.79127,0.78703,0.98191,0.0053591
-232.86,0.79129,0.78693,0.98185,0.0055108
-231.35,0.79128,0.78678,0.98171,0.0056869
-229.78,0.79124,0.78659,0.98152,0.0058762
-228.29,0.79118,0.78638,0.9813,0.0060621
-226.88,0.79109,0.78615,0.98104,0.0062437
-225.57,0.79099,0.78592,0.98076,0.0064165
-224.38,0.79088,0.78568,0.98047,0.0065774
-223.17,0.79074,0.78541,0.98013,0.0067451
-222.14,0.7906,0.78515,0.97979,0.0068914
-221.3,0.79045,0.78491,0.97947,0.0070123
-220.67,0.79031,0.78469,0.97917,0.0071044
-220.23,0.79016,0.7845,0.97888,0.0071689
-220.02,0.79003,0.78434,0.97864,0.0072003
-220,0.78991,0.78422,0.97845,0.0072031
-220.14,0.78981,0.78414,0.9783,0.0071815
-220.42,0.78974,0.7841,0.9782,0.0071401
-220.86,0.78968,0.7841,0.97815,0.007075
-221.48,0.78965,0.78414,0.97815,0.0069829
-222.32,0.78964,0.78422,0.97822,0.0068625
-223.28,0.78965,0.78434,0.97833,0.0067257
-224.38,0.78969,0.7845,0.97849,0.0065738
-225.55,0.78974,0.78468,0.97869,0.0064158
-226.73,0.78982,0.78488,0.97892,0.0062595
-227.83,0.78991,0.78508,0.97916,0.0061172
-228.91,0.79001,0.78528,0.97941,0.0059813
-229.98,0.79012,0.7855,0.97968,0.0058495
-231.06,0.79024,0.78572,0.97996,0.0057188
-232.14,0.79036,0.78594,0.98025,0.0055922
-233.22,0.79048,0.78616,0.98054,0.0054674
-234.26,0.79061,0.78638,0.98083,0.0053506
-235.16,0.79075,0.78659,0.98112,0.0052509
-235.87,0.79089,0.7868,0.9814,0.0051739
-236.16,0.79102,0.78695,0.98164,0.0051427
-235.96,0.79113,0.78704,0.98181,0.0051648
-235.25,0.79122,0.78707,0.98191,0.0052416
-234.2,0.79127,0.78703,0.98191,0.0053585
-232.86,0.79129,0.78693,0.98185,0.0055102
-231.36,0.79128,0.78678,0.98172,0.0056862
-229.79,0.79124,0.78659,0.98153,0.0058756
-228.3,0.79118,0.78638,0.9813,0.0060614
-226.88,0.79109,0.78616,0.98104,0.0062431
-225.57,0.791,0.78592,0.98076,0.0064158
-224.38,0.79088,0.78568,0.98047,0.0065767
-223.17,0.79075,0.78541,0.98013,0.0067444
-222.14,0.7906,0.78515,0.97979,0.0068907
-221.3,0.79045,0.78491,0.97947,0.0070116
-220.68,0.79031,0.7847,0.97917,0.0071037
-220.24,0.79016,0.7845,0.97889,0.0071682
-220.03,0.79003,0.78434,0.97864,0.0071996
-220.01,0.78991,0.78422,0.97845,0.0072024
-220.15,0.78981,0.78414,0.9783,0.0071808
-220.42,0.78974,0.7841,0.9782,0.0071394
-220.86,0.78968,0.7841,0.97815,0.0070743
-221.49,0.78965,0.78414,0.97816,0.0069822
-222.32,0.78964,0.78422,0.97822,0.0068619
-223.29,0.78965,0.78434,0.97833,0.006725
-224.38,0.78969,0.7845,0.97849,0.0065732
-225.55,0.78975,0.78468,0.97869,0.0064152
-226.73,0.78982,0.78488,0.97892,0.0062589
-227.84,0.78991,0.78508,0.97916,0.0061167
-228.91,0.79001,0.78529,0.97941,0.0059808
-229.98,0.79012,0.7855,0.97968,0.005849
-231.07,0.79024,0.78572,0.97997,0.0057183
-232.14,0.79036,0.78594,0.98025,0.0055917
-233.22,0.79048,0.78616,0.98054,0.0054669
-234.26,0.79062,0.78639,0.98083,0.0053501
-235.16,0.79075,0.7866,0.98112,0.0052504
-235.87,0.79089,0.7868,0.9814,0.0051735
-236.16,0.79102,0.78695,0.98164,0.0051423
-235.96,0.79113,0.78705,0.98181,0.0051644
-235.26,0.79122,0.78707,0.98191,0.0052413
-234.2,0.79127,0.78703,0.98191,0.0053581
-232.87,0.79129,0.78693,0.98185,0.0055098
-231.36,0.79128,0.78678,0.98172,0.0056858
-229.79,0.79124,0.78659,0.98153,0.0058751
-228.3,0.79118,0.78638,0.9813,0.006061
-226.88,0.7911,0.78616,0.98104,0.0062426
-225.58,0.791,0.78592,0.98076,0.0064154
-224.39,0.79088,0.78568,0.98047,0.0065763
-223.18,0.79075,0.78541,0.98013,0.006744
-222.14,0.7906,0.78515,0.9798,0.0068903
-221.31,0.79045,0.78491,0.97947,0.0070111
-220.68,0.79031,0.7847,0.97917,0.0071032
-220.24,0.79016,0.7845,0.97889,0.0071677
-220.03,0.79003,0.78434,0.97864,0.0071991
-220.01,0.78991,0.78422,0.97845,0.007202
-220.15,0.78982,0.78414,0.9783,0.0071803
-220.43,0.78974,0.7841,0.9782,0.007139
-220.86,0.78969,0.7841,0.97815,0.0070739
-221.49,0.78965,0.78414,0.97816,0.0069818
-222.33,0.78964,0.78422,0.97822,0.0068614
-223.29,0.78965,0.78434,0.97833,0.0067246
-224.39,0.78969,0.7845,0.97849,0.0065728
-225.55,0.78975,0.78468,0.97869,0.0064148
-226.74,0.78982,0.78488,0.97892,0.0062585
-227.84,0.78991,0.78508,0.97916,0.0061163
-228.92,0.79001,0.78529,0.97941,0.0059804
-229.99,0.79012,0.7855,0.97968,0.0058486
-231.07,0.79024,0.78572,0.97997,0.005718
-232.14,0.79036,0.78594,0.98025,0.0055914
-233.23,0.79049,0.78616,0.98054,0.0054666
-234.26,0.79062,0.78639,0.98083,0.0053498
-235.17,0.79075,0.7866,0.98112,0.0052501
-235.87,0.79089,0.7868,0.98141,0.0051732
-236.17,0.79102,0.78695,0.98164,0.0051421
-235.96,0.79113,0.78705,0.98182,0.0051642
-235.26,0.79122,0.78707,0.98191,0.005241
-234.2,0.79127,0.78703,0.98192,0.0053579
-232.87,0.79129,0.78693,0.98185,0.0055095
-231.36,0.79128,0.78678,0.98172,0.0056856
-229.8,0.79124,0.78659,0.98153,0.0058749
-228.3,0.79118,0.78638,0.9813,0.0060607
-226.89,0.7911,0.78616,0.98104,0.0062424
-225.58,0.791,0.78592,0.98077,0.0064151
-224.39,0.79088,0.78568,0.98047,0.006576
-223.18,0.79075,0.78541,0.98013,0.0067437
-222.15,0.7906,0.78515,0.9798,0.00689
-221.31,0.79045,0.78491,0.97947,0.0070109
-220.68,0.79031,0.7847,0.97917,0.0071029
-220.24,0.79016,0.7845,0.97889,0.0071674
-220.03,0.79003,0.78434,0.97865,0.0071988
-220.01,0.78991,0.78422,0.97845,0.0072017
-220.15,0.78982,0.78414,0.9783,0.00718
-220.43,0.78974,0.7841,0.9782,0.0071387
-220.87,0.78969,0.7841,0.97815,0.0070736
-221.49,0.78965,0.78414,0.97816,0.0069815
-222.33,0.78964,0.78422,0.97822,0.0068612
-223.29,0.78965,0.78434,0.97833,0.0067243
-224.39,0.78969,0.7845,0.97849,0.0065725
-225.56,0.78975,0.78468,0.97869,0.0064145
-226.74,0.78982,0.78488,0.97892,0.0062583
-227.84,0.78991,0.78508,0.97916,0.006116
-228.92,0.79001,0.78529,0.97942,0.0059802
-229.99,0.79012,0.7855,0.97968,0.0058484
-231.07,0.79024,0.78572,0.97997,0.0057177
-232.15,0.79036,0.78594,0.98025,0.0055912
-233.23,0.79049,0.78616,0.98054,0.0054664
-234.26,0.79062,0.78639,0.98084,0.0053497
-235.17,0.79075,0.7866,0.98112,0.00525
-235.88,0.79089,0.7868,0.98141,0.0051731
-236.17,0.79102,0.78695,0.98164,0.0051419
-235.96,0.79113,0.78705,0.98182,0.005164
-235.26,0.79122,0.78707,0.98191,0.0052408
-234.21,0.79127,0.78703,0.98192,0.0053577
-232.87,0.79129,0.78693,0.98185,0.0055094
-231.37,0.79128,0.78678,0.98172,0.0056854
-229.8,0.79124,0.78659,0.98153,0.0058747
-228.3,0.79118,0.78638,0.9813,0.0060606
-226.89,0.7911,0.78616,0.98104,0.0062422
-225.58,0.791,0.78592,0.98077,0.0064149
-224.39,0.79089,0.78568,0.98047,0.0065758
-223.18,0.79075,0.78541,0.98013,0.0067435
-222.15,0.7906,0.78515,0.9798,0.0068898
-221.31,0.79046,0.78491,0.97947,0.0070107
-220.68,0.79031,0.7847,0.97917,0.0071027
-220.25,0.79016,0.7845,0.97889,0.0071672
-220.03,0.79003,0.78434,0.97865,0.0071987
-220.01,0.78991,0.78423,0.97845,0.0072015
-220.15,0.78982,0.78415,0.9783,0.0071798
-220.43,0.78974,0.7841,0.9782,0.0071385
-220.87,0.78969,0.7841,0.97816,0.0070734
-221.5,0.78965,0.78414,0.97816,0.0069813
-222.33,0.78964,0.78422,0.97822,0.006861
-223.29,0.78965,0.78434,0.97833,0.0067242
-224.39,0.78969,0.7845,0.97849,0.0065724
-225.56,0.78975,0.78468,0.97869,0.0064144
-226.74,0.78982,0.78488,0.97892,0.0062581
-227.84,0.78991,0.78508,0.97916,0.0061159
-228.92,0.79001,0.78529,0.97942,0.00598
-229.99,0.79012,0.7855,0.97969,0.0058482
-231.07,0.79024,0.78572,0.97997,0.0057176
-232.15,0.79036,0.78594,0.98025,0.005591
-233.23,0.79049,0.78616,0.98054,0.0054663
-234.27,0.79062,0.78639,0.98084,0.0053495
-235.17,0.79075,0.7866,0.98112,0.0052498
-235.88,0.79089,0.7868,0.98141,0.0051729
-236.17,0.79102,0.78695,0.98164,0.0051418
-235.97,0.79113,0.78705,0.98182,0.0051639
-235.26,0.79122,0.78707,0.98191,0.0052407
-234.21,0.79127,0.78703,0.98192,0.0053576
-232.87,0.79129,0.78693,0.98185,0.0055093
-231.37,0.79128,0.78678,0.98172,0.0056853
-229.8,0.79124,0.78659,0.98153,0.0058746
-228.31,0.79118,0.78638,0.9813,0.0060604
-226.89,0.7911,0.78616,0.98104,0.0062421
-225.58,0.791,0.78592,0.98077,0.0064148
-224.39,0.79089,0.78568,0.98047,0.0065757
-223.18,0.79075,0.78541,0.98013,0.0067434
-222.15,0.7906,0.78516,0.9798,0.0068896
-221.31,0.79046,0.78491,0.97947,0.0070105
-220.68,0.79031,0.7847,0.97917,0.0071026
-220.25,0.79016,0.7845,0.97889,0.0071671
-220.03,0.79003,0.78434,0.97865,0.0071985
-220.01,0.78991,0.78423,0.97845,0.0072014
-220.16,0.78982,0.78415,0.9783,0.0071797
-220.43,0.78974,0.7841,0.9782,0.0071384
-220.87,0.78969,0.7841,0.97816,0.0070733
-221.5,0.78965,0.78414,0.97816,0.0069812
-222.33,0.78964,0.78422,0.97822,0.0068609
-223.3,0.78965,0.78434,0.97833,0.0067241
-224.39,0.78969,0.7845,0.97849,0.0065723
-225.56,0.78975,0.78468,0.97869,0.0064143
-226.74,0.78982,0.78488,0.97892,0.006258
-227.84,0.78991,0.78508,0.97916,0.0061158
-228.92,0.79001,0.78529,0.97942,0.0059799
-229.99,0.79012,0.7855,0.97969,0.0058482
-231.07,0.79024,0.78572,0.97997,0.0057175
-232.15,0.79036,0.78594,0.98025,0.0055909
-233.23,0.79049,0.78616,0.98054,0.0054662
-234.27,0.79062,0.78639,0.98084,0.0053494
-235.17,0.79075,0.7866,0.98112,0.0052498
-235.88,0.79089,0.7868,0.98141,0.0051729
-236.17,0.79102,0.78695,0.98164,0.0051417
-235.97,0.79113,0.78705,0.98182,0.0051638
-235.26,0.79122,0.78707,0.98191,0.0052407
-234.21,0.79127,0.78703,0.98192,0.0053575
-232.87,0.79129,0.78693,0.98185,0.0055092
-231.37,0.79128,0.78678,0.98172,0.0056852
-229.8,0.79124,0.78659,0.98153,0.0058745
-228.31,0.79118,0.78638,0.9813,0.0060604
-226.89,0.7911,0.78616,0.98105,0.006242
-225.58,0.791,0.78592,0.98077,0.0064147
-224.39,0.79089,0.78568,0.98048,0.0065756
-223.18,0.79075,0.78541,0.98013,0.0067433
-222.15,0.7906,0.78516,0.9798,0.0068896
-221.31,0.79046,0.78491,0.97947,0.0070104
-220.68,0.79031,0.7847,0.97917,0.0071025
-220.25,0.79016,0.7845,0.97889,0.007167
-220.03,0.79003,0.78434,0.97865,0.0071984
-220.01,0.78991,0.78423,0.97845,0.0072013
-220.16,0.78982,0.78415,0.9783,0.0071796
-220.43,0.78974,0.7841,0.9782,0.0071383
-220.87,0.78969,0.7841,0.97816,0.0070732
-221.5,0.78965,0.78414,0.97816,0.0069811
-222.33,0.78964,0.78422,0.97822,0.0068608
-223.3,0.78965,0.78434,0.97833,0.006724
-224.39,0.78969,0.7845,0.97849,0.0065722
-225.56,0.78975,0.78468,0.97869,0.0064142
-226.74,0.78982,0.78488,0.97892,0.0062579
-227.84,0.78991,0.78508,0.97916,0.0061157
-228.92,0.79001,0.78529,0.97942,0.0059799
-229.99,0.79012,0.7855,0.97969,0.0058481
-231.08,0.79024,0.78572,0.97997,0.0057174
-232.15,0.79036,0.78594,0.98025,0.0055909
-233.23,0.79049,0.78617,0.98054,0.0054662
-234.27,0.79062,0.78639,0.98084,0.0053494
-235.17,0.79075,0.7866,0.98112,0.0052497
-235.88,0.79089,0.7868,0.98141,0.0051728
-236.17,0.79102,0.78695,0.98164,0.0051417
-235.97,0.79113,0.78705,0.98182,0.0051638
-235.26,0.79122,0.78707,0.98191,0.0052406
-234.21,0.79127,0.78703,0.98192,0.0053575
-232.87,0.79129,0.78693,0.98185,0.0055091
-231.37,0.79128,0.78678,0.98172,0.0056852
-229.8,0.79124,0.78659,0.98153,0.0058745
-228.31,0.79118,0.78638,0.9813,0.0060603
-226.89,0.7911,0.78616,0.98105,0.0062419
-225.58,0.791,0.78592,0.98077,0.0064146
-224.39,0.79089,0.78568,0.98048,0.0065756
-223.18,0.79075,0.78541,0.98013,0.0067432
-222.15,0.7906,0.78516,0.9798,0.0068895
-221.31,0.79046,0.78491,0.97947,0.0070104
-220.68,0.79031,0.7847,0.97917,0.0071024
-220.25,0.79016,0.7845,0.97889,0.007167
-220.04,0.79003,0.78434,0.97865,0.0071984
-220.01,0.78991,0.78423,0.97845,0.0072012
-220.16,0.78982,0.78415,0.9783,0.0071796
-220.43,0.78974,0.7841,0.9782,0.0071382
-220.87,0.78969,0.7841,0.97816,0.0070732
-221.5,0.78965,0.78414,0.97816,0.006981
-222.33,0.78964,0.78422,0.97822,0.0068607
-223.3,0.78965,0.78434,0.97833,0.0067239
-224.39,0.78969,0.7845,0.97849,0.0065721
-225.56,0.78975,0.78468,0.97869,0.0064142
-226.74,0.78982,0.78488,0.97892,0.0062579
-227.84,0.78991,0.78508,0.97916,0.0061157
-228.92,0.79001,0.78529,0.97942,0.0059798
-229.99,0.79012,0.7855,0.97969,0.0058481
-231.08,0.79024,0.78572,0.97997,0.0057174
-232.15,0.79036,0.78594,0.98025,0.0055909
-233.23,0.79049,0.78617,0.98054,0.0054661
-234.27,0.79062,0.78639,0.98084,0.0053494
-235.17,0.79075,0.7866,0.98112,0.0052497
-235.88,0.79089,0.7868,0.98141,0.0051728
-236.17,0.79102,0.78695,0.98164,0.0051417
-235.97,0.79113,0.78705,0.98182,0.0051638
-235.26,0.79122,0.78707,0.98191,0.0052406
-234.21,0.79127,0.78703,0.98192,0.0053574
-232.87,0.79129,0.78693,0.98185,0.0055091
-231.37,0.79128,0.78678,0.98172,0.0056851
-229.8,0.79124,0.78659,0.98153,0.0058744
-228.31,0.79118,0.78638,0.9813,0.0060603
-226.89,0.7911,0.78616,0.98105,0.0062419
-225.58,0.791,0.78592,0.98077,0.0064146
-224.39,0.79089,0.78568,0.98048,0.0065755
-223.18,0.79075,0.78541,0.98014,0.0067432
-222.15,0.7906,0.78516,0.9798,0.0068895
-221.31,0.79046,0.78491,0.97947,0.0070104
-220.68,0.79031,0.7847,0.97917,0.0071024
-220.25,0.79016,0.7845,0.97889,0.0071669
-220.04,0.79003,0.78434,0.97865,0.0071984
-220.01,0.78991,0.78423,0.97845,0.0072012
-220.16,0.78982,0.78415,0.9783,0.0071795
-220.43,0.78974,0.7841,0.9782,0.0071382
-220.87,0.78969,0.7841,0.97816,0.0070731
-221.5,0.78965,0.78414,0.97816,0.006981
-222.33,0.78964,0.78422,0.97822,0.0068607
-223.3,0.78965,0.78434,0.97833,0.0067239
-224.39,0.78969,0.7845,0.97849,0.0065721
-225.56,0.78975,0.78468,0.97869,0.0064141
-226.74,0.78982,0.78488,0.97892,0.0062578
-227.84,0.78991,0.78508,0.97916,0.0061157
-228.92,0.79001,0.78529,0.97942,0.0059798
-229.99,0.79012,0.7855,0.97969,0.005848
-231.08,0.79024,0.78572,0.97997,0.0057174
-232.15,0.79036,0.78594,0.98025,0.0055908
-233.23,0.79049,0.78617,0.98054,0.0054661
-234.27,0.79062,0.78639,0.98084,0.0053493
-235.17,0.79075,0.7866,0.98112,0.0052497
-235.88,0.79089,0.7868,0.98141,0.0051728
-236.17,0.79102,0.78695,0.98164,0.0051416
-235.97,0.79113,0.78705,0.98182,0.0051637
-235.26,0.79122,0.78707,0.98191,0.0052406
-234.21,0.79127,0.78703,0.98192,0.0053574
-232.87,0.79129,0.78693,0.98185,0.0055091
-231.37,0.79128,0.78678,0.98172,0.0056851
-229.8,0.79124,0.78659,0.98153,0.0058744
-228.31,0.79118,0.78638,0.9813,0.0060603
-226.89,0.7911,0.78616,0.98105,0.0062419
-225.58,0.791,0.78592,0.98077,0.0064146
-224.39,0.79089,0.78568,0.98048,0.0065755
-223.18,0.79075,0.78541,0.98014,0.0067432
-222.15,0.7906,0.78516,0.9798,0.0068894
-221.31,0.79046,0.78491,0.97947,0.0070103
-220.68,0.79031,0.7847,0.97918,0.0071024
-220.25,0.79016,0.7845,0.97889,0.0071669
-220.04,0.79003,0.78434,0.97865,0.0071983
-220.01,0.78991,0.78423,0.97845,0.0072012
-220.16,0.78982,0.78415,0.9783,0.0071795
-220.43,0.78974,0.7841,0.9782,0.0071382
-220.87,0.78969,0.7841,0.97816,0.0070731
-221.5,0.78965,0.78414,0.97816,0.006981
-222.33,0.78964,0.78422,0.97822,0.0068607
-223.3,0.78965,0.78434,0.97833,0.0067239
-224.39,0.78969,0.7845,0.97849,0.0065721
-225.56,0.78975,0.78468,0.97869,0.0064141
-226.74,0.78982,0.78488,0.97892,0.0062578
-227.84,0.78991,0.78508,0.97916,0.0061156
-228.92,0.79001,0.78529,0.97942,0.0059798
-229.99,0.79012,0.7855,0.97969,0.005848
-231.08,0.79024,0.78572,0.97997,0.0057174
-232.15,0.79036,0.78594,0.98025,0.0055908
-233.23,0.79049,0.78617,0.98054,0.0054661
-234.27,0.79062,0.78639,0.98084,0.0053493
-235.17,0.79075,0.7866,0.98112,0.0052496
-235.88,0.79089,0.7868,0.98141,0.0051728
-236.17,0.79102,0.78695,0.98164,0.0051416
-235.97,0.79113,0.78705,0.98182,0.0051637
-235.26,0.79122,0.78707,0.98191,0.0052405
-234.21,0.79127,0.78703,0.98192,0.0053574
-232.87,0.79129,0.78693,0.98185,0.0055091
-231.37,0.79128,0.78678,0.98172,0.0056851
-229.8,0.79124,0.78659,0.98153,0.0058744
-228.31,0.79118,0.78638,0.9813,0.0060603
-226.89,0.7911,0.78616,0.98105,0.0062419
-225.58,0.791,0.78592,0.98077,0.0064146
-224.39,0.79089,0.78568,0.98048,0.0065755
-223.18,0.79075,0.78542,0.98014,0.0067432
-222.15,0.7906,0.78516,0.9798,0.0068894
-221.31,0.79046,0.78491,0.97947,0.0070103
-220.68,0.79031,0.7847,0.97918,0.0071024
-220.25,0.79016,0.7845,0.97889,0.0071669
-220.04,0.79003,0.78434,0.97865,0.0071983
-220.01,0.78991,0.78423,0.97845,0.0072012
-220.16,0.78982,0.78415,0.9783,0.0071795
-220.43,0.78974,0.7841,0.9782,0.0071382
-220.87,0.78969,0.7841,0.97816,0.0070731
-221.5,0.78965,0.78414,0.97816,0.006981
-222.33,0.78964,0.78422,0.97822,0.0068607
-223.3,0.78965,0.78434,0.97833,0.0067239
-224.39,0.78969,0.7845,0.97849,0.0065721
-225.56,0.78975,0.78468,0.97869,0.0064141
-226.74,0.78982,0.78488,0.97892,0.0062578
-227.85,0.78991,0.78508,0.97916,0.0061156
-228.92,0.79001,0.78529,0.97942,0.0059798
-229.99,0.79012,0.7855,0.97969,0.005848
-231.08,0.79024,0.78572,0.97997,0.0057174
-232.15,0.79036,0.78594,0.98025,0.0055908
-233.23,0.79049,0.78617,0.98054,0.0054661
-234.27,0.79062,0.78639,0.98084,0.0053493
-235.17,0.79075,0.7866,0.98112,0.0052496
-235.88,0.79089,0.7868,0.98141,0.0051727
-236.17,0.79102,0.78695,0.98164,0.0051416
-235.97,0.79113,0.78705,0.98182,0.0051637
-235.26,0.79122,0.78707,0.98191,0.0052405
-234.21,0.79127,0.78703,0.98192,0.0053574
-232.87,0.79129,0.78693,0.98185,0.0055091
-231.37,0.79128,0.78678,0.98172,0.0056851
-229.8,0.79124,0.78659,0.98153,0.0058744
-228.31,0.79118,0.78638,0.9813,0.0060602
-226.89,0.7911,0.78616,0.98105,0.0062419
-225.58,0.791,0.78592,0.98077,0.0064146
-224.39,0.79089,0.78568,0.98048,0.0065755
-223.18,0.79075,0.78542,0.98014,0.0067432
-222.15,0.7906,0.78516,0.9798,0.0068894
-221.31,0.79046,0.78491,0.97947,0.0070103
-220.68,0.79031,0.7847,0.97918,0.0071023
-220.25,0.79016,0.7845,0.97889,0.0071669
-220.04,0.79003,0.78434,0.97865,0.0071983
-220.01,0.78991,0.78423,0.97845,0.0072012
-220.16,0.78982,0.78415,0.9783,0.0071795
-220.43,0.78974,0.7841,0.9782,0.0071381
-220.87,0.78969,0.7841,0.97816,0.0070731
-221.5,0.78965,0.78414,0.97816,0.006981
-222.33,0.78964,0.78422,0.97822,0.0068607
-223.3,0.78965,0.78434,0.97833,0.0067239
-224.39,0.78969,0.7845,0.97849,0.0065721
-225.56,0.78975,0.78468,0.97869,0.0064141
-226.74,0.78982,0.78488,0.97892,0.0062578
-227.85,0.78991,0.78508,0.97916,0.0061156
-228.92,0.79001,0.78529,0.97942,0.0059798
-229.99,0.79012,0.7855,0.97969,0.005848
-231.08,0.79024,0.78572,0.97997,0.0057173
-232.15,0.79036,0.78594,0.98025,0.0055908
-233.23,0.79049,0.78617,0.98054,0.0054661
-234.27,0.79062,0.78639,0.98084,0.0053493
-235.17,0.79075,0.7866,0.98112,0.0052496
-235.88,0.79089,0.7868,0.98141,0.0051727
-236.17,0.79102,0.78695,0.98164,0.0051416
-235.97,0.79113,0.78705,0.98182,0.0051637
-235.26,0.79122,0.78707,0.98191,0.0052405
-234.21,0.79127,0.78703,0.98192,0.0053574
-232.87,0.79129,0.78693,0.98185,0.0055091
-231.37,0.79128,0.78678,0.98172,0.0056851
-229.8,0.79124,0.78659,0.98153,0.0058744
-228.31,0.79118,0.78638,0.9813,0.0060602
-226.89,0.7911,0.78616,0.98105,0.0062418
-225.58,0.791,0.78592,0.98077,0.0064146
-224.39,0.79089,0.78569,0.98048,0.0065755
-223.18,0.79075,0.78542,0.98014,0.0067432
-222.15,0.7906,0.78516,0.9798,0.0068894
-221.31,0.79046,0.78491,0.97947,0.0070103
-220.68,0.79031,0.7847,0.97918,0.0071023
-220.25,0.79016,0.7845,0.97889,0.0071669
-220.04,0.79003,0.78434,0.97865,0.0071983
-220.01,0.78991,0.78423,0.97845,0.0072011
-220.16,0.78982,0.78415,0.9783,0.0071795
-220.43,0.78974,0.7841,0.9782,0.0071381
-220.87,0.78969,0.7841,0.97816,0.0070731
-221.5,0.78965,0.78414,0.97816,0.006981
-222.33,0.78964,0.78422,0.97822,0.0068607
-223.3,0.78965,0.78434,0.97833,0.0067238
-224.39,0.78969,0.7845,0.97849,0.0065721
-225.56,0.78975,0.78468,0.97869,0.0064141
-226.74,0.78982,0.78488,0.97892,0.0062578
-227.85,0.78991,0.78508,0.97916,0.0061156
-228.92,0.79001,0.78529,0.97942,0.0059798
-229.99,0.79012,0.7855,0.97969,0.005848
-231.08,0.79024,0.78572,0.97997,0.0057173
-232.15,0.79036,0.78594,0.98025,0.0055908
-233.23,0.79049,0.78617,0.98054,0.0054661
-234.27,0.79062,0.78639,0.98084,0.0053493
-235.17,0.79075,0.7866,0.98112,0.0052496
-235.88,0.79089,0.7868,0.98141,0.0051727
-236.17,0.79102,0.78695,0.98164,0.0051416
-235.97,0.79113,0.78705,0.98182,0.0051637
-235.26,0.79122,0.78707,0.98191,0.0052405
-234.21,0.79127,0.78703,0.98192,0.0053574
-232.87,0.79129,0.78693,0.98185,0.0055091
-231.37,0.79128,0.78678,0.98172,0.0056851
-229.8,0.79124,0.78659,0.98153,0.0058744
-228.31,0.79118,0.78638,0.9813,0.0060602
-226.89,0.7911,0.78616,0.98105,0.0062418
-225.58,0.791,0.78592,0.98077,0.0064146
-224.39,0.79089,0.78569,0.98048,0.0065755
-223.18,0.79075,0.78542,0.98014,0.0067432
-222.15,0.7906,0.78516,0.9798,0.0068894
-221.31,0.79046,0.78491,0.97947,0.0070103
-220.69,0.79031,0.7847,0.97918,0.0071023
-220.25,0.79016,0.7845,0.97889,0.0071669
-220.04,0.79003,0.78434,0.97865,0.0071983
-220.01,0.78991,0.78423,0.97845,0.0072011
-220.16,0.78982,0.78415,0.9783,0.0071795
-220.43,0.78974,0.7841,0.9782,0.0071381
-220.87,0.78969,0.7841,0.97816,0.0070731
-221.5,0.78965,0.78414,0.97816,0.0069809
-222.33,0.78964,0.78422,0.97822,0.0068607
-223.3,0.78965,0.78434,0.97833,0.0067238
-224.39,0.78969,0.7845,0.97849,0.0065721
-225.56,0.78975,0.78468,0.97869,0.0064141
-226.74,0.78982,0.78488,0.97892,0.0062578
-227.85,0.78991,0.78508,0.97916,0.0061156
-228.92,0.79001,0.78529,0.97942,0.0059798
-229.99,0.79012,0.7855,0.97969,0.005848
-231.08,0.79024,0.78572,0.97997,0.0057173
-232.15,0.79036,0.78594,0.98025,0.0055908
-233.23,0.79049,0.78617,0.98054,0.0054661
-234.27,0.79062,0.78639,0.98084,0.0053493
-235.17,0.79075,0.7866,0.98112,0.0052496
-235.88,0.79089,0.7868,0.98141,0.0051727
-236.17,0.79102,0.78695,0.98164,0.0051416
-235.97,0.79113,0.78705,0.98182,0.0051637
-235.26,0.79122,0.78707,0.98191,0.0052405
-234.21,0.79127,0.78703,0.98192,0.0053574
-232.87,0.79129,0.78693,0.98185,0.0055091
-231.37,0.79128,0.78678,0.98172,0.0056851
-229.8,0.79124,0.78659,0.98153,0.0058744
-228.31,0.79118,0.78638,0.9813,0.0060602
-226.89,0.7911,0.78616,0.98105,0.0062418
-225.58,0.791,0.78592,0.98077,0.0064146
-224.39,0.79089,0.78569,0.98048,0.0065755
-223.18,0.79075,0.78542,0.98014,0.0067431
-222.15,0.7906,0.78516,0.9798,0.0068894
-221.31,0.79046,0.78491,0.97947,0.0070103
-220.69,0.79031,0.7847,0.97918,0.0071023
-220.25,0.79016,0.7845,0.97889,0.0071669
-220.04,0.79003,0.78434,0.97865,0.0071983
-220.01,0.78991,0.78423,0.97845,0.0072011
-220.16,0.78982,0.78415,0.9783,0.0071795
-220.43,0.78974,0.7841,0.9782,0.0071381
-220.87,0.78969,0.7841,0.97816,0.0070731
-221.5,0.78965,0.78414,0.97816,0.0069809
-222.33,0.78964,0.78422,0.97822,0.0068607
-223.3,0.78965,0.78434,0.97833,0.0067238
-224.39,0.78969,0.7845,0.97849,0.0065721
-225.56,0.78975,0.78468,0.97869,0.0064141
-226.74,0.78982,0.78488,0.97892,0.0062578
-227.85,0.78991,0.78508,0.97916,0.0061156
-228.92,0.79001,0.78529,0.97942,0.0059798
-229.99,0.79012,0.7855,0.97969,0.005848
-231.08,0.79024,0.78572,0.97997,0.0057173
-232.15,0.79036,0.78594,0.98025,0.0055908
-233.23,0.79049,0.78617,0.98054,0.0054661
-234.27,0.79062,0.78639,0.98084,0.0053493
-235.17,0.79075,0.7866,0.98112,0.0052496
-235.88,0.79089,0.7868,0.98141,0.0051727
-236.17,0.79102,0.78695,0.98164,0.0051416
-235.97,0.79113,0.78705,0.98182,0.0051637
-235.26,0.79122,0.78707,0.98191,0.0052405
-234.21,0.79127,0.78703,0.98192,0.0053574
-232.87,0.79129,0.78693,0.98185,0.0055091
-231.37,0.79128,0.78678,0.98172,0.0056851
-229.8,0.79124,0.78659,0.98153,0.0058744
-228.31,0.79118,0.78638,0.9813,0.0060602
-226.89,0.7911,0.78616,0.98105,0.0062418
-225.58,0.791,0.78592,0.98077,0.0064146
-224.39,0.79089,0.78569,0.98048,0.0065755
-223.18,0.79075,0.78542,0.98014,0.0067431
-222.15,0.7906,0.78516,0.9798,0.0068894
-221.31,0.79046,0.78491,0.97947,0.0070103
-220.69,0.79031,0.7847,0.97918,0.0071023
-220.25,0.79016,0.7845,0.97889,0.0071669
-220.04,0.79003,0.78434,0.97865,0.0071983
-220.01,0.78991,0.78423,0.97845,0.0072011
-220.16,0.78982,0.78415,0.9783,0.0071795
-220.43,0.78974,0.7841,0.9782,0.0071381
-220.87,0.78969,0.7841,0.97816,0.0070731
-221.5,0.78965,0.78414,0.97816,0.0069809
-222.33,0.78964,0.78422,0.97822,0.0068607
-223.3,0.78965,0.78434,0.97833,0.0067238
-224.39,0.78969,0.7845,0.97849,0.0065721
-225.56,0.78975,0.78468,0.97869,0.0064141
-226.74,0.78982,0.78488,0.97892,0.0062578
-227.85,0.78991,0.78508,0.97916,0.0061156
-228.92,0.79001,0.78529,0.97942,0.0059798
-229.99,0.79012,0.7855,0.97969,0.005848
-231.08,0.79024,0.78572,0.97997,0.0057173
-232.15,0.79036,0.78594,0.98025,0.0055908
-233.23,0.79049,0.78617,0.98054,0.0054661
-234.27,0.79062,0.78639,0.98084,0.0053493
-235.17,0.79075,0.7866,0.98112,0.0052496
-235.88,0.79089,0.7868,0.98141,0.0051727
-236.17,0.79102,0.78695,0.98164,0.0051416
-235.97,0.79113,0.78705,0.98182,0.0051637
-235.26,0.79122,0.78707,0.98191,0.0052405
-234.21,0.79127,0.78703,0.98192,0.0053574
-232.87,0.79129,0.78693,0.98185,0.0055091
-231.37,0.79128,0.78678,0.98172,0.0056851
-229.8,0.79124,0.78659,0.98153,0.0058744
-228.31,0.79118,0.78638,0.9813,0.0060602
-226.89,0.7911,0.78616,0.98105,0.0062418
-225.58,0.791,0.78592,0.98077,0.0064146
-224.39,0.79089,0.78569,0.98048,0.0065755
-223.18,0.79075,0.78542,0.98014,0.0067431
-222.15,0.7906,0.78516,0.9798,0.0068894
-221.31,0.79046,0.78491,0.97947,0.0070103
-220.69,0.79031,0.7847,0.97918,0.0071023
-220.25,0.79016,0.7845,0.97889,0.0071669
-220.04,0.79003,0.78434,0.97865,0.0071983
-220.01,0.78991,0.78423,0.97845,0.0072011
-220.16,0.78982,0.78415,0.9783,0.0071795
-220.43,0.78974,0.7841,0.9782,0.0071381
-220.87,0.78969,0.7841,0.97816,0.0070731
-221.5,0.78965,0.78414,0.97816,0.0069809
-222.33,0.78964,0.78422,0.97822,0.0068606
-223.3,0.78965,0.78434,0.97833,0.0067238
-224.39,0.78969,0.7845,0.97849,0.0065721
-225.56,0.78975,0.78468,0.97869,0.0064141
-226.74,0.78982,0.78488,0.97892,0.0062578
-227.85,0.78991,0.78508,0.97916,0.0061156
-228.92,0.79001,0.78529,0.97942,0.0059798
-229.99,0.79012,0.7855,0.97969,0.005848
-231.08,0.79024,0.78572,0.97997,0.0057173
-232.15,0.79036,0.78594,0.98025,0.0055908
-233.23,0.79049,0.78617,0.98054,0.0054661
-234.27,0.79062,0.78639,0.98084,0.0053493
-235.17,0.79075,0.7866,0.98112,0.0052496
-235.88,0.79089,0.7868,0.98141,0.0051727
-236.17,0.79102,0.78695,0.98164,0.0051416
-235.97,0.79113,0.78705,0.98182,0.0051637
-235.26,0.79122,0.78707,0.98191,0.0052405
-234.21,0.79127,0.78703,0.98192,0.0053574
-232.87,0.79129,0.78693,0.98185,0.0055091
-231.37,0.79128,0.78678,0.98172,0.0056851
-229.8,0.79124,0.78659,0.98153,0.0058744
-228.31,0.79118,0.78638,0.9813,0.0060602
-226.89,0.7911,0.78616,0.98105,0.0062418
-225.58,0.791,0.78592,0.98077,0.0064146
-224.39,0.79089,0.78569,0.98048,0.0065755
-223.18,0.79075,0.78542,0.98014,0.0067431
-222.15,0.7906,0.78516,0.9798,0.0068894
-221.31,0.79046,0.78491,0.97947,0.0070103
-220.69,0.79031,0.7847,0.97918,0.0071023
-220.25,0.79016,0.7845,0.97889,0.0071669
-220.04,0.79003,0.78434,0.97865,0.0071983
-220.01,0.78991,0.78423,0.97845,0.0072011
-220.16,0.78982,0.78415,0.9783,0.0071795
-220.43,0.78974,0.7841,0.9782,0.0071381
-220.87,0.78969,0.7841,0.97816,0.0070731
-221.5,0.78965,0.78414,0.97816,0.0069809
-222.33,0.78964,0.78422,0.97822,0.0068606
-223.3,0.78965,0.78434,0.97833,0.0067238
-224.39,0.78969,0.7845,0.97849,0.0065721
-225.56,0.78975,0.78468,0.97869,0.0064141
-226.74,0.78982,0.78488,0.97892,0.0062578
-227.85,0.78991,0.78508,0.97916,0.0061156
-228.92,0.79001,0.78529,0.97942,0.0059798
-229.99,0.79012,0.7855,0.97969,0.005848
-231.08,0.79024,0.78572,0.97997,0.0057173
-232.15,0.79036,0.78594,0.98025,0.0055908
-233.23,0.79049,0.78617,0.98054,0.0054661
-234.27,0.79062,0.78639,0.98084,0.0053493
-235.17,0.79075,0.7866,0.98112,0.0052496
-235.88,0.79089,0.7868,0.98141,0.0051727
-236.17,0.79102,0.78695,0.98164,0.0051416
-235.97,0.79113,0.78705,0.98182,0.0051637
-235.26,0.79122,0.78707,0.98191,0.0052405
-234.21,0.79127,0.78703,0.98192,0.0053574
-232.87,0.79129,0.78693,0.98185,0.0055091
-231.37,0.79128,0.78678,0.98172,0.0056851
-229.8,0.79124,0.78659,0.98153,0.0058744
-228.31,0.79118,0.78638,0.9813,0.0060602
-226.89,0.7911,0.78616,0.98105,0.0062418
-225.58,0.791,0.78592,0.98077,0.0064146
-224.39,0.79089,0.78569,0.98048,0.0065755
-223.18,0.79075,0.78542,0.98014,0.0067431
-222.15,0.7906,0.78516,0.9798,0.0068894
-221.31,0.79046,0.78491,0.97947,0.0070103
-220.69,0.79031,0.7847,0.97918,0.0071023
-220.25,0.79016,0.7845,0.97889,0.0071669
-220.04,0.79003,0.78434,0.97865,0.0071983
-220.01,0.78991,0.78423,0.97845,0.0072011
-220.16,0.78982,0.78415,0.9783,0.0071795
-220.43,0.78974,0.7841,0.9782,0.0071381
-220.87,0.78969,0.7841,0.97816,0.0070731
-221.5,0.78965,0.78414,0.97816,0.0069809
-222.33,0.78964,0.78422,0.97822,0.0068606
-223.3,0.78965,0.78434,0.97833,0.0067238
-224.39,0.78969,0.7845,0.97849,0.006572
-225.56,0.78975,0.78468,0.97869,0.0064141
-226.74,0.78982,0.78488,0.97892,0.0062578
-227.85,0.78991,0.78508,0.97916,0.0061156
-228.92,0.79001,0.78529,0.97942,0.0059798
-229.99,0.79012,0.7855,0.97969,0.005848
-231.08,0.79024,0.78572,0.97997,0.0057173
-232.15,0.79036,0.78594,0.98025,0.0055908
-233.23,0.79049,0.78617,0.98054,0.0054661
-234.27,0.79062,0.78639,0.98084,0.0053493
-235.17,0.79075,0.7866,0.98112,0.0052496
-235.88,0.79089,0.7868,0.98141,0.0051727
-236.17,0.79102,0.78695,0.98164,0.0051416
-235.97,0.79113,0.78705,0.98182,0.0051637
-235.26,0.79122,0.78707,0.98191,0.0052405
-234.21,0.79127,0.78703,0.98192,0.0053574
-232.87,0.79129,0.78693,0.98185,0.0055091
-231.37,0.79128,0.78678,0.98172,0.0056851
-229.8,0.79124,0.78659,0.98153,0.0058744
-228.31,0.79118,0.78638,0.9813,0.0060602
-226.89,0.7911,0.78616,0.98105,0.0062418
-225.58,0.791,0.78592,0.98077,0.0064146
-224.39,0.79089,0.78569,0.98048,0.0065755
-223.18,0.79075,0.78542,0.98014,0.0067431
-222.15,0.7906,0.78516,0.9798,0.0068894
-221.31,0.79046,0.78491,0.97947,0.0070103
-220.69,0.79031,0.7847,0.97918,0.0071023
-220.25,0.79016,0.7845,0.97889,0.0071669
-220.04,0.79003,0.78434,0.97865,0.0071983
-220.01,0.78991,0.78423,0.97845,0.0072011
-220.16,0.78982,0.78415,0.9783,0.0071795
-220.43,0.78974,0.7841,0.9782,0.0071381
-220.87,0.78969,0.7841,0.97816,0.0070731
-221.5,0.78965,0.78414,0.97816,0.0069809
-222.33,0.78964,0.78422,0.97822,0.0068606
-223.3,0.78965,0.78434,0.97833,0.0067238
-224.39,0.78969,0.7845,0.97849,0.006572
-225.56,0.78975,0.78468,0.97869,0.0064141
-226.74,0.78982,0.78488,0.97892,0.0062578
-227.85,0.78991,0.78508,0.97916,0.0061156
-228.92,0.79001,0.78529,0.97942,0.0059798
-229.99,0.79012,0.7855,0.97969,0.005848
-231.08,0.79024,0.78572,0.97997,0.0057173
-232.15,0.79036,0.78594,0.98025,0.0055908
-233.23,0.79049,0.78617,0.98054,0.0054661
-234.27,0.79062,0.78639,0.98084,0.0053493
-235.17,0.79075,0.7866,0.98112,0.0052496
-235.88,0.79089,0.7868,0.98141,0.0051727
-236.17,0.79102,0.78695,0.98164,0.0051416
-235.97,0.79113,0.78705,0.98182,0.0051637
-235.26,0.79122,0.78707,0.98191,0.0052405
-234.21,0.79127,0.78703,0.98192,0.0053574
-232.87,0.79129,0.78693,0.98185,0.0055091
-231.37,0.79128,0.78678,0.98172,0.0056851
-229.8,0.79124,0.78659,0.98153,0.0058744
-228.31,0.79118,0.78638,0.9813,0.0060602
-226.89,0.7911,0.78616,0.98105,0.0062418
-225.58,0.791,0.78592,0.98077,0.0064146
-224.39,0.79089,0.78569,0.98048,0.0065755
-223.18,0.79075,0.78542,0.98014,0.0067431
-222.15,0.7906,0.78516,0.9798,0.0068894
-221.31,0.79046,0.78491,0.97947,0.0070103
-220.69,0.79031,0.7847,0.97918,0.0071023
-220.25,0.79016,0.7845,0.97889,0.0071669
-220.04,0.79003,0.78434,0.97865,0.0071983
-220.01,0.78991,0.78423,0.97845,0.0072011
-220.16,0.78982,0.78415,0.9783,0.0071795
-220.43,0.78974,0.7841,0.9782,0.0071381
-220.87,0.78969,0.7841,0.97816,0.0070731
-221.5,0.78965,0.78414,0.97816,0.0069809
-222.33,0.78964,0.78422,0.97822,0.0068606
-223.3,0.78965,0.78434,0.97833,0.0067238
-224.39,0.78969,0.7845,0.97849,0.006572
-225.56,0.78975,0.78468,0.97869,0.0064141
-226.74,0.78982,0.78488,0.97892,0.0062578
-227.85,0.78991,0.78508,0.97916,0.0061156
-228.92,0.79001,0.78529,0.97942,0.0059798
-229.99,0.79012,0.7855,0.97969,0.005848
-231.08,0.79024,0.78572,0.97997,0.0057173
-232.15,0.79036,0.78594,0.98025,0.0055908
-233.23,0.79049,0.78617,0.98054,0.0054661
-234.27,0.79062,0.78639,0.98084,0.0053493
-235.17,0.79075,0.7866,0.98112,0.0052496
-235.88,0.79089,0.7868,0.98141,0.0051727
-236.17,0.79102,0.78695,0.98164,0.0051416
-235.97,0.79113,0.78705,0.98182,0.0051637
-235.26,0.79122,0.78707,0.98191,0.0052405
-234.21,0.79127,0.78703,0.98192,0.0053574
-232.87,0.79129,0.78693,0.98185,0.0055091
-231.37,0.79128,0.78678,0.98172,0.0056851
-229.8,0.79124,0.78659,0.98153,0.0058744
-228.31,0.79118,0.78638,0.9813,0.0060602
-226.89,0.7911,0.78616,0.98105,0.0062418
-225.58,0.791,0.78592,0.98077,0.0064146
-224.39,0.79089,0.78569,0.98048,0.0065755
-223.18,0.79075,0.78542,0.98014,0.0067431
-222.15,0.7906,0.78516,0.9798,0.0068894
-221.31,0.79046,0.78491,0.97947,0.0070103
-220.69,0.79031,0.7847,0.97918,0.0071023
-220.25,0.79016,0.7845,0.97889,0.0071669
-220.04,0.79003,0.78434,0.97865,0.0071983
-220.01,0.78991,0.78423,0.97845,0.0072011
-220.16,0.78982,0.78415,0.9783,0.0071795
-220.43,0.78974,0.7841,0.9782,0.0071381
-220.87,0.78969,0.7841,0.97816,0.0070731
-221.5,0.78965,0.78414,0.97816,0.0069809
-222.33,0.78964,0.78422,0.97822,0.0068606
-223.3,0.78965,0.78434,0.97833,0.0067238
-224.39,0.78969,0.7845,0.97849,0.006572
-225.56,0.78975,0.78468,0.97869,0.0064141
-226.74,0.78982,0.78488,0.97892,0.0062578
-227.85,0.78991,0.78508,0.97916,0.0061156
-228.92,0.79001,0.78529,0.97942,0.0059798
-229.99,0.79012,0.7855,0.97969,0.005848
-231.08,0.79024,0.78572,0.97997,0.0057173
-232.15,0.79036,0.78594,0.98025,0.0055908
-233.23,0.79049,0.78617,0.98054,0.0054661
-234.27,0.79062,0.78639,0.98084,0.0053493
-235.17,0.79075,0.7866,0.98112,0.0052496
-235.88,0.79089,0.7868,0.98141,0.0051727
-236.17,0.79102,0.78695,0.98164,0.0051416
-235.97,0.79113,0.78705,0.98182,0.0051637
-235.26,0.79122,0.78707,0.98191,0.0052405
-234.21,0.79127,0.78703,0.98192,0.0053574
-232.87,0.79129,0.78693,0.98185,0.0055091
-231.37,0.79128,0.78678,0.98172,0.0056851
-229.8,0.79124,0.78659,0.98153,0.0058744
-228.31,0.79118,0.78638,0.9813,0.0060602
-226.89,0.7911,0.78616,0.98105,0.0062418
-225.58,0.791,0.78592,0.98077,0.0064146
-224.39,0.79089,0.78569,0.98048,0.0065755
-223.18,0.79075,0.78542,0.98014,0.0067431
-222.15,0.7906,0.78516,0.9798,0.0068894
-221.31,0.79046,0.78491,0.97947,0.0070103
-220.69,0.79031,0.7847,0.97918,0.0071023
-220.25,0.79016,0.7845,0.97889,0.0071669
-220.04,0.79003,0.78434,0.97865,0.0071983
-220.01,0.78991,0.78423,0.97845,0.0072011
-220.16,0.78982,0.78415,0.9783,0.0071795
-220.43,0.78974,0.7841,0.9782,0.0071381
-220.87,0.78969,0.7841,0.97816,0.0070731
-221.5,0.78965,0.78414,0.97816,0.0069809
-222.33,0.78964,0.78422,0.97822,0.0068606
-223.3,0.78965,0.78434,0.97833,0.0067238
-224.39,0.78969,0.7845,0.97849,0.006572
-225.56,0.78975,0.78468,0.97869,0.0064141
-226.74,0.78982,0.78488,0.97892,0.0062578
-227.85,0.78991,0.78508,0.97916,0.0061156
-228.92,0.79001,0.78529,0.97942,0.0059798
-229.99,0.79012,0.7855,0.97969,0.005848
-231.08,0.79024,0.78572,0.97997,0.0057173
-232.15,0.79036,0.78594,0.98025,0.0055908
-233.23,0.79049,0.78617,0.98054,0.0054661
-234.27,0.79062,0.78639,0.98084,0.0053493
-235.17,0.79075,0.7866,0.98112,0.0052496
-235.88,0.79089,0.7868,0.98141,0.0051727
-236.17,0.79102,0.78695,0.98164,0.0051416
-235.97,0.79113,0.78705,0.98182,0.0051637
-235.26,0.79122,0.78707,0.98191,0.0052405
-234.21,0.79127,0.78703,0.98192,0.0053574
-232.87,0.79129,0.78693,0.98185,0.0055091
-231.37,0.79128,0.78678,0.98172,0.0056851
-229.8,0.79124,0.78659,0.98153,0.0058744
-228.31,0.79118,0.78638,0.9813,0.0060602
-226.89,0.7911,0.78616,0.98105,0.0062418
-225.58,0.791,0.78592,0.98077,0.0064146
-224.39,0.79089,0.78569,0.98048,0.0065755
-223.18,0.79075,0.78542,0.98014,0.0067431
-222.15,0.7906,0.78516,0.9798,0.0068894
-221.31,0.79046,0.78491,0.97947,0.0070103
-220.69,0.79031,0.7847,0.97918,0.0071023
-220.25,0.79016,0.7845,0.97889,0.0071669
-220.04,0.79003,0.78434,0.97865,0.0071983
-220.01,0.78991,0.78423,0.97845,0.0072011
-220.16,0.78982,0.78415,0.9783,0.0071795
-220.43,0.78974,0.7841,0.9782,0.0071381
-220.87,0.78969,0.7841,0.97816,0.0070731
-221.5,0.78965,0.78414,0.97816,0.0069809
-222.33,0.78964,0.78422,0.97822,0.0068606
-223.3,0.78965,0.78434,0.97833,0.0067238
-224.39,0.78969,0.7845,0.97849,0.006572
-225.56,0.78975,0.78468,0.97869,0.0064141
-226.74,0.78982,0.78488,0.97892,0.0062578
-227.85,0.78991,0.78508,0.97916,0.0061156
-228.92,0.79001,0.78529,0.97942,0.0059798
-229.99,0.79012,0.7855,0.97969,0.005848
-231.08,0.79024,0.78572,0.97997,0.0057173
-232.15,0.79036,0.78594,0.98025,0.0055908
-233.23,0.79049,0.78617,0.98054,0.0054661
-234.27,0.79062,0.78639,0.98084,0.0053493
-235.17,0.79075,0.7866,0.98112,0.0052496
-235.88,0.79089,0.7868,0.98141,0.0051727
-236.17,0.79102,0.78695,0.98164,0.0051416
-235.97,0.79113,0.78705,0.98182,0.0051637
-235.26,0.79122,0.78707,0.98191,0.0052405
-234.21,0.79127,0.78703,0.98192,0.0053574
-232.87,0.79129,0.78693,0.98185,0.0055091
-231.37,0.79128,0.78678,0.98172,0.0056851
-229.8,0.79124,0.78659,0.98153,0.0058744
-228.31,0.79118,0.78638,0.9813,0.0060602
-226.89,0.7911,0.78616,0.98105,0.0062418
-225.58,0.791,0.78592,0.98077,0.0064146
-224.39,0.79089,0.78569,0.98048,0.0065755
-223.18,0.79075,0.78542,0.98014,0.0067431
-222.15,0.7906,0.78516,0.9798,0.0068894
-221.31,0.79046,0.78491,0.97947,0.0070103
-220.69,0.79031,0.7847,0.97918,0.0071023
-220.25,0.79016,0.7845,0.97889,0.0071669
-220.04,0.79003,0.78434,0.97865,0.0071983
-220.01,0.78991,0.78423,0.97845,0.0072011
-220.16,0.78982,0.78415,0.9783,0.0071795
-220.43,0.78974,0.7841,0.9782,0.0071381
-220.87,0.78969,0.7841,0.97816,0.0070731
-221.5,0.78965,0.78414,0.97816,0.0069809
-222.33,0.78964,0.78422,0.97822,0.0068606
-223.3,0.78965,0.78434,0.97833,0.0067238
-224.39,0.78969,0.7845,0.97849,0.006572
-225.56,0.78975,0.78468,0.97869,0.0064141
-226.74,0.78982,0.78488,0.97892,0.0062578
-227.85,0.78991,0.78508,0.97916,0.0061156
-228.92,0.79001,0.78529,0.97942,0.0059798
-229.99,0.79012,0.7855,0.97969,0.005848
-231.08,0.79024,0.78572,0.97997,0.0057173
-232.15,0.79036,0.78594,0.98025,0.0055908
-233.23,0.79049,0.78617,0.98054,0.0054661
-234.27,0.79062,0.78639,0.98084,0.0053493
-235.17,0.79075,0.7866,0.98112,0.0052496
-235.88,0.79089,0.7868,0.98141,0.0051727
-236.17,0.79102,0.78695,0.98164,0.0051416
-235.97,0.79113,0.78705,0.98182,0.0051637
-235.26,0.79122,0.78707,0.98191,0.0052405
-234.21,0.79127,0.78703,0.98192,0.0053574
-232.87,0.79129,0.78693,0.98185,0.0055091
-231.37,0.79128,0.78678,0.98172,0.0056851
-229.8,0.79124,0.78659,0.98153,0.0058744
-228.31,0.79118,0.78638,0.9813,0.0060602
-226.89,0.7911,0.78616,0.98105,0.0062418
-225.58,0.791,0.78592,0.98077,0.0064146
-224.39,0.79089,0.78569,0.98048,0.0065755
-223.18,0.79075,0.78542,0.98014,0.0067431
-222.15,0.7906,0.78516,0.9798,0.0068894
-221.31,0.79046,0.78491,0.97947,0.0070103
-220.69,0.79031,0.7847,0.97918,0.0071023
-220.25,0.79016,0.7845,0.97889,0.0071669
-220.04,0.79003,0.78434,0.97865,0.0071983
-220.01,0.78991,0.78423,0.97845,0.0072011
-220.16,0.78982,0.78415,0.9783,0.0071795
-220.43,0.78974,0.7841,0.9782,0.0071381
-220.87,0.78969,0.7841,0.97816,0.0070731
-221.5,0.78965,0.78414,0.97816,0.0069809
-222.33,0.78964,0.78422,0.97822,0.0068606
-223.3,0.78965,0.78434,0.97833,0.0067238
-224.39,0.78969,0.7845,0.97849,0.006572
-225.56,0.78975,0.78468,0.97869,0.0064141
-226.74,0.78982,0.78488,0.97892,0.0062578
-227.85,0.78991,0.78508,0.97916,0.0061156
-228.92,0.79001,0.78529,0.97942,0.0059798
-229.99,0.79012,0.7855,0.97969,0.005848
-231.08,0.79024,0.78572,0.97997,0.0057173
-232.15,0.79036,0.78594,0.98025,0.0055908
-233.23,0.79049,0.78617,0.98054,0.0054661
-234.27,0.79062,0.78639,0.98084,0.0053493
-235.17,0.79075,0.7866,0.98112,0.0052496
-235.88,0.79089,0.7868,0.98141,0.0051727
-236.17,0.79102,0.78695,0.98164,0.0051416
-235.97,0.79113,0.78705,0.98182,0.0051637
-235.26,0.79122,0.78707,0.98191,0.0052405
-234.21,0.79127,0.78703,0.98192,0.0053574
-232.87,0.79129,0.78693,0.98185,0.0055091
-231.37,0.79128,0.78678,0.98172,0.0056851
-229.8,0.79124,0.78659,0.98153,0.0058744
-228.31,0.79118,0.78638,0.9813,0.0060602
-226.89,0.7911,0.78616,0.98105,0.0062418
-225.58,0.791,0.78592,0.98077,0.0064146
-224.39,0.79089,0.78569,0.98048,0.0065755
-223.18,0.79075,0.78542,0.98014,0.0067431
-222.15,0.7906,0.78516,0.9798,0.0068894
-221.31,0.79046,0.78491,0.97947,0.0070103
-220.69,0.79031,0.7847,0.97918,0.0071023
-220.25,0.79016,0.7845,0.97889,0.0071669
-220.04,0.79003,0.78434,0.97865,0.0071983
-220.01,0.78991,0.78423,0.97845,0.0072011
-220.16,0.78982,0.78415,0.9783,0.0071795
-220.43,0.78974,0.7841,0.9782,0.0071381
-220.87,0.78969,0.7841,0.97816,0.0070731
-221.5,0.78965,0.78414,0.97816,0.0069809
-222.33,0.78964,0.78422,0.97822,0.0068606
-223.3,0.78965,0.78434,0.97833,0.0067238
-224.39,0.78969,0.7845,0.97849,0.006572
-225.56,0.78975,0.78468,0.97869,0.0064141
-226.74,0.78982,0.78488,0.97892,0.0062578
-227.85,0.78991,0.78508,0.97916,0.0061156
-228.92,0.79001,0.78529,0.97942,0.0059798
-229.99,0.79012,0.7855,0.97969,0.005848
-231.08,0.79024,0.78572,0.97997,0.0057173
-232.15,0.79036,0.78594,0.98025,0.0055908
-233.23,0.79049,0.78617,0.98054,0.0054661
-234.27,0.79062,0.78639,0.98084,0.0053493
-235.17,0.79075,0.7866,0.98112,0.0052496
-235.88,0.79089,0.7868,0.98141,0.0051727
-236.17,0.79102,0.78695,0.98164,0.0051416
-235.97,0.79113,0.78705,0.98182,0.0051637
-235.26,0.79122,0.78707,0.98191,0.0052405
-234.21,0.79127,0.78703,0.98192,0.0053574
-232.87,0.79129,0.78693,0.98185,0.0055091
-231.37,0.79128,0.78678,0.98172,0.0056851
-229.8,0.79124,0.78659,0.98153,0.0058744
-228.31,0.79118,0.78638,0.9813,0.0060602
-226.89,0.7911,0.78616,0.98105,0.0062418
-225.58,0.791,0.78592,0.98077,0.0064146
-224.39,0.79089,0.78569,0.98048,0.0065755
-223.18,0.79075,0.78542,0.98014,0.0067431
-222.15,0.7906,0.78516,0.9798,0.0068894
-221.31,0.79046,0.78491,0.97947,0.0070103
-220.69,0.79031,0.7847,0.97918,0.0071023
-220.25,0.79016,0.7845,0.97889,0.0071669
-220.04,0.79003,0.78434,0.97865,0.0071983
-220.01,0.78991,0.78423,0.97845,0.0072011
-220.16,0.78982,0.78415,0.9783,0.0071795
-220.43,0.78974,0.7841,0.9782,0.0071381
-220.87,0.78969,0.7841,0.97816,0.0070731
-221.5,0.78965,0.78414,0.97816,0.0069809
-222.33,0.78964,0.78422,0.97822,0.0068606
-223.3,0.78965,0.78434,0.97833,0.0067238
-224.39,0.78969,0.7845,0.97849,0.006572
-225.56,0.78975,0.78468,0.97869,0.0064141
-226.74,0.78982,0.78488,0.97892,0.0062578
-227.85,0.78991,0.78508,0.97916,0.0061156
-228.92,0.79001,0.78529,0.97942,0.0059798
-229.99,0.79012,0.7855,0.97969,0.005848
-231.08,0.79024,0.78572,0.97997,0.0057173
-232.15,0.79036,0.78594,0.98025,0.0055908
-233.23,0.79049,0.78617,0.98054,0.0054661
-234.27,0.79062,0.78639,0.98084,0.0053493
-235.17,0.79075,0.7866,0.98112,0.0052496
-235.88,0.79089,0.7868,0.98141,0.0051727
-236.17,0.79102,0.78695,0.98164,0.0051416
-235.97,0.79113,0.78705,0.98182,0.0051637
-235.26,0.79122,0.78707,0.98191,0.0052405
-234.21,0.79127,0.78703,0.98192,0.0053574
-232.87,0.79129,0.78693,0.98185,0.0055091
-231.37,0.79128,0.78678,0.98172,0.0056851
-229.8,0.79124,0.78659,0.98153,0.0058744
-228.31,0.79118,0.78638,0.9813,0.0060602
-226.89,0.7911,0.78616,0.98105,0.0062418
-225.58,0.791,0.78592,0.98077,0.0064146
-224.39,0.79089,0.78569,0.98048,0.0065755
-223.18,0.79075,0.78542,0.98014,0.0067431
-222.15,0.7906,0.78516,0.9798,0.0068894
-221.31,0.79046,0.78491,0.97947,0.0070103
-220.69,0.79031,0.7847,0.97918,0.0071023
-220.25,0.79016,0.7845,0.97889,0.0071669
-220.04,0.79003,0.78434,0.97865,0.0071983
-220.01,0.78991,0.78423,0.97845,0.0072011
-220.16,0.78982,0.78415,0.9783,0.0071795
-220.43,0.78974,0.7841,0.9782,0.0071381
-220.87,0.78969,0.7841,0.97816,0.0070731
-221.5,0.78965,0.78414,0.97816,0.0069809
-222.33,0.78964,0.78422,0.97822,0.0068606
-223.3,0.78965,0.78434,0.97833,0.0067238
-224.39,0.78969,0.7845,0.97849,0.006572
-225.56,0.78975,0.78468,0.97869,0.0064141
-226.74,0.78982,0.78488,0.97892,0.0062578
-227.85,0.78991,0.78508,0.97916,0.0061156
-228.92,0.79001,0.78529,0.97942,0.0059798
-229.99,0.79012,0.7855,0.97969,0.005848
-231.08,0.79024,0.78572,0.97997,0.0057173
-232.15,0.79036,0.78594,0.98025,0.0055908
-233.23,0.79049,0.78617,0.98054,0.0054661
-234.27,0.79062,0.78639,0.98084,0.0053493
-235.17,0.79075,0.7866,0.98112,0.0052496
-235.88,0.79089,0.7868,0.98141,0.0051727
-236.17,0.79102,0.78695,0.98164,0.0051416
-235.97,0.79113,0.78705,0.98182,0.0051637
-235.26,0.79122,0.78707,0.98191,0.0052405
-234.21,0.79127,0.78703,0.98192,0.0053574
-232.87,0.79129,0.78693,0.98185,0.0055091
-231.37,0.79128,0.78678,0.98172,0.0056851
-229.8,0.79124,0.78659,0.98153,0.0058744
-228.31,0.79118,0.78638,0.9813,0.0060602
-226.89,0.7911,0.78616,0.98105,0.0062418
-225.58,0.791,0.78592,0.98077,0.0064146
-224.39,0.79089,0.78569,0.98048,0.0065755
-223.18,0.79075,0.78542,0.98014,0.0067431
-222.15,0.7906,0.78516,0.9798,0.0068894
-221.31,0.79046,0.78491,0.97947,0.0070103
-220.69,0.79031,0.7847,0.97918,0.0071023
-220.25,0.79016,0.7845,0.97889,0.0071669
-220.04,0.79003,0.78434,0.97865,0.0071983
-220.01,0.78991,0.78423,0.97845,0.0072011
-220.16,0.78982,0.78415,0.9783,0.0071795
-220.43,0.78974,0.7841,0.9782,0.0071381
-220.87,0.78969,0.7841,0.97816,0.0070731
-221.5,0.78965,0.78414,0.97816,0.0069809
-222.33,0.78964,0.78422,0.97822,0.0068606
-223.3,0.78965,0.78434,0.97833,0.0067238
-224.39,0.78969,0.7845,0.97849,0.006572
-225.56,0.78975,0.78468,0.97869,0.0064141
-226.74,0.78982,0.78488,0.97892,0.0062578
-227.85,0.78991,0.78508,0.97916,0.0061156
-228.92,0.79001,0.78529,0.97942,0.0059798
-229.99,0.79012,0.7855,0.97969,0.005848
-231.08,0.79024,0.78572,0.97997,0.0057173
-232.15,0.79036,0.78594,0.98025,0.0055908
-233.23,0.79049,0.78617,0.98054,0.0054661
-234.27,0.79062,0.78639,0.98084,0.0053493
-235.17,0.79075,0.7866,0.98112,0.0052496
-235.88,0.79089,0.7868,0.98141,0.0051727
-236.17,0.79102,0.78695,0.98164,0.0051416
-235.97,0.79113,0.78705,0.98182,0.0051637
-235.26,0.79122,0.78707,0.98191,0.0052405
-234.21,0.79127,0.78703,0.98192,0.0053574
-232.87,0.79129,0.78693,0.98185,0.0055091
-231.37,0.79128,0.78678,0.98172,0.0056851
-229.8,0.79124,0.78659,0.98153,0.0058744
-228.31,0.79118,0.78638,0.9813,0.0060602
-226.89,0.7911,0.78616,0.98105,0.0062418
-225.58,0.791,0.78592,0.98077,0.0064146
-224.39,0.79089,0.78569,0.98048,0.0065755
-223.18,0.79075,0.78542,0.98014,0.0067431
-222.15,0.7906,0.78516,0.9798,0.0068894
-221.31,0.79046,0.78491,0.97947,0.0070103
-220.69,0.79031,0.7847,0.97918,0.0071023
-220.25,0.79016,0.7845,0.97889,0.0071669
-220.04,0.79003,0.78434,0.97865,0.0071983
-220.01,0.78991,0.78423,0.97845,0.0072011
-220.16,0.78982,0.78415,0.9783,0.0071795
-220.43,0.78974,0.7841,0.9782,0.0071381
-220.87,0.78969,0.7841,0.97816,0.0070731
-221.5,0.78965,0.78414,0.97816,0.0069809
-222.33,0.78964,0.78422,0.97822,0.0068606
-223.3,0.78965,0.78434,0.97833,0.0067238
-224.39,0.78969,0.7845,0.97849,0.006572
-225.56,0.78975,0.78468,0.97869,0.0064141
-226.74,0.78982,0.78488,0.97892,0.0062578
-227.85,0.78991,0.78508,0.97916,0.0061156
-228.92,0.79001,0.78529,0.97942,0.0059798
-229.99,0.79012,0.7855,0.97969,0.005848
-231.08,0.79024,0.78572,0.97997,0.0057173
-232.15,0.79036,0.78594,0.98025,0.0055908
-233.23,0.79049,0.78617,0.98054,0.0054661
-234.27,0.79062,0.78639,0.98084,0.0053493
-235.17,0.79075,0.7866,0.98112,0.0052496
-235.88,0.79089,0.7868,0.98141,0.0051727
-236.17,0.79102,0.78695,0.98164,0.0051416
-235.97,0.79113,0.78705,0.98182,0.0051637
-235.26,0.79122,0.78707,0.98191,0.0052405
-234.21,0.79127,0.78703,0.98192,0.0053574
-232.87,0.79129,0.78693,0.98185,0.0055091
-231.37,0.79128,0.78678,0.98172,0.0056851
-229.8,0.79124,0.78659,0.98153,0.0058744
-228.31,0.79118,0.78638,0.9813,0.0060602
-226.89,0.7911,0.78616,0.98105,0.0062418
-225.58,0.791,0.78592,0.98077,0.0064146
-224.39,0.79089,0.78569,0.98048,0.0065755
-223.18,0.79075,0.78542,0.98014,0.0067431
-222.15,0.7906,0.78516,0.9798,0.0068894
-221.31,0.79046,0.78491,0.97947,0.0070103
-220.69,0.79031,0.7847,0.97918,0.0071023
-220.25,0.79016,0.7845,0.97889,0.0071669
-220.04,0.79003,0.78434,0.97865,0.0071983
-220.01,0.78991,0.78423,0.97845,0.0072011
-220.16,0.78982,0.78415,0.9783,0.0071795
-220.43,0.78974,0.7841,0.9782,0.0071381
-220.87,0.78969,0.7841,0.97816,0.0070731
-221.5,0.78965,0.78414,0.97816,0.0069809
-222.33,0.78964,0.78422,0.97822,0.0068606
-223.3,0.78965,0.78434,0.97833,0.0067238
-224.39,0.78969,0.7845,0.97849,0.006572
-225.56,0.78975,0.78468,0.97869,0.0064141
-226.74,0.78982,0.78488,0.97892,0.0062578
-227.85,0.78991,0.78508,0.97916,0.0061156
-228.92,0.79001,0.78529,0.97942,0.0059798
-229.99,0.79012,0.7855,0.97969,0.005848
-231.08,0.79024,0.78572,0.97997,0.0057173
-232.15,0.79036,0.78594,0.98025,0.0055908
-233.23,0.79049,0.78617,0.98054,0.0054661
-234.27,0.79062,0.78639,0.98084,0.0053493
-235.17,0.79075,0.7866,0.98112,0.0052496
-235.88,0.79089,0.7868,0.98141,0.0051727
-236.17,0.79102,0.78695,0.98164,0.0051416
-235.97,0.79113,0.78705,0.98182,0.0051637
-235.26,0.79122,0.78707,0.98191,0.0052405
-234.21,0.79127,0.78703,0.98192,0.0053574
-232.87,0.79129,0.78693,0.98185,0.0055091
-231.37,0.79128,0.78678,0.98172,0.0056851
-229.8,0.79124,0.78659,0.98153,0.0058744
-228.31,0.79118,0.78638,0.9813,0.0060602
-226.89,0.7911,0.78616,0.98105,0.0062418
-225.58,0.791,0.78592,0.98077,0.0064146
-224.39,0.79089,0.78569,0.98048,0.0065755
-223.18,0.79075,0.78542,0.98014,0.0067431
-222.15,0.7906,0.78516,0.9798,0.0068894
-221.31,0.79046,0.78491,0.97947,0.0070103
-220.69,0.79031,0.7847,0.97918,0.0071023
-220.25,0.79016,0.7845,0.97889,0.0071669
-220.04,0.79003,0.78434,0.97865,0.0071983
-220.01,0.78991,0.78423,0.97845,0.0072011
-220.16,0.78982,0.78415,0.9783,0.0071795
-220.43,0.78974,0.7841,0.9782,0.0071381
-220.87,0.78969,0.7841,0.97816,0.0070731
-221.5,0.78965,0.78414,0.97816,0.0069809
-222.33,0.78964,0.78422,0.97822,0.0068606
-223.2,0.78965,0.78433,0.97832,0.0067372
-224.18,0.78968,0.78447,0.97846,0.0066006
-225.24,0.78973,0.78463,0.97863,0.0064575
-226.31,0.78979,0.78481,0.97883,0.0063142
