-200,0.75,0.74196,0.90997,0.010723
-197.97,0.75259,0.74416,0.91396,0.011198
-195.95,0.75491,0.74609,0.9175,0.01169
-193.94,0.75698,0.74775,0.92061,0.012197
-191.96,0.75883,0.74918,0.92334,0.01272
-189.13,0.76115,0.75088,0.92669,0.013502
-186.39,0.7631,0.75219,0.9294,0.014299
-183.75,0.76471,0.75316,0.93156,0.015113
-181.11,0.76604,0.75381,0.9332,0.015966
-178.89,0.76692,0.7541,0.93419,0.016719
-176.51,0.76765,0.75416,0.93484,0.017564
-173.88,0.76821,0.75397,0.93515,0.018543
-170.94,0.76862,0.75347,0.93508,0.019701
-167.79,0.76886,0.7527,0.93463,0.021014
-164.32,0.76894,0.7516,0.93378,0.02256
-160.56,0.76887,0.75014,0.93251,0.024359
-156.55,0.76864,0.74833,0.93081,0.026421
-151.89,0.76818,0.74588,0.92838,0.029036
-147.13,0.76751,0.74299,0.92542,0.03195
-142.39,0.76663,0.7397,0.92194,0.035131
-137.73,0.76553,0.73603,0.91796,0.038543
-132.77,0.76409,0.73161,0.91308,0.042511
-127.98,0.76239,0.72679,0.90766,0.046698
-123.37,0.76045,0.72161,0.90172,0.051084
-118.94,0.75827,0.71607,0.89528,0.055644
-114.57,0.75576,0.71003,0.88816,0.060497
-110.42,0.75299,0.70372,0.8806,0.065431
-106.54,0.74999,0.69721,0.87266,0.070375
-102.9,0.74675,0.69054,0.86441,0.075273
-99.464,0.74324,0.68366,0.85575,0.080169
-96.245,0.73954,0.67669,0.84686,0.084979
-93.222,0.73565,0.66966,0.83776,0.089698
-90.39,0.7316,0.66261,0.82851,0.094297
-88.121,0.72801,0.65659,0.8205,0.098105
-86.03,0.72434,0.65067,0.81251,0.1017
-84.139,0.72061,0.64492,0.80461,0.10503
-82.461,0.71684,0.63941,0.79688,0.10802
-81.032,0.7132,0.63432,0.7896,0.11059
-79.766,0.70957,0.62947,0.78254,0.11288
-78.621,0.70599,0.62483,0.77568,0.11497
-77.55,0.70247,0.62033,0.769,0.11693
-76.566,0.6992,0.61617,0.76281,0.11875
-75.591,0.69598,0.61207,0.75671,0.12057
-74.621,0.69282,0.60802,0.7507,0.1224
-73.67,0.68971,0.60404,0.74479,0.12422
-73.468,0.68904,0.60319,0.74352,0.1246
-73.269,0.68838,0.60234,0.74226,0.12499
-73.071,0.68771,0.6015,0.74101,0.12537
-72.877,0.68705,0.60066,0.73976,0.12574
-72.723,0.68653,0.6,0.73877,0.12604
-71.977,0.66921,0.58468,0.71158,0.12631
-71.272,0.65335,0.57068,0.68669,0.12653
-70.586,0.63876,0.5578,0.6638,0.12674
-69.876,0.62532,0.54588,0.64267,0.12704
-69.093,0.61313,0.53493,0.62338,0.12755
-68.149,0.60189,0.52458,0.60539,0.12845
-66.962,0.59158,0.51472,0.58859,0.12992
-65.457,0.58219,0.50524,0.57286,0.13216
-63.575,0.57375,0.49609,0.5582,0.13534
-61.269,0.56625,0.48719,0.54453,0.13963
-58.529,0.55971,0.47849,0.53183,0.14511
-55.373,0.55414,0.46999,0.52011,0.15186
-51.98,0.54969,0.46199,0.50973,0.15955
-48.311,0.54615,0.45421,0.5003,0.16833
-44.446,0.5435,0.44671,0.49184,0.17808
-40.466,0.54174,0.43955,0.48441,0.18864
-36.454,0.54088,0.43281,0.47808,0.1998
-32.48,0.54094,0.42658,0.47293,0.2114
-28.602,0.54196,0.42096,0.4691,0.22327
-24.86,0.54408,0.41606,0.46678,0.23529
-21.896,0.54675,0.41264,0.46616,0.24528
-19.05,0.55041,0.40987,0.4669,0.25533
-16.325,0.55524,0.40785,0.46924,0.26546
-13.724,0.56144,0.40665,0.4734,0.2757
-12.457,0.56514,0.40637,0.47626,0.28093
-11.221,0.56924,0.40633,0.47964,0.2862
-10.015,0.57374,0.4065,0.48353,0.29149
-8.8387,0.57855,0.40684,0.48783,0.2968
-7.6892,0.58351,0.40724,0.49229,0.30208
-6.564,0.58847,0.40763,0.49675,0.3073
-5.4588,0.59314,0.40785,0.50082,0.31238
-4.3682,0.59686,0.40755,0.50368,0.31718
-4.2177,0.59726,0.40744,0.50392,0.31781
-4.0673,0.59763,0.40732,0.50413,0.31844
-3.9171,0.59797,0.40719,0.5043,0.31906
-3.7669,0.59828,0.40703,0.50443,0.31966
-3.6168,0.59857,0.40687,0.50453,0.32027
-3.4667,0.59882,0.40668,0.50459,0.32086
-3.3167,0.59904,0.40649,0.50461,0.32144
-3.1667,0.59924,0.40627,0.50459,0.32202
-2.9355,0.59951,0.40593,0.50453,0.3229
-2.7043,0.59971,0.40554,0.50437,0.32377
-2.473,0.5998,0.4051,0.50409,0.32461
-2.2414,0.59987,0.40465,0.50377,0.32543
-2.0766,0.59994,0.40434,0.50357,0.32603
-1.9116,0.59998,0.40401,0.50333,0.32662
-1.7465,0.59997,0.40366,0.50303,0.3272
-1.5813,0.59997,0.40331,0.50273,0.32778
-1.452,0.60001,0.40306,0.50256,0.32824
-1.3227,0.60003,0.4028,0.50235,0.3287
-1.1932,0.59998,0.4025,0.50207,0.32914
-1.0637,0.59996,0.40222,0.50182,0.32959
-0.98547,0.6,0.40207,0.50173,0.32987
-0.9072,0.60001,0.40192,0.50161,0.33015
-0.8289,0.59999,0.40174,0.50144,0.33042
-0.75057,0.59998,0.40157,0.50129,0.33069
-0.6722,0.60006,0.40144,0.50125,0.33099
-0.5938,0.60008,0.40129,0.50114,0.33127
-0.51538,0.59997,0.40107,0.50087,0.33152
-0.43693,0.59991,0.40088,0.50066,0.33178
-0.39178,0.59998,0.40082,0.50066,0.33195
-0.34662,0.60001,0.40074,0.50062,0.33212
-0.30146,0.59999,0.40063,0.50051,0.33227
-0.25629,0.59997,0.40052,0.50041,0.33242
-0.21111,0.6,0.40044,0.50037,0.33259
-0.16592,0.60002,0.40036,0.50031,0.33276
-0.12072,0.59999,0.40025,0.5002,0.33291
-0.075519,0.59998,0.40015,0.50011,0.33306
-0.019338,0.60004,0.40006,0.50008,0.33328
0.036852,0.60006,0.39995,0.50001,0.33348
0.093049,0.59998,0.3998,0.49982,0.33366
0.14925,0.59994,0.39966,0.49967,0.33384
0.20025,0.60002,0.39959,0.49968,0.33404
0.25126,0.60005,0.3995,0.49963,0.33423
0.30226,0.59999,0.39936,0.49945,0.33439
0.35327,0.59994,0.39923,0.49931,0.33456
0.40429,0.6,0.39915,0.49928,0.33475
0.45531,0.60002,0.39905,0.49922,0.33494
0.50633,0.59999,0.39893,0.4991,0.33511
0.55735,0.59997,0.39881,0.49899,0.33528
0.61729,0.6,0.3987,0.49891,0.3355
0.67723,0.60001,0.39858,0.49882,0.33571
0.73717,0.6,0.39845,0.4987,0.33592
0.7971,0.59999,0.39832,0.49859,0.33613
0.88203,0.6,0.39814,0.49845,0.33643
0.96695,0.6,0.39797,0.49831,0.33673
1.0518,0.6,0.39779,0.49815,0.33702
1.1367,0.59999,0.3976,0.498,0.33732
1.2719,0.6,0.39732,0.49777,0.3378
1.407,0.6,0.39704,0.49754,0.33827
1.542,0.6,0.39675,0.49729,0.33874
1.6769,0.6,0.39647,0.49705,0.33922
1.9129,0.6,0.39597,0.49664,0.34004
2.1485,0.6,0.39548,0.49623,0.34087
2.3833,0.6,0.39498,0.49582,0.34169
2.6175,0.6,0.39449,0.49541,0.34251
3.0831,0.6,0.39351,0.49459,0.34415
3.5445,0.6,0.39254,0.49378,0.34576
4.001,0.59999,0.39158,0.49298,0.34736
4.4517,0.59999,0.39063,0.49218,0.34894
5.3341,0.59998,0.38877,0.49063,0.35202
6.1881,0.59997,0.38698,0.48912,0.35501
7.0114,0.59995,0.38524,0.48766,0.35787
7.8027,0.59992,0.38357,0.48625,0.36063
9.2371,0.59986,0.38055,0.48367,0.3656
10.554,0.59977,0.37777,0.48128,0.37014
11.758,0.59965,0.37522,0.47906,0.37427
12.859,0.5995,0.37288,0.47698,0.37802
14.202,0.59927,0.37001,0.4744,0.38256
15.392,0.59898,0.36745,0.47203,0.38654
16.445,0.59866,0.36516,0.46985,0.39003
17.372,0.59829,0.36313,0.46785,0.39306
18.376,0.59779,0.3609,0.46557,0.39628
19.192,0.59725,0.35904,0.46357,0.39885
19.822,0.59669,0.35755,0.46187,0.40078
20.267,0.59613,0.35644,0.46048,0.40208
20.532,0.59561,0.35571,0.45944,0.40279
20.661,0.59513,0.35526,0.45866,0.40305
20.687,0.59469,0.35504,0.45811,0.40299
20.646,0.5943,0.35497,0.45773,0.40272
20.576,0.59398,0.35498,0.45747,0.40237
20.496,0.59371,0.35503,0.45729,0.40201
20.413,0.59348,0.35511,0.45716,0.40166
20.32,0.5933,0.35522,0.4571,0.40129
20.216,0.59316,0.35537,0.45711,0.40089
20.08,0.59306,0.3556,0.45721,0.4004
19.913,0.59299,0.3559,0.45741,0.39982
19.73,0.59296,0.35625,0.45768,0.3992
19.57,0.59296,0.35657,0.45794,0.39867
19.483,0.59298,0.35675,0.45811,0.39838
19.541,0.593,0.35664,0.45804,0.39858
19.83,0.59299,0.35607,0.45755,0.39954
20.456,0.59292,0.3548,0.45643,0.40161
21.515,0.59272,0.35264,0.45446,0.40506
23.089,0.59235,0.34941,0.45147,0.41012
25.235,0.59173,0.34503,0.4473,0.41692
27.724,0.5909,0.33998,0.4424,0.42465
30.712,0.58974,0.33398,0.43643,0.43368
34.168,0.58817,0.32714,0.42942,0.4438
38.039,0.58612,0.31964,0.42146,0.45465
42.558,0.58329,0.31111,0.41199,0.46663
47.361,0.5797,0.30234,0.4017,0.47846
52.336,0.57529,0.2936,0.39073,0.48965
57.373,0.56998,0.28512,0.37925,0.49976
62.285,0.56387,0.27724,0.36759,0.50832
67.08,0.55689,0.26991,0.35567,0.51533
71.699,0.5491,0.26319,0.34357,0.52068
76.103,0.54056,0.2571,0.33138,0.52437
83.056,0.52456,0.24811,0.31055,0.52701
89.281,0.50728,0.24069,0.28998,0.52552
94.772,0.4893,0.23463,0.26994,0.52047
99.521,0.47116,0.22971,0.25073,0.51246
103.28,0.45447,0.22598,0.2337,0.50277
106.37,0.43836,0.22295,0.21776,0.49141
108.79,0.42309,0.22051,0.203,0.47881
110.61,0.40878,0.21854,0.18943,0.4654
111.8,0.39674,0.21707,0.17817,0.45286
112.65,0.38555,0.21584,0.16783,0.44018
113.2,0.37522,0.2148,0.15835,0.42753
113.48,0.36569,0.21392,0.14968,0.41503
113.51,0.35694,0.21318,0.14176,0.40276
113.28,0.34891,0.21256,0.13455,0.39079
112.77,0.34156,0.21206,0.12801,0.37915
112.02,0.33486,0.21165,0.12209,0.36793
111.17,0.32943,0.21137,0.11733,0.35838
110.21,0.32444,0.21113,0.11297,0.34923
109.18,0.31985,0.21094,0.10899,0.34051
108.13,0.31563,0.21077,0.10533,0.33224
107.1,0.31182,0.21062,0.10203,0.32455
106.07,0.3083,0.21049,0.098988,0.31727
105.03,0.30505,0.21037,0.096185,0.31035
103.95,0.30204,0.21028,0.093607,0.30379
102.93,0.29948,0.21022,0.091423,0.29805
101.88,0.29711,0.21018,0.089406,0.29259
100.86,0.2949,0.21014,0.087538,0.28743
99.935,0.29285,0.2101,0.085791,0.2826
99.29,0.29114,0.21003,0.084309,0.2786
98.912,0.28952,0.20992,0.082863,0.27493
98.903,0.28796,0.20975,0.08142,0.27159
99.357,0.28643,0.2095,0.079943,0.26859
100.33,0.28495,0.20917,0.078435,0.26595
101.87,0.28345,0.20875,0.076834,0.26355
104,0.2819,0.20825,0.075124,0.26127
106.71,0.28028,0.20768,0.073295,0.25902
110.14,0.27845,0.20703,0.071235,0.25651
114.07,0.27651,0.20635,0.06905,0.25371
118.39,0.27442,0.20568,0.066754,0.25047
122.97,0.27219,0.20504,0.064365,0.2467
127.64,0.26985,0.20445,0.061916,0.24234
132.32,0.26738,0.20392,0.059416,0.23737
136.89,0.26482,0.20344,0.056886,0.2318
141.29,0.26219,0.20302,0.054346,0.22568
146.65,0.25871,0.20256,0.05106,0.21703
151.57,0.25521,0.20218,0.047824,0.20778
156.03,0.25174,0.20187,0.044671,0.19811
160.02,0.24835,0.20161,0.041629,0.18819
163.36,0.24526,0.20141,0.038886,0.17879
166.28,0.24229,0.20124,0.036274,0.16943
168.77,0.23947,0.2011,0.033804,0.16022
170.82,0.2368,0.20098,0.031483,0.15125
172.55,0.2341,0.20088,0.029145,0.1419
173.79,0.23159,0.20079,0.026987,0.13298
174.6,0.22928,0.20072,0.025006,0.12456
175.03,0.22717,0.20067,0.023194,0.11666
175.15,0.22523,0.20062,0.02154,0.10929
175.01,0.22347,0.20057,0.020037,0.10245
174.62,0.22187,0.20054,0.018673,0.09613
173.99,0.22042,0.20051,0.017439,0.090309
172.99,0.21898,0.20048,0.016224,0.084479
171.68,0.21771,0.20046,0.015143,0.0792
170.07,0.21657,0.20045,0.014184,0.074444
168.24,0.21557,0.20044,0.013337,0.070181
166.23,0.21466,0.20043,0.012576,0.066295
164.18,0.21387,0.20042,0.011908,0.06285
162.13,0.21317,0.20042,0.011323,0.059804
160.1,0.21256,0.20042,0.010813,0.057118
158.38,0.21211,0.20042,0.010438,0.055123
156.61,0.21171,0.20042,0.010106,0.053336
154.81,0.21136,0.20042,0.0098139,0.051743
153.03,0.21105,0.20042,0.0095584,0.050333
151.66,0.21082,0.20043,0.0093749,0.049312
150.46,0.21062,0.20043,0.0092098,0.048397
149.55,0.21044,0.20043,0.0090594,0.047575
149.03,0.21028,0.20043,0.0089191,0.046834
149.01,0.21012,0.20042,0.0087838,0.046157
149.59,0.20997,0.20041,0.0086479,0.04552
150.83,0.20981,0.20039,0.0085062,0.044899
152.75,0.20965,0.20037,0.008354,0.044265
155.65,0.20946,0.20034,0.0081685,0.043513
159.27,0.20924,0.20031,0.007962,0.042676
163.46,0.209,0.20028,0.0077331,0.041728
168.06,0.20873,0.20025,0.0074822,0.040652
172.56,0.20846,0.20022,0.0072288,0.039523
177.1,0.20816,0.20019,0.0069605,0.038286
181.56,0.20785,0.20017,0.0066804,0.036952
185.84,0.20752,0.20015,0.006392,0.035541
190.76,0.20711,0.20013,0.0060318,0.033732
195.25,0.2067,0.20011,0.0056711,0.031878
199.3,0.20629,0.20009,0.0053154,0.030017
202.9,0.20588,0.20008,0.0049697,0.028179
205.96,0.20551,0.20007,0.0046492,0.026455
208.6,0.20515,0.20006,0.0043444,0.024798
210.8,0.20481,0.20006,0.0040573,0.023223
212.56,0.2045,0.20005,0.0037895,0.021741
213.97,0.20418,0.20005,0.0035213,0.020247
214.86,0.20389,0.20004,0.0032776,0.018881
215.31,0.20363,0.20004,0.0030585,0.017644
215.35,0.2034,0.20004,0.0028631,0.016537
215.08,0.20319,0.20003,0.0026897,0.015549
214.53,0.20301,0.20003,0.0025375,0.014678
213.72,0.20285,0.20003,0.0024051,0.013918
212.65,0.20272,0.20003,0.002291,0.01326
211.18,0.20259,0.20003,0.002187,0.012657
209.38,0.20249,0.20003,0.0021016,0.012158
207.27,0.20241,0.20003,0.0020337,0.011757
204.93,0.20235,0.20003,0.001982,0.011448
202.2,0.2023,0.20003,0.0019421,0.011203
199.42,0.20227,0.20003,0.0019186,0.011051
196.67,0.20226,0.20004,0.0019095,0.01098
193.93,0.20226,0.20004,0.0019134,0.010982
191.33,0.20227,0.20004,0.0019276,0.011042
188.67,0.2023,0.20004,0.0019517,0.011157
186.02,0.20234,0.20005,0.001985,0.011322
183.61,0.20238,0.20005,0.0020264,0.011532
182.22,0.20242,0.20005,0.0020591,0.011702
181.25,0.20246,0.20005,0.0020932,0.011883
180.83,0.2025,0.20005,0.0021271,0.012069
181.05,0.20254,0.20005,0.0021586,0.012248
181.95,0.20257,0.20005,0.0021844,0.012402
183.55,0.20259,0.20005,0.0022039,0.012529
185.82,0.20261,0.20005,0.0022155,0.012617
188.7,0.20261,0.20005,0.0022178,0.012658
192.47,0.20261,0.20004,0.0022085,0.012641
196.69,0.20258,0.20004,0.0021865,0.012553
201.17,0.20255,0.20004,0.0021523,0.012393
205.75,0.2025,0.20003,0.0021069,0.012166
210.06,0.20244,0.20003,0.0020545,0.011893
214.2,0.20237,0.20003,0.001995,0.011575
218.09,0.20229,0.20002,0.00193,0.011221
221.71,0.20221,0.20002,0.0018613,0.010842
226,0.2021,0.20002,0.0017681,0.010321
229.78,0.20199,0.20002,0.0016742,0.0097908
233.05,0.20188,0.20001,0.001582,0.0092664
235.8,0.20178,0.20001,0.0014936,0.0087602
238.59,0.20165,0.20001,0.0013858,0.0081396
240.4,0.20154,0.20001,0.0012897,0.0075828
241.28,0.20144,0.20001,0.0012066,0.0070995
241.33,0.20136,0.20001,0.0011373,0.0066945
240.9,0.2013,0.20001,0.0010916,0.0064264
240.12,0.20126,0.20001,0.001054,0.0062053
239.05,0.20122,0.20001,0.001024,0.0060283
237.66,0.20119,0.20001,0.0010013,0.0058929
235.95,0.20117,0.20001,0.00098529,0.0057965
233.89,0.20116,0.20001,0.00097589,0.0057381
231.52,0.20116,0.20001,0.00097291,0.0057164
228.89,0.20116,0.20001,0.00097614,0.0057304
226.13,0.20117,0.20001,0.00098528,0.0057783
223.33,0.20119,0.20001,0.00099987,0.0058574
220.54,0.20121,0.20001,0.0010194,0.005965
217.77,0.20124,0.20001,0.0010436,0.0060984
215.42,0.20127,0.20001,0.0010673,0.0062296
213.03,0.2013,0.20001,0.0010939,0.0063773
210.6,0.20133,0.20002,0.0011236,0.0065414
208.17,0.20137,0.20002,0.0011561,0.0067216
206.18,0.20141,0.20002,0.001186,0.0068868
204.37,0.20144,0.20002,0.0012175,0.0070616
202.84,0.20148,0.20002,0.0012502,0.0072436
201.74,0.20152,0.20002,0.0012832,0.0074287
201.19,0.20156,0.20002,0.0013154,0.0076113
201.3,0.20159,0.20002,0.0013454,0.0077841
202.14,0.20162,0.20002,0.0013718,0.0079391
203.74,0.20165,0.20002,0.001393,0.0080681
206.36,0.20167,0.20002,0.0014088,0.0081708
209.75,0.20168,0.20002,0.0014153,0.0082227
213.75,0.20168,0.20002,0.0014119,0.0082186
218.15,0.20166,0.20002,0.0013985,0.0081569
222.38,0.20164,0.20002,0.0013779,0.0080511
226.61,0.20161,0.20001,0.0013503,0.0079031
230.72,0.20157,0.20001,0.0013168,0.0077193
234.63,0.20152,0.20001,0.0012787,0.0075068
239.46,0.20146,0.20001,0.0012224,0.0071886
243.76,0.20139,0.20001,0.0011631,0.0068495
247.51,0.20132,0.20001,0.0011031,0.0065041
250.72,0.20125,0.20001,0.0010444,0.0061646
253.2,0.20119,0.20001,0.00099256,0.0058635
255.19,0.20113,0.20001,0.00094408,0.0055809
256.66,0.20107,0.2,0.00089964,0.0053211
257.62,0.20103,0.2,0.00085975,0.0050873
258.1,0.20098,0.2,0.00082285,0.0048704
258.08,0.20095,0.2,0.0007915,0.0046857
257.64,0.20091,0.2,0.00076562,0.0045328
256.86,0.20089,0.2,0.00074498,0.0044105
255.85,0.20087,0.2,0.00072989,0.0043208
254.58,0.20086,0.2,0.00071896,0.0042553
253.04,0.20085,0.2,0.00071197,0.0042128
251.22,0.20085,0.2,0.00070878,0.0041924
249.15,0.20085,0.2,0.00070927,0.0041934
246.82,0.20085,0.2,0.0007133,0.004215
244.3,0.20086,0.2,0.00072082,0.0042567
241.64,0.20087,0.20001,0.0007317,0.0043178
238.9,0.20089,0.20001,0.00074595,0.0043983
236.17,0.20091,0.20001,0.00076319,0.0044961
233.46,0.20093,0.20001,0.00078319,0.0046097
230.76,0.20096,0.20001,0.00080577,0.004738
227.85,0.20099,0.20001,0.00083254,0.0048899
224.88,0.20103,0.20001,0.0008622,0.0050579
221.89,0.20106,0.20001,0.00089477,0.0052421
219.05,0.20111,0.20001,0.00093,0.0054412
217.2,0.20114,0.20001,0.00095712,0.0055947
215.68,0.20117,0.20001,0.00098486,0.0057521
214.63,0.2012,0.20001,0.0010125,0.0059099
214.16,0.20123,0.20001,0.0010391,0.006063
214.35,0.20126,0.20001,0.0010633,0.0062039
215.27,0.20129,0.20001,0.0010843,0.0063279
216.91,0.20131,0.20001,0.0011009,0.0064286
219.23,0.20132,0.20001,0.0011121,0.0065004
222.68,0.20133,0.20001,0.0011176,0.0065411
226.73,0.20133,0.20001,0.0011145,0.0065327
231.17,0.20131,0.20001,0.001103,0.0064749
235.78,0.20129,0.20001,0.0010836,0.0063707
239.9,0.20126,0.20001,0.0010604,0.0062422
243.87,0.20123,0.20001,0.0010328,0.0060869
247.6,0.2012,0.20001,0.0010019,0.0059111
251.06,0.20116,0.20001,0.00096876,0.0057212
255.31,0.2011,0.20001,0.00092161,0.0054489
259.01,0.20104,0.2,0.00087422,0.0051737
262.14,0.20099,0.2,0.00082819,0.0049053
264.7,0.20094,0.2,0.00078481,0.0046515
266.85,0.20089,0.2,0.00074097,0.0043943
268.23,0.20084,0.2,0.00070236,0.0041671
268.86,0.2008,0.2,0.0006695,0.0039733
268.8,0.20077,0.2,0.00064264,0.0038145
268.18,0.20074,0.2,0.0006217,0.0036903
267.12,0.20072,0.2,0.0006063,0.0035987
265.66,0.20071,0.2,0.00059601,0.003537
263.84,0.20071,0.2,0.00059049,0.0035033
261.8,0.2007,0.2,0.00058935,0.0034955
259.39,0.20071,0.2,0.00059194,0.0035093
256.65,0.20071,0.2,0.00059823,0.0035447
253.64,0.20073,0.2,0.00060815,0.0036012
250.48,0.20074,0.2,0.00062162,0.0036782
247.28,0.20076,0.2,0.00063837,0.0037743
244.11,0.20079,0.2,0.00065812,0.0038877
240.95,0.20081,0.20001,0.00068063,0.004017
238.14,0.20084,0.20001,0.00070274,0.0041438
235.28,0.20087,0.20001,0.00072691,0.0042822
232.38,0.2009,0.20001,0.0007532,0.0044325
229.52,0.20093,0.20001,0.00078155,0.0045944
227.4,0.20096,0.20001,0.00080512,0.0047289
225.51,0.20099,0.20001,0.00082959,0.0048686
223.97,0.20102,0.20001,0.00085448,0.0050112
222.91,0.20105,0.20001,0.00087915,0.0051531
222.46,0.20107,0.20001,0.00090275,0.0052897
222.7,0.2011,0.20001,0.00092425,0.0054155
223.68,0.20112,0.20001,0.00094262,0.0055246
225.41,0.20114,0.20001,0.00095688,0.0056112
227.91,0.20115,0.20001,0.00096636,0.0056715
231.05,0.20116,0.20001,0.00096991,0.0056981
234.67,0.20115,0.20001,0.00096728,0.005689
238.6,0.20114,0.20001,0.00095856,0.0056444
242.68,0.20113,0.20001,0.00094422,0.0055663
246.75,0.2011,0.20001,0.00092499,0.0054589
250.69,0.20108,0.20001,0.00090177,0.0053273
254.42,0.20105,0.2,0.00087554,0.005177
259.22,0.201,0.2,0.00083518,0.004944
263.44,0.20095,0.2,0.00079315,0.0046998
267.05,0.2009,0.2,0.00075133,0.0044556
270.07,0.20085,0.2,0.0007113,0.0042211
272.3,0.20081,0.2,0.00067712,0.0040203
274,0.20077,0.2,0.00064595,0.0038368
275.13,0.20074,0.2,0.0006182,0.0036731
275.72,0.20071,0.2,0.00059419,0.0035312
275.77,0.20069,0.2,0.00057269,0.0034039
275.31,0.20066,0.2,0.00055559,0.0033024
274.44,0.20065,0.2,0.00054272,0.0032258
273.22,0.20064,0.2,0.00053378,0.0031723
271.78,0.20063,0.2,0.00052869,0.0031415
270.05,0.20063,0.2,0.00052664,0.0031286
268,0.20063,0.2,0.00052753,0.003133
265.62,0.20064,0.2,0.00053131,0.0031543
263.1,0.20064,0.2,0.00053756,0.0031899
260.36,0.20065,0.2,0.00054639,0.0032407
257.48,0.20067,0.2,0.00055775,0.0033061
254.54,0.20068,0.2,0.0005715,0.0033855
251.77,0.2007,0.2,0.00058657,0.0034725
249.02,0.20072,0.2,0.00060347,0.0035701
246.28,0.20074,0.2,0.00062208,0.0036775
243.52,0.20077,0.2,0.00064236,0.0037944
240.82,0.20079,0.2,0.00066347,0.0039159
238.08,0.20082,0.20001,0.0006862,0.0040466
235.38,0.20085,0.20001,0.00071054,0.0041863
232.82,0.20088,0.20001,0.00073633,0.0043342
230.79,0.20091,0.20001,0.00076043,0.0044726
229.17,0.20093,0.20001,0.00078488,0.0046133
228.12,0.20096,0.20001,0.00080894,0.0047524
227.76,0.20099,0.20001,0.00083167,0.0048846
228.16,0.20101,0.20001,0.00085087,0.0049975
229.29,0.20103,0.20001,0.00086692,0.0050933
231.15,0.20105,0.20001,0.00087897,0.0051668
233.68,0.20106,0.20001,0.0008863,0.0052137
237.16,0.20106,0.20001,0.00088834,0.005231
241.13,0.20105,0.20001,0.00088377,0.0052098
245.4,0.20104,0.20001,0.00087289,0.0051514
249.76,0.20102,0.20001,0.00085632,0.0050591
253.8,0.201,0.2,0.00083635,0.0049459
257.65,0.20097,0.2,0.00081314,0.0048128
261.24,0.20094,0.2,0.00078763,0.0046655
264.54,0.20091,0.2,0.00076072,0.0045093
268.27,0.20087,0.2,0.00072603,0.004307
271.5,0.20083,0.2,0.00069169,0.004106
274.26,0.20079,0.2,0.00065868,0.0039123
276.51,0.20075,0.2,0.0006278,0.0037306
278.37,0.20071,0.2,0.00059745,0.0035517
279.58,0.20068,0.2,0.0005707,0.0033937
280.17,0.20066,0.2,0.00054787,0.0032586
280.17,0.20063,0.2,0.00052909,0.0031472
279.67,0.20062,0.2,0.00051435,0.0030596
278.76,0.2006,0.2,0.00050342,0.0029945
277.51,0.20059,0.2,0.00049606,0.0029504
275.94,0.20059,0.2,0.000492,0.0029258
273.48,0.20059,0.2,0.00049123,0.0029203
270.43,0.20059,0.2,0.00049532,0.0029433
266.82,0.2006,0.2,0.00050428,0.0029948
262.8,0.20062,0.2,0.00051801,0.0030741
259.98,0.20063,0.2,0.00052977,0.0031422
257.15,0.20065,0.2,0.00054347,0.0032216
254.34,0.20067,0.2,0.00055896,0.0033113
251.55,0.20069,0.2,0.0005761,0.0034106
248.75,0.20071,0.2,0.0005948,0.0035187
245.92,0.20073,0.2,0.00061506,0.0036359
243.05,0.20076,0.2,0.00063694,0.0037621
240.17,0.20079,0.2,0.00066044,0.0038975
237.59,0.20081,0.20001,0.00068353,0.0040303
235.22,0.20084,0.20001,0.00070774,0.0041697
233.25,0.20087,0.20001,0.00073262,0.004313
231.84,0.2009,0.20001,0.00075741,0.0044564
231.22,0.20093,0.20001,0.00077913,0.0045827
231.32,0.20095,0.20001,0.00079896,0.004699
232.21,0.20097,0.20001,0.00081593,0.0047996
233.9,0.20099,0.20001,0.00082908,0.0048791
236.34,0.201,0.20001,0.0008376,0.0049325
239.41,0.201,0.20001,0.00084086,0.0049559
242.97,0.201,0.20001,0.00083865,0.0049474
246.85,0.20099,0.20001,0.00083106,0.0049074
250.88,0.20098,0.2,0.00081851,0.004838
254.9,0.20096,0.2,0.0008017,0.004743
258.79,0.20093,0.2,0.00078145,0.0046271
262.46,0.20091,0.2,0.00075862,0.0044953
267.22,0.20086,0.2,0.00072335,0.0042905
271.37,0.20082,0.2,0.00068682,0.0040771
274.92,0.20078,0.2,0.00065072,0.0038655
277.85,0.20074,0.2,0.00061646,0.0036641
279.99,0.2007,0.2,0.0005875,0.0034934
281.58,0.20067,0.2,0.00056135,0.003339
282.6,0.20064,0.2,0.00053836,0.0032031
283.05,0.20062,0.2,0.00051877,0.003087
282.95,0.2006,0.2,0.00050147,0.0029844
282.33,0.20058,0.2,0.00048818,0.0029053
281.3,0.20057,0.2,0.00047869,0.0028487
279.91,0.20057,0.2,0.00047273,0.0028128
278.29,0.20056,0.2,0.00047007,0.0027966
276.36,0.20056,0.2,0.00047017,0.0027965
274.09,0.20057,0.2,0.00047295,0.0028122
271.48,0.20057,0.2,0.0004784,0.0028434
268.73,0.20058,0.2,0.00048598,0.0028873
265.79,0.20059,0.2,0.00049594,0.002945
262.75,0.20061,0.2,0.00050819,0.003016
259.67,0.20062,0.2,0.00052261,0.0030997
256.82,0.20064,0.2,0.00053779,0.0031878
253.99,0.20066,0.2,0.00055457,0.0032851
251.16,0.20068,0.2,0.00057285,0.0033911
248.3,0.20071,0.2,0.00059263,0.0035056
245.61,0.20073,0.2,0.0006123,0.0036193
242.91,0.20076,0.2,0.00063333,0.0037407
240.28,0.20078,0.2,0.00065568,0.0038696
237.83,0.20081,0.20001,0.00067916,0.0040049
235.79,0.20084,0.20001,0.00070275,0.0041411
234.28,0.20087,0.20001,0.0007264,0.0042779
233.45,0.20089,0.20001,0.00074921,0.0044106
233.45,0.20092,0.20001,0.00077012,0.0045331
234.24,0.20094,0.20001,0.00078648,0.0046301
235.79,0.20095,0.20001,0.00079936,0.0047076
238.04,0.20096,0.20001,0.00080802,0.0047615
240.92,0.20097,0.20001,0.00081194,0.0047882
244.64,0.20097,0.20001,0.00081046,0.0047839
248.73,0.20096,0.20001,0.00080306,0.0047449
253,0.20094,0.2,0.00079021,0.0046736
257.27,0.20092,0.2,0.00077267,0.0045741
261.28,0.2009,0.2,0.00075197,0.0044552
265.05,0.20087,0.2,0.00072872,0.0043207
268.51,0.20084,0.2,0.00070385,0.0041761
271.65,0.20081,0.2,0.00067823,0.0040265
274.85,0.20078,0.2,0.00064885,0.0038544
277.63,0.20074,0.2,0.00062025,0.0036864
279.98,0.20071,0.2,0.00059308,0.0035265
281.89,0.20068,0.2,0.00056785,0.0033777
283.56,0.20065,0.2,0.00054091,0.0032185
284.56,0.20062,0.2,0.00051761,0.0030807
284.9,0.2006,0.2,0.0004982,0.0029656
284.64,0.20058,0.2,0.00048273,0.0028737
283.9,0.20056,0.2,0.00047113,0.0028046
282.75,0.20055,0.2,0.00046313,0.0027568
281.27,0.20055,0.2,0.00045845,0.0027286
279.46,0.20055,0.2,0.00045686,0.0027186
277.35,0.20055,0.2,0.0004581,0.0027252
274.88,0.20055,0.2,0.00046206,0.0027479
272.05,0.20056,0.2,0.00046876,0.0027865
268.94,0.20057,0.2,0.00047818,0.0028412
265.65,0.20059,0.2,0.00049031,0.0029116
262.28,0.2006,0.2,0.00050498,0.0029968
258.92,0.20062,0.2,0.00052198,0.0030956
255.59,0.20065,0.2,0.00054114,0.0032069
252.93,0.20067,0.2,0.00055792,0.0033043
250.24,0.20069,0.2,0.00057599,0.003409
247.5,0.20071,0.2,0.00059537,0.0035211
244.75,0.20074,0.2,0.00061609,0.0036409
242.12,0.20076,0.2,0.00063751,0.0037645
239.66,0.20079,0.20001,0.00066004,0.0038946
237.52,0.20081,0.20001,0.00068335,0.0040292
235.88,0.20084,0.20001,0.00070682,0.0041651
234.95,0.20087,0.20001,0.00072841,0.0042906
234.76,0.20089,0.20001,0.00074846,0.0044079
235.38,0.20091,0.20001,0.00076599,0.0045115
236.84,0.20093,0.20001,0.00077999,0.0045955
239.33,0.20094,0.20001,0.00079018,0.0046585
242.64,0.20095,0.20001,0.0007943,0.0046866
246.56,0.20095,0.20001,0.00079202,0.0046777
250.87,0.20094,0.2,0.00078347,0.0046318
254.9,0.20092,0.2,0.00077083,0.0045612
258.89,0.2009,0.2,0.00075425,0.0044668
262.74,0.20088,0.2,0.00073454,0.0043535
266.35,0.20085,0.2,0.00071255,0.0042261
271.41,0.20081,0.2,0.0006758,0.004012
275.75,0.20076,0.2,0.00063819,0.0037917
279.35,0.20072,0.2,0.0006016,0.0035767
282.22,0.20068,0.2,0.00056766,0.0033767
284.18,0.20065,0.2,0.00053964,0.0032112
285.44,0.20062,0.2,0.00051517,0.0030665
286.02,0.20059,0.2,0.00049458,0.0029444
285.95,0.20057,0.2,0.00047799,0.002846
285.4,0.20056,0.2,0.0004663,0.0027764
284.48,0.20055,0.2,0.00045777,0.0027254
283.24,0.20054,0.2,0.00045217,0.0026918
281.72,0.20054,0.2,0.0004493,0.0026744
279.9,0.20054,0.2,0.00044897,0.0026719
277.76,0.20054,0.2,0.00045111,0.0026839
275.29,0.20055,0.2,0.0004557,0.0027103
272.5,0.20055,0.2,0.00046274,0.002751
269.31,0.20057,0.2,0.00047278,0.0028093
265.96,0.20058,0.2,0.00048545,0.002883
262.56,0.2006,0.2,0.00050061,0.0029711
259.18,0.20062,0.2,0.00051806,0.0030726
256.62,0.20064,0.2,0.00053279,0.0031582
254.05,0.20066,0.2,0.00054868,0.0032504
251.46,0.20068,0.2,0.00056573,0.0033493
248.84,0.2007,0.2,0.00058394,0.0034548
246.2,0.20072,0.2,0.00060328,0.0035667
243.6,0.20074,0.2,0.00062382,0.0036853
241.13,0.20077,0.2,0.00064546,0.0038103
238.93,0.2008,0.20001,0.00066791,0.00394
237.22,0.20082,0.20001,0.00068991,0.0040674
236.07,0.20085,0.20001,0.00071155,0.004193
235.63,0.20087,0.20001,0.00073198,0.0043124
235.99,0.20089,0.20001,0.00075022,0.0044198
237.13,0.20091,0.20001,0.00076486,0.0045071
239.05,0.20092,0.20001,0.00077561,0.0045726
241.67,0.20093,0.20001,0.00078183,0.0046123
244.86,0.20093,0.20001,0.00078313,0.0046236
248.92,0.20093,0.2,0.00077862,0.0046013
253.26,0.20092,0.2,0.00076819,0.0045441
257.68,0.2009,0.2,0.00075255,0.0044558
261.99,0.20088,0.2,0.00073266,0.0043419
266.01,0.20085,0.2,0.00070989,0.0042102
269.72,0.20082,0.2,0.00068514,0.0040663
273.08,0.20079,0.2,0.00065938,0.0039158
276.08,0.20076,0.2,0.00063346,0.0037639
278.88,0.20073,0.2,0.00060647,0.0036053
281.28,0.20069,0.2,0.00058066,0.0034534
283.26,0.20067,0.2,0.00055651,0.0033109
284.82,0.20064,0.2,0.00053437,0.0031802
286.09,0.20061,0.2,0.000511,0.0030419
286.72,0.20059,0.2,0.00049113,0.0029242
286.75,0.20057,0.2,0.0004749,0.0028278
286.25,0.20055,0.2,0.00046228,0.0027527
285.31,0.20054,0.2,0.00045298,0.0026973
284,0.20054,0.2,0.00044702,0.0026615
282.36,0.20053,0.2,0.00044412,0.0026438
280.39,0.20053,0.2,0.0004441,0.0026431
277.96,0.20053,0.2,0.00044696,0.0026593
275.13,0.20054,0.2,0.00045277,0.0026928
271.94,0.20055,0.2,0.00046155,0.0027438
268.48,0.20057,0.2,0.00047327,0.0028119
264.94,0.20058,0.2,0.00048772,0.0028959
261.38,0.2006,0.2,0.00050474,0.0029949
257.85,0.20063,0.2,0.00052409,0.0031075
254.34,0.20065,0.2,0.00054562,0.0032325
251.01,0.20068,0.2,0.00056764,0.0033603
247.62,0.20071,0.2,0.00059162,0.0034991
244.26,0.20074,0.2,0.00061759,0.0036493
241.11,0.20077,0.2,0.00064532,0.0038095
239.07,0.2008,0.20001,0.00066695,0.0039346
237.47,0.20082,0.20001,0.00068875,0.0040608
236.48,0.20085,0.20001,0.00071001,0.0041845
236.21,0.20087,0.20001,0.00072985,0.0043006
236.71,0.20089,0.20001,0.00074646,0.0043987
237.96,0.20091,0.20001,0.00076004,0.0044799
239.94,0.20092,0.20001,0.00076983,0.0045398
242.58,0.20092,0.20001,0.00077526,0.0045748
246.09,0.20093,0.20001,0.00077577,0.0045817
250.05,0.20092,0.2,0.00077055,0.004555
254.25,0.20091,0.2,0.00075994,0.0044965
258.51,0.20089,0.2,0.0007446,0.0044096
262.5,0.20087,0.2,0.00072619,0.0043041
266.27,0.20084,0.2,0.00070514,0.0041823
269.78,0.20082,0.2,0.0006823,0.0040495
272.97,0.20079,0.2,0.00065849,0.0039105
276.41,0.20075,0.2,0.00062944,0.0037403
279.4,0.20072,0.2,0.00060099,0.0035731
281.93,0.20069,0.2,0.00057386,0.0034133
283.99,0.20066,0.2,0.00054864,0.0032645
285.67,0.20063,0.2,0.0005241,0.0031195
286.75,0.2006,0.2,0.00050259,0.0029922
287.24,0.20058,0.2,0.00048432,0.0028839
287.19,0.20056,0.2,0.0004694,0.0027953
286.66,0.20055,0.2,0.0004578,0.0027262
285.75,0.20054,0.2,0.00044934,0.0026758
284.51,0.20053,0.2,0.00044382,0.0026426
282.98,0.20053,0.2,0.00044102,0.0026256
280.73,0.20053,0.2,0.00044099,0.0026248
277.98,0.20053,0.2,0.00044457,0.0026451
274.75,0.20054,0.2,0.00045175,0.0026867
271.1,0.20055,0.2,0.00046253,0.0027492
267.02,0.20057,0.2,0.00047757,0.0028367
262.86,0.20059,0.2,0.00049619,0.0029451
258.75,0.20062,0.2,0.00051804,0.0030722
254.65,0.20065,0.2,0.00054286,0.0032164
250.9,0.20068,0.2,0.00056762,0.0033601
247.09,0.20071,0.2,0.00059487,0.0035179
243.36,0.20075,0.2,0.0006246,0.0036897
240.05,0.20078,0.2,0.00065625,0.0038727
238.25,0.20081,0.20001,0.00067846,0.0040013
237.05,0.20083,0.20001,0.00070033,0.0041284
236.57,0.20086,0.20001,0.00072098,0.004249
236.92,0.20088,0.20001,0.00073939,0.0043574
238.07,0.2009,0.20001,0.00075379,0.0044434
239.99,0.20091,0.20001,0.00076436,0.0045077
242.61,0.20092,0.20001,0.00077044,0.0045465
245.8,0.20092,0.20001,0.00077167,0.0045572
249.84,0.20092,0.2,0.00076716,0.0045349
254.18,0.2009,0.2,0.00075684,0.0044781
258.58,0.20089,0.2,0.00074141,0.0043909
262.88,0.20086,0.2,0.0007218,0.0042784
266.9,0.20084,0.2,0.00069932,0.0041484
270.61,0.20081,0.2,0.00067491,0.0040063
273.96,0.20078,0.2,0.00064952,0.0038579
276.95,0.20075,0.2,0.00062398,0.0037082
279.73,0.20071,0.2,0.00059744,0.0035522
282.12,0.20068,0.2,0.00057209,0.0034029
284.1,0.20066,0.2,0.00054838,0.003263
285.64,0.20063,0.2,0.00052667,0.0031348
286.89,0.2006,0.2,0.00050382,0.0029995
287.51,0.20058,0.2,0.00048441,0.0028845
287.53,0.20056,0.2,0.00046858,0.0027905
287.02,0.20055,0.2,0.0004563,0.0027174
286.07,0.20054,0.2,0.00044729,0.0026637
284.75,0.20053,0.2,0.00044155,0.0026292
283.11,0.20053,0.2,0.00043883,0.0026126
281.13,0.20053,0.2,0.00043893,0.0026127
278.7,0.20053,0.2,0.00044188,0.0026294
275.85,0.20054,0.2,0.00044773,0.0026632
272.65,0.20055,0.2,0.00045652,0.0027142
269.19,0.20056,0.2,0.00046821,0.0027822
265.63,0.20058,0.2,0.00048261,0.002866
262.06,0.2006,0.2,0.00049954,0.0029645
258.52,0.20062,0.2,0.00051879,0.0030765
254.99,0.20065,0.2,0.0005402,0.0032009
251.66,0.20067,0.2,0.00056207,0.0033278
248.26,0.2007,0.2,0.00058588,0.0034658
244.88,0.20073,0.2,0.00061166,0.0036149
241.73,0.20076,0.2,0.00063918,0.003774
239.68,0.20079,0.20001,0.00066066,0.0038982
238.08,0.20081,0.20001,0.0006823,0.0040237
237.08,0.20084,0.20001,0.0007034,0.0041464
236.81,0.20086,0.20001,0.00072309,0.0042617
237.31,0.20088,0.20001,0.00073956,0.0043589
238.56,0.2009,0.20001,0.00075299,0.0044393
240.55,0.20091,0.20001,0.00076267,0.0044985
243.18,0.20092,0.20001,0.00076802,0.0045329
246.69,0.20092,0.20001,0.00076848,0.0045394
250.65,0.20091,0.2,0.00076326,0.0045127
254.85,0.2009,0.2,0.0007527,0.0044543
259.11,0.20088,0.2,0.00073745,0.0043679
263.09,0.20086,0.2,0.00071918,0.0042631
266.86,0.20083,0.2,0.00069828,0.0041422
270.36,0.20081,0.2,0.00067563,0.0040104
273.55,0.20078,0.2,0.00065204,0.0038726
276.98,0.20075,0.2,0.00062333,0.0037043
279.95,0.20071,0.2,0.00059522,0.0035391
282.47,0.20068,0.2,0.00056843,0.0033813
284.52,0.20065,0.2,0.00054354,0.0032345
286.19,0.20062,0.2,0.00051931,0.0030912
287.26,0.2006,0.2,0.00049808,0.0029656
287.75,0.20057,0.2,0.00048007,0.0028588
287.69,0.20056,0.2,0.00046538,0.0027716
287.15,0.20054,0.2,0.00045398,0.0027037
286.23,0.20053,0.2,0.0004457,0.0026543
284.99,0.20053,0.2,0.00044032,0.002622
283.45,0.20052,0.2,0.00043764,0.0026056
281.18,0.20052,0.2,0.00043772,0.0026055
278.42,0.20053,0.2,0.0004414,0.0026265
275.16,0.20054,0.2,0.00044867,0.0026686
271.49,0.20055,0.2,0.00045953,0.0027316
267.91,0.20057,0.2,0.00047254,0.0028073
264.26,0.20058,0.2,0.00048833,0.0028992
260.62,0.20061,0.2,0.00050666,0.0030059
257.02,0.20063,0.2,0.00052732,0.003126
253.94,0.20065,0.2,0.00054665,0.0032383
250.8,0.20068,0.2,0.00056761,0.0033599
247.63,0.2007,0.2,0.00059026,0.0034911
244.5,0.20073,0.2,0.00061458,0.0036317
242.24,0.20076,0.2,0.00063424,0.0037454
240.23,0.20078,0.2,0.00065455,0.0038629
238.59,0.2008,0.20001,0.00067511,0.003982
237.47,0.20083,0.20001,0.00069537,0.0040997
236.97,0.20085,0.20001,0.00071461,0.0042121
237.18,0.20087,0.20001,0.00073198,0.0043143
238.16,0.20089,0.20001,0.00074665,0.0044016
239.88,0.2009,0.20001,0.00075782,0.0044692
242.4,0.20091,0.20001,0.00076497,0.0045141
245.53,0.20092,0.20001,0.00076717,0.0045305
249.13,0.20091,0.2,0.00076428,0.0045172
253.03,0.2009,0.2,0.00075646,0.0044749
257.02,0.20089,0.2,0.00074423,0.0044062
260.98,0.20087,0.2,0.00072824,0.0043151
264.79,0.20085,0.2,0.00070928,0.0042058
268.37,0.20082,0.2,0.00068816,0.0040833
273.44,0.20078,0.2,0.00065251,0.0038753
277.77,0.20074,0.2,0.00061608,0.0036617
281.36,0.2007,0.2,0.00058071,0.0034537
284.2,0.20066,0.2,0.00054801,0.0032609
286.13,0.20062,0.2,0.00052111,0.0031019
287.36,0.2006,0.2,0.00049773,0.0029635
287.88,0.20057,0.2,0.00047816,0.0028475
287.76,0.20055,0.2,0.00046253,0.0027546
287.14,0.20054,0.2,0.00045141,0.0026884
286.13,0.20053,0.2,0.00044352,0.0026413
284.79,0.20053,0.2,0.00043863,0.0026119
283.14,0.20052,0.2,0.00043653,0.0025989
281.18,0.20052,0.2,0.00043701,0.0026013
278.86,0.20053,0.2,0.00044003,0.0026185
276.19,0.20053,0.2,0.00044559,0.0026506
273.2,0.20054,0.2,0.00045369,0.0026976
269.64,0.20056,0.2,0.00046556,0.0027667
265.94,0.20057,0.2,0.00048038,0.0028529
262.24,0.2006,0.2,0.00049793,0.0029551
258.57,0.20062,0.2,0.00051797,0.0030716
255.81,0.20064,0.2,0.00053458,0.0031682
253.02,0.20066,0.2,0.00055248,0.0032722
250.19,0.20068,0.2,0.0005717,0.0033836
247.33,0.20071,0.2,0.00059228,0.0035028
244.68,0.20073,0.2,0.00061295,0.0036224
242.19,0.20076,0.2,0.00063471,0.0037481
240.01,0.20078,0.2,0.00065722,0.0038784
238.31,0.20081,0.20001,0.00067993,0.00401
237.32,0.20084,0.20001,0.00070101,0.0041326
237.06,0.20086,0.20001,0.00072063,0.0042475
237.62,0.20088,0.20001,0.00073783,0.0043491
239.03,0.2009,0.20001,0.00075162,0.0044318
241.46,0.20091,0.20001,0.00076166,0.0044936
244.69,0.20091,0.20001,0.0007659,0.0045221
248.55,0.20091,0.2,0.00076402,0.0045151
252.8,0.2009,0.2,0.00075613,0.0044727
256.81,0.20089,0.2,0.00074417,0.0044057
260.8,0.20087,0.2,0.00072836,0.0043156
264.65,0.20085,0.2,0.00070947,0.0042069
268.27,0.20082,0.2,0.00068835,0.0040844
273.17,0.20078,0.2,0.00065424,0.0038854
277.4,0.20074,0.2,0.00061926,0.0036804
280.94,0.2007,0.2,0.00058512,0.0034797
283.8,0.20066,0.2,0.00055326,0.0032919
285.79,0.20063,0.2,0.0005269,0.0031362
287.15,0.2006,0.2,0.00050365,0.0029986
287.86,0.20058,0.2,0.00048381,0.002881
287.96,0.20056,0.2,0.00046754,0.0027844
287.36,0.20054,0.2,0.00045263,0.0026957
286.15,0.20053,0.2,0.00044266,0.0026362
284.43,0.20052,0.2,0.00043722,0.0026034
282.25,0.20052,0.2,0.00043594,0.0025952
280.24,0.20052,0.2,0.00043757,0.0026043
277.91,0.20053,0.2,0.00044144,0.0026265
275.28,0.20054,0.2,0.00044755,0.0026619
272.39,0.20055,0.2,0.00045592,0.0027106
269.31,0.20056,0.2,0.00046654,0.0027723
266.14,0.20057,0.2,0.0004793,0.0028466
262.97,0.20059,0.2,0.00049406,0.0029325
259.82,0.20061,0.2,0.00051067,0.0030292
257.19,0.20063,0.2,0.00052596,0.0031181
254.55,0.20065,0.2,0.00054242,0.0032137
251.86,0.20067,0.2,0.00056006,0.0033161
249.15,0.20069,0.2,0.00057891,0.0034254
246.5,0.20071,0.2,0.00059846,0.0035386
243.93,0.20074,0.2,0.00061916,0.0036583
241.55,0.20076,0.2,0.00064083,0.0037835
239.52,0.20079,0.20001,0.00066308,0.0039123
237.97,0.20082,0.20001,0.00068627,0.0040468
237.18,0.20084,0.20001,0.00070847,0.0041763
237.29,0.20087,0.20001,0.00072856,0.0042943
238.36,0.20089,0.20001,0.00074529,0.0043938
240.27,0.2009,0.20001,0.0007569,0.0044643
242.95,0.20091,0.20001,0.00076367,0.0045071
246.27,0.20091,0.20001,0.00076515,0.0045194
250.06,0.20091,0.2,0.0007612,0.0045
254.07,0.2009,0.2,0.0007522,0.0044507
258.17,0.20088,0.2,0.00073872,0.0043747
262.2,0.20086,0.2,0.00072148,0.004276
266.05,0.20084,0.2,0.00070135,0.0041598
270.3,0.20081,0.2,0.00067476,0.0040052
274.11,0.20077,0.2,0.00064671,0.0038414
277.48,0.20074,0.2,0.00061835,0.0036751
280.39,0.20071,0.2,0.00059066,0.0035123
282.8,0.20068,0.2,0.00056505,0.0033614
284.77,0.20065,0.2,0.00054121,0.0032207
286.29,0.20062,0.2,0.00051947,0.0030923
287.34,0.2006,0.2,0.00050012,0.0029777
287.94,0.20058,0.2,0.00048216,0.0028712
288.01,0.20056,0.2,0.00046725,0.0027827
287.63,0.20055,0.2,0.00045539,0.0027122
286.85,0.20053,0.2,0.00044647,0.002659
285.78,0.20053,0.2,0.00044037,0.0026225
284.42,0.20052,0.2,0.00043679,0.0026008
282.81,0.20052,0.2,0.00043555,0.002593
280.91,0.20052,0.2,0.00043654,0.0025984
278.61,0.20053,0.2,0.00043987,0.0026174
275.99,0.20053,0.2,0.00044555,0.0026503
273.07,0.20054,0.2,0.00045362,0.0026972
269.94,0.20055,0.2,0.00046405,0.0027578
266.46,0.20057,0.2,0.00047781,0.0028379
262.96,0.20059,0.2,0.000494,0.0029322
259.49,0.20061,0.2,0.00051243,0.0030394
256.04,0.20064,0.2,0.00053292,0.0031585
252.47,0.20066,0.2,0.00055589,0.0032919
248.84,0.20069,0.2,0.00058107,0.0034379
245.22,0.20073,0.2,0.0006085,0.0035966
241.85,0.20076,0.2,0.00063788,0.0037665
239.83,0.20079,0.20001,0.00065938,0.0038909
238.29,0.20081,0.20001,0.00068096,0.004016
237.36,0.20084,0.20001,0.00070191,0.004138
237.18,0.20086,0.20001,0.00072133,0.0042518
237.77,0.20088,0.20001,0.00073742,0.0043469
239.12,0.20089,0.20001,0.00075038,0.0044246
241.19,0.20091,0.20001,0.00075949,0.0044806
243.91,0.20091,0.20001,0.00076422,0.0045114
247.49,0.20091,0.2,0.00076399,0.0045138
251.49,0.20091,0.2,0.00075812,0.0044832
255.7,0.20089,0.2,0.000747,0.0044215
259.94,0.20087,0.2,0.00073133,0.0043325
263.93,0.20085,0.2,0.00071265,0.0042251
267.69,0.20083,0.2,0.00069145,0.0041024
271.16,0.2008,0.2,0.00066861,0.0039694
274.32,0.20077,0.2,0.00064493,0.0038309
277.64,0.20074,0.2,0.00061682,0.0036661
280.52,0.20071,0.2,0.00058939,0.0035048
282.96,0.20067,0.2,0.00056329,0.0033511
284.95,0.20065,0.2,0.00053908,0.0032081
286.59,0.20062,0.2,0.00051489,0.0030651
287.62,0.20059,0.2,0.00049379,0.0029402
288.06,0.20057,0.2,0.000476,0.0028347
287.93,0.20055,0.2,0.00046161,0.0027492
287.33,0.20054,0.2,0.00045057,0.0026835
286.35,0.20053,0.2,0.00044268,0.0026364
285.04,0.20052,0.2,0.00043773,0.0026066
283.43,0.20052,0.2,0.00043551,0.002593
280.82,0.20052,0.2,0.00043641,0.0025976
277.6,0.20053,0.2,0.00044166,0.0026278
273.81,0.20054,0.2,0.00045131,0.0026837
269.58,0.20056,0.2,0.00046527,0.0027649
266.67,0.20057,0.2,0.00047682,0.0028322
263.74,0.20059,0.2,0.00049009,0.0029094
260.84,0.2006,0.2,0.00050495,0.0029959
257.95,0.20062,0.2,0.00052129,0.0030909
255.06,0.20064,0.2,0.00053901,0.0031939
252.13,0.20067,0.2,0.00055814,0.003305
249.16,0.20069,0.2,0.00057874,0.0034244
246.19,0.20072,0.2,0.00060081,0.0035521
243.79,0.20074,0.2,0.00062029,0.0036648
241.57,0.20076,0.2,0.0006406,0.0037822
239.67,0.20079,0.20001,0.00066143,0.0039027
238.22,0.20081,0.20001,0.00068227,0.0040237
237.36,0.20084,0.20001,0.00070248,0.0041413
237.21,0.20086,0.20001,0.0007212,0.004251
237.82,0.20088,0.20001,0.00073754,0.0043477
239.23,0.20089,0.20001,0.00075064,0.0044263
241.43,0.20091,0.20001,0.00075979,0.0044826
244.31,0.20091,0.20001,0.00076417,0.0045115
247.73,0.20091,0.2,0.0007635,0.0045112
251.52,0.2009,0.2,0.0007578,0.0044814
255.5,0.20089,0.2,0.0007474,0.0044237
259.51,0.20088,0.2,0.00073292,0.0043415
263.42,0.20085,0.2,0.00071508,0.0042391
267.12,0.20083,0.2,0.00069473,0.0041213
271.57,0.2008,0.2,0.00066561,0.0039519
275.51,0.20076,0.2,0.00063526,0.0037743
278.92,0.20072,0.2,0.00060497,0.0035965
281.82,0.20069,0.2,0.00057586,0.0034251
284.07,0.20066,0.2,0.0005503,0.0032744
285.83,0.20063,0.2,0.00052688,0.003136
287.1,0.20061,0.2,0.00050591,0.003012
287.85,0.20058,0.2,0.00048764,0.0029037
288.09,0.20056,0.2,0.00047139,0.0028074
287.84,0.20055,0.2,0.00045833,0.0027297
287.17,0.20054,0.2,0.00044837,0.0026704
286.14,0.20053,0.2,0.00044134,0.0026284
284.87,0.20052,0.2,0.00043716,0.0026032
283.35,0.20052,0.2,0.00043531,0.0025918
281.55,0.20052,0.2,0.00043566,0.0025934
279.47,0.20052,0.2,0.00043815,0.0026075
277.11,0.20053,0.2,0.00044269,0.0026337
274.47,0.20054,0.2,0.00044933,0.0026722
271.61,0.20055,0.2,0.00045807,0.002723
268.61,0.20056,0.2,0.00046888,0.0027859
265.48,0.20058,0.2,0.00048197,0.0028621
262.35,0.20059,0.2,0.00049696,0.0029494
259.25,0.20061,0.2,0.0005137,0.0030468
256.16,0.20064,0.2,0.00053208,0.0031536
252.82,0.20066,0.2,0.00055347,0.0032779
249.42,0.20069,0.2,0.00057679,0.0034131
246.02,0.20072,0.2,0.00060208,0.0035594
242.78,0.20075,0.2,0.00062916,0.0037161
240.7,0.20077,0.2,0.00064962,0.0038344
238.99,0.2008,0.20001,0.00067039,0.0039547
237.79,0.20082,0.20001,0.00069092,0.0040739
237.22,0.20085,0.20001,0.00071047,0.0041881
237.37,0.20087,0.20001,0.00072788,0.0042904
238.27,0.20089,0.20001,0.00074267,0.0043783
239.92,0.2009,0.20001,0.00075408,0.0044473
242.25,0.20091,0.20001,0.00076144,0.0044932
245.35,0.20091,0.20001,0.00076431,0.0045135
248.94,0.20091,0.2,0.000762,0.0045036
252.84,0.2009,0.2,0.00075465,0.0044641
256.89,0.20089,0.2,0.00074269,0.004397
260.88,0.20087,0.2,0.00072696,0.0043074
264.72,0.20085,0.2,0.00070819,0.0041993
268.34,0.20082,0.2,0.00068718,0.0040775
271.68,0.2008,0.2,0.00066475,0.0039468
275.82,0.20076,0.2,0.00063254,0.0037583
279.39,0.20072,0.2,0.00060056,0.0035705
282.37,0.20068,0.2,0.00056995,0.0033903
284.76,0.20065,0.2,0.00054165,0.0032234
286.59,0.20062,0.2,0.00051518,0.0030669
287.7,0.20059,0.2,0.00049234,0.0029316
288.11,0.20057,0.2,0.0004734,0.0028193
287.87,0.20055,0.2,0.00045847,0.0027306
287.09,0.20054,0.2,0.00044746,0.0026649
285.89,0.20053,0.2,0.00044009,0.0026208
284.31,0.20052,0.2,0.00043607,0.0025965
282.39,0.20052,0.2,0.00043516,0.0025906
280.26,0.20052,0.2,0.00043692,0.0026005
277.78,0.20053,0.2,0.00044119,0.002625
274.95,0.20054,0.2,0.00044796,0.0026643
271.85,0.20055,0.2,0.00045725,0.0027182
268.56,0.20056,0.2,0.00046903,0.0027868
265.21,0.20058,0.2,0.00048316,0.0028691
261.86,0.2006,0.2,0.00049947,0.002964
258.54,0.20062,0.2,0.00051776,0.0030704
255.89,0.20064,0.2,0.00053375,0.0031634
253.21,0.20066,0.2,0.00055091,0.0032631
250.49,0.20068,0.2,0.00056929,0.0033697
247.75,0.2007,0.2,0.00058892,0.0034833
245.09,0.20073,0.2,0.0006094,0.0036018
242.58,0.20075,0.2,0.00063097,0.0037265
240.36,0.20078,0.2,0.00065333,0.0038558
238.61,0.20081,0.20001,0.00067595,0.003987
237.54,0.20083,0.20001,0.00069726,0.0041109
237.2,0.20085,0.20001,0.00071719,0.0042275
237.69,0.20088,0.20001,0.00073474,0.0043311
239.04,0.20089,0.20001,0.00074893,0.004416
241.37,0.20091,0.20001,0.00075923,0.0044792
244.51,0.20091,0.20001,0.00076393,0.0045104
248.26,0.20091,0.2,0.00076269,0.004507
252.43,0.2009,0.2,0.00075555,0.004469
256.44,0.20089,0.2,0.00074413,0.0044052
260.45,0.20087,0.2,0.00072876,0.0043177
264.33,0.20085,0.2,0.00071022,0.004211
267.98,0.20082,0.2,0.00068933,0.00409
272.68,0.20079,0.2,0.00065742,0.003904
276.77,0.20075,0.2,0.00062451,0.0037112
280.25,0.20071,0.2,0.0005921,0.0035207
283.12,0.20067,0.2,0.00056147,0.0033403
285.22,0.20064,0.2,0.00053564,0.0031879
286.75,0.20061,0.2,0.00051245,0.0030507
287.71,0.20059,0.2,0.0004922,0.0029308
288.11,0.20057,0.2,0.00047509,0.0028293
287.94,0.20055,0.2,0.00046016,0.0027406
287.26,0.20054,0.2,0.00044891,0.0026736
286.15,0.20053,0.2,0.00044115,0.0026272
284.69,0.20052,0.2,0.00043661,0.0025999
283.01,0.20052,0.2,0.00043505,0.0025901
281,0.20052,0.2,0.00043602,0.0025953
278.64,0.20053,0.2,0.00043945,0.002615
275.95,0.20053,0.2,0.00044535,0.0026491
273.12,0.20054,0.2,0.00045319,0.0026946
270.1,0.20055,0.2,0.00046324,0.0027531
266.98,0.20057,0.2,0.00047542,0.002824
263.83,0.20059,0.2,0.0004896,0.0029065
260.92,0.2006,0.2,0.00050441,0.0029927
258.04,0.20062,0.2,0.00052069,0.0030874
255.15,0.20064,0.2,0.00053837,0.0031902
252.23,0.20067,0.2,0.00055745,0.003301
249.5,0.20069,0.2,0.00057624,0.0034099
246.76,0.20071,0.2,0.0005963,0.003526
244.1,0.20074,0.2,0.00061758,0.0036491
241.65,0.20076,0.2,0.00063987,0.003778
239.64,0.20079,0.20001,0.00066183,0.0039051
238.15,0.20082,0.20001,0.00068378,0.0040324
237.33,0.20084,0.20001,0.00070493,0.0041557
237.3,0.20086,0.20001,0.00072432,0.0042694
238.06,0.20088,0.20001,0.00073986,0.0043616
239.58,0.2009,0.20001,0.00075207,0.0044351
241.82,0.20091,0.20001,0.00076027,0.0044858
244.68,0.20091,0.20001,0.00076395,0.0045107
248.37,0.20091,0.2,0.00076249,0.0045059
252.45,0.2009,0.2,0.00075542,0.0044682
256.7,0.20089,0.2,0.00074319,0.0043998
260.95,0.20087,0.2,0.00072655,0.004305
264.93,0.20085,0.2,0.00070694,0.0041921
268.67,0.20082,0.2,0.00068499,0.0040647
272.11,0.20079,0.2,0.00066157,0.0039282
275.22,0.20076,0.2,0.00063749,0.0037874
278.37,0.20073,0.2,0.00061007,0.0036264
281.1,0.2007,0.2,0.00058346,0.0034699
283.41,0.20067,0.2,0.00055825,0.0033213
285.27,0.20064,0.2,0.00053491,0.0031835
286.9,0.20061,0.2,0.00050994,0.0030358
287.84,0.20058,0.2,0.00048847,0.0029087
288.13,0.20056,0.2,0.00047073,0.0028034
287.81,0.20055,0.2,0.00045676,0.0027204
287,0.20053,0.2,0.00044647,0.002659
285.8,0.20053,0.2,0.0004396,0.0026179
284.25,0.20052,0.2,0.00043588,0.0025954
282.37,0.20052,0.2,0.00043508,0.0025901
280.15,0.20052,0.2,0.000437,0.0026009
277.56,0.20053,0.2,0.00044159,0.0026273
274.6,0.20054,0.2,0.00044888,0.0026696
271.35,0.20055,0.2,0.00045887,0.0027277
267.92,0.20056,0.2,0.00047151,0.0028012
264.45,0.20058,0.2,0.00048664,0.0028893
260.99,0.2006,0.2,0.00050405,0.0029906
257.56,0.20063,0.2,0.00052354,0.003104
254.96,0.20064,0.2,0.00053954,0.003197
252.34,0.20066,0.2,0.00055668,0.0032965
249.68,0.20069,0.2,0.00057498,0.0034026
247.01,0.20071,0.2,0.00059446,0.0035154
244.39,0.20073,0.2,0.00061511,0.0036348
241.96,0.20076,0.2,0.00063677,0.00376
239.87,0.20079,0.20001,0.00065909,0.0038892
238.28,0.20081,0.20001,0.0006815,0.0040192
237.4,0.20084,0.20001,0.00070213,0.0041393
237.25,0.20086,0.20001,0.0007212,0.0042511
237.91,0.20088,0.20001,0.00073778,0.0043492
239.39,0.2009,0.20001,0.00075094,0.0044282
241.64,0.20091,0.20001,0.00075978,0.0044827
244.55,0.20091,0.20001,0.00076383,0.0045098
247.99,0.20091,0.2,0.00076284,0.0045076
251.8,0.2009,0.2,0.00075685,0.0044761
255.78,0.20089,0.2,0.00074621,0.0044169
259.78,0.20087,0.2,0.00073152,0.0043335
263.67,0.20085,0.2,0.00071355,0.0042302
267.36,0.20083,0.2,0.0006931,0.0041119
271.86,0.20079,0.2,0.0006634,0.0039389
275.83,0.20076,0.2,0.00063251,0.0037582
279.26,0.20072,0.2,0.00060178,0.0035777
282.15,0.20069,0.2,0.00057234,0.0034044
284.36,0.20065,0.2,0.00054677,0.0032536
286.08,0.20063,0.2,0.00052343,0.0031157
287.28,0.2006,0.2,0.00050264,0.0029927
287.95,0.20058,0.2,0.00048463,0.0028859
288.12,0.20056,0.2,0.00046874,0.0027916
287.78,0.20055,0.2,0.00045609,0.0027164
287.03,0.20053,0.2,0.00044658,0.0026597
285.92,0.20053,0.2,0.00044004,0.0026206
284.6,0.20052,0.2,0.00043636,0.0025984
283.01,0.20052,0.2,0.000435,0.0025898
281.14,0.20052,0.2,0.00043584,0.0025943
278.97,0.20053,0.2,0.00043883,0.0026114
276.56,0.20053,0.2,0.00044382,0.0026402
273.89,0.20054,0.2,0.00045087,0.0026812
271.01,0.20055,0.2,0.00046,0.0027342
268.01,0.20056,0.2,0.00047115,0.0027991
264.96,0.20058,0.2,0.00048426,0.0028755
261.91,0.2006,0.2,0.00049916,0.0029621
258.89,0.20062,0.2,0.00051569,0.0030584
255.88,0.20064,0.2,0.00053377,0.0031635
252.68,0.20066,0.2,0.00055439,0.0032832
249.42,0.20069,0.2,0.00057677,0.003413
246.16,0.20072,0.2,0.00060095,0.0035529
243.04,0.20075,0.2,0.0006268,0.0037024
240.93,0.20077,0.2,0.00064711,0.0038199
239.18,0.2008,0.20001,0.00066779,0.0039396
237.92,0.20082,0.20001,0.00068829,0.0040587
237.28,0.20084,0.20001,0.00070792,0.0041732
237.34,0.20086,0.20001,0.00072559,0.004277
238.15,0.20088,0.20001,0.00074074,0.0043669
239.7,0.2009,0.20001,0.0007526,0.0044383
241.95,0.20091,0.20001,0.00076049,0.0044873
244.99,0.20091,0.20001,0.00076396,0.0045111
248.54,0.20091,0.2,0.00076223,0.0045046
252.43,0.2009,0.2,0.00075541,0.0044681
256.48,0.20089,0.2,0.00074389,0.0044038
260.47,0.20087,0.2,0.00072859,0.0043167
264.32,0.20085,0.2,0.00071016,0.0042107
267.96,0.20082,0.2,0.00068942,0.0040905
271.32,0.2008,0.2,0.00066717,0.0039609
275.67,0.20076,0.2,0.00063379,0.0037657
279.38,0.20072,0.2,0.0006006,0.0035708
282.47,0.20068,0.2,0.00056885,0.0033838
284.92,0.20065,0.2,0.00053962,0.0032113
286.67,0.20062,0.2,0.0005139,0.0030593
287.74,0.20059,0.2,0.00049168,0.0029277
288.13,0.20057,0.2,0.0004732,0.0028181
287.9,0.20055,0.2,0.00045856,0.0027311
287.15,0.20054,0.2,0.00044768,0.0026663
285.99,0.20053,0.2,0.0004403,0.0026221
284.48,0.20052,0.2,0.00043614,0.002597
282.62,0.20052,0.2,0.00043499,0.0025896
280.6,0.20052,0.2,0.0004364,0.0025974
278.24,0.20053,0.2,0.00044017,0.0026191
275.55,0.20053,0.2,0.0004463,0.0026546
272.59,0.20054,0.2,0.0004548,0.002704
269.43,0.20056,0.2,0.00046567,0.0027672
266.18,0.20057,0.2,0.0004788,0.0028437
262.92,0.20059,0.2,0.00049403,0.0029323
259.69,0.20061,0.2,0.00051119,0.0030322
257.03,0.20063,0.2,0.00052671,0.0031224
254.36,0.20065,0.2,0.00054341,0.0032195
251.65,0.20067,0.2,0.00056132,0.0033234
248.91,0.20069,0.2,0.00058045,0.0034343
246.26,0.20072,0.2,0.00060018,0.0035484
243.7,0.20074,0.2,0.00062103,0.003669
241.35,0.20077,0.2,0.00064281,0.003795
239.38,0.20079,0.20001,0.00066512,0.0039241
237.94,0.20082,0.20001,0.00068778,0.0040557
237.25,0.20085,0.20001,0.00070939,0.0041818
237.44,0.20087,0.20001,0.00072883,0.0042961
238.57,0.20089,0.20001,0.00074495,0.0043921
240.55,0.2009,0.20001,0.00075633,0.0044612
243.31,0.20091,0.20001,0.00076273,0.004502
246.71,0.20091,0.20001,0.00076373,0.0045115
250.57,0.20091,0.2,0.00075923,0.0044889
254.58,0.2009,0.2,0.00074981,0.0044371
258.66,0.20088,0.2,0.000736,0.004359
262.66,0.20086,0.2,0.00071855,0.0042591
266.47,0.20083,0.2,0.00069832,0.0041422
270.76,0.2008,0.2,0.00067108,0.0039837
274.61,0.20077,0.2,0.00064245,0.0038164
277.98,0.20073,0.2,0.00061362,0.0036473
280.89,0.2007,0.2,0.0005856,0.0034825
283.25,0.20067,0.2,0.00056007,0.003332
285.16,0.20064,0.2,0.0005364,0.0031923
286.61,0.20062,0.2,0.00051493,0.0030654
287.58,0.20059,0.2,0.00049591,0.0029528
288.08,0.20057,0.2,0.00047851,0.0028496
288.06,0.20056,0.2,0.00046418,0.0027645
287.6,0.20054,0.2,0.00045288,0.0026973
286.76,0.20053,0.2,0.0004445,0.0026473
285.64,0.20053,0.2,0.00043894,0.002614
284.25,0.20052,0.2,0.00043582,0.002595
282.6,0.20052,0.2,0.00043498,0.0025896
280.67,0.20052,0.2,0.00043632,0.002597
278.37,0.20053,0.2,0.0004399,0.0026176
275.77,0.20053,0.2,0.00044575,0.0026514
272.88,0.20054,0.2,0.00045388,0.0026987
269.8,0.20056,0.2,0.00046428,0.0027591
266.42,0.20057,0.2,0.00047776,0.0028376
263.01,0.20059,0.2,0.00049354,0.0029295
259.64,0.20061,0.2,0.00051142,0.0030335
256.29,0.20063,0.2,0.00053125,0.0031488
252.71,0.20066,0.2,0.00055416,0.0032819
249.07,0.20069,0.2,0.00057927,0.0034275
245.43,0.20072,0.2,0.00060665,0.0035859
242.04,0.20076,0.2,0.00063601,0.0037557
240.02,0.20078,0.2,0.00065723,0.0038784
238.45,0.20081,0.20001,0.00067858,0.0040022
237.48,0.20083,0.20001,0.00069936,0.0041232
237.23,0.20086,0.20001,0.00071874,0.0042366
237.74,0.20088,0.20001,0.00073506,0.004333
239.01,0.20089,0.20001,0.00074836,0.0044126
241,0.2009,0.20001,0.0007579,0.004471
243.65,0.20091,0.20001,0.00076312,0.0045046
247.17,0.20091,0.2,0.00076345,0.0045104
251.13,0.20091,0.2,0.00075814,0.004483
255.33,0.20089,0.2,0.00074754,0.0044244
259.58,0.20088,0.2,0.0007323,0.0043379
263.56,0.20085,0.2,0.00071406,0.0042332
267.33,0.20083,0.2,0.00069322,0.0041126
270.82,0.2008,0.2,0.00067067,0.0039813
274,0.20077,0.2,0.00064719,0.0038442
277.41,0.20074,0.2,0.00061877,0.0036775
280.36,0.20071,0.2,0.00059096,0.003514
282.86,0.20068,0.2,0.00056447,0.003358
284.9,0.20065,0.2,0.00053987,0.0032128
286.56,0.20062,0.2,0.00051588,0.003071
287.62,0.20059,0.2,0.00049488,0.0029467
288.1,0.20057,0.2,0.00047708,0.0028411
288.03,0.20055,0.2,0.00046257,0.0027549
287.49,0.20054,0.2,0.00045133,0.002688
286.56,0.20053,0.2,0.00044318,0.0026394
285.31,0.20052,0.2,0.00043791,0.0026078
283.77,0.20052,0.2,0.00043532,0.0025919
281.48,0.20052,0.2,0.00043549,0.0025923
278.7,0.20053,0.2,0.00043926,0.0026139
275.42,0.20053,0.2,0.00044663,0.0026565
271.72,0.20055,0.2,0.00045759,0.0027202
268.25,0.20056,0.2,0.0004702,0.0027936
264.71,0.20058,0.2,0.00048541,0.0028821
261.18,0.2006,0.2,0.00050299,0.0029845
257.69,0.20062,0.2,0.00052275,0.0030994
254.76,0.20065,0.2,0.00054083,0.0032045
251.79,0.20067,0.2,0.00056036,0.0033179
248.78,0.20069,0.2,0.0005814,0.0034398
245.78,0.20072,0.2,0.00060394,0.0035702
243.42,0.20074,0.2,0.00062341,0.0036828
241.27,0.20077,0.2,0.00064366,0.0037999
239.45,0.20079,0.20001,0.00066435,0.0039196
238.09,0.20082,0.20001,0.00068496,0.0040393
237.34,0.20084,0.20001,0.00070482,0.0041551
237.29,0.20086,0.20001,0.0007231,0.0042623
238,0.20088,0.20001,0.00073892,0.004356
239.5,0.2009,0.20001,0.00075145,0.0044313
241.78,0.20091,0.20001,0.00076004,0.0044844
244.73,0.20091,0.20001,0.00076383,0.00451
248.19,0.20091,0.2,0.00076259,0.0045063
252,0.2009,0.2,0.00075636,0.0044733
255.98,0.20089,0.2,0.0007455,0.0044129
259.98,0.20087,0.2,0.00073065,0.0043285
263.86,0.20085,0.2,0.00071255,0.0042245
267.53,0.20083,0.2,0.00069202,0.0041056
272.08,0.20079,0.2,0.00066178,0.0039295
276.08,0.20075,0.2,0.00063039,0.0037457
279.52,0.20072,0.2,0.00059924,0.0035628
282.41,0.20068,0.2,0.00056951,0.0033877
284.59,0.20065,0.2,0.0005439,0.0032367
286.26,0.20062,0.2,0.00052062,0.0030991
287.4,0.2006,0.2,0.00049997,0.0029768
288.01,0.20058,0.2,0.00048218,0.0028714
288.1,0.20056,0.2,0.00046657,0.0027787
287.69,0.20054,0.2,0.00045427,0.0027056
286.86,0.20053,0.2,0.00044517,0.0026513
285.68,0.20053,0.2,0.00043908,0.0026148
284.29,0.20052,0.2,0.00043586,0.0025953
282.63,0.20052,0.2,0.00043496,0.0025895
280.68,0.20052,0.2,0.00043629,0.0025968
278.43,0.20053,0.2,0.0004398,0.002617
275.96,0.20053,0.2,0.00044526,0.0026486
273.24,0.20054,0.2,0.00045279,0.0026923
270.33,0.20055,0.2,0.00046237,0.002748
267.32,0.20057,0.2,0.00047394,0.0028153
264.33,0.20058,0.2,0.00048718,0.0028924
261.35,0.2006,0.2,0.00050209,0.0029793
258.39,0.20062,0.2,0.00051857,0.0030751
255.44,0.20064,0.2,0.00053652,0.0031794
252.37,0.20066,0.2,0.00055646,0.0032953
249.24,0.20069,0.2,0.00057803,0.0034203
246.12,0.20072,0.2,0.00060125,0.0035547
243.13,0.20075,0.2,0.000626,0.0036978
241.01,0.20077,0.2,0.0006463,0.0038151
239.24,0.2008,0.20001,0.00066698,0.0039349
237.96,0.20082,0.20001,0.00068751,0.0040541
237.29,0.20084,0.20001,0.00070719,0.0041689
237.33,0.20086,0.20001,0.00072493,0.0042731
238.11,0.20088,0.20001,0.0007402,0.0043636
239.63,0.2009,0.20001,0.00075219,0.0044358
241.86,0.20091,0.20001,0.00076024,0.0044857
244.87,0.20091,0.20001,0.00076388,0.0045104
248.4,0.20091,0.2,0.00076235,0.0045051
252.27,0.2009,0.2,0.00075573,0.0044699
256.32,0.20089,0.2,0.0007444,0.0044067
260.3,0.20087,0.2,0.00072927,0.0043206
264.17,0.20085,0.2,0.00071097,0.0042154
267.81,0.20083,0.2,0.00069032,0.0040958
271.18,0.2008,0.2,0.00066814,0.0039666
275.62,0.20076,0.2,0.00063423,0.0037682
279.4,0.20072,0.2,0.00060046,0.00357
282.53,0.20068,0.2,0.0005682,0.00338
285,0.20064,0.2,0.00053855,0.003205
286.71,0.20061,0.2,0.00051329,0.0030557
287.75,0.20059,0.2,0.00049145,0.0029263
288.13,0.20057,0.2,0.00047324,0.0028184
287.91,0.20055,0.2,0.00045877,0.0027323
287.19,0.20054,0.2,0.00044795,0.0026679
286.05,0.20053,0.2,0.00044054,0.0026236
284.58,0.20052,0.2,0.00043629,0.0025979
282.78,0.20052,0.2,0.00043495,0.0025895
280.84,0.20052,0.2,0.0004361,0.0025958
278.6,0.20053,0.2,0.00043947,0.0026151
276.04,0.20053,0.2,0.00044505,0.0026474
273.21,0.20054,0.2,0.00045286,0.0026927
270.18,0.20055,0.2,0.00046289,0.0027511
267.05,0.20057,0.2,0.00047508,0.002822
263.89,0.20058,0.2,0.00048928,0.0029047
260.74,0.2006,0.2,0.00050535,0.0029982
258.15,0.20062,0.2,0.00051999,0.0030834
255.56,0.20064,0.2,0.00053576,0.0031751
252.94,0.20066,0.2,0.00055266,0.0032732
250.28,0.20068,0.2,0.00057071,0.0033779
247.63,0.2007,0.2,0.00058978,0.0034883
245.02,0.20073,0.2,0.00061001,0.0036053
242.55,0.20075,0.2,0.00063129,0.0037284
240.36,0.20078,0.2,0.00065332,0.0038558
238.68,0.2008,0.20001,0.00067493,0.003981
237.59,0.20083,0.20001,0.00069609,0.0041041
237.22,0.20085,0.20001,0.00071595,0.0042202
237.65,0.20087,0.20001,0.00073354,0.004324
238.89,0.20089,0.20001,0.00074752,0.0044076
240.91,0.2009,0.20001,0.00075756,0.0044689
243.61,0.20091,0.20001,0.00076305,0.0045042
246.88,0.20091,0.20001,0.00076362,0.0045111
250.92,0.20091,0.2,0.00075855,0.0044852
255.2,0.20089,0.2,0.00074792,0.0044265
259.54,0.20088,0.2,0.00073244,0.0043388
263.76,0.20085,0.2,0.00071303,0.0042272
267.8,0.20083,0.2,0.00069039,0.0040961
271.51,0.2008,0.2,0.00066589,0.0039534
274.85,0.20077,0.2,0.00064048,0.0038049
277.83,0.20074,0.2,0.00061501,0.0036555
280.57,0.2007,0.2,0.00058888,0.0035018
282.91,0.20068,0.2,0.00056398,0.0033551
284.83,0.20065,0.2,0.00054075,0.003218
286.33,0.20062,0.2,0.00051954,0.0030927
287.51,0.2006,0.2,0.00049756,0.0029626
288.07,0.20057,0.2,0.00047892,0.0028521
288.06,0.20056,0.2,0.00046372,0.0027618
287.54,0.20054,0.2,0.00045195,0.0026917
286.58,0.20053,0.2,0.00044328,0.00264
285.27,0.20052,0.2,0.00043778,0.002607
283.63,0.20052,0.2,0.00043521,0.0025913
281.68,0.20052,0.2,0.00043537,0.0025917
279.24,0.20052,0.2,0.00043833,0.0026085
276.41,0.20053,0.2,0.00044416,0.0026422
273.2,0.20054,0.2,0.0004529,0.0026929
269.74,0.20056,0.2,0.00046451,0.0027604
266.15,0.20057,0.2,0.00047891,0.0028443
262.55,0.20059,0.2,0.00049588,0.0029431
258.98,0.20062,0.2,0.00051517,0.0030553
255.42,0.20064,0.2,0.00053662,0.0031801
252.07,0.20067,0.2,0.00055843,0.0033067
248.67,0.20069,0.2,0.00058217,0.0034443
245.28,0.20073,0.2,0.00060788,0.003593
242.12,0.20076,0.2,0.00063531,0.0037516
240.06,0.20078,0.2,0.00065677,0.0038758
238.47,0.20081,0.20001,0.00067837,0.004001
237.48,0.20083,0.20001,0.00069941,0.0041234
237.23,0.20086,0.20001,0.000719,0.0042382
237.75,0.20088,0.20001,0.00073528,0.0043344
239.03,0.20089,0.20001,0.00074853,0.0044136
241.04,0.2009,0.20001,0.000758,0.0044716
243.7,0.20091,0.20001,0.00076314,0.0045048
247.23,0.20091,0.2,0.00076339,0.0045101
251.2,0.20091,0.2,0.000758,0.0044823
255.4,0.20089,0.2,0.00074733,0.0044232
259.64,0.20087,0.2,0.00073203,0.0043364
263.63,0.20085,0.2,0.00071372,0.0042312
267.4,0.20083,0.2,0.00069284,0.0041104
270.88,0.2008,0.2,0.00067025,0.0039789
274.06,0.20077,0.2,0.00064675,0.0038416
277.45,0.20074,0.2,0.00061838,0.0036752
280.39,0.20071,0.2,0.00059063,0.0035121
282.89,0.20068,0.2,0.00056421,0.0033564
284.92,0.20065,0.2,0.00053967,0.0032116
286.57,0.20062,0.2,0.00051577,0.0030703
287.62,0.20059,0.2,0.00049484,0.0029464
288.1,0.20057,0.2,0.00047709,0.0028412
288.03,0.20055,0.2,0.00046262,0.0027552
287.49,0.20054,0.2,0.00045139,0.0026884
286.57,0.20053,0.2,0.00044324,0.0026397
285.33,0.20052,0.2,0.00043795,0.002608
283.8,0.20052,0.2,0.00043533,0.002592
281.53,0.20052,0.2,0.00043545,0.0025921
278.78,0.20053,0.2,0.00043912,0.002613
275.53,0.20053,0.2,0.00044635,0.0026549
271.87,0.20055,0.2,0.00045712,0.0027175
267.78,0.20056,0.2,0.00047208,0.0028046
263.62,0.20059,0.2,0.00049057,0.0029122
259.49,0.20061,0.2,0.00051224,0.0030383
255.39,0.20064,0.2,0.00053683,0.0031812
251.62,0.20067,0.2,0.00056147,0.0033243
247.79,0.2007,0.2,0.00058859,0.0034814
244.03,0.20074,0.2,0.00061817,0.0036525
240.7,0.20077,0.2,0.00064967,0.0038346
238.9,0.2008,0.20001,0.00067168,0.0039622
237.7,0.20083,0.20001,0.00069335,0.0040881
237.22,0.20085,0.20001,0.0007138,0.0042076
237.58,0.20087,0.20001,0.00073202,0.004315
238.73,0.20089,0.20001,0.00074626,0.0044
240.65,0.2009,0.20001,0.00075669,0.0044635
243.27,0.20091,0.20001,0.00076267,0.0045016
246.47,0.20091,0.20001,0.00076382,0.0045118
250.51,0.20091,0.2,0.00075929,0.0044892
254.84,0.20089,0.2,0.00074903,0.0044327
259.23,0.20088,0.2,0.00073372,0.004346
263.51,0.20085,0.2,0.00071431,0.0042346
267.53,0.20083,0.2,0.00069201,0.0041056
271.23,0.2008,0.2,0.00066782,0.0039647
274.58,0.20077,0.2,0.00064266,0.0038176
277.56,0.20074,0.2,0.00061738,0.0036694
280.34,0.20071,0.2,0.00059116,0.0035152
282.72,0.20068,0.2,0.00056613,0.0033678
284.68,0.20065,0.2,0.00054273,0.0032297
286.22,0.20062,0.2,0.00052132,0.0031032
287.46,0.2006,0.2,0.00049884,0.0029702
288.06,0.20057,0.2,0.00047977,0.0028571
288.07,0.20056,0.2,0.00046423,0.0027648
287.56,0.20054,0.2,0.0004522,0.0026932
286.6,0.20053,0.2,0.00044339,0.0026406
285.27,0.20052,0.2,0.0004378,0.0026071
283.63,0.20052,0.2,0.0004352,0.0025912
281.65,0.20052,0.2,0.00043539,0.0025918
279.2,0.20052,0.2,0.00043839,0.0026088
276.36,0.20053,0.2,0.00044427,0.0026428
273.15,0.20054,0.2,0.00045306,0.0026939
269.68,0.20056,0.2,0.00046473,0.0027617
266.11,0.20057,0.2,0.00047909,0.0028453
262.53,0.20059,0.2,0.00049597,0.0029436
258.98,0.20062,0.2,0.00051516,0.0030553
255.45,0.20064,0.2,0.00053648,0.0031792
252.1,0.20067,0.2,0.00055825,0.0033056
248.7,0.20069,0.2,0.00058194,0.0034429
245.32,0.20072,0.2,0.0006076,0.0035914
242.15,0.20076,0.2,0.00063497,0.0037496
240.1,0.20078,0.2,0.00065636,0.0038734
238.5,0.20081,0.20001,0.0006779,0.0039982
237.5,0.20083,0.20001,0.00069889,0.0041204
237.23,0.20086,0.20001,0.00071847,0.004235
237.73,0.20088,0.20001,0.00073483,0.0043316
238.98,0.20089,0.20001,0.00074817,0.0044115
240.97,0.2009,0.20001,0.00075776,0.0044701
243.61,0.20091,0.20001,0.00076305,0.0045042
247.12,0.20091,0.2,0.00076346,0.0045104
251.08,0.20091,0.2,0.00075823,0.0044835
255.28,0.20089,0.2,0.0007477,0.0044252
259.53,0.20088,0.2,0.00073251,0.0043391
263.51,0.20085,0.2,0.00071432,0.0042347
267.28,0.20083,0.2,0.00069353,0.0041144
270.77,0.2008,0.2,0.00067101,0.0039833
273.96,0.20077,0.2,0.00064757,0.0038463
277.37,0.20074,0.2,0.00061909,0.0036794
280.34,0.20071,0.2,0.00059122,0.0035156
282.85,0.20068,0.2,0.00056467,0.0033592
284.89,0.20065,0.2,0.00054001,0.0032137
286.55,0.20062,0.2,0.000516,0.0030717
287.62,0.20059,0.2,0.00049497,0.0029472
288.1,0.20057,0.2,0.00047714,0.0028415
288.03,0.20055,0.2,0.00046262,0.0027552
287.49,0.20054,0.2,0.00045136,0.0026882
286.56,0.20053,0.2,0.00044319,0.0026394
285.32,0.20052,0.2,0.00043791,0.0026078
283.77,0.20052,0.2,0.00043531,0.0025919
281.49,0.20052,0.2,0.00043547,0.0025922
278.72,0.20053,0.2,0.00043922,0.0026136
275.45,0.20053,0.2,0.00044656,0.0026561
271.76,0.20055,0.2,0.00045748,0.0027196
268.24,0.20056,0.2,0.00047024,0.0027938
264.65,0.20058,0.2,0.00048565,0.0028836
261.08,0.2006,0.2,0.00050351,0.0029875
257.55,0.20063,0.2,0.00052359,0.0031043
254.56,0.20065,0.2,0.00054208,0.0032118
251.54,0.20067,0.2,0.00056208,0.0033278
248.46,0.2007,0.2,0.00058364,0.0034528
245.42,0.20072,0.2,0.00060676,0.0035865
243.1,0.20075,0.2,0.00062627,0.0036993
240.99,0.20077,0.2,0.0006465,0.0038163
239.24,0.2008,0.20001,0.0006671,0.0039356
237.96,0.20082,0.20001,0.00068755,0.0040544
237.29,0.20084,0.20001,0.00070716,0.0041687
237.33,0.20086,0.20001,0.0007251,0.0042741
238.13,0.20088,0.20001,0.0007405,0.0043655
239.7,0.2009,0.20001,0.00075255,0.004438
242.06,0.20091,0.20001,0.00076065,0.0044884
245.07,0.20091,0.20001,0.00076392,0.0045109
248.57,0.20091,0.2,0.00076215,0.0045041
252.4,0.2009,0.2,0.00075543,0.0044682
256.4,0.20089,0.2,0.00074413,0.0044052
260.38,0.20087,0.2,0.00072892,0.0043186
264.24,0.20085,0.2,0.00071055,0.0042129
267.89,0.20082,0.2,0.00068984,0.0040929
272.55,0.20079,0.2,0.0006583,0.0039091
276.63,0.20075,0.2,0.00062571,0.0037183
280.1,0.20071,0.2,0.00059356,0.0035294
282.98,0.20067,0.2,0.00056312,0.00335
285.09,0.20064,0.2,0.00053736,0.003198
286.66,0.20062,0.2,0.00051417,0.0030609
287.66,0.20059,0.2,0.00049384,0.0029405
288.11,0.20057,0.2,0.00047658,0.0028381
288,0.20055,0.2,0.00046152,0.0027487
287.38,0.20054,0.2,0.00045004,0.0026804
286.35,0.20053,0.2,0.00044196,0.0026321
284.97,0.20052,0.2,0.00043704,0.0026025
283.37,0.20052,0.2,0.00043505,0.0025902
281.46,0.20052,0.2,0.00043551,0.0025924
279.23,0.20052,0.2,0.00043835,0.0026086
276.67,0.20053,0.2,0.00044355,0.0026387
273.96,0.20054,0.2,0.00045065,0.0026799
271.04,0.20055,0.2,0.00045989,0.0027336
267.99,0.20056,0.2,0.00047122,0.0027995
264.9,0.20058,0.2,0.00048453,0.002877
262,0.2006,0.2,0.00049871,0.0029596
259.12,0.20061,0.2,0.00051439,0.0030508
256.25,0.20063,0.2,0.00053148,0.0031502
253.35,0.20066,0.2,0.00054995,0.0032574
250.56,0.20068,0.2,0.00056878,0.0033667
247.74,0.2007,0.2,0.00058894,0.0034834
244.97,0.20073,0.2,0.00061042,0.0036077
242.36,0.20076,0.2,0.00063306,0.0037386
240.35,0.20078,0.2,0.00065346,0.0038566
238.74,0.2008,0.20001,0.00067408,0.0039761
237.66,0.20083,0.20001,0.00069432,0.0040938
237.22,0.20085,0.20001,0.00071346,0.0042056
237.51,0.20087,0.20001,0.00073046,0.0043058
238.55,0.20089,0.20001,0.0007447,0.0043906
240.32,0.2009,0.20001,0.00075541,0.0044556
242.78,0.20091,0.20001,0.00076198,0.0044969
246.19,0.20091,0.20001,0.00076389,0.0045119
250.11,0.20091,0.2,0.00075997,0.0044928
254.33,0.2009,0.2,0.00075048,0.0044408
258.64,0.20088,0.2,0.00073603,0.0043592
262.62,0.20086,0.2,0.0007187,0.0042599
266.41,0.20084,0.2,0.00069862,0.0041439
269.95,0.20081,0.2,0.00067664,0.0040162
273.18,0.20078,0.2,0.00065357,0.0038815
276.79,0.20075,0.2,0.00062419,0.0037094
279.92,0.20071,0.2,0.0005953,0.0035396
282.58,0.20068,0.2,0.0005677,0.003377
284.73,0.20065,0.2,0.00054205,0.0032257
286.47,0.20062,0.2,0.0005174,0.00308
287.58,0.20059,0.2,0.00049583,0.0029523
288.09,0.20057,0.2,0.00047757,0.002844
288.03,0.20055,0.2,0.00046272,0.0027559
287.48,0.20054,0.2,0.00045126,0.0026877
286.53,0.20053,0.2,0.00044301,0.0026384
285.25,0.20052,0.2,0.00043774,0.0026067
283.67,0.20052,0.2,0.00043523,0.0025914
281.31,0.20052,0.2,0.00043562,0.002593
278.44,0.20053,0.2,0.00043973,0.0026166
275.06,0.20054,0.2,0.00044758,0.002662
271.26,0.20055,0.2,0.00045914,0.0027292
268.26,0.20056,0.2,0.00047017,0.0027934
265.2,0.20058,0.2,0.00048313,0.0028689
262.16,0.2006,0.2,0.00049789,0.0029548
259.14,0.20061,0.2,0.0005143,0.0030503
256.51,0.20063,0.2,0.00052988,0.0031409
253.86,0.20065,0.2,0.00054662,0.0032382
251.17,0.20067,0.2,0.00056455,0.0033422
248.46,0.2007,0.2,0.00058369,0.003453
245.81,0.20072,0.2,0.00060368,0.0035687
243.26,0.20075,0.2,0.0006248,0.0036908
240.97,0.20077,0.2,0.00064679,0.003818
239.08,0.2008,0.20001,0.00066921,0.0039478
237.78,0.20082,0.20001,0.00069131,0.0040762
237.23,0.20085,0.20001,0.00071223,0.0041984
237.53,0.20087,0.20001,0.00073092,0.0043085
238.73,0.20089,0.20001,0.00074628,0.0044001
240.83,0.2009,0.20001,0.0007573,0.0044672
243.72,0.20091,0.20001,0.00076313,0.0045048
247.24,0.20091,0.2,0.00076339,0.00451
251.2,0.20091,0.2,0.00075801,0.0044823
255.21,0.20089,0.2,0.0007479,0.0044264
259.27,0.20088,0.2,0.00073356,0.0043451
263.23,0.20086,0.2,0.00071574,0.0042429
266.98,0.20083,0.2,0.0006953,0.0041246
271.37,0.2008,0.2,0.00066681,0.0039588
275.27,0.20076,0.2,0.00063705,0.0037848
278.67,0.20073,0.2,0.00060728,0.00361
281.57,0.20069,0.2,0.00057856,0.003441
283.85,0.20066,0.2,0.00055303,0.0032905
285.66,0.20063,0.2,0.00052955,0.0031519
286.98,0.20061,0.2,0.00050845,0.003027
287.8,0.20059,0.2,0.00048995,0.0029175
288.13,0.20057,0.2,0.00047339,0.0028192
287.95,0.20055,0.2,0.00045995,0.0027394
287.35,0.20054,0.2,0.00044958,0.0026776
286.38,0.20053,0.2,0.00044213,0.0026331
285.17,0.20052,0.2,0.00043751,0.0026053
283.69,0.20052,0.2,0.00043524,0.0025915
281.95,0.20052,0.2,0.00043519,0.0025907
279.93,0.20052,0.2,0.00043727,0.0026024
277.6,0.20053,0.2,0.00044146,0.0026266
274.99,0.20054,0.2,0.00044778,0.0026632
272.13,0.20055,0.2,0.00045626,0.0027125
269.11,0.20056,0.2,0.00046685,0.0027741
265.9,0.20057,0.2,0.00047999,0.0028506
262.69,0.20059,0.2,0.00049516,0.0029389
259.51,0.20061,0.2,0.00051218,0.0030379
256.34,0.20063,0.2,0.00053093,0.003147
252.89,0.20066,0.2,0.00055299,0.0032751
249.37,0.20069,0.2,0.00057709,0.0034148
245.86,0.20072,0.2,0.0006033,0.0035665
242.53,0.20075,0.2,0.00063141,0.003729
240.48,0.20078,0.2,0.00065207,0.0038485
238.82,0.2008,0.20001,0.00067298,0.0039697
237.69,0.20083,0.20001,0.00069355,0.0040893
237.22,0.20085,0.20001,0.00071301,0.004203
237.49,0.20087,0.20001,0.00073007,0.0043034
238.51,0.20089,0.20001,0.00074438,0.0043887
240.27,0.2009,0.20001,0.00075519,0.0044542
242.71,0.20091,0.20001,0.00076187,0.0044962
246.12,0.20091,0.20001,0.00076391,0.0045119
250.04,0.20091,0.2,0.00076008,0.0044934
254.27,0.2009,0.2,0.00075064,0.0044417
258.6,0.20088,0.2,0.0007362,0.0043601
262.58,0.20086,0.2,0.00071891,0.0042611
266.37,0.20084,0.2,0.00069886,0.0041453
269.9,0.20081,0.2,0.00067691,0.0040177
273.14,0.20078,0.2,0.00065386,0.0038832
276.76,0.20075,0.2,0.00062443,0.0037108
279.91,0.20071,0.2,0.00059548,0.0035407
282.56,0.20068,0.2,0.00056782,0.0033778
284.73,0.20065,0.2,0.00054212,0.0032261
286.47,0.20062,0.2,0.00051738,0.0030799
287.59,0.20059,0.2,0.00049574,0.0029518
288.1,0.20057,0.2,0.00047743,0.0028432
288.03,0.20055,0.2,0.00046257,0.0027549
287.47,0.20054,0.2,0.00045111,0.0026867
286.51,0.20053,0.2,0.00044288,0.0026376
285.22,0.20052,0.2,0.00043765,0.0026062
283.62,0.20052,0.2,0.0004352,0.0025912
281.23,0.20052,0.2,0.0004357,0.0025935
278.3,0.20053,0.2,0.00044001,0.0026182
274.85,0.20054,0.2,0.00044815,0.0026654
270.98,0.20055,0.2,0.00046011,0.0027349
268.17,0.20056,0.2,0.00047052,0.0027954
265.32,0.20058,0.2,0.00048262,0.0028659
262.47,0.20059,0.2,0.00049628,0.0029454
259.65,0.20061,0.2,0.00051141,0.0030334
256.84,0.20063,0.2,0.00052788,0.0031292
254.01,0.20065,0.2,0.00054568,0.0032327
251.13,0.20067,0.2,0.00056483,0.0033438
248.23,0.2007,0.2,0.00058537,0.0034628
245.58,0.20072,0.2,0.00060549,0.0035792
243.05,0.20075,0.2,0.00062672,0.0037019
240.78,0.20077,0.2,0.0006488,0.0038296
238.93,0.2008,0.20001,0.00067125,0.0039597
237.71,0.20083,0.20001,0.00069309,0.0040866
237.22,0.20085,0.20001,0.00071368,0.0042069
237.58,0.20087,0.20001,0.00073201,0.0043149
238.82,0.20089,0.20001,0.000747,0.0044044
240.99,0.2009,0.20001,0.00075782,0.0044705
243.94,0.20091,0.20001,0.00076333,0.0045062
247.53,0.20091,0.2,0.00076317,0.004509
251.55,0.2009,0.2,0.0007573,0.0044784
255.57,0.20089,0.2,0.00074681,0.0044203
259.61,0.20087,0.2,0.00073218,0.0043372
263.54,0.20085,0.2,0.00071416,0.0042338
267.27,0.20083,0.2,0.00069359,0.0041147
271.73,0.20079,0.2,0.0006643,0.0039442
275.67,0.20076,0.2,0.00063381,0.0037658
279.08,0.20072,0.2,0.00060342,0.0035873
281.97,0.20069,0.2,0.00057425,0.0034156
284.21,0.20066,0.2,0.00054869,0.0032649
285.95,0.20063,0.2,0.00052531,0.0031268
287.19,0.2006,0.2,0.00050442,0.0030032
287.91,0.20058,0.2,0.00048626,0.0028956
288.13,0.20056,0.2,0.00047016,0.0028001
287.85,0.20055,0.2,0.00045727,0.0027234
287.14,0.20054,0.2,0.00044749,0.0026652
286.08,0.20053,0.2,0.00044066,0.0026243
284.8,0.20052,0.2,0.00043668,0.0026003
283.25,0.20052,0.2,0.00043501,0.00259
281.42,0.20052,0.2,0.00043555,0.0025926
279.31,0.20052,0.2,0.00043823,0.0026079
276.93,0.20053,0.2,0.00044293,0.0026351
274.28,0.20054,0.2,0.00044972,0.0026745
271.42,0.20055,0.2,0.0004586,0.0027261
268.42,0.20056,0.2,0.00046952,0.0027896
265.32,0.20058,0.2,0.0004826,0.0028658
262.22,0.20059,0.2,0.00049754,0.0029527
259.15,0.20061,0.2,0.00051418,0.0030496
256.09,0.20064,0.2,0.00053243,0.0031557
252.81,0.20066,0.2,0.00055352,0.0032782
249.46,0.20069,0.2,0.00057648,0.0034113
246.11,0.20072,0.2,0.00060134,0.0035552
242.91,0.20075,0.2,0.00062794,0.003709
240.82,0.20077,0.2,0.00064833,0.0038269
239.09,0.2008,0.20001,0.00066905,0.0039469
237.86,0.20082,0.20001,0.00068956,0.004066
237.26,0.20085,0.20001,0.00070914,0.0041803
237.37,0.20087,0.20001,0.00072666,0.0042833
238.23,0.20088,0.20001,0.00074161,0.004372
239.84,0.2009,0.20001,0.00075321,0.0044421
242.13,0.20091,0.20001,0.00076081,0.0044894
245.21,0.20091,0.20001,0.00076395,0.0045112
248.8,0.20091,0.2,0.00076187,0.0045027
252.72,0.2009,0.2,0.00075469,0.0044641
256.78,0.20089,0.2,0.00074283,0.0043978
260.77,0.20087,0.2,0.00072725,0.004309
264.62,0.20085,0.2,0.00070859,0.0042016
268.24,0.20082,0.2,0.00068767,0.0040803
271.58,0.2008,0.2,0.00066531,0.00395
275.79,0.20076,0.2,0.00063277,0.0037597
279.4,0.20072,0.2,0.00060044,0.0035699
282.41,0.20068,0.2,0.00056951,0.0033877
284.82,0.20065,0.2,0.00054095,0.0032192
286.63,0.20062,0.2,0.00051465,0.0030638
287.73,0.20059,0.2,0.00049197,0.0029294
288.13,0.20057,0.2,0.00047315,0.0028178
287.89,0.20055,0.2,0.0004583,0.0027295
287.12,0.20054,0.2,0.00044733,0.0026642
285.92,0.20053,0.2,0.00043997,0.0026202
284.36,0.20052,0.2,0.00043594,0.0025958
282.45,0.20052,0.2,0.00043499,0.0025896
280.33,0.20052,0.2,0.0004367,0.0025992
277.87,0.20053,0.2,0.00044089,0.0026233
275.06,0.20054,0.2,0.00044758,0.002662
271.97,0.20055,0.2,0.00045676,0.0027154
268.7,0.20056,0.2,0.00046842,0.0027832
265.36,0.20058,0.2,0.00048242,0.0028647
262.02,0.2006,0.2,0.00049858,0.0029588
258.71,0.20062,0.2,0.00051674,0.0030645
255.83,0.20064,0.2,0.00053405,0.0031651
252.92,0.20066,0.2,0.00055276,0.0032738
249.97,0.20068,0.2,0.00057291,0.0033906
247,0.20071,0.2,0.00059452,0.0035157
244.34,0.20073,0.2,0.00061552,0.0036372
241.88,0.20076,0.2,0.00063758,0.0037647
239.77,0.20079,0.20001,0.0006603,0.0038962
238.19,0.20081,0.20001,0.00068306,0.0040282
237.37,0.20084,0.20001,0.00070354,0.0041476
237.28,0.20086,0.20001,0.00072241,0.0042582
237.99,0.20088,0.20001,0.00073873,0.0043549
239.52,0.2009,0.20001,0.00075158,0.0044321
241.82,0.20091,0.20001,0.00076011,0.0044849
244.77,0.20091,0.20001,0.00076383,0.0045101
248.24,0.20091,0.2,0.00076252,0.0045059
252.05,0.2009,0.2,0.00075623,0.0044726
256.04,0.20089,0.2,0.00074531,0.0044118
260.03,0.20087,0.2,0.00073041,0.0043272
263.91,0.20085,0.2,0.00071228,0.0042229
267.58,0.20083,0.2,0.00069174,0.004104
272.14,0.20079,0.2,0.00066134,0.0039269
276.14,0.20075,0.2,0.00062981,0.0037423
279.59,0.20072,0.2,0.00059855,0.0035587
282.48,0.20068,0.2,0.00056873,0.0033831
284.65,0.20065,0.2,0.00054311,0.003232
286.31,0.20062,0.2,0.00051984,0.0030945
287.44,0.2006,0.2,0.00049923,0.0029725
288.03,0.20058,0.2,0.0004815,0.0028674
288.09,0.20056,0.2,0.00046596,0.0027751
287.66,0.20054,0.2,0.00045377,0.0027026
286.81,0.20053,0.2,0.00044478,0.002649
285.61,0.20053,0.2,0.00043882,0.0026132
284.2,0.20052,0.2,0.00043573,0.0025945
282.52,0.20052,0.2,0.00043497,0.0025895
280.54,0.20052,0.2,0.00043645,0.0025977
278.26,0.20053,0.2,0.00044013,0.0026189
275.77,0.20053,0.2,0.00044574,0.0026513
273.03,0.20054,0.2,0.00045341,0.0026959
270.12,0.20055,0.2,0.00046314,0.0027525
267.1,0.20057,0.2,0.00047485,0.0028206
264.12,0.20058,0.2,0.00048815,0.0028981
261.16,0.2006,0.2,0.0005031,0.0029851
258.22,0.20062,0.2,0.00051958,0.003081
255.28,0.20064,0.2,0.00053751,0.0031852
252.25,0.20067,0.2,0.00055729,0.0033
249.16,0.20069,0.2,0.00057864,0.0034238
246.07,0.20072,0.2,0.0006016,0.0035567
243.12,0.20075,0.2,0.00062606,0.0036981
241,0.20077,0.2,0.00064638,0.0038156
239.24,0.2008,0.20001,0.00066708,0.0039355
237.96,0.20082,0.20001,0.00068763,0.0040548
237.29,0.20084,0.20001,0.00070733,0.0041697
237.33,0.20086,0.20001,0.00072505,0.0042738
238.12,0.20088,0.20001,0.00074029,0.0043642
239.65,0.2009,0.20001,0.00075226,0.0044363
241.88,0.20091,0.20001,0.00076027,0.0044859
244.9,0.20091,0.20001,0.00076388,0.0045105
248.43,0.20091,0.2,0.0007623,0.0045049
252.31,0.2009,0.2,0.00075564,0.0044694
256.35,0.20089,0.2,0.00074428,0.004406
260.34,0.20087,0.2,0.00072911,0.0043197
264.2,0.20085,0.2,0.00071078,0.0042143
267.84,0.20083,0.2,0.00069011,0.0040945
271.21,0.2008,0.2,0.00066792,0.0039653
275.63,0.20076,0.2,0.00063412,0.0037676
279.4,0.20072,0.2,0.00060049,0.0035701
282.52,0.20068,0.2,0.00056834,0.0033808
284.98,0.20064,0.2,0.00053878,0.0032064
286.7,0.20061,0.2,0.00051342,0.0030564
287.75,0.20059,0.2,0.00049149,0.0029266
288.13,0.20057,0.2,0.00047322,0.0028182
287.91,0.20055,0.2,0.00045871,0.002732
287.18,0.20054,0.2,0.00044788,0.0026674
286.04,0.20053,0.2,0.00044047,0.0026232
284.56,0.20052,0.2,0.00043624,0.0025976
282.74,0.20052,0.2,0.00043495,0.0025895
280.79,0.20052,0.2,0.00043616,0.0025961
278.52,0.20053,0.2,0.00043962,0.0026159
275.93,0.20053,0.2,0.00044532,0.002649
273.07,0.20054,0.2,0.00045329,0.0026952
270.01,0.20055,0.2,0.00046353,0.0027547
266.84,0.20057,0.2,0.00047593,0.0028269
263.66,0.20059,0.2,0.00049038,0.002911
260.49,0.20061,0.2,0.0005067,0.003006
257.9,0.20062,0.2,0.0005215,0.0030922
255.29,0.20064,0.2,0.00053745,0.0031848
252.66,0.20066,0.2,0.00055453,0.003284
249.99,0.20068,0.2,0.00057277,0.0033898
247.34,0.20071,0.2,0.00059196,0.0035009
244.73,0.20073,0.2,0.00061231,0.0036186
242.29,0.20076,0.2,0.00063368,0.0037422
240.15,0.20078,0.2,0.00065576,0.0038699
238.52,0.20081,0.20001,0.00067742,0.0039955
237.51,0.20083,0.20001,0.00069854,0.0041184
237.23,0.20086,0.20001,0.00071825,0.0042337
237.77,0.20088,0.20001,0.00073555,0.0043359
239.13,0.20089,0.20001,0.00074914,0.0044173
241.26,0.2009,0.20001,0.00075864,0.0044756
244.07,0.20091,0.20001,0.00076345,0.004507
247.44,0.20091,0.2,0.00076325,0.0045094
251.46,0.2009,0.2,0.00075747,0.0044793
255.71,0.20089,0.2,0.00074635,0.0044177
259.98,0.20087,0.2,0.00073062,0.0043283
264.13,0.20085,0.2,0.00071116,0.0042165
268.18,0.20082,0.2,0.00068801,0.0040823
271.9,0.20079,0.2,0.00066306,0.0039369
275.24,0.20076,0.2,0.00063728,0.0037861
278.21,0.20073,0.2,0.00061154,0.003635
280.9,0.2007,0.2,0.00058552,0.003482
283.19,0.20067,0.2,0.00056081,0.0033364
285.06,0.20064,0.2,0.00053782,0.0032007
286.5,0.20062,0.2,0.00051688,0.003077
287.59,0.20059,0.2,0.00049559,0.0029509
288.09,0.20057,0.2,0.00047754,0.0028439
288.04,0.20055,0.2,0.00046283,0.0027565
287.5,0.20054,0.2,0.00045143,0.0026886
286.54,0.20053,0.2,0.00044303,0.0026385
285.24,0.20052,0.2,0.0004377,0.0026065
283.62,0.20052,0.2,0.0004352,0.0025912
281.69,0.20052,0.2,0.00043535,0.0025916
279.28,0.20052,0.2,0.00043827,0.0026081
276.46,0.20053,0.2,0.00044402,0.0026414
273.28,0.20054,0.2,0.00045266,0.0026915
269.84,0.20056,0.2,0.00046413,0.0027583
266.23,0.20057,0.2,0.00047859,0.0028424
262.59,0.20059,0.2,0.00049564,0.0029417
259,0.20062,0.2,0.00051506,0.0030547
255.41,0.20064,0.2,0.00053668,0.0031804
252.05,0.20067,0.2,0.00055858,0.0033075
248.63,0.2007,0.2,0.00058243,0.0034458
245.23,0.20073,0.2,0.00060826,0.0035952
242.06,0.20076,0.2,0.00063581,0.0037545
240.01,0.20078,0.2,0.00065739,0.0038794
238.42,0.20081,0.20001,0.00067909,0.0040052
237.46,0.20083,0.20001,0.00070019,0.004128
237.24,0.20086,0.20001,0.00071979,0.0042428
237.8,0.20088,0.20001,0.00073597,0.0043384
239.11,0.20089,0.20001,0.00074906,0.0044168
241.16,0.2009,0.20001,0.00075834,0.0044738
243.84,0.20091,0.20001,0.00076327,0.0045057
247.4,0.20091,0.2,0.00076327,0.0045095
251.38,0.2009,0.2,0.00075764,0.0044803
255.59,0.20089,0.2,0.00074675,0.0044199
259.83,0.20087,0.2,0.00073126,0.004332
263.81,0.20085,0.2,0.00071278,0.0042258
267.58,0.20083,0.2,0.00069175,0.004104
271.06,0.2008,0.2,0.00066904,0.0039718
274.22,0.20077,0.2,0.00064546,0.003834
277.58,0.20074,0.2,0.00061724,0.0036686
280.49,0.20071,0.2,0.00058968,0.0035065
282.95,0.20067,0.2,0.00056345,0.003352
284.96,0.20065,0.2,0.00053909,0.0032082
286.6,0.20062,0.2,0.00051513,0.0030666
287.65,0.20059,0.2,0.00049418,0.0029425
288.11,0.20057,0.2,0.00047645,0.0028374
288.02,0.20055,0.2,0.00046203,0.0027517
287.46,0.20054,0.2,0.0004509,0.0026854
286.51,0.20053,0.2,0.00044286,0.0026375
285.24,0.20052,0.2,0.00043771,0.0026065
283.68,0.20052,0.2,0.00043524,0.0025915
281.31,0.20052,0.2,0.00043562,0.0025931
278.41,0.20053,0.2,0.00043979,0.0026169
274.99,0.20054,0.2,0.00044777,0.0026631
271.15,0.20055,0.2,0.00045953,0.0027315
268.21,0.20056,0.2,0.00047036,0.0027945
265.22,0.20058,0.2,0.00048304,0.0028683
262.24,0.20059,0.2,0.00049744,0.0029521
259.29,0.20061,0.2,0.00051342,0.0030452
256.68,0.20063,0.2,0.00052884,0.0031348
254.05,0.20065,0.2,0.0005454,0.003231
251.38,0.20067,0.2,0.00056312,0.0033339
248.69,0.20069,0.2,0.00058204,0.0034435
246.04,0.20072,0.2,0.00060189,0.0035584
243.48,0.20074,0.2,0.00062288,0.0036797
241.16,0.20077,0.2,0.00064476,0.0038063
239.23,0.2008,0.20001,0.00066712,0.0039357
237.86,0.20082,0.20001,0.0006895,0.0040657
237.24,0.20085,0.20001,0.00071076,0.0041898
237.48,0.20087,0.20001,0.00072983,0.004302
238.65,0.20089,0.20001,0.00074557,0.0043958
240.68,0.2009,0.20001,0.00075677,0.004464
243.5,0.20091,0.20001,0.00076291,0.0045033
246.96,0.20091,0.20001,0.00076356,0.0045108
250.87,0.20091,0.2,0.00075865,0.0044858
254.88,0.20089,0.2,0.0007489,0.004432
258.95,0.20088,0.2,0.00073484,0.0043524
262.93,0.20086,0.2,0.00071722,0.0042514
266.71,0.20083,0.2,0.00069689,0.0041339
271.05,0.2008,0.2,0.0006691,0.0039722
274.92,0.20077,0.2,0.00063996,0.0038018
278.3,0.20073,0.2,0.00061071,0.0036302
281.2,0.2007,0.2,0.00058238,0.0034635
283.53,0.20067,0.2,0.00055685,0.0033131
285.4,0.20064,0.2,0.00053328,0.0031739
286.79,0.20061,0.2,0.00051197,0.0030479
287.69,0.20059,0.2,0.0004932,0.0029367
288.11,0.20057,0.2,0.00047619,0.0028358
288.02,0.20055,0.2,0.00046226,0.0027531
287.5,0.20054,0.2,0.00045138,0.0026884
286.6,0.20053,0.2,0.00044342,0.0026408
285.44,0.20052,0.2,0.00043828,0.00261
284.02,0.20052,0.2,0.00043553,0.0025933
282.33,0.20052,0.2,0.00043502,0.0025898
280.37,0.20052,0.2,0.00043667,0.002599
278.06,0.20053,0.2,0.0004405,0.002621
275.46,0.20053,0.2,0.00044653,0.002656
272.59,0.20054,0.2,0.00045478,0.0027039
269.55,0.20056,0.2,0.00046522,0.0027646
266.24,0.20057,0.2,0.00047852,0.002842
262.92,0.20059,0.2,0.000494,0.0029321
259.63,0.20061,0.2,0.00051146,0.0030338
256.36,0.20063,0.2,0.00053078,0.0031461
252.82,0.20066,0.2,0.00055343,0.0032776
249.21,0.20069,0.2,0.00057824,0.0034215
245.61,0.20072,0.2,0.00060528,0.003578
242.23,0.20076,0.2,0.00063428,0.0037457
240.19,0.20078,0.2,0.00065525,0.003867
238.59,0.20081,0.20001,0.00067639,0.0039895
237.56,0.20083,0.20001,0.00069707,0.0041098
237.22,0.20085,0.20001,0.00071646,0.0042232
237.63,0.20087,0.20001,0.00073309,0.0043213
238.8,0.20089,0.20001,0.00074679,0.0044032
240.7,0.2009,0.20001,0.00075685,0.0044644
243.26,0.20091,0.20001,0.00076266,0.0045015
246.73,0.20091,0.20001,0.00076369,0.0045113
250.66,0.20091,0.2,0.00075902,0.0044877
254.85,0.20089,0.2,0.00074898,0.0044324
259.11,0.20088,0.2,0.00073418,0.0043487
263.09,0.20086,0.2,0.00071639,0.0042466
266.88,0.20083,0.2,0.00069594,0.0041284
270.39,0.20081,0.2,0.00067367,0.0039988
273.59,0.20078,0.2,0.0006504,0.0038629
277.1,0.20074,0.2,0.00062153,0.0036937
280.14,0.20071,0.2,0.00059321,0.0035273
282.71,0.20068,0.2,0.0005662,0.0033682
284.81,0.20065,0.2,0.0005411,0.0032201
286.5,0.20062,0.2,0.00051691,0.0030771
287.59,0.20059,0.2,0.00049572,0.0029517
288.09,0.20057,0.2,0.00047773,0.002845
288.04,0.20055,0.2,0.00046306,0.0027579
287.52,0.20054,0.2,0.00045167,0.0026901
286.6,0.20053,0.2,0.00044339,0.0026407
285.35,0.20052,0.2,0.00043802,0.0026084
283.82,0.20052,0.2,0.00043535,0.0025921
281.58,0.20052,0.2,0.00043541,0.0025918
278.87,0.20053,0.2,0.00043895,0.0026121
275.67,0.20053,0.2,0.00044599,0.0026528
272.06,0.20055,0.2,0.0004565,0.0027139
268.09,0.20056,0.2,0.00047084,0.0027973
264.04,0.20058,0.2,0.00048854,0.0029004
260.02,0.20061,0.2,0.00050929,0.0030211
256.03,0.20064,0.2,0.00053283,0.003158
252.29,0.20067,0.2,0.00055699,0.0032983
248.47,0.2007,0.2,0.00058359,0.0034525
244.69,0.20073,0.2,0.00061267,0.0036207
241.26,0.20077,0.2,0.00064378,0.0038006
239.3,0.20079,0.20001,0.00066628,0.0039309
237.91,0.20082,0.20001,0.00068862,0.0040606
237.25,0.20085,0.20001,0.0007099,0.0041848
237.45,0.20087,0.20001,0.00072905,0.0042974
238.45,0.20089,0.20001,0.0007438,0.0043852
240.21,0.2009,0.20001,0.00075494,0.0044527
242.68,0.20091,0.20001,0.00076181,0.0044959
245.74,0.20091,0.20001,0.00076399,0.004512
249.8,0.20091,0.2,0.00076047,0.0044954
254.21,0.2009,0.2,0.00075082,0.0044427
258.72,0.20088,0.2,0.00073574,0.0043576
263.13,0.20086,0.2,0.00071622,0.0042456
267.13,0.20083,0.2,0.00069444,0.0041197
270.82,0.2008,0.2,0.00067071,0.0039816
274.17,0.20077,0.2,0.00064594,0.0038368
277.16,0.20074,0.2,0.00062096,0.0036904
280,0.20071,0.2,0.00059458,0.0035354
282.43,0.20068,0.2,0.00056933,0.0033866
284.45,0.20065,0.2,0.00054566,0.003247
286.04,0.20063,0.2,0.00052395,0.0031188
287.37,0.2006,0.2,0.00050065,0.0029809
288.04,0.20058,0.2,0.0004809,0.0028638
288.08,0.20056,0.2,0.00046482,0.0027683
287.57,0.20054,0.2,0.00045241,0.0026945
286.61,0.20053,0.2,0.00044343,0.0026409
285.27,0.20052,0.2,0.00043777,0.0026069
283.59,0.20052,0.2,0.00043518,0.0025911
281.57,0.20052,0.2,0.00043544,0.002592
279.13,0.20052,0.2,0.00043852,0.0026096
276.28,0.20053,0.2,0.00044447,0.002644
273.07,0.20054,0.2,0.0004533,0.0026953
269.61,0.20056,0.2,0.000465,0.0027633
266.07,0.20057,0.2,0.00047927,0.0028464
262.52,0.20059,0.2,0.00049602,0.0029439
259.01,0.20062,0.2,0.00051502,0.0030545
255.5,0.20064,0.2,0.00053612,0.0031772
252.16,0.20067,0.2,0.00055787,0.0033034
248.75,0.20069,0.2,0.00058154,0.0034406
245.37,0.20072,0.2,0.00060717,0.0035889
242.2,0.20076,0.2,0.00063453,0.0037471
240.15,0.20078,0.2,0.00065581,0.0038702
238.54,0.20081,0.20001,0.00067725,0.0039945
237.52,0.20083,0.20001,0.00069818,0.0041163
237.22,0.20086,0.20001,0.00071774,0.0042307
237.69,0.20088,0.20001,0.00073419,0.0043279
238.91,0.20089,0.20001,0.00074767,0.0044085
240.87,0.2009,0.20001,0.00075744,0.0044681
243.48,0.20091,0.20001,0.00076291,0.0045032
246.97,0.20091,0.20001,0.00076355,0.0045107
250.92,0.20091,0.2,0.00075853,0.0044851
255.12,0.20089,0.2,0.00074818,0.004428
259.37,0.20088,0.2,0.00073315,0.0043428
263.35,0.20085,0.2,0.00071511,0.0042392
267.13,0.20083,0.2,0.00069445,0.0041197
270.63,0.2008,0.2,0.00067203,0.0039892
273.82,0.20078,0.2,0.00064864,0.0038527
277.27,0.20074,0.2,0.00062002,0.0036849
280.26,0.20071,0.2,0.00059199,0.0035201
282.79,0.20068,0.2,0.00056527,0.0033627
284.86,0.20065,0.2,0.00054045,0.0032163
286.53,0.20062,0.2,0.00051637,0.0030739
287.61,0.20059,0.2,0.00049527,0.002949
288.1,0.20057,0.2,0.00047739,0.0028429
288.04,0.20055,0.2,0.0004628,0.0027563
287.5,0.20054,0.2,0.00045149,0.002689
286.58,0.20053,0.2,0.00044328,0.00264
285.33,0.20052,0.2,0.00043796,0.002608
283.79,0.20052,0.2,0.00043533,0.002592
281.53,0.20052,0.2,0.00043544,0.0025921
278.78,0.20053,0.2,0.00043911,0.002613
275.54,0.20053,0.2,0.00044631,0.0026547
271.89,0.20055,0.2,0.00045705,0.0027171
267.81,0.20056,0.2,0.00047196,0.0028038
263.66,0.20059,0.2,0.00049038,0.002911
259.54,0.20061,0.2,0.00051196,0.0030367
255.45,0.20064,0.2,0.00053646,0.0031791
251.65,0.20067,0.2,0.00056127,0.0033231
247.78,0.2007,0.2,0.00058861,0.0034815
244,0.20074,0.2,0.00061845,0.0036541
240.65,0.20078,0.2,0.00065022,0.0038379
238.87,0.2008,0.20001,0.0006722,0.0039652
237.68,0.20083,0.20001,0.00069381,0.0040908
237.22,0.20085,0.20001,0.00071419,0.0042099
237.59,0.20087,0.20001,0.00073232,0.0043167
238.76,0.20089,0.20001,0.00074651,0.0044015
240.7,0.2009,0.20001,0.00075686,0.0044645
243.34,0.20091,0.20001,0.00076275,0.0045021
246.55,0.20091,0.20001,0.00076378,0.0045117
250.59,0.20091,0.2,0.00075915,0.0044885
254.9,0.20089,0.2,0.00074882,0.0044315
259.29,0.20088,0.2,0.00073348,0.0043447
263.56,0.20085,0.2,0.00071407,0.0042333
267.58,0.20083,0.2,0.00069171,0.0041038
271.28,0.2008,0.2,0.00066746,0.0039626
274.63,0.20077,0.2,0.00064226,0.0038153
277.61,0.20074,0.2,0.00061695,0.0036668
280.38,0.20071,0.2,0.00059074,0.0035128
282.75,0.20068,0.2,0.00056573,0.0033655
284.71,0.20065,0.2,0.00054237,0.0032276
286.24,0.20062,0.2,0.00052099,0.0031013
287.47,0.2006,0.2,0.00049861,0.0029688
288.06,0.20057,0.2,0.00047962,0.0028562
288.07,0.20056,0.2,0.00046414,0.0027643
287.55,0.20054,0.2,0.00045216,0.002693
286.59,0.20053,0.2,0.00044337,0.0026405
285.27,0.20052,0.2,0.0004378,0.0026071
283.63,0.20052,0.2,0.0004352,0.0025912
281.65,0.20052,0.2,0.00043538,0.0025917
279.21,0.20052,0.2,0.00043838,0.0026088
276.37,0.20053,0.2,0.00044425,0.0026427
273.16,0.20054,0.2,0.00045303,0.0026937
269.69,0.20056,0.2,0.00046469,0.0027615
268.83,0.20056,0.2,0.00046791,0.0027802
267.97,0.20056,0.2,0.00047129,0.0027999
267.11,0.20057,0.2,0.00047482,0.0028205
266.24,0.20057,0.2,0.0004785,0.0028419
