-200,0.75,0.74196,0.90997,0.010723
-202.03,0.75268,0.74493,0.91468,0.010293
-204.04,0.75524,0.74778,0.91919,0.0098842
-206.03,0.7577,0.7505,0.9235,0.0094963
-207.99,0.76004,0.7531,0.92761,0.0091263
-210.82,0.76322,0.75665,0.93322,0.0086177
-213.66,0.76618,0.75995,0.93844,0.0081341
-216.5,0.76893,0.76302,0.94329,0.0076764
-219.28,0.77146,0.76586,0.94777,0.0072531
-221.65,0.77359,0.76824,0.95152,0.0069093
-223.77,0.77555,0.77042,0.95497,0.0066164
-225.54,0.77734,0.77238,0.9581,0.0063824
-226.88,0.77896,0.77413,0.96091,0.0062108
-227.72,0.78033,0.77556,0.96324,0.0061066
-228.19,0.78155,0.77682,0.9653,0.0060498
-228.35,0.78263,0.77791,0.96712,0.0060322
-228.28,0.78359,0.77886,0.96871,0.0060433
-228.06,0.78449,0.77972,0.97017,0.0060739
-227.78,0.78526,0.78046,0.97144,0.0061113
-227.53,0.78593,0.7811,0.97253,0.0061454
-227.35,0.78651,0.78166,0.97348,0.0061696
-227.28,0.78717,0.7823,0.97456,0.0061808
-227.41,0.78771,0.78286,0.97548,0.0061657
-227.76,0.78818,0.78335,0.97628,0.0061225
-228.34,0.78858,0.78381,0.97699,0.0060487
-229.2,0.78894,0.78425,0.97765,0.0059422
-230.32,0.78926,0.78468,0.97828,0.0058054
-231.68,0.78956,0.78511,0.97889,0.0056439
-233.23,0.78986,0.78554,0.97949,0.0054645
-234.78,0.79011,0.78593,0.98004,0.0052909
-236.47,0.79037,0.78633,0.98059,0.005108
-238.32,0.79063,0.78674,0.98114,0.0049149
-240.35,0.79089,0.78716,0.98171,0.0047108
-242.42,0.79113,0.78756,0.98224,0.004512
-244.62,0.79138,0.78797,0.98279,0.0043091
-246.91,0.79164,0.78838,0.98335,0.0041077
-249.23,0.79189,0.78879,0.98391,0.0039136
-251.45,0.79214,0.78918,0.98444,0.0037363
-253.62,0.79239,0.78957,0.98497,0.0035702
-255.76,0.79264,0.78993,0.98548,0.0034141
-257.89,0.79288,0.79029,0.98598,0.0032656
-260,0.79311,0.79064,0.98646,0.0031243
-262.12,0.79334,0.79097,0.98692,0.0029889
-264.19,0.79356,0.79129,0.98737,0.0028622
-266.12,0.79377,0.79159,0.9878,0.0027488
-267.98,0.794,0.7919,0.98824,0.0026442
-269.35,0.7942,0.79216,0.98864,0.0025694
-270.15,0.79438,0.79238,0.98897,0.0025271
-270.37,0.79453,0.79254,0.98923,0.0025155
-270.13,0.79465,0.79264,0.98941,0.0025281
-269.6,0.79473,0.7927,0.98953,0.0025563
-268.93,0.7948,0.79273,0.98961,0.002593
-268.22,0.79483,0.79274,0.98965,0.0026319
-267.6,0.79486,0.79274,0.98966,0.0026662
-267.09,0.79487,0.79272,0.98966,0.002695
-266.71,0.79487,0.79271,0.98965,0.0027168
-266.46,0.79487,0.7927,0.98963,0.0027305
-266.37,0.79486,0.79269,0.98962,0.0027356
-266.51,0.79486,0.79269,0.98962,0.002728
-266.88,0.79486,0.79271,0.98964,0.0027069
-267.48,0.79487,0.79274,0.98967,0.002673
-268.48,0.79489,0.79281,0.98975,0.0026177
-269.71,0.79493,0.7929,0.98986,0.002551
-271.14,0.79498,0.79301,0.98999,0.0024754
-272.79,0.79504,0.79314,0.99016,0.0023911
-274.28,0.79511,0.79326,0.99031,0.0023179
-275.93,0.79518,0.7934,0.99048,0.0022387
-277.74,0.79526,0.79354,0.99067,0.0021554
-279.65,0.79535,0.7937,0.99087,0.0020707
-281.6,0.79544,0.79386,0.99108,0.001988
-283.52,0.79554,0.79402,0.9913,0.0019094
-285.4,0.79564,0.79418,0.99152,0.0018358
-287.23,0.79575,0.79434,0.99174,0.0017663
-289.4,0.79587,0.79452,0.99199,0.001688
-291.58,0.79599,0.7947,0.99224,0.0016125
-293.71,0.7961,0.79488,0.99248,0.0015419
-295.63,0.79622,0.79504,0.99271,0.0014809
-297.08,0.79632,0.79517,0.99291,0.0014367
-297.9,0.79641,0.79528,0.99308,0.001412
-298.03,0.79648,0.79536,0.9932,0.0014082
-297.53,0.79653,0.7954,0.99327,0.0014233
-296.53,0.79656,0.7954,0.9933,0.0014536
-295.3,0.79656,0.79538,0.99328,0.0014916
-294.07,0.79655,0.79533,0.99324,0.0015306
-292.98,0.79653,0.79528,0.99318,0.0015659
-292.11,0.7965,0.79523,0.99311,0.0015948
-291.49,0.79647,0.79518,0.99305,0.0016156
-291.15,0.79644,0.79515,0.99299,0.0016273
-291.11,0.79642,0.79512,0.99295,0.0016288
-291.38,0.7964,0.79511,0.99293,0.0016193
-291.94,0.7964,0.79512,0.99293,0.0016004
-292.74,0.7964,0.79515,0.99296,0.0015739
-293.73,0.79642,0.79519,0.99301,0.0015413
-294.81,0.79644,0.79524,0.99307,0.001507
-296.07,0.79647,0.7953,0.99314,0.0014675
-297.54,0.79651,0.79538,0.99324,0.0014228
-299.21,0.79656,0.79546,0.99335,0.001374
-301.04,0.79661,0.79556,0.99348,0.001322
-302.92,0.79668,0.79566,0.99362,0.001271
-304.76,0.79674,0.79577,0.99376,0.0012228
-306.54,0.79681,0.79587,0.99391,0.0011778
-308.5,0.79689,0.79599,0.99407,0.0011303
-310.49,0.79697,0.7961,0.99422,0.0010842
-312.45,0.79704,0.79621,0.99438,0.0010403
-314.21,0.79712,0.79632,0.99453,0.0010025
-315.33,0.79717,0.79639,0.99464,0.00097921
-315.95,0.79722,0.79645,0.99473,0.00096657
-315.99,0.79726,0.79649,0.99479,0.00096583
-315.46,0.79729,0.79651,0.99483,0.00097657
-314.49,0.7973,0.7965,0.99483,0.00099683
-313.24,0.79729,0.79648,0.99481,0.0010233
-311.9,0.79728,0.79644,0.99477,0.0010526
-310.6,0.79726,0.7964,0.99471,0.0010817
-309.47,0.79723,0.79635,0.99465,0.0011076
-308.52,0.7972,0.7963,0.99458,0.0011301
-307.75,0.79717,0.79626,0.99452,0.0011484
-307.2,0.79714,0.79622,0.99446,0.0011618
-306.86,0.79711,0.79618,0.99441,0.0011702
-306.79,0.79709,0.79616,0.99438,0.0011718
-306.99,0.79708,0.79615,0.99435,0.001167
-307.41,0.79707,0.79615,0.99435,0.0011567
-308.01,0.79707,0.79616,0.99436,0.0011421
-308.78,0.79708,0.79618,0.99438,0.0011238
-309.72,0.79709,0.79621,0.99442,0.0011018
-310.86,0.79711,0.79625,0.99447,0.0010757
-312.12,0.79714,0.7963,0.99453,0.0010476
-313.54,0.79717,0.79636,0.99461,0.0010169
-315.05,0.79721,0.79642,0.99469,0.00098515
-316.58,0.79725,0.79649,0.99478,0.00095391
-317.99,0.79729,0.79655,0.99487,0.00092614
-319.35,0.79733,0.79661,0.99495,0.00089988
-320.7,0.79737,0.79668,0.99504,0.00087477
-322.05,0.79742,0.79674,0.99513,0.00085031
-323.34,0.79746,0.7968,0.99521,0.00082752
-324.61,0.7975,0.79685,0.99529,0.0008057
-325.79,0.79753,0.79691,0.99537,0.00078603
-326.77,0.79757,0.79696,0.99544,0.00077008
-327.43,0.79761,0.797,0.9955,0.00075944
-327.67,0.79763,0.79703,0.99555,0.00075562
-327.45,0.79765,0.79705,0.99559,0.00075913
-326.8,0.79767,0.79705,0.9956,0.00076963
-324.94,0.79766,0.79703,0.99557,0.00080033
-322.69,0.79764,0.79697,0.99551,0.00083902
-320.57,0.7976,0.7969,0.99541,0.00087736
-318.83,0.79755,0.79682,0.99531,0.00090987
-317.59,0.7975,0.79676,0.99522,0.000934
-316.91,0.79746,0.79671,0.99515,0.00094748
-316.8,0.79743,0.79668,0.99509,0.00094962
-317.19,0.79741,0.79666,0.99507,0.0009419
-317.66,0.79741,0.79667,0.99507,0.00093262
-318.28,0.79742,0.79668,0.99508,0.00092043
-319.07,0.79743,0.7967,0.99511,0.00090529
-320.04,0.79744,0.79673,0.99514,0.00088702
-321.18,0.79746,0.79677,0.99519,0.00086609
-322.46,0.79748,0.79681,0.99525,0.00084299
-323.84,0.79751,0.79686,0.99531,0.00081891
-325.24,0.79755,0.79691,0.99538,0.00079511
-326.54,0.79758,0.79696,0.99545,0.00077383
-327.79,0.79761,0.79701,0.99552,0.00075369
-329.02,0.79765,0.79706,0.99559,0.00073438
-330.26,0.79768,0.79711,0.99566,0.00071551
-331.45,0.79771,0.79716,0.99572,0.00069792
-332.61,0.79774,0.7972,0.99579,0.00068112
-333.66,0.79778,0.79724,0.99585,0.00066614
-334.51,0.79781,0.79728,0.99591,0.00065434
-335.04,0.79783,0.79732,0.99596,0.00064717
-335.14,0.79785,0.79734,0.99599,0.00064574
-334.8,0.79787,0.79735,0.99601,0.00065047
-334.03,0.79787,0.79735,0.99602,0.00066108
-332.44,0.79787,0.79732,0.99599,0.00068361
-330.54,0.79785,0.79728,0.99594,0.00071147
-328.62,0.79782,0.79723,0.99587,0.00074069
-326.89,0.79778,0.79717,0.99579,0.00076816
-325.48,0.79774,0.79711,0.99572,0.0007913
-324.38,0.79771,0.79706,0.99564,0.00080976
-323.63,0.79767,0.79702,0.99558,0.00082267
-323.23,0.79765,0.79698,0.99552,0.00082952
-323.18,0.79763,0.79696,0.99549,0.00083036
-323.42,0.79761,0.79695,0.99547,0.00082633
-323.87,0.79761,0.79696,0.99547,0.00081838
-324.54,0.79761,0.79697,0.99548,0.00080694
-325.48,0.79762,0.79699,0.99551,0.00079116
-326.7,0.79764,0.79702,0.99555,0.0007712
-328.16,0.79766,0.79707,0.99561,0.00074783
-329.77,0.79769,0.79712,0.99567,0.00072293
-330.98,0.79772,0.79716,0.99573,0.00070478
-332.16,0.79775,0.7972,0.99579,0.0006875
-333.31,0.79778,0.79724,0.99585,0.00067116
-334.43,0.7978,0.79728,0.99591,0.00065547
-335.57,0.79783,0.79732,0.99596,0.00063998
-336.72,0.79786,0.79736,0.99602,0.00062471
-337.84,0.79789,0.7974,0.99608,0.00061018
-338.84,0.79792,0.79744,0.99613,0.00059752
-339.71,0.79795,0.79748,0.99619,0.00058658
-339.98,0.79797,0.79751,0.99624,0.00058329
-339.53,0.79799,0.79752,0.99626,0.00058892
-338.39,0.79799,0.79751,0.99626,0.00060313
-336.46,0.79798,0.79748,0.99622,0.00062814
-334.28,0.79795,0.79743,0.99615,0.00065763
-332.19,0.79792,0.79737,0.99607,0.0006872
-330.38,0.79788,0.79731,0.99599,0.00071375
-329.06,0.79784,0.79725,0.99591,0.00073397
-328.08,0.7978,0.79721,0.99584,0.00074917
-327.48,0.79777,0.79717,0.99578,0.00075865
-327.25,0.79775,0.79714,0.99574,0.00076232
-327.35,0.79773,0.79713,0.99571,0.00076078
-327.7,0.79772,0.79712,0.99571,0.00075513
-328.28,0.79772,0.79713,0.99571,0.00074603
-329.09,0.79773,0.79714,0.99573,0.00073343
-329.92,0.79774,0.79716,0.99575,0.00072066
-330.92,0.79775,0.79719,0.99579,0.00070564
-332.06,0.79777,0.79722,0.99583,0.00068897
-333.28,0.79779,0.79726,0.99588,0.00067159
-334.5,0.79782,0.7973,0.99593,0.00065452
-335.69,0.79785,0.79734,0.99598,0.0006383
-336.85,0.79787,0.79738,0.99604,0.000623
-337.98,0.7979,0.79742,0.9961,0.0006083
-339.16,0.79793,0.79746,0.99615,0.00059349
-340.34,0.79796,0.79749,0.99621,0.00057897
-341.45,0.79798,0.79753,0.99626,0.00056551
-342.38,0.79801,0.79757,0.99632,0.00055455
-342.97,0.79803,0.7976,0.99636,0.00054776
-343.05,0.79805,0.79762,0.99639,0.0005468
-342.57,0.79806,0.79762,0.99641,0.00055236
-341.57,0.79807,0.79762,0.9964,0.00056419
-339.35,0.79805,0.79758,0.99636,0.00059113
-336.82,0.79802,0.79752,0.99628,0.00062336
-334.46,0.79798,0.79745,0.99619,0.00065511
-332.51,0.79793,0.79738,0.9961,0.00068252
-331.14,0.79789,0.79733,0.99601,0.00070243
-330.27,0.79785,0.79728,0.99594,0.00071551
-329.88,0.79782,0.79725,0.99589,0.00072129
-329.94,0.7978,0.79723,0.99586,0.00072047
-330.2,0.79779,0.79722,0.99585,0.00071651
-330.63,0.79779,0.79723,0.99585,0.00071008
-331.22,0.79779,0.79724,0.99586,0.00070124
-332,0.7978,0.79725,0.99588,0.00068983
-332.97,0.79781,0.79728,0.99591,0.00067591
-334.11,0.79783,0.79731,0.99595,0.00065999
-335.35,0.79785,0.79734,0.99599,0.00064302
-336.62,0.79788,0.79738,0.99605,0.00062606
-337.76,0.7979,0.79741,0.9961,0.00061116
-338.87,0.79793,0.79745,0.99615,0.00059705
-339.96,0.79795,0.79749,0.9962,0.00058351
-341.06,0.79798,0.79752,0.99625,0.00057021
-342.1,0.798,0.79756,0.9963,0.00055787
-343.11,0.79803,0.79759,0.99635,0.00054613
-344.02,0.79805,0.79762,0.99639,0.00053584
-344.7,0.79807,0.79765,0.99643,0.00052816
-345.05,0.79809,0.79767,0.99647,0.0005243
-344.98,0.7981,0.79768,0.99649,0.00052505
-344.47,0.79811,0.79769,0.9965,0.00053075
-343.55,0.79811,0.79768,0.99649,0.00054116
-341.71,0.7981,0.79765,0.99646,0.00056254
-339.57,0.79808,0.79761,0.9964,0.00058833
-337.46,0.79804,0.79755,0.99633,0.00061505
-335.57,0.798,0.79749,0.99625,0.00064
-334,0.79797,0.79744,0.99617,0.00066153
-332.8,0.79793,0.79739,0.9961,0.00067846
-331.99,0.79789,0.79734,0.99603,0.00068998
-331.6,0.79787,0.79731,0.99598,0.00069579
-331.56,0.79785,0.79729,0.99595,0.00069632
-331.79,0.79784,0.79729,0.99594,0.00069289
-332.25,0.79784,0.79729,0.99594,0.00068621
-332.94,0.79784,0.7973,0.99595,0.00067633
-333.7,0.79785,0.79731,0.99597,0.00066572
-334.62,0.79786,0.79734,0.996,0.00065286
-335.7,0.79787,0.79736,0.99603,0.00063823
-336.87,0.79789,0.7974,0.99607,0.00062268
-338.07,0.79792,0.79743,0.99612,0.00060724
-339.23,0.79794,0.79747,0.99617,0.00059252
-340.36,0.79796,0.7975,0.99622,0.00057867
-341.46,0.79799,0.79754,0.99627,0.0005654
-342.62,0.79802,0.79758,0.99633,0.00055187
-343.78,0.79804,0.79761,0.99638,0.00053856
-344.87,0.79807,0.79765,0.99643,0.00052626
-345.77,0.79809,0.79768,0.99648,0.00051641
-346.29,0.79811,0.79771,0.99652,0.00051083
-346.29,0.79813,0.79772,0.99654,0.0005108
-345.73,0.79814,0.79773,0.99655,0.00051693
-344.63,0.79814,0.79772,0.99655,0.00052895
-342.79,0.79813,0.79769,0.99651,0.00054992
-340.68,0.7981,0.79764,0.99646,0.00057477
-338.61,0.79807,0.79759,0.99638,0.00060036
-336.75,0.79803,0.79753,0.99631,0.0006243
-335.19,0.79799,0.79748,0.99623,0.00064509
-333.99,0.79796,0.79743,0.99616,0.00066168
-333.16,0.79793,0.79739,0.99609,0.00067331
-332.71,0.7979,0.79736,0.99604,0.00067966
-332.62,0.79788,0.79734,0.99601,0.00068097
-332.8,0.79787,0.79733,0.996,0.00067837
-333.21,0.79786,0.79733,0.99599,0.00067256
-333.84,0.79786,0.79734,0.996,0.00066367
-334.56,0.79787,0.79735,0.99602,0.00065367
-335.47,0.79788,0.79737,0.99604,0.0006413
-336.54,0.7979,0.7974,0.99608,0.00062702
-337.72,0.79792,0.79743,0.99612,0.00061167
-338.93,0.79794,0.79746,0.99617,0.00059634
-340.11,0.79796,0.7975,0.99622,0.0005817
-341.25,0.79799,0.79753,0.99627,0.00056794
-342.36,0.79801,0.79757,0.99632,0.00055479
-343.52,0.79804,0.79761,0.99637,0.00054152
-344.67,0.79806,0.79764,0.99642,0.00052848
-345.77,0.79809,0.79768,0.99647,0.00051648
-346.65,0.79811,0.79771,0.99652,0.00050698
-347.13,0.79813,0.79773,0.99656,0.0005019
-347.1,0.79815,0.79775,0.99658,0.0005022
-346.51,0.79816,0.79775,0.99659,0.00050846
-345.41,0.79816,0.79774,0.99658,0.00052041
-343.48,0.79814,0.79771,0.99655,0.00054196
-341.3,0.79812,0.79766,0.99649,0.0005674
-339.16,0.79808,0.79761,0.99641,0.00059343
-337.27,0.79804,0.79755,0.99633,0.00061754
-335.7,0.79801,0.7975,0.99625,0.00063823
-334.51,0.79797,0.79745,0.99618,0.00065438
-333.73,0.79794,0.79741,0.99612,0.00066522
-333.35,0.79791,0.79737,0.99607,0.00067056
-333.33,0.79789,0.79736,0.99604,0.00067089
-333.58,0.79788,0.79735,0.99603,0.00066737
-334.06,0.79788,0.79735,0.99603,0.00066064
-334.78,0.79788,0.79736,0.99604,0.00065067
-335.54,0.79789,0.79738,0.99606,0.00064035
-336.47,0.7979,0.7974,0.99609,0.00062801
-337.53,0.79792,0.79743,0.99612,0.00061415
-338.67,0.79794,0.79746,0.99616,0.00059962
-339.82,0.79796,0.79749,0.99621,0.00058533
-340.93,0.79798,0.79753,0.99626,0.00057174
-342.01,0.79801,0.79756,0.9963,0.00055892
-343.07,0.79803,0.79759,0.99635,0.00054658
-344.17,0.79805,0.79763,0.9964,0.00053416
-345.27,0.79808,0.79766,0.99645,0.00052195
-346.3,0.7981,0.79769,0.9965,0.0005107
-347.15,0.79812,0.79772,0.99654,0.00050169
-347.65,0.79814,0.79775,0.99658,0.00049648
-347.64,0.79816,0.79776,0.9966,0.00049649
-347.09,0.79817,0.79777,0.99661,0.00050233
-346.02,0.79817,0.79776,0.99661,0.0005138
-344.01,0.79815,0.79773,0.99657,0.00053599
-341.71,0.79813,0.79768,0.99651,0.00056246
-339.48,0.79809,0.79762,0.99643,0.00058946
-337.53,0.79805,0.79756,0.99634,0.00061423
-335.93,0.79801,0.7975,0.99626,0.00063514
-334.77,0.79797,0.79745,0.99619,0.00065095
-334.04,0.79794,0.79741,0.99613,0.00066088
-333.75,0.79791,0.79738,0.99608,0.00066491
-333.8,0.7979,0.79737,0.99606,0.00066431
-334.05,0.79789,0.79737,0.99605,0.00066085
-334.48,0.79789,0.79737,0.99605,0.00065489
-335.1,0.79789,0.79738,0.99606,0.0006464
-335.93,0.7979,0.7974,0.99608,0.00063512
-336.98,0.79791,0.79742,0.99611,0.00062126
-338.2,0.79793,0.79745,0.99615,0.0006056
-339.49,0.79796,0.79748,0.9962,0.00058932
-340.56,0.79798,0.79752,0.99624,0.00057619
-341.6,0.798,0.79755,0.99629,0.00056374
-342.61,0.79802,0.79758,0.99633,0.00055191
-343.61,0.79804,0.79761,0.99638,0.00054044
-344.63,0.79806,0.79764,0.99642,0.00052901
-345.65,0.79809,0.79767,0.99647,0.00051779
-346.61,0.79811,0.7977,0.99651,0.0005074
-347.41,0.79813,0.79773,0.99655,0.00049889
-347.96,0.79815,0.79776,0.99659,0.00049325
-348.01,0.79817,0.79777,0.99662,0.0004927
-347.51,0.79818,0.79778,0.99663,0.00049792
-346.48,0.79818,0.79777,0.99662,0.00050881
-344.56,0.79816,0.79774,0.99659,0.00052983
-342.32,0.79814,0.7977,0.99653,0.00055529
-340.12,0.7981,0.79764,0.99645,0.00058167
-338.15,0.79806,0.79758,0.99637,0.00060628
-336.48,0.79802,0.79752,0.99629,0.00062793
-335.23,0.79799,0.79747,0.99622,0.00064467
-334.42,0.79795,0.79743,0.99615,0.00065563
-334.06,0.79792,0.7974,0.9961,0.00066066
-334.07,0.79791,0.79738,0.99608,0.00066048
-334.36,0.7979,0.79738,0.99606,0.00065647
-334.89,0.7979,0.79738,0.99607,0.00064918
-335.68,0.7979,0.79739,0.99608,0.00063851
-336.48,0.79791,0.79741,0.9961,0.00062791
-337.43,0.79792,0.79743,0.99613,0.00061546
-338.5,0.79794,0.79746,0.99617,0.00060177
-339.63,0.79796,0.79749,0.99621,0.00058765
-340.75,0.79798,0.79752,0.99625,0.00057395
-341.84,0.798,0.79756,0.9963,0.00056098
-342.89,0.79803,0.79759,0.99635,0.00054868
-343.94,0.79805,0.79762,0.99639,0.00053676
-344.98,0.79807,0.79765,0.99644,0.00052512
-346.02,0.7981,0.79769,0.99648,0.00051375
-346.99,0.79812,0.79772,0.99653,0.0005034
-347.77,0.79814,0.79774,0.99657,0.00049522
-348.21,0.79816,0.79777,0.9966,0.00049057
-348.2,0.79817,0.79778,0.99663,0.00049073
-347.67,0.79818,0.79778,0.99664,0.00049626
-346.65,0.79818,0.79778,0.99663,0.00050697
-344.39,0.79816,0.79774,0.99659,0.00053172
-341.8,0.79813,0.79768,0.99651,0.0005615
-339.34,0.79809,0.79762,0.99642,0.00059122
-337.28,0.79804,0.79755,0.99633,0.00061737
-335.87,0.79801,0.7975,0.99625,0.00063606
-334.88,0.79797,0.79745,0.99619,0.00064936
-334.34,0.79794,0.79742,0.99613,0.00065675
-334.21,0.79792,0.79739,0.99609,0.00065858
-334.34,0.79791,0.79738,0.99608,0.0006568
-334.64,0.7979,0.79738,0.99607,0.00065269
-335.09,0.7979,0.79739,0.99607,0.00064643
-335.73,0.79791,0.7974,0.99609,0.00063791
-336.55,0.79792,0.79741,0.99611,0.00062692
-337.56,0.79793,0.79744,0.99614,0.00061376
-338.71,0.79795,0.79747,0.99618,0.00059916
-339.92,0.79797,0.7975,0.99622,0.00058409
-341.08,0.79799,0.79753,0.99627,0.00057002
-342.2,0.79801,0.79757,0.99632,0.00055674
-343.29,0.79804,0.7976,0.99636,0.00054412
-344.38,0.79806,0.79764,0.99641,0.00053182
-345.4,0.79808,0.79767,0.99646,0.00052053
-346.4,0.7981,0.7977,0.9965,0.00050964
-347.31,0.79813,0.79773,0.99654,0.00049995
-348.02,0.79815,0.79775,0.99658,0.00049259
-348.38,0.79816,0.79777,0.99661,0.00048886
-348.31,0.79818,0.79779,0.99663,0.00048962
-347.76,0.79818,0.79779,0.99664,0.00049528
-346.78,0.79818,0.79778,0.99664,0.00050564
-344.92,0.79817,0.79775,0.9966,0.00052574
-342.78,0.79815,0.79771,0.99655,0.00054994
-340.65,0.79812,0.79766,0.99648,0.00057515
-338.73,0.79808,0.7976,0.9964,0.00059894
-337.1,0.79804,0.79755,0.99632,0.00061974
-335.83,0.798,0.7975,0.99625,0.00063649
-334.95,0.79797,0.79745,0.99619,0.00064842
-334.46,0.79794,0.79742,0.99613,0.00065516
-334.33,0.79792,0.7974,0.9961,0.00065695
-334.48,0.79791,0.79739,0.99608,0.0006549
-334.85,0.79791,0.79739,0.99608,0.00064971
-335.46,0.79791,0.79739,0.99608,0.00064152
-336.19,0.79791,0.79741,0.9961,0.00063173
-337.12,0.79792,0.79743,0.99613,0.00061945
-338.23,0.79794,0.79746,0.99616,0.00060519
-339.45,0.79796,0.79749,0.9962,0.00058991
-340.68,0.79798,0.79752,0.99625,0.00057479
-341.88,0.798,0.79756,0.9963,0.00056046
-343.04,0.79803,0.79759,0.99635,0.00054698
-344.18,0.79806,0.79763,0.9964,0.00053401
-345.25,0.79808,0.79766,0.99645,0.00052212
-346.32,0.7981,0.79769,0.9965,0.00051053
-347.3,0.79813,0.79773,0.99654,0.00050008
-348.07,0.79815,0.79775,0.99658,0.00049205
-348.46,0.79816,0.79778,0.99662,0.000488
-348.4,0.79818,0.79779,0.99664,0.00048867
-347.83,0.79819,0.79779,0.99665,0.00049454
-346.8,0.79819,0.79778,0.99664,0.00050539
-344.93,0.79817,0.79775,0.9966,0.00052568
-342.78,0.79815,0.79771,0.99655,0.00054994
-340.66,0.79812,0.79766,0.99648,0.00057509
-338.74,0.79808,0.7976,0.9964,0.00059875
-337.13,0.79804,0.79755,0.99632,0.00061939
-335.87,0.798,0.7975,0.99625,0.00063595
-335,0.79797,0.79745,0.99619,0.00064768
-334.52,0.79794,0.79742,0.99614,0.00065425
-334.4,0.79792,0.7974,0.9961,0.00065589
-334.56,0.79791,0.79739,0.99609,0.00065373
-334.95,0.79791,0.79739,0.99608,0.00064844
-335.56,0.79791,0.7974,0.99609,0.00064015
-336.26,0.79791,0.79741,0.9961,0.00063072
-337.15,0.79792,0.79743,0.99613,0.00061902
-338.21,0.79794,0.79746,0.99616,0.00060547
-339.37,0.79796,0.79749,0.9962,0.0005909
-340.55,0.79798,0.79752,0.99625,0.00057637
-341.71,0.798,0.79755,0.9963,0.00056251
-342.82,0.79803,0.79759,0.99634,0.00054948
-343.91,0.79805,0.79762,0.99639,0.00053701
-345.03,0.79807,0.79766,0.99644,0.00052455
-346.15,0.7981,0.79769,0.99649,0.0005123
-347.21,0.79812,0.79772,0.99654,0.00050105
-348.06,0.79815,0.79775,0.99658,0.00049219
-348.51,0.79816,0.79778,0.99662,0.00048753
-348.46,0.79818,0.79779,0.99664,0.00048803
-347.86,0.79819,0.79779,0.99665,0.00049425
-346.75,0.79819,0.79778,0.99664,0.00050594
-344.81,0.79817,0.79775,0.9966,0.00052704
-342.61,0.79815,0.79771,0.99654,0.000552
-340.45,0.79811,0.79765,0.99647,0.00057758
-338.54,0.79807,0.79759,0.99639,0.00060134
-336.94,0.79804,0.79754,0.99631,0.00062181
-335.73,0.798,0.79749,0.99624,0.00063788
-334.92,0.79797,0.79745,0.99618,0.0006488
-334.52,0.79794,0.79742,0.99613,0.00065436
-334.47,0.79792,0.7974,0.9961,0.00065502
-334.69,0.79791,0.79739,0.99609,0.00065191
-335.15,0.79791,0.79739,0.99608,0.00064565
-335.85,0.79791,0.7974,0.9961,0.00063621
-336.59,0.79792,0.79742,0.99611,0.00062636
-337.5,0.79793,0.79744,0.99614,0.00061451
-338.55,0.79794,0.79746,0.99617,0.00060115
-339.67,0.79796,0.79749,0.99621,0.0005871
-340.81,0.79798,0.79753,0.99626,0.00057327
-341.91,0.79801,0.79756,0.9963,0.00056012
-342.98,0.79803,0.79759,0.99635,0.00054771
-344.02,0.79805,0.79762,0.9964,0.00053577
-345.11,0.79808,0.79766,0.99645,0.00052371
-346.19,0.7981,0.79769,0.99649,0.00051187
-347.22,0.79812,0.79772,0.99654,0.00050095
-348.05,0.79815,0.79775,0.99658,0.00049224
-348.53,0.79816,0.79778,0.99662,0.00048729
-348.52,0.79818,0.79779,0.99664,0.00048747
-347.94,0.79819,0.79779,0.99665,0.00049339
-346.85,0.79819,0.79778,0.99664,0.00050485
-344.87,0.79817,0.79775,0.99661,0.0005263
-342.62,0.79815,0.79771,0.99654,0.00055184
-340.42,0.79811,0.79765,0.99647,0.000578
-338.47,0.79807,0.79759,0.99639,0.0006022
-336.86,0.79803,0.79754,0.99631,0.00062288
-335.66,0.798,0.79749,0.99624,0.00063887
-334.88,0.79796,0.79744,0.99617,0.0006494
-334.52,0.79794,0.79741,0.99613,0.00065433
-334.52,0.79792,0.7974,0.9961,0.0006543
-334.8,0.79791,0.79739,0.99609,0.00065044
-335.32,0.79791,0.7974,0.99609,0.00064332
-336.11,0.79791,0.79741,0.9961,0.00063283
-336.9,0.79792,0.79743,0.99612,0.0006224
-337.84,0.79793,0.79745,0.99615,0.00061014
-338.91,0.79795,0.79747,0.99619,0.00059663
-340.03,0.79797,0.7975,0.99623,0.00058271
-341.15,0.79799,0.79754,0.99627,0.00056919
-342.23,0.79801,0.79757,0.99632,0.00055639
-343.28,0.79804,0.7976,0.99636,0.00054426
-344.31,0.79806,0.79763,0.99641,0.00053249
-345.35,0.79808,0.79767,0.99646,0.000521
-346.39,0.7981,0.7977,0.9965,0.00050978
-347.35,0.79813,0.79773,0.99654,0.00049957
-348.12,0.79815,0.79775,0.99659,0.00049152
-348.57,0.79817,0.79778,0.99662,0.00048697
-348.54,0.79818,0.79779,0.99664,0.0004872
-348.01,0.79819,0.79779,0.99665,0.00049274
-346.99,0.79819,0.79779,0.99664,0.00050343
-344.7,0.79817,0.79775,0.9966,0.0005282
-342.09,0.79814,0.79769,0.99653,0.00055798
-339.63,0.7981,0.79763,0.99644,0.00058768
-337.56,0.79805,0.79756,0.99634,0.00061377
-336.14,0.79801,0.79751,0.99627,0.00063245
-335.15,0.79798,0.79746,0.9962,0.00064567
-334.62,0.79795,0.79743,0.99614,0.0006529
-334.5,0.79792,0.7974,0.99611,0.00065454
-334.64,0.79792,0.79739,0.99609,0.00065267
-334.94,0.79791,0.79739,0.99609,0.00064852
-335.4,0.79791,0.7974,0.99609,0.00064225
-336.04,0.79791,0.79741,0.9961,0.00063375
-336.86,0.79792,0.79743,0.99612,0.00062281
-337.87,0.79794,0.79745,0.99615,0.00060977
-339.01,0.79795,0.79748,0.99619,0.00059534
-340.21,0.79797,0.79751,0.99624,0.00058049
-341.36,0.79799,0.79754,0.99628,0.00056664
-342.47,0.79802,0.79758,0.99633,0.00055356
-343.55,0.79804,0.79761,0.99638,0.00054113
-344.63,0.79807,0.79764,0.99642,0.00052901
-345.64,0.79809,0.79767,0.99647,0.00051784
-346.64,0.79811,0.7977,0.99651,0.00050707
-347.55,0.79813,0.79773,0.99655,0.00049749
-348.25,0.79815,0.79776,0.99659,0.00049023
-348.6,0.79817,0.79778,0.99662,0.00048656
-348.53,0.79818,0.79779,0.99664,0.00048736
-347.98,0.79819,0.79779,0.99665,0.00049301
-346.99,0.79819,0.79779,0.99665,0.00050334
-345.14,0.79818,0.79776,0.99661,0.0005234
-342.99,0.79815,0.79772,0.99656,0.00054755
-340.86,0.79812,0.79766,0.99649,0.00057271
-338.92,0.79808,0.79761,0.99641,0.00059645
-337.3,0.79804,0.79755,0.99633,0.00061721
-336.03,0.79801,0.7975,0.99626,0.00063393
-335.14,0.79797,0.79746,0.99619,0.00064584
-334.65,0.79795,0.79743,0.99614,0.00065258
-334.51,0.79793,0.79741,0.99611,0.00065438
-334.66,0.79792,0.7974,0.99609,0.00065236
-335.04,0.79791,0.79739,0.99609,0.00064721
-335.64,0.79791,0.7974,0.99609,0.00063907
-336.39,0.79792,0.79742,0.99611,0.00062906
-337.35,0.79793,0.79744,0.99614,0.00061648
-338.49,0.79794,0.79746,0.99617,0.00060187
-339.74,0.79796,0.7975,0.99622,0.00058629
-340.84,0.79798,0.79753,0.99626,0.00057283
-341.92,0.79801,0.79756,0.9963,0.00056001
-342.96,0.79803,0.79759,0.99635,0.00054791
-343.98,0.79805,0.79762,0.9964,0.00053627
-345.01,0.79807,0.79766,0.99644,0.00052473
-346.06,0.7981,0.79769,0.99649,0.00051332
-347.06,0.79812,0.79772,0.99653,0.0005026
-347.92,0.79814,0.79775,0.99657,0.00049363
-348.53,0.79816,0.79777,0.99661,0.00048732
-348.59,0.79818,0.79779,0.99664,0.00048668
-348.02,0.79819,0.79779,0.99665,0.0004926
-346.85,0.79819,0.79778,0.99664,0.00050486
-344.75,0.79817,0.79775,0.9966,0.00052771
-342.37,0.79814,0.7977,0.99654,0.00055475
-340.09,0.79811,0.79764,0.99646,0.00058205
-338.11,0.79806,0.79758,0.99637,0.00060679
-336.41,0.79802,0.79752,0.99628,0.0006288
-335.25,0.79798,0.79747,0.99621,0.00064434
-334.64,0.79795,0.79743,0.99614,0.00065263
-334.53,0.79792,0.7974,0.9961,0.00065412
-334.69,0.79791,0.79739,0.99609,0.0006519
-335.02,0.79791,0.79739,0.99609,0.00064742
-335.51,0.79791,0.7974,0.99609,0.0006408
-336.18,0.79792,0.79741,0.99611,0.0006319
-337.04,0.79792,0.79743,0.99613,0.00062057
-338.07,0.79794,0.79745,0.99616,0.0006072
-339.23,0.79796,0.79748,0.9962,0.0005926
-340.44,0.79798,0.79752,0.99624,0.00057775
-341.56,0.798,0.79755,0.99629,0.00056431
-342.64,0.79802,0.79758,0.99634,0.0005516
-343.7,0.79805,0.79761,0.99638,0.00053948
-344.75,0.79807,0.79765,0.99643,0.0005276
-345.76,0.79809,0.79768,0.99647,0.0005166
-346.74,0.79811,0.79771,0.99652,0.00050605
-347.62,0.79813,0.79774,0.99656,0.00049673
-348.29,0.79815,0.79776,0.9966,0.00048976
-348.63,0.79817,0.79778,0.99663,0.00048633
-348.53,0.79818,0.79779,0.99665,0.00048728
-347.98,0.79819,0.79779,0.99665,0.00049298
-347,0.79819,0.79779,0.99665,0.00050324
-345.14,0.79818,0.79776,0.99661,0.00052332
-343,0.79815,0.79772,0.99656,0.00054748
-340.86,0.79812,0.79766,0.99649,0.00057264
-338.93,0.79808,0.79761,0.99641,0.00059637
-337.3,0.79804,0.79755,0.99633,0.00061712
-336.03,0.79801,0.7975,0.99626,0.00063381
-335.15,0.79797,0.79746,0.99619,0.00064569
-334.66,0.79795,0.79743,0.99614,0.00065241
-334.53,0.79793,0.79741,0.99611,0.00065418
-334.68,0.79792,0.7974,0.99609,0.00065214
-335.06,0.79791,0.79739,0.99609,0.00064697
-335.66,0.79791,0.7974,0.99609,0.00063881
-336.45,0.79792,0.79742,0.99611,0.00062828
-337.47,0.79793,0.79744,0.99614,0.00061497
-338.67,0.79795,0.79747,0.99618,0.00059956
-339.98,0.79797,0.7975,0.99623,0.00058326
-341.06,0.79799,0.79753,0.99627,0.00057021
-342.11,0.79801,0.79757,0.99631,0.00055782
-343.12,0.79803,0.7976,0.99636,0.00054608
-344.12,0.79805,0.79763,0.9964,0.00053474
-345.13,0.79808,0.79766,0.99645,0.00052346
-346.15,0.7981,0.79769,0.99649,0.00051234
-347.13,0.79812,0.79772,0.99653,0.00050194
-347.95,0.79814,0.79775,0.99657,0.00049327
-348.54,0.79816,0.79777,0.99661,0.0004872
-348.61,0.79818,0.79779,0.99664,0.00048651
-348.08,0.79819,0.7978,0.99665,0.00049201
-346.97,0.79819,0.79779,0.99665,0.00050356
-345.01,0.79818,0.79776,0.99661,0.00052478
-342.76,0.79815,0.79771,0.99655,0.00055021
-340.55,0.79811,0.79765,0.99647,0.00057638
-338.59,0.79807,0.7976,0.99639,0.00060068
-336.84,0.79803,0.79754,0.99631,0.00062313
-335.57,0.79799,0.79748,0.99623,0.00063997
-334.81,0.79796,0.79744,0.99616,0.00065029
-334.53,0.79793,0.79741,0.99612,0.00065411
-334.59,0.79792,0.7974,0.9961,0.00065327
-334.84,0.79791,0.79739,0.99609,0.00064985
-335.26,0.79791,0.7974,0.99609,0.00064416
-335.86,0.79791,0.79741,0.9961,0.00063614
-336.66,0.79792,0.79742,0.99612,0.00062555
-337.65,0.79793,0.79744,0.99615,0.00061259
-338.81,0.79795,0.79747,0.99618,0.00059791
-340.04,0.79797,0.79751,0.99623,0.00058256
-341.12,0.79799,0.79754,0.99627,0.0005695
-342.17,0.79801,0.79757,0.99632,0.00055711
-343.18,0.79803,0.7976,0.99636,0.00054537
-344.18,0.79806,0.79763,0.9964,0.00053401
-345.2,0.79808,0.79766,0.99645,0.0005227
-346.22,0.7981,0.79769,0.99649,0.00051157
-347.19,0.79812,0.79772,0.99654,0.00050122
-348.01,0.79814,0.79775,0.99658,0.00049271
-348.56,0.79816,0.79777,0.99662,0.00048703
-348.61,0.79818,0.79779,0.99664,0.00048653
-348.08,0.79819,0.7978,0.99665,0.00049194
-347.01,0.79819,0.79779,0.99665,0.00050314
-345.04,0.79818,0.79776,0.99661,0.00052447
-342.77,0.79815,0.79771,0.99655,0.00055015
-340.53,0.79811,0.79765,0.99647,0.0005766
-338.55,0.79807,0.79759,0.99639,0.00060111
-336.81,0.79803,0.79753,0.99631,0.00062351
-335.55,0.79799,0.79748,0.99623,0.00064025
-334.8,0.79796,0.79744,0.99616,0.00065043
-334.53,0.79793,0.79741,0.99612,0.0006541
-334.6,0.79792,0.7974,0.9961,0.00065316
-334.85,0.79791,0.79739,0.99609,0.00064971
-335.27,0.79791,0.7974,0.99609,0.00064402
-335.87,0.79791,0.79741,0.9961,0.00063602
-336.66,0.79792,0.79742,0.99612,0.00062549
-337.65,0.79793,0.79744,0.99615,0.00061261
-338.79,0.79795,0.79747,0.99618,0.00059804
-340.02,0.79797,0.7975,0.99623,0.00058281
-341.22,0.79799,0.79754,0.99628,0.00056831
-342.38,0.79802,0.79757,0.99632,0.00055462
-343.5,0.79804,0.79761,0.99637,0.00054166
-344.62,0.79807,0.79764,0.99642,0.00052908
-345.65,0.79809,0.79767,0.99647,0.00051777
-346.66,0.79811,0.79771,0.99651,0.00050686
-347.58,0.79813,0.79774,0.99656,0.00049717
-348.28,0.79815,0.79776,0.99659,0.00048986
-348.63,0.79817,0.79778,0.99663,0.00048626
-348.55,0.79818,0.79779,0.99665,0.00048715
-347.99,0.79819,0.7978,0.99665,0.0004929
-346.99,0.79819,0.79779,0.99665,0.00050333
-345.13,0.79818,0.79776,0.99661,0.00052343
-342.99,0.79815,0.79772,0.99656,0.00054756
-340.86,0.79812,0.79766,0.99649,0.00057265
-338.93,0.79808,0.79761,0.99641,0.00059632
-337.31,0.79804,0.79755,0.99633,0.00061701
-336.04,0.79801,0.7975,0.99626,0.00063367
-335.16,0.79797,0.79746,0.9962,0.00064554
-334.67,0.79795,0.79743,0.99614,0.00065227
-334.54,0.79793,0.79741,0.99611,0.00065407
-334.68,0.79792,0.7974,0.99609,0.00065206
-335.06,0.79791,0.79739,0.99609,0.00064692
-335.66,0.79791,0.7974,0.99609,0.00063879
-336.41,0.79792,0.79742,0.99611,0.00062881
-337.37,0.79793,0.79744,0.99614,0.00061627
-338.5,0.79794,0.79746,0.99617,0.00060171
-339.75,0.79796,0.7975,0.99622,0.00058617
-340.85,0.79799,0.79753,0.99626,0.00057269
-341.93,0.79801,0.79756,0.99631,0.00055985
-342.97,0.79803,0.79759,0.99635,0.00054773
-344,0.79805,0.79762,0.9964,0.00053608
-345.03,0.79807,0.79766,0.99644,0.00052453
-346.08,0.7981,0.79769,0.99649,0.00051311
-347.08,0.79812,0.79772,0.99653,0.00050238
-347.94,0.79814,0.79775,0.99657,0.00049341
-348.55,0.79816,0.79777,0.99661,0.00048713
-348.61,0.79818,0.79779,0.99664,0.00048652
-348.03,0.79819,0.7978,0.99665,0.00049244
-346.87,0.79819,0.79779,0.99664,0.0005047
-344.75,0.79817,0.79775,0.9966,0.00052762
-342.37,0.79814,0.7977,0.99654,0.00055476
-340.08,0.79811,0.79764,0.99646,0.00058214
-338.1,0.79806,0.79758,0.99637,0.00060691
-336.67,0.79803,0.79753,0.9963,0.00062537
-335.6,0.79799,0.79748,0.99623,0.0006396
-334.91,0.79796,0.79744,0.99617,0.00064901
-334.57,0.79794,0.79742,0.99613,0.00065355
-334.56,0.79792,0.7974,0.9961,0.0006537
-334.81,0.79791,0.79739,0.99609,0.00065036
-335.27,0.79791,0.7974,0.99609,0.00064405
-335.96,0.79791,0.79741,0.9961,0.00063473
-336.71,0.79792,0.79742,0.99612,0.0006248
-337.63,0.79793,0.79744,0.99615,0.00061289
-338.68,0.79795,0.79747,0.99618,0.00059951
-339.8,0.79797,0.7975,0.99622,0.00058549
-340.94,0.79799,0.79753,0.99626,0.00057171
-342.04,0.79801,0.79756,0.99631,0.00055862
-343.1,0.79803,0.7976,0.99636,0.00054627
-344.15,0.79806,0.79763,0.9964,0.00053437
-345.22,0.79808,0.79766,0.99645,0.00052247
-346.29,0.7981,0.79769,0.9965,0.00051078
-347.31,0.79813,0.79773,0.99654,0.00050003
-348.13,0.79815,0.79775,0.99658,0.00049148
-348.6,0.79817,0.79778,0.99662,0.00048661
-348.58,0.79818,0.79779,0.99664,0.00048679
-348.02,0.79819,0.7978,0.99665,0.00049262
-346.94,0.79819,0.79779,0.99665,0.0005039
-344.89,0.79817,0.79775,0.99661,0.00052613
-342.55,0.79815,0.79771,0.99654,0.00055265
-340.28,0.79811,0.79765,0.99646,0.00057967
-338.3,0.79807,0.79759,0.99638,0.00060438
-336.69,0.79803,0.79753,0.9963,0.00062516
-335.52,0.79799,0.79748,0.99623,0.00064073
-334.81,0.79796,0.79744,0.99616,0.00065033
-334.54,0.79793,0.79741,0.99612,0.00065402
-334.59,0.79792,0.7974,0.9961,0.00065329
-334.84,0.79791,0.79739,0.99609,0.00064995
-335.25,0.79791,0.7974,0.99609,0.00064431
-335.84,0.79791,0.79741,0.9961,0.00063634
-336.64,0.79792,0.79742,0.99612,0.00062578
-337.63,0.79793,0.79744,0.99615,0.00061281
-338.79,0.79795,0.79747,0.99618,0.0005981
-340.03,0.79797,0.7975,0.99623,0.00058271
-341.11,0.79799,0.79754,0.99627,0.00056963
-342.16,0.79801,0.79757,0.99632,0.00055723
-343.17,0.79803,0.7976,0.99636,0.00054547
-344.17,0.79806,0.79763,0.9964,0.0005341
-345.19,0.79808,0.79766,0.99645,0.00052278
-346.21,0.7981,0.79769,0.99649,0.00051165
-347.19,0.79812,0.79772,0.99654,0.00050128
-348,0.79814,0.79775,0.99658,0.00049274
-348.56,0.79816,0.79777,0.99662,0.00048701
-348.61,0.79818,0.79779,0.99664,0.00048649
-348.08,0.79819,0.7978,0.99665,0.00049192
-347.01,0.79819,0.79779,0.99665,0.00050318
-345.03,0.79818,0.79776,0.99661,0.00052452
-342.76,0.79815,0.79771,0.99655,0.0005502
-340.53,0.79811,0.79765,0.99647,0.00057664
-338.55,0.79807,0.79759,0.99639,0.00060113
-336.81,0.79803,0.79753,0.99631,0.0006236
-335.55,0.79799,0.79748,0.99623,0.00064036
-334.8,0.79796,0.79744,0.99616,0.00065049
-334.54,0.79793,0.79741,0.99611,0.00065407
-334.61,0.79792,0.7974,0.9961,0.00065308
-334.86,0.79791,0.79739,0.99609,0.00064959
-335.28,0.79791,0.7974,0.99609,0.00064389
-335.88,0.79791,0.79741,0.9961,0.0006359
-336.67,0.79792,0.79742,0.99612,0.00062539
-337.65,0.79793,0.79744,0.99615,0.00061256
-338.79,0.79795,0.79747,0.99618,0.00059804
-340.02,0.79797,0.7975,0.99623,0.00058287
-341.21,0.79799,0.79754,0.99628,0.00056837
-342.37,0.79802,0.79757,0.99632,0.00055468
-343.5,0.79804,0.79761,0.99637,0.00054173
-344.61,0.79807,0.79764,0.99642,0.00052915
-345.64,0.79809,0.79767,0.99647,0.00051783
-346.66,0.79811,0.79771,0.99651,0.00050691
-347.58,0.79813,0.79773,0.99656,0.00049719
-348.28,0.79815,0.79776,0.99659,0.00048986
-348.64,0.79817,0.79778,0.99663,0.00048625
-348.55,0.79818,0.79779,0.99665,0.00048712
-347.99,0.79819,0.7978,0.99665,0.00049287
-347,0.79819,0.79779,0.99665,0.00050331
-345.14,0.79818,0.79776,0.99661,0.0005234
-342.99,0.79815,0.79772,0.99656,0.00054753
-340.86,0.79812,0.79766,0.99649,0.00057262
-338.94,0.79808,0.79761,0.99641,0.00059629
-337.31,0.79804,0.79755,0.99633,0.00061698
-336.05,0.79801,0.7975,0.99626,0.00063365
-335.16,0.79797,0.79746,0.9962,0.00064552
-334.67,0.79795,0.79743,0.99614,0.00065225
-334.54,0.79793,0.79741,0.99611,0.00065405
-334.68,0.79792,0.7974,0.99609,0.00065204
-335.06,0.79791,0.79739,0.99609,0.00064689
-335.66,0.79791,0.7974,0.99609,0.00063877
-336.41,0.79792,0.79742,0.99611,0.00062879
-337.37,0.79793,0.79744,0.99614,0.00061624
-338.51,0.79794,0.79746,0.99617,0.00060167
-339.75,0.79796,0.7975,0.99622,0.00058613
-340.86,0.79799,0.79753,0.99626,0.00057265
-341.93,0.79801,0.79756,0.99631,0.00055982
-342.98,0.79803,0.79759,0.99635,0.00054771
-344,0.79805,0.79762,0.9964,0.00053606
-345.03,0.79807,0.79766,0.99644,0.00052451
-346.08,0.7981,0.79769,0.99649,0.0005131
-347.08,0.79812,0.79772,0.99653,0.00050237
-347.94,0.79814,0.79775,0.99657,0.0004934
-348.55,0.79816,0.79777,0.99661,0.00048712
-348.61,0.79818,0.79779,0.99664,0.0004865
-348.04,0.79819,0.7978,0.99665,0.00049242
-346.87,0.79819,0.79779,0.99664,0.00050468
-344.76,0.79817,0.79775,0.9966,0.0005276
-342.37,0.79814,0.7977,0.99654,0.00055471
-340.08,0.79811,0.79764,0.99646,0.00058208
-338.1,0.79806,0.79758,0.99637,0.00060685
-336.66,0.79803,0.79753,0.9963,0.00062547
-335.59,0.79799,0.79748,0.99623,0.00063977
-334.89,0.79796,0.79744,0.99617,0.00064917
-334.57,0.79794,0.79742,0.99613,0.00065361
-334.57,0.79792,0.7974,0.9961,0.00065361
-334.83,0.79791,0.79739,0.99609,0.00065008
-335.31,0.79791,0.7974,0.99609,0.00064353
-336.02,0.79791,0.79741,0.9961,0.00063391
-336.79,0.79792,0.79742,0.99612,0.00062382
-337.71,0.79793,0.79745,0.99615,0.00061178
-338.77,0.79795,0.79747,0.99618,0.00059836
-339.89,0.79797,0.7975,0.99622,0.00058436
-341.02,0.79799,0.79753,0.99627,0.00057067
-342.12,0.79801,0.79757,0.99631,0.00055768
-343.18,0.79803,0.7976,0.99636,0.0005454
-344.22,0.79806,0.79763,0.99641,0.00053355
-345.28,0.79808,0.79766,0.99645,0.0005218
-346.34,0.7981,0.7977,0.9965,0.00051029
-347.33,0.79813,0.79773,0.99654,0.00049974
-348.14,0.79815,0.79776,0.99659,0.00049136
-348.6,0.79817,0.79778,0.99662,0.00048659
-348.58,0.79818,0.79779,0.99664,0.00048677
-348.03,0.79819,0.7978,0.99665,0.00049247
-346.98,0.79819,0.79779,0.99665,0.00050352
-344.64,0.79817,0.79775,0.9966,0.00052894
-341.98,0.79814,0.79769,0.99652,0.0005593
-339.5,0.79809,0.79762,0.99643,0.00058932
-337.44,0.79805,0.79756,0.99634,0.00061541
-335.97,0.79801,0.7975,0.99626,0.00063463
-335.02,0.79797,0.79745,0.99619,0.00064748
-334.58,0.79794,0.79742,0.99613,0.00065352
-334.58,0.79792,0.7974,0.9961,0.00065347
-334.8,0.79791,0.79739,0.99609,0.00065046
-335.18,0.79791,0.7974,0.99609,0.00064527
-335.73,0.79791,0.7974,0.9961,0.00063788
-336.46,0.79792,0.79742,0.99611,0.00062818
-337.37,0.79793,0.79744,0.99614,0.0006162
-338.44,0.79794,0.79746,0.99617,0.00060247
-339.61,0.79796,0.79749,0.99621,0.00058785
-340.81,0.79798,0.79753,0.99626,0.00057328
-341.89,0.79801,0.79756,0.9963,0.0005604
-342.93,0.79803,0.79759,0.99635,0.00054821
-343.96,0.79805,0.79762,0.9964,0.00053646
-345,0.79807,0.79766,0.99644,0.00052489
-345.98,0.7981,0.79768,0.99648,0.00051414
-346.93,0.79812,0.79771,0.99653,0.00050396
-347.77,0.79814,0.79774,0.99657,0.00049518
-348.38,0.79816,0.79777,0.9966,0.00048885
-348.65,0.79817,0.79778,0.99663,0.0004861
-348.51,0.79818,0.79779,0.99665,0.00048758
-347.92,0.79819,0.79779,0.99665,0.00049358
-346.94,0.79819,0.79779,0.99665,0.00050388
-344.69,0.79817,0.79775,0.9966,0.00052832
-342.14,0.79814,0.7977,0.99653,0.00055746
-339.72,0.7981,0.79763,0.99644,0.00058652
-337.69,0.79805,0.79757,0.99635,0.00061219
-336.21,0.79801,0.79751,0.99627,0.00063144
-335.2,0.79798,0.79746,0.9962,0.00064505
-334.65,0.79795,0.79743,0.99614,0.00065246
-334.54,0.79793,0.7974,0.99611,0.00065407
-334.68,0.79792,0.7974,0.99609,0.00065213
-334.98,0.79791,0.79739,0.99609,0.00064795
-335.45,0.79791,0.7974,0.99609,0.00064165
-336.08,0.79791,0.79741,0.9961,0.00063313
-336.91,0.79792,0.79743,0.99613,0.00062218
-337.92,0.79794,0.79745,0.99616,0.00060915
-339.06,0.79795,0.79748,0.99619,0.00059475
-340.26,0.79797,0.79751,0.99624,0.00057995
-341.4,0.798,0.79754,0.99628,0.00056615
-342.51,0.79802,0.79758,0.99633,0.00055313
-343.58,0.79804,0.79761,0.99638,0.00054074
-344.66,0.79807,0.79764,0.99643,0.00052865
-345.67,0.79809,0.79768,0.99647,0.0005175
-346.67,0.79811,0.79771,0.99651,0.00050676
-347.58,0.79813,0.79773,0.99656,0.0004972
-348.27,0.79815,0.79776,0.99659,0.00048996
-348.63,0.79817,0.79778,0.99662,0.0004863
-348.55,0.79818,0.79779,0.99665,0.0004871
-348,0.79819,0.7978,0.99665,0.00049275
-347.02,0.79819,0.79779,0.99665,0.00050308
-345.16,0.79818,0.79776,0.99661,0.00052313
-343.02,0.79815,0.79772,0.99656,0.00054727
-340.88,0.79812,0.79766,0.99649,0.00057242
-338.95,0.79808,0.79761,0.99641,0.00059616
-337.32,0.79805,0.79755,0.99633,0.00061692
-336.05,0.79801,0.7975,0.99626,0.00063363
-335.16,0.79797,0.79746,0.9962,0.00064554
-334.67,0.79795,0.79743,0.99614,0.00065228
-334.54,0.79793,0.79741,0.99611,0.00065408
-334.68,0.79792,0.7974,0.99609,0.00065207
-335.06,0.79791,0.79739,0.99609,0.00064692
-335.66,0.79791,0.7974,0.99609,0.00063879
-336.41,0.79792,0.79742,0.99611,0.00062874
-337.38,0.79793,0.79744,0.99614,0.0006161
-338.53,0.79795,0.79747,0.99618,0.00060143
-339.78,0.79797,0.7975,0.99622,0.0005858
-340.88,0.79799,0.79753,0.99626,0.0005724
-341.95,0.79801,0.79756,0.99631,0.00055965
-342.98,0.79803,0.79759,0.99635,0.0005476
-344,0.79805,0.79762,0.9964,0.00053602
-345.03,0.79807,0.79766,0.99644,0.00052453
-346.07,0.7981,0.79769,0.99649,0.00051317
-347.07,0.79812,0.79772,0.99653,0.00050249
-347.93,0.79814,0.79775,0.99657,0.00049354
-348.54,0.79816,0.79777,0.99661,0.00048718
-348.61,0.79818,0.79779,0.99664,0.0004865
-348.04,0.79819,0.7978,0.99665,0.0004924
-346.87,0.79819,0.79779,0.99664,0.00050468
-344.78,0.79817,0.79775,0.9966,0.00052734
-342.42,0.79814,0.7977,0.99654,0.00055418
-340.15,0.79811,0.79764,0.99646,0.00058132
-338.17,0.79807,0.79758,0.99637,0.00060598
-336.42,0.79802,0.79752,0.99628,0.00062869
-335.24,0.79798,0.79747,0.99621,0.00064454
-334.64,0.79795,0.79742,0.99614,0.00065272
-334.56,0.79792,0.7974,0.9961,0.00065378
-334.74,0.79791,0.79739,0.99609,0.00065121
-335.1,0.79791,0.79739,0.99609,0.00064637
-335.62,0.79791,0.7974,0.99609,0.00063931
-336.33,0.79792,0.79741,0.99611,0.0006299
-337.23,0.79793,0.79743,0.99613,0.00061801
-338.31,0.79794,0.79746,0.99617,0.00060418
-339.49,0.79796,0.79749,0.99621,0.0005893
-340.72,0.79798,0.79752,0.99626,0.00057437
-341.81,0.798,0.79756,0.9963,0.00056133
-342.86,0.79803,0.79759,0.99635,0.00054899
-343.9,0.79805,0.79762,0.99639,0.00053713
-344.95,0.79807,0.79765,0.99644,0.00052547
-345.93,0.79809,0.79768,0.99648,0.00051466
-346.89,0.79812,0.79771,0.99652,0.0005044
-347.74,0.79814,0.79774,0.99656,0.0004955
-348.37,0.79816,0.79776,0.9966,0.00048902
-348.65,0.79817,0.79778,0.99663,0.00048611
-348.52,0.79818,0.79779,0.99665,0.00048746
-347.94,0.79819,0.7978,0.99665,0.00049338
-346.96,0.79819,0.79779,0.99665,0.00050365
-344.86,0.79817,0.79775,0.99661,0.00052643
-342.46,0.79814,0.7977,0.99654,0.00055368
-340.15,0.79811,0.79764,0.99646,0.00058132
-338.14,0.79806,0.79758,0.99637,0.00060639
-336.53,0.79802,0.79752,0.99629,0.00062721
-335.39,0.79799,0.79747,0.99622,0.00064244
-334.74,0.79795,0.79743,0.99616,0.00065134
-334.53,0.79793,0.79741,0.99611,0.00065412
-334.63,0.79792,0.7974,0.9961,0.00065279
-334.9,0.79791,0.79739,0.99609,0.00064909
-335.33,0.79791,0.7974,0.99609,0.00064323
-335.93,0.79791,0.79741,0.9961,0.00063514
-336.73,0.79792,0.79742,0.99612,0.00062458
-337.71,0.79793,0.79745,0.99615,0.00061178
-338.85,0.79795,0.79747,0.99619,0.0005974
-340.05,0.79797,0.79751,0.99623,0.00058243
-341.24,0.79799,0.79754,0.99628,0.0005681
-342.38,0.79802,0.79757,0.99632,0.00055457
-343.5,0.79804,0.79761,0.99637,0.00054175
-344.6,0.79807,0.79764,0.99642,0.0005293
-345.63,0.79809,0.79767,0.99647,0.00051799
-346.64,0.79811,0.7977,0.99651,0.00050708
-347.56,0.79813,0.79773,0.99655,0.00049735
-348.27,0.79815,0.79776,0.99659,0.00048997
-348.63,0.79817,0.79778,0.99662,0.00048628
-348.55,0.79818,0.79779,0.99665,0.00048709
-348,0.79819,0.7978,0.99665,0.0004928
-347,0.79819,0.79779,0.99665,0.00050322
-345.14,0.79818,0.79776,0.99661,0.0005233
-343,0.79815,0.79772,0.99656,0.00054743
-340.87,0.79812,0.79766,0.99649,0.00057255
-338.94,0.79808,0.79761,0.99641,0.00059624
-337.32,0.79804,0.79755,0.99633,0.00061696
-336.05,0.79801,0.7975,0.99626,0.00063364
-335.16,0.79797,0.79746,0.9962,0.00064552
-334.67,0.79795,0.79743,0.99614,0.00065226
-334.54,0.79793,0.79741,0.99611,0.00065406
-334.68,0.79792,0.7974,0.99609,0.00065205
-335.06,0.79791,0.79739,0.99609,0.0006469
-335.66,0.79791,0.7974,0.99609,0.00063878
-336.41,0.79792,0.79742,0.99611,0.00062879
-337.37,0.79793,0.79744,0.99614,0.00061623
-338.51,0.79794,0.79746,0.99617,0.00060166
-339.75,0.79796,0.7975,0.99622,0.00058611
-340.86,0.79799,0.79753,0.99626,0.00057264
-341.94,0.79801,0.79756,0.99631,0.00055981
-342.98,0.79803,0.79759,0.99635,0.0005477
-344,0.79805,0.79762,0.9964,0.00053606
-345.03,0.79807,0.79766,0.99644,0.00052452
-346.08,0.7981,0.79769,0.99649,0.00051311
-347.08,0.79812,0.79772,0.99653,0.00050239
-347.94,0.79814,0.79775,0.99657,0.00049342
-348.55,0.79816,0.79777,0.99661,0.00048713
-348.61,0.79818,0.79779,0.99664,0.00048651
-348.04,0.79819,0.7978,0.99665,0.00049242
-346.87,0.79819,0.79779,0.99664,0.00050469
-344.76,0.79817,0.79775,0.9966,0.00052758
-342.38,0.79814,0.7977,0.99654,0.00055467
-340.09,0.79811,0.79764,0.99646,0.00058201
-338.11,0.79806,0.79758,0.99637,0.00060677
-336.64,0.79803,0.79753,0.99629,0.00062585
-335.55,0.79799,0.79748,0.99623,0.00064036
-334.86,0.79796,0.79744,0.99617,0.00064968
-334.56,0.79794,0.79741,0.99612,0.0006538
-334.59,0.79792,0.7974,0.9961,0.00065335
-334.89,0.79791,0.79739,0.99609,0.00064927
-335.42,0.79791,0.7974,0.99609,0.00064202
-336.21,0.79792,0.79741,0.99611,0.0006315
-337.01,0.79792,0.79743,0.99613,0.00062096
-337.96,0.79794,0.79745,0.99616,0.00060863
-339.03,0.79795,0.79748,0.99619,0.00059512
-340.15,0.79797,0.79751,0.99623,0.00058125
-341.26,0.79799,0.79754,0.99628,0.00056781
-342.34,0.79802,0.79757,0.99632,0.0005551
-343.38,0.79804,0.7976,0.99637,0.00054304
-344.42,0.79806,0.79764,0.99642,0.00053133
-345.45,0.79808,0.79767,0.99646,0.00051995
-346.47,0.79811,0.7977,0.9965,0.00050886
-347.42,0.79813,0.79773,0.99655,0.0004988
-348.18,0.79815,0.79776,0.99659,0.00049092
-348.61,0.79817,0.79778,0.99662,0.0004865
-348.58,0.79818,0.79779,0.99664,0.0004868
-348.05,0.79819,0.7978,0.99665,0.00049231
-347.04,0.79819,0.79779,0.99665,0.00050288
-344.74,0.79817,0.79775,0.9966,0.00052783
-342.1,0.79814,0.79769,0.99653,0.00055787
-339.62,0.7981,0.79763,0.99644,0.00058778
-337.55,0.79805,0.79756,0.99634,0.00061396
-336.13,0.79801,0.79751,0.99626,0.0006326
-335.15,0.79798,0.79746,0.9962,0.00064566
-334.64,0.79795,0.79743,0.99614,0.00065265
-334.54,0.79792,0.7974,0.99611,0.00065401
-334.69,0.79792,0.7974,0.99609,0.00065197
-335,0.79791,0.79739,0.99609,0.0006477
-335.47,0.79791,0.7974,0.99609,0.00064131
-336.12,0.79792,0.79741,0.9961,0.0006327
-336.95,0.79792,0.79743,0.99613,0.00062168
-337.96,0.79794,0.79745,0.99616,0.00060861
-339.1,0.79795,0.79748,0.99619,0.0005942
-340.3,0.79797,0.79751,0.99624,0.00057944
-341.44,0.798,0.79755,0.99628,0.00056574
-342.54,0.79802,0.79758,0.99633,0.00055279
-343.61,0.79804,0.79761,0.99638,0.00054048
-344.68,0.79807,0.79765,0.99643,0.00052845
-345.69,0.79809,0.79768,0.99647,0.00051734
-346.68,0.79811,0.79771,0.99651,0.00050663
-347.58,0.79813,0.79774,0.99656,0.00049711
-348.28,0.79815,0.79776,0.99659,0.00048992
-348.63,0.79817,0.79778,0.99662,0.00048628
-348.55,0.79818,0.79779,0.99665,0.0004871
-348,0.79819,0.7978,0.99665,0.00049275
-347.02,0.79819,0.79779,0.99665,0.00050306
-345.16,0.79818,0.79776,0.99661,0.00052311
-343.02,0.79815,0.79772,0.99656,0.00054725
-340.88,0.79812,0.79766,0.99649,0.00057241
-338.95,0.79808,0.79761,0.99641,0.00059615
-337.32,0.79805,0.79755,0.99633,0.00061691
-336.05,0.79801,0.7975,0.99626,0.00063363
-335.16,0.79797,0.79746,0.9962,0.00064554
-334.67,0.79795,0.79743,0.99614,0.00065228
-334.54,0.79793,0.79741,0.99611,0.00065407
-334.68,0.79792,0.7974,0.99609,0.00065205
-335.06,0.79791,0.79739,0.99609,0.00064691
-335.66,0.79791,0.7974,0.99609,0.00063877
-336.42,0.79792,0.79742,0.99611,0.00062867
-337.39,0.79793,0.79744,0.99614,0.00061597
-338.54,0.79795,0.79747,0.99618,0.00060123
-339.8,0.79797,0.7975,0.99622,0.00058553
-340.9,0.79799,0.79753,0.99626,0.00057219
-341.96,0.79801,0.79756,0.99631,0.00055949
-342.99,0.79803,0.79759,0.99635,0.0005475
-344.01,0.79805,0.79762,0.9964,0.00053596
-345.03,0.79807,0.79766,0.99644,0.00052451
-346.07,0.7981,0.79769,0.99649,0.00051319
-347.07,0.79812,0.79772,0.99653,0.00050254
-347.92,0.79814,0.79775,0.99657,0.0004936
-348.54,0.79816,0.79777,0.99661,0.00048719
-348.61,0.79818,0.79779,0.99664,0.00048649
-348.04,0.79819,0.7978,0.99665,0.00049236
-346.87,0.79819,0.79779,0.99664,0.00050464
-344.8,0.79817,0.79775,0.9966,0.00052713
-342.45,0.79815,0.7977,0.99654,0.00055377
-340.19,0.79811,0.79764,0.99646,0.00058077
-338.22,0.79807,0.79758,0.99637,0.00060535
-336.8,0.79803,0.79753,0.9963,0.00062374
-335.71,0.798,0.79749,0.99624,0.00063814
-334.98,0.79797,0.79745,0.99618,0.00064799
-334.6,0.79794,0.79742,0.99614,0.00065313
-334.55,0.79793,0.7974,0.99611,0.00065394
-334.74,0.79791,0.7974,0.99609,0.00065129
-335.15,0.79791,0.7974,0.99609,0.00064573
-335.77,0.79791,0.7974,0.9961,0.00063733
-336.47,0.79792,0.79742,0.99611,0.00062794
-337.35,0.79793,0.79744,0.99614,0.00061643
-338.38,0.79794,0.79746,0.99617,0.00060322
-339.51,0.79796,0.79749,0.99621,0.00058911
-340.66,0.79798,0.79752,0.99625,0.00057505
-341.78,0.798,0.79756,0.9963,0.00056162
-342.86,0.79803,0.79759,0.99635,0.00054898
-343.92,0.79805,0.79762,0.99639,0.00053688
-345.05,0.79807,0.79766,0.99644,0.00052433
-346.19,0.7981,0.79769,0.99649,0.00051196
-347.26,0.79812,0.79772,0.99654,0.00050052
-348.13,0.79815,0.79775,0.99658,0.00049144
-348.61,0.79817,0.79778,0.99662,0.00048653
-348.56,0.79818,0.79779,0.99664,0.00048698
-347.95,0.79819,0.7978,0.99665,0.00049337
-346.8,0.79819,0.79778,0.99664,0.00050544
-344.8,0.79817,0.79775,0.9966,0.0005271
-342.56,0.79815,0.79771,0.99654,0.00055257
-340.38,0.79811,0.79765,0.99647,0.0005785
-338.45,0.79807,0.79759,0.99639,0.00060239
-336.87,0.79803,0.79754,0.99631,0.00062276
-335.69,0.798,0.79749,0.99624,0.00063847
-334.92,0.79796,0.79745,0.99617,0.0006488
-334.57,0.79794,0.79742,0.99613,0.00065361
-334.58,0.79792,0.7974,0.9961,0.00065352
-334.86,0.79791,0.79739,0.99609,0.0006496
-335.39,0.79791,0.7974,0.99609,0.00064239
-336.18,0.79792,0.79741,0.99611,0.00063178
-336.98,0.79792,0.79743,0.99613,0.0006213
-337.93,0.79794,0.79745,0.99616,0.00060901
-339,0.79795,0.79748,0.99619,0.00059552
-340.12,0.79797,0.79751,0.99623,0.00058164
-341.23,0.79799,0.79754,0.99628,0.00056818
-342.31,0.79801,0.79757,0.99632,0.00055544
-343.35,0.79804,0.7976,0.99637,0.00054336
-344.39,0.79806,0.79764,0.99641,0.00053164
-345.42,0.79808,0.79767,0.99646,0.00052022
-346.45,0.79811,0.7977,0.9965,0.00050908
-347.41,0.79813,0.79773,0.99655,0.00049896
-348.17,0.79815,0.79776,0.99659,0.000491
-348.61,0.79817,0.79778,0.99662,0.00048652
-348.58,0.79818,0.79779,0.99664,0.00048679
-348.05,0.79819,0.7978,0.99665,0.00049231
-347.03,0.79819,0.79779,0.99665,0.00050293
-344.74,0.79817,0.79775,0.9966,0.00052775
-342.13,0.79814,0.79769,0.99653,0.00055761
-339.65,0.7981,0.79763,0.99644,0.00058738
-337.58,0.79805,0.79756,0.99634,0.00061351
-336.16,0.79801,0.79751,0.99627,0.00063214
-335.18,0.79798,0.79746,0.9962,0.0006453
-334.65,0.79795,0.79743,0.99614,0.00065247
-334.54,0.79793,0.7974,0.99611,0.00065406
-334.68,0.79792,0.7974,0.99609,0.00065215
-334.98,0.79791,0.79739,0.99609,0.00064799
-335.44,0.79791,0.7974,0.99609,0.0006417
-336.08,0.79791,0.79741,0.9961,0.00063319
-336.91,0.79792,0.79743,0.99613,0.00062225
-337.91,0.79794,0.79745,0.99616,0.00060921
-339.05,0.79795,0.79748,0.99619,0.0005948
-340.25,0.79797,0.79751,0.99624,0.00057998
-341.4,0.798,0.79754,0.99628,0.00056617
-342.51,0.79802,0.79758,0.99633,0.00055313
-343.58,0.79804,0.79761,0.99638,0.00054073
-344.66,0.79807,0.79764,0.99643,0.00052864
-345.67,0.79809,0.79768,0.99647,0.00051749
-346.67,0.79811,0.79771,0.99651,0.00050674
-347.58,0.79813,0.79773,0.99656,0.00049719
-348.27,0.79815,0.79776,0.99659,0.00048995
-348.63,0.79817,0.79778,0.99662,0.00048629
-348.55,0.79818,0.79779,0.99665,0.00048709
-348.01,0.79819,0.7978,0.99665,0.00049274
-347.02,0.79819,0.79779,0.99665,0.00050307
-345.16,0.79818,0.79776,0.99661,0.00052312
-343.02,0.79815,0.79772,0.99656,0.00054727
-340.88,0.79812,0.79766,0.99649,0.00057242
-338.95,0.79808,0.79761,0.99641,0.00059615
-337.32,0.79805,0.79755,0.99633,0.00061691
-336.05,0.79801,0.7975,0.99626,0.00063362
-335.16,0.79797,0.79746,0.9962,0.00064553
-334.67,0.79795,0.79743,0.99614,0.00065227
-334.54,0.79793,0.79741,0.99611,0.00065407
-334.68,0.79792,0.7974,0.99609,0.00065206
-335.06,0.79791,0.79739,0.99609,0.00064691
-335.66,0.79791,0.7974,0.99609,0.00063878
-336.41,0.79792,0.79742,0.99611,0.00062873
-337.38,0.79793,0.79744,0.99614,0.00061609
-338.53,0.79795,0.79747,0.99618,0.00060142
-339.78,0.79797,0.7975,0.99622,0.00058579
-340.88,0.79799,0.79753,0.99626,0.00057239
-341.95,0.79801,0.79756,0.99631,0.00055964
-342.98,0.79803,0.79759,0.99635,0.0005476
-344,0.79805,0.79762,0.9964,0.00053601
-345.03,0.79807,0.79766,0.99644,0.00052452
-346.07,0.7981,0.79769,0.99649,0.00051316
-347.07,0.79812,0.79772,0.99653,0.00050248
-347.93,0.79814,0.79775,0.99657,0.00049353
-348.55,0.79816,0.79777,0.99661,0.00048717
-348.61,0.79818,0.79779,0.99664,0.0004865
-348.04,0.79819,0.7978,0.99665,0.00049239
-346.87,0.79819,0.79779,0.99664,0.00050467
-344.78,0.79817,0.79775,0.9966,0.00052733
-342.42,0.79814,0.7977,0.99654,0.00055416
-340.15,0.79811,0.79764,0.99646,0.00058131
-338.17,0.79807,0.79758,0.99637,0.00060596
-336.45,0.79802,0.79752,0.99629,0.0006283
-335.27,0.79798,0.79747,0.99621,0.00064407
-334.66,0.79795,0.79743,0.99614,0.00065244
-334.55,0.79792,0.7974,0.9961,0.00065391
-334.71,0.79791,0.79739,0.99609,0.00065163
-335.05,0.79791,0.79739,0.99609,0.00064711
-335.54,0.79791,0.7974,0.99609,0.00064042
-336.21,0.79792,0.79741,0.99611,0.00063145
-337.08,0.79793,0.79743,0.99613,0.00062002
-338.12,0.79794,0.79746,0.99616,0.00060658
-339.28,0.79796,0.79748,0.9962,0.00059193
-340.49,0.79798,0.79752,0.99625,0.00057706
-341.61,0.798,0.79755,0.99629,0.00056369
-342.69,0.79802,0.79758,0.99634,0.00055106
-343.74,0.79805,0.79762,0.99639,0.00053899
-344.79,0.79807,0.79765,0.99643,0.00052716
-345.79,0.79809,0.79768,0.99648,0.0005162
-346.77,0.79811,0.79771,0.99652,0.00050569
-347.65,0.79813,0.79774,0.99656,0.00049645
-348.31,0.79815,0.79776,0.9966,0.00048955
-348.64,0.79817,0.79778,0.99663,0.0004862
-348.54,0.79818,0.79779,0.99665,0.0004872
-347.99,0.79819,0.7978,0.99665,0.00049293
-347.01,0.79819,0.79779,0.99665,0.00050318
-345.15,0.79818,0.79776,0.99661,0.00052328
-343,0.79815,0.79772,0.99656,0.00054744
-340.87,0.79812,0.79766,0.99649,0.00057259
-338.93,0.79808,0.79761,0.99641,0.00059631
-337.31,0.79804,0.79755,0.99633,0.00061704
-336.04,0.79801,0.7975,0.99626,0.00063372
-335.16,0.79797,0.79746,0.9962,0.00064559
-334.67,0.79795,0.79743,0.99614,0.00065229
-334.54,0.79793,0.79741,0.99611,0.00065406
-334.69,0.79792,0.7974,0.99609,0.00065201
-335.07,0.79791,0.79739,0.99609,0.00064683
-335.67,0.79791,0.7974,0.9961,0.00063867
-336.48,0.79792,0.79742,0.99611,0.00062786
-337.53,0.79793,0.79744,0.99614,0.00061416
-338.77,0.79795,0.79747,0.99618,0.00059832
-340.12,0.79797,0.79751,0.99623,0.00058165
-341.18,0.79799,0.79754,0.99627,0.00056878
-342.21,0.79801,0.79757,0.99632,0.00055656
-343.21,0.79803,0.7976,0.99636,0.00054497
-344.2,0.79806,0.79763,0.99641,0.00053374
-345.21,0.79808,0.79766,0.99645,0.00052257
-346.22,0.7981,0.79769,0.99649,0.00051157
-347.18,0.79812,0.79772,0.99654,0.00050133
-347.99,0.79814,0.79775,0.99658,0.00049286
-348.56,0.79816,0.79777,0.99661,0.00048706
-348.62,0.79818,0.79779,0.99664,0.00048645
-348.1,0.79819,0.7978,0.99665,0.00049177
-347.03,0.79819,0.79779,0.99665,0.00050291
-345.11,0.79818,0.79776,0.99661,0.00052369
-342.89,0.79815,0.79771,0.99655,0.00054875
-340.69,0.79812,0.79766,0.99648,0.00057471
-338.72,0.79808,0.7976,0.9964,0.00059896
-337.04,0.79804,0.79754,0.99632,0.00062053
-335.78,0.798,0.79749,0.99624,0.00063727
-334.96,0.79797,0.79745,0.99618,0.00064833
-334.58,0.79794,0.79742,0.99613,0.00065354
-334.57,0.79792,0.7974,0.9961,0.00065358
-334.84,0.79791,0.79739,0.99609,0.00064984
-335.36,0.79791,0.7974,0.99609,0.00064286
-336.13,0.79792,0.79741,0.9961,0.00063255
-336.91,0.79792,0.79743,0.99613,0.00062222
-337.85,0.79794,0.79745,0.99615,0.00061002
-338.91,0.79795,0.79747,0.99619,0.00059656
-340.04,0.79797,0.7975,0.99623,0.00058263
-341.15,0.79799,0.79754,0.99627,0.00056909
-342.24,0.79801,0.79757,0.99632,0.00055627
-343.29,0.79804,0.7976,0.99637,0.00054412
-344.33,0.79806,0.79763,0.99641,0.00053235
-345.37,0.79808,0.79767,0.99646,0.00052082
-346.41,0.7981,0.7977,0.9965,0.00050955
-347.38,0.79813,0.79773,0.99655,0.00049927
-348.16,0.79815,0.79776,0.99659,0.00049115
-348.61,0.79817,0.79778,0.99662,0.00048655
-348.59,0.79818,0.79779,0.99664,0.00048676
-348.04,0.79819,0.7978,0.99665,0.00049233
-347.02,0.79819,0.79779,0.99665,0.0005031
-344.73,0.79817,0.79775,0.9966,0.00052789
-342.12,0.79814,0.79769,0.99653,0.00055767
-339.66,0.7981,0.79763,0.99644,0.00058734
-337.59,0.79805,0.79756,0.99634,0.00061339
-336.16,0.79801,0.79751,0.99627,0.00063216
-335.17,0.79798,0.79746,0.9962,0.00064538
-334.65,0.79795,0.79743,0.99614,0.00065253
-334.54,0.79793,0.7974,0.99611,0.00065403
-334.68,0.79792,0.7974,0.99609,0.00065206
-334.99,0.79791,0.79739,0.99609,0.00064784
-335.46,0.79791,0.7974,0.99609,0.00064151
-336.1,0.79791,0.79741,0.9961,0.00063296
-336.93,0.79792,0.79743,0.99613,0.00062199
-337.94,0.79794,0.79745,0.99616,0.00060894
-339.07,0.79795,0.79748,0.99619,0.00059453
-340.27,0.79797,0.79751,0.99624,0.00057974
-341.41,0.798,0.79754,0.99628,0.00056598
-342.52,0.79802,0.79758,0.99633,0.00055299
-343.59,0.79804,0.79761,0.99638,0.00054062
-344.67,0.79807,0.79764,0.99643,0.00052856
-345.68,0.79809,0.79768,0.99647,0.00051743
-346.68,0.79811,0.79771,0.99651,0.00050669
-347.58,0.79813,0.79774,0.99656,0.00049715
-348.28,0.79815,0.79776,0.99659,0.00048993
-348.63,0.79817,0.79778,0.99662,0.00048628
-348.55,0.79818,0.79779,0.99665,0.00048708
-348.01,0.79819,0.7978,0.99665,0.00049274
-347.02,0.79819,0.79779,0.99665,0.00050306
-345.16,0.79818,0.79776,0.99661,0.00052311
-343.02,0.79815,0.79772,0.99656,0.00054725
-340.88,0.79812,0.79766,0.99649,0.0005724
-338.95,0.79808,0.79761,0.99641,0.00059614
-337.32,0.79805,0.79755,0.99633,0.0006169
-336.05,0.79801,0.7975,0.99626,0.00063362
-335.16,0.79797,0.79746,0.9962,0.00064552
-334.67,0.79795,0.79743,0.99614,0.00065227
-334.54,0.79793,0.79741,0.99611,0.00065407
-334.68,0.79792,0.7974,0.99609,0.00065205
-335.06,0.79791,0.79739,0.99609,0.0006469
-335.66,0.79791,0.7974,0.99609,0.00063877
-336.42,0.79792,0.79742,0.99611,0.0006287
-337.38,0.79793,0.79744,0.99614,0.00061604
-338.53,0.79795,0.79747,0.99618,0.00060134
-339.79,0.79797,0.7975,0.99622,0.00058568
-340.89,0.79799,0.79753,0.99626,0.00057231
-341.96,0.79801,0.79756,0.99631,0.00055958
-342.99,0.79803,0.79759,0.99635,0.00054755
-344,0.79805,0.79762,0.9964,0.00053599
-345.03,0.79807,0.79766,0.99644,0.00052451
-346.07,0.7981,0.79769,0.99649,0.00051317
-347.07,0.79812,0.79772,0.99653,0.0005025
-347.93,0.79814,0.79775,0.99657,0.00049355
-348.54,0.79816,0.79777,0.99661,0.00048717
-348.61,0.79818,0.79779,0.99664,0.00048649
-348.04,0.79819,0.7978,0.99665,0.00049238
-346.87,0.79819,0.79779,0.99664,0.00050466
-344.79,0.79817,0.79775,0.9966,0.00052725
-342.43,0.79814,0.7977,0.99654,0.00055401
-340.16,0.79811,0.79764,0.99646,0.0005811
-338.19,0.79807,0.79758,0.99637,0.00060573
-336.73,0.79803,0.79753,0.9963,0.00062466
-335.63,0.79799,0.79748,0.99623,0.00063926
-334.91,0.79796,0.79745,0.99617,0.00064892
-334.57,0.79794,0.79742,0.99613,0.00065355
-334.57,0.79792,0.7974,0.9961,0.00065366
-334.82,0.79791,0.79739,0.99609,0.00065019
-335.3,0.79791,0.7974,0.99609,0.00064367
-336.02,0.79791,0.79741,0.9961,0.00063403
-336.78,0.79792,0.79742,0.99612,0.00062397
-337.7,0.79793,0.79745,0.99615,0.00061195
-338.75,0.79795,0.79747,0.99618,0.00059854
-339.88,0.79797,0.7975,0.99622,0.00058455
-341.01,0.79799,0.79753,0.99627,0.00057084
-342.1,0.79801,0.79757,0.99631,0.00055784
-343.16,0.79803,0.7976,0.99636,0.00054556
-344.21,0.79806,0.79763,0.99641,0.00053371
-345.27,0.79808,0.79766,0.99645,0.00052193
-346.33,0.7981,0.7977,0.9965,0.00051039
-347.33,0.79813,0.79773,0.99654,0.00049981
-348.13,0.79815,0.79775,0.99659,0.00049139
-348.6,0.79817,0.79778,0.99662,0.0004866
-348.58,0.79818,0.79779,0.99664,0.00048677
-348.03,0.79819,0.7978,0.99665,0.0004925
-346.97,0.79819,0.79779,0.99665,0.00050359
-344.62,0.79817,0.79775,0.9966,0.0005291
-341.96,0.79814,0.79769,0.99652,0.00055955
-339.47,0.79809,0.79762,0.99643,0.00058963
-337.41,0.79805,0.79756,0.99634,0.00061572
-335.96,0.79801,0.7975,0.99625,0.00063474
-335.02,0.79797,0.79745,0.99619,0.00064747
-334.58,0.79794,0.79742,0.99613,0.0006535
-334.58,0.79792,0.7974,0.9961,0.00065352
-334.79,0.79791,0.79739,0.99609,0.00065057
-335.17,0.79791,0.7974,0.99609,0.00064542
-335.71,0.79791,0.7974,0.9961,0.00063809
-336.44,0.79792,0.79742,0.99611,0.00062845
-337.34,0.79793,0.79744,0.99614,0.00061659
-338.4,0.79794,0.79746,0.99617,0.00060297
-339.56,0.79796,0.79749,0.99621,0.00058845
-340.75,0.79798,0.79753,0.99626,0.00057393
