-200,0.75,0.74196,0.90997,0.010723
-197.66,0.7525,0.74402,0.91377,0.011269
-195.34,0.75473,0.7458,0.91711,0.011836
-193.04,0.75672,0.74731,0.92002,0.012427
-190.75,0.75848,0.74859,0.92256,0.013039
-187.32,0.76079,0.75013,0.92577,0.014014
-183.99,0.76269,0.75123,0.92826,0.015023
-180.76,0.76422,0.75194,0.93014,0.016069
-177.56,0.76544,0.7523,0.93145,0.017173
-174.98,0.7662,0.75232,0.9321,0.018114
-172.25,0.76679,0.7521,0.93241,0.019163
-169.29,0.76723,0.7516,0.93235,0.020365
-166.03,0.76749,0.75079,0.9319,0.02177
-162.57,0.7676,0.74966,0.93105,0.023366
-158.78,0.76754,0.74817,0.92975,0.025238
-154.7,0.76731,0.74627,0.92799,0.027415
-150.38,0.76691,0.74397,0.92573,0.029915
-145.23,0.76622,0.7408,0.92252,0.033178
-139.98,0.76529,0.73709,0.91864,0.036847
-134.73,0.76409,0.73285,0.91412,0.040889
-129.57,0.76264,0.72812,0.90897,0.045268
-124.31,0.76084,0.72268,0.90293,0.050164
-119.21,0.75875,0.71674,0.89624,0.055366
-114.28,0.75636,0.71034,0.88892,0.060853
-109.52,0.75368,0.70348,0.88097,0.066599
-104.82,0.75061,0.69601,0.87218,0.072731
-100.33,0.74721,0.68816,0.86281,0.079027
-96.081,0.7435,0.68,0.85292,0.085406
-92.075,0.73948,0.6716,0.84257,0.091791
-88.361,0.73523,0.66315,0.83198,0.098041
-84.86,0.73071,0.65456,0.82106,0.10422
-81.55,0.72595,0.64586,0.80983,0.11033
-78.415,0.72095,0.63708,0.79836,0.11633
-75.853,0.71649,0.6295,0.78833,0.1214
-73.436,0.7119,0.62198,0.77823,0.12631
-71.184,0.7072,0.61457,0.76814,0.13098
-69.115,0.70243,0.60736,0.75816,0.13535
-68.721,0.70146,0.60593,0.75616,0.13619
-68.334,0.70049,0.60452,0.75417,0.13701
-67.955,0.69952,0.60311,0.75219,0.13782
-67.585,0.69855,0.60172,0.75022,0.13861
-67.476,0.69826,0.60131,0.74964,0.13884
-67.368,0.69797,0.6009,0.74905,0.13908
-67.26,0.69768,0.60049,0.74847,0.13931
-67.153,0.69739,0.60008,0.74789,0.13954
-67.133,0.69733,0.6,0.74778,0.13958
-65.741,0.68223,0.58561,0.72319,0.14163
-64.462,0.66851,0.5726,0.70092,0.14347
-63.276,0.65598,0.56077,0.68063,0.14515
-62.158,0.64451,0.54996,0.66206,0.14671
-60.887,0.63214,0.53826,0.642,0.14851
-59.644,0.62092,0.52759,0.62376,0.1503
-58.412,0.61074,0.51782,0.60713,0.15215
-57.19,0.60149,0.50884,0.59194,0.15403
-56.121,0.59393,0.50144,0.57948,0.15572
-55.091,0.58699,0.49462,0.56801,0.15737
-54.108,0.58061,0.48832,0.55745,0.15896
-53.167,0.57474,0.4825,0.54771,0.16049
-52.264,0.56944,0.4772,0.53886,0.16199
-51.334,0.56456,0.47219,0.53062,0.16361
-50.312,0.56009,0.46738,0.52289,0.16553
-49.118,0.55603,0.46265,0.51557,0.16795
-47.773,0.55266,0.45821,0.50906,0.17089
-46.134,0.5497,0.45366,0.5028,0.17471
-44.146,0.5472,0.44893,0.49678,0.1796
-41.775,0.54523,0.44398,0.49101,0.18571
-39.061,0.54387,0.4389,0.48564,0.19301
-35.98,0.54314,0.43361,0.48063,0.20166
-32.57,0.54314,0.42819,0.47611,0.21164
-28.887,0.54399,0.42274,0.47227,0.22289
-26.264,0.54513,0.41909,0.47019,0.2312
-23.574,0.54682,0.41558,0.46867,0.24001
-20.844,0.54918,0.41229,0.46789,0.24925
-18.1,0.55236,0.40935,0.46809,0.25891
-15.838,0.55576,0.40727,0.46919,0.2672
-13.595,0.56008,0.40563,0.47143,0.27576
-11.381,0.56555,0.40457,0.4751,0.28465
-9.2022,0.5724,0.40418,0.48048,0.29388
-8.8308,0.57373,0.40419,0.4816,0.29551
-8.4604,0.57511,0.40422,0.48278,0.29715
-8.0908,0.57654,0.40427,0.48401,0.29881
-7.7221,0.57802,0.40434,0.4853,0.30047
-7.3541,0.57953,0.40443,0.48664,0.30215
-6.9866,0.58109,0.40453,0.48802,0.30384
-6.6196,0.58269,0.40466,0.48945,0.30554
-6.2528,0.58431,0.40479,0.49091,0.30724
-5.5191,0.58763,0.40506,0.49391,0.31068
-4.7834,0.59092,0.40529,0.49684,0.31413
-4.0429,0.59401,0.40538,0.49949,0.31755
-3.2943,0.59668,0.40522,0.50158,0.32088
-3.1188,0.59722,0.40513,0.50196,0.32164
-2.9425,0.59771,0.40501,0.50227,0.32239
-2.7655,0.59816,0.40487,0.50253,0.32314
-2.5876,0.59856,0.40471,0.50272,0.32387
-2.4089,0.59891,0.40451,0.50285,0.32459
-2.2292,0.59921,0.40429,0.50291,0.3253
-2.0486,0.59944,0.40403,0.50289,0.32599
-1.8668,0.59963,0.40374,0.50281,0.32668
-1.7391,0.59973,0.40353,0.50272,0.32716
-1.6109,0.59982,0.4033,0.5026,0.32763
-1.4821,0.59988,0.40306,0.50245,0.3281
-1.3527,0.59992,0.40281,0.50227,0.32857
-1.2227,0.59996,0.40256,0.5021,0.32903
-1.0921,0.59999,0.40229,0.5019,0.3295
-0.96088,0.59998,0.40201,0.50166,0.32996
-0.829,0.59998,0.40173,0.50143,0.33042
-0.71707,0.60001,0.40151,0.50127,0.33082
-0.60467,0.60002,0.40128,0.50109,0.33122
-0.4918,0.59999,0.40103,0.50085,0.33161
-0.37845,0.59997,0.40078,0.50063,0.332
-0.2829,0.60003,0.40061,0.50054,0.33235
-0.18702,0.60005,0.40042,0.5004,0.33269
-0.090806,0.59998,0.40018,0.50014,0.33301
0.0057512,0.59994,0.39996,0.49992,0.33334
0.092665,0.60003,0.39982,0.49987,0.33367
0.17985,0.60006,0.39965,0.49975,0.33398
0.2673,0.59999,0.39943,0.49952,0.33427
0.35503,0.59994,0.39922,0.4993,0.33456
0.44303,0.59999,0.39906,0.49921,0.33488
0.5313,0.60001,0.39888,0.49908,0.3352
0.61984,0.59999,0.39869,0.49891,0.33551
0.70865,0.59998,0.3985,0.49874,0.33582
0.82225,0.59999,0.39827,0.49855,0.33622
0.93629,0.6,0.39803,0.49836,0.33662
1.0507,0.6,0.39779,0.49815,0.33702
1.1656,0.6,0.39754,0.49795,0.33742
1.3859,0.6,0.39708,0.49757,0.3382
1.6076,0.6,0.39662,0.49718,0.33897
1.8307,0.6,0.39615,0.49679,0.33976
2.0551,0.6,0.39567,0.49639,0.34054
2.5077,0.6,0.39472,0.4956,0.34213
2.9646,0.6,0.39376,0.4948,0.34373
3.4253,0.6,0.39279,0.49399,0.34535
3.889,0.6,0.39181,0.49318,0.34697
4.823,0.59999,0.38985,0.49153,0.35024
5.7613,0.59998,0.38788,0.48988,0.35352
6.7,0.59997,0.3859,0.48823,0.35679
7.6356,0.59996,0.38394,0.48658,0.36005
9.489,0.59991,0.38005,0.4833,0.36649
11.311,0.59984,0.37623,0.48006,0.37278
13.094,0.59974,0.37249,0.47686,0.37891
14.838,0.5996,0.36885,0.47371,0.38485
17.041,0.59937,0.36425,0.46968,0.39229
19.173,0.59907,0.3598,0.46573,0.3994
21.236,0.59869,0.35551,0.46184,0.40618
23.228,0.59823,0.35138,0.45801,0.41264
27,0.59704,0.34357,0.45051,0.42454
30.486,0.59547,0.33638,0.44321,0.43511
33.682,0.59353,0.32979,0.4361,0.44437
36.589,0.59121,0.32379,0.42916,0.45234
39.746,0.58791,0.31723,0.42095,0.46041
42.5,0.58414,0.31145,0.41299,0.46682
44.883,0.57996,0.30636,0.40527,0.47177
46.94,0.57546,0.30185,0.39776,0.47547
48.769,0.57055,0.29772,0.39022,0.47818
50.347,0.56543,0.29403,0.38288,0.47998
51.704,0.56016,0.29072,0.37574,0.481
52.854,0.55481,0.28777,0.36881,0.48132
54.109,0.54732,0.28422,0.35961,0.48071
54.956,0.53991,0.28131,0.35102,0.47896
55.426,0.53272,0.279,0.3431,0.47628
55.606,0.52585,0.27714,0.33583,0.47297
55.628,0.52116,0.276,0.33097,0.4704
55.61,0.51666,0.27496,0.32635,0.46781
55.58,0.51236,0.27398,0.32195,0.46526
55.545,0.50824,0.27304,0.31774,0.46277
55.503,0.50496,0.27232,0.3144,0.46072
55.435,0.50181,0.27165,0.31121,0.45867
55.332,0.49877,0.27104,0.30818,0.45658
55.198,0.49586,0.2705,0.3053,0.45448
55.052,0.49311,0.27001,0.3026,0.45243
54.935,0.49047,0.26951,0.29998,0.45051
54.913,0.48792,0.26892,0.29737,0.44884
55.07,0.48545,0.26816,0.29467,0.4476
55.47,0.48314,0.26718,0.29194,0.447
56.205,0.48081,0.26584,0.28888,0.4471
57.357,0.47838,0.26407,0.28537,0.448
58.993,0.47578,0.2618,0.28132,0.44974
61.118,0.47298,0.25908,0.27672,0.45225
63.775,0.46987,0.25588,0.27146,0.45541
66.957,0.46636,0.25229,0.26554,0.45903
70.627,0.4624,0.24838,0.25898,0.46283
75.314,0.45726,0.24374,0.25083,0.46696
80.427,0.45141,0.23906,0.24205,0.47042
85.826,0.44482,0.23452,0.23279,0.47277
91.368,0.43751,0.23028,0.22316,0.47367
96.532,0.43011,0.22666,0.21398,0.47302
101.6,0.42221,0.22341,0.20469,0.47086
106.51,0.41391,0.22054,0.19537,0.46718
111.21,0.4053,0.21802,0.1861,0.46208
119.83,0.3876,0.21393,0.16794,0.44805
127.41,0.36991,0.21088,0.15066,0.42992
133.93,0.35285,0.2086,0.13455,0.40881
139.37,0.33687,0.20691,0.11982,0.38579
142.45,0.32671,0.20601,0.11061,0.36943
145.01,0.31723,0.20529,0.1021,0.35288
147.07,0.30846,0.20469,0.09429,0.3364
148.67,0.30038,0.2042,0.087153,0.32018
149.89,0.29298,0.2038,0.080648,0.30438
150.78,0.28621,0.20346,0.074729,0.28913
151.39,0.28005,0.20317,0.06935,0.2745
151.75,0.27443,0.20293,0.064467,0.26054
151.84,0.26767,0.20266,0.058605,0.24287
151.45,0.26172,0.20244,0.053473,0.2265
150.59,0.25651,0.20228,0.048992,0.21143
149.36,0.25195,0.20215,0.045082,0.19768
148.35,0.2491,0.20207,0.042645,0.18881
147.29,0.24651,0.202,0.040426,0.18054
146.23,0.24414,0.20194,0.038402,0.17284
145.16,0.24198,0.20189,0.036553,0.16567
144.24,0.24025,0.20184,0.035079,0.15987
143.29,0.23865,0.2018,0.033714,0.1544
142.31,0.23717,0.20177,0.03245,0.14927
141.29,0.2358,0.20174,0.031281,0.14444
140.27,0.23454,0.20171,0.030207,0.13995
139.29,0.23336,0.20169,0.02921,0.13574
138.43,0.23228,0.20166,0.02828,0.1318
137.83,0.23126,0.20163,0.027404,0.12812
137.6,0.23034,0.20159,0.026607,0.12483
137.84,0.22947,0.20153,0.025834,0.12173
138.65,0.22862,0.20147,0.025072,0.11877
140.11,0.22779,0.20138,0.024308,0.11592
142.2,0.22697,0.20129,0.023549,0.11317
144.95,0.22615,0.20118,0.022772,0.11039
148.31,0.2253,0.20107,0.021971,0.10755
152.2,0.22442,0.20095,0.021146,0.10458
157.38,0.22333,0.20082,0.020129,0.10081
162.93,0.2222,0.2007,0.019083,0.096787
168.62,0.22103,0.20059,0.018016,0.092498
174.26,0.21983,0.20049,0.01694,0.087981
179.18,0.21874,0.20042,0.015967,0.083742
183.85,0.21764,0.20036,0.015004,0.079414
188.21,0.21656,0.20031,0.014059,0.075049
192.27,0.2155,0.20027,0.01314,0.070698
196.49,0.21433,0.20023,0.012131,0.065816
200.3,0.21321,0.20019,0.011171,0.06107
203.71,0.21215,0.20016,0.010264,0.056507
206.68,0.21116,0.20014,0.0094156,0.052164
209.73,0.21003,0.20012,0.0084603,0.047196
212.1,0.20901,0.2001,0.007596,0.04263
213.82,0.2081,0.20009,0.0068219,0.038485
214.94,0.20728,0.20008,0.0061346,0.034761
215.57,0.20656,0.20007,0.0055287,0.031445
215.78,0.20593,0.20006,0.0049975,0.028514
215.66,0.20538,0.20006,0.0045343,0.025939
215.21,0.20491,0.20005,0.0041321,0.023689
214.52,0.20453,0.20005,0.0038195,0.021929
213.54,0.20421,0.20005,0.0035465,0.020385
212.27,0.20393,0.20004,0.0033096,0.019039
210.75,0.20368,0.20004,0.0031054,0.017872
209.03,0.20347,0.20004,0.0029307,0.01687
207.21,0.2033,0.20004,0.0027825,0.016016
205.34,0.20315,0.20004,0.0026576,0.015293
203.47,0.20302,0.20004,0.0025532,0.014686
201.95,0.20294,0.20004,0.0024808,0.014263
200.41,0.20286,0.20004,0.0024195,0.013903
198.85,0.2028,0.20004,0.0023684,0.013601
197.24,0.20275,0.20004,0.0023267,0.013351
195.61,0.20271,0.20004,0.0022937,0.01315
193.99,0.20268,0.20004,0.0022687,0.012995
192.46,0.20266,0.20005,0.0022509,0.01288
191.15,0.20264,0.20005,0.002239,0.012801
190.23,0.20263,0.20005,0.0022319,0.012752
189.78,0.20263,0.20005,0.0022271,0.012721
189.93,0.20262,0.20005,0.0022227,0.012698
190.78,0.20261,0.20005,0.0022164,0.01267
192.31,0.2026,0.20004,0.0022066,0.012629
194.55,0.20259,0.20004,0.0021912,0.012561
197.46,0.20256,0.20004,0.0021687,0.012457
200.96,0.20253,0.20004,0.0021381,0.01231
205.31,0.20248,0.20003,0.0020949,0.012094
210.02,0.20242,0.20003,0.0020416,0.011819
214.91,0.20235,0.20003,0.0019792,0.011488
219.8,0.20227,0.20002,0.0019089,0.011108
224.45,0.20218,0.20002,0.0018343,0.010697
228.87,0.20209,0.20002,0.0017557,0.01026
233.01,0.202,0.20001,0.0016748,0.0098046
236.83,0.2019,0.20001,0.0015932,0.0093419
240.96,0.20179,0.20001,0.0014975,0.008795
244.64,0.20168,0.20001,0.0014045,0.0082614
247.88,0.20157,0.20001,0.001316,0.0077503
250.66,0.20147,0.20001,0.0012329,0.0072688
253.17,0.20137,0.20001,0.0011491,0.0067821
255.09,0.20128,0.20001,0.0010736,0.0063414
256.42,0.2012,0.20001,0.0010065,0.0059492
257.22,0.20113,0.20001,0.00094802,0.0056062
257.54,0.20107,0.2,0.00089783,0.0053113
257.47,0.20102,0.2,0.00085548,0.005062
257.08,0.20098,0.2,0.00082037,0.0048549
256.4,0.20095,0.2,0.00079187,0.0046864
255.23,0.20091,0.2,0.00076594,0.0045327
253.6,0.20089,0.2,0.00074767,0.0044236
251.51,0.20088,0.2,0.00073655,0.0043562
249.03,0.20087,0.2,0.00073211,0.0043278
246.34,0.20088,0.2,0.00073378,0.004335
243.54,0.20088,0.20001,0.00074078,0.0043732
240.74,0.2009,0.20001,0.00075248,0.0044388
237.96,0.20092,0.20001,0.00076826,0.0045281
235.88,0.20093,0.20001,0.00078232,0.0046079
233.77,0.20095,0.20001,0.00079828,0.0046985
231.6,0.20097,0.20001,0.00081612,0.0047998
229.43,0.201,0.20001,0.00083578,0.0049114
227.4,0.20102,0.20001,0.00085631,0.005028
225.57,0.20104,0.20001,0.00087813,0.0051521
224.1,0.20107,0.20001,0.00090067,0.0052808
223.17,0.2011,0.20001,0.00092306,0.0054095
222.94,0.20112,0.20001,0.00094254,0.0055226
223.44,0.20114,0.20001,0.00095982,0.0056243
224.71,0.20116,0.20001,0.00097376,0.0057082
226.78,0.20117,0.20001,0.0009833,0.005768
229.59,0.20118,0.20001,0.00098748,0.005798
233.05,0.20117,0.20001,0.00098571,0.005794
237,0.20117,0.20001,0.00097774,0.0057541
241.29,0.20115,0.20001,0.00096371,0.0056786
245.74,0.20113,0.20001,0.00094411,0.0055699
250.19,0.2011,0.20001,0.00091976,0.0054324
254.52,0.20106,0.2,0.00089158,0.0052715
258.64,0.20103,0.2,0.00086059,0.0050932
263.81,0.20098,0.2,0.00081565,0.0048327
268.43,0.20092,0.2,0.00076962,0.0045645
272.49,0.20087,0.2,0.00072427,0.0042991
275.98,0.20081,0.2,0.00068103,0.0040454
278.72,0.20077,0.2,0.00064371,0.0038258
280.94,0.20073,0.2,0.00060956,0.0036245
282.63,0.20069,0.2,0.00057893,0.0034436
283.78,0.20066,0.2,0.00055205,0.0032847
284.44,0.20063,0.2,0.0005277,0.0031405
284.59,0.20061,0.2,0.00050757,0.0030211
284.32,0.20059,0.2,0.00049146,0.0029254
283.7,0.20057,0.2,0.00047906,0.0028516
282.84,0.20056,0.2,0.0004704,0.0028
281.69,0.20056,0.2,0.00046453,0.0027648
280.26,0.20055,0.2,0.00046126,0.0027449
278.51,0.20055,0.2,0.00046047,0.0027396
276.53,0.20055,0.2,0.00046199,0.002748
274.29,0.20056,0.2,0.00046573,0.0027694
271.86,0.20056,0.2,0.00047161,0.0028034
269.31,0.20057,0.2,0.00047952,0.0028492
266.77,0.20058,0.2,0.00048915,0.0029052
264.23,0.2006,0.2,0.00050041,0.0029707
261.72,0.20061,0.2,0.00051311,0.0030446
259.2,0.20063,0.2,0.00052716,0.0031263
256.56,0.20065,0.2,0.00054292,0.003218
253.87,0.20067,0.2,0.00056009,0.0033177
251.17,0.20069,0.2,0.00057864,0.0034253
248.6,0.20071,0.2,0.00059843,0.0035401
246.81,0.20073,0.2,0.00061464,0.0036341
245.37,0.20075,0.2,0.00063104,0.0037295
244.43,0.20077,0.2,0.00064711,0.0038232
244.1,0.20079,0.2,0.0006622,0.0039117
244.48,0.20081,0.2,0.00067532,0.0039893
245.61,0.20082,0.2,0.00068596,0.0040529
247.49,0.20083,0.2,0.00069341,0.0040986
250.07,0.20083,0.2,0.0006971,0.0041226
253.46,0.20083,0.2,0.00069643,0.0041216
257.37,0.20083,0.2,0.00069095,0.0040923
261.62,0.20081,0.2,0.00068083,0.0040357
266.02,0.2008,0.2,0.00066652,0.003954
270.34,0.20078,0.2,0.00064901,0.003853
274.53,0.20075,0.2,0.0006289,0.0037361
278.48,0.20073,0.2,0.00060696,0.003608
282.16,0.2007,0.2,0.00058397,0.0034733
286.87,0.20066,0.2,0.00055078,0.0032782
290.97,0.20062,0.2,0.00051839,0.0030872
294.45,0.20058,0.2,0.00048782,0.0029066
297.3,0.20055,0.2,0.00045993,0.0027415
299.5,0.20052,0.2,0.00043519,0.0025949
301,0.2005,0.2,0.00041388,0.0024684
301.82,0.20047,0.2,0.00039614,0.002363
302.01,0.20046,0.2,0.00038194,0.0022785
301.67,0.20044,0.2,0.00037112,0.002214
300.91,0.20044,0.2,0.00036338,0.0021678
299.79,0.20043,0.2,0.00035843,0.0021382
298.32,0.20043,0.2,0.00035601,0.0021235
296.64,0.20043,0.2,0.00035582,0.0021221
294.61,0.20043,0.2,0.00035754,0.002132
292.24,0.20043,0.2,0.00036115,0.0021531
289.58,0.20044,0.2,0.00036663,0.0021851
286.72,0.20045,0.2,0.00037393,0.0022279
283.76,0.20046,0.2,0.00038294,0.0022808
280.79,0.20047,0.2,0.00039349,0.0023427
277.84,0.20049,0.2,0.00040542,0.0024127
275.4,0.2005,0.2,0.00041628,0.0024764
272.93,0.20051,0.2,0.00042795,0.0025449
270.42,0.20053,0.2,0.00044044,0.002618
267.88,0.20054,0.2,0.00045375,0.002696
265.42,0.20056,0.2,0.00046741,0.0027759
263.06,0.20058,0.2,0.0004818,0.00286
260.93,0.20059,0.2,0.00049672,0.0029473
259.19,0.20061,0.2,0.00051183,0.0030357
258.02,0.20063,0.2,0.00052678,0.0031235
257.62,0.20065,0.2,0.00054064,0.0032051
258.11,0.20066,0.2,0.00055256,0.0032758
259.55,0.20067,0.2,0.00056167,0.0033305
261.88,0.20068,0.2,0.00056712,0.0033641
265.01,0.20068,0.2,0.00056848,0.0033739
268.78,0.20068,0.2,0.00056554,0.0033584
273.01,0.20067,0.2,0.00055832,0.0033176
277.28,0.20066,0.2,0.00054772,0.0032566
281.59,0.20064,0.2,0.00053408,0.0031774
285.8,0.20062,0.2,0.00051808,0.0030838
289.79,0.2006,0.2,0.00050041,0.0029801
294.54,0.20057,0.2,0.00047629,0.0028381
298.76,0.20054,0.2,0.00045185,0.0026938
302.46,0.20051,0.2,0.00042803,0.0025528
305.64,0.20049,0.2,0.00040562,0.0024201
308.16,0.20046,0.2,0.00038624,0.0023051
310.18,0.20044,0.2,0.00036879,0.0022015
311.69,0.20042,0.2,0.00035344,0.0021102
312.68,0.20041,0.2,0.00034028,0.0020319
313.16,0.20039,0.2,0.00032878,0.0019634
313.13,0.20038,0.2,0.0003197,0.0019093
312.67,0.20037,0.2,0.00031292,0.0018688
311.85,0.20037,0.2,0.00030826,0.001841
310.78,0.20037,0.2,0.00030558,0.0018249
309.44,0.20036,0.2,0.00030449,0.0018183
307.82,0.20037,0.2,0.00030491,0.0018206
305.88,0.20037,0.2,0.00030677,0.0018314
303.67,0.20037,0.2,0.00030996,0.0018501
301.17,0.20038,0.2,0.00031454,0.0018771
298.45,0.20038,0.2,0.00032049,0.0019121
295.59,0.20039,0.2,0.00032776,0.001955
292.65,0.2004,0.2,0.00033635,0.0020056
289.71,0.20041,0.2,0.00034607,0.0020629
286.8,0.20043,0.2,0.00035679,0.0021261
283.89,0.20044,0.2,0.00036844,0.0021946
280.79,0.20046,0.2,0.00038163,0.0022723
277.62,0.20047,0.2,0.00039587,0.0023559
274.44,0.20049,0.2,0.00041117,0.0024458
271.43,0.20051,0.2,0.0004274,0.0025411
269.41,0.20053,0.2,0.00044007,0.0026155
267.79,0.20054,0.2,0.00045279,0.0026903
266.7,0.20056,0.2,0.00046516,0.0027631
266.27,0.20057,0.2,0.00047665,0.002831
266.6,0.20058,0.2,0.00048644,0.0028891
267.7,0.20059,0.2,0.0004942,0.0029355
269.57,0.2006,0.2,0.00049943,0.0029673
272.15,0.2006,0.2,0.00050171,0.0029819
275.8,0.2006,0.2,0.00050039,0.0029755
280.01,0.20059,0.2,0.00049491,0.0029445
284.53,0.20058,0.2,0.0004856,0.0028907
289.14,0.20057,0.2,0.000473,0.0028172
293.32,0.20055,0.2,0.00045909,0.0027356
297.29,0.20053,0.2,0.00044368,0.0026449
300.99,0.20051,0.2,0.0004274,0.0025488
304.38,0.20049,0.2,0.00041083,0.0024509
308.1,0.20047,0.2,0.0003908,0.0023322
311.35,0.20045,0.2,0.00037167,0.0022188
314.13,0.20042,0.2,0.00035386,0.002113
316.43,0.2004,0.2,0.0003377,0.0020169
318.32,0.20039,0.2,0.0003225,0.0019265
319.59,0.20037,0.2,0.00030953,0.0018493
320.26,0.20036,0.2,0.00029884,0.0017856
320.36,0.20035,0.2,0.00029041,0.0017354
319.98,0.20034,0.2,0.00028415,0.001698
319.2,0.20034,0.2,0.00027988,0.0016724
318.09,0.20033,0.2,0.00027742,0.0016576
316.68,0.20033,0.2,0.0002766,0.0016526
314.41,0.20033,0.2,0.00027767,0.0016588
311.56,0.20034,0.2,0.00028111,0.001679
308.13,0.20034,0.2,0.00028694,0.0017135
304.25,0.20035,0.2,0.00029512,0.0017618
301.36,0.20036,0.2,0.00030224,0.0018038
298.44,0.20037,0.2,0.0003104,0.001852
295.53,0.20038,0.2,0.0003195,0.0019058
292.64,0.20039,0.2,0.00032943,0.0019644
289.75,0.20041,0.2,0.00034012,0.0020275
286.82,0.20042,0.2,0.00035158,0.0020951
283.84,0.20044,0.2,0.00036384,0.0021673
280.84,0.20045,0.2,0.00037689,0.0022441
278.2,0.20047,0.2,0.00038939,0.0023177
275.79,0.20048,0.2,0.00040238,0.0023941
273.8,0.2005,0.2,0.00041555,0.0024716
272.41,0.20051,0.2,0.00042844,0.0025476
271.83,0.20053,0.2,0.00043942,0.0026125
272.03,0.20054,0.2,0.00044904,0.0026696
273.06,0.20055,0.2,0.00045671,0.0027155
274.91,0.20055,0.2,0.00046188,0.0027468
277.55,0.20056,0.2,0.00046412,0.002761
280.84,0.20055,0.2,0.00046311,0.0027561
284.6,0.20055,0.2,0.00045887,0.002732
288.67,0.20054,0.2,0.00045157,0.0026897
292.83,0.20053,0.2,0.00044166,0.0026319
296.95,0.20051,0.2,0.00042965,0.0025614
300.9,0.2005,0.2,0.00041611,0.0024817
304.61,0.20048,0.2,0.00040162,0.0023961
310.29,0.20045,0.2,0.00037625,0.0022459
315.08,0.20042,0.2,0.00035158,0.0020995
318.97,0.20039,0.2,0.0003287,0.0019635
321.93,0.20037,0.2,0.0003088,0.0018452
323.57,0.20035,0.2,0.00029573,0.0017674
324.58,0.20034,0.2,0.0002848,0.0017022
324.98,0.20033,0.2,0.00027602,0.0016499
324.83,0.20032,0.2,0.00026935,0.00161
324.22,0.20032,0.2,0.00026465,0.001582
323.24,0.20031,0.2,0.00026176,0.0015646
321.93,0.20031,0.2,0.0002605,0.001557
320.32,0.20031,0.2,0.00026072,0.0015582
318.38,0.20031,0.2,0.00026229,0.0015674
316.07,0.20032,0.2,0.0002652,0.0015846
313.4,0.20032,0.2,0.00026946,0.0016098
310.42,0.20033,0.2,0.00027509,0.0016431
307.22,0.20034,0.2,0.00028207,0.0016843
303.92,0.20035,0.2,0.00029032,0.0017331
300.62,0.20036,0.2,0.00029971,0.0017887
297.34,0.20037,0.2,0.00031013,0.0018502
294.62,0.20038,0.2,0.00031947,0.0019054
291.88,0.20039,0.2,0.00032942,0.0019642
289.1,0.20041,0.2,0.00034,0.0020267
286.28,0.20042,0.2,0.00035123,0.0020929
283.6,0.20043,0.2,0.00036259,0.0021598
281.05,0.20045,0.2,0.00037449,0.0022299
278.76,0.20046,0.2,0.00038676,0.0023022
276.93,0.20048,0.2,0.00039907,0.0023748
275.75,0.20049,0.2,0.00041078,0.0024439
275.35,0.2005,0.2,0.00042148,0.0025073
275.83,0.20052,0.2,0.00043054,0.0025612
277.24,0.20052,0.2,0.0004373,0.0026018
279.65,0.20053,0.2,0.00044125,0.002626
282.88,0.20053,0.2,0.00044169,0.0026295
286.76,0.20052,0.2,0.0004385,0.0026116
291.06,0.20052,0.2,0.00043182,0.002573
295.22,0.20051,0.2,0.00042284,0.0025205
299.37,0.20049,0.2,0.00041171,0.0024552
303.38,0.20048,0.2,0.00039899,0.0023802
307.15,0.20046,0.2,0.00038526,0.0022991
312.17,0.20044,0.2,0.00036441,0.0021756
316.52,0.20041,0.2,0.00034385,0.0020536
320.19,0.20039,0.2,0.0003244,0.0019381
323.19,0.20037,0.2,0.00030687,0.0018337
325.34,0.20035,0.2,0.00029271,0.0017495
326.86,0.20034,0.2,0.00028061,0.0016774
327.71,0.20032,0.2,0.00027066,0.0016181
327.94,0.20032,0.2,0.00026285,0.0015715
327.49,0.20031,0.2,0.0002562,0.0015317
326.42,0.2003,0.2,0.00025227,0.0015082
324.84,0.2003,0.2,0.00025075,0.001499
322.78,0.2003,0.2,0.00025138,0.0015027
320.88,0.2003,0.2,0.00025316,0.0015131
318.66,0.20031,0.2,0.00025605,0.0015302
316.12,0.20031,0.2,0.00026009,0.0015541
313.3,0.20032,0.2,0.00026527,0.0015848
310.28,0.20033,0.2,0.0002716,0.0016222
307.17,0.20033,0.2,0.00027901,0.0016661
304.03,0.20034,0.2,0.00028741,0.0017158
300.92,0.20036,0.2,0.0002967,0.0017708
298.27,0.20037,0.2,0.00030528,0.0018215
295.61,0.20038,0.2,0.00031441,0.0018755
292.92,0.20039,0.2,0.0003241,0.0019327
290.19,0.2004,0.2,0.00033436,0.0019933
287.48,0.20041,0.2,0.00034503,0.0020562
284.83,0.20043,0.2,0.00035626,0.0021224
282.36,0.20044,0.2,0.00036795,0.0021913
280.24,0.20045,0.2,0.00037987,0.0022616
278.55,0.20047,0.2,0.00039241,0.0023357
277.69,0.20048,0.2,0.00040417,0.0024053
277.81,0.2005,0.2,0.00041441,0.0024661
278.98,0.20051,0.2,0.00042232,0.0025134
281.01,0.20051,0.2,0.0004269,0.0025412
283.85,0.20051,0.2,0.00042843,0.002551
287.35,0.20051,0.2,0.00042672,0.0025418
291.32,0.20051,0.2,0.00042181,0.0025136
295.47,0.2005,0.2,0.00041413,0.0024688
299.68,0.20048,0.2,0.00040409,0.0024099
303.79,0.20047,0.2,0.00039223,0.00234
307.71,0.20045,0.2,0.00037912,0.0022626
312.2,0.20043,0.2,0.00036189,0.0021606
316.21,0.20041,0.2,0.00034453,0.0020576
319.71,0.20039,0.2,0.0003277,0.0019577
322.72,0.20037,0.2,0.00031198,0.0018642
325.12,0.20036,0.2,0.00029833,0.001783
327.06,0.20034,0.2,0.00028614,0.0017104
328.48,0.20033,0.2,0.00027552,0.0016471
329.4,0.20032,0.2,0.00026653,0.0015935
329.81,0.20031,0.2,0.00025881,0.0015474
329.71,0.2003,0.2,0.00025289,0.0015121
329.16,0.2003,0.2,0.00024868,0.001487
328.25,0.20029,0.2,0.00024606,0.0014712
327.08,0.20029,0.2,0.00024487,0.0014641
325.64,0.20029,0.2,0.00024489,0.0014641
323.91,0.20029,0.2,0.00024605,0.0014709
321.87,0.2003,0.2,0.0002483,0.0014842
319.53,0.2003,0.2,0.0002516,0.0015037
316.88,0.20031,0.2,0.00025599,0.0015297
313.99,0.20031,0.2,0.0002615,0.0015624
310.92,0.20032,0.2,0.0002681,0.0016014
307.71,0.20033,0.2,0.00027592,0.0016477
304.5,0.20034,0.2,0.0002847,0.0016997
301.31,0.20035,0.2,0.00029435,0.0017568
298.14,0.20037,0.2,0.00030478,0.0018185
294.72,0.20038,0.2,0.00031666,0.0018887
291.24,0.20039,0.2,0.00032945,0.0019643
287.75,0.20041,0.2,0.0003432,0.0020454
284.45,0.20043,0.2,0.00035776,0.0021313
282.32,0.20044,0.2,0.00036881,0.0021965
280.61,0.20045,0.2,0.00037986,0.0022617
279.48,0.20047,0.2,0.00039052,0.0023247
279.06,0.20048,0.2,0.0004003,0.0023827
279.43,0.20049,0.2,0.00040841,0.0024309
280.59,0.2005,0.2,0.00041467,0.0024684
282.53,0.2005,0.2,0.00041866,0.0024927
285.16,0.2005,0.2,0.00042006,0.0025017
288.76,0.2005,0.2,0.00041835,0.0024924
292.86,0.20049,0.2,0.00041329,0.0024633
297.23,0.20049,0.2,0.0004052,0.002416
301.65,0.20047,0.2,0.00039457,0.0023536
305.75,0.20046,0.2,0.00038269,0.0022836
309.63,0.20044,0.2,0.00036969,0.0022067
313.21,0.20043,0.2,0.0003561,0.0021262
316.48,0.20041,0.2,0.00034242,0.0020451
319.96,0.20039,0.2,0.00032652,0.0019507
322.99,0.20037,0.2,0.00031149,0.0018613
325.56,0.20036,0.2,0.00029762,0.0017788
327.66,0.20034,0.2,0.00028515,0.0017046
329.4,0.20033,0.2,0.00027327,0.0016337
330.51,0.20032,0.2,0.0002633,0.0015743
331.01,0.20031,0.2,0.00025527,0.0015264
330.94,0.2003,0.2,0.00024915,0.0014899
330.39,0.20029,0.2,0.00024485,0.0014642
329.45,0.20029,0.2,0.00024221,0.0014483
328.17,0.20029,0.2,0.00024108,0.0014415
326.59,0.20029,0.2,0.0002413,0.0014428
324.48,0.20029,0.2,0.00024296,0.0014525
321.94,0.20029,0.2,0.00024609,0.001471
318.95,0.2003,0.2,0.00025072,0.0014984
315.59,0.20031,0.2,0.00025685,0.0015348
311.97,0.20032,0.2,0.00026448,0.0015799
308.27,0.20033,0.2,0.00027349,0.0016333
304.57,0.20034,0.2,0.00028373,0.0016939
300.9,0.20035,0.2,0.00029506,0.001761
298.03,0.20036,0.2,0.00030457,0.0018172
295.13,0.20038,0.2,0.00031469,0.0018771
292.17,0.20039,0.2,0.00032546,0.0019407
289.21,0.2004,0.2,0.00033687,0.002008
286.73,0.20042,0.2,0.00034724,0.0020692
284.44,0.20043,0.2,0.00035796,0.0021325
282.48,0.20044,0.2,0.00036884,0.0021967
281,0.20045,0.2,0.00037956,0.00226
280.15,0.20047,0.2,0.00038971,0.0023201
280.05,0.20048,0.2,0.00039878,0.0023739
280.76,0.20049,0.2,0.00040624,0.0024184
282.3,0.20049,0.2,0.0004116,0.0024507
284.67,0.2005,0.2,0.00041444,0.0024682
287.72,0.2005,0.2,0.0004144,0.0024687
291.31,0.20049,0.2,0.00041142,0.0024518
295.25,0.20049,0.2,0.00040564,0.0024183
299.36,0.20048,0.2,0.00039738,0.0023699
303.46,0.20046,0.2,0.0003871,0.0023094
307.43,0.20045,0.2,0.00037532,0.00224
311.17,0.20043,0.2,0.0003626,0.0021647
316.05,0.20041,0.2,0.00034367,0.0020525
320.29,0.20039,0.2,0.00032499,0.0019416
323.9,0.20037,0.2,0.00030729,0.0018363
326.86,0.20035,0.2,0.00029128,0.001741
329.02,0.20033,0.2,0.00027831,0.0016638
330.57,0.20032,0.2,0.00026716,0.0015974
331.5,0.20031,0.2,0.00025792,0.0015423
331.82,0.2003,0.2,0.0002506,0.0014986
331.53,0.20029,0.2,0.00024457,0.0014626
330.68,0.20029,0.2,0.00024075,0.0014397
329.38,0.20029,0.2,0.0002389,0.0014286
327.68,0.20029,0.2,0.00023882,0.001428
325.57,0.20029,0.2,0.00024031,0.0014367
322.99,0.20029,0.2,0.00024335,0.0014547
319.95,0.2003,0.2,0.00024797,0.0014821
316.49,0.2003,0.2,0.00025417,0.0015188
312.6,0.20031,0.2,0.00026231,0.001567
308.6,0.20033,0.2,0.00027202,0.0016246
304.61,0.20034,0.2,0.00028313,0.0016903
300.66,0.20035,0.2,0.00029546,0.0017633
297.92,0.20036,0.2,0.0003046,0.0018174
295.14,0.20038,0.2,0.0003143,0.0018747
292.32,0.20039,0.2,0.00032458,0.0019355
289.5,0.2004,0.2,0.00033544,0.0019996
286.8,0.20042,0.2,0.00034682,0.0020668
284.36,0.20043,0.2,0.00035859,0.0021362
282.39,0.20044,0.2,0.00037044,0.0022062
281.07,0.20046,0.2,0.00038189,0.0022739
280.59,0.20047,0.2,0.00039144,0.0023305
280.9,0.20048,0.2,0.00039965,0.0023793
282.04,0.20049,0.2,0.00040601,0.0024174
283.98,0.20049,0.2,0.00041007,0.002442
286.74,0.20049,0.2,0.00041146,0.002451
290.14,0.20049,0.2,0.00040987,0.0024423
293.98,0.20049,0.2,0.00040534,0.0024163
298.08,0.20048,0.2,0.00039812,0.0023741
302.18,0.20047,0.2,0.0003888,0.0023193
306.21,0.20045,0.2,0.00037777,0.0022544
310.04,0.20044,0.2,0.00036557,0.0021823
313.61,0.20042,0.2,0.00035272,0.0021061
318.63,0.2004,0.2,0.00033233,0.0019852
322.89,0.20037,0.2,0.00031273,0.0018687
326.39,0.20035,0.2,0.00029462,0.0017609
329.13,0.20033,0.2,0.00027876,0.0016665
331.03,0.20032,0.2,0.00026554,0.0015877
332.08,0.20031,0.2,0.00025493,0.0015244
332.3,0.2003,0.2,0.00024694,0.0014767
331.8,0.20029,0.2,0.00024147,0.001444
330.8,0.20029,0.2,0.00023841,0.0014257
329.39,0.20028,0.2,0.00023718,0.0014183
327.59,0.20028,0.2,0.00023761,0.0014208
325.38,0.20029,0.2,0.00023955,0.0014322
322.93,0.20029,0.2,0.00024264,0.0014505
320.1,0.2003,0.2,0.00024703,0.0014765
316.93,0.2003,0.2,0.00025274,0.0015104
313.52,0.20031,0.2,0.00025976,0.0015519
310.09,0.20032,0.2,0.00026781,0.0015996
306.66,0.20033,0.2,0.00027692,0.0016536
303.26,0.20034,0.2,0.00028696,0.001713
299.86,0.20036,0.2,0.00029786,0.0017775
296.43,0.20037,0.2,0.00030951,0.0018465
292.94,0.20039,0.2,0.00032206,0.0019206
289.45,0.2004,0.2,0.00033552,0.002
286.17,0.20042,0.2,0.00034974,0.002084
284.02,0.20043,0.2,0.00036077,0.0021491
282.33,0.20044,0.2,0.00037174,0.0022139
281.27,0.20046,0.2,0.00038224,0.002276
280.98,0.20047,0.2,0.00039176,0.0023325
281.49,0.20048,0.2,0.00039938,0.0023779
282.8,0.20048,0.2,0.00040509,0.0024122
284.88,0.20049,0.2,0.0004085,0.0024329
287.64,0.20049,0.2,0.00040931,0.0024384
291.33,0.20049,0.2,0.00040701,0.0024256
295.46,0.20048,0.2,0.00040152,0.0023938
299.82,0.20047,0.2,0.00039316,0.0023449
304.21,0.20046,0.2,0.00038247,0.002282
308.3,0.20044,0.2,0.00037053,0.0022116
312.14,0.20043,0.2,0.00035761,0.0021351
315.69,0.20041,0.2,0.00034422,0.0020557
318.9,0.2004,0.2,0.00033084,0.0019763
322.22,0.20038,0.2,0.00031583,0.0018872
325.1,0.20036,0.2,0.00030172,0.0018032
327.54,0.20035,0.2,0.00028874,0.0017259
329.52,0.20033,0.2,0.00027709,0.0016566
331.23,0.20032,0.2,0.00026538,0.0015867
332.26,0.20031,0.2,0.0002557,0.001529
332.63,0.2003,0.2,0.00024808,0.0014836
332.41,0.20029,0.2,0.00024247,0.0014501
331.68,0.20029,0.2,0.00023874,0.0014278
330.55,0.20028,0.2,0.00023672,0.0014156
329.08,0.20028,0.2,0.00023623,0.0014126
327.26,0.20028,0.2,0.00023713,0.0014179
325.1,0.20029,0.2,0.00023929,0.0014306
322.54,0.20029,0.2,0.00024273,0.001451
319.59,0.2003,0.2,0.00024748,0.0014791
316.33,0.2003,0.2,0.00025354,0.0015151
312.88,0.20031,0.2,0.0002609,0.0015587
309.35,0.20032,0.2,0.00026945,0.0016093
305.84,0.20033,0.2,0.00027907,0.0016663
302.36,0.20035,0.2,0.00028963,0.0017288
297.63,0.20037,0.2,0.00030514,0.0018206
292.77,0.20039,0.2,0.00032243,0.0019228
287.97,0.20041,0.2,0.00034159,0.0020359
283.89,0.20043,0.2,0.00036183,0.0021553
282.24,0.20045,0.2,0.00037334,0.0022234
281.33,0.20046,0.2,0.00038417,0.0022875
281.33,0.20047,0.2,0.0003937,0.0023441
282.29,0.20048,0.2,0.00040126,0.0023892
284.14,0.20049,0.2,0.00040603,0.0024181
286.81,0.20049,0.2,0.00040798,0.0024303
290.15,0.20049,0.2,0.0004069,0.0024247
294,0.20048,0.2,0.00040278,0.002401
298.13,0.20047,0.2,0.00039586,0.0023607
302.35,0.20046,0.2,0.00038658,0.0023062
306.5,0.20045,0.2,0.00037545,0.0022406
310.45,0.20044,0.2,0.00036305,0.0021673
314.82,0.20042,0.2,0.00034735,0.0020743
318.74,0.2004,0.2,0.00033146,0.00198
322.19,0.20038,0.2,0.00031598,0.001888
325.17,0.20036,0.2,0.00030143,0.0018015
327.63,0.20035,0.2,0.00028849,0.0017244
329.64,0.20033,0.2,0.00027686,0.0016552
331.17,0.20032,0.2,0.00026665,0.0015943
332.2,0.20031,0.2,0.00025793,0.0015423
332.76,0.2003,0.2,0.00025029,0.0014968
332.79,0.20029,0.2,0.00024435,0.0014613
332.36,0.20029,0.2,0.00024005,0.0014356
331.55,0.20028,0.2,0.00023726,0.0014189
330.44,0.20028,0.2,0.00023586,0.0014105
329.06,0.20028,0.2,0.00023566,0.0014092
327.4,0.20028,0.2,0.00023658,0.0014146
325.43,0.20029,0.2,0.00023854,0.0014262
323.1,0.20029,0.2,0.0002416,0.0014443
320.44,0.20029,0.2,0.00024575,0.0014689
317.5,0.2003,0.2,0.00025103,0.0015002
314.36,0.20031,0.2,0.00025742,0.0015381
310.95,0.20032,0.2,0.00026528,0.0015846
307.52,0.20033,0.2,0.00027419,0.0016374
304.13,0.20034,0.2,0.00028403,0.0016956
300.75,0.20035,0.2,0.0002947,0.0017588
297.15,0.20037,0.2,0.00030678,0.0018303
293.48,0.20038,0.2,0.00031983,0.0019074
289.81,0.2004,0.2,0.00033389,0.0019904
286.38,0.20042,0.2,0.00034878,0.0020783
284.25,0.20043,0.2,0.00035982,0.0021435
282.61,0.20044,0.2,0.00037077,0.0022082
281.61,0.20046,0.2,0.00038119,0.0022699
281.39,0.20047,0.2,0.00039057,0.0023255
281.99,0.20048,0.2,0.00039798,0.0023697
283.39,0.20048,0.2,0.00040343,0.0024024
285.56,0.20049,0.2,0.00040653,0.0024214
288.4,0.20049,0.2,0.00040702,0.002425
292.14,0.20048,0.2,0.00040438,0.0024101
296.32,0.20048,0.2,0.00039856,0.0023764
300.69,0.20047,0.2,0.00038996,0.002326
305.07,0.20045,0.2,0.00037908,0.002262
309.16,0.20044,0.2,0.00036699,0.0021906
312.99,0.20042,0.2,0.00035397,0.0021135
316.51,0.20041,0.2,0.00034055,0.0020339
319.7,0.20039,0.2,0.00032719,0.0019546
322.93,0.20037,0.2,0.00031251,0.0018674
325.73,0.20036,0.2,0.00029873,0.0017854
328.1,0.20034,0.2,0.00028609,0.0017102
330.02,0.20033,0.2,0.00027477,0.0016428
331.7,0.20032,0.2,0.00026312,0.0015733
332.67,0.2003,0.2,0.00025357,0.0015164
332.97,0.2003,0.2,0.00024614,0.001472
332.66,0.20029,0.2,0.00024075,0.0014398
331.85,0.20028,0.2,0.00023727,0.001419
330.64,0.20028,0.2,0.00023552,0.0014084
329.08,0.20028,0.2,0.00023531,0.0014071
327.15,0.20028,0.2,0.00023652,0.0014142
324.54,0.20029,0.2,0.0002394,0.0014312
321.41,0.20029,0.2,0.00024397,0.0014583
317.82,0.2003,0.2,0.00025028,0.0014957
313.9,0.20031,0.2,0.00025829,0.0015432
310.66,0.20032,0.2,0.00026588,0.0015882
307.42,0.20033,0.2,0.0002744,0.0016386
304.2,0.20034,0.2,0.00028374,0.001694
301,0.20035,0.2,0.00029384,0.0017537
297.77,0.20036,0.2,0.00030463,0.0018176
294.47,0.20038,0.2,0.0003162,0.001886
291.15,0.20039,0.2,0.00032858,0.0019591
287.94,0.20041,0.2,0.00034169,0.0020365
285.7,0.20042,0.2,0.00035212,0.002098
283.8,0.20043,0.2,0.00036266,0.0021603
282.38,0.20045,0.2,0.00037301,0.0022215
281.59,0.20046,0.2,0.00038278,0.0022793
281.54,0.20047,0.2,0.0003914,0.0023305
282.27,0.20048,0.2,0.00039847,0.0023727
283.79,0.20048,0.2,0.00040354,0.0024032
286.05,0.20049,0.2,0.00040624,0.0024198
289.15,0.20049,0.2,0.00040622,0.0024204
292.79,0.20048,0.2,0.00040321,0.0024033
296.8,0.20048,0.2,0.00039737,0.0023694
300.97,0.20047,0.2,0.00038902,0.0023205
305.06,0.20045,0.2,0.00037885,0.0022606
309.01,0.20044,0.2,0.00036726,0.0021921
312.73,0.20043,0.2,0.00035476,0.0021182
316.16,0.20041,0.2,0.00034186,0.0020417
320.41,0.20039,0.2,0.00032408,0.0019361
324.07,0.20037,0.2,0.00030711,0.0018353
327.14,0.20035,0.2,0.00029145,0.0017421
329.6,0.20033,0.2,0.00027753,0.0016592
331.41,0.20032,0.2,0.00026564,0.0015884
332.55,0.20031,0.2,0.00025575,0.0015294
333.03,0.2003,0.2,0.00024789,0.0014824
332.9,0.20029,0.2,0.00024201,0.0014473
332.26,0.20029,0.2,0.00023801,0.0014234
331.21,0.20028,0.2,0.00023572,0.0014097
329.81,0.20028,0.2,0.00023497,0.0014051
328.07,0.20028,0.2,0.00023561,0.0014089
326.15,0.20028,0.2,0.00023733,0.001419
323.9,0.20029,0.2,0.00024014,0.0014356
321.31,0.20029,0.2,0.00024405,0.0014588
318.41,0.2003,0.2,0.00024907,0.0014886
315.29,0.20031,0.2,0.00025522,0.001525
312.05,0.20031,0.2,0.00026243,0.0015677
308.79,0.20032,0.2,0.00027064,0.0016163
305.54,0.20034,0.2,0.00027972,0.0016701
302.85,0.20034,0.2,0.00028788,0.0017185
300.16,0.20036,0.2,0.00029656,0.0017698
297.43,0.20037,0.2,0.00030575,0.0018242
294.66,0.20038,0.2,0.00031548,0.0018817
291.91,0.20039,0.2,0.00032564,0.0019417
289.2,0.2004,0.2,0.00033634,0.0020049
286.66,0.20042,0.2,0.00034748,0.0020706
284.44,0.20043,0.2,0.00035887,0.0021379
282.63,0.20044,0.2,0.00037108,0.00221
281.65,0.20046,0.2,0.00038256,0.002278
281.68,0.20047,0.2,0.00039257,0.0023374
282.81,0.20048,0.2,0.00040031,0.0023837
284.79,0.20048,0.2,0.00040472,0.0024104
287.57,0.20049,0.2,0.00040624,0.0024201
291.02,0.20048,0.2,0.0004047,0.0024118
294.94,0.20048,0.2,0.00040012,0.0023854
299.06,0.20047,0.2,0.00039289,0.0023432
303.25,0.20046,0.2,0.00038342,0.0022875
307.35,0.20045,0.2,0.00037221,0.0022214
311.24,0.20043,0.2,0.00035983,0.0021482
315.69,0.20041,0.2,0.00034364,0.0020523
319.66,0.20039,0.2,0.00032736,0.0019556
323.13,0.20037,0.2,0.0003116,0.001862
326.1,0.20036,0.2,0.0002969,0.0017745
328.48,0.20034,0.2,0.00028414,0.0016986
330.39,0.20033,0.2,0.00027276,0.0016308
331.8,0.20032,0.2,0.00026287,0.0015719
332.7,0.20031,0.2,0.00025453,0.0015221
333.09,0.2003,0.2,0.00024739,0.0014795
332.97,0.20029,0.2,0.00024195,0.001447
332.4,0.20029,0.2,0.00023814,0.0014242
331.46,0.20028,0.2,0.00023583,0.0014104
330.27,0.20028,0.2,0.00023487,0.0014046
328.8,0.20028,0.2,0.00023506,0.0014056
327.04,0.20028,0.2,0.00023633,0.0014131
324.98,0.20029,0.2,0.00023863,0.0014267
322.61,0.20029,0.2,0.00024193,0.0014463
319.92,0.2003,0.2,0.00024629,0.0014721
316.99,0.2003,0.2,0.00025172,0.0015042
313.89,0.20031,0.2,0.00025818,0.0015426
310.63,0.20032,0.2,0.00026585,0.001588
307.36,0.20033,0.2,0.00027446,0.001639
304.13,0.20034,0.2,0.00028389,0.0016948
300.91,0.20035,0.2,0.00029408,0.0017552
297.44,0.20037,0.2,0.00030567,0.0018237
293.91,0.20038,0.2,0.00031816,0.0018975
290.37,0.2004,0.2,0.00033157,0.0019767
287.03,0.20041,0.2,0.00034577,0.0020606
284.86,0.20043,0.2,0.00035654,0.0021241
283.14,0.20044,0.2,0.00036729,0.0021876
282,0.20045,0.2,0.00037764,0.0022489
281.57,0.20046,0.2,0.00038712,0.0023051
281.94,0.20047,0.2,0.00039495,0.0023517
283.11,0.20048,0.2,0.00040097,0.0023877
285.05,0.20048,0.2,0.00040476,0.0024108
287.69,0.20049,0.2,0.00040603,0.002419
291.29,0.20048,0.2,0.00040428,0.0024093
295.38,0.20048,0.2,0.00039929,0.0023805
299.73,0.20047,0.2,0.00039138,0.0023343
304.13,0.20046,0.2,0.00038106,0.0022736
308.21,0.20044,0.2,0.00036952,0.0022055
312.07,0.20043,0.2,0.00035694,0.0021311
315.64,0.20041,0.2,0.00034381,0.0020533
318.88,0.2004,0.2,0.00033063,0.001975
322.31,0.20038,0.2,0.00031544,0.0018848
325.28,0.20036,0.2,0.00030111,0.0017996
327.81,0.20035,0.2,0.00028791,0.001721
329.87,0.20033,0.2,0.00027607,0.0016505
331.59,0.20032,0.2,0.00026467,0.0015825
332.67,0.20031,0.2,0.00025515,0.0015258
333.12,0.2003,0.2,0.00024755,0.0014804
333,0.20029,0.2,0.00024183,0.0014463
332.39,0.20029,0.2,0.00023789,0.0014227
331.39,0.20028,0.2,0.00023557,0.0014088
330.05,0.20028,0.2,0.00023473,0.0014037
328.4,0.20028,0.2,0.00023521,0.0014065
326.51,0.20028,0.2,0.00023679,0.0014158
324.28,0.20029,0.2,0.00023948,0.0014317
321.7,0.20029,0.2,0.00024329,0.0014543
318.81,0.2003,0.2,0.00024823,0.0014836
315.68,0.2003,0.2,0.00025431,0.0015196
312.42,0.20031,0.2,0.00026149,0.0015621
309.13,0.20032,0.2,0.00026968,0.0016106
305.85,0.20033,0.2,0.00027876,0.0016645
303.17,0.20034,0.2,0.00028685,0.0017124
300.48,0.20035,0.2,0.00029545,0.0017632
297.77,0.20036,0.2,0.00030456,0.0018171
295.01,0.20038,0.2,0.00031419,0.0018741
292.25,0.20039,0.2,0.00032429,0.0019338
289.53,0.2004,0.2,0.00033494,0.0019966
286.97,0.20041,0.2,0.00034604,0.0020621
284.71,0.20043,0.2,0.00035741,0.0021293
282.98,0.20044,0.2,0.00036851,0.0021948
281.9,0.20045,0.2,0.00037911,0.0022575
281.61,0.20047,0.2,0.00038869,0.0023144
282.21,0.20047,0.2,0.00039665,0.0023619
283.67,0.20048,0.2,0.00040228,0.0023957
285.94,0.20049,0.2,0.00040536,0.0024145
288.93,0.20049,0.2,0.00040564,0.0024169
292.48,0.20048,0.2,0.000403,0.002402
296.61,0.20048,0.2,0.0003972,0.0023684
300.94,0.20047,0.2,0.00038869,0.0023185
305.25,0.20045,0.2,0.000378,0.0022556
309.41,0.20044,0.2,0.00036572,0.002183
313.62,0.20042,0.2,0.00035137,0.0020981
317.45,0.2004,0.2,0.00033661,0.0020106
320.86,0.20039,0.2,0.00032201,0.0019238
323.87,0.20037,0.2,0.00030802,0.0018407
326.52,0.20035,0.2,0.00029481,0.0017621
328.75,0.20034,0.2,0.00028274,0.0016902
330.54,0.20033,0.2,0.00027195,0.001626
331.88,0.20031,0.2,0.00026254,0.0015699
332.8,0.2003,0.2,0.00025376,0.0015175
333.16,0.2003,0.2,0.00024674,0.0014756
333,0.20029,0.2,0.00024143,0.0014439
332.39,0.20029,0.2,0.00023774,0.0014218
331.42,0.20028,0.2,0.00023552,0.0014085
330.13,0.20028,0.2,0.00023466,0.0014033
328.55,0.20028,0.2,0.00023506,0.0014056
326.65,0.20028,0.2,0.00023661,0.0014147
324.29,0.20029,0.2,0.00023943,0.0014314
321.55,0.20029,0.2,0.0002435,0.0014555
318.45,0.2003,0.2,0.00024887,0.0014873
315.1,0.20031,0.2,0.00025551,0.0015267
311.44,0.20032,0.2,0.00026381,0.0015759
307.76,0.20033,0.2,0.00027333,0.0016323
304.11,0.20034,0.2,0.00028393,0.001695
300.47,0.20035,0.2,0.00029548,0.0017634
296.92,0.20037,0.2,0.00030745,0.0018342
293.3,0.20038,0.2,0.00032036,0.0019105
289.71,0.2004,0.2,0.00033423,0.0019924
286.37,0.20042,0.2,0.00034888,0.0020789
284.21,0.20043,0.2,0.00036035,0.0021466
282.6,0.20044,0.2,0.00037164,0.0022134
281.73,0.20046,0.2,0.00038227,0.0022763
281.73,0.20047,0.2,0.00039163,0.0023319
282.58,0.20048,0.2,0.00039852,0.002373
284.23,0.20048,0.2,0.0004033,0.0024018
286.63,0.20049,0.2,0.00040561,0.0024162
289.66,0.20049,0.2,0.00040524,0.0024147
293.88,0.20048,0.2,0.00040125,0.0023919
298.49,0.20047,0.2,0.00039373,0.0023481
303.22,0.20046,0.2,0.00038324,0.0022865
307.85,0.20044,0.2,0.00037051,0.0022114
311.94,0.20043,0.2,0.00035731,0.0021333
315.71,0.20041,0.2,0.0003435,0.0020515
319.12,0.2004,0.2,0.00032961,0.001969
322.16,0.20038,0.2,0.00031607,0.0018886
325.03,0.20036,0.2,0.00030236,0.001807
327.49,0.20035,0.2,0.00028968,0.0017316
329.54,0.20033,0.2,0.00027818,0.0016631
331.14,0.20032,0.2,0.000268,0.0016024
332.44,0.20031,0.2,0.00025777,0.0015414
333.09,0.2003,0.2,0.00024949,0.001492
333.13,0.20029,0.2,0.00024316,0.0014542
332.64,0.20029,0.2,0.00023869,0.0014275
331.7,0.20028,0.2,0.00023589,0.0014107
330.41,0.20028,0.2,0.00023468,0.0014034
328.77,0.20028,0.2,0.00023491,0.0014047
326.79,0.20028,0.2,0.00023645,0.0014138
324.36,0.20029,0.2,0.00023932,0.0014308
321.5,0.20029,0.2,0.00024355,0.0014558
318.28,0.2003,0.2,0.00024918,0.0014892
314.78,0.20031,0.2,0.00025618,0.0015307
311.15,0.20032,0.2,0.00026451,0.00158
307.51,0.20033,0.2,0.00027402,0.0016364
303.9,0.20034,0.2,0.00028456,0.0016988
300.3,0.20035,0.2,0.00029605,0.0017668
296.84,0.20037,0.2,0.00030773,0.0018359
293.32,0.20038,0.2,0.0003203,0.0019102
289.82,0.2004,0.2,0.00033379,0.0019898
286.55,0.20042,0.2,0.00034801,0.0020738
284.38,0.20043,0.2,0.00035933,0.0021406
282.74,0.20044,0.2,0.00037052,0.0022067
281.8,0.20046,0.2,0.00038111,0.0022694
281.69,0.20047,0.2,0.00039052,0.0023253
282.43,0.20048,0.2,0.00039764,0.0023678
283.96,0.20048,0.2,0.00040271,0.0023983
286.25,0.20049,0.2,0.00040538,0.0024148
289.2,0.20049,0.2,0.0004054,0.0024156
293.46,0.20048,0.2,0.00040174,0.0023947
298.16,0.20047,0.2,0.00039432,0.0023515
303.01,0.20046,0.2,0.00038374,0.0022894
307.76,0.20044,0.2,0.00037076,0.0022128
311.84,0.20043,0.2,0.00035765,0.0021353
315.59,0.20041,0.2,0.00034393,0.002054
319,0.2004,0.2,0.00033011,0.001972
322.04,0.20038,0.2,0.00031663,0.0018919
324.93,0.20036,0.2,0.00030288,0.0018101
327.41,0.20035,0.2,0.00029015,0.0017343
329.47,0.20033,0.2,0.0002786,0.0016656
331.09,0.20032,0.2,0.00026836,0.0016046
332.42,0.20031,0.2,0.000258,0.0015428
333.09,0.2003,0.2,0.00024962,0.0014928
333.14,0.20029,0.2,0.00024322,0.0014546
332.65,0.20029,0.2,0.00023869,0.0014275
331.72,0.20028,0.2,0.00023587,0.0014106
330.42,0.20028,0.2,0.00023465,0.0014033
328.77,0.20028,0.2,0.00023488,0.0014045
326.78,0.20028,0.2,0.00023644,0.0014137
324.35,0.20029,0.2,0.00023932,0.0014308
321.49,0.20029,0.2,0.00024356,0.0014559
318.26,0.2003,0.2,0.0002492,0.0014893
314.76,0.20031,0.2,0.00025621,0.0015309
311.14,0.20032,0.2,0.00026453,0.0015801
307.51,0.20033,0.2,0.00027402,0.0016363
303.91,0.20034,0.2,0.00028454,0.0016987
300.32,0.20035,0.2,0.00029599,0.0017664
296.86,0.20037,0.2,0.00030766,0.0018355
293.34,0.20038,0.2,0.00032022,0.0019097
289.84,0.2004,0.2,0.00033369,0.0019893
286.57,0.20042,0.2,0.00034791,0.0020732
284.4,0.20043,0.2,0.0003592,0.0021398
282.76,0.20044,0.2,0.00037037,0.0022058
281.81,0.20046,0.2,0.00038095,0.0022685
281.7,0.20047,0.2,0.00039036,0.0023243
282.41,0.20048,0.2,0.0003975,0.002367
283.94,0.20048,0.2,0.00040261,0.0023977
286.22,0.20049,0.2,0.00040532,0.0024144
289.15,0.20049,0.2,0.00040539,0.0024155
293.42,0.20048,0.2,0.00040176,0.0023948
298.13,0.20047,0.2,0.00039435,0.0023517
303,0.20046,0.2,0.00038375,0.0022895
307.76,0.20044,0.2,0.00037074,0.0022127
311.83,0.20043,0.2,0.00035765,0.0021353
315.59,0.20041,0.2,0.00034393,0.002054
319,0.2004,0.2,0.00033012,0.001972
322.04,0.20038,0.2,0.00031664,0.001892
324.93,0.20036,0.2,0.00030289,0.0018102
327.41,0.20035,0.2,0.00029016,0.0017344
329.47,0.20033,0.2,0.00027861,0.0016656
331.09,0.20032,0.2,0.00026837,0.0016046
332.42,0.20031,0.2,0.000258,0.0015428
333.09,0.2003,0.2,0.00024961,0.0014928
333.14,0.20029,0.2,0.0002432,0.0014545
332.66,0.20029,0.2,0.00023868,0.0014274
331.72,0.20028,0.2,0.00023586,0.0014105
330.42,0.20028,0.2,0.00023464,0.0014032
328.78,0.20028,0.2,0.00023487,0.0014044
326.79,0.20028,0.2,0.00023642,0.0014136
324.35,0.20029,0.2,0.00023931,0.0014307
321.49,0.20029,0.2,0.00024355,0.0014558
318.26,0.2003,0.2,0.00024919,0.0014892
314.76,0.20031,0.2,0.0002562,0.0015308
311.14,0.20032,0.2,0.00026452,0.0015801
307.51,0.20033,0.2,0.000274,0.0016363
303.91,0.20034,0.2,0.00028452,0.0016985
300.32,0.20035,0.2,0.00029597,0.0017663
296.87,0.20037,0.2,0.00030764,0.0018354
293.34,0.20038,0.2,0.0003202,0.0019096
289.84,0.2004,0.2,0.00033367,0.0019891
286.58,0.20042,0.2,0.00034788,0.002073
284.41,0.20043,0.2,0.00035917,0.0021397
282.77,0.20044,0.2,0.00037034,0.0022057
281.82,0.20046,0.2,0.00038091,0.0022683
281.7,0.20047,0.2,0.00039033,0.0023241
282.42,0.20048,0.2,0.00039747,0.0023668
283.94,0.20048,0.2,0.00040258,0.0023975
286.22,0.20049,0.2,0.0004053,0.0024142
289.15,0.20049,0.2,0.00040537,0.0024153
293.42,0.20048,0.2,0.00040174,0.0023947
298.13,0.20047,0.2,0.00039433,0.0023516
303,0.20046,0.2,0.00038374,0.0022894
307.77,0.20044,0.2,0.00037072,0.0022126
311.84,0.20043,0.2,0.00035763,0.0021352
315.59,0.20041,0.2,0.00034392,0.0020539
319,0.2004,0.2,0.0003301,0.0019719
322.04,0.20038,0.2,0.00031663,0.0018919
324.93,0.20036,0.2,0.00030288,0.0018101
327.41,0.20035,0.2,0.00029015,0.0017343
329.47,0.20033,0.2,0.00027859,0.0016655
331.1,0.20032,0.2,0.00026835,0.0016045
332.42,0.20031,0.2,0.00025798,0.0015427
333.1,0.2003,0.2,0.0002496,0.0014927
333.15,0.20029,0.2,0.00024319,0.0014544
332.66,0.20029,0.2,0.00023866,0.0014273
331.73,0.20028,0.2,0.00023585,0.0014105
330.42,0.20028,0.2,0.00023463,0.0014031
328.78,0.20028,0.2,0.00023486,0.0014044
326.79,0.20028,0.2,0.00023641,0.0014136
324.35,0.20029,0.2,0.0002393,0.0014306
321.5,0.20029,0.2,0.00024354,0.0014558
318.27,0.2003,0.2,0.00024918,0.0014892
314.77,0.20031,0.2,0.00025619,0.0015307
311.15,0.20032,0.2,0.00026451,0.00158
307.51,0.20033,0.2,0.00027399,0.0016362
303.91,0.20034,0.2,0.00028451,0.0016985
300.32,0.20035,0.2,0.00029596,0.0017663
296.87,0.20037,0.2,0.00030763,0.0018353
293.35,0.20038,0.2,0.00032019,0.0019095
289.85,0.2004,0.2,0.00033366,0.001989
286.58,0.20042,0.2,0.00034787,0.0020729
284.41,0.20043,0.2,0.00035916,0.0021396
282.77,0.20044,0.2,0.00037032,0.0022056
281.82,0.20046,0.2,0.0003809,0.0022682
281.7,0.20047,0.2,0.00039031,0.0023241
282.42,0.20048,0.2,0.00039746,0.0023667
283.94,0.20048,0.2,0.00040257,0.0023975
286.22,0.20049,0.2,0.00040528,0.0024141
289.15,0.20049,0.2,0.00040535,0.0024152
293.42,0.20048,0.2,0.00040172,0.0023946
298.13,0.20047,0.2,0.00039432,0.0023515
303,0.20046,0.2,0.00038372,0.0022893
307.77,0.20044,0.2,0.00037071,0.0022125
311.84,0.20043,0.2,0.00035761,0.0021351
315.6,0.20041,0.2,0.0003439,0.0020538
319,0.2004,0.2,0.00033009,0.0019718
322.05,0.20038,0.2,0.00031662,0.0018918
324.93,0.20036,0.2,0.00030287,0.00181
327.41,0.20035,0.2,0.00029014,0.0017343
329.48,0.20033,0.2,0.00027858,0.0016655
331.1,0.20032,0.2,0.00026834,0.0016045
332.43,0.20031,0.2,0.00025797,0.0015426
333.1,0.2003,0.2,0.00024959,0.0014926
333.15,0.20029,0.2,0.00024318,0.0014544
332.66,0.20029,0.2,0.00023866,0.0014273
331.73,0.20028,0.2,0.00023584,0.0014104
330.43,0.20028,0.2,0.00023462,0.0014031
328.79,0.20028,0.2,0.00023485,0.0014043
326.79,0.20028,0.2,0.0002364,0.0014135
324.35,0.20029,0.2,0.00023929,0.0014306
321.5,0.20029,0.2,0.00024353,0.0014557
318.27,0.2003,0.2,0.00024917,0.0014891
314.77,0.20031,0.2,0.00025618,0.0015307
311.15,0.20032,0.2,0.0002645,0.00158
307.51,0.20033,0.2,0.00027398,0.0016361
303.92,0.20034,0.2,0.0002845,0.0016984
300.33,0.20035,0.2,0.00029595,0.0017662
296.87,0.20037,0.2,0.00030762,0.0018352
293.35,0.20038,0.2,0.00032018,0.0019095
289.85,0.2004,0.2,0.00033365,0.001989
286.58,0.20042,0.2,0.00034786,0.0020729
284.41,0.20043,0.2,0.00035915,0.0021395
282.77,0.20044,0.2,0.00037031,0.0022055
281.82,0.20046,0.2,0.00038089,0.0022681
281.7,0.20047,0.2,0.0003903,0.002324
282.42,0.20048,0.2,0.00039745,0.0023666
283.94,0.20048,0.2,0.00040256,0.0023974
286.22,0.20049,0.2,0.00040527,0.0024141
289.16,0.20049,0.2,0.00040534,0.0024152
293.42,0.20048,0.2,0.00040171,0.0023945
298.13,0.20047,0.2,0.00039431,0.0023514
303,0.20046,0.2,0.00038371,0.0022892
307.77,0.20044,0.2,0.0003707,0.0022125
311.84,0.20043,0.2,0.0003576,0.002135
315.6,0.20041,0.2,0.00034389,0.0020538
319,0.2004,0.2,0.00033008,0.0019718
322.05,0.20038,0.2,0.00031661,0.0018918
324.94,0.20036,0.2,0.00030286,0.00181
327.42,0.20035,0.2,0.00029013,0.0017342
329.48,0.20033,0.2,0.00027858,0.0016654
331.1,0.20032,0.2,0.00026834,0.0016044
332.43,0.20031,0.2,0.00025797,0.0015426
333.1,0.2003,0.2,0.00024959,0.0014926
333.15,0.20029,0.2,0.00024318,0.0014543
332.67,0.20029,0.2,0.00023865,0.0014273
331.73,0.20028,0.2,0.00023583,0.0014104
330.43,0.20028,0.2,0.00023462,0.001403
328.79,0.20028,0.2,0.00023484,0.0014043
326.79,0.20028,0.2,0.0002364,0.0014135
324.36,0.20029,0.2,0.00023928,0.0014306
321.5,0.20029,0.2,0.00024353,0.0014557
318.27,0.2003,0.2,0.00024917,0.0014891
314.77,0.20031,0.2,0.00025618,0.0015307
311.15,0.20032,0.2,0.00026449,0.0015799
307.52,0.20033,0.2,0.00027398,0.0016361
303.92,0.20034,0.2,0.00028449,0.0016984
300.33,0.20035,0.2,0.00029594,0.0017662
296.87,0.20037,0.2,0.00030761,0.0018352
293.35,0.20038,0.2,0.00032017,0.0019094
289.85,0.2004,0.2,0.00033364,0.001989
286.58,0.20042,0.2,0.00034785,0.0020728
284.42,0.20043,0.2,0.00035914,0.0021395
282.77,0.20044,0.2,0.00037031,0.0022055
281.82,0.20046,0.2,0.00038088,0.0022681
281.71,0.20047,0.2,0.00039029,0.002324
282.42,0.20048,0.2,0.00039744,0.0023666
283.95,0.20048,0.2,0.00040255,0.0023974
286.22,0.20049,0.2,0.00040527,0.0024141
289.16,0.20049,0.2,0.00040533,0.0024152
293.42,0.20048,0.2,0.00040171,0.0023945
298.14,0.20047,0.2,0.0003943,0.0023514
303,0.20046,0.2,0.00038371,0.0022892
307.77,0.20044,0.2,0.00037069,0.0022124
311.84,0.20043,0.2,0.0003576,0.002135
315.6,0.20041,0.2,0.00034389,0.0020537
319,0.2004,0.2,0.00033007,0.0019718
322.05,0.20038,0.2,0.00031661,0.0018917
324.94,0.20036,0.2,0.00030286,0.00181
327.42,0.20035,0.2,0.00029012,0.0017342
329.48,0.20033,0.2,0.00027857,0.0016654
331.1,0.20032,0.2,0.00026833,0.0016044
332.43,0.20031,0.2,0.00025797,0.0015426
333.1,0.2003,0.2,0.00024958,0.0014926
333.15,0.20029,0.2,0.00024318,0.0014543
332.67,0.20029,0.2,0.00023865,0.0014273
331.73,0.20028,0.2,0.00023583,0.0014104
330.43,0.20028,0.2,0.00023461,0.001403
328.79,0.20028,0.2,0.00023484,0.0014043
326.79,0.20028,0.2,0.0002364,0.0014135
324.36,0.20029,0.2,0.00023928,0.0014305
321.5,0.20029,0.2,0.00024353,0.0014557
318.27,0.2003,0.2,0.00024916,0.0014891
314.77,0.20031,0.2,0.00025618,0.0015306
311.15,0.20032,0.2,0.00026449,0.0015799
307.52,0.20033,0.2,0.00027397,0.0016361
303.92,0.20034,0.2,0.00028449,0.0016984
300.33,0.20035,0.2,0.00029594,0.0017662
296.87,0.20037,0.2,0.00030761,0.0018352
293.35,0.20038,0.2,0.00032017,0.0019094
289.85,0.2004,0.2,0.00033364,0.0019889
286.58,0.20042,0.2,0.00034785,0.0020728
284.42,0.20043,0.2,0.00035914,0.0021395
282.77,0.20044,0.2,0.0003703,0.0022055
281.82,0.20046,0.2,0.00038088,0.0022681
281.71,0.20047,0.2,0.00039029,0.0023239
282.42,0.20048,0.2,0.00039744,0.0023666
283.95,0.20048,0.2,0.00040255,0.0023973
286.22,0.20049,0.2,0.00040526,0.002414
289.16,0.20049,0.2,0.00040533,0.0024151
293.42,0.20048,0.2,0.0004017,0.0023945
298.14,0.20047,0.2,0.0003943,0.0023514
303,0.20046,0.2,0.0003837,0.0022892
307.77,0.20044,0.2,0.00037069,0.0022124
311.84,0.20043,0.2,0.00035759,0.002135
315.6,0.20041,0.2,0.00034389,0.0020537
319.01,0.2004,0.2,0.00033007,0.0019717
322.05,0.20038,0.2,0.0003166,0.0018917
324.94,0.20036,0.2,0.00030285,0.00181
327.42,0.20035,0.2,0.00029012,0.0017342
329.48,0.20033,0.2,0.00027857,0.0016654
331.1,0.20032,0.2,0.00026833,0.0016044
332.43,0.20031,0.2,0.00025796,0.0015426
333.1,0.2003,0.2,0.00024958,0.0014926
333.15,0.20029,0.2,0.00024317,0.0014543
332.67,0.20029,0.2,0.00023865,0.0014272
331.73,0.20028,0.2,0.00023583,0.0014104
330.43,0.20028,0.2,0.00023461,0.001403
328.79,0.20028,0.2,0.00023484,0.0014043
326.79,0.20028,0.2,0.0002364,0.0014135
324.36,0.20029,0.2,0.00023928,0.0014305
321.5,0.20029,0.2,0.00024352,0.0014557
318.27,0.2003,0.2,0.00024916,0.0014891
314.77,0.20031,0.2,0.00025617,0.0015306
311.15,0.20032,0.2,0.00026449,0.0015799
307.52,0.20033,0.2,0.00027397,0.0016361
303.92,0.20034,0.2,0.00028449,0.0016984
300.33,0.20035,0.2,0.00029594,0.0017661
296.87,0.20037,0.2,0.00030761,0.0018352
293.35,0.20038,0.2,0.00032017,0.0019094
289.85,0.2004,0.2,0.00033364,0.0019889
286.58,0.20042,0.2,0.00034785,0.0020728
284.42,0.20043,0.2,0.00035914,0.0021395
282.77,0.20044,0.2,0.0003703,0.0022054
281.82,0.20046,0.2,0.00038088,0.002268
281.71,0.20047,0.2,0.00039029,0.0023239
282.42,0.20048,0.2,0.00039743,0.0023666
283.95,0.20048,0.2,0.00040255,0.0023973
286.22,0.20049,0.2,0.00040526,0.002414
289.16,0.20049,0.2,0.00040533,0.0024151
293.42,0.20048,0.2,0.0004017,0.0023945
298.14,0.20047,0.2,0.0003943,0.0023514
303,0.20046,0.2,0.0003837,0.0022891
307.77,0.20044,0.2,0.00037069,0.0022124
311.84,0.20043,0.2,0.00035759,0.002135
315.6,0.20041,0.2,0.00034388,0.0020537
319.01,0.2004,0.2,0.00033007,0.0019717
322.05,0.20038,0.2,0.0003166,0.0018917
324.94,0.20036,0.2,0.00030285,0.0018099
327.42,0.20035,0.2,0.00029012,0.0017342
329.48,0.20033,0.2,0.00027857,0.0016654
331.1,0.20032,0.2,0.00026833,0.0016044
332.43,0.20031,0.2,0.00025796,0.0015426
333.1,0.2003,0.2,0.00024958,0.0014926
333.15,0.20029,0.2,0.00024317,0.0014543
332.67,0.20029,0.2,0.00023865,0.0014272
331.73,0.20028,0.2,0.00023583,0.0014104
330.43,0.20028,0.2,0.00023461,0.001403
328.79,0.20028,0.2,0.00023484,0.0014043
326.79,0.20028,0.2,0.00023639,0.0014135
324.36,0.20029,0.2,0.00023928,0.0014305
321.5,0.20029,0.2,0.00024352,0.0014557
318.27,0.2003,0.2,0.00024916,0.0014891
314.77,0.20031,0.2,0.00025617,0.0015306
311.15,0.20032,0.2,0.00026449,0.0015799
307.52,0.20033,0.2,0.00027397,0.0016361
303.92,0.20034,0.2,0.00028449,0.0016984
300.33,0.20035,0.2,0.00029594,0.0017661
296.87,0.20037,0.2,0.00030761,0.0018352
293.35,0.20038,0.2,0.00032017,0.0019094
289.85,0.2004,0.2,0.00033364,0.0019889
286.58,0.20042,0.2,0.00034785,0.0020728
284.42,0.20043,0.2,0.00035914,0.0021395
282.77,0.20044,0.2,0.0003703,0.0022054
281.82,0.20046,0.2,0.00038088,0.002268
281.71,0.20047,0.2,0.00039029,0.0023239
282.42,0.20048,0.2,0.00039743,0.0023665
283.95,0.20048,0.2,0.00040254,0.0023973
286.22,0.20049,0.2,0.00040526,0.002414
289.16,0.20049,0.2,0.00040533,0.0024151
293.42,0.20048,0.2,0.0004017,0.0023945
298.14,0.20047,0.2,0.00039429,0.0023514
303,0.20046,0.2,0.0003837,0.0022891
307.77,0.20044,0.2,0.00037068,0.0022124
311.84,0.20043,0.2,0.00035759,0.0021349
315.6,0.20041,0.2,0.00034388,0.0020537
319.01,0.2004,0.2,0.00033007,0.0019717
322.05,0.20038,0.2,0.0003166,0.0018917
324.94,0.20036,0.2,0.00030285,0.0018099
327.42,0.20035,0.2,0.00029012,0.0017342
329.48,0.20033,0.2,0.00027857,0.0016654
331.1,0.20032,0.2,0.00026833,0.0016044
332.43,0.20031,0.2,0.00025796,0.0015426
333.1,0.2003,0.2,0.00024958,0.0014926
333.15,0.20029,0.2,0.00024317,0.0014543
332.67,0.20029,0.2,0.00023865,0.0014272
331.73,0.20028,0.2,0.00023583,0.0014104
330.43,0.20028,0.2,0.00023461,0.001403
328.79,0.20028,0.2,0.00023484,0.0014043
326.79,0.20028,0.2,0.00023639,0.0014134
324.36,0.20029,0.2,0.00023928,0.0014305
321.5,0.20029,0.2,0.00024352,0.0014557
318.27,0.2003,0.2,0.00024916,0.0014891
314.77,0.20031,0.2,0.00025617,0.0015306
311.15,0.20032,0.2,0.00026449,0.0015799
307.52,0.20033,0.2,0.00027397,0.0016361
303.92,0.20034,0.2,0.00028449,0.0016984
300.33,0.20035,0.2,0.00029594,0.0017661
296.87,0.20037,0.2,0.00030761,0.0018352
293.35,0.20038,0.2,0.00032017,0.0019094
289.85,0.2004,0.2,0.00033364,0.0019889
286.58,0.20042,0.2,0.00034785,0.0020728
284.42,0.20043,0.2,0.00035913,0.0021394
282.77,0.20044,0.2,0.0003703,0.0022054
281.82,0.20046,0.2,0.00038088,0.002268
281.71,0.20047,0.2,0.00039029,0.0023239
282.42,0.20048,0.2,0.00039743,0.0023665
283.95,0.20048,0.2,0.00040254,0.0023973
286.23,0.20049,0.2,0.00040526,0.002414
289.16,0.20049,0.2,0.00040533,0.0024151
293.42,0.20048,0.2,0.0004017,0.0023945
298.14,0.20047,0.2,0.00039429,0.0023513
303,0.20046,0.2,0.0003837,0.0022891
307.77,0.20044,0.2,0.00037068,0.0022124
311.84,0.20043,0.2,0.00035759,0.0021349
315.6,0.20041,0.2,0.00034388,0.0020537
319.01,0.2004,0.2,0.00033007,0.0019717
322.05,0.20038,0.2,0.0003166,0.0018917
324.94,0.20036,0.2,0.00030285,0.0018099
327.42,0.20035,0.2,0.00029012,0.0017342
329.48,0.20033,0.2,0.00027857,0.0016654
331.1,0.20032,0.2,0.00026833,0.0016044
332.43,0.20031,0.2,0.00025796,0.0015426
333.1,0.2003,0.2,0.00024958,0.0014926
333.15,0.20029,0.2,0.00024317,0.0014543
332.67,0.20029,0.2,0.00023865,0.0014272
331.73,0.20028,0.2,0.00023583,0.0014104
330.43,0.20028,0.2,0.00023461,0.001403
328.79,0.20028,0.2,0.00023484,0.0014043
326.8,0.20028,0.2,0.00023639,0.0014134
324.36,0.20029,0.2,0.00023928,0.0014305
321.5,0.20029,0.2,0.00024352,0.0014557
318.27,0.2003,0.2,0.00024916,0.0014891
314.77,0.20031,0.2,0.00025617,0.0015306
311.15,0.20032,0.2,0.00026449,0.0015799
307.52,0.20033,0.2,0.00027397,0.0016361
303.92,0.20034,0.2,0.00028449,0.0016984
300.33,0.20035,0.2,0.00029594,0.0017661
296.87,0.20037,0.2,0.00030761,0.0018352
293.35,0.20038,0.2,0.00032017,0.0019094
289.85,0.2004,0.2,0.00033363,0.0019889
286.58,0.20042,0.2,0.00034784,0.0020728
284.42,0.20043,0.2,0.00035913,0.0021394
282.77,0.20044,0.2,0.0003703,0.0022054
281.82,0.20046,0.2,0.00038087,0.002268
281.71,0.20047,0.2,0.00039029,0.0023239
282.43,0.20048,0.2,0.00039743,0.0023665
283.95,0.20048,0.2,0.00040254,0.0023973
286.23,0.20049,0.2,0.00040526,0.002414
289.16,0.20049,0.2,0.00040532,0.0024151
293.42,0.20048,0.2,0.0004017,0.0023945
298.14,0.20047,0.2,0.00039429,0.0023513
303.01,0.20046,0.2,0.0003837,0.0022891
307.77,0.20044,0.2,0.00037068,0.0022124
311.84,0.20043,0.2,0.00035759,0.0021349
315.6,0.20041,0.2,0.00034388,0.0020537
319.01,0.2004,0.2,0.00033007,0.0019717
322.05,0.20038,0.2,0.0003166,0.0018917
324.94,0.20036,0.2,0.00030285,0.0018099
327.42,0.20035,0.2,0.00029012,0.0017342
329.48,0.20033,0.2,0.00027857,0.0016654
331.1,0.20032,0.2,0.00026833,0.0016044
332.43,0.20031,0.2,0.00025796,0.0015426
333.1,0.2003,0.2,0.00024958,0.0014926
333.15,0.20029,0.2,0.00024317,0.0014543
332.67,0.20029,0.2,0.00023864,0.0014272
331.73,0.20028,0.2,0.00023583,0.0014104
330.43,0.20028,0.2,0.00023461,0.001403
328.79,0.20028,0.2,0.00023484,0.0014043
326.8,0.20028,0.2,0.00023639,0.0014134
324.36,0.20029,0.2,0.00023928,0.0014305
321.5,0.20029,0.2,0.00024352,0.0014557
318.27,0.2003,0.2,0.00024916,0.0014891
314.77,0.20031,0.2,0.00025617,0.0015306
311.15,0.20032,0.2,0.00026449,0.0015799
307.52,0.20033,0.2,0.00027397,0.0016361
303.92,0.20034,0.2,0.00028449,0.0016984
300.33,0.20035,0.2,0.00029594,0.0017661
296.87,0.20037,0.2,0.00030761,0.0018352
293.35,0.20038,0.2,0.00032017,0.0019094
289.85,0.2004,0.2,0.00033363,0.0019889
286.58,0.20042,0.2,0.00034784,0.0020728
284.42,0.20043,0.2,0.00035913,0.0021394
282.77,0.20044,0.2,0.0003703,0.0022054
281.82,0.20046,0.2,0.00038087,0.002268
281.71,0.20047,0.2,0.00039029,0.0023239
282.43,0.20048,0.2,0.00039743,0.0023665
283.95,0.20048,0.2,0.00040254,0.0023973
286.23,0.20049,0.2,0.00040526,0.002414
289.16,0.20049,0.2,0.00040532,0.0024151
293.42,0.20048,0.2,0.0004017,0.0023944
298.14,0.20047,0.2,0.00039429,0.0023513
303.01,0.20046,0.2,0.0003837,0.0022891
307.77,0.20044,0.2,0.00037068,0.0022124
311.84,0.20043,0.2,0.00035759,0.0021349
315.6,0.20041,0.2,0.00034388,0.0020537
319.01,0.2004,0.2,0.00033007,0.0019717
322.05,0.20038,0.2,0.0003166,0.0018917
324.94,0.20036,0.2,0.00030285,0.0018099
327.42,0.20035,0.2,0.00029012,0.0017342
329.48,0.20033,0.2,0.00027857,0.0016654
331.1,0.20032,0.2,0.00026833,0.0016044
332.43,0.20031,0.2,0.00025796,0.0015426
333.1,0.2003,0.2,0.00024958,0.0014926
333.15,0.20029,0.2,0.00024317,0.0014543
332.67,0.20029,0.2,0.00023864,0.0014272
331.73,0.20028,0.2,0.00023583,0.0014104
330.43,0.20028,0.2,0.00023461,0.001403
328.79,0.20028,0.2,0.00023484,0.0014043
326.8,0.20028,0.2,0.00023639,0.0014134
324.36,0.20029,0.2,0.00023928,0.0014305
321.5,0.20029,0.2,0.00024352,0.0014556
318.27,0.2003,0.2,0.00024916,0.0014891
314.77,0.20031,0.2,0.00025617,0.0015306
311.15,0.20032,0.2,0.00026449,0.0015799
307.52,0.20033,0.2,0.00027397,0.0016361
303.92,0.20034,0.2,0.00028449,0.0016984
300.33,0.20035,0.2,0.00029594,0.0017661
296.87,0.20037,0.2,0.00030761,0.0018352
293.35,0.20038,0.2,0.00032016,0.0019094
289.85,0.2004,0.2,0.00033363,0.0019889
286.58,0.20042,0.2,0.00034784,0.0020728
284.42,0.20043,0.2,0.00035913,0.0021394
282.77,0.20044,0.2,0.0003703,0.0022054
281.82,0.20046,0.2,0.00038087,0.002268
281.71,0.20047,0.2,0.00039028,0.0023239
282.43,0.20048,0.2,0.00039743,0.0023665
283.95,0.20048,0.2,0.00040254,0.0023973
286.23,0.20049,0.2,0.00040526,0.002414
289.16,0.20049,0.2,0.00040532,0.0024151
293.42,0.20048,0.2,0.0004017,0.0023944
298.14,0.20047,0.2,0.00039429,0.0023513
303.01,0.20046,0.2,0.0003837,0.0022891
307.77,0.20044,0.2,0.00037068,0.0022124
311.85,0.20043,0.2,0.00035759,0.0021349
315.6,0.20041,0.2,0.00034388,0.0020537
319.01,0.2004,0.2,0.00033007,0.0019717
322.05,0.20038,0.2,0.0003166,0.0018917
324.94,0.20036,0.2,0.00030285,0.0018099
327.42,0.20035,0.2,0.00029012,0.0017342
329.48,0.20033,0.2,0.00027857,0.0016654
331.1,0.20032,0.2,0.00026833,0.0016044
332.43,0.20031,0.2,0.00025796,0.0015425
333.1,0.2003,0.2,0.00024958,0.0014925
333.15,0.20029,0.2,0.00024317,0.0014543
332.67,0.20029,0.2,0.00023864,0.0014272
331.73,0.20028,0.2,0.00023583,0.0014103
330.43,0.20028,0.2,0.00023461,0.001403
328.79,0.20028,0.2,0.00023484,0.0014043
326.8,0.20028,0.2,0.00023639,0.0014134
324.36,0.20029,0.2,0.00023928,0.0014305
321.5,0.20029,0.2,0.00024352,0.0014556
318.27,0.2003,0.2,0.00024916,0.0014891
314.77,0.20031,0.2,0.00025617,0.0015306
311.15,0.20032,0.2,0.00026449,0.0015799
307.52,0.20033,0.2,0.00027397,0.0016361
303.92,0.20034,0.2,0.00028449,0.0016984
300.33,0.20035,0.2,0.00029594,0.0017661
296.87,0.20037,0.2,0.00030761,0.0018352
293.35,0.20038,0.2,0.00032016,0.0019094
289.85,0.2004,0.2,0.00033363,0.0019889
286.58,0.20042,0.2,0.00034784,0.0020728
284.42,0.20043,0.2,0.00035913,0.0021394
282.77,0.20044,0.2,0.0003703,0.0022054
281.83,0.20046,0.2,0.00038087,0.002268
281.71,0.20047,0.2,0.00039028,0.0023239
282.43,0.20048,0.2,0.00039743,0.0023665
283.95,0.20048,0.2,0.00040254,0.0023973
286.23,0.20049,0.2,0.00040526,0.002414
289.16,0.20049,0.2,0.00040532,0.0024151
293.42,0.20048,0.2,0.0004017,0.0023944
298.14,0.20047,0.2,0.00039429,0.0023513
303.01,0.20046,0.2,0.00038369,0.0022891
307.77,0.20044,0.2,0.00037068,0.0022124
311.85,0.20043,0.2,0.00035759,0.0021349
315.6,0.20041,0.2,0.00034388,0.0020537
319.01,0.2004,0.2,0.00033007,0.0019717
322.05,0.20038,0.2,0.0003166,0.0018917
324.94,0.20036,0.2,0.00030285,0.0018099
327.42,0.20035,0.2,0.00029012,0.0017342
329.48,0.20033,0.2,0.00027857,0.0016654
331.1,0.20032,0.2,0.00026833,0.0016044
332.43,0.20031,0.2,0.00025796,0.0015425
333.1,0.2003,0.2,0.00024958,0.0014925
333.15,0.20029,0.2,0.00024317,0.0014543
332.67,0.20029,0.2,0.00023864,0.0014272
331.73,0.20028,0.2,0.00023583,0.0014103
330.43,0.20028,0.2,0.00023461,0.001403
328.79,0.20028,0.2,0.00023484,0.0014043
326.8,0.20028,0.2,0.00023639,0.0014134
324.36,0.20029,0.2,0.00023928,0.0014305
321.5,0.20029,0.2,0.00024352,0.0014556
318.27,0.2003,0.2,0.00024916,0.0014891
314.77,0.20031,0.2,0.00025617,0.0015306
311.15,0.20032,0.2,0.00026449,0.0015799
307.52,0.20033,0.2,0.00027397,0.0016361
303.92,0.20034,0.2,0.00028449,0.0016984
300.33,0.20035,0.2,0.00029594,0.0017661
296.87,0.20037,0.2,0.00030761,0.0018352
293.35,0.20038,0.2,0.00032016,0.0019094
289.85,0.2004,0.2,0.00033363,0.0019889
286.58,0.20042,0.2,0.00034784,0.0020728
284.42,0.20043,0.2,0.00035913,0.0021394
282.77,0.20044,0.2,0.0003703,0.0022054
281.83,0.20046,0.2,0.00038087,0.002268
281.71,0.20047,0.2,0.00039028,0.0023239
282.43,0.20048,0.2,0.00039743,0.0023665
283.95,0.20048,0.2,0.00040254,0.0023973
286.23,0.20049,0.2,0.00040526,0.002414
289.16,0.20049,0.2,0.00040532,0.0024151
293.42,0.20048,0.2,0.00040169,0.0023944
298.14,0.20047,0.2,0.00039429,0.0023513
303.01,0.20046,0.2,0.00038369,0.0022891
307.77,0.20044,0.2,0.00037068,0.0022124
311.85,0.20043,0.2,0.00035759,0.0021349
315.6,0.20041,0.2,0.00034388,0.0020537
319.01,0.2004,0.2,0.00033007,0.0019717
322.05,0.20038,0.2,0.0003166,0.0018917
324.94,0.20036,0.2,0.00030285,0.0018099
327.42,0.20035,0.2,0.00029012,0.0017342
329.48,0.20033,0.2,0.00027857,0.0016654
331.1,0.20032,0.2,0.00026833,0.0016044
332.43,0.20031,0.2,0.00025796,0.0015425
333.1,0.2003,0.2,0.00024958,0.0014925
333.15,0.20029,0.2,0.00024317,0.0014543
332.67,0.20029,0.2,0.00023864,0.0014272
331.73,0.20028,0.2,0.00023583,0.0014103
330.43,0.20028,0.2,0.00023461,0.001403
328.79,0.20028,0.2,0.00023484,0.0014043
326.8,0.20028,0.2,0.00023639,0.0014134
324.36,0.20029,0.2,0.00023928,0.0014305
321.5,0.20029,0.2,0.00024352,0.0014556
318.27,0.2003,0.2,0.00024916,0.0014891
314.77,0.20031,0.2,0.00025617,0.0015306
311.15,0.20032,0.2,0.00026449,0.0015799
307.52,0.20033,0.2,0.00027397,0.0016361
303.92,0.20034,0.2,0.00028449,0.0016984
300.33,0.20035,0.2,0.00029594,0.0017661
296.87,0.20037,0.2,0.00030761,0.0018352
293.35,0.20038,0.2,0.00032016,0.0019094
289.85,0.2004,0.2,0.00033363,0.0019889
286.58,0.20042,0.2,0.00034784,0.0020728
284.42,0.20043,0.2,0.00035913,0.0021394
282.77,0.20044,0.2,0.0003703,0.0022054
281.83,0.20046,0.2,0.00038087,0.002268
281.71,0.20047,0.2,0.00039028,0.0023239
282.43,0.20048,0.2,0.00039743,0.0023665
283.95,0.20048,0.2,0.00040254,0.0023973
286.23,0.20049,0.2,0.00040526,0.002414
289.16,0.20049,0.2,0.00040532,0.0024151
293.42,0.20048,0.2,0.00040169,0.0023944
298.14,0.20047,0.2,0.00039429,0.0023513
303.01,0.20046,0.2,0.00038369,0.0022891
307.77,0.20044,0.2,0.00037068,0.0022124
311.85,0.20043,0.2,0.00035759,0.0021349
315.6,0.20041,0.2,0.00034388,0.0020537
319.01,0.2004,0.2,0.00033007,0.0019717
322.05,0.20038,0.2,0.0003166,0.0018917
324.94,0.20036,0.2,0.00030285,0.0018099
327.42,0.20035,0.2,0.00029012,0.0017342
329.48,0.20033,0.2,0.00027857,0.0016654
331.1,0.20032,0.2,0.00026833,0.0016044
332.43,0.20031,0.2,0.00025796,0.0015425
333.1,0.2003,0.2,0.00024958,0.0014925
333.15,0.20029,0.2,0.00024317,0.0014543
332.67,0.20029,0.2,0.00023864,0.0014272
331.73,0.20028,0.2,0.00023583,0.0014103
330.43,0.20028,0.2,0.00023461,0.001403
328.79,0.20028,0.2,0.00023484,0.0014043
326.8,0.20028,0.2,0.00023639,0.0014134
324.36,0.20029,0.2,0.00023928,0.0014305
321.5,0.20029,0.2,0.00024352,0.0014556
318.27,0.2003,0.2,0.00024916,0.0014891
314.77,0.20031,0.2,0.00025617,0.0015306
311.15,0.20032,0.2,0.00026449,0.0015799
307.52,0.20033,0.2,0.00027397,0.0016361
303.92,0.20034,0.2,0.00028449,0.0016984
300.33,0.20035,0.2,0.00029594,0.0017661
296.87,0.20037,0.2,0.00030761,0.0018352
293.35,0.20038,0.2,0.00032016,0.0019094
289.85,0.2004,0.2,0.00033363,0.0019889
286.58,0.20042,0.2,0.00034784,0.0020728
284.42,0.20043,0.2,0.00035913,0.0021394
282.77,0.20044,0.2,0.0003703,0.0022054
281.83,0.20046,0.2,0.00038087,0.002268
281.71,0.20047,0.2,0.00039028,0.0023239
282.43,0.20048,0.2,0.00039743,0.0023665
283.95,0.20048,0.2,0.00040254,0.0023973
286.23,0.20049,0.2,0.00040526,0.002414
289.16,0.20049,0.2,0.00040532,0.0024151
293.42,0.20048,0.2,0.00040169,0.0023944
298.14,0.20047,0.2,0.00039429,0.0023513
303.01,0.20046,0.2,0.00038369,0.0022891
307.77,0.20044,0.2,0.00037068,0.0022124
311.85,0.20043,0.2,0.00035759,0.0021349
315.6,0.20041,0.2,0.00034388,0.0020537
319.01,0.2004,0.2,0.00033007,0.0019717
322.05,0.20038,0.2,0.0003166,0.0018917
324.94,0.20036,0.2,0.00030285,0.0018099
327.42,0.20035,0.2,0.00029012,0.0017342
329.48,0.20033,0.2,0.00027857,0.0016654
331.1,0.20032,0.2,0.00026833,0.0016044
332.43,0.20031,0.2,0.00025796,0.0015425
333.1,0.2003,0.2,0.00024958,0.0014925
333.15,0.20029,0.2,0.00024317,0.0014543
332.67,0.20029,0.2,0.00023864,0.0014272
331.73,0.20028,0.2,0.00023583,0.0014103
330.43,0.20028,0.2,0.00023461,0.001403
328.79,0.20028,0.2,0.00023484,0.0014043
326.8,0.20028,0.2,0.00023639,0.0014134
324.36,0.20029,0.2,0.00023928,0.0014305
321.5,0.20029,0.2,0.00024352,0.0014556
318.27,0.2003,0.2,0.00024916,0.0014891
314.77,0.20031,0.2,0.00025617,0.0015306
311.15,0.20032,0.2,0.00026449,0.0015799
307.52,0.20033,0.2,0.00027397,0.0016361
303.92,0.20034,0.2,0.00028449,0.0016984
300.33,0.20035,0.2,0.00029594,0.0017661
296.87,0.20037,0.2,0.00030761,0.0018352
293.35,0.20038,0.2,0.00032016,0.0019094
289.85,0.2004,0.2,0.00033363,0.0019889
286.58,0.20042,0.2,0.00034784,0.0020728
284.42,0.20043,0.2,0.00035913,0.0021394
282.77,0.20044,0.2,0.0003703,0.0022054
281.83,0.20046,0.2,0.00038087,0.002268
281.71,0.20047,0.2,0.00039028,0.0023239
282.43,0.20048,0.2,0.00039743,0.0023665
283.95,0.20048,0.2,0.00040254,0.0023973
286.23,0.20049,0.2,0.00040526,0.002414
289.16,0.20049,0.2,0.00040532,0.0024151
293.42,0.20048,0.2,0.00040169,0.0023944
298.14,0.20047,0.2,0.00039429,0.0023513
303.01,0.20046,0.2,0.00038369,0.0022891
307.77,0.20044,0.2,0.00037068,0.0022124
311.85,0.20043,0.2,0.00035759,0.0021349
315.6,0.20041,0.2,0.00034388,0.0020537
319.01,0.2004,0.2,0.00033007,0.0019717
322.05,0.20038,0.2,0.0003166,0.0018917
324.94,0.20036,0.2,0.00030285,0.0018099
327.42,0.20035,0.2,0.00029012,0.0017342
329.48,0.20033,0.2,0.00027857,0.0016654
331.1,0.20032,0.2,0.00026833,0.0016044
332.43,0.20031,0.2,0.00025796,0.0015425
333.1,0.2003,0.2,0.00024958,0.0014925
333.15,0.20029,0.2,0.00024317,0.0014543
332.67,0.20029,0.2,0.00023864,0.0014272
331.73,0.20028,0.2,0.00023583,0.0014103
330.43,0.20028,0.2,0.00023461,0.001403
328.79,0.20028,0.2,0.00023484,0.0014043
326.8,0.20028,0.2,0.00023639,0.0014134
324.36,0.20029,0.2,0.00023928,0.0014305
321.5,0.20029,0.2,0.00024352,0.0014556
318.27,0.2003,0.2,0.00024916,0.0014891
314.77,0.20031,0.2,0.00025617,0.0015306
311.15,0.20032,0.2,0.00026449,0.0015799
307.52,0.20033,0.2,0.00027397,0.0016361
303.92,0.20034,0.2,0.00028449,0.0016984
300.33,0.20035,0.2,0.00029594,0.0017661
296.87,0.20037,0.2,0.00030761,0.0018352
293.35,0.20038,0.2,0.00032016,0.0019094
289.85,0.2004,0.2,0.00033363,0.0019889
286.58,0.20042,0.2,0.00034784,0.0020728
284.42,0.20043,0.2,0.00035913,0.0021394
282.77,0.20044,0.2,0.0003703,0.0022054
281.83,0.20046,0.2,0.00038087,0.002268
281.71,0.20047,0.2,0.00039028,0.0023239
282.43,0.20048,0.2,0.00039743,0.0023665
283.95,0.20048,0.2,0.00040254,0.0023973
286.23,0.20049,0.2,0.00040526,0.002414
289.16,0.20049,0.2,0.00040532,0.0024151
293.42,0.20048,0.2,0.00040169,0.0023944
298.14,0.20047,0.2,0.00039429,0.0023513
303.01,0.20046,0.2,0.00038369,0.0022891
307.77,0.20044,0.2,0.00037068,0.0022124
311.85,0.20043,0.2,0.00035759,0.0021349
315.6,0.20041,0.2,0.00034388,0.0020537
319.01,0.2004,0.2,0.00033007,0.0019717
322.05,0.20038,0.2,0.0003166,0.0018917
324.94,0.20036,0.2,0.00030285,0.0018099
327.42,0.20035,0.2,0.00029012,0.0017342
329.48,0.20033,0.2,0.00027857,0.0016654
331.1,0.20032,0.2,0.00026833,0.0016044
332.43,0.20031,0.2,0.00025796,0.0015425
333.1,0.2003,0.2,0.00024958,0.0014925
333.15,0.20029,0.2,0.00024317,0.0014543
332.67,0.20029,0.2,0.00023864,0.0014272
331.73,0.20028,0.2,0.00023583,0.0014103
330.43,0.20028,0.2,0.00023461,0.001403
328.79,0.20028,0.2,0.00023484,0.0014043
326.8,0.20028,0.2,0.00023639,0.0014134
324.36,0.20029,0.2,0.00023928,0.0014305
321.5,0.20029,0.2,0.00024352,0.0014556
318.27,0.2003,0.2,0.00024916,0.0014891
314.77,0.20031,0.2,0.00025617,0.0015306
311.15,0.20032,0.2,0.00026449,0.0015799
307.52,0.20033,0.2,0.00027397,0.0016361
303.92,0.20034,0.2,0.00028449,0.0016984
300.33,0.20035,0.2,0.00029594,0.0017661
296.87,0.20037,0.2,0.00030761,0.0018352
293.35,0.20038,0.2,0.00032016,0.0019094
289.85,0.2004,0.2,0.00033363,0.0019889
286.58,0.20042,0.2,0.00034784,0.0020728
284.42,0.20043,0.2,0.00035913,0.0021394
282.77,0.20044,0.2,0.0003703,0.0022054
281.83,0.20046,0.2,0.00038087,0.002268
281.71,0.20047,0.2,0.00039028,0.0023239
282.43,0.20048,0.2,0.00039743,0.0023665
283.95,0.20048,0.2,0.00040254,0.0023973
286.23,0.20049,0.2,0.00040526,0.002414
289.16,0.20049,0.2,0.00040532,0.0024151
293.42,0.20048,0.2,0.00040169,0.0023944
298.14,0.20047,0.2,0.00039429,0.0023513
303.01,0.20046,0.2,0.00038369,0.0022891
307.77,0.20044,0.2,0.00037068,0.0022124
311.85,0.20043,0.2,0.00035759,0.0021349
315.6,0.20041,0.2,0.00034388,0.0020537
319.01,0.2004,0.2,0.00033007,0.0019717
322.05,0.20038,0.2,0.0003166,0.0018917
324.94,0.20036,0.2,0.00030285,0.0018099
327.42,0.20035,0.2,0.00029012,0.0017342
329.48,0.20033,0.2,0.00027857,0.0016654
331.1,0.20032,0.2,0.00026833,0.0016044
332.43,0.20031,0.2,0.00025796,0.0015425
333.1,0.2003,0.2,0.00024958,0.0014925
333.15,0.20029,0.2,0.00024317,0.0014543
332.67,0.20029,0.2,0.00023864,0.0014272
331.73,0.20028,0.2,0.00023583,0.0014103
330.43,0.20028,0.2,0.00023461,0.001403
328.79,0.20028,0.2,0.00023484,0.0014043
326.8,0.20028,0.2,0.00023639,0.0014134
324.36,0.20029,0.2,0.00023928,0.0014305
321.5,0.20029,0.2,0.00024352,0.0014556
318.27,0.2003,0.2,0.00024916,0.0014891
314.77,0.20031,0.2,0.00025617,0.0015306
311.15,0.20032,0.2,0.00026449,0.0015799
307.52,0.20033,0.2,0.00027397,0.0016361
303.92,0.20034,0.2,0.00028449,0.0016984
300.33,0.20035,0.2,0.00029594,0.0017661
296.87,0.20037,0.2,0.00030761,0.0018352
293.35,0.20038,0.2,0.00032016,0.0019094
289.85,0.2004,0.2,0.00033363,0.0019889
286.58,0.20042,0.2,0.00034784,0.0020728
284.42,0.20043,0.2,0.00035913,0.0021394
282.77,0.20044,0.2,0.0003703,0.0022054
281.83,0.20046,0.2,0.00038087,0.002268
281.71,0.20047,0.2,0.00039028,0.0023239
282.43,0.20048,0.2,0.00039743,0.0023665
283.95,0.20048,0.2,0.00040254,0.0023973
286.23,0.20049,0.2,0.00040526,0.002414
289.16,0.20049,0.2,0.00040532,0.0024151
293.42,0.20048,0.2,0.00040169,0.0023944
298.14,0.20047,0.2,0.00039429,0.0023513
303.01,0.20046,0.2,0.00038369,0.0022891
307.77,0.20044,0.2,0.00037068,0.0022124
311.85,0.20043,0.2,0.00035759,0.0021349
315.6,0.20041,0.2,0.00034388,0.0020537
319.01,0.2004,0.2,0.00033007,0.0019717
322.05,0.20038,0.2,0.0003166,0.0018917
324.94,0.20036,0.2,0.00030285,0.0018099
327.42,0.20035,0.2,0.00029012,0.0017342
329.48,0.20033,0.2,0.00027857,0.0016654
331.1,0.20032,0.2,0.00026833,0.0016044
332.43,0.20031,0.2,0.00025796,0.0015425
333.1,0.2003,0.2,0.00024958,0.0014925
333.15,0.20029,0.2,0.00024317,0.0014543
332.67,0.20029,0.2,0.00023864,0.0014272
331.73,0.20028,0.2,0.00023583,0.0014103
330.43,0.20028,0.2,0.00023461,0.001403
328.79,0.20028,0.2,0.00023484,0.0014043
326.8,0.20028,0.2,0.00023639,0.0014134
324.36,0.20029,0.2,0.00023928,0.0014305
321.5,0.20029,0.2,0.00024352,0.0014556
318.27,0.2003,0.2,0.00024916,0.0014891
314.77,0.20031,0.2,0.00025617,0.0015306
311.15,0.20032,0.2,0.00026449,0.0015799
307.52,0.20033,0.2,0.00027397,0.0016361
303.92,0.20034,0.2,0.00028449,0.0016984
300.33,0.20035,0.2,0.00029594,0.0017661
296.87,0.20037,0.2,0.00030761,0.0018352
293.35,0.20038,0.2,0.00032016,0.0019094
289.85,0.2004,0.2,0.00033363,0.0019889
286.58,0.20042,0.2,0.00034784,0.0020728
284.42,0.20043,0.2,0.00035913,0.0021394
282.77,0.20044,0.2,0.0003703,0.0022054
281.83,0.20046,0.2,0.00038087,0.002268
281.71,0.20047,0.2,0.00039028,0.0023239
282.43,0.20048,0.2,0.00039743,0.0023665
283.95,0.20048,0.2,0.00040254,0.0023973
286.23,0.20049,0.2,0.00040526,0.002414
289.16,0.20049,0.2,0.00040532,0.0024151
293.42,0.20048,0.2,0.00040169,0.0023944
298.14,0.20047,0.2,0.00039429,0.0023513
303.01,0.20046,0.2,0.00038369,0.0022891
307.77,0.20044,0.2,0.00037068,0.0022124
311.85,0.20043,0.2,0.00035759,0.0021349
315.6,0.20041,0.2,0.00034388,0.0020537
319.01,0.2004,0.2,0.00033007,0.0019717
322.05,0.20038,0.2,0.0003166,0.0018917
324.94,0.20036,0.2,0.00030285,0.0018099
327.42,0.20035,0.2,0.00029012,0.0017342
329.48,0.20033,0.2,0.00027857,0.0016654
331.1,0.20032,0.2,0.00026833,0.0016044
332.43,0.20031,0.2,0.00025796,0.0015425
333.1,0.2003,0.2,0.00024958,0.0014925
333.15,0.20029,0.2,0.00024317,0.0014543
332.67,0.20029,0.2,0.00023864,0.0014272
331.73,0.20028,0.2,0.00023583,0.0014103
330.43,0.20028,0.2,0.00023461,0.001403
328.79,0.20028,0.2,0.00023484,0.0014043
326.8,0.20028,0.2,0.00023639,0.0014134
324.36,0.20029,0.2,0.00023928,0.0014305
321.5,0.20029,0.2,0.00024352,0.0014556
318.27,0.2003,0.2,0.00024916,0.0014891
314.77,0.20031,0.2,0.00025617,0.0015306
311.15,0.20032,0.2,0.00026449,0.0015799
307.52,0.20033,0.2,0.00027397,0.0016361
303.92,0.20034,0.2,0.00028449,0.0016984
300.33,0.20035,0.2,0.00029594,0.0017661
296.87,0.20037,0.2,0.00030761,0.0018352
293.35,0.20038,0.2,0.00032016,0.0019094
289.85,0.2004,0.2,0.00033363,0.0019889
286.58,0.20042,0.2,0.00034784,0.0020728
284.42,0.20043,0.2,0.00035913,0.0021394
282.77,0.20044,0.2,0.0003703,0.0022054
281.83,0.20046,0.2,0.00038087,0.002268
281.71,0.20047,0.2,0.00039028,0.0023239
282.43,0.20048,0.2,0.00039743,0.0023665
283.95,0.20048,0.2,0.00040254,0.0023973
286.23,0.20049,0.2,0.00040526,0.002414
289.16,0.20049,0.2,0.00040532,0.0024151
293.42,0.20048,0.2,0.00040169,0.0023944
298.14,0.20047,0.2,0.00039429,0.0023513
303.01,0.20046,0.2,0.00038369,0.0022891
307.77,0.20044,0.2,0.00037068,0.0022124
311.85,0.20043,0.2,0.00035759,0.0021349
315.6,0.20041,0.2,0.00034388,0.0020537
319.01,0.2004,0.2,0.00033007,0.0019717
322.05,0.20038,0.2,0.0003166,0.0018917
324.94,0.20036,0.2,0.00030285,0.0018099
327.42,0.20035,0.2,0.00029012,0.0017342
329.48,0.20033,0.2,0.00027857,0.0016654
331.1,0.20032,0.2,0.00026833,0.0016044
332.43,0.20031,0.2,0.00025796,0.0015425
333.1,0.2003,0.2,0.00024958,0.0014925
333.15,0.20029,0.2,0.00024317,0.0014543
332.67,0.20029,0.2,0.00023864,0.0014272
331.73,0.20028,0.2,0.00023583,0.0014103
330.43,0.20028,0.2,0.00023461,0.001403
328.79,0.20028,0.2,0.00023484,0.0014043
326.8,0.20028,0.2,0.00023639,0.0014134
324.36,0.20029,0.2,0.00023928,0.0014305
321.5,0.20029,0.2,0.00024352,0.0014556
318.27,0.2003,0.2,0.00024916,0.0014891
314.77,0.20031,0.2,0.00025617,0.0015306
311.15,0.20032,0.2,0.00026449,0.0015799
307.52,0.20033,0.2,0.00027397,0.0016361
303.92,0.20034,0.2,0.00028449,0.0016984
300.33,0.20035,0.2,0.00029594,0.0017661
296.87,0.20037,0.2,0.00030761,0.0018352
293.35,0.20038,0.2,0.00032016,0.0019094
289.85,0.2004,0.2,0.00033363,0.0019889
286.58,0.20042,0.2,0.00034784,0.0020728
284.42,0.20043,0.2,0.00035913,0.0021394
282.77,0.20044,0.2,0.0003703,0.0022054
281.83,0.20046,0.2,0.00038087,0.002268
281.71,0.20047,0.2,0.00039028,0.0023239
282.43,0.20048,0.2,0.00039743,0.0023665
283.95,0.20048,0.2,0.00040254,0.0023973
286.23,0.20049,0.2,0.00040526,0.002414
289.16,0.20049,0.2,0.00040532,0.0024151
293.42,0.20048,0.2,0.00040169,0.0023944
298.14,0.20047,0.2,0.00039429,0.0023513
303.01,0.20046,0.2,0.00038369,0.0022891
307.77,0.20044,0.2,0.00037068,0.0022124
311.85,0.20043,0.2,0.00035759,0.0021349
315.6,0.20041,0.2,0.00034388,0.0020537
319.01,0.2004,0.2,0.00033007,0.0019717
322.05,0.20038,0.2,0.0003166,0.0018917
324.94,0.20036,0.2,0.00030285,0.0018099
327.42,0.20035,0.2,0.00029012,0.0017342
329.48,0.20033,0.2,0.00027857,0.0016654
331.1,0.20032,0.2,0.00026833,0.0016044
332.43,0.20031,0.2,0.00025796,0.0015425
333.1,0.2003,0.2,0.00024958,0.0014925
333.15,0.20029,0.2,0.00024317,0.0014543
332.67,0.20029,0.2,0.00023864,0.0014272
331.73,0.20028,0.2,0.00023583,0.0014103
330.43,0.20028,0.2,0.00023461,0.001403
328.79,0.20028,0.2,0.00023484,0.0014043
326.8,0.20028,0.2,0.00023639,0.0014134
324.36,0.20029,0.2,0.00023928,0.0014305
321.5,0.20029,0.2,0.00024352,0.0014556
318.27,0.2003,0.2,0.00024916,0.0014891
314.77,0.20031,0.2,0.00025617,0.0015306
311.15,0.20032,0.2,0.00026449,0.0015799
307.52,0.20033,0.2,0.00027397,0.0016361
303.92,0.20034,0.2,0.00028449,0.0016984
300.33,0.20035,0.2,0.00029594,0.0017661
296.87,0.20037,0.2,0.00030761,0.0018352
293.35,0.20038,0.2,0.00032016,0.0019094
289.85,0.2004,0.2,0.00033363,0.0019889
286.58,0.20042,0.2,0.00034784,0.0020728
284.42,0.20043,0.2,0.00035913,0.0021394
282.77,0.20044,0.2,0.0003703,0.0022054
281.83,0.20046,0.2,0.00038087,0.002268
281.71,0.20047,0.2,0.00039028,0.0023239
282.43,0.20048,0.2,0.00039743,0.0023665
283.95,0.20048,0.2,0.00040254,0.0023973
286.23,0.20049,0.2,0.00040526,0.002414
289.16,0.20049,0.2,0.00040532,0.0024151
293.42,0.20048,0.2,0.00040169,0.0023944
298.14,0.20047,0.2,0.00039429,0.0023513
303.01,0.20046,0.2,0.00038369,0.0022891
307.77,0.20044,0.2,0.00037068,0.0022124
311.85,0.20043,0.2,0.00035759,0.0021349
315.6,0.20041,0.2,0.00034388,0.0020537
319.01,0.2004,0.2,0.00033007,0.0019717
322.05,0.20038,0.2,0.0003166,0.0018917
324.94,0.20036,0.2,0.00030285,0.0018099
327.42,0.20035,0.2,0.00029012,0.0017342
329.48,0.20033,0.2,0.00027857,0.0016654
331.1,0.20032,0.2,0.00026833,0.0016044
332.43,0.20031,0.2,0.00025796,0.0015425
333.1,0.2003,0.2,0.00024958,0.0014925
333.15,0.20029,0.2,0.00024317,0.0014543
332.67,0.20029,0.2,0.00023864,0.0014272
331.73,0.20028,0.2,0.00023583,0.0014103
330.43,0.20028,0.2,0.00023461,0.001403
328.79,0.20028,0.2,0.00023484,0.0014043
326.8,0.20028,0.2,0.00023639,0.0014134
324.36,0.20029,0.2,0.00023928,0.0014305
321.5,0.20029,0.2,0.00024352,0.0014556
318.27,0.2003,0.2,0.00024916,0.0014891
314.77,0.20031,0.2,0.00025617,0.0015306
311.15,0.20032,0.2,0.00026449,0.0015799
307.52,0.20033,0.2,0.00027397,0.0016361
303.92,0.20034,0.2,0.00028449,0.0016984
300.33,0.20035,0.2,0.00029594,0.0017661
296.87,0.20037,0.2,0.00030761,0.0018352
293.35,0.20038,0.2,0.00032016,0.0019094
289.85,0.2004,0.2,0.00033363,0.0019889
286.58,0.20042,0.2,0.00034784,0.0020728
284.42,0.20043,0.2,0.00035913,0.0021394
282.77,0.20044,0.2,0.0003703,0.0022054
281.83,0.20046,0.2,0.00038087,0.002268
281.71,0.20047,0.2,0.00039028,0.0023239
282.43,0.20048,0.2,0.00039743,0.0023665
283.95,0.20048,0.2,0.00040254,0.0023973
286.23,0.20049,0.2,0.00040526,0.002414
289.16,0.20049,0.2,0.00040532,0.0024151
293.42,0.20048,0.2,0.00040169,0.0023944
298.14,0.20047,0.2,0.00039429,0.0023513
303.01,0.20046,0.2,0.00038369,0.0022891
307.77,0.20044,0.2,0.00037068,0.0022124
311.85,0.20043,0.2,0.00035759,0.0021349
315.6,0.20041,0.2,0.00034388,0.0020537
319.01,0.2004,0.2,0.00033007,0.0019717
322.05,0.20038,0.2,0.0003166,0.0018917
324.94,0.20036,0.2,0.00030285,0.0018099
327.42,0.20035,0.2,0.00029012,0.0017342
329.48,0.20033,0.2,0.00027857,0.0016654
331.1,0.20032,0.2,0.00026833,0.0016044
332.43,0.20031,0.2,0.00025796,0.0015425
333.1,0.2003,0.2,0.00024958,0.0014925
333.15,0.20029,0.2,0.00024317,0.0014543
332.67,0.20029,0.2,0.00023864,0.0014272
331.73,0.20028,0.2,0.00023583,0.0014103
330.43,0.20028,0.2,0.00023461,0.001403
328.79,0.20028,0.2,0.00023484,0.0014043
326.8,0.20028,0.2,0.00023639,0.0014134
324.36,0.20029,0.2,0.00023928,0.0014305
321.5,0.20029,0.2,0.00024352,0.0014556
318.27,0.2003,0.2,0.00024916,0.0014891
314.77,0.20031,0.2,0.00025617,0.0015306
311.15,0.20032,0.2,0.00026449,0.0015799
307.52,0.20033,0.2,0.00027397,0.0016361
303.92,0.20034,0.2,0.00028449,0.0016984
300.33,0.20035,0.2,0.00029594,0.0017661
296.87,0.20037,0.2,0.00030761,0.0018352
293.35,0.20038,0.2,0.00032016,0.0019094
289.85,0.2004,0.2,0.00033363,0.0019889
286.58,0.20042,0.2,0.00034784,0.0020728
284.42,0.20043,0.2,0.00035913,0.0021394
282.77,0.20044,0.2,0.0003703,0.0022054
281.83,0.20046,0.2,0.00038087,0.002268
281.71,0.20047,0.2,0.00039028,0.0023239
282.43,0.20048,0.2,0.00039743,0.0023665
283.95,0.20048,0.2,0.00040254,0.0023973
286.23,0.20049,0.2,0.00040526,0.002414
289.16,0.20049,0.2,0.00040532,0.0024151
293.42,0.20048,0.2,0.00040169,0.0023944
298.14,0.20047,0.2,0.00039429,0.0023513
303.01,0.20046,0.2,0.00038369,0.0022891
307.77,0.20044,0.2,0.00037068,0.0022124
311.85,0.20043,0.2,0.00035759,0.0021349
315.6,0.20041,0.2,0.00034388,0.0020537
319.01,0.2004,0.2,0.00033007,0.0019717
322.05,0.20038,0.2,0.0003166,0.0018917
324.94,0.20036,0.2,0.00030285,0.0018099
327.42,0.20035,0.2,0.00029012,0.0017342
329.48,0.20033,0.2,0.00027857,0.0016654
331.1,0.20032,0.2,0.00026833,0.0016044
332.43,0.20031,0.2,0.00025796,0.0015425
333.1,0.2003,0.2,0.00024958,0.0014925
333.15,0.20029,0.2,0.00024317,0.0014543
332.67,0.20029,0.2,0.00023864,0.0014272
331.73,0.20028,0.2,0.00023583,0.0014103
330.43,0.20028,0.2,0.00023461,0.001403
328.79,0.20028,0.2,0.00023484,0.0014043
326.8,0.20028,0.2,0.00023639,0.0014134
324.36,0.20029,0.2,0.00023928,0.0014305
321.5,0.20029,0.2,0.00024352,0.0014556
318.27,0.2003,0.2,0.00024916,0.0014891
314.77,0.20031,0.2,0.00025617,0.0015306
313.93,0.20031,0.2,0.000258,0.0015415
313.09,0.20031,0.2,0.00025991,0.0015527
312.24,0.20031,0.2,0.00026188,0.0015644
311.38,0.20032,0.2,0.00026392,0.0015765
