-200,0.75,0.74196,0.90997,0.010723
-201.88,0.75273,0.74495,0.91474,0.010326
-203.73,0.75533,0.74781,0.91929,0.0099489
-205.56,0.75781,0.75054,0.92362,0.0095894
-207.37,0.76016,0.75313,0.92775,0.0092453
-209.91,0.76327,0.75657,0.9332,0.0087818
-212.47,0.76616,0.75977,0.93827,0.0083374
-215.04,0.76883,0.76274,0.94297,0.007914
-217.54,0.77129,0.76548,0.94731,0.0075208
-219.7,0.77338,0.76782,0.951,0.0071963
-221.59,0.77531,0.76995,0.95438,0.0069233
-223.12,0.77707,0.77186,0.95744,0.006711
-224.22,0.77866,0.77355,0.96018,0.0065641
-224.82,0.77998,0.77492,0.96242,0.0064863
-225.05,0.78116,0.77611,0.96439,0.0064578
-224.99,0.7822,0.77714,0.96612,0.00647
-224.69,0.78312,0.77802,0.96762,0.0065121
-224.25,0.78397,0.77881,0.96898,0.0065755
-223.76,0.7847,0.77948,0.97015,0.0066454
-223.3,0.78533,0.78006,0.97115,0.0067115
-222.91,0.78587,0.78055,0.97202,0.0067667
-222.57,0.78648,0.78111,0.97299,0.0068171
-222.43,0.78698,0.7816,0.97381,0.0068388
-222.5,0.7874,0.78203,0.97452,0.0068294
-222.82,0.78777,0.78242,0.97515,0.0067855
-223.4,0.78809,0.7828,0.97574,0.0067044
-224.25,0.78838,0.78318,0.9763,0.0065879
-225.33,0.78865,0.78357,0.97685,0.0064414
-226.61,0.78891,0.78396,0.97739,0.0062722
-227.92,0.78915,0.78433,0.9779,0.0061035
-229.38,0.78938,0.78471,0.97841,0.0059219
-230.99,0.78962,0.7851,0.97894,0.0057264
-232.79,0.78987,0.78551,0.97948,0.0055156
-234.64,0.7901,0.78591,0.98,0.0053068
-236.64,0.79034,0.78632,0.98055,0.0050903
-238.73,0.79059,0.78674,0.98111,0.0048727
-240.86,0.79085,0.78716,0.98167,0.0046607
-242.91,0.7911,0.78757,0.98222,0.0044653
-244.93,0.79136,0.78797,0.98277,0.0042817
-246.9,0.79161,0.78836,0.9833,0.0041086
-248.87,0.79186,0.78874,0.98383,0.0039435
-250.84,0.79211,0.78911,0.98434,0.0037843
-252.82,0.79235,0.78947,0.98485,0.0036308
-254.77,0.79258,0.78982,0.98534,0.0034861
-256.58,0.79281,0.79015,0.98581,0.0033561
-258.37,0.79307,0.7905,0.98631,0.0032334
-259.63,0.7933,0.7908,0.98675,0.0031489
-260.28,0.7935,0.79104,0.98711,0.0031067
-260.31,0.79367,0.79121,0.9874,0.0031051
-259.89,0.79379,0.7913,0.98758,0.0031327
-259.19,0.79388,0.79136,0.9877,0.0031793
-258.34,0.79394,0.79137,0.98776,0.0032363
-257.47,0.79398,0.79136,0.98778,0.0032958
-256.7,0.79399,0.79133,0.98777,0.0033493
-256.04,0.794,0.7913,0.98775,0.0033961
-255.51,0.79399,0.79126,0.98771,0.0034343
-255.12,0.79398,0.79123,0.98767,0.0034627
-254.85,0.79396,0.79119,0.98763,0.003482
-254.8,0.79394,0.79117,0.9876,0.0034856
-254.98,0.79393,0.79117,0.98759,0.0034723
-255.39,0.79392,0.79119,0.9876,0.0034426
-256.14,0.79393,0.79124,0.98764,0.0033893
-257.11,0.79395,0.79132,0.98773,0.0033211
-258.27,0.79399,0.79142,0.98784,0.0032412
-259.63,0.79405,0.79155,0.988,0.0031499
-260.94,0.79411,0.79167,0.98815,0.0030649
-262.43,0.79417,0.79182,0.98833,0.0029707
-264.09,0.79426,0.79198,0.98853,0.0028691
-265.88,0.79435,0.79215,0.98875,0.0027635
-267.73,0.79445,0.79234,0.98899,0.0026585
-269.57,0.79456,0.79253,0.98924,0.0025578
-271.37,0.79468,0.79272,0.9895,0.0024632
-273.13,0.7948,0.79291,0.98976,0.0023741
-274.87,0.79492,0.7931,0.99001,0.002289
-276.63,0.79504,0.79328,0.99026,0.002206
-278.4,0.79515,0.79346,0.99052,0.0021257
-280.11,0.79527,0.79364,0.99076,0.0020511
-281.62,0.79539,0.79381,0.99099,0.0019868
-282.8,0.79549,0.79395,0.9912,0.0019385
-283.5,0.79559,0.79407,0.99138,0.0019102
-283.67,0.79567,0.79416,0.99152,0.0019034
-283.37,0.79573,0.7942,0.99161,0.0019154
-282.72,0.79577,0.79422,0.99166,0.0019419
-281.82,0.79579,0.79422,0.99167,0.0019791
-280.78,0.7958,0.79419,0.99166,0.0020228
-279.75,0.79579,0.79415,0.99162,0.002067
-278.77,0.79578,0.7941,0.99156,0.00211
-277.88,0.79575,0.79404,0.9915,0.0021498
-277.11,0.79572,0.79399,0.99143,0.0021848
-276.34,0.79569,0.79392,0.99134,0.0022201
-275.79,0.79565,0.79386,0.99126,0.0022459
-275.47,0.79561,0.79381,0.99119,0.0022611
-275.39,0.79558,0.79378,0.99113,0.0022647
-275.58,0.79556,0.79376,0.9911,0.0022557
-276.01,0.79554,0.79376,0.99109,0.0022354
-276.65,0.79554,0.79378,0.9911,0.0022059
-277.45,0.79555,0.79382,0.99114,0.0021689
-278.39,0.79557,0.79387,0.9912,0.0021267
-279.51,0.79559,0.79394,0.99128,0.002077
-280.85,0.79563,0.79403,0.99138,0.0020195
-282.39,0.79568,0.79413,0.99151,0.0019554
-284.07,0.79574,0.79424,0.99166,0.0018878
-285.8,0.79581,0.79436,0.99182,0.0018204
-287.51,0.79589,0.79449,0.99198,0.0017562
-289.18,0.79597,0.79462,0.99216,0.0016959
-290.84,0.79605,0.79475,0.99233,0.0016377
-292.52,0.79613,0.79488,0.99251,0.001581
-294.22,0.79622,0.795,0.99269,0.0015256
-295.87,0.7963,0.79513,0.99286,0.0014737
-297.08,0.79637,0.79522,0.99299,0.0014366
-298.04,0.79643,0.79531,0.99312,0.001408
-298.64,0.79649,0.79538,0.99323,0.0013903
-298.82,0.79654,0.79543,0.99331,0.0013851
-298.57,0.79657,0.79546,0.99336,0.0013924
-297.95,0.7966,0.79547,0.99339,0.0014107
-297.04,0.79661,0.79546,0.99339,0.0014379
-295.94,0.79661,0.79544,0.99337,0.0014715
-294.75,0.7966,0.7954,0.99333,0.0015089
-293.56,0.79658,0.79534,0.99327,0.0015471
-292.44,0.79655,0.79529,0.9932,0.0015838
-291.44,0.79652,0.79523,0.99312,0.0016176
-290.28,0.79647,0.79515,0.99302,0.0016572
-289.4,0.79642,0.79508,0.99292,0.0016882
-288.81,0.79638,0.79502,0.99283,0.0017092
-288.54,0.79634,0.79497,0.99276,0.0017191
-288.57,0.79631,0.79494,0.99271,0.0017177
-288.87,0.79629,0.79493,0.99268,0.0017072
-289.37,0.79628,0.79494,0.99268,0.0016891
-290.07,0.79628,0.79496,0.9927,0.0016647
-290.92,0.79629,0.79499,0.99274,0.0016352
-291.98,0.79631,0.79504,0.99279,0.0015991
-293.27,0.79634,0.7951,0.99287,0.0015563
-294.76,0.79638,0.79518,0.99297,0.0015085
-296.49,0.79644,0.79528,0.99309,0.0014545
-298.24,0.7965,0.79538,0.99323,0.001402
-299.94,0.79656,0.79548,0.99337,0.0013529
-301.59,0.79663,0.79559,0.99351,0.0013069
-302.88,0.79668,0.79567,0.99363,0.0012719
-304.2,0.79674,0.79575,0.99374,0.0012372
-305.5,0.79679,0.79583,0.99385,0.0012038
-306.72,0.79684,0.79591,0.99396,0.0011734
-307.73,0.79689,0.79598,0.99406,0.0011489
-308.39,0.79694,0.79604,0.99415,0.0011329
-308.61,0.79698,0.79608,0.99422,0.0011277
-308.35,0.79701,0.7961,0.99426,0.0011339
-307.64,0.79703,0.79611,0.99428,0.0011509
-306.58,0.79703,0.79609,0.99427,0.0011769
-305.29,0.79702,0.79606,0.99424,0.0012092
-303.9,0.79701,0.79601,0.99418,0.0012451
-302.6,0.79698,0.79596,0.99412,0.0012797
-301.37,0.79695,0.7959,0.99405,0.0013132
-300.26,0.79692,0.79584,0.99397,0.0013442
-299.29,0.79688,0.79579,0.99389,0.0013719
-298.33,0.79684,0.79572,0.9938,0.0013998
-297.61,0.79679,0.79566,0.99371,0.0014211
-297.13,0.79676,0.79561,0.99364,0.0014352
-296.92,0.79672,0.79558,0.99358,0.0014418
-296.96,0.7967,0.79555,0.99354,0.0014405
-297.25,0.79668,0.79554,0.99352,0.0014319
-297.73,0.79667,0.79554,0.99351,0.0014173
-298.41,0.79667,0.79556,0.99353,0.0013971
-299.27,0.79668,0.79559,0.99356,0.0013721
-300.36,0.7967,0.79563,0.99361,0.0013411
-301.67,0.79673,0.79569,0.99369,0.0013047
-303.14,0.79677,0.79576,0.99377,0.0012652
-304.66,0.79681,0.79583,0.99387,0.0012253
-306.16,0.79686,0.79591,0.99398,0.0011873
-307.61,0.79691,0.79599,0.99409,0.0011516
-309.04,0.79696,0.79607,0.9942,0.0011177
-310.38,0.79701,0.79615,0.9943,0.0010865
-311.74,0.79706,0.79622,0.9944,0.001056
-313.03,0.79711,0.79629,0.9945,0.0010277
-314.11,0.79716,0.79636,0.9946,0.0010048
-314.76,0.7972,0.79641,0.99467,0.00099114
-314.92,0.79723,0.79644,0.99473,0.00098771
-314.55,0.79726,0.79646,0.99476,0.00099552
-313.67,0.79727,0.79646,0.99477,0.0010141
-311.93,0.79726,0.79642,0.99474,0.0010518
-309.89,0.79724,0.79636,0.99466,0.0010979
-307.87,0.7972,0.79628,0.99456,0.0011456
-306.06,0.79714,0.7962,0.99445,0.00119
-304.56,0.79709,0.79611,0.99434,0.0012281
-303.41,0.79704,0.79604,0.99423,0.001258
-302.66,0.79699,0.79597,0.99413,0.0012781
-302.3,0.79695,0.79592,0.99406,0.0012877
-302.3,0.79692,0.7959,0.99401,0.0012877
-302.55,0.7969,0.79588,0.99399,0.001281
-303,0.7969,0.79589,0.99398,0.0012688
-303.66,0.7969,0.7959,0.994,0.0012513
-304.4,0.7969,0.79592,0.99402,0.0012321
-305.32,0.79692,0.79596,0.99406,0.0012085
-306.41,0.79694,0.796,0.99411,0.0011811
-307.64,0.79697,0.79605,0.99418,0.0011511
-308.92,0.797,0.79611,0.99425,0.0011203
-310.21,0.79704,0.79617,0.99433,0.0010905
-311.45,0.79707,0.79623,0.99442,0.0010624
-312.67,0.79712,0.79629,0.9945,0.0010357
-313.85,0.79716,0.79635,0.99459,0.0010101
-315.07,0.7972,0.79641,0.99467,0.00098472
-316.28,0.79724,0.79647,0.99476,0.00095992
-317.42,0.79728,0.79653,0.99484,0.00093731
-318.34,0.79732,0.79658,0.99492,0.00091927
-318.89,0.79735,0.79663,0.99498,0.00090863
-318.96,0.79738,0.79666,0.99503,0.00090731
-318.5,0.7974,0.79667,0.99506,0.00091613
-317.61,0.79741,0.79666,0.99506,0.00093354
-316.37,0.7974,0.79664,0.99504,0.0009581
-314.93,0.79739,0.7966,0.99499,0.00098771
-313.4,0.79737,0.79655,0.99493,0.00102
-311.97,0.79734,0.7965,0.99487,0.001051
-310.63,0.79731,0.79644,0.99479,0.001081
-309.43,0.79727,0.79639,0.99471,0.0011087
-308.37,0.79723,0.79633,0.99463,0.0011335
-307.33,0.79719,0.79627,0.99455,0.0011586
-306.54,0.79715,0.79621,0.99447,0.0011781
-306.01,0.79711,0.79616,0.9944,0.0011912
-305.74,0.79708,0.79613,0.99434,0.0011979
-305.73,0.79705,0.7961,0.9943,0.0011982
-305.98,0.79704,0.79609,0.99427,0.001192
-306.44,0.79703,0.79609,0.99427,0.0011805
-307.12,0.79703,0.7961,0.99428,0.0011636
-307.88,0.79704,0.79613,0.9943,0.0011452
-308.83,0.79705,0.79616,0.99434,0.0011227
-309.93,0.79707,0.7962,0.99439,0.0010969
-311.15,0.7971,0.79625,0.99446,0.0010691
-312.41,0.79713,0.7963,0.99453,0.0010412
-313.65,0.79717,0.79636,0.9946,0.0010145
-314.85,0.7972,0.79642,0.99468,0.00098927
-316.02,0.79724,0.79647,0.99476,0.00096523
-317.29,0.79728,0.79653,0.99485,0.00093975
-318.58,0.79732,0.7966,0.99493,0.00091456
-319.83,0.79737,0.79666,0.99502,0.00089095
-320.87,0.79741,0.79671,0.9951,0.00087164
-321.5,0.79744,0.79676,0.99516,0.00086022
-321.58,0.79747,0.79678,0.99521,0.00085881
-321.04,0.79749,0.79679,0.99523,0.00086855
-319.94,0.79749,0.79678,0.99523,0.00088892
-318.09,0.79748,0.79674,0.99519,0.00092424
-315.98,0.79745,0.79668,0.99511,0.00096603
-313.92,0.79741,0.7966,0.99501,0.0010089
-312.07,0.79736,0.79652,0.9949,0.0010489
-310.51,0.79731,0.79644,0.99479,0.0010838
-309.3,0.79726,0.79637,0.99469,0.0011117
-308.46,0.79721,0.79631,0.9946,0.0011314
-308.01,0.79717,0.79626,0.99452,0.0011423
-307.91,0.79714,0.79623,0.99448,0.0011446
-308.06,0.79712,0.79621,0.99445,0.0011409
-308.43,0.79711,0.79621,0.99444,0.0011322
-309,0.79711,0.79622,0.99444,0.0011187
-309.67,0.79712,0.79624,0.99446,0.001103
-310.53,0.79713,0.79626,0.99449,0.0010832
-311.57,0.79714,0.7963,0.99454,0.0010598
-312.74,0.79717,0.79634,0.99459,0.001034
-313.98,0.7972,0.79639,0.99466,0.0010075
-315.21,0.79723,0.79645,0.99473,0.00098179
-316.4,0.79726,0.7965,0.9948,0.00095755
-317.55,0.7973,0.79655,0.99488,0.00093457
-318.71,0.79734,0.79661,0.99495,0.00091218
-319.89,0.79737,0.79666,0.99503,0.00088987
-321.06,0.79741,0.79672,0.99511,0.00086826
-322.12,0.79745,0.79677,0.99518,0.00084911
-322.92,0.79748,0.79681,0.99525,0.00083494
-323.29,0.79751,0.79685,0.9953,0.00082845
-323.13,0.79753,0.79687,0.99533,0.00083132
-322.41,0.79754,0.79687,0.99535,0.00084401
-321.21,0.79754,0.79685,0.99533,0.00086544
-319.7,0.79753,0.79682,0.99529,0.00089346
-318.02,0.79751,0.79677,0.99524,0.00092548
-316.34,0.79748,0.79671,0.99516,0.00095892
-314.86,0.79745,0.79666,0.99509,0.00098913
-313.52,0.79741,0.7966,0.99501,0.0010174
-312.34,0.79737,0.79654,0.99492,0.0010429
-311.34,0.79733,0.79648,0.99485,0.001065
-310.39,0.79729,0.79642,0.99476,0.0010866
-309.74,0.79725,0.79637,0.99468,0.0011015
-309.39,0.79722,0.79633,0.99462,0.0011095
-309.32,0.79719,0.79631,0.99458,0.0011112
-309.45,0.79718,0.79629,0.99456,0.0011081
-309.74,0.79717,0.79629,0.99454,0.0011014
-310.18,0.79716,0.79629,0.99454,0.0010912
-310.79,0.79716,0.79631,0.99456,0.0010773
-311.6,0.79717,0.79633,0.99458,0.0010593
-312.59,0.79719,0.79636,0.99462,0.0010374
-313.73,0.79721,0.7964,0.99468,0.0010128
-314.96,0.79724,0.79645,0.99474,0.00098704
-316.2,0.79727,0.7965,0.99481,0.00096162
-317.4,0.7973,0.79655,0.99488,0.00093754
-318.57,0.79734,0.79661,0.99495,0.00091477
-319.73,0.79737,0.79666,0.99503,0.00089272
-320.83,0.79741,0.79671,0.9951,0.00087241
-321.93,0.79744,0.79676,0.99517,0.00085254
-322.95,0.79747,0.79681,0.99524,0.00083437
-323.79,0.79751,0.79685,0.9953,0.00081982
-324.3,0.79753,0.79689,0.99535,0.00081114
-324.35,0.79756,0.79691,0.99539,0.00081028
-323.89,0.79757,0.79692,0.99541,0.00081813
-322.95,0.79758,0.79691,0.99541,0.00083448
-320.97,0.79757,0.79687,0.99537,0.00086989
-318.65,0.79754,0.79681,0.99529,0.00091335
-316.36,0.79749,0.79673,0.99518,0.00095834
-314.34,0.79744,0.79664,0.99506,0.0010001
-312.61,0.79738,0.79655,0.99494,0.0010371
-311.33,0.79732,0.79647,0.99483,0.0010652
-310.55,0.79727,0.79641,0.99474,0.0010829
-310.23,0.79723,0.79636,0.99467,0.0010901
-310.27,0.79721,0.79634,0.99463,0.0010891
-310.51,0.7972,0.79634,0.99461,0.0010837
-310.93,0.79719,0.79634,0.99461,0.0010742
-311.53,0.79719,0.79635,0.99462,0.0010607
-312.36,0.7972,0.79637,0.99465,0.0010424
-313.4,0.79722,0.79641,0.99469,0.0010198
-314.63,0.79724,0.79645,0.99474,0.00099387
-315.95,0.79727,0.7965,0.99481,0.00096672
-317.17,0.7973,0.79655,0.99488,0.00094212
-318.36,0.79733,0.7966,0.99495,0.00091885
-319.52,0.79737,0.79665,0.99502,0.00089679
-320.67,0.7974,0.79671,0.99509,0.00087532
-321.74,0.79744,0.79675,0.99516,0.00085594
-322.8,0.79747,0.7968,0.99523,0.00083711
-323.77,0.7975,0.79685,0.99529,0.00082006
-324.56,0.79753,0.79689,0.99535,0.00080666
-325.01,0.79756,0.79692,0.9954,0.00079899
-325.03,0.79758,0.79694,0.99544,0.00079872
-324.56,0.7976,0.79695,0.99546,0.00080663
-323.64,0.7976,0.79694,0.99545,0.0008225
-321.56,0.79759,0.7969,0.99541,0.0008592
-319.13,0.79755,0.79683,0.99532,0.00090426
-316.75,0.7975,0.79675,0.99521,0.00095055
-314.68,0.79745,0.79666,0.99509,0.00099291
-312.75,0.79738,0.79656,0.99495,0.001034
-311.47,0.79732,0.79647,0.99483,0.0010621
-310.87,0.79727,0.79641,0.99473,0.0010756
-310.86,0.79723,0.79637,0.99467,0.0010757
-311.11,0.79722,0.79636,0.99465,0.0010702
-311.54,0.79721,0.79637,0.99465,0.0010606
-312.16,0.79721,0.79638,0.99466,0.0010467
-313,0.79722,0.7964,0.99469,0.0010284
-313.96,0.79724,0.79643,0.99473,0.0010079
-315.06,0.79726,0.79647,0.99478,0.00098497
-316.23,0.79728,0.79652,0.99483,0.00096093
-317.42,0.79731,0.79657,0.9949,0.00093719
-318.51,0.79734,0.79661,0.99496,0.00091609
-319.56,0.79737,0.79666,0.99503,0.00089603
-320.6,0.7974,0.79671,0.99509,0.0008766
-321.66,0.79744,0.79675,0.99516,0.00085739
-322.67,0.79747,0.7968,0.99522,0.0008394
-323.65,0.7975,0.79684,0.99528,0.00082229
-324.52,0.79753,0.79688,0.99534,0.00080736
-325.18,0.79755,0.79692,0.9954,0.00079626
-325.51,0.79758,0.79695,0.99544,0.00079076
-325.43,0.7976,0.79697,0.99547,0.00079204
-324.92,0.79761,0.79697,0.99548,0.00080062
-324,0.79761,0.79696,0.99548,0.0008162
-322.21,0.7976,0.79693,0.99544,0.00084759
-320.11,0.79758,0.79687,0.99537,0.00088579
-318,0.79754,0.7968,0.99528,0.00092601
-316.06,0.79749,0.79672,0.99517,0.00096448
-314.45,0.79744,0.79665,0.99507,0.00099762
-313.14,0.79739,0.79657,0.99497,0.0010255
-312.16,0.79735,0.79651,0.99488,0.0010469
-311.52,0.79731,0.79646,0.99481,0.001061
-311.22,0.79727,0.79642,0.99475,0.0010677
-311.21,0.79725,0.7964,0.99471,0.001068
-311.43,0.79723,0.79639,0.99468,0.001063
-311.86,0.79723,0.79639,0.99468,0.0010535
-312.48,0.79723,0.7964,0.99469,0.0010397
-313.35,0.79724,0.79642,0.99472,0.0010209
-314.46,0.79725,0.79646,0.99476,0.00099743
-315.75,0.79728,0.7965,0.99482,0.00097081
-316.94,0.7973,0.79655,0.99488,0.00094667
-318.13,0.79733,0.7966,0.99494,0.0009233
-319.28,0.79737,0.79665,0.99501,0.00090127
-320.4,0.7974,0.7967,0.99508,0.00088035
-321.52,0.79743,0.79675,0.99515,0.00085984
-322.67,0.79747,0.7968,0.99522,0.00083938
-323.8,0.7975,0.79685,0.99529,0.00081966
-324.81,0.79754,0.7969,0.99536,0.00080244
-325.63,0.79757,0.79694,0.99543,0.00078877
-325.79,0.7976,0.79697,0.99548,0.00078611
-325.16,0.79762,0.79698,0.9955,0.00079647
-323.82,0.79762,0.79697,0.99549,0.00081939
-321.96,0.79761,0.79693,0.99544,0.000852
-319.89,0.79758,0.79687,0.99537,0.00088981
-317.86,0.79754,0.7968,0.99528,0.00092859
-316.03,0.79749,0.79672,0.99517,0.00096515
-314.4,0.79744,0.79664,0.99507,0.00099873
-313.11,0.79739,0.79657,0.99497,0.0010262
-312.18,0.79734,0.79651,0.99487,0.0010465
-311.62,0.7973,0.79646,0.9948,0.0010588
-311.43,0.79727,0.79643,0.99475,0.0010631
-311.5,0.79725,0.79641,0.99472,0.0010615
-311.78,0.79724,0.7964,0.9947,0.0010551
-312.27,0.79724,0.7964,0.9947,0.0010443
-312.93,0.79724,0.79642,0.99471,0.00103
-313.8,0.79725,0.79644,0.99474,0.0010113
-314.88,0.79727,0.79648,0.99479,0.00098859
-316.11,0.79729,0.79652,0.99484,0.0009634
-317.39,0.79732,0.79657,0.99491,0.00093775
-318.66,0.79735,0.79662,0.99498,0.00091313
-319.88,0.79739,0.79668,0.99505,0.00089004
-321.07,0.79742,0.79673,0.99513,0.00086801
-322.25,0.79746,0.79678,0.9952,0.00084675
-323.44,0.79749,0.79683,0.99527,0.0008258
-324.57,0.79753,0.79688,0.99534,0.00080649
-325.47,0.79756,0.79693,0.99541,0.00079131
-325.95,0.79759,0.79696,0.99546,0.0007835
-325.92,0.79761,0.79699,0.9955,0.00078391
-325.35,0.79762,0.79699,0.99551,0.0007934
-324.27,0.79763,0.79698,0.99551,0.00081157
-322.44,0.79761,0.79694,0.99546,0.00084342
-320.35,0.79759,0.79688,0.99539,0.00088135
-318.26,0.79755,0.79681,0.9953,0.00092084
-316.36,0.7975,0.79674,0.9952,0.00095839
-314.73,0.79745,0.79666,0.99509,0.00099177
-313.42,0.7974,0.79659,0.99499,0.0010195
-312.45,0.79735,0.79652,0.9949,0.0010404
-311.85,0.79731,0.79647,0.99482,0.0010538
-311.6,0.79728,0.79644,0.99477,0.0010593
-311.62,0.79726,0.79642,0.99473,0.0010588
-311.87,0.79725,0.79641,0.99471,0.0010533
-312.32,0.79724,0.79641,0.99471,0.0010433
-313.01,0.79724,0.79642,0.99472,0.0010282
-313.98,0.79725,0.79645,0.99475,0.0010076
-315.19,0.79727,0.79649,0.9948,0.0009822
-316.57,0.7973,0.79654,0.99487,0.00095405
-317.67,0.79733,0.79658,0.99492,0.00093227
-318.75,0.79735,0.79663,0.99498,0.00091136
-319.8,0.79738,0.79667,0.99505,0.00089159
-320.82,0.79741,0.79672,0.99511,0.00087268
-321.84,0.79744,0.79676,0.99517,0.00085405
-322.89,0.79748,0.79681,0.99524,0.00083545
-323.93,0.79751,0.79686,0.9953,0.00081736
-324.89,0.79754,0.7969,0.99536,0.00080106
-325.68,0.79757,0.79694,0.99542,0.00078786
-326.09,0.7976,0.79697,0.99547,0.00078115
-326,0.79762,0.79699,0.99551,0.00078259
-325.38,0.79763,0.797,0.99552,0.00079284
-324.32,0.79763,0.79698,0.99551,0.0008107
-322.93,0.79762,0.79696,0.99548,0.00083481
-321.34,0.7976,0.79691,0.99543,0.00086319
-319.69,0.79758,0.79686,0.99537,0.00089369
-318.18,0.79755,0.79681,0.9953,0.0009225
-316.77,0.79751,0.79675,0.99522,0.00095011
-315.51,0.79747,0.7967,0.99514,0.00097562
-314.42,0.79744,0.79664,0.99507,0.0009984
-313.33,0.7974,0.79658,0.99498,0.0010213
-312.52,0.79736,0.79653,0.9949,0.0010389
-311.99,0.79732,0.79648,0.99484,0.0010507
-311.72,0.79729,0.79645,0.99478,0.0010566
-311.69,0.79727,0.79643,0.99475,0.0010572
-311.88,0.79725,0.79641,0.99472,0.001053
-312.26,0.79725,0.79641,0.99472,0.0010447
-312.83,0.79724,0.79642,0.99472,0.0010321
-313.64,0.79725,0.79644,0.99475,0.0010147
-314.68,0.79727,0.79647,0.99478,0.00099273
-315.92,0.79729,0.79652,0.99484,0.00096734
-317.25,0.79732,0.79657,0.9949,0.00094058
-318.34,0.79734,0.79661,0.99496,0.00091933
-319.39,0.79737,0.79666,0.99502,0.00089914
-320.42,0.7974,0.7967,0.99509,0.00087996
-321.44,0.79743,0.79675,0.99515,0.00086137
-322.47,0.79746,0.79679,0.99521,0.00084284
-323.52,0.79749,0.79684,0.99528,0.00082451
-324.52,0.79753,0.79688,0.99534,0.00080726
-325.39,0.79756,0.79692,0.9954,0.00079268
-326.04,0.79759,0.79696,0.99546,0.00078191
-326.17,0.79761,0.79699,0.9955,0.00077976
-325.7,0.79763,0.797,0.99552,0.00078761
-324.64,0.79763,0.79699,0.99552,0.00080532
-322.85,0.79762,0.79695,0.99548,0.00083622
-320.76,0.7976,0.7969,0.99541,0.00087376
-318.65,0.79756,0.79683,0.99532,0.00091333
-316.72,0.79751,0.79675,0.99522,0.00095128
-315.1,0.79746,0.79668,0.99512,0.00098407
-313.78,0.79741,0.79661,0.99502,0.0010118
-312.78,0.79737,0.79654,0.99493,0.0010333
-312.12,0.79733,0.79649,0.99485,0.0010478
-311.79,0.7973,0.79645,0.99479,0.001055
-311.75,0.79727,0.79643,0.99475,0.0010558
-311.96,0.79725,0.79642,0.99473,0.0010513
-312.37,0.79725,0.79642,0.99472,0.0010422
-312.97,0.79725,0.79643,0.99473,0.0010291
-313.81,0.79726,0.79645,0.99475,0.0010112
-314.88,0.79727,0.79648,0.99479,0.00098869
-316.13,0.79729,0.79653,0.99485,0.00096298
-317.23,0.79732,0.79657,0.9949,0.00094106
-318.32,0.79734,0.79661,0.99496,0.00091963
-319.39,0.79737,0.79666,0.99502,0.00089928
-320.42,0.7974,0.7967,0.99509,0.00087999
-321.44,0.79743,0.79675,0.99515,0.00086129
-322.48,0.79746,0.79679,0.99521,0.00084266
-323.54,0.7975,0.79684,0.99528,0.00082419
-324.55,0.79753,0.79688,0.99534,0.00080678
-325.4,0.79756,0.79692,0.9954,0.00079246
-326,0.79758,0.79696,0.99545,0.00078255
-326.24,0.79761,0.79699,0.99549,0.00077867
-326.04,0.79762,0.797,0.99552,0.00078188
-325.44,0.79763,0.797,0.99553,0.00079195
-324.46,0.79763,0.79699,0.99552,0.00080832
-323.21,0.79763,0.79696,0.99549,0.00082994
-321.77,0.79761,0.79693,0.99545,0.00085534
-320.25,0.79759,0.79688,0.99539,0.00088309
-318.76,0.79756,0.79683,0.99533,0.00091131
-317.35,0.79753,0.79678,0.99525,0.00093869
-316.07,0.79749,0.79672,0.99518,0.0009643
-314.61,0.79744,0.79665,0.99508,0.00099434
-313.44,0.7974,0.79659,0.99499,0.0010192
-312.57,0.79736,0.79653,0.9949,0.0010378
-312.03,0.79732,0.79648,0.99483,0.0010497
-311.8,0.79729,0.79645,0.99478,0.0010549
-311.83,0.79727,0.79643,0.99475,0.0010542
-312.07,0.79725,0.79642,0.99473,0.0010487
-312.52,0.79725,0.79642,0.99472,0.0010388
-313.23,0.79725,0.79643,0.99474,0.0010236
-314.2,0.79726,0.79646,0.99477,0.0010028
-315.44,0.79728,0.7965,0.99482,0.00097712
-316.84,0.79731,0.79655,0.99488,0.00094877
-317.93,0.79733,0.79659,0.99494,0.00092717
-319.01,0.79736,0.79664,0.995,0.00090647
-320.05,0.79739,0.79668,0.99506,0.00088689
-321.06,0.79742,0.79673,0.99513,0.00086814
-322.09,0.79745,0.79678,0.99519,0.00084962
-323.14,0.79748,0.79682,0.99525,0.00083115
-324.17,0.79751,0.79687,0.99532,0.00081325
-325.12,0.79755,0.79691,0.99538,0.00079725
-325.94,0.79758,0.79695,0.99544,0.00078351
-326.27,0.79761,0.79699,0.99549,0.00077809
-325.98,0.79763,0.797,0.99552,0.00078297
-325.04,0.79764,0.797,0.99553,0.00079851
-323.66,0.79763,0.79697,0.9955,0.0008221
-321.98,0.79761,0.79693,0.99546,0.00085172
-320.18,0.79759,0.79688,0.99539,0.00088454
-318.41,0.79755,0.79682,0.99531,0.00091795
-316.89,0.79752,0.79676,0.99523,0.00094781
-315.53,0.79748,0.7967,0.99514,0.00097524
-314.37,0.79744,0.79664,0.99506,0.00099945
-313.41,0.7974,0.79658,0.99498,0.0010198
-312.59,0.79736,0.79653,0.9949,0.0010375
-312.06,0.79732,0.79648,0.99484,0.001049
-311.82,0.79729,0.79645,0.99479,0.0010542
-311.83,0.79727,0.79643,0.99475,0.001054
-312.04,0.79726,0.79642,0.99473,0.0010495
-312.42,0.79725,0.79642,0.99472,0.001041
-313,0.79725,0.79643,0.99473,0.0010285
-313.78,0.79726,0.79645,0.99476,0.0010117
-314.7,0.79727,0.79648,0.99479,0.00099228
-315.78,0.79729,0.79651,0.99483,0.00097011
-316.95,0.79731,0.79656,0.99489,0.00094658
-318.14,0.79734,0.7966,0.99495,0.00092315
-319.22,0.79737,0.79665,0.99501,0.00090238
-320.27,0.7974,0.79669,0.99508,0.00088268
-321.31,0.79743,0.79674,0.99514,0.00086366
-322.36,0.79746,0.79679,0.99521,0.00084489
-323.36,0.79749,0.79683,0.99527,0.00082725
-324.34,0.79752,0.79687,0.99533,0.00081035
-325.23,0.79755,0.79691,0.99539,0.00079544
-325.9,0.79758,0.79695,0.99544,0.00078416
-326.26,0.7976,0.79698,0.99548,0.00077827
-326.21,0.79762,0.797,0.99552,0.00077918
-325.71,0.79763,0.797,0.99553,0.00078745
-324.79,0.79764,0.797,0.99553,0.00080285
-322.99,0.79763,0.79696,0.99549,0.00083379
-320.88,0.7976,0.7969,0.99542,0.00087159
-318.75,0.79756,0.79683,0.99533,0.00091152
-316.79,0.79751,0.79675,0.99522,0.00094981
-315.18,0.79746,0.79668,0.99512,0.00098239
-313.87,0.79742,0.79661,0.99502,0.0010099
-312.87,0.79737,0.79655,0.99493,0.0010313
-312.21,0.79733,0.7965,0.99486,0.0010458
-311.88,0.7973,0.79646,0.9948,0.0010531
-311.84,0.79727,0.79643,0.99476,0.0010539
-312.04,0.79726,0.79642,0.99473,0.0010495
-312.45,0.79725,0.79642,0.99473,0.0010405
-313.04,0.79725,0.79643,0.99473,0.0010275
-313.87,0.79726,0.79645,0.99476,0.0010097
-314.94,0.79727,0.79649,0.9948,0.00098737
-316.19,0.7973,0.79653,0.99485,0.0009618
-317.29,0.79732,0.79657,0.99491,0.00093983
-318.39,0.79735,0.79661,0.99497,0.00091835
-319.46,0.79737,0.79666,0.99503,0.00089795
-320.49,0.79741,0.7967,0.99509,0.00087863
-321.52,0.79744,0.79675,0.99515,0.00085989
-322.56,0.79747,0.7968,0.99522,0.00084122
-323.62,0.7975,0.79684,0.99528,0.00082271
-324.64,0.79753,0.79689,0.99535,0.0008053
-325.49,0.79756,0.79693,0.99541,0.00079103
-326.08,0.79759,0.79696,0.99546,0.00078125
-326.31,0.79761,0.79699,0.9955,0.0007776
-326.09,0.79763,0.797,0.99552,0.00078113
-325.46,0.79763,0.797,0.99553,0.00079154
-324.47,0.79764,0.79699,0.99552,0.00080823
-323.2,0.79763,0.79697,0.99549,0.00083012
-321.75,0.79761,0.79693,0.99545,0.00085573
-320.23,0.79759,0.79688,0.99539,0.00088351
-318.74,0.79756,0.79683,0.99533,0.00091167
-317.34,0.79753,0.79678,0.99525,0.00093893
-316.06,0.79749,0.79672,0.99518,0.00096439
-314.63,0.79745,0.79665,0.99508,0.00099394
-313.47,0.7974,0.79659,0.99499,0.0010183
-312.62,0.79736,0.79653,0.99491,0.0010367
-312.09,0.79732,0.79649,0.99484,0.0010485
-311.85,0.79729,0.79645,0.99479,0.0010537
-311.88,0.79727,0.79643,0.99475,0.001053
-312.12,0.79726,0.79642,0.99473,0.0010476
-312.57,0.79725,0.79642,0.99473,0.0010378
-313.27,0.79725,0.79644,0.99474,0.0010227
-314.24,0.79726,0.79646,0.99477,0.001002
-315.47,0.79728,0.7965,0.99482,0.00097648
-316.86,0.79731,0.79655,0.99489,0.00094826
-317.96,0.79734,0.7966,0.99494,0.00092668
-319.03,0.79736,0.79664,0.995,0.00090599
-320.07,0.79739,0.79669,0.99507,0.00088643
-321.09,0.79742,0.79673,0.99513,0.00086769
-322.11,0.79745,0.79678,0.99519,0.00084921
-323.16,0.79748,0.79682,0.99526,0.00083076
-324.19,0.79752,0.79687,0.99532,0.00081286
-325.14,0.79755,0.79691,0.99538,0.00079683
-325.94,0.79758,0.79695,0.99544,0.00078357
-326.31,0.79761,0.79699,0.99549,0.00077757
-326.12,0.79763,0.797,0.99552,0.00078062
-325.36,0.79764,0.797,0.99553,0.00079324
-324.15,0.79763,0.79699,0.99552,0.00081365
-322.62,0.79762,0.79695,0.99548,0.00084021
-320.93,0.7976,0.79691,0.99542,0.00087059
-319.23,0.79757,0.79685,0.99535,0.00090242
-317.71,0.79754,0.79679,0.99527,0.00093158
-316.33,0.7975,0.79673,0.9952,0.00095902
-315.11,0.79746,0.79668,0.99512,0.00098392
-314.07,0.79742,0.79662,0.99504,0.0010057
-313.07,0.79738,0.79656,0.99495,0.0010271
-312.37,0.79734,0.79651,0.99488,0.0010423
-311.96,0.79731,0.79647,0.99482,0.0010511
-311.84,0.79728,0.79644,0.99477,0.001054
-311.92,0.79727,0.79643,0.99474,0.0010521
-312.17,0.79725,0.79642,0.99473,0.0010465
-312.58,0.79725,0.79642,0.99473,0.0010376
-313.15,0.79725,0.79643,0.99474,0.0010251
-313.93,0.79726,0.79645,0.99476,0.0010086
-314.89,0.79727,0.79648,0.9948,0.0009884
-316.01,0.79729,0.79652,0.99485,0.0009654
-317.22,0.79732,0.79657,0.9949,0.0009412
-318.43,0.79735,0.79662,0.99497,0.00091755
-319.61,0.79738,0.79667,0.99504,0.00089515
-320.75,0.79741,0.79672,0.99511,0.00087396
-321.88,0.79745,0.79677,0.99518,0.00085342
-322.94,0.79748,0.79681,0.99524,0.00083457
-324,0.79751,0.79686,0.99531,0.00081615
-324.99,0.79754,0.7969,0.99537,0.00079936
-325.79,0.79757,0.79694,0.99543,0.00078607
-326.25,0.7976,0.79698,0.99548,0.00077843
-326.27,0.79762,0.797,0.99551,0.00077823
-325.78,0.79763,0.79701,0.99553,0.0007863
-324.81,0.79764,0.797,0.99553,0.00080242
-322.75,0.79762,0.79695,0.99548,0.00083799
-320.34,0.79759,0.79689,0.9954,0.00088149
-317.98,0.79754,0.7968,0.99529,0.00092631
-315.91,0.79749,0.79672,0.99517,0.00096761
-314.04,0.79743,0.79662,0.99504,0.0010062
-312.74,0.79737,0.79654,0.99493,0.0010342
-312.02,0.79732,0.79648,0.99483,0.0010499
-311.85,0.79728,0.79644,0.99476,0.0010538
-311.97,0.79726,0.79642,0.99474,0.0010509
-312.27,0.79725,0.79642,0.99473,0.0010444
-312.73,0.79725,0.79642,0.99473,0.0010344
-313.37,0.79725,0.79644,0.99474,0.0010206
-314.22,0.79726,0.79646,0.99477,0.0010025
-315.25,0.79728,0.7965,0.99481,0.00098092
-316.43,0.7973,0.79654,0.99487,0.00095697
-317.67,0.79733,0.79658,0.99493,0.00093238
-318.81,0.79736,0.79663,0.99499,0.00091029
-319.91,0.79739,0.79668,0.99506,0.00088939
-320.99,0.79742,0.79673,0.99512,0.00086945
-322.07,0.79745,0.79677,0.99519,0.00084996
-323.1,0.79748,0.79682,0.99525,0.00083175
-324.12,0.79751,0.79686,0.99531,0.00081406
-325.07,0.79754,0.79691,0.99538,0.00079808
-325.82,0.79757,0.79695,0.99543,0.00078551
-326.26,0.7976,0.79698,0.99548,0.00077827
-326.27,0.79762,0.797,0.99552,0.00077818
-325.79,0.79763,0.79701,0.99553,0.00078603
-324.86,0.79764,0.797,0.99553,0.00080162
-322.83,0.79762,0.79696,0.99548,0.00083661
-320.44,0.79759,0.79689,0.9954,0.00087963
-318.09,0.79755,0.79681,0.99529,0.00092418
-316.01,0.79749,0.79672,0.99518,0.00096545
-314.24,0.79743,0.79663,0.99505,0.001002
-312.95,0.79738,0.79656,0.99494,0.0010297
-312.16,0.79733,0.79649,0.99485,0.0010469
-311.85,0.79729,0.79645,0.99478,0.0010536
-311.89,0.79727,0.79643,0.99475,0.0010527
-312.12,0.79726,0.79642,0.99473,0.0010478
-312.5,0.79725,0.79642,0.99473,0.0010393
-313.07,0.79725,0.79643,0.99474,0.0010271
-313.83,0.79726,0.79645,0.99476,0.0010106
-314.81,0.79727,0.79648,0.99479,0.00099015
-315.95,0.79729,0.79652,0.99484,0.00096664
-317.19,0.79732,0.79657,0.9949,0.00094175
-318.42,0.79735,0.79662,0.99497,0.00091767
-319.62,0.79738,0.79667,0.99504,0.00089487
-320.78,0.79741,0.79672,0.99511,0.00087332
-321.93,0.79745,0.79677,0.99518,0.00085242
-323,0.79748,0.79681,0.99525,0.0008336
-324.05,0.79751,0.79686,0.99531,0.00081525
-325.04,0.79754,0.79691,0.99537,0.00079859
-325.82,0.79757,0.79695,0.99543,0.00078552
-326.27,0.7976,0.79698,0.99548,0.0007782
-326.27,0.79762,0.797,0.99552,0.00077822
-325.77,0.79763,0.79701,0.99553,0.00078636
-324.81,0.79764,0.797,0.99553,0.00080241
-322.67,0.79762,0.79695,0.99548,0.00083936
-320.18,0.79759,0.79688,0.99539,0.0008845
-317.76,0.79754,0.7968,0.99528,0.00093063
-315.66,0.79748,0.7967,0.99515,0.00097261
-314.24,0.79743,0.79663,0.99505,0.001002
-313.14,0.79739,0.79657,0.99496,0.0010255
-312.38,0.79734,0.79651,0.99488,0.001042
-311.96,0.79731,0.79647,0.99481,0.0010513
-311.85,0.79728,0.79644,0.99477,0.0010537
-311.99,0.79726,0.79642,0.99474,0.0010506
-312.33,0.79725,0.79642,0.99473,0.001043
-312.89,0.79725,0.79643,0.99473,0.0010309
-313.55,0.79725,0.79644,0.99475,0.0010167
-314.39,0.79727,0.79647,0.99478,0.00099892
-315.4,0.79728,0.7965,0.99482,0.00097798
-316.52,0.7973,0.79654,0.99487,0.0009551
-317.69,0.79733,0.79659,0.99493,0.00093186
-318.85,0.79736,0.79663,0.99499,0.00090945
-319.97,0.79739,0.79668,0.99506,0.00088834
-321.06,0.79742,0.79673,0.99513,0.00086823
-322.31,0.79746,0.79678,0.9952,0.00084573
-323.58,0.7975,0.79684,0.99528,0.00082343
-324.8,0.79753,0.79689,0.99536,0.00080262
-325.78,0.79757,0.79694,0.99543,0.00078617
-326.28,0.7976,0.79698,0.99548,0.00077802
-326.22,0.79762,0.797,0.99552,0.00077896
-325.56,0.79764,0.797,0.99553,0.00078994
-324.34,0.79764,0.79699,0.99552,0.00081038
-322.37,0.79762,0.79695,0.99547,0.00084475
-320.17,0.79759,0.79688,0.99539,0.00088471
-318.03,0.79754,0.79681,0.99529,0.00092536
-316.13,0.79749,0.79673,0.99518,0.00096313
-314.53,0.79744,0.79665,0.99507,0.00099598
-313.29,0.79739,0.79658,0.99497,0.0010223
-312.43,0.79735,0.79652,0.99489,0.0010408
-311.96,0.79731,0.79647,0.99481,0.0010511
-311.85,0.79728,0.79644,0.99477,0.0010537
-311.99,0.79726,0.79642,0.99474,0.0010506
-312.34,0.79725,0.79642,0.99473,0.0010428
-312.91,0.79725,0.79643,0.99473,0.0010304
-313.58,0.79726,0.79645,0.99475,0.001016
-314.43,0.79727,0.79647,0.99478,0.00099796
-315.45,0.79728,0.7965,0.99482,0.00097678
-316.59,0.7973,0.79654,0.99487,0.00095373
-317.77,0.79733,0.79659,0.99493,0.0009304
-318.93,0.79736,0.79664,0.995,0.00090796
-320.05,0.79739,0.79668,0.99506,0.00088682
-321.15,0.79742,0.79673,0.99513,0.00086666
-322.36,0.79746,0.79679,0.99521,0.00084482
-323.6,0.7975,0.79684,0.99528,0.00082316
-324.78,0.79753,0.79689,0.99536,0.00080294
-325.75,0.79757,0.79694,0.99543,0.00078676
-326.27,0.7976,0.79698,0.99548,0.0007782
-326.24,0.79762,0.797,0.99552,0.00077866
-325.6,0.79763,0.79701,0.99553,0.00078914
-324.41,0.79764,0.79699,0.99552,0.00080914
-322.59,0.79762,0.79695,0.99548,0.00084084
-320.53,0.79759,0.79689,0.99541,0.00087794
-318.5,0.79755,0.79682,0.99532,0.00091628
-316.65,0.79751,0.79675,0.99521,0.00095269
-315.05,0.79746,0.79667,0.99511,0.00098515
-313.76,0.79741,0.7966,0.99501,0.0010123
-312.79,0.79737,0.79654,0.99492,0.0010331
-312.17,0.79733,0.79649,0.99485,0.0010467
-311.88,0.7973,0.79646,0.99479,0.0010529
-311.88,0.79727,0.79643,0.99475,0.001053
-312.1,0.79726,0.79642,0.99473,0.0010481
-312.53,0.79725,0.79642,0.99473,0.0010386
-313.18,0.79725,0.79643,0.99474,0.0010247
-314.07,0.79726,0.79646,0.99477,0.0010056
-315.21,0.79728,0.7965,0.99481,0.00098181
-316.52,0.7973,0.79654,0.99487,0.00095504
-317.61,0.79733,0.79658,0.99492,0.0009335
-318.69,0.79735,0.79663,0.99498,0.00091263
-319.73,0.79738,0.79667,0.99504,0.00089287
-320.74,0.79741,0.79672,0.99511,0.00087407
-321.75,0.79744,0.79676,0.99517,0.00085571
-322.78,0.79747,0.79681,0.99523,0.00083738
-323.82,0.7975,0.79685,0.9953,0.0008193
-324.8,0.79753,0.79689,0.99536,0.0008025
-325.68,0.79757,0.79694,0.99542,0.00078792
-326.22,0.79759,0.79697,0.99547,0.00077904
-326.3,0.79762,0.797,0.99551,0.00077771
-325.86,0.79763,0.79701,0.99553,0.00078493
-325.01,0.79764,0.797,0.99553,0.00079913
-323.81,0.79763,0.79698,0.99551,0.00081952
-322.37,0.79762,0.79695,0.99547,0.00084462
-320.82,0.7976,0.7969,0.99542,0.00087263
-319.31,0.79757,0.79685,0.99535,0.00090088
-317.86,0.79754,0.7968,0.99528,0.00092867
-316.53,0.79751,0.79674,0.99521,0.00095497
-315.35,0.79747,0.79669,0.99513,0.00097903
-314.12,0.79743,0.79663,0.99504,0.0010046
-313.15,0.79738,0.79657,0.99496,0.0010253
-312.45,0.79735,0.79652,0.99489,0.0010404
-312.03,0.79731,0.79648,0.99483,0.0010498
-311.85,0.79729,0.79645,0.99478,0.0010536
-311.94,0.79727,0.79643,0.99474,0.0010517
-312.24,0.79725,0.79642,0.99473,0.0010451
-312.74,0.79725,0.79643,0.99473,0.0010341
-313.37,0.79725,0.79644,0.99474,0.0010205
-314.19,0.79726,0.79646,0.99477,0.001003
-315.2,0.79728,0.7965,0.99481,0.00098194
-316.35,0.7973,0.79654,0.99486,0.00095854
-317.56,0.79733,0.79658,0.99492,0.0009345
-318.76,0.79736,0.79663,0.99499,0.00091124
-319.92,0.79739,0.79668,0.99506,0.00088934
-321.04,0.79742,0.79673,0.99513,0.00086854
-322.16,0.79746,0.79678,0.99519,0.00084833
-323.31,0.79749,0.79683,0.99526,0.00082818
-324.43,0.79752,0.79688,0.99533,0.00080886
-325.42,0.79756,0.79692,0.9954,0.00079223
-326.11,0.79759,0.79696,0.99546,0.00078085
-326.33,0.79761,0.79699,0.9955,0.00077721
-325.99,0.79763,0.79701,0.99553,0.00078278
-325.09,0.79764,0.797,0.99553,0.00079774
-323.63,0.79763,0.79698,0.99551,0.00082252
-321.87,0.79761,0.79693,0.99545,0.00085367
-319.99,0.79758,0.79688,0.99538,0.00088802
-318.17,0.79755,0.79681,0.9953,0.00092267
-316.64,0.79751,0.79675,0.99521,0.00095271
-315.3,0.79747,0.79669,0.99513,0.00098003
-314.16,0.79743,0.79663,0.99505,0.0010038
-313.23,0.79739,0.79657,0.99497,0.0010235
-312.5,0.79735,0.79652,0.99489,0.0010395
-312.04,0.79732,0.79648,0.99483,0.0010494
-311.86,0.79729,0.79645,0.99478,0.0010535
-311.9,0.79727,0.79643,0.99475,0.0010526
-312.12,0.79726,0.79642,0.99473,0.0010476
-312.52,0.79725,0.79642,0.99473,0.0010388
-313.11,0.79725,0.79643,0.99474,0.0010261
-313.9,0.79726,0.79645,0.99476,0.0010092
-314.82,0.79727,0.79648,0.9948,0.00098977
-315.9,0.79729,0.79652,0.99484,0.0009677
-317.06,0.79731,0.79656,0.9949,0.0009444
-318.24,0.79734,0.79661,0.99496,0.00092127
-319.31,0.79737,0.79665,0.99502,0.00090065
-320.36,0.7974,0.7967,0.99508,0.00088107
-321.39,0.79743,0.79674,0.99515,0.00086215
-322.44,0.79746,0.79679,0.99521,0.00084346
-323.44,0.79749,0.79683,0.99527,0.00082589
-324.41,0.79752,0.79688,0.99533,0.0008091
-325.29,0.79755,0.79692,0.99539,0.00079435
-325.96,0.79758,0.79695,0.99544,0.00078327
-326.3,0.7976,0.79698,0.99549,0.00077762
-326.24,0.79762,0.797,0.99552,0.0007787
-325.73,0.79763,0.79701,0.99553,0.00078709
-324.81,0.79764,0.797,0.99553,0.00080252
-323,0.79763,0.79696,0.99549,0.00083351
-320.89,0.7976,0.7969,0.99542,0.00087131
-318.76,0.79756,0.79683,0.99533,0.0009112
-316.81,0.79751,0.79676,0.99522,0.00094942
-315.2,0.79747,0.79668,0.99512,0.0009821
-313.88,0.79742,0.79661,0.99502,0.0010097
-312.88,0.79737,0.79655,0.99493,0.001031
-312.23,0.79733,0.7965,0.99486,0.0010454
-311.9,0.7973,0.79646,0.9948,0.0010525
-311.87,0.79727,0.79643,0.99476,0.0010532
-312.07,0.79726,0.79642,0.99473,0.0010487
-312.49,0.79725,0.79642,0.99473,0.0010396
-313.09,0.79725,0.79643,0.99474,0.0010265
-313.93,0.79726,0.79646,0.99476,0.0010085
-315.01,0.79727,0.79649,0.9948,0.00098594
-316.27,0.7973,0.79653,0.99486,0.00096018
-317.36,0.79732,0.79657,0.99491,0.00093846
-318.45,0.79735,0.79662,0.99497,0.00091723
-319.5,0.79738,0.79666,0.99503,0.00089708
-320.53,0.79741,0.79671,0.99509,0.00087797
-321.54,0.79744,0.79675,0.99516,0.00085944
-322.58,0.79747,0.7968,0.99522,0.00084097
-323.62,0.7975,0.79684,0.99528,0.00082265
-324.63,0.79753,0.79689,0.99535,0.00080539
-325.49,0.79756,0.79693,0.99541,0.0007911
-326.09,0.79759,0.79696,0.99546,0.00078118
-326.33,0.79761,0.79699,0.9955,0.00077724
-326.14,0.79763,0.797,0.99552,0.00078035
-325.53,0.79764,0.797,0.99553,0.00079031
-324.57,0.79764,0.79699,0.99552,0.00080654
-323.32,0.79763,0.79697,0.9955,0.00082803
-321.89,0.79761,0.79693,0.99546,0.00085332
-320.37,0.79759,0.79689,0.9954,0.00088104
-318.87,0.79756,0.79684,0.99533,0.00090924
-317.45,0.79753,0.79678,0.99526,0.00093663
-316.17,0.79749,0.79673,0.99519,0.00096226
-314.7,0.79745,0.79666,0.99509,0.00099246
-313.52,0.7974,0.79659,0.99499,0.0010174
-312.65,0.79736,0.79653,0.99491,0.0010361
-312.1,0.79732,0.79649,0.99484,0.0010481
-311.87,0.79729,0.79645,0.99479,0.0010533
-311.9,0.79727,0.79643,0.99475,0.0010526
-312.15,0.79726,0.79642,0.99473,0.0010471
-312.6,0.79725,0.79642,0.99473,0.0010372
-313.3,0.79725,0.79644,0.99474,0.001022
-314.28,0.79726,0.79647,0.99477,0.0010011
-315.52,0.79728,0.79651,0.99482,0.00097542
-316.92,0.79731,0.79656,0.99489,0.00094706
-318.02,0.79734,0.7966,0.99495,0.00092552
-319.09,0.79736,0.79664,0.99501,0.00090488
-320.13,0.79739,0.79669,0.99507,0.00088537
-321.14,0.79742,0.79673,0.99513,0.00086666
-322.17,0.79746,0.79678,0.9952,0.00084819
-323.22,0.79749,0.79682,0.99526,0.00082976
-324.25,0.79752,0.79687,0.99532,0.00081192
-325.19,0.79755,0.79691,0.99538,0.00079601
-326.04,0.79758,0.79696,0.99545,0.00078186
-326.33,0.79761,0.79699,0.9955,0.00077718
-325.91,0.79763,0.79701,0.99553,0.00078409
-324.79,0.79764,0.797,0.99553,0.00080271
-323.2,0.79763,0.79697,0.9955,0.00083009
-321.33,0.79761,0.79692,0.99544,0.00086331
-319.41,0.79757,0.79686,0.99536,0.00089895
-317.59,0.79753,0.79679,0.99527,0.00093406
-316.02,0.79749,0.79672,0.99518,0.00096525
-314.68,0.79745,0.79666,0.99509,0.00099288
-313.58,0.7974,0.79659,0.995,0.001016
-312.75,0.79736,0.79654,0.99492,0.001034
-312.17,0.79733,0.79649,0.99485,0.0010465
-311.89,0.7973,0.79646,0.9948,0.0010528
-311.86,0.79727,0.79643,0.99476,0.0010533
-312.05,0.79726,0.79642,0.99473,0.0010492
-312.39,0.79725,0.79642,0.99473,0.0010417
-312.9,0.79725,0.79643,0.99473,0.0010305
-313.61,0.79726,0.79645,0.99475,0.0010154
-314.52,0.79727,0.79647,0.99478,0.00099619
-315.54,0.79728,0.79651,0.99483,0.00097495
-316.67,0.79731,0.79655,0.99488,0.0009521
-317.84,0.79733,0.79659,0.99494,0.00092906
-318.99,0.79736,0.79664,0.995,0.00090688
-320.05,0.79739,0.79668,0.99506,0.0008869
-321.09,0.79742,0.79673,0.99513,0.00086766
-322.14,0.79745,0.79678,0.99519,0.00084871
-323.21,0.79749,0.79682,0.99526,0.00082989
-324.19,0.79752,0.79687,0.99532,0.00081294
-325.09,0.79754,0.79691,0.99538,0.0007977
-325.81,0.79757,0.79695,0.99543,0.0007857
-326.25,0.7976,0.79698,0.99548,0.00077853
-326.31,0.79762,0.797,0.99551,0.00077756
-325.98,0.79763,0.79701,0.99553,0.00078295
-325.27,0.79764,0.797,0.99553,0.00079474
-324.23,0.79764,0.79699,0.99552,0.00081236
-322.58,0.79762,0.79695,0.99548,0.00084104
-320.75,0.7976,0.7969,0.99541,0.000874
-318.92,0.79756,0.79684,0.99534,0.00090825
-317.21,0.79752,0.79677,0.99525,0.0009414
-315.53,0.79748,0.7967,0.99514,0.00097534
-314.13,0.79743,0.79663,0.99504,0.0010044
-313.06,0.79738,0.79656,0.99495,0.0010273
-312.32,0.79734,0.79651,0.99487,0.0010432
-311.93,0.7973,0.79646,0.99481,0.0010518
-311.86,0.79728,0.79644,0.99476,0.0010535
-312.04,0.79726,0.79642,0.99474,0.0010494
-312.45,0.79725,0.79642,0.99473,0.0010403
-313.03,0.79725,0.79643,0.99474,0.0010279
-313.83,0.79726,0.79645,0.99476,0.0010107
-314.86,0.79727,0.79648,0.9948,0.00098903
-316.08,0.79729,0.79653,0.99485,0.0009641
-317.23,0.79732,0.79657,0.99491,0.00094094
-318.39,0.79735,0.79661,0.99497,0.00091824
-319.52,0.79738,0.79666,0.99503,0.00089674
-320.61,0.79741,0.79671,0.9951,0.00087641
-321.7,0.79744,0.79676,0.99517,0.00085668
-322.8,0.79747,0.79681,0.99523,0.00083699
-323.92,0.79751,0.79686,0.9953,0.00081762
-324.96,0.79754,0.7969,0.99537,0.00079989
-325.85,0.79757,0.79695,0.99543,0.00078509
-326.3,0.7976,0.79698,0.99549,0.00077764
-326.18,0.79762,0.797,0.99552,0.00077964
-325.44,0.79764,0.797,0.99553,0.00079185
-324.3,0.79764,0.79699,0.99552,0.00081109
-322.84,0.79762,0.79696,0.99549,0.00083635
-321.21,0.7976,0.79691,0.99543,0.00086551
-319.54,0.79758,0.79686,0.99536,0.00089639
-318.03,0.79754,0.79681,0.99529,0.00092537
-316.64,0.79751,0.79675,0.99521,0.00095287
-315.4,0.79747,0.79669,0.99514,0.00097805
-314.33,0.79743,0.79664,0.99506,0.0010003
-313.29,0.79739,0.79658,0.99497,0.0010224
-312.53,0.79735,0.79652,0.9949,0.0010387
-312.06,0.79732,0.79648,0.99483,0.001049
-311.86,0.79729,0.79645,0.99478,0.0010534
-311.89,0.79727,0.79643,0.99475,0.0010528
-312.09,0.79726,0.79642,0.99473,0.0010483
-312.45,0.79725,0.79642,0.99473,0.0010404
-312.98,0.79725,0.79643,0.99473,0.0010289
-313.7,0.79726,0.79645,0.99475,0.0010134
-314.63,0.79727,0.79648,0.99479,0.00099385
-315.73,0.79729,0.79651,0.99483,0.00097117
-316.93,0.79731,0.79656,0.99489,0.00094684
-318.07,0.79734,0.7966,0.99495,0.00092454
-319.18,0.79737,0.79665,0.99501,0.00090322
-320.25,0.7974,0.79669,0.99508,0.00088309
-321.3,0.79743,0.79674,0.99514,0.00086377
-322.37,0.79746,0.79679,0.99521,0.00084462
-323.46,0.79749,0.79683,0.99527,0.00082558
-324.51,0.79753,0.79688,0.99534,0.00080744
-325.44,0.79756,0.79693,0.9954,0.00079186
-326.17,0.79759,0.79697,0.99547,0.00077973
-326.3,0.79762,0.797,0.99551,0.00077776
-325.69,0.79763,0.79701,0.99553,0.00078766
-324.42,0.79764,0.79699,0.99552,0.00080904
-322.24,0.79762,0.79694,0.99547,0.00084702
-319.81,0.79758,0.79687,0.99538,0.00089146
-317.49,0.79753,0.79678,0.99526,0.00093592
-315.49,0.79747,0.7967,0.99514,0.00097601
-313.8,0.79741,0.79661,0.99502,0.0010115
-312.62,0.79736,0.79653,0.99491,0.0010368
-311.99,0.79731,0.79647,0.99482,0.0010506
-311.86,0.79728,0.79644,0.99476,0.0010535
-311.99,0.79726,0.79642,0.99474,0.0010505
-312.28,0.79725,0.79642,0.99473,0.0010442
-312.72,0.79725,0.79642,0.99473,0.0010345
-313.33,0.79725,0.79644,0.99474,0.0010213
-314.13,0.79726,0.79646,0.99477,0.0010042
-315.12,0.79728,0.79649,0.99481,0.00098371
-316.24,0.7973,0.79653,0.99486,0.00096081
-317.43,0.79732,0.79658,0.99492,0.00093705
-318.6,0.79735,0.79662,0.99498,0.00091436
-319.73,0.79738,0.79667,0.99504,0.00089288
-320.83,0.79742,0.79672,0.99511,0.00087249
-321.92,0.79745,0.79677,0.99518,0.00085264
-322.97,0.79748,0.79681,0.99524,0.00083406
-324.02,0.79751,0.79686,0.99531,0.0008159
-324.99,0.79754,0.7969,0.99537,0.00079934
-325.78,0.79757,0.79694,0.99543,0.00078615
-326.26,0.7976,0.79698,0.99548,0.00077838
-326.28,0.79762,0.797,0.99551,0.000778
-325.8,0.79763,0.79701,0.99553,0.00078587
-324.85,0.79764,0.797,0.99553,0.00080182
-322.87,0.79762,0.79696,0.99549,0.00083592
-320.54,0.79759,0.79689,0.99541,0.00087776
-318.24,0.79755,0.79681,0.9953,0.00092126
-316.19,0.7975,0.79673,0.99519,0.00096189
-314.48,0.79744,0.79665,0.99507,0.00099714
-313.17,0.79739,0.79657,0.99496,0.0010248
-312.32,0.79734,0.79651,0.99487,0.0010433
-311.91,0.7973,0.79646,0.9948,0.0010524
-311.87,0.79727,0.79643,0.99476,0.0010532
-312.09,0.79726,0.79642,0.99473,0.0010484
-312.53,0.79725,0.79642,0.99473,0.0010387
-313.21,0.79725,0.79644,0.99474,0.0010239
-313.95,0.79726,0.79646,0.99476,0.0010082
-314.85,0.79727,0.79648,0.9948,0.00098926
-315.89,0.79729,0.79652,0.99484,0.00096778
-317.02,0.79731,0.79656,0.99489,0.00094509
-318.17,0.79734,0.7966,0.99495,0.00092265
-319.28,0.79737,0.79665,0.99502,0.00090125
-320.36,0.7974,0.7967,0.99508,0.00088103
-321.42,0.79743,0.79675,0.99515,0.00086158
-322.54,0.79747,0.7968,0.99522,0.00084163
-323.67,0.7975,0.79684,0.99529,0.00082189
-324.75,0.79753,0.79689,0.99535,0.00080343
-325.66,0.79757,0.79694,0.99542,0.00078828
-326.23,0.7976,0.79697,0.99547,0.0007788
-326.28,0.79762,0.797,0.99551,0.00077795
-325.74,0.79763,0.79701,0.99553,0.00078687
-324.64,0.79764,0.79699,0.99553,0.00080528
-322.5,0.79762,0.79695,0.99547,0.00084246
-320.05,0.79758,0.79688,0.99539,0.00088698
-317.69,0.79754,0.79679,0.99527,0.0009321
-315.64,0.79748,0.7967,0.99515,0.00097309
-314.21,0.79743,0.79663,0.99505,0.0010028
-313.1,0.79738,0.79656,0.99496,0.0010263
-312.35,0.79734,0.79651,0.99487,0.0010427
-311.94,0.79731,0.79647,0.99481,0.0010516
-311.85,0.79728,0.79644,0.99476,0.0010536
-312.02,0.79726,0.79642,0.99474,0.00105
-312.39,0.79725,0.79642,0.99473,0.0010417
-312.98,0.79725,0.79643,0.99473,0.0010288
-313.66,0.79726,0.79645,0.99475,0.0010143
-314.51,0.79727,0.79647,0.99478,0.00099628
-315.53,0.79728,0.79651,0.99482,0.0009753
-316.65,0.79731,0.79655,0.99488,0.00095261
-317.8,0.79733,0.79659,0.99493,0.00092972
-318.94,0.79736,0.79664,0.995,0.00090771
-320.04,0.79739,0.79668,0.99506,0.00088696
-321.12,0.79742,0.79673,0.99513,0.00086716
-322.33,0.79746,0.79679,0.9952,0.00084535
-323.56,0.7975,0.79684,0.99528,0.00082372
-324.75,0.79753,0.79689,0.99535,0.00080345
-325.72,0.79757,0.79694,0.99542,0.00078714
-326.26,0.7976,0.79698,0.99548,0.00077826
-326.24,0.79762,0.797,0.99552,0.0007786
-325.6,0.79763,0.79701,0.99553,0.0007892
-324.39,0.79764,0.79699,0.99552,0.00080955
-322.56,0.79762,0.79695,0.99548,0.0008414
-320.5,0.79759,0.79689,0.9954,0.00087859
-318.46,0.79755,0.79682,0.99531,0.00091696
-316.61,0.79751,0.79675,0.99521,0.00095334
-315.02,0.79746,0.79667,0.99511,0.00098575
-313.73,0.79741,0.7966,0.99501,0.0010128
-312.77,0.79737,0.79654,0.99492,0.0010334
-312.16,0.79733,0.79649,0.99485,0.0010469
-311.88,0.79729,0.79646,0.99479,0.001053
-311.88,0.79727,0.79643,0.99475,0.0010529
-312.11,0.79726,0.79642,0.99473,0.0010479
-312.54,0.79725,0.79642,0.99473,0.0010384
-313.2,0.79725,0.79644,0.99474,0.0010242
-314.1,0.79726,0.79646,0.99477,0.0010049
-315.26,0.79728,0.7965,0.99481,0.00098084
-316.58,0.7973,0.79654,0.99487,0.00095384
-317.67,0.79733,0.79659,0.99493,0.00093232
-318.74,0.79736,0.79663,0.99499,0.00091151
-319.78,0.79738,0.79667,0.99505,0.00089181
-320.8,0.79741,0.79672,0.99511,0.00087305
-321.81,0.79744,0.79676,0.99517,0.0008547
-322.84,0.79748,0.79681,0.99524,0.00083637
-323.87,0.79751,0.79685,0.9953,0.00081834
-324.86,0.79754,0.7969,0.99536,0.00080165
-325.75,0.79757,0.79694,0.99543,0.00078679
-326.26,0.7976,0.79698,0.99548,0.00077835
-326.26,0.79762,0.797,0.99552,0.00077834
-325.69,0.79763,0.79701,0.99553,0.0007877
-324.72,0.79764,0.797,0.99553,0.000804
-323.41,0.79763,0.79697,0.9955,0.00082642
-321.89,0.79761,0.79693,0.99546,0.00085322
-320.29,0.79759,0.79689,0.9954,0.00088244
-318.78,0.79756,0.79683,0.99533,0.00091097
-317.35,0.79753,0.79678,0.99526,0.00093862
-316.06,0.79749,0.79672,0.99518,0.00096443
-314.93,0.79746,0.79667,0.9951,0.00098775
-313.79,0.79741,0.79661,0.99502,0.0010117
-312.9,0.79737,0.79655,0.99494,0.0010306
-312.29,0.79734,0.7965,0.99487,0.0010439
-311.95,0.79731,0.79647,0.99481,0.0010515
-311.85,0.79728,0.79644,0.99477,0.0010536
-312.02,0.79726,0.79642,0.99474,0.0010498
-312.42,0.79725,0.79642,0.99473,0.0010411
-313.05,0.79725,0.79643,0.99474,0.0010275
-313.74,0.79726,0.79645,0.99476,0.0010127
-314.6,0.79727,0.79648,0.99479,0.00099444
-315.62,0.79729,0.79651,0.99483,0.0009734
-316.74,0.79731,0.79655,0.99488,0.00095078
-317.89,0.79733,0.79659,0.99494,0.00092807
-319.02,0.79736,0.79664,0.995,0.00090629
-320.11,0.79739,0.79669,0.99507,0.00088574
-321.18,0.79743,0.79674,0.99513,0.0008661
-322.36,0.79746,0.79679,0.99521,0.0008448
-323.57,0.7975,0.79684,0.99528,0.00082366
-324.73,0.79753,0.79689,0.99535,0.00080383
-325.69,0.79757,0.79694,0.99542,0.00078771
-326.25,0.7976,0.79698,0.99548,0.00077845
-326.26,0.79762,0.797,0.99552,0.00077838
-325.64,0.79763,0.79701,0.99553,0.00078864
-324.44,0.79764,0.79699,0.99552,0.00080874
-322.45,0.79762,0.79695,0.99547,0.00084332
-320.21,0.79759,0.79688,0.99539,0.00088389
-318.04,0.79754,0.79681,0.99529,0.00092526
-316.1,0.79749,0.79672,0.99518,0.00096367
-314.48,0.79744,0.79665,0.99507,0.00099695
-313.24,0.79739,0.79657,0.99497,0.0010234
-312.39,0.79734,0.79651,0.99488,0.0010418
-311.94,0.7973,0.79647,0.99481,0.0010516
-311.85,0.79728,0.79644,0.99476,0.0010535
-312.02,0.79726,0.79642,0.99474,0.0010499
-312.4,0.79725,0.79642,0.99473,0.0010415
-313.01,0.79725,0.79643,0.99473,0.0010283
-313.69,0.79726,0.79645,0.99475,0.0010138
-314.54,0.79727,0.79647,0.99478,0.00099568
-315.55,0.79728,0.79651,0.99483,0.00097471
-316.67,0.79731,0.79655,0.99488,0.00095206
-317.83,0.79733,0.79659,0.99494,0.00092926
-318.96,0.79736,0.79664,0.995,0.00090735
-320.06,0.79739,0.79669,0.99506,0.00088668
-321.13,0.79742,0.79673,0.99513,0.00086695
-322.33,0.79746,0.79679,0.99521,0.00084527
-323.56,0.7975,0.79684,0.99528,0.00082376
-324.74,0.79753,0.79689,0.99535,0.0008036
-325.71,0.79757,0.79694,0.99542,0.00078732
-326.26,0.7976,0.79698,0.99548,0.00077831
-326.25,0.79762,0.797,0.99552,0.00077853
-325.61,0.79763,0.79701,0.99553,0.00078906
-324.4,0.79764,0.79699,0.99552,0.0008094
-322.51,0.79762,0.79695,0.99548,0.00084223
-320.39,0.79759,0.79689,0.9954,0.00088061
-318.31,0.79755,0.79682,0.99531,0.00092004
-316.42,0.7975,0.79674,0.9952,0.00095714
-314.82,0.79745,0.79666,0.9951,0.00098987
-313.55,0.7974,0.79659,0.995,0.0010168
-312.63,0.79736,0.79653,0.99491,0.0010367
-312.07,0.79732,0.79648,0.99483,0.0010489
-311.86,0.79729,0.79645,0.99478,0.0010534
-311.92,0.79727,0.79643,0.99475,0.0010522
-312.19,0.79726,0.79642,0.99473,0.0010461
-312.67,0.79725,0.79642,0.99473,0.0010356
-313.33,0.79725,0.79644,0.99474,0.0010214
-314.21,0.79726,0.79646,0.99477,0.0010026
-315.31,0.79728,0.7965,0.99482,0.00097976
-316.56,0.7973,0.79654,0.99487,0.00095436
-317.86,0.79733,0.79659,0.99494,0.00092858
-319.14,0.79737,0.79665,0.99501,0.00090392
-320.37,0.7974,0.7967,0.99508,0.0008808
-321.58,0.79744,0.79675,0.99516,0.00085869
-322.73,0.79747,0.7968,0.99523,0.00083827
-323.88,0.79751,0.79685,0.9953,0.00081821
-324.96,0.79754,0.7969,0.99537,0.00079983
-325.83,0.79757,0.79695,0.99543,0.00078545
-326.28,0.7976,0.79698,0.99548,0.00077802
-326.25,0.79762,0.797,0.99552,0.00077845
-325.7,0.79763,0.79701,0.99553,0.00078755
-324.66,0.79764,0.79699,0.99553,0.00080499
-322.86,0.79762,0.79696,0.99549,0.00083598
-320.79,0.7976,0.7969,0.99542,0.00087314
-318.72,0.79756,0.79683,0.99533,0.00091209
-316.81,0.79751,0.79676,0.99522,0.00094937
-315.17,0.79746,0.79668,0.99512,0.00098272
-313.83,0.79742,0.79661,0.99502,0.0010107
-312.83,0.79737,0.79655,0.99493,0.0010322
-312.18,0.79733,0.79649,0.99485,0.0010463
-311.89,0.7973,0.79646,0.99479,0.0010528
-311.88,0.79727,0.79643,0.99476,0.001053
-312.1,0.79726,0.79642,0.99473,0.0010482
-312.53,0.79725,0.79642,0.99473,0.0010387
-313.17,0.79725,0.79643,0.99474,0.0010249
-314.05,0.79726,0.79646,0.99477,0.001006
-315.18,0.79728,0.79649,0.99481,0.00098239
-316.49,0.7973,0.79654,0.99487,0.00095579
-317.58,0.79733,0.79658,0.99492,0.00093413
-318.66,0.79735,0.79663,0.99498,0.00091312
-319.71,0.79738,0.79667,0.99504,0.00089322
-320.73,0.79741,0.79672,0.99511,0.0008743
-321.74,0.79744,0.79676,0.99517,0.00085584
-322.78,0.79747,0.79681,0.99523,0.0008374
-323.82,0.7975,0.79685,0.9953,0.00081923
-324.81,0.79754,0.7969,0.99536,0.00080234
-325.69,0.79757,0.79694,0.99542,0.00078778
-326.22,0.79759,0.79697,0.99547,0.00077895
-326.3,0.79762,0.797,0.99551,0.00077773
-325.85,0.79763,0.79701,0.99553,0.0007851
-324.99,0.79764,0.797,0.99553,0.00079945
-323.78,0.79763,0.79698,0.99551,0.00081999
-322.34,0.79762,0.79695,0.99547,0.00084522
-320.78,0.7976,0.7969,0.99542,0.00087332
-319.27,0.79757,0.79685,0.99535,0.00090159
-317.82,0.79754,0.7968,0.99528,0.00092937
-316.5,0.7975,0.79674,0.99521,0.00095563
-315.32,0.79747,0.79669,0.99513,0.00097963
-314.1,0.79743,0.79662,0.99504,0.0010051
-313.14,0.79738,0.79657,0.99496,0.0010256
-312.44,0.79735,0.79652,0.99489,0.0010406
-312.02,0.79731,0.79648,0.99483,0.0010499
-311.85,0.79729,0.79645,0.99478,0.0010536
-311.94,0.79727,0.79643,0.99474,0.0010516
-312.25,0.79725,0.79642,0.99473,0.0010449
-312.76,0.79725,0.79643,0.99473,0.0010338
-313.38,0.79725,0.79644,0.99474,0.0010203
-314.2,0.79726,0.79646,0.99477,0.0010029
-315.2,0.79728,0.7965,0.99481,0.00098203
-316.33,0.7973,0.79653,0.99486,0.00095889
-317.53,0.79733,0.79658,0.99492,0.00093511
-318.72,0.79735,0.79663,0.99499,0.00091207
-319.86,0.79739,0.79668,0.99505,0.00089035
-320.98,0.79742,0.79673,0.99512,0.00086974
-322.09,0.79745,0.79678,0.99519,0.00084958
-323.23,0.79749,0.79683,0.99526,0.00082948
-324.36,0.79752,0.79687,0.99533,0.0008101
-325.36,0.79755,0.79692,0.9954,0.00079325
-326.07,0.79758,0.79696,0.99546,0.00078143
-326.33,0.79761,0.79699,0.9955,0.00077716
-326.04,0.79763,0.79701,0.99553,0.00078198
-325.18,0.79764,0.797,0.99553,0.00079615
-323.81,0.79763,0.79698,0.99551,0.00081943
-322.13,0.79762,0.79694,0.99546,0.000849
-320.31,0.79759,0.79689,0.9954,0.000882
-318.53,0.79756,0.79682,0.99532,0.00091573
-317.01,0.79752,0.79676,0.99524,0.00094541
-315.65,0.79748,0.7967,0.99515,0.00097275
-314.48,0.79744,0.79664,0.99507,0.00099696
-313.52,0.7974,0.79659,0.99499,0.0010174
-312.67,0.79736,0.79653,0.99491,0.0010358
-312.12,0.79732,0.79649,0.99484,0.0010476
-311.87,0.79729,0.79645,0.99479,0.0010531
-311.88,0.79727,0.79643,0.99475,0.001053
-312.09,0.79726,0.79642,0.99473,0.0010484
-312.48,0.79725,0.79642,0.99473,0.0010398
-313.07,0.79725,0.79643,0.99474,0.0010269
-313.88,0.79726,0.79645,0.99476,0.0010096
-314.81,0.79727,0.79648,0.99479,0.00099007
-315.89,0.79729,0.79652,0.99484,0.00096784
-317.06,0.79731,0.79656,0.9949,0.00094436
-318.25,0.79734,0.79661,0.99496,0.00092104
-319.33,0.79737,0.79665,0.99502,0.00090042
-320.37,0.7974,0.7967,0.99508,0.00088084
-321.41,0.79743,0.79675,0.99515,0.00086191
-322.45,0.79746,0.79679,0.99521,0.00084321
-323.45,0.79749,0.79683,0.99527,0.00082565
-324.43,0.79752,0.79688,0.99533,0.00080889
-325.3,0.79755,0.79692,0.99539,0.00079418
-325.97,0.79758,0.79695,0.99544,0.00078317
-326.31,0.7976,0.79698,0.99549,0.00077758
-326.24,0.79762,0.797,0.99552,0.00077873
-325.72,0.79763,0.79701,0.99553,0.00078716
-324.8,0.79764,0.797,0.99553,0.0008026
-323,0.79763,0.79696,0.99549,0.00083362
-320.89,0.7976,0.7969,0.99542,0.00087143
-318.76,0.79756,0.79683,0.99533,0.00091131
-316.8,0.79751,0.79676,0.99522,0.00094952
-315.19,0.79746,0.79668,0.99512,0.00098223
-313.87,0.79742,0.79661,0.99502,0.0010098
-312.88,0.79737,0.79655,0.99493,0.0010312
-312.22,0.79733,0.7965,0.99486,0.0010455
-311.9,0.7973,0.79646,0.9948,0.0010525
-311.87,0.79727,0.79643,0.99476,0.0010532
-312.08,0.79726,0.79642,0.99473,0.0010487
-312.49,0.79725,0.79642,0.99473,0.0010395
-313.1,0.79725,0.79643,0.99474,0.0010263
-313.94,0.79726,0.79646,0.99476,0.0010083
-315.03,0.79728,0.79649,0.9948,0.00098559
-316.29,0.7973,0.79653,0.99486,0.00095974
-317.38,0.79732,0.79657,0.99491,0.00093799
-318.47,0.79735,0.79662,0.99497,0.00091677
-319.53,0.79738,0.79666,0.99503,0.00089662
-320.55,0.79741,0.79671,0.9951,0.00087752
-321.57,0.79744,0.79675,0.99516,0.00085897
-322.6,0.79747,0.7968,0.99522,0.00084048
-323.65,0.7975,0.79684,0.99529,0.00082216
-324.66,0.79753,0.79689,0.99535,0.00080492
-325.51,0.79756,0.79693,0.99541,0.00079063
-326.11,0.79759,0.79696,0.99546,0.00078085
-326.33,0.79761,0.79699,0.9955,0.00077722
-326.11,0.79763,0.797,0.99553,0.00078078
-325.48,0.79764,0.797,0.99553,0.00079122
-324.49,0.79764,0.79699,0.99552,0.00080794
-323.21,0.79763,0.79697,0.9955,0.00082986
-321.77,0.79761,0.79693,0.99545,0.00085548
-320.25,0.79759,0.79688,0.99539,0.00088325
-318.75,0.79756,0.79683,0.99533,0.0009114
-317.35,0.79753,0.79678,0.99525,0.00093865
-316.08,0.79749,0.79672,0.99518,0.00096409
-314.65,0.79745,0.79665,0.99508,0.00099359
-313.49,0.7974,0.79659,0.99499,0.001018
-312.64,0.79736,0.79653,0.99491,0.0010363
-312.11,0.79732,0.79649,0.99484,0.001048
-311.87,0.79729,0.79645,0.99479,0.0010532
-311.9,0.79727,0.79643,0.99475,0.0010526
-312.14,0.79726,0.79642,0.99473,0.0010472
-312.59,0.79725,0.79642,0.99473,0.0010374
-313.29,0.79725,0.79644,0.99474,0.0010223
-314.26,0.79726,0.79646,0.99477,0.0010016
-315.49,0.79728,0.7965,0.99482,0.00097611
-316.88,0.79731,0.79655,0.99489,0.00094791
-317.98,0.79734,0.7966,0.99494,0.00092635
-319.05,0.79736,0.79664,0.995,0.00090567
-320.09,0.79739,0.79669,0.99507,0.00088612
-321.1,0.79742,0.79673,0.99513,0.00086739
-322.13,0.79745,0.79678,0.99519,0.00084892
-323.17,0.79748,0.79682,0.99526,0.00083048
-324.21,0.79752,0.79687,0.99532,0.00081259
-325.16,0.79755,0.79691,0.99538,0.00079657
-325.96,0.79758,0.79695,0.99544,0.00078332
-326.32,0.79761,0.79699,0.99549,0.00077733
-326.14,0.79763,0.797,0.99552,0.00078038
-325.37,0.79764,0.797,0.99553,0.000793
-324.16,0.79763,0.79699,0.99552,0.00081341
-322.64,0.79762,0.79695,0.99548,0.00083996
-320.95,0.7976,0.79691,0.99542,0.00087034
-319.24,0.79757,0.79685,0.99535,0.00090217
-317.73,0.79754,0.79679,0.99528,0.00093132
-316.34,0.7975,0.79674,0.9952,0.00095875
-315.12,0.79746,0.79668,0.99512,0.00098366
-314.08,0.79742,0.79662,0.99504,0.0010054
-313.08,0.79738,0.79656,0.99495,0.0010268
-312.38,0.79734,0.79651,0.99488,0.0010421
-311.98,0.79731,0.79647,0.99482,0.0010509
-311.85,0.79728,0.79644,0.99477,0.0010537
-311.93,0.79727,0.79643,0.99474,0.0010518
-312.18,0.79726,0.79642,0.99473,0.0010463
-312.59,0.79725,0.79642,0.99473,0.0010374
-313.17,0.79725,0.79643,0.99474,0.0010249
-313.94,0.79726,0.79646,0.99476,0.0010084
-314.9,0.79727,0.79649,0.9948,0.00098816
-316.02,0.79729,0.79652,0.99485,0.00096517
-317.23,0.79732,0.79657,0.99491,0.00094099
-318.44,0.79735,0.79662,0.99497,0.00091735
-319.62,0.79738,0.79667,0.99504,0.00089495
-320.76,0.79741,0.79672,0.99511,0.00087377
-321.89,0.79745,0.79677,0.99518,0.00085323
-322.95,0.79748,0.79681,0.99524,0.00083439
-324.01,0.79751,0.79686,0.99531,0.00081598
-325,0.79754,0.7969,0.99537,0.0007992
-325.8,0.79757,0.79694,0.99543,0.00078591
-326.26,0.7976,0.79698,0.99548,0.00077828
-326.28,0.79762,0.797,0.99552,0.00077808
-325.79,0.79763,0.79701,0.99553,0.00078614
-324.82,0.79764,0.797,0.99553,0.00080227
-322.76,0.79762,0.79696,0.99548,0.00083784
-320.35,0.79759,0.79689,0.9954,0.00088133
-317.99,0.79754,0.7968,0.99529,0.00092614
-315.91,0.79749,0.79672,0.99517,0.00096745
-314.05,0.79743,0.79662,0.99504,0.0010061
-312.75,0.79737,0.79654,0.99493,0.001034
-312.03,0.79732,0.79648,0.99483,0.0010497
-311.85,0.79728,0.79644,0.99476,0.0010536
-311.98,0.79726,0.79642,0.99474,0.0010507
-312.28,0.79725,0.79642,0.99473,0.0010442
-312.74,0.79725,0.79643,0.99473,0.0010342
-313.38,0.79725,0.79644,0.99474,0.0010203
-314.23,0.79726,0.79646,0.99477,0.0010022
-315.27,0.79728,0.7965,0.99481,0.00098056
-316.45,0.7973,0.79654,0.99487,0.00095658
-317.69,0.79733,0.79659,0.99493,0.00093198
-318.83,0.79736,0.79663,0.99499,0.00090993
-319.93,0.79739,0.79668,0.99506,0.00088907
-321.01,0.79742,0.79673,0.99512,0.00086916
-322.09,0.79745,0.79678,0.99519,0.00084969
-323.12,0.79748,0.79682,0.99525,0.0008315
-324.14,0.79751,0.79686,0.99532,0.00081385
-325.08,0.79754,0.79691,0.99538,0.00079789
-325.83,0.79757,0.79695,0.99543,0.00078536
-326.27,0.7976,0.79698,0.99548,0.00077815
-326.28,0.79762,0.797,0.99552,0.00077809
-325.8,0.79763,0.79701,0.99553,0.00078594
-324.87,0.79764,0.797,0.99553,0.00080151
-322.83,0.79762,0.79696,0.99548,0.00083659
-320.44,0.79759,0.79689,0.9954,0.00087972
-318.08,0.79755,0.79681,0.99529,0.00092436
-316,0.79749,0.79672,0.99518,0.00096569
-314.22,0.79743,0.79663,0.99505,0.0010024
-312.93,0.79738,0.79655,0.99494,0.0010301
-312.15,0.79733,0.79649,0.99485,0.0010471
-311.86,0.79729,0.79645,0.99478,0.0010535
-311.91,0.79727,0.79643,0.99475,0.0010524
-312.13,0.79726,0.79642,0.99473,0.0010474
-312.52,0.79725,0.79642,0.99473,0.001039
-313.08,0.79725,0.79643,0.99474,0.0010268
-313.84,0.79726,0.79645,0.99476,0.0010105
-314.8,0.79727,0.79648,0.99479,0.00099032
-315.93,0.79729,0.79652,0.99484,0.0009671
-317.15,0.79732,0.79657,0.9949,0.00094249
-318.39,0.79735,0.79661,0.99497,0.0009183
-319.59,0.79738,0.79666,0.99504,0.00089539
-320.76,0.79741,0.79672,0.99511,0.00087375
-321.91,0.79745,0.79677,0.99518,0.00085278
-322.98,0.79748,0.79681,0.99524,0.00083388
-324.04,0.79751,0.79686,0.99531,0.00081544
-325.03,0.79754,0.79691,0.99537,0.00079869
-325.82,0.79757,0.79695,0.99543,0.00078552
-326.27,0.7976,0.79698,0.99548,0.00077815
-326.27,0.79762,0.797,0.99552,0.00077815
-325.78,0.79763,0.79701,0.99553,0.00078632
-324.81,0.79764,0.797,0.99553,0.00080244
-322.67,0.79762,0.79695,0.99548,0.00083945
-320.17,0.79759,0.79688,0.99539,0.00088464
-317.75,0.79754,0.79679,0.99528,0.00093078
-315.65,0.79748,0.7967,0.99515,0.00097275
-314.24,0.79743,0.79663,0.99505,0.001002
-313.15,0.79739,0.79657,0.99496,0.0010254
-312.39,0.79734,0.79651,0.99488,0.0010419
-311.96,0.79731,0.79647,0.99481,0.0010511
-311.85,0.79728,0.79644,0.99477,0.0010536
-311.98,0.79726,0.79643,0.99474,0.0010507
-312.33,0.79725,0.79642,0.99473,0.0010431
-312.88,0.79725,0.79643,0.99473,0.0010311
-313.59,0.79726,0.79645,0.99475,0.0010159
-314.51,0.79727,0.79647,0.99478,0.00099645
-315.61,0.79729,0.79651,0.99483,0.00097351
-316.84,0.79731,0.79655,0.99489,0.00094866
-318.1,0.79734,0.7966,0.99495,0.00092387
-319.33,0.79737,0.79665,0.99502,0.00090028
-320.52,0.79741,0.79671,0.99509,0.0008781
-321.69,0.79744,0.79676,0.99517,0.00085677
-322.8,0.79747,0.79681,0.99523,0.00083709
-323.91,0.79751,0.79685,0.9953,0.00081778
-324.95,0.79754,0.7969,0.99537,0.00080007
-325.79,0.79757,0.79694,0.99543,0.00078604
-326.27,0.7976,0.79698,0.99548,0.00077825
-326.27,0.79762,0.797,0.99552,0.00077819
-325.75,0.79763,0.79701,0.99553,0.00078675
-324.74,0.79764,0.797,0.99553,0.00080365
-322.49,0.79762,0.79695,0.99547,0.0008426
-319.9,0.79758,0.79687,0.99538,0.00088973
-317.43,0.79753,0.79678,0.99526,0.00093717
-315.32,0.79747,0.79669,0.99513,0.00097955
-313.59,0.79741,0.7966,0.995,0.001016
-312.44,0.79735,0.79652,0.99489,0.0010407
-311.91,0.7973,0.79646,0.9948,0.0010524
-311.9,0.79727,0.79643,0.99475,0.0010526
-312.11,0.79726,0.79642,0.99473,0.0010478
-312.49,0.79725,0.79642,0.99473,0.0010396
-313.03,0.79725,0.79643,0.99473,0.0010278
-313.76,0.79726,0.79645,0.99476,0.0010121
-314.66,0.79727,0.79648,0.99479,0.00099312
-315.72,0.79729,0.79651,0.99483,0.00097135
-316.87,0.79731,0.79655,0.99489,0.00094811
-318.05,0.79734,0.7966,0.99495,0.00092482
