-200,0.75,0.74196,0.90997,0.010723
-199.88,0.75333,0.74522,0.91546,0.010767
-199.75,0.75635,0.74817,0.92043,0.010812
-199.61,0.75907,0.75083,0.92492,0.010856
-199.5,0.76154,0.75324,0.92899,0.010895
-199.42,0.76377,0.75542,0.93266,0.010924
-199.38,0.76578,0.7574,0.93599,0.010942
-199.36,0.7676,0.75919,0.939,0.010956
-199.29,0.76925,0.7608,0.94171,0.01098
-199.09,0.77069,0.76218,0.94406,0.011034
-198.65,0.77198,0.76338,0.94613,0.011141
-197.89,0.77313,0.76437,0.94792,0.011323
-196.76,0.77414,0.76516,0.94941,0.011597
-195.29,0.77497,0.76571,0.95057,0.011961
-193.47,0.77568,0.76605,0.95144,0.012424
-191.37,0.77626,0.76618,0.95204,0.01298
-189.05,0.77671,0.76613,0.95237,0.013619
-186.53,0.77705,0.7659,0.95247,0.014349
-183.98,0.77728,0.76552,0.95233,0.015126
-181.47,0.77739,0.76501,0.952,0.015929
-179.05,0.7774,0.76439,0.95149,0.016743
-175.9,0.77728,0.7634,0.95056,0.017866
-172.97,0.77702,0.76228,0.94941,0.018969
-170.29,0.77663,0.76107,0.94809,0.020037
-167.88,0.77615,0.75982,0.94664,0.021045
-166.02,0.77567,0.75872,0.94532,0.021856
-164.4,0.77514,0.75764,0.94398,0.022585
-163.02,0.77459,0.7566,0.94265,0.023226
-161.84,0.77401,0.7556,0.94135,0.023785
-160.84,0.77343,0.75466,0.94008,0.024271
-159.99,0.77285,0.75377,0.93885,0.024687
-159.3,0.77228,0.75295,0.93769,0.025026
-158.82,0.77172,0.75222,0.93661,0.025269
-158.56,0.77119,0.75161,0.93567,0.025394
-158.54,0.77071,0.75113,0.93486,0.025398
-158.73,0.77026,0.75078,0.9342,0.025295
-159.08,0.76987,0.75054,0.93367,0.025113
-159.51,0.76952,0.75037,0.93324,0.024889
-159.96,0.76923,0.75026,0.93291,0.024662
-160.38,0.76898,0.75018,0.93264,0.024448
-160.79,0.76878,0.75015,0.93244,0.024239
-161.27,0.76862,0.75017,0.93232,0.024006
-161.81,0.7685,0.75025,0.93229,0.023742
-162.37,0.76842,0.75039,0.93234,0.023469
-162.84,0.76838,0.75052,0.93242,0.023247
-163.01,0.76837,0.75057,0.93245,0.023164
-162.82,0.76835,0.75048,0.93236,0.023257
-162.14,0.76832,0.7502,0.9321,0.023579
-160.94,0.76824,0.74968,0.9316,0.024162
-159.41,0.7681,0.74896,0.93089,0.024927
-157.52,0.7679,0.74801,0.92993,0.025897
-155.39,0.76761,0.74685,0.92871,0.027042
-153.1,0.76723,0.7455,0.92727,0.028317
-150.97,0.76679,0.74413,0.92577,0.029558
-148.87,0.76629,0.74266,0.92413,0.030832
-146.84,0.76571,0.74112,0.92236,0.032112
-144.9,0.76507,0.73953,0.9205,0.033378
-142.47,0.76412,0.73735,0.91788,0.035035
-140.22,0.76307,0.73512,0.91516,0.036628
-138.18,0.76195,0.73289,0.91237,0.038135
-136.36,0.76077,0.7307,0.90955,0.039522
-134.9,0.75963,0.72873,0.90697,0.04067
-133.66,0.75847,0.72687,0.90445,0.041659
-132.64,0.7573,0.72513,0.90203,0.042484
-131.83,0.75614,0.72351,0.89972,0.043154
-131.18,0.75501,0.72202,0.89752,0.043691
-130.67,0.7539,0.72065,0.89546,0.044104
-130.32,0.75283,0.71942,0.89354,0.044387
-130.15,0.75181,0.71834,0.89179,0.044518
-130.2,0.75082,0.71744,0.89022,0.044457
-130.49,0.74991,0.71678,0.8889,0.044183
-131.01,0.74909,0.71635,0.88786,0.043712
-131.71,0.74838,0.71612,0.88708,0.043097
-132.57,0.74772,0.71606,0.88648,0.04235
-133.46,0.74719,0.71611,0.88608,0.041602
-134.31,0.74677,0.71624,0.88584,0.04089
-135.16,0.74646,0.71645,0.88576,0.040202
-136.03,0.74624,0.71676,0.88584,0.039508
-136.96,0.74612,0.71719,0.88609,0.038776
-137.92,0.74608,0.7177,0.88649,0.038046
-138.75,0.74612,0.7182,0.88694,0.037422
-139.29,0.74626,0.71863,0.88741,0.037017
-138.76,0.74637,0.71845,0.88735,0.037415
-136.93,0.74635,0.71739,0.88645,0.038804
-133.98,0.74607,0.71537,0.88454,0.04115
-131.13,0.7456,0.71315,0.88229,0.043533
-128.14,0.7449,0.71051,0.87951,0.046168
-125.21,0.74397,0.7076,0.87631,0.048882
-122.48,0.74283,0.70454,0.8728,0.051548
-119.97,0.7415,0.70139,0.86908,0.054099
-117.7,0.74002,0.69821,0.8652,0.056498
-115.69,0.73842,0.69507,0.86124,0.058701
-113.96,0.73672,0.69204,0.8573,0.060644
-112.76,0.73526,0.68966,0.8541,0.062011
-111.8,0.73378,0.68746,0.85103,0.063127
-111.05,0.7323,0.68544,0.84812,0.063995
-110.49,0.73085,0.68361,0.84538,0.064635
-110.09,0.72943,0.68196,0.84282,0.06508
-109.84,0.72806,0.68048,0.84045,0.065346
-109.74,0.72675,0.6792,0.83829,0.065426
-109.82,0.72551,0.67814,0.83638,0.065292
-110.1,0.72433,0.67733,0.83471,0.064893
-110.62,0.72326,0.67682,0.8334,0.064212
-111.37,0.72231,0.67661,0.83244,0.063273
-112.28,0.7215,0.67667,0.83181,0.062143
-113.45,0.72075,0.67698,0.83144,0.060733
-114.65,0.72018,0.67745,0.83135,0.059327
-115.82,0.71977,0.67803,0.8315,0.057987
-116.97,0.71952,0.67872,0.83186,0.056699
-118.14,0.7194,0.67953,0.83245,0.055421
-119.38,0.71943,0.6805,0.83327,0.054104
-120.63,0.71958,0.68158,0.83429,0.052808
-121.72,0.71984,0.68263,0.83539,0.051696
-122.51,0.72026,0.68359,0.83654,0.050919
-122.26,0.72068,0.6838,0.83707,0.051178
-120.77,0.72096,0.68297,0.83661,0.052697
-118.16,0.72097,0.68099,0.83496,0.05545
-115.75,0.72073,0.67886,0.83299,0.05809
-113.16,0.72026,0.67628,0.83044,0.061063
-110.54,0.71956,0.67337,0.82744,0.064191
-108.02,0.71864,0.67025,0.82407,0.067325
-105.89,0.71763,0.66734,0.82081,0.070072
-103.92,0.71648,0.66439,0.81739,0.0727
-102.11,0.7152,0.66143,0.81385,0.07518
-100.46,0.71381,0.6585,0.81025,0.077487
-98.897,0.71222,0.65544,0.80639,0.079725
-97.558,0.71057,0.65254,0.80259,0.081672
-96.463,0.70887,0.64984,0.79892,0.083277
-95.616,0.70715,0.64738,0.79545,0.084518
-94.998,0.70542,0.64517,0.79217,0.085409
-94.591,0.70374,0.64323,0.78914,0.085975
-94.362,0.70211,0.64155,0.78638,0.086261
-94.297,0.70056,0.64011,0.78389,0.086289
-94.391,0.69914,0.63897,0.78176,0.08607
-94.669,0.69783,0.63812,0.77995,0.085562
-95.157,0.69663,0.6376,0.77852,0.084733
-95.864,0.69556,0.63743,0.77749,0.083576
-96.684,0.69473,0.63757,0.77691,0.082272
-97.636,0.69402,0.63795,0.77664,0.080791
-98.674,0.69345,0.63852,0.77664,0.079212
-99.751,0.693,0.63922,0.77685,0.07761
-100.76,0.6927,0.63996,0.77722,0.076133
-101.76,0.6925,0.64076,0.77771,0.074708
-102.75,0.69239,0.64162,0.77834,0.07333
-103.73,0.69237,0.64254,0.77909,0.071974
-104.78,0.69245,0.64358,0.78002,0.070567
-105.86,0.69261,0.64472,0.78111,0.069138
-106.96,0.69286,0.64594,0.78234,0.067715
-108.02,0.69319,0.64719,0.78365,0.066368
-108.87,0.69355,0.64825,0.78484,0.065315
-109.54,0.69395,0.64919,0.78595,0.064504
-109.94,0.69438,0.64992,0.78692,0.064026
-110.01,0.69481,0.65037,0.78764,0.063958
-109.71,0.69519,0.65046,0.78805,0.064342
-109.03,0.69553,0.65018,0.78809,0.065194
-107.99,0.69579,0.64951,0.78774,0.066514
-106.62,0.69595,0.64843,0.78698,0.068275
-104.67,0.69598,0.64666,0.78553,0.070861
-102.47,0.69582,0.64443,0.78354,0.073855
-100.17,0.69546,0.64184,0.78108,0.077108
-97.873,0.6949,0.63898,0.77824,0.080476
-95.872,0.69423,0.63627,0.77542,0.083499
-93.975,0.69342,0.63347,0.77241,0.086447
-92.2,0.69247,0.63065,0.76927,0.089276
-90.554,0.69141,0.62783,0.76603,0.091959
-88.886,0.69011,0.62473,0.76237,0.094735
-87.38,0.68871,0.62171,0.75869,0.097287
-86.048,0.68723,0.6188,0.75503,0.099577
-84.905,0.68569,0.61605,0.75145,0.10156
-83.886,0.68396,0.61328,0.7477,0.10333
-83.117,0.68222,0.61082,0.7442,0.10466
-82.585,0.68051,0.60868,0.74099,0.10555
-82.266,0.67884,0.60685,0.73807,0.10605
-82.122,0.67717,0.60525,0.73535,0.10621
-82.151,0.6756,0.60395,0.73295,0.10605
-82.35,0.67413,0.60296,0.73091,0.10558
-82.739,0.6728,0.60232,0.72926,0.10476
-83.343,0.67162,0.60207,0.72807,0.10355
-84.182,0.67059,0.60223,0.72735,0.10194
-85.242,0.66974,0.60279,0.72711,0.099955
-86.477,0.66907,0.6037,0.7273,0.097706
-88.036,0.66852,0.60505,0.72798,0.094946
-89.623,0.66821,0.60659,0.72901,0.092218
-91.18,0.66812,0.60825,0.73031,0.089619
-92.715,0.66823,0.61001,0.73186,0.087129
-94.252,0.66851,0.61188,0.73366,0.084706
-95.851,0.66896,0.61393,0.73574,0.082255
-97.453,0.66957,0.61609,0.73805,0.079869
-98.892,0.67032,0.61817,0.74041,0.077787
-99.667,0.6709,0.61945,0.74196,0.076694
-100.14,0.67152,0.62045,0.74331,0.076051
-100.22,0.67213,0.62107,0.74434,0.075963
-99.862,0.67271,0.62124,0.74496,0.076501
-99.086,0.67319,0.62092,0.7451,0.077645
-97.911,0.67358,0.62011,0.74475,0.07939
-96.389,0.67385,0.61881,0.74388,0.081688
-94.598,0.67398,0.61705,0.74252,0.084458
-92.658,0.67394,0.61495,0.74074,0.087538
-90.633,0.67374,0.61254,0.73857,0.090846
-88.599,0.67339,0.60991,0.73608,0.094266
-86.616,0.67287,0.60713,0.73333,0.097695
-85.594,0.67253,0.60562,0.73179,0.099497
-84.603,0.67215,0.60409,0.7302,0.10127
-83.644,0.67174,0.60255,0.72857,0.103
-82.72,0.67129,0.60101,0.72691,0.1047
-82.136,0.67097,0.6,0.72581,0.10578
-80.061,0.64449,0.57499,0.6829,0.10785
-78.069,0.62175,0.55343,0.64599,0.10988
-76.219,0.60204,0.53477,0.61401,0.11175
-74.568,0.58479,0.51852,0.58609,0.11333
-73.196,0.56989,0.50465,0.56212,0.11449
-72.095,0.55655,0.49245,0.54084,0.11518
-71.279,0.54448,0.48167,0.52179,0.11536
-70.74,0.53344,0.47207,0.50459,0.11503
-70.456,0.52336,0.46356,0.48909,0.11426
-70.384,0.51394,0.45581,0.47479,0.1131
-70.502,0.50507,0.4487,0.46148,0.11161
-70.797,0.49666,0.44212,0.44898,0.10982
-71.359,0.48745,0.43511,0.43547,0.10738
-72.178,0.47862,0.4286,0.42268,0.10451
-73.259,0.47005,0.42247,0.41044,0.10123
-74.572,0.46167,0.41661,0.39857,0.097615
-75.977,0.45385,0.41119,0.38753,0.093994
-77.461,0.44611,0.40582,0.37661,0.090324
-78.962,0.43846,0.40044,0.36574,0.086715
-80.448,0.43089,0.39503,0.35494,0.083216
-81.532,0.42537,0.39104,0.34701,0.080707
-82.62,0.41992,0.38706,0.33915,0.078239
-83.725,0.41452,0.3831,0.33136,0.075797
-84.849,0.40919,0.37917,0.32363,0.073375
-85.975,0.40397,0.37528,0.31604,0.071009
-87.077,0.39881,0.3714,0.30851,0.068722
-88.096,0.39372,0.36751,0.30102,0.066584
-88.948,0.38873,0.36358,0.29359,0.064689
-89.499,0.38423,0.35993,0.2868,0.063247
-89.736,0.37988,0.35625,0.28011,0.062191
-89.578,0.3757,0.35256,0.27354,0.061598
-88.964,0.37174,0.34886,0.26717,0.061538
-87.881,0.36813,0.34529,0.26118,0.062048
-86.307,0.3648,0.34177,0.25548,0.063154
-84.259,0.3618,0.33833,0.25011,0.064873
-81.78,0.35915,0.33502,0.24514,0.067203
-78.619,0.35665,0.33152,0.24014,0.070459
-75.132,0.35461,0.32824,0.23571,0.07436
-71.448,0.35305,0.32522,0.23189,0.078812
-67.692,0.35195,0.32249,0.22871,0.0837
-64.19,0.35135,0.32023,0.22631,0.088585
-60.805,0.35115,0.31827,0.22452,0.093637
-57.591,0.35136,0.31666,0.22335,0.098765
-54.587,0.35196,0.31539,0.22279,0.10389
-51.068,0.3533,0.31429,0.22299,0.1104
-47.94,0.35526,0.31379,0.2242,0.11674
-45.21,0.35783,0.31387,0.22641,0.12285
-42.88,0.36097,0.31453,0.22959,0.12865
-41.01,0.36452,0.31572,0.23353,0.13388
-39.524,0.3685,0.31741,0.23825,0.13864
-38.42,0.37282,0.31956,0.24365,0.14283
-37.681,0.37737,0.32213,0.24958,0.14639
-37.272,0.38214,0.32508,0.25602,0.14934
-37.167,0.38691,0.32826,0.26264,0.15159
-37.317,0.39157,0.33158,0.26929,0.15318
-37.682,0.39602,0.33497,0.27582,0.15416
-38.173,0.39984,0.33804,0.28156,0.15456
-38.81,0.40339,0.34107,0.28705,0.15448
-39.594,0.40665,0.34406,0.29225,0.15392
-40.529,0.40958,0.34696,0.29712,0.15287
-41.63,0.41218,0.34982,0.30166,0.1513
-42.879,0.4144,0.35255,0.30579,0.14926
-44.252,0.41623,0.35513,0.30947,0.14681
-45.716,0.41767,0.35751,0.31265,0.14404
-47.395,0.41882,0.35987,0.31558,0.14074
-49.088,0.41952,0.36191,0.31786,0.13731
-50.766,0.4198,0.36361,0.3195,0.13385
-52.425,0.41969,0.36498,0.32055,0.13037
-53.781,0.41933,0.36587,0.321,0.12749
-55.15,0.41874,0.36658,0.3211,0.12457
-56.541,0.41793,0.36711,0.32086,0.1216
-57.944,0.4169,0.36745,0.32029,0.1186
-59.309,0.41569,0.3676,0.31941,0.11568
-60.61,0.41429,0.36753,0.31818,0.11288
-61.776,0.41274,0.3672,0.31661,0.11034
-62.72,0.41106,0.36658,0.3147,0.10821
-63.305,0.40945,0.36574,0.31266,0.10676
-63.545,0.40783,0.36462,0.31038,0.10593
-63.378,0.40624,0.36325,0.3079,0.10583
-62.762,0.40474,0.36162,0.3053,0.10653
-61.694,0.40342,0.35981,0.3027,0.10809
-60.178,0.40231,0.35784,0.30013,0.11052
-58.247,0.40146,0.35576,0.29769,0.11383
-55.958,0.40093,0.35363,0.29547,0.11797
-53.105,0.40078,0.35131,0.29341,0.12343
-50.024,0.40113,0.34911,0.29187,0.12968
-46.833,0.40204,0.34714,0.29099,0.13654
-43.642,0.40357,0.34551,0.2909,0.14386
-40.683,0.40566,0.34435,0.29167,0.15112
-37.869,0.4084,0.34367,0.2934,0.1585
-35.242,0.41186,0.34352,0.29615,0.16594
-32.827,0.41608,0.34395,0.30002,0.17334
-30.5,0.42143,0.34509,0.30543,0.18115
-28.427,0.42771,0.34694,0.31221,0.18884
-26.607,0.43491,0.34951,0.32035,0.19635
-25.039,0.44298,0.35279,0.32981,0.2036
-23.715,0.45189,0.35675,0.34053,0.21054
-22.65,0.4614,0.36128,0.35224,0.21698
-21.844,0.47126,0.36628,0.36462,0.22277
-21.289,0.4812,0.37159,0.37732,0.22778
-20.978,0.49057,0.37686,0.38953,0.2318
-20.869,0.49949,0.38212,0.40134,0.23498
-20.938,0.50776,0.38726,0.41252,0.23733
-21.158,0.51528,0.39218,0.42289,0.2389
-21.505,0.52195,0.3968,0.4323,0.23977
-21.962,0.52783,0.40115,0.44081,0.24001
-22.521,0.53295,0.40521,0.44847,0.23967
-23.182,0.53734,0.40903,0.45531,0.23879
-24.355,0.54263,0.4143,0.46411,0.2365
-25.788,0.54661,0.41923,0.47154,0.23304
-27.486,0.54943,0.4239,0.47778,0.22847
-29.416,0.55121,0.4283,0.48292,0.22297
-31.156,0.55197,0.43171,0.4864,0.21786
-32.955,0.55214,0.43481,0.48913,0.2125
-34.768,0.55178,0.43754,0.4911,0.20705
-36.566,0.55094,0.43986,0.49234,0.20162
-38.012,0.54994,0.44147,0.49284,0.19724
-39.45,0.54866,0.44283,0.4929,0.19289
-40.893,0.54712,0.44397,0.49257,0.18853
-42.35,0.54533,0.44491,0.49186,0.18414
-43.83,0.54329,0.44566,0.49079,0.17971
-45.321,0.54101,0.44619,0.48934,0.17526
-46.795,0.5385,0.44647,0.48748,0.1709
-48.201,0.53577,0.44644,0.48518,0.16674
-49.365,0.53312,0.44608,0.48267,0.16327
-50.353,0.53035,0.44535,0.47975,0.16027
-51.104,0.52749,0.44421,0.47642,0.15787
-51.556,0.52461,0.44265,0.47272,0.15623
-51.658,0.52177,0.44065,0.46868,0.15545
-51.377,0.51903,0.43825,0.4644,0.15563
-50.7,0.51647,0.43548,0.45995,0.15681
-49.634,0.51415,0.43241,0.45546,0.15898
-48.013,0.51191,0.42869,0.4505,0.16258
-46.018,0.51014,0.42481,0.44579,0.16726
-43.742,0.50889,0.42092,0.44151,0.17286
-41.288,0.50821,0.41716,0.43781,0.17916
-38.811,0.50813,0.41372,0.43487,0.18579
-36.352,0.50864,0.41065,0.43275,0.19266
-33.982,0.50977,0.40804,0.43151,0.19956
-31.749,0.51152,0.40596,0.43124,0.20636
-29.519,0.51411,0.40434,0.43204,0.21351
-27.503,0.51739,0.4034,0.43399,0.22033
-25.709,0.52133,0.40312,0.43704,0.22676
-24.137,0.52585,0.40345,0.44109,0.23277
-22.871,0.5305,0.40428,0.44565,0.23792
-21.801,0.53545,0.40555,0.45083,0.24259
-20.93,0.54057,0.4072,0.45648,0.24671
-20.261,0.5457,0.40917,0.46239,0.2502
-19.775,0.55096,0.41149,0.46871,0.25314
-19.506,0.5559,0.41398,0.4749,0.25529
-19.438,0.56039,0.41656,0.48079,0.25666
-19.55,0.56435,0.41914,0.48624,0.2573
-19.816,0.56776,0.42169,0.49121,0.25728
-20.213,0.57063,0.42416,0.49566,0.25668
-20.727,0.573,0.42656,0.49964,0.25558
-21.35,0.57491,0.42889,0.50317,0.25399
-22.179,0.57655,0.43145,0.50667,0.25167
-23.165,0.57772,0.43402,0.50979,0.24873
-24.322,0.57845,0.43664,0.51258,0.24516
-25.655,0.57878,0.43933,0.51509,0.24094
-27.055,0.57873,0.44188,0.51717,0.23646
-28.577,0.57834,0.44442,0.51897,0.23156
-30.186,0.57763,0.44687,0.52042,0.22637
-31.843,0.57661,0.44916,0.52148,0.22103
-33.454,0.57533,0.45115,0.52207,0.21585
-35.052,0.57379,0.45288,0.52223,0.21071
-36.631,0.57198,0.45435,0.52195,0.20565
-38.196,0.56993,0.45557,0.52124,0.20066
-39.781,0.5676,0.45656,0.52014,0.19563
-41.386,0.56503,0.45735,0.51865,0.19057
-43.017,0.5622,0.45793,0.51677,0.18548
-44.657,0.55913,0.45826,0.51449,0.1804
-46.189,0.55598,0.4583,0.51189,0.17569
-47.629,0.55262,0.45797,0.50883,0.17127
-48.899,0.54909,0.45721,0.50526,0.16733
-49.908,0.54544,0.45594,0.50116,0.16409
-50.534,0.54197,0.45423,0.49683,0.16189
-50.781,0.53853,0.45201,0.49211,0.16066
-50.603,0.5352,0.44929,0.48707,0.16052
-49.98,0.53207,0.44613,0.48183,0.16152
-48.955,0.5293,0.4427,0.47667,0.1636
-47.551,0.52686,0.43902,0.47157,0.16672
-45.823,0.52482,0.43519,0.46668,0.17078
-43.842,0.52322,0.43131,0.46211,0.17566
-41.275,0.52193,0.42681,0.45729,0.18225
-38.604,0.52135,0.4226,0.45329,0.18942
-35.947,0.52149,0.41883,0.45027,0.19687
-33.399,0.52237,0.41563,0.44833,0.20434
-31.264,0.52376,0.41331,0.44756,0.21088
-29.293,0.52573,0.41155,0.44773,0.21718
-27.5,0.52823,0.41034,0.4488,0.22318
-25.888,0.53123,0.40966,0.45075,0.22884
-24.47,0.53465,0.4095,0.45345,0.23408
-23.231,0.53843,0.40979,0.45685,0.23892
-22.172,0.5425,0.41051,0.46084,0.2433
-21.298,0.54673,0.4116,0.46527,0.24717
-20.554,0.55145,0.41316,0.47051,0.25077
-20.042,0.55604,0.41503,0.47589,0.2536
-19.755,0.56037,0.41712,0.48124,0.25563
-19.678,0.56431,0.41935,0.48638,0.25687
-19.788,0.56778,0.42165,0.49118,0.25737
-20.058,0.57075,0.42395,0.49558,0.25722
-20.465,0.57325,0.42622,0.49956,0.25649
-20.993,0.57529,0.42845,0.50311,0.25525
-21.685,0.577,0.4308,0.5065,0.25339
-22.516,0.57828,0.43315,0.50953,0.25097
-23.499,0.57916,0.43554,0.51225,0.24798
-24.645,0.57966,0.438,0.51471,0.24438
-25.869,0.57979,0.44036,0.5168,0.24048
-27.232,0.57962,0.44278,0.51867,0.23609
-28.712,0.57915,0.44519,0.52028,0.23131
-30.279,0.57838,0.44753,0.52159,0.22624
-32.029,0.57722,0.4499,0.5226,0.22058
-33.792,0.57573,0.45201,0.52311,0.2149
-35.539,0.57392,0.45381,0.52311,0.20928
-37.263,0.57181,0.4553,0.52259,0.20375
-38.824,0.56963,0.4564,0.52169,0.19877
-40.394,0.56721,0.45728,0.52041,0.1938
-41.987,0.56454,0.45796,0.51875,0.18879
-43.602,0.56164,0.45843,0.51672,0.18376
-45.102,0.55873,0.45865,0.51448,0.17912
-46.568,0.55561,0.4586,0.51184,0.17461
-47.943,0.55232,0.45821,0.50877,0.17039
-49.153,0.54886,0.45741,0.50522,0.16663
-50.051,0.54558,0.45624,0.50151,0.16375
-50.672,0.54225,0.45463,0.4974,0.16159
-50.959,0.53895,0.45256,0.49292,0.16029
-50.871,0.53573,0.45004,0.48814,0.15994
-50.393,0.53272,0.44717,0.48324,0.1606
-49.528,0.52994,0.44395,0.47824,0.16227
-48.299,0.52745,0.44046,0.47326,0.16492
-46.748,0.5253,0.4368,0.46842,0.16848
-44.674,0.52335,0.43255,0.46325,0.17349
-42.367,0.52194,0.42835,0.45857,0.17932
-39.93,0.52112,0.42434,0.45455,0.18573
-37.463,0.52091,0.42064,0.4513,0.19249
-35.094,0.52131,0.41744,0.44896,0.19924
-32.837,0.5223,0.41473,0.44752,0.20594
-30.732,0.52387,0.41257,0.44703,0.21246
-28.802,0.52601,0.41096,0.44748,0.21871
-27.003,0.52878,0.4099,0.4489,0.22482
-25.4,0.53207,0.4094,0.45123,0.23056
-23.992,0.53582,0.40944,0.45438,0.23587
-22.782,0.53993,0.40996,0.45825,0.24072
-21.642,0.54496,0.4111,0.46338,0.24562
-20.777,0.5501,0.41273,0.46902,0.24971
-20.189,0.55514,0.41475,0.47491,0.25289
-19.871,0.55988,0.41704,0.48077,0.25513
-19.803,0.564,0.4194,0.48616,0.25639
-19.937,0.5676,0.42182,0.49119,0.25684
-20.246,0.57067,0.42425,0.49576,0.25658
-20.702,0.57321,0.42664,0.49987,0.2557
-21.258,0.57516,0.42887,0.50335,0.25435
-21.929,0.5767,0.43107,0.50648,0.25252
-22.722,0.57786,0.43328,0.50928,0.25021
-23.648,0.57867,0.43552,0.51183,0.24739
-24.753,0.57916,0.43789,0.51421,0.24393
-26.015,0.57931,0.44033,0.51637,0.23991
-27.426,0.57913,0.44282,0.5183,0.23537
-28.96,0.57863,0.4453,0.51995,0.23042
-31.323,0.57735,0.44872,0.52172,0.22279
-33.744,0.57542,0.45172,0.52262,0.21498
-36.142,0.57289,0.45414,0.52253,0.20728
-38.502,0.56979,0.45598,0.52148,0.19974
-40.142,0.56732,0.45695,0.52022,0.19454
-41.804,0.56457,0.45769,0.51855,0.18931
-43.494,0.56156,0.45821,0.51648,0.18404
-45.19,0.55828,0.45846,0.51395,0.1788
-46.721,0.55502,0.45839,0.51118,0.1741
-48.148,0.55156,0.45795,0.50792,0.16972
-49.387,0.54793,0.45705,0.50415,0.16586
-50.343,0.54419,0.45562,0.49984,0.16276
-50.893,0.54072,0.45379,0.49542,0.16076
-51.062,0.53729,0.45146,0.49063,0.15974
-50.808,0.53399,0.44866,0.48554,0.15979
-50.118,0.5309,0.44544,0.48028,0.16096
-49.016,0.52812,0.44192,0.47504,0.16322
-47.536,0.5257,0.43816,0.46988,0.16653
-45.738,0.52369,0.43426,0.46496,0.17078
-43.696,0.52214,0.43034,0.46039,0.17582
-41.158,0.52095,0.42595,0.45575,0.18235
-38.536,0.52044,0.42187,0.45193,0.1894
-35.941,0.52063,0.41823,0.44905,0.19669
-33.455,0.52151,0.41514,0.44721,0.20397
-31.311,0.52294,0.41284,0.44648,0.21054
-29.335,0.52493,0.4111,0.4467,0.21685
-27.54,0.52748,0.40992,0.44783,0.22287
-25.93,0.53053,0.40928,0.44984,0.22853
-24.522,0.53397,0.40916,0.45261,0.23375
-23.294,0.53778,0.40949,0.45606,0.23855
-22.248,0.54187,0.41025,0.4601,0.2429
-21.388,0.54612,0.41138,0.46458,0.24673
-20.66,0.55085,0.41298,0.46986,0.25028
-20.166,0.55545,0.4149,0.47529,0.25305
-19.898,0.55978,0.41703,0.48068,0.25502
-19.839,0.56372,0.41929,0.48585,0.2562
-19.966,0.56718,0.42162,0.49067,0.25665
-20.252,0.57016,0.42395,0.49509,0.25644
-20.673,0.57265,0.42624,0.49907,0.25566
-21.216,0.57468,0.42849,0.50264,0.25437
-21.933,0.5764,0.4309,0.50608,0.25244
-22.794,0.57768,0.4333,0.50915,0.24993
-23.814,0.57854,0.43575,0.51191,0.24682
-25.004,0.57901,0.43826,0.51439,0.24308
-26.254,0.57911,0.44065,0.51646,0.2391
-27.639,0.5789,0.44307,0.51831,0.23464
-29.138,0.57839,0.44547,0.51988,0.22981
-30.715,0.57757,0.44778,0.52113,0.22472
-32.426,0.5764,0.45005,0.52204,0.2192
-34.144,0.5749,0.45207,0.52247,0.21367
-35.846,0.57311,0.45378,0.52241,0.2082
-37.525,0.57102,0.4552,0.52185,0.20283
-38.988,0.56896,0.45621,0.52098,0.19817
-40.46,0.56669,0.45703,0.51977,0.19351
-41.95,0.56421,0.45767,0.51823,0.18883
-43.461,0.56151,0.45812,0.51636,0.18412
-44.957,0.55864,0.45837,0.51418,0.1795
-46.426,0.55558,0.45836,0.51161,0.17499
-47.817,0.55232,0.45803,0.50862,0.17072
-49.059,0.5489,0.4573,0.50517,0.16688
-50.004,0.54563,0.45622,0.50154,0.16388
-50.686,0.54231,0.45469,0.4975,0.16156
-51.045,0.539,0.45271,0.49309,0.16008
-51.036,0.53576,0.45029,0.48837,0.15953
-50.642,0.53272,0.4475,0.48351,0.15997
-49.861,0.52989,0.44435,0.47853,0.16142
-48.709,0.52733,0.44093,0.47355,0.16385
-47.226,0.52511,0.43731,0.46868,0.16721
-45.164,0.52301,0.43298,0.46333,0.17214
-42.837,0.52148,0.42868,0.45847,0.17796
-40.359,0.52056,0.42455,0.45426,0.18443
-37.835,0.52027,0.42074,0.45084,0.1913
-35.465,0.52059,0.4175,0.44841,0.19802
-33.2,0.5215,0.41475,0.44687,0.2047
-31.082,0.52299,0.41253,0.44627,0.21122
-29.135,0.52505,0.41086,0.44659,0.21748
-27.284,0.52779,0.40971,0.44791,0.22372
-25.634,0.53107,0.40915,0.45018,0.22958
-24.185,0.53483,0.40914,0.4533,0.23501
-22.939,0.53897,0.40963,0.45717,0.23997
-21.796,0.54389,0.41072,0.46218,0.24486
-20.916,0.54895,0.41228,0.4677,0.24897
-20.303,0.55395,0.41423,0.47348,0.25222
-19.951,0.55868,0.41646,0.47929,0.25457
-19.846,0.56311,0.41894,0.48505,0.25603
-19.968,0.56699,0.4215,0.49041,0.25659
-20.286,0.57027,0.42407,0.49528,0.25636
-20.768,0.57295,0.4266,0.49963,0.25543
-21.326,0.5749,0.42884,0.50312,0.25407
-22,0.57644,0.43105,0.50624,0.25223
-22.796,0.57761,0.43326,0.50905,0.24991
-23.723,0.57842,0.4355,0.5116,0.24709
-24.83,0.57891,0.43787,0.51399,0.24362
-26.093,0.57906,0.44032,0.51615,0.2396
-27.503,0.57888,0.4428,0.51807,0.23507
-29.036,0.57838,0.44528,0.51972,0.23013
-31.347,0.57713,0.44862,0.52146,0.22267
-33.714,0.57527,0.45156,0.52235,0.21504
-36.06,0.57282,0.45395,0.52231,0.20751
-38.37,0.56982,0.45578,0.52134,0.20013
-39.902,0.56754,0.45672,0.52021,0.19527
-41.453,0.56502,0.45745,0.51873,0.19038
-43.028,0.56227,0.45799,0.51688,0.18546
-44.617,0.55928,0.45831,0.51466,0.18054
-46.137,0.55618,0.45836,0.51212,0.17587
-47.585,0.55287,0.45809,0.50913,0.17143
-48.89,0.54938,0.45741,0.50566,0.1674
-49.966,0.54576,0.45626,0.50169,0.164
-50.707,0.54218,0.45462,0.49733,0.16149
-51.069,0.5386,0.45245,0.49254,0.15995
-50.997,0.53512,0.44976,0.4874,0.15952
-50.462,0.53183,0.4466,0.48202,0.16026
-49.536,0.52899,0.44326,0.47687,0.16207
-48.228,0.52647,0.43965,0.47176,0.16491
-46.588,0.52431,0.43586,0.46681,0.1687
-44.679,0.52258,0.43201,0.46216,0.17332
-42.026,0.52106,0.42725,0.45693,0.18004
-39.233,0.52031,0.42277,0.45257,0.18745
-36.439,0.52034,0.41876,0.44925,0.19522
-33.755,0.52118,0.41536,0.44712,0.20303
-31.612,0.52252,0.41302,0.44628,0.20955
-29.631,0.52442,0.41122,0.44637,0.21585
-27.826,0.52686,0.40997,0.44736,0.22185
-26.202,0.5298,0.40926,0.44922,0.22752
-24.766,0.53317,0.40906,0.45186,0.23279
-23.508,0.53693,0.40932,0.4552,0.23766
-22.431,0.54097,0.41001,0.45915,0.24209
-21.539,0.5452,0.41108,0.46356,0.24601
-20.782,0.54988,0.41261,0.46874,0.24963
-20.253,0.55447,0.41445,0.4741,0.25251
-19.946,0.55881,0.41653,0.47945,0.25462
-19.846,0.56279,0.41875,0.48462,0.25594
-19.934,0.56632,0.42104,0.48947,0.25654
-20.181,0.56938,0.42334,0.49394,0.25648
-20.566,0.57196,0.42562,0.49798,0.25585
-21.071,0.57408,0.42786,0.50162,0.25471
-21.732,0.57589,0.4302,0.50507,0.25297
-22.527,0.57725,0.43253,0.50816,0.2507
-23.465,0.57822,0.43489,0.51093,0.24788
-24.561,0.57881,0.43731,0.51343,0.24447
-25.755,0.57904,0.43968,0.5156,0.24068
-27.091,0.57895,0.44209,0.51754,0.2364
-28.551,0.57856,0.44451,0.51923,0.23169
-30.105,0.57786,0.44688,0.52062,0.22667
-31.909,0.57673,0.44936,0.52174,0.22085
-33.732,0.57524,0.45157,0.52234,0.21498
-35.541,0.5734,0.45346,0.52239,0.20917
-37.326,0.57124,0.45502,0.52188,0.20346
-38.844,0.56913,0.45609,0.52102,0.19862
-40.369,0.56679,0.45695,0.51979,0.19379
-41.914,0.56423,0.45763,0.51821,0.18894
-43.481,0.56143,0.4581,0.51628,0.18405
-44.977,0.55857,0.45834,0.51409,0.17943
-46.446,0.5555,0.45833,0.51152,0.17492
-47.836,0.55224,0.458,0.50853,0.17066
-49.077,0.54882,0.45726,0.50507,0.16682
-50.02,0.54555,0.45618,0.50144,0.16382
-50.699,0.54223,0.45465,0.4974,0.16152
-51.055,0.53891,0.45267,0.49298,0.16004
-51.043,0.53568,0.45024,0.48826,0.1595
-50.645,0.53264,0.44744,0.4834,0.15995
-49.86,0.52981,0.44429,0.47842,0.16141
-48.705,0.52726,0.44087,0.47344,0.16385
-47.219,0.52504,0.43724,0.46857,0.16722
-45.149,0.52294,0.43291,0.46321,0.17216
-42.816,0.52141,0.4286,0.45835,0.178
-40.331,0.5205,0.42447,0.45414,0.1845
-37.802,0.52021,0.42065,0.45072,0.19138
-35.432,0.52055,0.41743,0.44831,0.1981
-33.168,0.52147,0.41468,0.44679,0.20479
-31.052,0.52297,0.41247,0.4462,0.2113
-29.106,0.52504,0.41081,0.44654,0.21756
-27.262,0.52778,0.40967,0.44788,0.22379
-25.617,0.53107,0.40912,0.45016,0.22963
-24.173,0.53483,0.40912,0.45329,0.23505
-22.93,0.53898,0.40962,0.45716,0.24
-21.787,0.54391,0.41071,0.46219,0.24489
-20.909,0.54898,0.41229,0.46773,0.249
-20.298,0.55399,0.41425,0.47353,0.25225
-19.95,0.55873,0.41649,0.47935,0.25458
-19.848,0.56275,0.41873,0.48457,0.25593
-19.934,0.56633,0.42104,0.48947,0.25654
-20.185,0.56941,0.42337,0.49399,0.25648
-20.577,0.57201,0.42567,0.49807,0.25583
-21.084,0.57412,0.42791,0.50169,0.25467
-21.704,0.57582,0.43011,0.50494,0.25305
-22.44,0.57713,0.43229,0.50785,0.25096
-23.301,0.57808,0.4345,0.51049,0.24838
-24.381,0.57874,0.43693,0.51306,0.24503
-25.63,0.57903,0.43944,0.51539,0.24108
-27.043,0.57896,0.44201,0.51747,0.23655
-28.596,0.57854,0.44458,0.51927,0.23154
-30.433,0.57768,0.44735,0.52085,0.22562
-32.333,0.57641,0.4499,0.52192,0.21948
-34.246,0.57475,0.45214,0.52241,0.21333
-36.139,0.57272,0.45402,0.52228,0.20726
-37.585,0.57089,0.45521,0.52176,0.20263
-39.027,0.56886,0.4562,0.52089,0.19804
-40.475,0.56662,0.45701,0.51969,0.19346
-41.94,0.56418,0.45763,0.51818,0.18885
-43.428,0.56153,0.45809,0.51635,0.18422
-44.923,0.55867,0.45834,0.51417,0.17959
-46.395,0.55561,0.45833,0.51162,0.17508
-47.789,0.55235,0.45801,0.50864,0.1708
-49.01,0.54902,0.45732,0.50528,0.16702
-50.014,0.54557,0.45618,0.50146,0.16384
-50.724,0.54206,0.45456,0.49719,0.16143
-51.072,0.53857,0.45243,0.4925,0.15994
-51.023,0.53539,0.44999,0.48781,0.1595
-50.587,0.53236,0.44715,0.48292,0.16005
-49.764,0.52954,0.44397,0.47793,0.1616
-48.571,0.52702,0.44051,0.47294,0.16414
-46.722,0.52445,0.43614,0.46716,0.16838
-44.509,0.52244,0.43168,0.46177,0.17374
-42.048,0.52106,0.42728,0.45695,0.17998
-39.463,0.52033,0.42311,0.45287,0.18683
-37.078,0.52025,0.41963,0.4499,0.19341
-34.757,0.52075,0.41657,0.44777,0.20007
-32.554,0.52183,0.414,0.44653,0.20665
-30.505,0.52348,0.41196,0.4462,0.21303
-28.333,0.52608,0.41028,0.44697,0.22013
-26.402,0.52938,0.40932,0.44892,0.2268
-24.713,0.53331,0.40905,0.45197,0.23298
-23.269,0.53774,0.40942,0.45597,0.23862
-22.126,0.5423,0.4103,0.4605,0.24339
-21.214,0.54703,0.41163,0.46555,0.24752
-20.538,0.55178,0.41333,0.47093,0.25091
-20.095,0.55637,0.41532,0.47641,0.25351
-19.879,0.56059,0.41748,0.48173,0.25528
-19.864,0.56441,0.41976,0.4868,0.25629
-20.027,0.56775,0.42208,0.49152,0.25659
-20.342,0.57061,0.42439,0.49583,0.25626
-20.778,0.57296,0.42663,0.49965,0.25539
-21.329,0.57488,0.42883,0.50309,0.25405
-21.99,0.5764,0.431,0.50616,0.25225
-22.768,0.57755,0.43317,0.50893,0.24999
-23.854,0.57848,0.43578,0.51188,0.24668
-25.137,0.57896,0.43848,0.51453,0.24265
-26.618,0.57901,0.44126,0.51689,0.23791
-28.276,0.57865,0.44407,0.51893,0.23258
-29.959,0.57794,0.44666,0.5205,0.22715
-31.71,0.57687,0.4491,0.52164,0.22149
-33.485,0.57546,0.45129,0.52229,0.21578
-35.251,0.57372,0.45318,0.52242,0.2101
-36.876,0.57181,0.45465,0.52205,0.2049
-38.487,0.56965,0.45586,0.52125,0.19976
-40.101,0.56722,0.45682,0.52003,0.19464
-41.733,0.56454,0.45756,0.51841,0.1895
-43.237,0.56188,0.45804,0.5166,0.18481
-44.753,0.55901,0.45832,0.51444,0.18012
-46.248,0.55593,0.45835,0.51189,0.17552
-47.671,0.55265,0.45806,0.50892,0.17116
-48.834,0.54954,0.45745,0.50583,0.16757
-49.817,0.54633,0.45647,0.50234,0.16448
-50.557,0.54306,0.45507,0.49844,0.16202
-50.996,0.53977,0.45323,0.49417,0.16034
-51.085,0.53655,0.45095,0.48958,0.15955
-50.794,0.53345,0.44825,0.48475,0.15973
-50.112,0.53055,0.44518,0.47978,0.16091
-49.051,0.52791,0.44181,0.47477,0.16309
-47.425,0.5253,0.43771,0.46917,0.16674
-45.431,0.52317,0.43346,0.46386,0.17147
-43.167,0.52159,0.42922,0.45901,0.17711
-40.74,0.5206,0.42512,0.45477,0.18341
-38.328,0.52022,0.42141,0.45136,0.18993
-35.945,0.52042,0.41809,0.44876,0.19662
-33.657,0.52121,0.41524,0.44704,0.20332
-31.509,0.52259,0.41291,0.44625,0.20987
-29.357,0.52473,0.411,0.44644,0.21674
-27.417,0.52751,0.40975,0.44772,0.22325
-25.693,0.53089,0.40913,0.45002,0.22935
-24.186,0.53479,0.40911,0.45325,0.235
-22.955,0.53888,0.4096,0.45707,0.2399
-21.926,0.54323,0.41054,0.46147,0.24427
-21.103,0.54772,0.41186,0.46631,0.24805
-20.489,0.55219,0.4135,0.47141,0.25117
-20.076,0.55664,0.41545,0.47674,0.25364
-19.874,0.56078,0.41758,0.48197,0.25535
-19.866,0.56452,0.41983,0.48695,0.25631
-20.031,0.5678,0.42211,0.49159,0.25659
-20.342,0.57061,0.42439,0.49583,0.25626
-20.778,0.57296,0.42663,0.49965,0.25539
-21.328,0.57487,0.42883,0.50308,0.25405
-21.989,0.57639,0.431,0.50616,0.25225
-22.885,0.57768,0.43347,0.5093,0.24964
-23.951,0.57853,0.436,0.51211,0.24637
-25.2,0.57897,0.4386,0.51464,0.24245
-26.631,0.57901,0.44128,0.51691,0.23787
-28.134,0.5787,0.44384,0.51878,0.23303
-29.75,0.57804,0.44635,0.52033,0.22782
-31.436,0.57706,0.44873,0.52149,0.22238
-33.153,0.57575,0.4509,0.52221,0.21685
-34.736,0.57426,0.45266,0.52243,0.21175
-36.303,0.57252,0.45416,0.52224,0.20673
-37.852,0.57053,0.45541,0.52162,0.20178
-39.396,0.56831,0.45642,0.52061,0.19687
-41.06,0.56567,0.45728,0.51912,0.19161
-42.752,0.56275,0.4579,0.51721,0.18632
-44.466,0.55957,0.45828,0.51488,0.181
-46.162,0.55611,0.45835,0.51205,0.17579
-47.483,0.55311,0.45812,0.50936,0.17174
-48.69,0.54996,0.45755,0.50626,0.16802
-49.719,0.54669,0.4566,0.50274,0.16479
-50.503,0.54335,0.45521,0.4988,0.16221
-50.978,0.53999,0.45337,0.49447,0.16042
-51.09,0.5367,0.45106,0.48979,0.15956
-50.805,0.53352,0.44831,0.48486,0.15971
-50.112,0.53055,0.44518,0.47978,0.16091
-48.987,0.52778,0.44163,0.47451,0.16323
-47.485,0.52537,0.43785,0.46935,0.1666
-45.665,0.52338,0.43393,0.46443,0.17091
-43.604,0.52185,0.43,0.45987,0.176
-41.074,0.5207,0.42566,0.4553,0.18253
-38.466,0.52022,0.42162,0.45153,0.18955
-35.887,0.52043,0.41802,0.44871,0.19679
-33.419,0.52133,0.41496,0.44691,0.20403
-31.273,0.52278,0.41268,0.44621,0.21061
-29.296,0.5248,0.41095,0.44646,0.21694
-27.502,0.52737,0.40979,0.44764,0.22296
-25.893,0.53045,0.40917,0.44969,0.22863
-24.49,0.53392,0.40907,0.45249,0.23383
-23.267,0.53774,0.40942,0.45597,0.23863
-22.227,0.54185,0.4102,0.46004,0.24296
-21.373,0.54611,0.41134,0.46455,0.24677
-20.652,0.55085,0.41297,0.46985,0.2503
-20.165,0.55546,0.4149,0.47531,0.25305
-19.904,0.5598,0.41705,0.4807,0.255
-19.853,0.56373,0.41933,0.48588,0.25616
-19.986,0.56719,0.42166,0.49071,0.25658
-20.278,0.57015,0.42399,0.49512,0.25635
-20.705,0.57263,0.42629,0.49911,0.25556
-21.253,0.57466,0.42855,0.50267,0.25425
-21.98,0.57638,0.43097,0.50612,0.25228
-22.853,0.57765,0.43339,0.5092,0.24973
-23.888,0.5785,0.43586,0.51196,0.24657
-25.095,0.57895,0.43839,0.51445,0.24278
-26.355,0.57903,0.44078,0.51651,0.23876
-27.749,0.57881,0.44321,0.51834,0.23428
-29.255,0.57827,0.44561,0.5199,0.22942
-30.837,0.57744,0.44791,0.52113,0.22431
-32.536,0.57625,0.45015,0.522,0.21883
-34.24,0.57476,0.45213,0.52241,0.21335
-35.927,0.57296,0.45382,0.52232,0.20793
-37.592,0.57088,0.45522,0.52175,0.20261
-39.086,0.56877,0.45624,0.52084,0.19785
-40.589,0.56644,0.45706,0.51958,0.1931
-42.113,0.56388,0.4577,0.51798,0.18831
-43.658,0.5611,0.45814,0.51603,0.1835
-45.157,0.5582,0.45835,0.5138,0.17888
-46.623,0.5551,0.45831,0.51117,0.17437
-48.002,0.55181,0.45792,0.50811,0.17014
-49.221,0.54837,0.45714,0.50459,0.16637
-50.132,0.54508,0.45599,0.50089,0.16345
-50.77,0.54176,0.4544,0.4968,0.16126
-51.077,0.53845,0.45235,0.49233,0.1599
-51.01,0.53523,0.44986,0.48757,0.1595
-50.555,0.53221,0.447,0.48267,0.1601
-49.713,0.52941,0.4438,0.47768,0.1617
-48.504,0.5269,0.44034,0.4727,0.16429
-46.97,0.52473,0.43668,0.46785,0.1678
-44.741,0.52262,0.43212,0.46228,0.17316
-42.243,0.52114,0.42761,0.45729,0.17948
-39.606,0.52035,0.42333,0.45307,0.18644
-36.952,0.52026,0.41945,0.44976,0.19376
-34.587,0.52081,0.41636,0.44764,0.20057
-32.348,0.52197,0.41377,0.44645,0.20728
-30.271,0.52371,0.41175,0.44622,0.21378
-28.374,0.52602,0.4103,0.44694,0.22
-26.654,0.52889,0.40941,0.44858,0.22591
-25.123,0.53225,0.40906,0.45109,0.23145
-23.78,0.53603,0.40921,0.45437,0.23658
-22.63,0.54014,0.40983,0.45832,0.24125
-21.491,0.54545,0.41115,0.46383,0.24623
-20.653,0.55085,0.41297,0.46985,0.2503
-20.117,0.55608,0.41519,0.47605,0.25337
-19.87,0.56092,0.41767,0.48216,0.2554
-19.884,0.56512,0.42022,0.48779,0.2564
-20.113,0.56872,0.42282,0.49296,0.25654
-20.523,0.57172,0.4254,0.4976,0.25593
-21.088,0.57413,0.42792,0.50171,0.25466
-21.74,0.5759,0.43022,0.5051,0.25295
-22.521,0.57724,0.43252,0.50813,0.25072
-23.442,0.5782,0.43484,0.51086,0.24795
-24.515,0.57879,0.43721,0.51333,0.24461
-25.701,0.57903,0.43957,0.5155,0.24085
-27.031,0.57896,0.44198,0.51745,0.23659
-28.486,0.57858,0.44441,0.51915,0.2319
-30.036,0.5779,0.44677,0.52056,0.2269
-31.853,0.57677,0.44928,0.52171,0.22103
-33.691,0.57527,0.45153,0.52233,0.21511
-35.516,0.57343,0.45344,0.52239,0.20925
-37.316,0.57125,0.45501,0.52188,0.20349
-38.829,0.56915,0.45608,0.52102,0.19867
-40.349,0.56682,0.45694,0.51981,0.19386
-41.888,0.56427,0.45761,0.51824,0.18902
-43.449,0.56149,0.45809,0.51632,0.18415
-44.944,0.55863,0.45834,0.51414,0.17953
-46.414,0.55556,0.45833,0.51158,0.17502
-47.806,0.55231,0.45801,0.5086,0.17075
-49.05,0.5489,0.45729,0.50515,0.1669
-50,0.54563,0.45621,0.50153,0.16389
-50.686,0.54231,0.45469,0.4975,0.16156
-51.051,0.539,0.45272,0.4931,0.16007
-51.049,0.53575,0.4503,0.48838,0.1595
-50.661,0.53271,0.44752,0.48352,0.15993
-49.886,0.52988,0.44438,0.47855,0.16135
-48.741,0.52732,0.44096,0.47356,0.16377
-47.264,0.52509,0.43734,0.46869,0.16711
-45.214,0.52299,0.43303,0.46335,0.172
-42.9,0.52145,0.42875,0.4585,0.17779
-40.433,0.52052,0.42463,0.45429,0.18422
-37.918,0.52021,0.42082,0.45086,0.19106
-35.548,0.52051,0.41757,0.44841,0.19777
-33.281,0.5214,0.4148,0.44684,0.20445
-31.158,0.52288,0.41257,0.4462,0.21097
-29.206,0.52491,0.41088,0.4465,0.21723
-27.343,0.52764,0.40971,0.44779,0.2235
-25.681,0.53092,0.40913,0.45004,0.22939
-24.222,0.53468,0.40911,0.45316,0.23486
-22.967,0.53884,0.4096,0.45703,0.23985
-21.823,0.54373,0.41067,0.462,0.24473
-20.94,0.54877,0.41221,0.46749,0.24884
-20.322,0.55375,0.41415,0.47325,0.25211
-19.963,0.55848,0.41636,0.47903,0.25448
-19.848,0.56286,0.41879,0.48471,0.25595
-19.956,0.5667,0.42131,0.49001,0.25656
-20.254,0.56997,0.42384,0.49484,0.25639
-20.713,0.57267,0.42633,0.49917,0.25554
-21.256,0.57467,0.42856,0.50269,0.25424
-21.914,0.57625,0.43077,0.50585,0.25247
-22.69,0.57746,0.43297,0.50869,0.25022
-23.597,0.57831,0.4352,0.51126,0.24747
-24.693,0.57885,0.43758,0.51369,0.24405
-25.95,0.57904,0.44004,0.5159,0.24006
-27.358,0.5789,0.44255,0.51787,0.23554
-28.894,0.57843,0.44505,0.51956,0.23058
-31.471,0.57703,0.44878,0.52151,0.22227
-34.113,0.57488,0.45199,0.5224,0.21376
-36.721,0.57201,0.45452,0.52211,0.20539
-39.292,0.56846,0.45636,0.52069,0.1972
-41.091,0.56561,0.45729,0.51909,0.19152
-42.923,0.56245,0.45795,0.517,0.18578
-44.778,0.55896,0.45832,0.5144,0.18004
-46.598,0.55516,0.45831,0.51122,0.17445
-47.878,0.55213,0.45798,0.50842,0.17053
-49.027,0.54897,0.4573,0.50523,0.16697
-49.98,0.5457,0.45623,0.50161,0.16395
-50.674,0.54238,0.45473,0.49759,0.16161
-51.047,0.53906,0.45277,0.49319,0.16009
-51.053,0.53582,0.45036,0.48848,0.1595
-50.664,0.53272,0.44753,0.48354,0.15992
-49.874,0.52984,0.44434,0.47848,0.16138
-48.629,0.52712,0.44066,0.47315,0.16402
-47.008,0.52478,0.43677,0.46795,0.16771
-45.082,0.52288,0.43277,0.46304,0.17233
-42.931,0.52147,0.4288,0.45856,0.17771
-40.443,0.52052,0.42464,0.4543,0.1842
-37.908,0.52021,0.4208,0.45085,0.19109
-35.42,0.52055,0.41741,0.44829,0.19814
-33.048,0.52153,0.41454,0.44673,0.20515
-30.877,0.52312,0.4123,0.44619,0.21185
-28.889,0.52532,0.41065,0.44664,0.21828
-27.092,0.52808,0.40959,0.44806,0.22437
-25.491,0.53136,0.4091,0.45038,0.23009
-24.131,0.53495,0.40912,0.45339,0.23521
-22.953,0.53888,0.4096,0.45707,0.23991
-21.961,0.54306,0.41049,0.4613,0.24412
-21.159,0.54737,0.41174,0.46593,0.24778
-20.498,0.55211,0.41347,0.47132,0.25112
-20.072,0.55668,0.41547,0.47679,0.25366
-19.87,0.56093,0.41767,0.48216,0.2554
-19.872,0.56475,0.41998,0.48727,0.25635
-20.054,0.56808,0.42232,0.492,0.25658
-20.388,0.57091,0.42466,0.49631,0.25618
-20.853,0.57327,0.42696,0.50019,0.25523
-21.437,0.57517,0.42921,0.50365,0.25377
-22.139,0.57666,0.43144,0.50675,0.25183
-22.968,0.57777,0.43368,0.50954,0.24939
-23.937,0.57852,0.43597,0.51207,0.24642
-25.053,0.57894,0.43831,0.51438,0.24291
-26.305,0.57904,0.44069,0.51644,0.23892
-27.692,0.57882,0.44311,0.51828,0.23446
-29.19,0.5783,0.44551,0.51984,0.22963
-30.767,0.57748,0.44782,0.52108,0.22454
-32.472,0.5763,0.45007,0.52198,0.21904
-34.184,0.57481,0.45207,0.5224,0.21353
-35.879,0.57302,0.45378,0.52233,0.20809
-37.553,0.57094,0.45519,0.52177,0.20273
-39.022,0.56887,0.4562,0.52089,0.19806
-40.5,0.56658,0.45702,0.51967,0.19338
-41.997,0.56408,0.45765,0.51811,0.18868
-43.514,0.56137,0.45811,0.51623,0.18395
-45.011,0.5585,0.45834,0.51403,0.17933
-46.48,0.55542,0.45832,0.51145,0.17482
-47.868,0.55216,0.45798,0.50845,0.17056
-49.104,0.54873,0.45724,0.50497,0.16673
-50.042,0.54546,0.45614,0.50133,0.16375
-50.713,0.54214,0.4546,0.49728,0.16147
-51.06,0.53883,0.45261,0.49286,0.16001
-51.038,0.53559,0.45016,0.48813,0.1595
-50.629,0.53255,0.44736,0.48326,0.15998
-49.834,0.52973,0.4442,0.47828,0.16146
-48.669,0.52719,0.44077,0.4733,0.16393
-47.174,0.52498,0.43714,0.46843,0.16732
-45.081,0.52288,0.43278,0.46305,0.17233
-42.725,0.52137,0.42844,0.45817,0.17823
-40.22,0.52047,0.42429,0.45397,0.18479
-37.675,0.52021,0.42047,0.45057,0.19174
-35.305,0.52058,0.41726,0.4482,0.19847
-33.045,0.52154,0.41454,0.44673,0.20516
-30.935,0.52307,0.41235,0.44619,0.21167
-28.997,0.52518,0.41073,0.44659,0.21792
-27.172,0.52794,0.40963,0.44797,0.22409
-25.546,0.53123,0.40911,0.45028,0.22989
-24.117,0.53499,0.40913,0.45343,0.23527
-22.889,0.53913,0.40965,0.45731,0.24017
-21.747,0.54411,0.41077,0.4624,0.24507
-20.874,0.54923,0.41237,0.468,0.24917
-20.273,0.55426,0.41436,0.47385,0.2524
-19.937,0.55901,0.41664,0.47971,0.2547
-19.848,0.56305,0.41891,0.48497,0.256
-19.951,0.56663,0.42126,0.4899,0.25656
-20.22,0.5697,0.42361,0.49443,0.25643
-20.63,0.57227,0.42593,0.49851,0.25572
-21.152,0.57434,0.42817,0.5021,0.2545
-21.788,0.576,0.43038,0.50531,0.25282
-22.541,0.57727,0.43257,0.5082,0.25066
-23.422,0.57818,0.43479,0.51081,0.24801
-24.508,0.57879,0.4372,0.51332,0.24463
-25.759,0.57903,0.43968,0.5156,0.24066
-27.168,0.57894,0.44222,0.51763,0.23615
-28.713,0.5785,0.44477,0.51939,0.23117
-30.417,0.57769,0.44732,0.52084,0.22567
-32.178,0.57653,0.4497,0.52186,0.21999
-33.951,0.57503,0.45182,0.52237,0.21428
-35.71,0.57321,0.45362,0.52236,0.20863
-37.166,0.57144,0.45489,0.52194,0.20397
-38.612,0.56947,0.45594,0.52117,0.19936
-40.062,0.56728,0.4568,0.52006,0.19476
-41.527,0.56489,0.45747,0.51863,0.19015
-43.014,0.56228,0.45798,0.51689,0.1855
-44.514,0.55947,0.45829,0.5148,0.18085
-46.002,0.55645,0.45836,0.51235,0.17628
-47.428,0.55324,0.45813,0.50948,0.17191
-48.684,0.54998,0.45756,0.50628,0.16804
-49.747,0.54659,0.45656,0.50263,0.1647
-50.544,0.54312,0.4551,0.49852,0.16206
-51.006,0.53965,0.45315,0.494,0.16029
-51.081,0.53642,0.45084,0.48939,0.15954
-50.773,0.53332,0.44812,0.48454,0.15976
-50.071,0.53042,0.44503,0.47954,0.16099
-48.989,0.52779,0.44164,0.47452,0.16323
-47.335,0.52518,0.4375,0.4689,0.16695
-45.314,0.52307,0.43323,0.46359,0.17176
-43.026,0.52152,0.42897,0.45874,0.17747
-40.58,0.52056,0.42486,0.45452,0.18383
-38.171,0.52021,0.42119,0.45117,0.19036
-35.797,0.52045,0.4179,0.44863,0.19705
-33.521,0.52128,0.41508,0.44697,0.20373
-31.386,0.52269,0.41279,0.44623,0.21025
-29.25,0.52486,0.41092,0.44648,0.21709
-27.325,0.52767,0.4097,0.44781,0.22357
-25.616,0.53107,0.40912,0.45016,0.22963
-24.122,0.53498,0.40913,0.45342,0.23525
-22.897,0.5391,0.40964,0.45728,0.24014
-21.874,0.54348,0.4106,0.46173,0.2445
-21.06,0.54799,0.41195,0.46661,0.24826
-20.457,0.55247,0.41361,0.47174,0.25135
-20.058,0.5569,0.41558,0.47706,0.25377
-19.868,0.56101,0.41772,0.48227,0.25542
-19.872,0.56472,0.41996,0.48723,0.25634
-20.045,0.56797,0.42224,0.49185,0.25658
-20.363,0.57075,0.42451,0.49605,0.25622
-20.806,0.57307,0.42675,0.49985,0.25533
-21.361,0.57497,0.42894,0.50326,0.25397
-22.027,0.57646,0.43111,0.50631,0.25215
-22.937,0.57774,0.4336,0.50945,0.24948
-24.02,0.57857,0.43615,0.51227,0.24616
-25.29,0.57899,0.43878,0.5148,0.24216
-26.744,0.579,0.44148,0.51707,0.23751
-28.268,0.57865,0.44406,0.51892,0.2326
-29.903,0.57796,0.44658,0.52045,0.22733
-31.606,0.57694,0.44896,0.52158,0.22183
-33.336,0.57559,0.45112,0.52225,0.21626
-34.917,0.57407,0.45285,0.52243,0.21117
-36.481,0.5723,0.45432,0.52219,0.20616
-38.029,0.57029,0.45554,0.52152,0.20122
-39.573,0.56804,0.45653,0.52047,0.19631
-41.21,0.56542,0.45734,0.51897,0.19114
-42.877,0.56253,0.45794,0.51706,0.18593
-44.561,0.55938,0.4583,0.51473,0.18071
-46.227,0.55597,0.45835,0.51194,0.17559
-47.541,0.55297,0.4581,0.50922,0.17156
-48.739,0.54982,0.45752,0.50611,0.16787
-49.757,0.54655,0.45655,0.50258,0.16467
-50.528,0.54321,0.45515,0.49863,0.16212
-50.989,0.53987,0.45329,0.49429,0.16037
-51.086,0.53658,0.45097,0.48962,0.15955
-50.788,0.53342,0.44821,0.48469,0.15973
-50.082,0.53046,0.44507,0.47961,0.16097
-48.942,0.5277,0.44151,0.47434,0.16333
-47.424,0.5253,0.43771,0.46917,0.16674
-45.591,0.52331,0.43378,0.46425,0.17108
-43.519,0.52179,0.42985,0.4597,0.17622
-40.994,0.52068,0.42553,0.45517,0.18274
-38.397,0.52022,0.42152,0.45145,0.18974
-35.831,0.52045,0.41794,0.44866,0.19695
-33.377,0.52135,0.41491,0.44689,0.20416
-31.229,0.52282,0.41264,0.44621,0.21074
-29.253,0.52486,0.41092,0.44648,0.21708
-27.459,0.52744,0.40977,0.44768,0.22311
-25.851,0.53054,0.40917,0.44976,0.22878
-24.453,0.53402,0.40907,0.45258,0.23397
-23.235,0.53786,0.40944,0.45608,0.23876
-22.199,0.54197,0.41023,0.46016,0.24308
-21.35,0.54624,0.41138,0.46468,0.24688
-20.636,0.55098,0.41302,0.47001,0.25039
-20.155,0.55559,0.41496,0.47546,0.25312
-19.9,0.55992,0.41711,0.48086,0.25505
-19.854,0.56384,0.4194,0.48603,0.25618
-19.993,0.56729,0.42173,0.49085,0.25658
-20.29,0.57024,0.42407,0.49526,0.25634
-20.722,0.57271,0.42637,0.49924,0.25552
-21.275,0.57472,0.42863,0.50279,0.25419
-22.01,0.57643,0.43106,0.50624,0.2522
-22.894,0.57769,0.43349,0.50932,0.24961
-23.941,0.57853,0.43597,0.51208,0.24641
-25.162,0.57896,0.43853,0.51458,0.24256
-26.431,0.57903,0.44092,0.51663,0.23851
-27.834,0.57878,0.44335,0.51844,0.234
-29.346,0.57823,0.44575,0.51998,0.22912
-30.933,0.57738,0.44805,0.52119,0.224
-32.622,0.57619,0.45026,0.52204,0.21856
-34.315,0.57468,0.45221,0.52242,0.21311
-35.99,0.57289,0.45388,0.52231,0.20773
-37.644,0.57081,0.45526,0.52173,0.20244
-40.662,0.56632,0.45709,0.51951,0.19287
-43.77,0.56089,0.45816,0.51587,0.18315
-46.866,0.55455,0.45826,0.51068,0.17363
-49.507,0.54744,0.45686,0.50358,0.16547
-50.373,0.54402,0.45553,0.49962,0.16265
-50.923,0.54056,0.45371,0.49523,0.16066
-51.097,0.53715,0.45141,0.49047,0.15963
-50.856,0.53387,0.44864,0.48542,0.15964
-50.22,0.53091,0.44559,0.48042,0.1607
-49.198,0.52822,0.44223,0.47538,0.16278
-47.82,0.52584,0.43864,0.4704,0.16583
-46.137,0.52384,0.4349,0.46562,0.16977
-43.815,0.52198,0.43039,0.46031,0.17547
-41.281,0.52077,0.426,0.45565,0.18198
-38.657,0.52024,0.4219,0.45179,0.18902
-36.054,0.5204,0.41824,0.44887,0.19631
-33.671,0.52121,0.41526,0.44706,0.20328
-31.438,0.52265,0.41284,0.44624,0.21009
-29.385,0.5247,0.41102,0.44644,0.21665
-27.527,0.52734,0.40981,0.44762,0.22287
-25.929,0.53037,0.40919,0.44963,0.2285
-24.513,0.53386,0.40907,0.45244,0.23375
-23.279,0.53771,0.40942,0.45594,0.23858
-22.229,0.54184,0.4102,0.46003,0.24295
-21.073,0.54791,0.41192,0.46652,0.24819
-20.304,0.55393,0.41422,0.47346,0.25221
-19.913,0.55958,0.41693,0.48043,0.25492
-19.869,0.56459,0.41988,0.48705,0.25632
-20.087,0.56844,0.4226,0.49254,0.25656
-20.507,0.57163,0.42531,0.49745,0.25596
-21.099,0.57417,0.42797,0.50178,0.25464
-21.849,0.57612,0.43057,0.50557,0.25265
-22.681,0.57745,0.43294,0.50866,0.25025
-23.667,0.57836,0.43536,0.51143,0.24726
-24.819,0.57889,0.43784,0.51394,0.24365
-26.142,0.57904,0.4404,0.5162,0.23944
-27.559,0.57885,0.44289,0.51812,0.23489
-29.096,0.57834,0.44536,0.51975,0.22993
-30.718,0.57751,0.44775,0.52105,0.2247
-32.384,0.57637,0.44996,0.52195,0.21932
-33.986,0.575,0.45186,0.52238,0.21416
-35.575,0.57336,0.45349,0.52238,0.20906
-37.144,0.57147,0.45487,0.52195,0.20404
-38.701,0.56934,0.456,0.52111,0.19908
-40.282,0.56693,0.45691,0.51987,0.19406
-41.886,0.56427,0.45761,0.51824,0.18902
-43.515,0.56137,0.45811,0.51623,0.18395
-45.152,0.55821,0.45835,0.51381,0.17889
-46.685,0.55497,0.4583,0.51105,0.17419
-48.118,0.55151,0.45787,0.50782,0.16979
-49.367,0.54789,0.457,0.50407,0.16591
-50.339,0.54416,0.45559,0.49979,0.16277
-50.909,0.54068,0.45378,0.49538,0.16071
-51.098,0.53723,0.45147,0.49058,0.15964
-50.864,0.53391,0.44868,0.48549,0.15963
-50.189,0.5308,0.44547,0.48022,0.16076
-49.106,0.52802,0.44197,0.47499,0.16298
-47.645,0.52559,0.43822,0.46984,0.16623
-45.864,0.52356,0.43433,0.46491,0.17042
-43.836,0.52199,0.43042,0.46034,0.17542
-41.287,0.52077,0.42601,0.45565,0.18196
-38.649,0.52023,0.42189,0.45177,0.18904
-36.033,0.5204,0.41821,0.44884,0.19637
-33.527,0.52127,0.41509,0.44697,0.20371
-31.383,0.52269,0.41278,0.44622,0.21026
-29.406,0.52467,0.41104,0.44642,0.21658
-27.609,0.52719,0.40985,0.44753,0.22259
-25.995,0.53023,0.4092,0.44952,0.22826
-24.581,0.53366,0.40906,0.45227,0.23348
-23.347,0.53746,0.40938,0.45571,0.2383
-22.294,0.54155,0.41013,0.45973,0.24267
-21.428,0.5458,0.41125,0.46421,0.24652
-20.694,0.55053,0.41285,0.46948,0.25008
-20.193,0.55514,0.41475,0.47491,0.25288
-19.917,0.55948,0.41688,0.4803,0.25488
-19.85,0.56343,0.41914,0.48548,0.25609
-19.969,0.56692,0.42147,0.49032,0.25657
-20.248,0.56992,0.42379,0.49476,0.25639
-20.663,0.57243,0.42609,0.49877,0.25565
-21.198,0.57448,0.42834,0.50236,0.25439
-21.904,0.57623,0.43074,0.5058,0.25249
-22.751,0.57753,0.43313,0.50888,0.25004
-23.754,0.57841,0.43556,0.51164,0.24698
-24.925,0.57891,0.43805,0.51414,0.24332
-26.163,0.57904,0.44043,0.51623,0.23937
-27.538,0.57886,0.44285,0.51809,0.23496
-29.029,0.57837,0.44526,0.51969,0.23015
-30.601,0.57758,0.44758,0.52097,0.22507
-32.327,0.57641,0.44989,0.52192,0.21951
-34.062,0.57493,0.45194,0.52239,0.21392
-35.781,0.57313,0.45369,0.52235,0.2084
-37.478,0.57104,0.45513,0.5218,0.20297
-38.93,0.569,0.45614,0.52095,0.19835
-40.389,0.56676,0.45696,0.51977,0.19373
-41.867,0.56431,0.45761,0.51826,0.18908
-43.365,0.56164,0.45807,0.51643,0.18441
-44.859,0.5588,0.45833,0.51427,0.17979
-46.33,0.55575,0.45834,0.51174,0.17527
-47.727,0.55251,0.45803,0.50879,0.17099
-48.981,0.5491,0.45734,0.50537,0.16712
-49.945,0.54584,0.45629,0.50178,0.16406
-50.65,0.54253,0.4548,0.49777,0.16169
-51.038,0.53921,0.45286,0.49339,0.16014
-51.061,0.53596,0.45047,0.4887,0.15951
-50.7,0.53291,0.44772,0.48385,0.15986
-49.951,0.53006,0.4446,0.47889,0.16122
-48.831,0.52748,0.4412,0.4739,0.16357
-47.376,0.52523,0.4376,0.46902,0.16685
-45.372,0.52312,0.43335,0.46372,0.17162
-43.103,0.52156,0.4291,0.45888,0.17727
-40.675,0.52058,0.42501,0.45466,0.18358
-38.19,0.52021,0.42121,0.45119,0.19031
-35.818,0.52045,0.41792,0.44864,0.19699
-33.542,0.52127,0.4151,0.44698,0.20366
-31.407,0.52267,0.41281,0.44623,0.21019
-29.439,0.52463,0.41106,0.44641,0.21647
-27.53,0.52733,0.40981,0.44761,0.22286
-25.827,0.53059,0.40916,0.44979,0.22886
-24.332,0.53436,0.40909,0.45287,0.23444
-23.046,0.53854,0.40955,0.45674,0.23953
-21.9,0.54335,0.41057,0.4616,0.24438
-21.008,0.54832,0.41206,0.46698,0.24851
-20.374,0.55325,0.41393,0.47265,0.25181
-19.992,0.55794,0.41609,0.47836,0.25425
-19.85,0.56222,0.41841,0.48386,0.25579
-19.919,0.56602,0.42083,0.48904,0.25651
-20.171,0.56928,0.42327,0.49379,0.25649
-20.578,0.57201,0.42567,0.49807,0.25582
-21.083,0.57412,0.4279,0.50168,0.25467
-21.702,0.57581,0.4301,0.50492,0.25306
-22.435,0.57712,0.43228,0.50783,0.25097
-23.292,0.57807,0.43448,0.51046,0.2484
-24.372,0.57873,0.43691,0.51304,0.24506
-25.62,0.57902,0.43942,0.51537,0.24111
-27.032,0.57896,0.44199,0.51745,0.23658
-28.586,0.57854,0.44456,0.51926,0.23158
-30.294,0.57776,0.44715,0.52075,0.22606
-32.063,0.57661,0.44955,0.52181,0.22036
-33.847,0.57513,0.4517,0.52236,0.21461
-35.618,0.57331,0.45354,0.52237,0.20892
-37.077,0.57156,0.45482,0.52198,0.20425
-38.526,0.56959,0.45588,0.52123,0.19963
-39.977,0.56741,0.45675,0.52014,0.19503
-41.443,0.56503,0.45744,0.51872,0.19041
-42.931,0.56243,0.45796,0.51699,0.18576
-44.434,0.55963,0.45828,0.51492,0.1811
-45.925,0.55662,0.45837,0.51249,0.17652
-47.358,0.55341,0.45815,0.50963,0.17212
-48.6,0.55021,0.45761,0.50652,0.1683
-49.663,0.54689,0.45667,0.50297,0.16497
-50.474,0.54349,0.45528,0.49898,0.16231
-50.969,0.54008,0.45342,0.49458,0.16046
-51.093,0.53684,0.45117,0.49,0.15958
-50.835,0.53371,0.44849,0.48517,0.15967
-50.182,0.53078,0.44544,0.48019,0.16077
-49.146,0.5281,0.44208,0.47515,0.16289
-47.563,0.52548,0.43803,0.46959,0.16642
-45.613,0.52333,0.43383,0.4643,0.17103
-43.388,0.52172,0.42961,0.45944,0.17655
-40.993,0.52067,0.42553,0.45517,0.18274
-38.574,0.52023,0.42178,0.45167,0.18925
-36.178,0.52037,0.4184,0.44898,0.19596
-33.871,0.52111,0.41549,0.44717,0.20268
-31.701,0.52243,0.4131,0.44628,0.20927
-29.517,0.52454,0.41112,0.44639,0.21622
-27.546,0.5273,0.40981,0.44759,0.2228
-25.795,0.53066,0.40915,0.44985,0.22898
-24.264,0.53456,0.4091,0.45305,0.2347
-23.027,0.53861,0.40956,0.45681,0.2396
-21.99,0.54293,0.41046,0.46116,0.24399
-21.156,0.54739,0.41175,0.46595,0.2478
-20.53,0.55185,0.41336,0.47101,0.25095
-20.099,0.55631,0.4153,0.47634,0.25348
-19.882,0.56049,0.41742,0.48159,0.25525
-19.861,0.56426,0.41966,0.48661,0.25626
-20.014,0.56759,0.42195,0.49128,0.25659
-20.316,0.57043,0.42423,0.49555,0.2563
-20.746,0.57281,0.42648,0.49941,0.25547
-21.289,0.57476,0.42868,0.50287,0.25415
-21.944,0.57631,0.43086,0.50597,0.25238
-22.789,0.57758,0.43323,0.509,0.24992
-23.79,0.57844,0.43564,0.51173,0.24687
-24.957,0.57892,0.43812,0.5142,0.24321
-26.293,0.57904,0.44067,0.51642,0.23896
-27.738,0.57881,0.44319,0.51833,0.23431
-29.301,0.57825,0.44568,0.51994,0.22927
-30.944,0.57737,0.44806,0.5212,0.22397
-32.628,0.57618,0.45026,0.52204,0.21854
-34.222,0.57477,0.45211,0.52241,0.21341
-35.802,0.57311,0.45371,0.52235,0.20834
-37.362,0.57119,0.45504,0.52186,0.20334
-38.913,0.56903,0.45613,0.52097,0.1984
-40.675,0.5663,0.4571,0.5195,0.19283
-42.468,0.56326,0.45782,0.51756,0.1872
-44.287,0.55991,0.45826,0.51514,0.18156
-46.093,0.55626,0.45836,0.51218,0.176
-47.421,0.55326,0.45814,0.5095,0.17193
-48.638,0.55011,0.45759,0.50641,0.16818
-49.678,0.54683,0.45665,0.5029,0.16492
-50.476,0.54349,0.45528,0.49897,0.1623
-50.966,0.54012,0.45345,0.49464,0.16048
-51.092,0.53681,0.45115,0.48997,0.15958
-50.821,0.53363,0.44841,0.48503,0.15969
-50.14,0.53064,0.44528,0.47994,0.16086
-49.029,0.52787,0.44175,0.47468,0.16314
-47.541,0.52545,0.43798,0.46952,0.16647
-45.735,0.52344,0.43407,0.4646,0.17074
-43.685,0.52189,0.43015,0.46003,0.1758
-41.148,0.52072,0.42578,0.45542,0.18233
-38.53,0.52023,0.42171,0.45162,0.18937
-35.939,0.52042,0.41808,0.44876,0.19664
-33.458,0.52131,0.41501,0.44693,0.20392
-31.312,0.52275,0.41272,0.44622,0.21048
-29.336,0.52475,0.41098,0.44645,0.21681
-27.54,0.52731,0.40981,0.4476,0.22282
-25.93,0.53037,0.40918,0.44963,0.22849
-24.523,0.53382,0.40907,0.45241,0.23371
-23.296,0.53764,0.40941,0.45588,0.23851
-22.251,0.54174,0.41017,0.45993,0.24286
-21.393,0.546,0.41131,0.46442,0.24668
-20.667,0.55074,0.41293,0.46972,0.25022
-20.175,0.55535,0.41485,0.47516,0.25299
-19.909,0.55968,0.41699,0.48056,0.25496
-19.851,0.56362,0.41926,0.48574,0.25613
-19.98,0.56709,0.42159,0.49057,0.25658
-20.267,0.57007,0.42392,0.49499,0.25637
-20.69,0.57256,0.42622,0.49899,0.25559
-21.234,0.5746,0.42848,0.50256,0.2543
-21.953,0.57633,0.43089,0.50601,0.25236
-22.817,0.57761,0.4333,0.50909,0.24984
-23.84,0.57847,0.43575,0.51185,0.24672
-25.034,0.57894,0.43827,0.51434,0.24297
-26.285,0.57904,0.44066,0.51641,0.23898
-27.673,0.57883,0.44308,0.51825,0.23452
-29.173,0.57831,0.44548,0.51982,0.22968
-30.752,0.57749,0.4478,0.52107,0.22459
-32.46,0.57631,0.45006,0.52197,0.21908
-34.174,0.57482,0.45206,0.5224,0.21356
-35.872,0.57303,0.45377,0.52233,0.20811
-37.548,0.57094,0.45518,0.52177,0.20275
-39.015,0.56888,0.4562,0.52089,0.19808
-40.491,0.5666,0.45701,0.51967,0.19341
-41.986,0.5641,0.45765,0.51813,0.18871
-43.501,0.56139,0.4581,0.51625,0.18399
-44.997,0.55852,0.45834,0.51406,0.17937
-46.466,0.55545,0.45833,0.51148,0.17486
-47.855,0.55219,0.45799,0.50848,0.1706
-49.093,0.54876,0.45725,0.50501,0.16677
-50.033,0.54549,0.45615,0.50137,0.16378
-50.707,0.54217,0.45462,0.49733,0.16149
-51.058,0.53886,0.45263,0.49291,0.16002
-51.04,0.53562,0.45019,0.48818,0.1595
-50.636,0.53259,0.44739,0.48331,0.15997
-49.844,0.52976,0.44424,0.47833,0.16144
-48.684,0.52721,0.44081,0.47335,0.16389
-47.193,0.525,0.43718,0.46848,0.16728
-45.109,0.5229,0.43283,0.46311,0.17226
-42.763,0.52138,0.42851,0.45824,0.17814
-40.266,0.52048,0.42436,0.45403,0.18467
-37.727,0.52021,0.42055,0.45063,0.19159
-35.358,0.52056,0.41733,0.44824,0.19832
-33.096,0.52151,0.4146,0.44675,0.205
-30.983,0.52303,0.4124,0.44619,0.21152
-29.042,0.52512,0.41076,0.44657,0.21777
-27.209,0.52787,0.40965,0.44793,0.22397
-25.575,0.53116,0.40911,0.45023,0.22978
-24.14,0.53492,0.40912,0.45337,0.23518
-22.906,0.53906,0.40963,0.45725,0.2401
-21.764,0.54403,0.41074,0.46231,0.24499
-20.888,0.54912,0.41234,0.46788,0.2491
-20.283,0.55415,0.41432,0.47372,0.25233
-19.942,0.55889,0.41657,0.47956,0.25465
-19.848,0.56292,0.41883,0.4848,0.25597
-19.944,0.56649,0.42116,0.48971,0.25655
-20.204,0.56957,0.4235,0.49423,0.25645
-20.606,0.57215,0.42582,0.49831,0.25577
-21.121,0.57424,0.42805,0.50191,0.25458
-21.75,0.57592,0.43025,0.50514,0.25292
-22.495,0.5772,0.43244,0.50804,0.25079
-23.366,0.57814,0.43466,0.51066,0.24818
-24.45,0.57877,0.43708,0.5132,0.24481
-25.7,0.57903,0.43957,0.5155,0.24085
-27.11,0.57895,0.44212,0.51756,0.23633
-28.659,0.57852,0.44468,0.51933,0.23134
-30.363,0.57772,0.44725,0.5208,0.22584
-32.125,0.57657,0.44963,0.52183,0.22016
-33.902,0.57508,0.45176,0.52237,0.21444
-35.664,0.57326,0.45358,0.52237,0.20878
-37.122,0.5715,0.45485,0.52196,0.20411
-38.569,0.56953,0.45591,0.5212,0.19949
-40.02,0.56735,0.45677,0.5201,0.19489
-41.485,0.56496,0.45746,0.51868,0.19028
-42.972,0.56236,0.45797,0.51694,0.18563
-44.474,0.55955,0.45828,0.51486,0.18098
-45.964,0.55654,0.45836,0.51242,0.1764
-47.393,0.55332,0.45814,0.50956,0.17201
-48.64,0.5501,0.45759,0.5064,0.16817
-49.702,0.54675,0.45662,0.50281,0.16484
-50.507,0.54332,0.4552,0.49877,0.16219
-50.987,0.53989,0.4533,0.49432,0.16038
-51.088,0.53665,0.45102,0.48973,0.15956
-50.807,0.53354,0.44833,0.48489,0.15971
-50.133,0.53062,0.44526,0.4799,0.16087
-49.076,0.52796,0.44188,0.47487,0.16304
-47.461,0.52535,0.43779,0.46928,0.16665
-45.48,0.52322,0.43356,0.46398,0.17135
-43.227,0.52163,0.42932,0.45913,0.17695
-40.809,0.52062,0.42523,0.45487,0.18323
-38.395,0.52022,0.42151,0.45144,0.18974
-36.009,0.52041,0.41818,0.44882,0.19644
-33.716,0.52118,0.41531,0.44708,0.20314
-31.562,0.52254,0.41296,0.44625,0.20971
-29.402,0.52467,0.41103,0.44642,0.21659
-27.454,0.52745,0.40977,0.44768,0.22312
-25.724,0.53082,0.40914,0.44997,0.22924
-24.211,0.53472,0.40911,0.45319,0.2349
-22.978,0.53879,0.40959,0.45698,0.2398
-21.946,0.54314,0.41051,0.46137,0.24418
-21.119,0.54762,0.41182,0.4662,0.24797
-20.502,0.55209,0.41346,0.47128,0.2511
-20.083,0.55654,0.4154,0.47662,0.25359
-19.876,0.56069,0.41753,0.48185,0.25532
-19.865,0.56444,0.41978,0.48685,0.2563
-20.026,0.56773,0.42206,0.49149,0.25659
-20.334,0.57055,0.42434,0.49574,0.25627
-20.768,0.57291,0.42658,0.49958,0.25542
-21.316,0.57484,0.42878,0.50302,0.25409
-21.975,0.57637,0.43095,0.5061,0.25229
-23.456,0.57821,0.43487,0.51091,0.24791
-25.382,0.579,0.43896,0.51497,0.24187
-27.756,0.5788,0.44322,0.51835,0.23425
-30.469,0.57766,0.4474,0.52088,0.2255
-32.036,0.57664,0.44952,0.5218,0.22044
-33.615,0.57534,0.45144,0.52232,0.21536
-35.184,0.57379,0.45312,0.52242,0.21032
-36.735,0.57199,0.45454,0.52211,0.20535
-38.27,0.56995,0.45571,0.52139,0.20045
-39.807,0.56768,0.45666,0.52028,0.19557
-41.359,0.56517,0.45741,0.51882,0.19068
-42.934,0.56243,0.45796,0.51699,0.18575
-44.425,0.55965,0.45828,0.51494,0.18113
-45.904,0.55666,0.45837,0.51253,0.17658
-47.326,0.55348,0.45816,0.50971,0.17222
-48.629,0.55013,0.45759,0.50644,0.16821
-49.663,0.54689,0.45667,0.50297,0.16497
-50.458,0.54358,0.45533,0.49909,0.16236
-50.952,0.54026,0.45353,0.49482,0.16053
-51.095,0.53697,0.45127,0.49021,0.1596
-50.858,0.53387,0.44865,0.48543,0.15964
-50.234,0.53096,0.44564,0.4805,0.16068
-49.233,0.52829,0.44233,0.47552,0.16271
-47.884,0.52593,0.43879,0.4706,0.16569
-46.035,0.52373,0.43469,0.46535,0.17001
-43.906,0.52203,0.43055,0.46049,0.17524
-41.592,0.52088,0.42651,0.45616,0.18117
-39.189,0.52029,0.4227,0.45249,0.18757
-36.808,0.52028,0.41926,0.44961,0.19417
-34.499,0.52085,0.41625,0.44758,0.20082
-32.313,0.52199,0.41374,0.44644,0.20739
-30.282,0.5237,0.41176,0.44622,0.21375
-28.175,0.52632,0.41018,0.44708,0.22066
-26.299,0.52959,0.40929,0.44907,0.22717
-24.657,0.53346,0.40906,0.4521,0.2332
-23.248,0.53781,0.40944,0.45604,0.2387
-22.103,0.54241,0.41033,0.46061,0.2435
-21.191,0.54718,0.41168,0.46571,0.24763
-20.517,0.55195,0.4134,0.47113,0.25102
-20.081,0.55656,0.41541,0.47665,0.25361
-19.874,0.56078,0.41759,0.48198,0.25535
-19.869,0.56459,0.41987,0.48705,0.25632
-20.04,0.56792,0.4222,0.49177,0.25658
-20.364,0.57076,0.42452,0.49607,0.25622
-20.808,0.57308,0.42676,0.49986,0.25533
-21.364,0.57497,0.42895,0.50327,0.25396
-22.032,0.57647,0.43113,0.50633,0.25213
-22.817,0.57761,0.4333,0.50909,0.24984
-23.899,0.5785,0.43588,0.51199,0.24654
-25.174,0.57897,0.43855,0.5146,0.24253
-26.643,0.57901,0.4413,0.51693,0.23784
-28.284,0.57865,0.44408,0.51894,0.23255
-29.979,0.57793,0.44669,0.52051,0.22708
-31.743,0.57685,0.44914,0.52165,0.22139
-33.53,0.57542,0.45134,0.5223,0.21563
-35.308,0.57366,0.45324,0.52241,0.20992
-36.935,0.57174,0.4547,0.52203,0.20471
-38.55,0.56956,0.4559,0.52121,0.19956
-40.168,0.56711,0.45685,0.51997,0.19443
-41.804,0.56441,0.45758,0.51833,0.18928
-43.307,0.56175,0.45806,0.51651,0.18459
-44.82,0.55887,0.45833,0.51433,0.17991
-46.312,0.55579,0.45834,0.51177,0.17533
-47.728,0.55251,0.45804,0.50878,0.17099
-48.883,0.5494,0.45742,0.50568,0.16742
-49.855,0.54619,0.45642,0.50217,0.16435
-50.583,0.54291,0.455,0.49826,0.16193
-51.007,0.53964,0.45314,0.49398,0.16029
-51.081,0.53642,0.45084,0.48939,0.15954
-50.774,0.53333,0.44813,0.48455,0.15975
-50.077,0.53044,0.44505,0.47958,0.16098
-49.002,0.52781,0.44167,0.47457,0.1632
-47.354,0.52521,0.43755,0.46896,0.1669
-45.338,0.52309,0.43328,0.46364,0.1717
-43.055,0.52153,0.42902,0.45879,0.17739
-40.612,0.52057,0.42491,0.45456,0.18375
-38.203,0.52021,0.42123,0.4512,0.19027
-35.827,0.52045,0.41794,0.44865,0.19696
-33.548,0.52127,0.41511,0.44698,0.20365
-31.41,0.52267,0.41281,0.44623,0.21018
-29.272,0.52483,0.41093,0.44647,0.21702
-27.344,0.52764,0.40971,0.44779,0.2235
-25.632,0.53103,0.40912,0.45013,0.22958
-24.136,0.53494,0.40912,0.45338,0.23519
-22.909,0.53905,0.40963,0.45724,0.24009
-21.885,0.54343,0.41059,0.46168,0.24445
-21.069,0.54793,0.41193,0.46655,0.24821
-20.464,0.55242,0.41359,0.47167,0.25131
-20.061,0.55684,0.41555,0.47699,0.25374
-19.869,0.56096,0.41769,0.48221,0.25541
-19.87,0.56468,0.41993,0.48718,0.25634
-20.042,0.56794,0.42221,0.49179,0.25658
-20.359,0.57072,0.42449,0.49601,0.25623
-20.8,0.57305,0.42672,0.49981,0.25535
-21.354,0.57495,0.42892,0.50322,0.25399
-22.019,0.57645,0.43109,0.50628,0.25217
-22.928,0.57773,0.43358,0.50942,0.24951
-24.009,0.57856,0.43613,0.51224,0.24619
-25.277,0.57898,0.43875,0.51478,0.2422
-26.729,0.579,0.44145,0.51705,0.23756
-28.251,0.57866,0.44403,0.51891,0.23266
-29.883,0.57797,0.44655,0.52044,0.22739
-31.584,0.57696,0.44893,0.52157,0.2219
-33.311,0.57561,0.45109,0.52225,0.21633
-34.893,0.5741,0.45282,0.52243,0.21125
-36.457,0.57233,0.4543,0.52219,0.20624
-38.005,0.57032,0.45552,0.52154,0.20129
-39.549,0.56808,0.45651,0.52049,0.19639
-41.19,0.56545,0.45733,0.51899,0.19121
-42.859,0.56256,0.45794,0.51708,0.18598
-44.548,0.55941,0.45829,0.51475,0.18075
-46.217,0.55599,0.45835,0.51195,0.17562
-47.533,0.55299,0.4581,0.50924,0.17159
-48.732,0.54984,0.45752,0.50613,0.16789
-49.751,0.54657,0.45656,0.50261,0.16469
-50.525,0.54323,0.45516,0.49866,0.16213
-50.987,0.53989,0.4533,0.49432,0.16038
-51.087,0.53659,0.45098,0.48965,0.15955
-50.79,0.53343,0.44823,0.48471,0.15973
-50.087,0.53047,0.44509,0.47963,0.16096
-48.949,0.52771,0.44153,0.47436,0.16332
-47.434,0.52531,0.43773,0.4692,0.16672
-45.602,0.52332,0.43381,0.46427,0.17106
-43.532,0.5218,0.42987,0.45973,0.17618
-41.007,0.52068,0.42555,0.45519,0.1827
-38.408,0.52022,0.42153,0.45146,0.18971
-35.839,0.52044,0.41795,0.44866,0.19693
-33.383,0.52135,0.41492,0.44689,0.20414
-31.236,0.52281,0.41264,0.44621,0.21072
-29.259,0.52485,0.41093,0.44648,0.21706
-27.465,0.52743,0.40977,0.44767,0.22308
-25.857,0.53053,0.40917,0.44974,0.22875
-24.459,0.534,0.40907,0.45256,0.23395
-23.24,0.53784,0.40944,0.45607,0.23874
-22.203,0.54195,0.41022,0.46014,0.24306
-21.354,0.54622,0.41138,0.46466,0.24686
-20.638,0.55096,0.41302,0.46998,0.25038
-20.156,0.55557,0.41495,0.47544,0.25311
-19.901,0.5599,0.4171,0.48084,0.25504
-19.854,0.56383,0.41939,0.48601,0.25618
-19.992,0.56727,0.42172,0.49083,0.25658
-20.288,0.57023,0.42406,0.49524,0.25634
-20.72,0.5727,0.42636,0.49922,0.25552
-21.271,0.57471,0.42862,0.50277,0.2542
-22.005,0.57643,0.43105,0.50623,0.25221
-22.887,0.57768,0.43348,0.5093,0.24963
-23.932,0.57852,0.43596,0.51206,0.24643
-25.152,0.57896,0.43851,0.51456,0.2426
-26.419,0.57903,0.4409,0.51661,0.23855
-27.821,0.57879,0.44332,0.51843,0.23405
-29.332,0.57824,0.44572,0.51997,0.22917
-30.918,0.57739,0.44803,0.52118,0.22405
-32.608,0.5762,0.45024,0.52203,0.2186
-34.303,0.5747,0.4522,0.52241,0.21315
-35.98,0.5729,0.45387,0.52231,0.20777
-37.636,0.57083,0.45525,0.52173,0.20247
-40.586,0.56644,0.45706,0.51958,0.19311
-43.623,0.56117,0.45813,0.51608,0.18361
-46.66,0.55502,0.4583,0.5111,0.17426
-49.302,0.54812,0.45707,0.50432,0.16611
-50.207,0.54478,0.45586,0.50053,0.16321
-50.822,0.54139,0.4542,0.49632,0.16106
-51.09,0.53803,0.45206,0.49174,0.1598
-50.968,0.53477,0.44946,0.48686,0.15953
-50.453,0.53178,0.44654,0.48193,0.16028
-49.551,0.52901,0.44329,0.47692,0.16204
-48.286,0.52654,0.43978,0.47194,0.16478
-46.702,0.52443,0.4361,0.46711,0.16843
-44.468,0.52242,0.4316,0.46168,0.17384
-41.987,0.52104,0.42718,0.45685,0.18014
-39.385,0.52032,0.423,0.45276,0.18704
-36.775,0.52029,0.41921,0.44958,0.19426
-34.405,0.52089,0.41614,0.44752,0.2011
-32.166,0.5221,0.41359,0.4464,0.20784
-30.093,0.5239,0.4116,0.44625,0.21435
-28.203,0.52628,0.4102,0.44706,0.22057
-26.509,0.52918,0.40936,0.44878,0.22642
-25.002,0.53255,0.40906,0.45134,0.2319
-23.682,0.53635,0.40925,0.45466,0.23697
-22.553,0.54046,0.4099,0.45863,0.24157
-21.413,0.54589,0.41128,0.4643,0.24659
-20.587,0.55138,0.41318,0.47046,0.25065
-20.074,0.55667,0.41547,0.47678,0.25366
-19.859,0.56155,0.41802,0.48298,0.25559
-19.902,0.56558,0.42053,0.48842,0.25646
-20.145,0.56903,0.42307,0.49342,0.25651
-20.559,0.57191,0.42558,0.49791,0.25586
-21.119,0.57423,0.42804,0.5019,0.25458
-21.785,0.57599,0.43036,0.50529,0.25283
-22.582,0.57732,0.43268,0.50833,0.25054
-23.522,0.57825,0.43502,0.51106,0.2477
-24.617,0.57882,0.43742,0.51354,0.24429
-25.816,0.57904,0.43979,0.51569,0.24048
-27.157,0.57894,0.4422,0.51761,0.23618
-28.62,0.57853,0.44462,0.51929,0.23147
-30.175,0.57782,0.44697,0.52066,0.22645
-31.965,0.57668,0.44943,0.52176,0.22067
-33.773,0.5752,0.45162,0.52234,0.21485
-35.567,0.57337,0.45349,0.52238,0.20909
-37.337,0.57122,0.45502,0.52187,0.20342
-38.861,0.5691,0.4561,0.521,0.19857
-40.391,0.56675,0.45696,0.51977,0.19372
-41.943,0.56418,0.45763,0.51818,0.18885
-43.516,0.56137,0.45811,0.51623,0.18394
-45.012,0.55849,0.45834,0.51403,0.17932
-46.481,0.55542,0.45832,0.51145,0.17481
-47.869,0.55215,0.45798,0.50844,0.17055
-49.105,0.54873,0.45724,0.50497,0.16673
-50.042,0.54546,0.45614,0.50133,0.16375
-50.714,0.54213,0.4546,0.49728,0.16146
-51.06,0.53882,0.4526,0.49286,0.16001
-51.038,0.53559,0.45016,0.48813,0.1595
-50.63,0.53255,0.44736,0.48326,0.15997
-49.834,0.52973,0.4442,0.47827,0.16146
-48.669,0.52718,0.44077,0.47329,0.16393
-47.174,0.52497,0.43714,0.46843,0.16732
-45.082,0.52288,0.43277,0.46304,0.17233
-42.725,0.52136,0.42844,0.45817,0.17823
-40.22,0.52047,0.42429,0.45396,0.18479
-37.674,0.52021,0.42047,0.45057,0.19174
-35.305,0.52058,0.41726,0.4482,0.19847
-33.045,0.52153,0.41454,0.44672,0.20516
-30.935,0.52307,0.41235,0.44619,0.21167
-28.997,0.52518,0.41073,0.44659,0.21792
-27.172,0.52793,0.40963,0.44797,0.22409
-25.546,0.53123,0.4091,0.45028,0.22989
-24.117,0.53499,0.40913,0.45343,0.23526
-22.889,0.53913,0.40965,0.45731,0.24017
-21.747,0.54411,0.41077,0.4624,0.24507
-20.874,0.54922,0.41237,0.468,0.24917
-20.273,0.55426,0.41436,0.47385,0.2524
-19.937,0.55901,0.41664,0.47971,0.2547
-19.848,0.56305,0.41891,0.48497,0.256
-19.951,0.56663,0.42126,0.4899,0.25655
-20.22,0.5697,0.42361,0.49443,0.25643
-20.631,0.57227,0.42594,0.49851,0.25571
-21.153,0.57434,0.42817,0.5021,0.2545
-21.789,0.576,0.43038,0.50531,0.25281
-22.542,0.57727,0.43257,0.5082,0.25065
-23.423,0.57818,0.43479,0.51081,0.248
-24.509,0.57879,0.4372,0.51332,0.24463
-25.76,0.57903,0.43968,0.5156,0.24066
-27.169,0.57893,0.44222,0.51763,0.23614
-28.714,0.57849,0.44477,0.51938,0.23116
-30.418,0.57769,0.44732,0.52084,0.22566
-32.179,0.57653,0.4497,0.52186,0.21998
-33.952,0.57503,0.45182,0.52237,0.21427
-35.711,0.57321,0.45362,0.52236,0.20863
-37.166,0.57144,0.45489,0.52194,0.20397
-38.613,0.56946,0.45594,0.52117,0.19936
-40.063,0.56728,0.4568,0.52006,0.19476
-41.527,0.56488,0.45747,0.51863,0.19015
-43.014,0.56228,0.45798,0.51688,0.1855
-44.515,0.55947,0.45829,0.5148,0.18085
-46.003,0.55645,0.45836,0.51234,0.17628
-47.429,0.55324,0.45813,0.50948,0.1719
-48.685,0.54997,0.45756,0.50627,0.16804
-49.748,0.54658,0.45656,0.50262,0.1647
-50.545,0.54312,0.4551,0.49852,0.16206
-51.007,0.53965,0.45315,0.49399,0.16029
-51.081,0.53642,0.45084,0.48938,0.15953
-50.772,0.53332,0.44812,0.48453,0.15976
-50.07,0.53042,0.44503,0.47954,0.16099
-48.988,0.52778,0.44163,0.47451,0.16323
-47.333,0.52518,0.4375,0.4689,0.16695
-45.311,0.52307,0.43323,0.46358,0.17176
-43.023,0.52152,0.42896,0.45873,0.17747
-40.576,0.52055,0.42485,0.45451,0.18384
-38.168,0.52021,0.42118,0.45116,0.19037
-35.794,0.52045,0.41789,0.44862,0.19706
-33.518,0.52128,0.41508,0.44696,0.20373
-31.383,0.52269,0.41278,0.44623,0.21026
-29.248,0.52486,0.41092,0.44648,0.2171
-27.323,0.52767,0.4097,0.44781,0.22357
-25.614,0.53107,0.40912,0.45016,0.22964
-24.121,0.53498,0.40913,0.45342,0.23525
-22.895,0.5391,0.40964,0.45729,0.24014
-21.873,0.54348,0.4106,0.46174,0.2445
-21.059,0.54799,0.41195,0.46662,0.24826
-20.457,0.55248,0.41361,0.47174,0.25135
-20.057,0.5569,0.41558,0.47707,0.25377
-19.868,0.56102,0.41772,0.48228,0.25543
-19.872,0.56473,0.41996,0.48724,0.25634
-20.045,0.56798,0.42224,0.49185,0.25658
-20.364,0.57075,0.42452,0.49606,0.25622
-20.807,0.57308,0.42675,0.49986,0.25533
-21.362,0.57497,0.42895,0.50326,0.25396
-22.028,0.57647,0.43111,0.50632,0.25214
-22.938,0.57774,0.43361,0.50946,0.24948
-24.022,0.57857,0.43615,0.51227,0.24615
-25.291,0.57899,0.43878,0.51481,0.24215
-26.745,0.579,0.44148,0.51707,0.23751
-28.27,0.57865,0.44406,0.51893,0.2326
-29.905,0.57796,0.44658,0.52045,0.22732
-31.609,0.57694,0.44896,0.52158,0.22182
-33.339,0.57559,0.45112,0.52225,0.21625
-34.92,0.57407,0.45285,0.52243,0.21116
-36.484,0.5723,0.45432,0.52218,0.20615
-38.032,0.57029,0.45554,0.52152,0.20121
-39.575,0.56803,0.45653,0.52047,0.1963
-41.213,0.56541,0.45734,0.51896,0.19113
-42.879,0.56253,0.45794,0.51706,0.18592
-44.563,0.55938,0.4583,0.51473,0.18071
-46.228,0.55597,0.45835,0.51193,0.17559
-47.542,0.55296,0.4581,0.50922,0.17156
-48.74,0.54981,0.45752,0.50611,0.16787
-49.758,0.54655,0.45655,0.50258,0.16467
-50.529,0.54321,0.45515,0.49863,0.16212
-50.989,0.53986,0.45328,0.49429,0.16037
-51.086,0.53657,0.45096,0.48961,0.15955
-50.788,0.53341,0.44821,0.48468,0.15974
-50.082,0.53046,0.44507,0.4796,0.16097
-48.941,0.52769,0.4415,0.47433,0.16333
-47.423,0.52529,0.43771,0.46917,0.16674
-45.59,0.52331,0.43378,0.46424,0.17109
-43.517,0.52179,0.42984,0.4597,0.17622
-40.993,0.52068,0.42553,0.45517,0.18274
-38.396,0.52022,0.42151,0.45145,0.18974
-35.83,0.52045,0.41794,0.44866,0.19696
-33.376,0.52135,0.41491,0.44689,0.20416
-31.228,0.52282,0.41263,0.44621,0.21075
-29.252,0.52486,0.41092,0.44648,0.21708
-27.458,0.52745,0.40977,0.44768,0.22311
-25.85,0.53054,0.40916,0.44976,0.22878
-24.452,0.53402,0.40907,0.45258,0.23398
-23.234,0.53786,0.40944,0.45609,0.23876
-22.198,0.54197,0.41023,0.46017,0.24308
-21.35,0.54624,0.41138,0.46469,0.24688
-20.635,0.55099,0.41302,0.47001,0.25039
-20.155,0.5556,0.41496,0.47547,0.25312
-19.9,0.55992,0.41712,0.48086,0.25505
-19.854,0.56385,0.4194,0.48604,0.25618
-19.994,0.56729,0.42174,0.49086,0.25658
-20.291,0.57024,0.42407,0.49526,0.25633
-20.723,0.57271,0.42637,0.49924,0.25552
-21.275,0.57472,0.42863,0.50279,0.25419
-22.01,0.57643,0.43106,0.50625,0.25219
-22.894,0.57769,0.4335,0.50932,0.24961
-23.942,0.57853,0.43598,0.51209,0.2464
-25.164,0.57896,0.43853,0.51458,0.24256
-26.433,0.57903,0.44092,0.51663,0.23851
-27.836,0.57878,0.44335,0.51844,0.234
-29.348,0.57823,0.44575,0.51998,0.22912
-30.934,0.57738,0.44805,0.52119,0.224
-32.623,0.57618,0.45026,0.52204,0.21855
-34.316,0.57468,0.45222,0.52242,0.2131
-35.991,0.57289,0.45388,0.52231,0.20773
-37.645,0.57081,0.45526,0.52173,0.20244
-40.671,0.5663,0.4571,0.5195,0.19284
-43.788,0.56086,0.45816,0.51585,0.1831
-46.89,0.55449,0.45826,0.51062,0.17355
-49.531,0.54736,0.45683,0.50349,0.16539
-50.372,0.54402,0.45553,0.49963,0.16266
-50.913,0.54065,0.45377,0.49535,0.1607
-51.098,0.53733,0.45154,0.49073,0.15965
-50.891,0.53412,0.44887,0.48582,0.1596
-50.289,0.53115,0.44586,0.48084,0.16058
-49.3,0.52844,0.44253,0.47581,0.16256
-47.954,0.52604,0.43896,0.47083,0.16553
-46.299,0.524,0.43524,0.46604,0.16938
-44.067,0.52215,0.43085,0.46083,0.17484
-41.622,0.52089,0.42657,0.45622,0.18109
-39.077,0.52028,0.42253,0.45234,0.18788
-36.536,0.52032,0.41889,0.44934,0.19494
-34.157,0.52099,0.41584,0.44735,0.20184
-31.915,0.52228,0.41332,0.44634,0.20861
-29.845,0.52417,0.41139,0.4463,0.21515
-27.963,0.52664,0.41005,0.44724,0.22138
-26.304,0.52959,0.40929,0.44906,0.22715
-24.83,0.533,0.40905,0.45171,0.23254
-23.541,0.53681,0.4093,0.4551,0.23753
-22.44,0.54093,0.41,0.45911,0.24205
-21.298,0.54654,0.41148,0.46502,0.24712
-20.49,0.55219,0.4135,0.4714,0.25117
-20.013,0.55759,0.41591,0.47792,0.25409
-19.849,0.56251,0.41858,0.48424,0.25586
-19.961,0.56676,0.42135,0.49009,0.25656
-20.301,0.57031,0.42413,0.49537,0.25632
-20.832,0.57318,0.42686,0.50004,0.25527
-21.532,0.57541,0.42954,0.50412,0.25351
-22.335,0.57697,0.432,0.50748,0.25126
-23.297,0.57808,0.43449,0.51047,0.24839
-24.435,0.57876,0.43704,0.51317,0.24486
-25.756,0.57903,0.43968,0.51559,0.24067
-27.108,0.57895,0.44212,0.51755,0.23634
-28.585,0.57854,0.44456,0.51925,0.23158
-30.157,0.57783,0.44695,0.52065,0.22651
-31.785,0.57681,0.44919,0.52167,0.22125
-33.412,0.57552,0.4512,0.52227,0.21601
-35.031,0.57395,0.45296,0.52243,0.21081
-36.631,0.57212,0.45445,0.52214,0.20568
-38.214,0.57003,0.45567,0.52142,0.20062
-39.821,0.56765,0.45666,0.52027,0.19552
-41.446,0.56502,0.45744,0.51872,0.1904
-43.099,0.56213,0.458,0.51678,0.18524
-44.765,0.55898,0.45832,0.51442,0.18008
-46.285,0.55585,0.45835,0.51183,0.17541
-47.726,0.55251,0.45804,0.50879,0.17099
-49.015,0.549,0.45731,0.50526,0.16701
-50.065,0.54536,0.4561,0.50122,0.16367
-50.764,0.5418,0.45442,0.49685,0.16128
-51.084,0.53826,0.45222,0.49207,0.15985
-50.974,0.53483,0.44951,0.48695,0.15952
-50.406,0.53158,0.44634,0.4816,0.16036
-49.445,0.52875,0.44296,0.47643,0.16226
-48.104,0.52625,0.43932,0.47131,0.16519
-46.431,0.52413,0.43551,0.46637,0.16907
-44.496,0.52243,0.43165,0.46173,0.17377
-41.872,0.52098,0.42698,0.45663,0.18044
-39.121,0.52028,0.42259,0.45239,0.18776
-36.373,0.52034,0.41866,0.44917,0.1954
-33.735,0.52117,0.41533,0.44708,0.20309
-31.591,0.52252,0.41299,0.44626,0.20961
-29.611,0.52443,0.4112,0.44635,0.21591
-27.806,0.52688,0.40996,0.44736,0.22191
-26.183,0.52983,0.40925,0.44923,0.22758
-24.749,0.53321,0.40905,0.45188,0.23285
-23.493,0.53697,0.40932,0.45524,0.23772
-22.419,0.54101,0.41001,0.45919,0.24214
-21.529,0.54525,0.41109,0.46361,0.24605
-20.775,0.54993,0.41263,0.4688,0.24967
-20.248,0.55452,0.41448,0.47417,0.25255
-19.944,0.55887,0.41656,0.47952,0.25464
-19.848,0.56285,0.41878,0.48469,0.25595
-19.938,0.56638,0.42108,0.48955,0.25654
-20.189,0.56943,0.42339,0.49401,0.25647
-20.576,0.572,0.42567,0.49806,0.25583
-21.085,0.57412,0.42791,0.50169,0.25467
-21.75,0.57591,0.43025,0.50514,0.25292
-22.55,0.57728,0.43259,0.50822,0.25063
-23.495,0.57823,0.43496,0.51099,0.24778
-24.598,0.57882,0.43738,0.5135,0.24435
-25.795,0.57903,0.43975,0.51565,0.24055
-27.135,0.57894,0.44216,0.51759,0.23625
-28.598,0.57854,0.44458,0.51927,0.23154
-30.153,0.57783,0.44694,0.52065,0.22652
-31.948,0.5767,0.4494,0.52175,0.22073
-33.761,0.57521,0.4516,0.52234,0.21489
-35.56,0.57338,0.45348,0.52238,0.20911
-37.335,0.57122,0.45502,0.52187,0.20343
-38.856,0.56911,0.45609,0.521,0.19858
-40.386,0.56676,0.45696,0.51977,0.19374
-41.935,0.56419,0.45763,0.51818,0.18887
-43.506,0.56138,0.4581,0.51624,0.18397
-45.002,0.55851,0.45834,0.51405,0.17935
-46.471,0.55544,0.45832,0.51147,0.17484
-47.86,0.55217,0.45798,0.50847,0.17058
-49.097,0.54875,0.45725,0.505,0.16675
-50.036,0.54548,0.45615,0.50136,0.16377
-50.709,0.54216,0.45461,0.49731,0.16148
-51.059,0.53885,0.45262,0.49289,0.16002
-51.04,0.53561,0.45018,0.48816,0.1595
-50.634,0.53257,0.44738,0.48329,0.15997
-49.841,0.52975,0.44422,0.47831,0.16144
-48.679,0.5272,0.44079,0.47333,0.1639
-47.187,0.52499,0.43717,0.46846,0.16729
-45.1,0.5229,0.43281,0.46309,0.17228
-42.75,0.52138,0.42848,0.45822,0.17817
-40.251,0.52047,0.42434,0.45401,0.18471
-37.71,0.52021,0.42052,0.45061,0.19164
-35.341,0.52057,0.4173,0.44823,0.19837
-33.08,0.52151,0.41458,0.44674,0.20505
-30.967,0.52304,0.41238,0.44619,0.21157
-29.027,0.52514,0.41075,0.44657,0.21782
-27.197,0.52789,0.40964,0.44794,0.22401
-25.566,0.53118,0.40911,0.45024,0.22982
-24.133,0.53494,0.40912,0.45339,0.2352
-22.901,0.53908,0.40964,0.45727,0.24012
-21.758,0.54405,0.41075,0.46234,0.24502
-20.884,0.54916,0.41235,0.46792,0.24912
-20.28,0.55418,0.41433,0.47376,0.25236
-19.941,0.55893,0.41659,0.47961,0.25466
-19.848,0.56296,0.41886,0.48485,0.25598
-19.946,0.56654,0.42119,0.48977,0.25655
-20.209,0.56961,0.42354,0.49429,0.25645
-20.613,0.57219,0.42585,0.49837,0.25575
-21.131,0.57427,0.42809,0.50197,0.25456
-21.762,0.57594,0.43029,0.50519,0.25289
-22.51,0.57722,0.43248,0.50809,0.25075
-23.384,0.57815,0.4347,0.51071,0.24812
-24.468,0.57877,0.43711,0.51324,0.24476
-25.718,0.57903,0.4396,0.51553,0.2408
-27.128,0.57894,0.44215,0.51758,0.23628
-28.675,0.57851,0.44471,0.51935,0.23129
-30.38,0.57771,0.44727,0.52082,0.22579
-32.142,0.57656,0.44965,0.52184,0.2201
-33.917,0.57506,0.45178,0.52237,0.21439
-35.679,0.57325,0.45359,0.52237,0.20873
-37.135,0.57148,0.45486,0.52195,0.20407
-38.583,0.56951,0.45592,0.52119,0.19945
-40.033,0.56732,0.45678,0.52009,0.19485
-41.498,0.56493,0.45746,0.51866,0.19024
-42.985,0.56234,0.45797,0.51692,0.18559
-44.487,0.55953,0.45829,0.51484,0.18094
-45.976,0.55651,0.45836,0.51239,0.17636
-47.404,0.5533,0.45814,0.50953,0.17198
-48.654,0.55006,0.45758,0.50637,0.16813
-49.716,0.5467,0.4566,0.50275,0.1648
-50.518,0.54327,0.45517,0.4987,0.16216
-50.993,0.53982,0.45325,0.49423,0.16035
-51.087,0.53658,0.45097,0.48963,0.15955
-50.798,0.53347,0.44827,0.48478,0.15972
-50.115,0.53056,0.44519,0.47979,0.1609
-49.051,0.52791,0.44181,0.47477,0.16309
-47.425,0.5253,0.43771,0.46917,0.16674
-45.432,0.52317,0.43347,0.46387,0.17147
-43.169,0.5216,0.42922,0.45901,0.1771
-40.743,0.5206,0.42512,0.45477,0.1834
-38.331,0.52022,0.42142,0.45136,0.18992
-35.948,0.52042,0.4181,0.44876,0.19662
-33.66,0.52121,0.41524,0.44704,0.20331
-31.511,0.52258,0.41291,0.44625,0.20986
-29.359,0.52473,0.411,0.44644,0.21673
-27.419,0.52751,0.40975,0.44772,0.22324
-25.694,0.53089,0.40913,0.45002,0.22935
-24.187,0.53478,0.40911,0.45325,0.23499
-22.956,0.53887,0.4096,0.45706,0.23989
-21.927,0.54323,0.41053,0.46147,0.24427
-21.104,0.54771,0.41185,0.46631,0.24805
-20.49,0.55219,0.4135,0.4714,0.25117
-20.076,0.55663,0.41545,0.47673,0.25364
-19.874,0.56077,0.41758,0.48196,0.25535
-19.866,0.56451,0.41982,0.48695,0.25631
-20.031,0.5678,0.42211,0.49159,0.25659
-20.341,0.5706,0.42438,0.49582,0.25626
-20.778,0.57295,0.42662,0.49965,0.2554
-21.328,0.57487,0.42882,0.50308,0.25405
-21.988,0.57639,0.43099,0.50616,0.25226
-22.891,0.57769,0.43349,0.50931,0.24962
-23.966,0.57854,0.43603,0.51214,0.24633
-25.227,0.57898,0.43866,0.51469,0.24236
-26.673,0.57901,0.44136,0.51697,0.23774
-28.183,0.57868,0.44392,0.51883,0.23288
-29.805,0.57801,0.44643,0.52037,0.22764
-31.497,0.57701,0.44881,0.52152,0.22218
-33.217,0.57569,0.45098,0.52222,0.21664
-34.8,0.5742,0.45273,0.52243,0.21155
-36.365,0.57244,0.45422,0.52222,0.20653
-37.914,0.57045,0.45546,0.52159,0.20158
-39.457,0.56821,0.45646,0.52056,0.19668
-41.112,0.56558,0.4573,0.51907,0.19145
-42.795,0.56268,0.45792,0.51716,0.18619
-44.498,0.55951,0.45829,0.51483,0.18091
-46.183,0.55607,0.45835,0.51202,0.17572
-47.502,0.55306,0.45811,0.50931,0.17168
-48.706,0.54991,0.45754,0.50621,0.16797
-49.731,0.54664,0.45658,0.50269,0.16475
-50.511,0.54331,0.45519,0.49875,0.16218
-50.981,0.53995,0.45334,0.49441,0.16041
-51.089,0.53666,0.45103,0.48974,0.15956
-50.8,0.53349,0.44828,0.48481,0.15972
-50.103,0.53052,0.44515,0.47972,0.16093
-48.973,0.52776,0.44159,0.47446,0.16326
-47.466,0.52535,0.4378,0.46929,0.16664
-45.642,0.52336,0.43388,0.46437,0.17096
-43.577,0.52183,0.42995,0.45982,0.17607
-41.049,0.52069,0.42562,0.45526,0.18259
-38.444,0.52022,0.42159,0.45151,0.18961
-35.869,0.52044,0.41799,0.44869,0.19684
-33.406,0.52134,0.41495,0.4469,0.20407
-31.259,0.52279,0.41266,0.44621,0.21065
-29.283,0.52482,0.41094,0.44647,0.21698
-27.489,0.52739,0.40978,0.44765,0.223
-25.88,0.53048,0.40917,0.44971,0.22867
-24.479,0.53395,0.40907,0.45251,0.23388
-23.257,0.53778,0.40943,0.45601,0.23867
-22.218,0.54188,0.41021,0.46008,0.243
-21.366,0.54615,0.41136,0.46459,0.24681
-20.647,0.55089,0.41299,0.4699,0.25033
-20.162,0.5555,0.41492,0.47535,0.25307
-19.903,0.55983,0.41707,0.48075,0.25501
-19.853,0.56376,0.41935,0.48593,0.25616
-19.989,0.56722,0.42168,0.49075,0.25658
-20.282,0.57018,0.42402,0.49517,0.25635
-20.711,0.57266,0.42632,0.49915,0.25554
-21.26,0.57467,0.42858,0.50271,0.25423
-21.989,0.5764,0.431,0.50616,0.25225
-22.866,0.57766,0.43342,0.50924,0.24969
-23.904,0.57851,0.43589,0.512,0.24652
-25.116,0.57895,0.43844,0.51449,0.24271
-26.378,0.57903,0.44083,0.51655,0.23868
-27.776,0.5788,0.44325,0.51837,0.23419
-29.283,0.57826,0.44565,0.51992,0.22933
-30.867,0.57742,0.44796,0.52115,0.22421
-32.563,0.57623,0.45018,0.52201,0.21875
-34.263,0.57473,0.45216,0.52241,0.21327
-35.946,0.57294,0.45384,0.52232,0.20787
-37.608,0.57086,0.45523,0.52174,0.20256
-39.126,0.56871,0.45626,0.52081,0.19773
-40.654,0.56633,0.45709,0.51952,0.19289
-42.204,0.56372,0.45773,0.51788,0.18803
-43.774,0.56088,0.45816,0.51587,0.18314
-45.275,0.55797,0.45836,0.51361,0.17851
-46.739,0.55484,0.45829,0.51094,0.17402
-48.11,0.55153,0.45788,0.50784,0.16981
-49.314,0.54807,0.45705,0.50426,0.16607
-50.204,0.54478,0.45586,0.50053,0.16322
-50.813,0.54145,0.45423,0.4964,0.16109
-51.087,0.53814,0.45213,0.4919,0.15983
-50.983,0.53493,0.4496,0.48711,0.15952
-50.49,0.53192,0.4467,0.48219,0.16021
-49.609,0.52915,0.44347,0.47718,0.16192
-48.365,0.52667,0.43998,0.4722,0.1646
-46.799,0.52453,0.43631,0.46737,0.1682
-44.691,0.52258,0.43202,0.46217,0.17329
-42.348,0.52119,0.42779,0.45748,0.1792
-39.879,0.5204,0.42376,0.45346,0.18571
-37.384,0.52023,0.42006,0.45024,0.19255
-35.011,0.52067,0.41689,0.44796,0.19933
-32.755,0.52171,0.41422,0.4466,0.20604
-30.654,0.52333,0.41209,0.44619,0.21256
-28.729,0.52553,0.41054,0.44672,0.21881
-26.951,0.52833,0.40953,0.44822,0.22487
-25.366,0.53165,0.40908,0.45061,0.23055
-23.976,0.53542,0.40916,0.45382,0.23581
-22.781,0.53954,0.40972,0.45772,0.24062
-21.641,0.54465,0.41092,0.46297,0.24554
-20.782,0.54987,0.41261,0.46873,0.24963
-20.206,0.55499,0.41469,0.47473,0.2528
-19.905,0.55978,0.41704,0.48068,0.25499
-19.855,0.56387,0.41942,0.48608,0.25618
-20.005,0.56746,0.42186,0.4911,0.25659
-20.326,0.5705,0.42429,0.49566,0.25628
-20.793,0.57302,0.42669,0.49976,0.25536
-21.36,0.57496,0.42894,0.50325,0.25397
-22.045,0.5765,0.43116,0.50638,0.2521
-22.854,0.57765,0.43339,0.5092,0.24973
-23.798,0.57844,0.43565,0.51175,0.24685
-24.911,0.57891,0.43803,0.51411,0.24336
-26.179,0.57904,0.44046,0.51625,0.23932
-27.593,0.57885,0.44294,0.51816,0.23478
-29.126,0.57833,0.44541,0.51978,0.22983
-31.341,0.57712,0.4486,0.52144,0.22268
-33.607,0.57535,0.45143,0.52232,0.21538
-35.857,0.57304,0.45376,0.52234,0.20816
-38.071,0.57023,0.45557,0.5215,0.20108
-39.694,0.56785,0.45659,0.52037,0.19593
-41.335,0.56521,0.4574,0.51884,0.19075
-43.003,0.56231,0.45798,0.5169,0.18554
-44.686,0.55914,0.45831,0.51454,0.18033
-46.203,0.55603,0.45835,0.51198,0.17566
-47.645,0.55271,0.45806,0.50898,0.17124
-48.941,0.54922,0.45737,0.50549,0.16724
-50.005,0.5456,0.4562,0.5015,0.16387
-50.73,0.54203,0.45454,0.49714,0.1614
-51.076,0.53847,0.45236,0.49236,0.15991
-50.99,0.535,0.44966,0.48722,0.15951
-50.443,0.53173,0.4465,0.48186,0.16029
-49.505,0.5289,0.44315,0.4767,0.16213
-48.185,0.52638,0.43953,0.47159,0.165
-46.533,0.52424,0.43573,0.46664,0.16883
-44.614,0.52252,0.43187,0.462,0.17348
-41.973,0.52103,0.42715,0.45681,0.18018
-39.195,0.52029,0.42271,0.4525,0.18755
-36.418,0.52033,0.41873,0.44921,0.19527
-33.751,0.52117,0.41535,0.4471,0.20304
-31.607,0.52251,0.41301,0.44626,0.20956
-29.626,0.52441,0.41121,0.44635,0.21586
-27.822,0.52685,0.40997,0.44735,0.22186
-26.198,0.5298,0.40926,0.44921,0.22753
-24.762,0.53318,0.40905,0.45186,0.2328
-23.505,0.53693,0.40932,0.4552,0.23767
-22.428,0.54097,0.41001,0.45915,0.2421
-21.537,0.5452,0.41107,0.46357,0.24602
-20.781,0.54989,0.41261,0.46875,0.24964
-20.252,0.55447,0.41446,0.47411,0.25252
-19.946,0.55882,0.41653,0.47946,0.25462
-19.847,0.5628,0.41875,0.48463,0.25594
-19.935,0.56633,0.42105,0.48948,0.25653
-20.183,0.56939,0.42335,0.49395,0.25648
-20.569,0.57196,0.42563,0.498,0.25584
-21.075,0.57409,0.42787,0.50163,0.2547
-21.737,0.57589,0.43021,0.50509,0.25296
-22.533,0.57726,0.43255,0.50817,0.25068
-23.473,0.57822,0.43491,0.51094,0.24785
-24.571,0.57881,0.43733,0.51345,0.24443
-25.765,0.57903,0.43969,0.51561,0.24065
-27.102,0.57895,0.44211,0.51755,0.23636
-28.563,0.57855,0.44453,0.51923,0.23165
-30.117,0.57785,0.44689,0.52062,0.22663
-31.919,0.57672,0.44937,0.52174,0.22082
-33.739,0.57523,0.45158,0.52234,0.21496
-35.546,0.5734,0.45347,0.52239,0.20915
-37.328,0.57123,0.45502,0.52187,0.20345
-38.847,0.56912,0.45609,0.52101,0.19861
-40.373,0.56679,0.45695,0.51978,0.19378
-41.919,0.56422,0.45763,0.5182,0.18892
-43.487,0.56142,0.4581,0.51627,0.18403
-44.983,0.55855,0.45834,0.51408,0.17941
-46.452,0.55548,0.45833,0.51151,0.1749
-47.842,0.55222,0.45799,0.50851,0.17064
-49.082,0.5488,0.45726,0.50505,0.1668
-50.024,0.54553,0.45617,0.50142,0.16381
-50.701,0.54221,0.45464,0.49737,0.16151
-51.056,0.5389,0.45265,0.49296,0.16003
-51.042,0.53566,0.45022,0.48824,0.1595
-50.643,0.53262,0.44742,0.48337,0.15995
-49.856,0.52979,0.44428,0.47839,0.16141
-48.7,0.52724,0.44085,0.47341,0.16386
-47.212,0.52503,0.43722,0.46854,0.16723
-45.138,0.52293,0.43289,0.46318,0.17219
-42.801,0.5214,0.42857,0.45831,0.17804
-40.313,0.52049,0.42444,0.45411,0.18454
-37.782,0.52021,0.42062,0.4507,0.19144
-35.412,0.52055,0.4174,0.44829,0.19816
-33.149,0.52148,0.41465,0.44678,0.20485
-31.033,0.52299,0.41245,0.44619,0.21136
-29.089,0.52506,0.4108,0.44655,0.21762
-27.248,0.52781,0.40966,0.44789,0.22383
-25.606,0.53109,0.40912,0.45017,0.22967
-24.164,0.53485,0.40912,0.45331,0.23508
-22.924,0.539,0.40962,0.45718,0.24003
-21.781,0.54394,0.41072,0.46222,0.24491
-20.903,0.54902,0.4123,0.46777,0.24902
-20.294,0.55403,0.41427,0.47358,0.25227
-19.948,0.55877,0.41651,0.4794,0.2546
-19.848,0.5628,0.41876,0.48463,0.25594
-19.937,0.56637,0.42107,0.48954,0.25654
-20.19,0.56945,0.42341,0.49405,0.25647
-20.584,0.57204,0.42571,0.49813,0.25581
-21.094,0.57415,0.42794,0.50175,0.25465
-21.716,0.57584,0.43015,0.50499,0.25302
-22.454,0.57715,0.43233,0.5079,0.25091
-23.318,0.5781,0.43454,0.51053,0.24833
-24.399,0.57875,0.43697,0.51309,0.24497
-25.648,0.57903,0.43947,0.51542,0.24102
-27.06,0.57895,0.44203,0.51749,0.23649
-28.612,0.57853,0.44461,0.51928,0.23149
-30.351,0.57772,0.44723,0.52079,0.22588
-32.15,0.57655,0.44966,0.52185,0.22008
-33.963,0.57502,0.45183,0.52238,0.21424
-35.761,0.57315,0.45367,0.52235,0.20847
-37.215,0.57138,0.45493,0.52192,0.20381
-38.661,0.5694,0.45597,0.52114,0.1992
-40.11,0.5672,0.45682,0.52002,0.19461
-41.574,0.56481,0.45749,0.51858,0.19
-43.061,0.5622,0.45799,0.51683,0.18536
-44.561,0.55938,0.4583,0.51473,0.18071
-46.046,0.55636,0.45836,0.51227,0.17614
-47.469,0.55314,0.45812,0.50939,0.17178
-48.741,0.54981,0.45752,0.50611,0.16786
-49.81,0.54636,0.45648,0.50236,0.1645
-50.598,0.54283,0.45495,0.49815,0.16188
-51.033,0.53929,0.45292,0.49351,0.16016
-51.066,0.53608,0.45056,0.48887,0.15951
-50.715,0.533,0.4478,0.484,0.15984
-49.972,0.53012,0.44468,0.479,0.16118
-48.851,0.52752,0.44126,0.47398,0.16353
-47.133,0.52493,0.43705,0.46832,0.16741
-45.05,0.52286,0.43271,0.46298,0.1724
-42.707,0.52136,0.42841,0.45814,0.17828
-40.216,0.52047,0.42428,0.45396,0.1848
-37.816,0.52021,0.42067,0.45074,0.19135
-35.46,0.52054,0.41746,0.44833,0.19802
-33.209,0.52144,0.41472,0.44681,0.20466
-31.103,0.52293,0.41251,0.4462,0.21114
-28.995,0.52518,0.41073,0.44659,0.21793
-27.099,0.52807,0.40959,0.44805,0.22435
-25.417,0.53153,0.40909,0.45051,0.23036
-23.952,0.53549,0.40917,0.45388,0.23591
-22.741,0.5397,0.40975,0.45787,0.24078
-21.738,0.54415,0.41078,0.46244,0.2451
-20.949,0.54871,0.41219,0.46742,0.2488
-20.375,0.55323,0.41392,0.47263,0.2518
-20.012,0.5576,0.41592,0.47793,0.25409
-19.856,0.56165,0.41808,0.4831,0.25562
-19.889,0.56528,0.42033,0.488,0.25643
-20.087,0.56845,0.42261,0.49255,0.25656
-20.425,0.57115,0.42487,0.49668,0.25611
-20.885,0.5734,0.42709,0.50041,0.25515
-21.457,0.57522,0.42928,0.50375,0.25372
-22.139,0.57666,0.43144,0.50675,0.25183
-23.627,0.57834,0.43527,0.51134,0.24738
-25.54,0.57902,0.43927,0.51524,0.24136
-27.875,0.57877,0.44341,0.51849,0.23387
-30.525,0.57763,0.44748,0.52092,0.22532
-32.216,0.5765,0.44975,0.52188,0.21986
-33.917,0.57507,0.45178,0.52237,0.21439
-35.605,0.57333,0.45352,0.52238,0.20897
-37.271,0.57131,0.45497,0.5219,0.20363
-38.721,0.56931,0.45601,0.5211,0.19901
-40.177,0.5671,0.45686,0.51996,0.1944
-41.649,0.56468,0.45752,0.5185,0.18977
-43.142,0.56205,0.45801,0.51672,0.1851
-44.633,0.55924,0.45831,0.51463,0.18049
-46.107,0.55623,0.45836,0.51216,0.17596
-47.517,0.55303,0.45811,0.50928,0.17163
-48.796,0.54965,0.45748,0.50594,0.16769
-49.798,0.5464,0.4565,0.50242,0.16454
-50.551,0.54309,0.45509,0.49848,0.16204
-50.996,0.53977,0.45322,0.49416,0.16034
-51.084,0.53651,0.45091,0.48951,0.15954
-50.789,0.53343,0.44822,0.48471,0.15973
-50.108,0.53054,0.44517,0.47976,0.16092
-49.052,0.52791,0.44181,0.47477,0.16309
-47.654,0.5256,0.43824,0.46987,0.16621
-45.742,0.52345,0.43409,0.46462,0.17072
-43.557,0.52182,0.42992,0.45978,0.17612
-41.2,0.52074,0.42587,0.45551,0.18219
-38.769,0.52025,0.42207,0.45193,0.18872
-36.392,0.52034,0.41869,0.44919,0.19535
-34.097,0.52101,0.41576,0.44731,0.20201
-31.933,0.52226,0.41334,0.44633,0.20855
-29.929,0.52407,0.41146,0.44628,0.21488
-27.913,0.52671,0.41002,0.44728,0.22155
-26.115,0.52997,0.40923,0.44934,0.22782
-24.538,0.53378,0.40907,0.45237,0.23365
-23.183,0.53804,0.40947,0.45626,0.23897
-22.036,0.54271,0.41041,0.46093,0.24379
-21.129,0.54755,0.4118,0.46613,0.24792
-20.468,0.55238,0.41357,0.47163,0.25129
-20.049,0.55703,0.41564,0.47722,0.25383
-19.864,0.56125,0.41785,0.48258,0.2555
-19.881,0.56504,0.42017,0.48767,0.25639
-20.076,0.56834,0.42252,0.49239,0.25657
-20.423,0.57114,0.42486,0.49667,0.25612
-20.885,0.5734,0.42709,0.50041,0.25515
-21.459,0.57523,0.42929,0.50376,0.25371
-22.145,0.57667,0.43146,0.50677,0.25181
-22.949,0.57775,0.43363,0.50949,0.24944
-24.025,0.57857,0.43616,0.51228,0.24614
-25.285,0.57899,0.43877,0.5148,0.24218
-26.728,0.579,0.44145,0.51705,0.23756
-28.333,0.57863,0.44416,0.51899,0.23239
-30.087,0.57787,0.44685,0.5206,0.22673
-31.91,0.57673,0.44936,0.52174,0.22085
-33.755,0.57521,0.4516,0.52234,0.21491
-35.586,0.57335,0.45351,0.52238,0.20903
-37.046,0.5716,0.45479,0.52199,0.20435
-38.497,0.56963,0.45586,0.52124,0.19973
-39.949,0.56746,0.45674,0.52016,0.19512
-41.415,0.56507,0.45743,0.51875,0.1905
-42.904,0.56248,0.45795,0.51703,0.18585
-44.407,0.55968,0.45827,0.51496,0.18119
-45.9,0.55667,0.45837,0.51253,0.17659
-47.336,0.55346,0.45816,0.50968,0.17219
-48.576,0.55028,0.45763,0.50659,0.16837
-49.639,0.54697,0.4567,0.50306,0.16505
-50.455,0.54359,0.45533,0.4991,0.16237
-50.959,0.54019,0.45349,0.49473,0.16051
-51.095,0.53694,0.45125,0.49016,0.15959
-50.849,0.53381,0.44859,0.48534,0.15965
-50.21,0.53087,0.44555,0.48035,0.16072
-49.185,0.52818,0.44219,0.47531,0.16281
-47.62,0.52556,0.43816,0.46977,0.16629
-45.687,0.5234,0.43398,0.46448,0.17085
-43.478,0.52177,0.42977,0.45962,0.17632
-41.095,0.52071,0.42569,0.45533,0.18247
-38.674,0.52024,0.42192,0.4518,0.18898
-36.272,0.52036,0.41853,0.44907,0.19569
-33.957,0.52107,0.41559,0.44722,0.20243
-31.778,0.52237,0.41318,0.4463,0.20903
-29.576,0.52447,0.41117,0.44637,0.21602
-27.59,0.52723,0.40984,0.44755,0.22265
-25.826,0.5306,0.40916,0.4498,0.22887
-24.284,0.5345,0.4091,0.453,0.23462
-23.046,0.53854,0.40955,0.45674,0.23953
-22.006,0.54285,0.41044,0.46107,0.24392
-21.17,0.5473,0.41172,0.46585,0.24773
-20.541,0.55176,0.41332,0.4709,0.25089
-20.105,0.55623,0.41526,0.47624,0.25344
-19.884,0.56041,0.41738,0.48149,0.25522
-19.86,0.5642,0.41962,0.48652,0.25625
-20.01,0.56753,0.42191,0.4912,0.25659
-20.31,0.57038,0.42419,0.49548,0.25631
-20.737,0.57278,0.42644,0.49935,0.25549
-21.279,0.57473,0.42865,0.50281,0.25418
-21.932,0.57629,0.43082,0.50592,0.25242
-22.834,0.57763,0.43334,0.50914,0.24979
-23.913,0.57851,0.43591,0.51202,0.24649
-25.182,0.57897,0.43857,0.51461,0.2425
-26.64,0.57901,0.4413,0.51692,0.23785
-28.141,0.57869,0.44385,0.51879,0.23301
-29.754,0.57804,0.44636,0.52033,0.22781
-31.437,0.57705,0.44873,0.52149,0.22237
-33.151,0.57575,0.4509,0.52221,0.21685
-34.735,0.57426,0.45266,0.52243,0.21176
-36.301,0.57252,0.45416,0.52224,0.20674
-37.85,0.57054,0.45541,0.52162,0.20179
-39.394,0.56831,0.45642,0.52061,0.19688
-41.058,0.56567,0.45728,0.51912,0.19162
-42.751,0.56276,0.4579,0.51722,0.18632
-44.465,0.55957,0.45828,0.51488,0.18101
-46.162,0.55611,0.45835,0.51206,0.17579
-47.483,0.55311,0.45812,0.50936,0.17174
-48.689,0.54996,0.45755,0.50626,0.16802
-49.718,0.54669,0.4566,0.50274,0.16479
-50.503,0.54335,0.45521,0.4988,0.16221
-50.977,0.54,0.45337,0.49447,0.16042
-51.09,0.5367,0.45106,0.4898,0.15956
-50.805,0.53352,0.44831,0.48487,0.15971
-50.112,0.53055,0.44518,0.47978,0.16091
-48.988,0.52779,0.44163,0.47452,0.16323
-47.485,0.52538,0.43785,0.46935,0.1666
-45.666,0.52338,0.43393,0.46443,0.1709
-43.605,0.52185,0.43,0.45987,0.176
-41.075,0.5207,0.42566,0.4553,0.18252
-38.467,0.52022,0.42162,0.45154,0.18955
-35.887,0.52043,0.41802,0.44871,0.19679
-33.42,0.52133,0.41496,0.44691,0.20403
-31.273,0.52278,0.41268,0.44621,0.21061
-29.297,0.5248,0.41095,0.44646,0.21693
-27.502,0.52737,0.40979,0.44764,0.22295
-25.893,0.53045,0.40917,0.44969,0.22863
-24.491,0.53391,0.40907,0.45249,0.23383
-23.267,0.53774,0.40942,0.45597,0.23863
-22.227,0.54185,0.4102,0.46004,0.24296
-21.373,0.54611,0.41134,0.46454,0.24677
-20.653,0.55085,0.41297,0.46985,0.2503
-20.166,0.55546,0.4149,0.4753,0.25305
-19.904,0.55979,0.41705,0.4807,0.255
-19.853,0.56373,0.41932,0.48588,0.25616
-19.986,0.56719,0.42166,0.4907,0.25658
-20.278,0.57015,0.42399,0.49512,0.25635
-20.705,0.57263,0.42629,0.4991,0.25556
-21.253,0.57465,0.42855,0.50267,0.25425
-21.98,0.57638,0.43097,0.50612,0.25228
-22.853,0.57765,0.43339,0.5092,0.24973
-23.887,0.5785,0.43585,0.51196,0.24657
-25.094,0.57895,0.43839,0.51445,0.24278
-26.354,0.57903,0.44078,0.51651,0.23876
-27.748,0.57881,0.4432,0.51834,0.23428
-29.254,0.57827,0.4456,0.5199,0.22942
-30.836,0.57744,0.44791,0.52113,0.22431
-31.402,0.57708,0.44869,0.52147,0.22249
-31.97,0.57668,0.44943,0.52176,0.22066
-32.54,0.57625,0.45016,0.52201,0.21882
-33.111,0.57578,0.45085,0.52219,0.21698
