-200,0.75,0.74196,0.90997,0.010723
-200.84,0.75327,0.74532,0.9155,0.010553
-201.67,0.75629,0.74843,0.92061,0.010389
-202.48,0.75907,0.75131,0.92532,0.010229
-203.29,0.76163,0.75396,0.92966,0.010071
-204.2,0.76418,0.75662,0.934,0.0098937
-205.14,0.76651,0.75906,0.93797,0.0097121
-206.09,0.76863,0.7613,0.94161,0.0095327
-206.96,0.77057,0.76335,0.94493,0.0093703
-207.61,0.77223,0.76509,0.94777,0.0092512
-207.99,0.77375,0.76664,0.95033,0.0091846
-208.01,0.77511,0.76799,0.95259,0.0091858
-207.63,0.77633,0.76914,0.95456,0.0092646
-206.86,0.77737,0.77004,0.95617,0.0094188
-205.73,0.77827,0.77076,0.95752,0.009645
-204.33,0.77904,0.7713,0.95861,0.009934
-202.73,0.77968,0.77168,0.95947,0.010272
-201.03,0.78022,0.77192,0.96012,0.010645
-199.31,0.78065,0.77204,0.96058,0.011033
-197.65,0.78099,0.77207,0.96089,0.011421
-196.08,0.78125,0.77203,0.96106,0.011801
-194.16,0.78148,0.77188,0.96113,0.012279
-192.45,0.78161,0.77167,0.96106,0.012722
-190.96,0.78166,0.7714,0.96088,0.01312
-189.72,0.78164,0.77112,0.96064,0.013462
-188.74,0.78159,0.77085,0.96036,0.013736
-188.04,0.7815,0.77061,0.96009,0.013937
-187.59,0.7814,0.77041,0.95984,0.014067
-187.35,0.7813,0.77025,0.95963,0.014135
-187.29,0.78121,0.77015,0.95947,0.014153
-187.38,0.78113,0.77009,0.95935,0.014126
-187.64,0.78106,0.77009,0.95929,0.01405
-188.1,0.78102,0.77015,0.95931,0.013917
-188.73,0.781,0.77027,0.9594,0.013737
-189.54,0.78102,0.77047,0.95957,0.013509
-190.49,0.78106,0.77071,0.95981,0.013244
-191.54,0.78113,0.77101,0.96012,0.012961
-192.6,0.78124,0.77133,0.96048,0.01268
-193.65,0.78137,0.77167,0.96087,0.012408
-194.67,0.78152,0.77203,0.96129,0.01215
-195.68,0.7817,0.7724,0.96175,0.011899
-196.77,0.7819,0.7728,0.96225,0.011635
-197.9,0.78212,0.77323,0.96279,0.011366
-199.05,0.78235,0.77367,0.96335,0.011101
-200.11,0.7826,0.7741,0.96391,0.010861
-200.9,0.78283,0.77447,0.96442,0.010684
-201.36,0.78307,0.77478,0.96487,0.010585
-201.36,0.78328,0.77499,0.96523,0.010586
-200.85,0.78346,0.77508,0.96546,0.010698
-199.94,0.78359,0.77505,0.96554,0.010902
-198.68,0.78368,0.77491,0.96549,0.011191
-197.17,0.78371,0.77466,0.96531,0.011549
-195.5,0.78369,0.77432,0.96501,0.011954
-193.9,0.78363,0.77395,0.96465,0.012357
-192.33,0.78353,0.77353,0.96421,0.012764
-190.83,0.78339,0.77308,0.96372,0.013165
-189.43,0.78322,0.77261,0.96319,0.013551
-187.79,0.78297,0.77199,0.96247,0.014018
-186.33,0.78268,0.77138,0.96172,0.014446
-185.06,0.78238,0.77078,0.96096,0.014826
-184.02,0.78205,0.77021,0.96022,0.015147
-183.25,0.78175,0.76972,0.95956,0.015386
-182.7,0.78145,0.76929,0.95894,0.015559
-182.35,0.78116,0.76892,0.95839,0.015669
-182.18,0.78089,0.76861,0.95791,0.015723
-182.15,0.78064,0.76836,0.9575,0.015732
-182.26,0.78042,0.76817,0.95716,0.015695
-182.52,0.78023,0.76805,0.9569,0.015609
-182.96,0.78007,0.768,0.95673,0.015466
-183.6,0.77995,0.76805,0.95666,0.015264
-184.43,0.77987,0.76817,0.9567,0.015004
-185.43,0.77984,0.76838,0.95685,0.014697
-186.54,0.77985,0.76865,0.95708,0.014363
-187.72,0.77991,0.76897,0.9574,0.014019
-188.88,0.78,0.76933,0.95777,0.013687
-190.02,0.78013,0.7697,0.95819,0.013371
-191.13,0.78029,0.77009,0.95865,0.013066
-192.34,0.78049,0.77054,0.95919,0.012746
-193.59,0.78071,0.77101,0.95977,0.012422
-194.85,0.78096,0.7715,0.96038,0.012103
-196.01,0.78122,0.77199,0.96101,0.011816
-196.82,0.78146,0.77238,0.96154,0.011622
-197.29,0.7817,0.7727,0.962,0.011511
-197.32,0.78192,0.77293,0.96238,0.011504
-196.87,0.78212,0.77303,0.96262,0.011613
-196,0.78226,0.77301,0.96272,0.011824
-194.78,0.78236,0.77287,0.96268,0.012128
-193.29,0.7824,0.77261,0.96251,0.012506
-191.66,0.78239,0.77227,0.96221,0.012937
-190.1,0.78233,0.77188,0.96184,0.013362
-188.56,0.78223,0.77144,0.9614,0.013792
-187.1,0.7821,0.77098,0.96089,0.014215
-185.73,0.78193,0.77049,0.96035,0.014621
-184.12,0.78167,0.76986,0.9596,0.015113
-182.69,0.78138,0.76922,0.95883,0.015562
-181.46,0.78106,0.7686,0.95805,0.01596
-180.45,0.78073,0.76801,0.95728,0.016294
-179.71,0.78042,0.76751,0.9566,0.016541
-179.19,0.7801,0.76706,0.95597,0.016716
-178.88,0.77981,0.76669,0.95541,0.016823
-178.73,0.77953,0.76638,0.95492,0.016869
-178.74,0.77927,0.76613,0.95451,0.016866
-178.88,0.77905,0.76595,0.95416,0.016815
-179.17,0.77885,0.76584,0.95391,0.016713
-179.65,0.77869,0.76581,0.95375,0.016549
-180.31,0.77857,0.76587,0.9537,0.016323
-181.18,0.7785,0.76602,0.95376,0.016034
-182.22,0.77847,0.76625,0.95394,0.015695
-183.37,0.77849,0.76656,0.95421,0.015326
-184.59,0.77856,0.76692,0.95456,0.014944
-185.81,0.77867,0.76732,0.95499,0.014575
-186.99,0.77881,0.76774,0.95546,0.014224
-188.16,0.77899,0.76818,0.95597,0.013887
-189.42,0.77921,0.76867,0.95657,0.013532
-190.72,0.77946,0.7692,0.95722,0.013174
-192.03,0.77974,0.76974,0.9579,0.012822
-193.25,0.78004,0.77028,0.9586,0.012506
-194.08,0.7803,0.77071,0.95918,0.012292
-194.58,0.78057,0.77107,0.9597,0.012168
-194.64,0.78082,0.77132,0.96012,0.012155
-194.21,0.78103,0.77145,0.9604,0.012263
-193.37,0.7812,0.77144,0.96053,0.012481
-192.16,0.78131,0.77131,0.96052,0.012797
-190.7,0.78137,0.77106,0.96036,0.01319
-189.08,0.78137,0.77071,0.96007,0.013638
-187.54,0.78132,0.77032,0.95971,0.014079
-186.03,0.78123,0.76989,0.95927,0.014526
-184.59,0.7811,0.76942,0.95876,0.014963
-183.24,0.78094,0.76893,0.95822,0.015383
-181.66,0.78069,0.76828,0.95747,0.015891
-180.26,0.7804,0.76763,0.95669,0.016354
-179.05,0.78008,0.767,0.9559,0.016763
-178.06,0.77975,0.76641,0.95513,0.017105
-177.35,0.77943,0.7659,0.95444,0.017357
-176.85,0.77912,0.76546,0.95381,0.017533
-176.55,0.77882,0.76508,0.95325,0.017637
-176.44,0.77853,0.76477,0.95275,0.017678
-176.46,0.77828,0.76453,0.95234,0.017667
-176.63,0.77805,0.76435,0.952,0.017605
-176.94,0.77785,0.76425,0.95175,0.01749
-177.43,0.77769,0.76423,0.9516,0.017313
-178.12,0.77758,0.76431,0.95157,0.017069
-179.01,0.77751,0.76448,0.95165,0.016759
-180.07,0.77748,0.76473,0.95185,0.016396
-181.25,0.77751,0.76507,0.95214,0.016002
-182.51,0.77758,0.76546,0.95254,0.015593
-183.76,0.77771,0.76589,0.953,0.015197
-184.98,0.77787,0.76634,0.95351,0.014822
-186.18,0.77806,0.76681,0.95406,0.014461
-187.47,0.7783,0.76734,0.95471,0.014082
-188.81,0.77857,0.76791,0.9554,0.013699
-190.16,0.77887,0.76849,0.95614,0.013324
-191.4,0.77919,0.76907,0.95688,0.012987
-192.26,0.77948,0.76953,0.95751,0.012759
-192.78,0.77976,0.76992,0.95806,0.012626
-192.85,0.78003,0.77019,0.95852,0.012608
-192.44,0.78026,0.77034,0.95883,0.012719
-191.6,0.78044,0.77034,0.95898,0.012942
-190.4,0.78057,0.77021,0.95898,0.013267
-188.95,0.78064,0.76996,0.95883,0.013672
-187.34,0.78065,0.76962,0.95855,0.014133
-185.82,0.78061,0.76922,0.95819,0.014586
-184.32,0.78052,0.76878,0.95775,0.015043
-182.89,0.7804,0.76831,0.95725,0.015491
-181.56,0.78024,0.76781,0.95671,0.01592
-180.01,0.77999,0.76717,0.95596,0.016437
-178.63,0.7797,0.76652,0.95518,0.016908
-177.44,0.77938,0.76588,0.95439,0.017323
-176.47,0.77905,0.76529,0.95362,0.017669
-175.77,0.77873,0.76478,0.95292,0.017924
-175.28,0.77842,0.76433,0.95229,0.018101
-175,0.77812,0.76395,0.95172,0.018203
-174.9,0.77783,0.76365,0.95123,0.01824
-174.94,0.77758,0.76341,0.95082,0.018222
-175.12,0.77735,0.76324,0.95049,0.018154
-175.45,0.77715,0.76314,0.95024,0.01803
-175.95,0.77699,0.76313,0.9501,0.017841
-176.66,0.77688,0.76322,0.95008,0.017585
-177.56,0.77681,0.7634,0.95017,0.017261
-178.64,0.77679,0.76368,0.95039,0.016881
-179.84,0.77682,0.76403,0.9507,0.01647
-181.12,0.7769,0.76444,0.95112,0.016042
-182.39,0.77703,0.76489,0.95161,0.015628
-183.63,0.77721,0.76537,0.95214,0.015235
-184.85,0.77741,0.76586,0.95273,0.014857
-186.17,0.77767,0.76642,0.95341,0.014461
-187.53,0.77795,0.76701,0.95413,0.014062
-188.9,0.77826,0.76762,0.95491,0.01367
-190.17,0.7786,0.76823,0.95569,0.013319
-191.05,0.7789,0.76871,0.95634,0.013081
-191.58,0.7792,0.76911,0.95693,0.012941
-191.66,0.77948,0.76941,0.9574,0.012921
-191.25,0.77972,0.76956,0.95774,0.013032
-190.42,0.77991,0.76957,0.9579,0.013259
-189.23,0.78005,0.76945,0.95791,0.01359
-187.78,0.78013,0.7692,0.95777,0.014004
-186.18,0.78014,0.76885,0.9575,0.014474
-184.66,0.78011,0.76846,0.95714,0.014934
-183.18,0.78003,0.76802,0.9567,0.015398
-181.76,0.77991,0.76754,0.95621,0.015853
-180.44,0.77975,0.76705,0.95566,0.016288
-178.9,0.7795,0.76639,0.95491,0.016812
-177.53,0.77921,0.76574,0.95413,0.017288
-176.36,0.7789,0.76511,0.95334,0.017707
-175.4,0.77857,0.76451,0.95257,0.018057
-174.71,0.77825,0.764,0.95187,0.018314
-174.23,0.77793,0.76355,0.95124,0.018491
-173.96,0.77763,0.76317,0.95067,0.018592
-173.87,0.77735,0.76287,0.95018,0.018625
-173.92,0.77709,0.76263,0.94977,0.018604
-174.11,0.77686,0.76247,0.94944,0.01853
-174.45,0.77667,0.76238,0.9492,0.0184
-174.96,0.77651,0.76237,0.94907,0.018204
-175.67,0.77639,0.76247,0.94905,0.01794
-176.59,0.77633,0.76266,0.94915,0.017605
-177.68,0.77631,0.76295,0.94938,0.017214
-178.89,0.77634,0.76331,0.94971,0.01679
-180.19,0.77643,0.76374,0.95014,0.016349
-181.48,0.77657,0.76421,0.95065,0.015922
-182.73,0.77675,0.7647,0.9512,0.015517
-183.97,0.77696,0.76521,0.95181,0.015128
-185.3,0.77723,0.76578,0.95251,0.014721
-186.68,0.77752,0.76639,0.95326,0.014309
-188.06,0.77784,0.76703,0.95406,0.013907
-189.35,0.77819,0.76765,0.95487,0.013546
-190.23,0.7785,0.76815,0.95554,0.013301
-190.77,0.77881,0.76856,0.95614,0.013156
-190.86,0.7791,0.76886,0.95664,0.013134
-190.45,0.77935,0.76903,0.95698,0.013246
-189.62,0.77955,0.76904,0.95716,0.013477
-188.44,0.77969,0.76892,0.95718,0.013812
-186.99,0.77978,0.76868,0.95704,0.014231
-185.4,0.7798,0.76833,0.95677,0.014707
-183.89,0.77977,0.76794,0.95642,0.015172
-182.41,0.77969,0.76749,0.95598,0.015642
-181,0.77957,0.76701,0.95548,0.016101
-179.69,0.77941,0.76652,0.95494,0.016541
-178.15,0.77917,0.76587,0.95419,0.017069
-176.8,0.77888,0.76521,0.95341,0.017548
-175.64,0.77857,0.76458,0.95262,0.01797
-174.69,0.77824,0.76398,0.95185,0.018322
-174,0.77792,0.76347,0.95115,0.01858
-173.53,0.7776,0.76302,0.95052,0.018757
-173.27,0.7773,0.76264,0.94995,0.018857
-173.18,0.77701,0.76234,0.94946,0.018889
-173.23,0.77676,0.7621,0.94905,0.018864
-173.43,0.77653,0.76194,0.94872,0.018787
-173.78,0.77633,0.76185,0.94849,0.018652
-174.3,0.77617,0.76185,0.94836,0.018452
-175.02,0.77606,0.76195,0.94834,0.018181
-175.94,0.776,0.76215,0.94846,0.017839
-177.04,0.77598,0.76245,0.94869,0.017441
-178.26,0.77602,0.76282,0.94903,0.017008
-179.57,0.77611,0.76326,0.94948,0.016558
-180.86,0.77625,0.76374,0.94999,0.016123
-182.13,0.77644,0.76424,0.95056,0.01571
-183.37,0.77666,0.76476,0.95118,0.015313
-184.71,0.77692,0.76535,0.9519,0.014897
-186.1,0.77723,0.76597,0.95267,0.014478
-187.5,0.77756,0.76662,0.95348,0.014068
-188.79,0.77791,0.76725,0.95431,0.0137
-189.69,0.77823,0.76776,0.95499,0.013451
-190.23,0.77854,0.76819,0.95561,0.013303
-190.32,0.77884,0.7685,0.95611,0.013279
-189.92,0.7791,0.76867,0.95647,0.013392
-189.09,0.7793,0.76868,0.95665,0.013624
-187.91,0.77945,0.76856,0.95668,0.013962
-186.46,0.77954,0.76832,0.95655,0.014385
-184.87,0.77956,0.76797,0.95628,0.014865
-183.37,0.77953,0.76758,0.95592,0.015334
-181.89,0.77945,0.76713,0.95549,0.015807
-180.49,0.77934,0.76666,0.95499,0.01627
-179.18,0.77918,0.76616,0.95445,0.016712
-177.66,0.77894,0.76551,0.9537,0.017243
-176.31,0.77865,0.76485,0.95292,0.017725
-175.15,0.77834,0.76422,0.95213,0.018149
-174.21,0.77801,0.76362,0.95136,0.018501
-173.52,0.77769,0.7631,0.95066,0.01876
-173.06,0.77738,0.76265,0.95002,0.018938
-172.8,0.77707,0.76228,0.94946,0.019037
-172.71,0.77679,0.76198,0.94897,0.019067
-172.78,0.77653,0.76174,0.94856,0.019041
-172.98,0.7763,0.76158,0.94823,0.018961
-173.33,0.77611,0.7615,0.948,0.018823
-173.85,0.77595,0.7615,0.94787,0.018619
-174.58,0.77584,0.7616,0.94787,0.018344
-175.5,0.77577,0.76181,0.94798,0.017998
-176.61,0.77576,0.76211,0.94822,0.017594
-177.83,0.7758,0.76249,0.94857,0.017156
-179.15,0.77589,0.76293,0.94902,0.0167
-180.45,0.77604,0.76342,0.94955,0.016259
-181.72,0.77622,0.76393,0.95013,0.01584
-182.97,0.77645,0.76446,0.95076,0.015438
-184.32,0.77672,0.76506,0.95148,0.015017
-185.72,0.77703,0.76569,0.95226,0.014592
-187.12,0.77736,0.76634,0.95309,0.014177
-188.42,0.77772,0.76699,0.95392,0.013804
-189.32,0.77804,0.7675,0.95462,0.013552
-189.87,0.77836,0.76793,0.95524,0.013402
-189.96,0.77866,0.76825,0.95576,0.013378
-189.56,0.77893,0.76842,0.95612,0.013491
-188.73,0.77913,0.76844,0.95631,0.013724
-187.55,0.77928,0.76832,0.95634,0.014064
-186.11,0.77937,0.76808,0.95621,0.01449
-184.52,0.7794,0.76773,0.95594,0.014973
-183.02,0.77937,0.76734,0.95559,0.015444
-181.54,0.7793,0.76689,0.95516,0.01592
-180.14,0.77918,0.76641,0.95466,0.016384
-178.84,0.77902,0.76591,0.95412,0.016829
-177.32,0.77878,0.76526,0.95337,0.017361
-175.98,0.7785,0.76461,0.95259,0.017845
-174.83,0.77819,0.76397,0.9518,0.018269
-173.89,0.77786,0.76337,0.95103,0.018623
-173.2,0.77754,0.76286,0.95033,0.018882
-172.74,0.77722,0.76241,0.94969,0.01906
-172.48,0.77692,0.76203,0.94912,0.019159
-172.4,0.77663,0.76173,0.94864,0.019188
-172.47,0.77637,0.7615,0.94823,0.01916
-172.67,0.77615,0.76134,0.9479,0.019079
-173.02,0.77595,0.76126,0.94767,0.018939
-173.55,0.77579,0.76126,0.94755,0.018733
-174.28,0.77568,0.76137,0.94754,0.018455
-175.21,0.77562,0.76158,0.94766,0.018106
-176.32,0.77561,0.76188,0.9479,0.017698
-177.55,0.77565,0.76226,0.94826,0.017256
-178.86,0.77574,0.76271,0.94871,0.016796
-180.17,0.77589,0.7632,0.94924,0.016351
-181.45,0.77608,0.76372,0.94983,0.015928
-182.71,0.77631,0.76426,0.95047,0.015522
-184.06,0.77658,0.76486,0.9512,0.015097
-185.46,0.77689,0.76549,0.95199,0.014669
-186.87,0.77723,0.76615,0.95282,0.01425
-188.17,0.77759,0.7668,0.95366,0.013875
-189.07,0.77792,0.76732,0.95437,0.013621
-189.62,0.77824,0.76776,0.955,0.013469
-189.72,0.77854,0.76808,0.95551,0.013444
-189.32,0.77881,0.76825,0.95588,0.013557
-188.49,0.77902,0.76827,0.95607,0.013791
-187.31,0.77917,0.76816,0.95611,0.014133
-185.87,0.77926,0.76791,0.95598,0.01456
-184.28,0.77929,0.76757,0.95571,0.015045
-182.78,0.77926,0.76717,0.95536,0.015518
-181.31,0.77919,0.76673,0.95493,0.015995
-179.91,0.77907,0.76625,0.95443,0.016461
-178.61,0.77892,0.76575,0.95389,0.016907
-177.1,0.77868,0.7651,0.95314,0.017441
-175.76,0.77839,0.76444,0.95236,0.017925
-174.61,0.77808,0.76381,0.95157,0.018351
-173.67,0.77776,0.76321,0.9508,0.018705
-172.99,0.77743,0.76269,0.9501,0.018965
-172.53,0.77712,0.76224,0.94947,0.019143
-172.27,0.77681,0.76187,0.9489,0.019241
-172.19,0.77653,0.76157,0.94841,0.01927
-172.26,0.77627,0.76133,0.948,0.019241
-172.47,0.77604,0.76117,0.94768,0.019158
-172.82,0.77585,0.76109,0.94745,0.019017
-173.35,0.77569,0.7611,0.94732,0.018809
-174.08,0.77558,0.76121,0.94732,0.01853
-175.01,0.77551,0.76142,0.94744,0.018178
-176.12,0.7755,0.76172,0.94769,0.017768
-177.36,0.77554,0.76211,0.94805,0.017324
-178.68,0.77564,0.76256,0.94851,0.016861
-179.99,0.77579,0.76306,0.94904,0.016413
-181.27,0.77598,0.76358,0.94963,0.015987
-182.53,0.77621,0.76412,0.95027,0.015579
-183.88,0.77649,0.76472,0.95101,0.015152
-185.28,0.7768,0.76536,0.9518,0.014721
-186.7,0.77714,0.76603,0.95264,0.0143
-188,0.77751,0.76668,0.95349,0.013922
-188.91,0.77783,0.7672,0.9542,0.013667
-189.46,0.77816,0.76764,0.95483,0.013514
-189.56,0.77846,0.76796,0.95535,0.013489
-189.16,0.77873,0.76814,0.95572,0.013602
-188.33,0.77894,0.76816,0.95592,0.013837
-187.15,0.77909,0.76805,0.95595,0.01418
-185.71,0.77919,0.7678,0.95583,0.014608
-184.12,0.77922,0.76746,0.95556,0.015094
-182.62,0.77919,0.76706,0.95521,0.015568
-181.16,0.77912,0.76662,0.95478,0.016046
-179.76,0.779,0.76614,0.95428,0.016513
-178.46,0.77885,0.76564,0.95374,0.01696
-176.94,0.77861,0.76498,0.95299,0.017495
-175.61,0.77832,0.76433,0.95221,0.01798
-174.46,0.77801,0.76369,0.95142,0.018406
-173.52,0.77769,0.7631,0.95065,0.01876
-172.85,0.77736,0.76258,0.94995,0.019021
-172.39,0.77705,0.76213,0.94931,0.019198
-172.13,0.77674,0.76175,0.94875,0.019296
-172.05,0.77646,0.76145,0.94826,0.019325
-172.12,0.7762,0.76122,0.94785,0.019295
-172.33,0.77597,0.76106,0.94753,0.019212
-172.68,0.77578,0.76098,0.9473,0.01907
-173.22,0.77562,0.76099,0.94718,0.018861
-173.95,0.77551,0.7611,0.94717,0.01858
-174.88,0.77545,0.76131,0.9473,0.018227
-175.99,0.77543,0.76162,0.94754,0.017815
-177.23,0.77548,0.76201,0.9479,0.017369
-178.55,0.77557,0.76246,0.94837,0.016904
-179.86,0.77572,0.76296,0.9489,0.016454
-181.14,0.77592,0.76348,0.9495,0.016027
-182.4,0.77615,0.76402,0.95014,0.015618
-183.76,0.77642,0.76463,0.95088,0.015189
-185.17,0.77674,0.76527,0.95168,0.014757
-186.58,0.77708,0.76594,0.95252,0.014334
-187.89,0.77745,0.7666,0.95337,0.013954
-188.8,0.77778,0.76712,0.95408,0.013698
-189.35,0.7781,0.76756,0.95472,0.013545
-189.45,0.77841,0.76788,0.95524,0.013519
-189.05,0.77868,0.76806,0.95562,0.013632
-188.22,0.77889,0.76809,0.95581,0.013867
-187.04,0.77904,0.76797,0.95584,0.014211
-185.6,0.77914,0.76773,0.95572,0.01464
-184.02,0.77917,0.76738,0.95546,0.015127
-182.52,0.77914,0.76699,0.95511,0.015602
-181.05,0.77907,0.76654,0.95467,0.016081
-179.66,0.77895,0.76606,0.95418,0.016548
-178.36,0.7788,0.76556,0.95363,0.016996
-176.84,0.77856,0.76491,0.95289,0.017531
-175.51,0.77828,0.76425,0.95211,0.018016
-174.36,0.77797,0.76362,0.95132,0.018443
-173.43,0.77764,0.76302,0.95055,0.018798
-172.75,0.77732,0.7625,0.94985,0.019058
-172.29,0.777,0.76205,0.94921,0.019236
-172.03,0.7767,0.76168,0.94864,0.019334
-171.96,0.77641,0.76138,0.94816,0.019362
-172.03,0.77615,0.76115,0.94775,0.019332
-172.24,0.77592,0.76099,0.94743,0.019248
-172.59,0.77573,0.76091,0.9472,0.019106
-173.13,0.77557,0.76092,0.94707,0.018896
-173.86,0.77546,0.76103,0.94707,0.018614
-174.79,0.7754,0.76124,0.9472,0.01826
-175.9,0.77539,0.76155,0.94745,0.017847
-177.14,0.77543,0.76194,0.94781,0.0174
-178.46,0.77553,0.7624,0.94827,0.016934
-179.78,0.77568,0.76289,0.94881,0.016483
-181.06,0.77587,0.76341,0.94941,0.016054
-182.32,0.7761,0.76396,0.95005,0.015644
-183.68,0.77638,0.76457,0.95079,0.015213
-185.09,0.7767,0.76522,0.95159,0.01478
-186.51,0.77704,0.76588,0.95244,0.014356
-187.82,0.77741,0.76654,0.95329,0.013976
-188.72,0.77774,0.76707,0.95401,0.013719
-189.27,0.77806,0.76751,0.95464,0.013565
-189.37,0.77837,0.76783,0.95517,0.013539
-188.97,0.77864,0.76801,0.95554,0.013653
-188.15,0.77885,0.76804,0.95574,0.013888
-186.97,0.77901,0.76792,0.95577,0.014232
-185.53,0.7791,0.76768,0.95565,0.014662
-183.95,0.77913,0.76733,0.95539,0.015149
-182.45,0.77911,0.76694,0.95504,0.015625
-180.98,0.77904,0.76649,0.9546,0.016104
-179.59,0.77892,0.76601,0.95411,0.016572
-178.29,0.77877,0.76551,0.95356,0.01702
-176.77,0.77853,0.76486,0.95282,0.017555
-175.44,0.77824,0.7642,0.95204,0.018041
-174.29,0.77793,0.76357,0.95125,0.018468
-173.36,0.77761,0.76297,0.95048,0.018823
-172.68,0.77729,0.76245,0.94978,0.019083
-172.22,0.77697,0.762,0.94914,0.019261
-171.97,0.77666,0.76163,0.94858,0.019359
-171.89,0.77638,0.76133,0.94809,0.019387
-171.96,0.77612,0.7611,0.94768,0.019357
-172.17,0.77589,0.76094,0.94736,0.019272
-172.53,0.7757,0.76086,0.94713,0.019129
-173.07,0.77554,0.76087,0.94701,0.018919
-173.8,0.77543,0.76098,0.94701,0.018637
-174.73,0.77537,0.76119,0.94713,0.018282
-175.84,0.77536,0.7615,0.94738,0.017869
-177.08,0.7754,0.76189,0.94774,0.017421
-178.41,0.7755,0.76235,0.94821,0.016953
-179.72,0.77565,0.76285,0.94875,0.016501
-181,0.77584,0.76337,0.94934,0.016073
-182.27,0.77607,0.76392,0.94999,0.015661
-183.63,0.77635,0.76453,0.95073,0.01523
-185.04,0.77667,0.76518,0.95154,0.014796
-186.46,0.77701,0.76585,0.95238,0.014371
-187.76,0.77738,0.76651,0.95324,0.01399
-188.67,0.77771,0.76703,0.95395,0.013733
-189.22,0.77804,0.76747,0.95459,0.013579
-189.32,0.77835,0.7678,0.95512,0.013553
-188.93,0.77862,0.76798,0.9555,0.013666
-188.1,0.77883,0.768,0.95569,0.013902
-186.92,0.77898,0.76789,0.95573,0.014246
-185.48,0.77908,0.76765,0.9556,0.014676
-183.9,0.77911,0.7673,0.95534,0.015164
-182.4,0.77909,0.7669,0.95499,0.01564
-180.93,0.77901,0.76646,0.95456,0.016119
-179.54,0.7789,0.76598,0.95406,0.016588
-178.24,0.77874,0.76548,0.95352,0.017036
-176.73,0.7785,0.76482,0.95277,0.017572
-175.39,0.77822,0.76417,0.95199,0.018058
-174.25,0.77791,0.76353,0.9512,0.018485
-173.32,0.77758,0.76294,0.95043,0.01884
-172.64,0.77726,0.76242,0.94973,0.0191
-172.18,0.77695,0.76197,0.9491,0.019278
-171.93,0.77664,0.76159,0.94853,0.019376
-171.85,0.77636,0.76129,0.94804,0.019404
-171.92,0.7761,0.76106,0.94764,0.019373
-172.13,0.77587,0.7609,0.94731,0.019289
-172.49,0.77568,0.76082,0.94708,0.019146
-173.03,0.77552,0.76083,0.94696,0.018935
-173.76,0.77541,0.76094,0.94696,0.018652
-174.69,0.77535,0.76116,0.94709,0.018297
-175.81,0.77533,0.76147,0.94734,0.017883
-177.04,0.77538,0.76186,0.9477,0.017435
-178.37,0.77548,0.76232,0.94816,0.016967
-179.68,0.77563,0.76282,0.9487,0.016514
-180.97,0.77582,0.76334,0.9493,0.016085
-182.23,0.77605,0.76389,0.94995,0.015673
-183.59,0.77633,0.7645,0.95069,0.015241
-185,0.77665,0.76515,0.9515,0.014807
-186.42,0.77699,0.76582,0.95234,0.014382
-187.73,0.77736,0.76648,0.9532,0.014
-188.64,0.77769,0.76701,0.95392,0.013742
-189.19,0.77802,0.76745,0.95456,0.013588
-189.29,0.77833,0.76777,0.95509,0.013562
-188.89,0.7786,0.76795,0.95546,0.013676
-188.07,0.77881,0.76798,0.95566,0.013911
-186.89,0.77897,0.76786,0.95569,0.014256
-185.45,0.77906,0.76762,0.95557,0.014686
-183.87,0.7791,0.76727,0.95531,0.015174
-182.37,0.77907,0.76688,0.95496,0.01565
-180.9,0.779,0.76643,0.95453,0.01613
-179.51,0.77888,0.76595,0.95403,0.016599
-178.21,0.77873,0.76545,0.95349,0.017047
-176.7,0.77849,0.7648,0.95274,0.017583
-175.36,0.77821,0.76415,0.95196,0.018069
-174.22,0.7779,0.76351,0.95117,0.018496
-173.29,0.77757,0.76291,0.9504,0.018851
-172.61,0.77725,0.76239,0.9497,0.019112
-172.15,0.77693,0.76195,0.94906,0.01929
-171.9,0.77663,0.76157,0.9485,0.019387
-171.82,0.77634,0.76127,0.94801,0.019415
-171.89,0.77608,0.76104,0.9476,0.019384
-172.1,0.77586,0.76088,0.94728,0.0193
-172.46,0.77566,0.7608,0.94705,0.019156
-173,0.7755,0.76081,0.94693,0.018946
-173.73,0.77539,0.76092,0.94693,0.018663
-174.66,0.77533,0.76114,0.94706,0.018307
-175.78,0.77532,0.76145,0.94731,0.017893
-177.02,0.77536,0.76184,0.94767,0.017444
-178.34,0.77546,0.7623,0.94814,0.016976
-179.66,0.77561,0.7628,0.94868,0.016523
-180.94,0.77581,0.76332,0.94928,0.016093
-182.21,0.77604,0.76387,0.94992,0.015681
-183.57,0.77632,0.76448,0.95067,0.015249
-184.98,0.77664,0.76513,0.95147,0.014814
-186.4,0.77698,0.7658,0.95232,0.014388
-187.71,0.77735,0.76646,0.95318,0.014007
-188.62,0.77768,0.76699,0.95389,0.013749
-189.17,0.77801,0.76743,0.95454,0.013594
-189.27,0.77832,0.76776,0.95506,0.013568
-188.87,0.77859,0.76794,0.95544,0.013682
-188.05,0.7788,0.76796,0.95564,0.013918
-186.87,0.77896,0.76785,0.95567,0.014262
-185.43,0.77905,0.76761,0.95555,0.014692
-183.84,0.77909,0.76726,0.95529,0.015181
-182.35,0.77906,0.76686,0.95494,0.015657
-180.88,0.77899,0.76642,0.95451,0.016137
-179.49,0.77887,0.76594,0.95401,0.016606
-178.19,0.77872,0.76544,0.95347,0.017054
-176.68,0.77848,0.76479,0.95272,0.01759
-175.34,0.7782,0.76413,0.95194,0.018076
-174.2,0.77789,0.76349,0.95115,0.018504
-173.27,0.77756,0.7629,0.95038,0.018859
-172.59,0.77724,0.76238,0.94968,0.01912
-172.13,0.77692,0.76193,0.94904,0.019297
-171.88,0.77662,0.76155,0.94848,0.019395
-171.8,0.77633,0.76125,0.94799,0.019422
-171.87,0.77607,0.76102,0.94758,0.019392
-172.08,0.77585,0.76087,0.94726,0.019307
-172.44,0.77565,0.76079,0.94703,0.019164
-172.98,0.77549,0.7608,0.94691,0.018953
-173.71,0.77538,0.76091,0.94691,0.01867
-174.65,0.77532,0.76112,0.94704,0.018314
-175.76,0.77531,0.76143,0.94729,0.017899
-177,0.77535,0.76182,0.94765,0.01745
-178.32,0.77545,0.76229,0.94812,0.016982
-179.64,0.7756,0.76278,0.94866,0.016529
-180.93,0.7758,0.76331,0.94926,0.016099
-182.19,0.77603,0.76386,0.94991,0.015686
-183.55,0.77631,0.76447,0.95065,0.015254
-184.96,0.77663,0.76512,0.95145,0.014819
-186.38,0.77697,0.76579,0.9523,0.014393
-187.69,0.77734,0.76645,0.95316,0.014011
-188.6,0.77767,0.76698,0.95388,0.013753
-189.15,0.778,0.76742,0.95452,0.013599
-189.25,0.77831,0.76775,0.95505,0.013572
-188.86,0.77858,0.76793,0.95543,0.013686
-188.03,0.77879,0.76795,0.95562,0.013922
-186.85,0.77895,0.76784,0.95566,0.014266
-185.41,0.77905,0.7676,0.95554,0.014697
-183.83,0.77908,0.76725,0.95527,0.015186
-182.33,0.77905,0.76685,0.95492,0.015662
-180.86,0.77898,0.76641,0.95449,0.016142
-179.47,0.77887,0.76593,0.954,0.016611
-178.17,0.77871,0.76543,0.95345,0.017059
-176.66,0.77847,0.76478,0.95271,0.017595
-175.33,0.77819,0.76412,0.95193,0.018082
-174.19,0.77788,0.76348,0.95114,0.018509
-173.25,0.77755,0.76289,0.95037,0.018864
-172.58,0.77723,0.76237,0.94967,0.019125
-172.12,0.77692,0.76192,0.94903,0.019302
-171.87,0.77661,0.76154,0.94846,0.0194
-171.79,0.77633,0.76124,0.94798,0.019428
-171.86,0.77607,0.76101,0.94757,0.019397
-172.07,0.77584,0.76086,0.94725,0.019312
-172.43,0.77564,0.76078,0.94702,0.019169
-172.97,0.77549,0.76079,0.9469,0.018958
-173.7,0.77538,0.7609,0.9469,0.018674
-174.63,0.77531,0.76111,0.94702,0.018318
-175.75,0.7753,0.76142,0.94727,0.017904
-176.99,0.77535,0.76181,0.94764,0.017454
-178.31,0.77545,0.76228,0.9481,0.016986
-179.63,0.7756,0.76278,0.94864,0.016532
-180.91,0.77579,0.7633,0.94924,0.016102
-182.18,0.77602,0.76385,0.94989,0.01569
-183.54,0.77631,0.76446,0.95064,0.015257
-184.95,0.77662,0.76511,0.95144,0.014822
-186.37,0.77697,0.76578,0.95229,0.014396
-187.68,0.77734,0.76644,0.95315,0.014014
-188.59,0.77767,0.76697,0.95387,0.013756
-189.14,0.778,0.76742,0.95451,0.013601
-189.24,0.77831,0.76774,0.95504,0.013575
-188.85,0.77858,0.76792,0.95542,0.013689
-188.02,0.77879,0.76795,0.95561,0.013925
-186.84,0.77895,0.76783,0.95565,0.014269
-185.4,0.77904,0.76759,0.95553,0.0147
-183.82,0.77907,0.76724,0.95526,0.015189
-182.32,0.77905,0.76685,0.95491,0.015665
-180.86,0.77898,0.7664,0.95448,0.016145
-179.46,0.77886,0.76592,0.95399,0.016614
-178.16,0.77871,0.76542,0.95344,0.017062
-176.65,0.77847,0.76477,0.9527,0.017598
-175.32,0.77819,0.76411,0.95192,0.018085
-174.18,0.77788,0.76348,0.95113,0.018512
-173.24,0.77755,0.76288,0.95036,0.018867
-172.57,0.77723,0.76236,0.94966,0.019128
-172.11,0.77691,0.76191,0.94902,0.019306
-171.86,0.77661,0.76154,0.94845,0.019404
-171.78,0.77632,0.76124,0.94797,0.019431
-171.85,0.77606,0.76101,0.94756,0.0194
-172.06,0.77583,0.76085,0.94724,0.019315
-172.42,0.77564,0.76077,0.94701,0.019172
-172.96,0.77548,0.76078,0.94689,0.018961
-173.69,0.77537,0.76089,0.94689,0.018678
-174.63,0.77531,0.76111,0.94701,0.018321
-175.74,0.7753,0.76142,0.94726,0.017907
-176.98,0.77534,0.76181,0.94763,0.017457
-178.3,0.77544,0.76227,0.94809,0.016989
-179.62,0.77559,0.76277,0.94864,0.016535
-180.91,0.77579,0.76329,0.94924,0.016105
-182.17,0.77602,0.76384,0.94989,0.015692
-183.53,0.7763,0.76446,0.95063,0.01526
-184.94,0.77662,0.7651,0.95143,0.014824
-186.36,0.77696,0.76578,0.95228,0.014398
-187.67,0.77733,0.76644,0.95314,0.014016
-188.58,0.77767,0.76697,0.95386,0.013758
-189.14,0.77799,0.76741,0.9545,0.013603
-189.24,0.7783,0.76773,0.95503,0.013577
-188.84,0.77857,0.76792,0.95541,0.013691
-188.02,0.77879,0.76794,0.95561,0.013927
-186.84,0.77894,0.76783,0.95564,0.014271
-185.4,0.77904,0.76759,0.95552,0.014702
-183.81,0.77907,0.76724,0.95526,0.015191
-182.32,0.77905,0.76684,0.95491,0.015667
-180.85,0.77897,0.7664,0.95447,0.016147
-179.46,0.77886,0.76592,0.95398,0.016616
-178.16,0.77871,0.76542,0.95344,0.017064
-176.65,0.77846,0.76476,0.95269,0.017601
-175.31,0.77818,0.76411,0.95191,0.018087
-174.17,0.77787,0.76347,0.95112,0.018514
-173.24,0.77755,0.76287,0.95035,0.01887
-172.56,0.77723,0.76236,0.94965,0.019131
-172.1,0.77691,0.76191,0.94901,0.019308
-171.85,0.7766,0.76153,0.94845,0.019406
-171.78,0.77632,0.76123,0.94796,0.019433
-171.85,0.77606,0.761,0.94755,0.019403
-172.06,0.77583,0.76084,0.94723,0.019317
-172.42,0.77564,0.76077,0.947,0.019174
-172.95,0.77548,0.76078,0.94688,0.018963
-173.68,0.77537,0.76089,0.94688,0.01868
-174.62,0.77531,0.7611,0.94701,0.018324
-175.73,0.7753,0.76141,0.94726,0.017909
-176.97,0.77534,0.7618,0.94762,0.017459
-178.3,0.77544,0.76227,0.94809,0.01699
-179.62,0.77559,0.76277,0.94863,0.016537
-180.9,0.77579,0.76329,0.94923,0.016106
-182.17,0.77602,0.76384,0.94988,0.015694
-183.53,0.7763,0.76445,0.95063,0.015261
-184.94,0.77661,0.7651,0.95143,0.014826
-186.36,0.77696,0.76577,0.95228,0.0144
-187.67,0.77733,0.76644,0.95314,0.014017
-188.58,0.77766,0.76696,0.95386,0.013759
-189.13,0.77799,0.76741,0.9545,0.013605
-189.23,0.7783,0.76773,0.95503,0.013578
-188.83,0.77857,0.76791,0.9554,0.013692
-188.01,0.77878,0.76794,0.9556,0.013928
-186.83,0.77894,0.76782,0.95564,0.014272
-185.39,0.77904,0.76758,0.95552,0.014703
-183.81,0.77907,0.76723,0.95525,0.015192
-182.31,0.77904,0.76684,0.9549,0.015668
-180.84,0.77897,0.76639,0.95447,0.016148
-179.45,0.77886,0.76591,0.95398,0.016617
-178.15,0.7787,0.76541,0.95343,0.017066
-176.64,0.77846,0.76476,0.95269,0.017602
-175.31,0.77818,0.76411,0.95191,0.018089
-174.17,0.77787,0.76347,0.95112,0.018516
-173.23,0.77754,0.76287,0.95035,0.018871
-172.56,0.77722,0.76235,0.94965,0.019132
-172.1,0.77691,0.7619,0.94901,0.01931
-171.85,0.7766,0.76153,0.94844,0.019407
-171.77,0.77632,0.76123,0.94796,0.019435
-171.84,0.77606,0.761,0.94755,0.019404
-172.05,0.77583,0.76084,0.94723,0.019319
-172.41,0.77564,0.76076,0.947,0.019176
-172.95,0.77548,0.76077,0.94688,0.018964
-173.68,0.77537,0.76088,0.94688,0.018681
-174.62,0.77531,0.7611,0.947,0.018325
-175.73,0.7753,0.76141,0.94725,0.01791
-176.97,0.77534,0.7618,0.94762,0.017461
-178.29,0.77544,0.76226,0.94808,0.016992
-179.61,0.77559,0.76276,0.94863,0.016538
-180.9,0.77578,0.76329,0.94923,0.016108
-182.16,0.77602,0.76384,0.94988,0.015695
-183.53,0.7763,0.76445,0.95062,0.015262
-184.94,0.77661,0.7651,0.95143,0.014827
-186.36,0.77696,0.76577,0.95228,0.014401
-187.67,0.77733,0.76643,0.95314,0.014018
-188.57,0.77766,0.76696,0.95385,0.01376
-189.13,0.77799,0.7674,0.9545,0.013605
-189.23,0.7783,0.76773,0.95502,0.013579
-188.83,0.77857,0.76791,0.9554,0.013693
-188.01,0.77878,0.76794,0.9556,0.013929
-186.83,0.77894,0.76782,0.95563,0.014273
-185.39,0.77904,0.76758,0.95551,0.014704
-183.81,0.77907,0.76723,0.95525,0.015193
-182.31,0.77904,0.76684,0.9549,0.015669
-180.84,0.77897,0.76639,0.95447,0.016149
-179.45,0.77886,0.76591,0.95397,0.016619
-178.15,0.7787,0.76541,0.95343,0.017067
-176.64,0.77846,0.76476,0.95268,0.017603
-175.31,0.77818,0.7641,0.9519,0.01809
-174.16,0.77787,0.76347,0.95112,0.018517
-173.23,0.77754,0.76287,0.95034,0.018872
-172.55,0.77722,0.76235,0.94964,0.019133
-172.1,0.7769,0.7619,0.94901,0.019311
-171.84,0.7766,0.76153,0.94844,0.019409
-171.77,0.77632,0.76123,0.94795,0.019436
-171.84,0.77606,0.761,0.94755,0.019405
-172.05,0.77583,0.76084,0.94722,0.01932
-172.41,0.77563,0.76076,0.94699,0.019177
-172.95,0.77548,0.76077,0.94687,0.018965
-173.68,0.77537,0.76088,0.94687,0.018682
-174.61,0.7753,0.7611,0.947,0.018326
-175.73,0.77529,0.76141,0.94725,0.017911
-176.97,0.77534,0.7618,0.94761,0.017461
-178.29,0.77544,0.76226,0.94808,0.016992
-179.61,0.77559,0.76276,0.94862,0.016539
-180.9,0.77578,0.76329,0.94922,0.016108
-182.16,0.77601,0.76383,0.94987,0.015696
-183.52,0.7763,0.76445,0.95062,0.015263
-184.93,0.77661,0.7651,0.95142,0.014827
-186.35,0.77696,0.76577,0.95227,0.014401
-187.66,0.77733,0.76643,0.95313,0.014019
-188.57,0.77766,0.76696,0.95385,0.01376
-189.13,0.77799,0.7674,0.95449,0.013606
-189.23,0.7783,0.76773,0.95502,0.01358
-188.83,0.77857,0.76791,0.9554,0.013693
-188.01,0.77878,0.76793,0.9556,0.013929
-186.83,0.77894,0.76782,0.95563,0.014274
-185.39,0.77903,0.76758,0.95551,0.014705
-183.8,0.77907,0.76723,0.95525,0.015194
-182.31,0.77904,0.76683,0.9549,0.01567
-180.84,0.77897,0.76639,0.95447,0.01615
-179.45,0.77885,0.76591,0.95397,0.016619
-178.15,0.7787,0.76541,0.95343,0.017068
-176.64,0.77846,0.76476,0.95268,0.017604
-175.31,0.77818,0.7641,0.9519,0.01809
-174.16,0.77787,0.76347,0.95111,0.018518
-173.23,0.77754,0.76287,0.95034,0.018873
-172.55,0.77722,0.76235,0.94964,0.019134
-172.1,0.7769,0.7619,0.949,0.019312
-171.84,0.7766,0.76153,0.94844,0.019409
-171.77,0.77631,0.76123,0.94795,0.019437
-171.84,0.77606,0.761,0.94754,0.019406
-172.05,0.77583,0.76084,0.94722,0.019321
-172.41,0.77563,0.76076,0.94699,0.019177
-172.94,0.77548,0.76077,0.94687,0.018966
-173.68,0.77537,0.76088,0.94687,0.018683
-174.61,0.7753,0.76109,0.947,0.018326
-175.73,0.77529,0.76141,0.94725,0.017912
-176.96,0.77534,0.7618,0.94761,0.017462
-178.29,0.77544,0.76226,0.94808,0.016993
-179.61,0.77559,0.76276,0.94862,0.016539
-180.89,0.77578,0.76328,0.94922,0.016109
-182.16,0.77601,0.76383,0.94987,0.015696
-183.52,0.7763,0.76445,0.95062,0.015263
-184.93,0.77661,0.7651,0.95142,0.014828
-186.35,0.77696,0.76577,0.95227,0.014402
-187.66,0.77733,0.76643,0.95313,0.014019
-188.57,0.77766,0.76696,0.95385,0.013761
-189.12,0.77799,0.7674,0.95449,0.013606
-189.22,0.7783,0.76773,0.95502,0.01358
-188.83,0.77857,0.76791,0.9554,0.013694
-188.01,0.77878,0.76793,0.9556,0.01393
-186.83,0.77894,0.76782,0.95563,0.014274
-185.39,0.77903,0.76758,0.95551,0.014705
-183.8,0.77907,0.76723,0.95525,0.015194
-182.3,0.77904,0.76683,0.9549,0.01567
-180.84,0.77897,0.76639,0.95446,0.01615
-179.44,0.77885,0.76591,0.95397,0.01662
-178.15,0.7787,0.76541,0.95343,0.017068
-176.64,0.77846,0.76476,0.95268,0.017604
-175.3,0.77818,0.7641,0.9519,0.018091
-174.16,0.77787,0.76346,0.95111,0.018518
-173.23,0.77754,0.76287,0.95034,0.018874
-172.55,0.77722,0.76235,0.94964,0.019134
-172.09,0.7769,0.7619,0.949,0.019312
-171.84,0.7766,0.76153,0.94844,0.01941
-171.77,0.77631,0.76122,0.94795,0.019437
-171.84,0.77606,0.761,0.94754,0.019406
-172.05,0.77583,0.76084,0.94722,0.019321
-172.41,0.77563,0.76076,0.94699,0.019178
-172.94,0.77548,0.76077,0.94687,0.018966
-173.67,0.77537,0.76088,0.94687,0.018683
-174.61,0.7753,0.76109,0.947,0.018327
-175.73,0.77529,0.76141,0.94725,0.017912
-176.96,0.77534,0.7618,0.94761,0.017462
-178.29,0.77544,0.76226,0.94808,0.016993
-179.61,0.77559,0.76276,0.94862,0.01654
-180.89,0.77578,0.76328,0.94922,0.016109
-182.16,0.77601,0.76383,0.94987,0.015696
-183.52,0.77629,0.76445,0.95062,0.015264
-184.93,0.77661,0.76509,0.95142,0.014828
-186.35,0.77696,0.76577,0.95227,0.014402
-187.66,0.77733,0.76643,0.95313,0.01402
-188.57,0.77766,0.76696,0.95385,0.013761
-189.12,0.77799,0.7674,0.95449,0.013607
-189.22,0.7783,0.76773,0.95502,0.01358
-188.83,0.77857,0.76791,0.9554,0.013694
-188,0.77878,0.76793,0.95559,0.01393
-186.82,0.77894,0.76782,0.95563,0.014275
-185.39,0.77903,0.76758,0.95551,0.014705
-183.8,0.77907,0.76723,0.95524,0.015194
-182.3,0.77904,0.76683,0.9549,0.015671
-180.84,0.77897,0.76639,0.95446,0.016151
-179.44,0.77885,0.76591,0.95397,0.01662
-178.15,0.7787,0.76541,0.95342,0.017068
-176.64,0.77846,0.76476,0.95268,0.017605
-175.3,0.77818,0.7641,0.9519,0.018091
-174.16,0.77787,0.76346,0.95111,0.018519
-173.23,0.77754,0.76287,0.95034,0.018874
-172.55,0.77722,0.76235,0.94964,0.019135
-172.09,0.7769,0.7619,0.949,0.019312
-171.84,0.7766,0.76152,0.94844,0.01941
-171.77,0.77631,0.76122,0.94795,0.019437
-171.84,0.77606,0.76099,0.94754,0.019407
-172.05,0.77583,0.76084,0.94722,0.019321
-172.41,0.77563,0.76076,0.94699,0.019178
-172.94,0.77548,0.76077,0.94687,0.018967
-173.67,0.77536,0.76088,0.94687,0.018683
-174.61,0.7753,0.76109,0.947,0.018327
-175.73,0.77529,0.7614,0.94725,0.017912
-176.96,0.77534,0.7618,0.94761,0.017463
-178.29,0.77544,0.76226,0.94808,0.016994
-179.61,0.77559,0.76276,0.94862,0.01654
-180.89,0.77578,0.76328,0.94922,0.016109
-182.16,0.77601,0.76383,0.94987,0.015697
-183.52,0.77629,0.76444,0.95062,0.015264
-184.93,0.77661,0.76509,0.95142,0.014828
-186.35,0.77696,0.76577,0.95227,0.014402
-187.66,0.77733,0.76643,0.95313,0.01402
-188.57,0.77766,0.76696,0.95385,0.013761
-189.12,0.77799,0.7674,0.95449,0.013607
-189.22,0.7783,0.76773,0.95502,0.013581
-188.83,0.77857,0.76791,0.9554,0.013694
-188,0.77878,0.76793,0.95559,0.01393
-186.82,0.77894,0.76782,0.95563,0.014275
-185.39,0.77903,0.76758,0.95551,0.014706
-183.8,0.77907,0.76723,0.95524,0.015195
-182.3,0.77904,0.76683,0.95489,0.015671
-180.84,0.77897,0.76639,0.95446,0.016151
-179.44,0.77885,0.76591,0.95397,0.01662
-178.15,0.7787,0.76541,0.95342,0.017069
-176.64,0.77846,0.76475,0.95268,0.017605
-175.3,0.77818,0.7641,0.9519,0.018091
-174.16,0.77787,0.76346,0.95111,0.018519
-173.23,0.77754,0.76287,0.95034,0.018874
-172.55,0.77722,0.76235,0.94964,0.019135
-172.09,0.7769,0.7619,0.949,0.019313
-171.84,0.7766,0.76152,0.94843,0.01941
-171.77,0.77631,0.76122,0.94795,0.019438
-171.84,0.77606,0.76099,0.94754,0.019407
-172.05,0.77583,0.76084,0.94722,0.019322
-172.41,0.77563,0.76076,0.94699,0.019178
-172.94,0.77548,0.76077,0.94687,0.018967
-173.67,0.77536,0.76088,0.94687,0.018684
-174.61,0.7753,0.76109,0.947,0.018327
-175.72,0.77529,0.7614,0.94725,0.017912
-176.96,0.77534,0.7618,0.94761,0.017463
-178.29,0.77544,0.76226,0.94808,0.016994
-179.61,0.77559,0.76276,0.94862,0.01654
-180.89,0.77578,0.76328,0.94922,0.01611
-182.16,0.77601,0.76383,0.94987,0.015697
-183.52,0.77629,0.76444,0.95062,0.015264
-184.93,0.77661,0.76509,0.95142,0.014828
-186.35,0.77696,0.76577,0.95227,0.014402
-187.66,0.77733,0.76643,0.95313,0.01402
-188.57,0.77766,0.76696,0.95385,0.013761
-189.12,0.77799,0.7674,0.95449,0.013607
-189.22,0.7783,0.76773,0.95502,0.013581
-188.83,0.77857,0.76791,0.9554,0.013694
-188,0.77878,0.76793,0.95559,0.01393
-186.82,0.77894,0.76782,0.95563,0.014275
-185.39,0.77903,0.76758,0.95551,0.014706
-183.8,0.77907,0.76723,0.95524,0.015195
-182.3,0.77904,0.76683,0.95489,0.015671
-180.84,0.77897,0.76639,0.95446,0.016151
-179.44,0.77885,0.76591,0.95397,0.01662
-178.15,0.7787,0.76541,0.95342,0.017069
-176.64,0.77846,0.76475,0.95268,0.017605
-175.3,0.77818,0.7641,0.9519,0.018092
-174.16,0.77787,0.76346,0.95111,0.018519
-173.23,0.77754,0.76287,0.95034,0.018874
-172.55,0.77722,0.76235,0.94964,0.019135
-172.09,0.7769,0.7619,0.949,0.019313
-171.84,0.7766,0.76152,0.94843,0.01941
-171.76,0.77631,0.76122,0.94795,0.019438
-171.84,0.77605,0.76099,0.94754,0.019407
-172.05,0.77583,0.76084,0.94722,0.019322
-172.41,0.77563,0.76076,0.94699,0.019178
-172.94,0.77548,0.76077,0.94687,0.018967
-173.67,0.77536,0.76088,0.94687,0.018684
-174.61,0.7753,0.76109,0.947,0.018327
-175.72,0.77529,0.7614,0.94725,0.017912
-176.96,0.77534,0.7618,0.94761,0.017463
-178.29,0.77544,0.76226,0.94808,0.016994
-179.61,0.77559,0.76276,0.94862,0.01654
-180.89,0.77578,0.76328,0.94922,0.01611
-182.16,0.77601,0.76383,0.94987,0.015697
-183.52,0.77629,0.76444,0.95062,0.015264
-184.93,0.77661,0.76509,0.95142,0.014829
-186.35,0.77696,0.76577,0.95227,0.014402
-187.66,0.77733,0.76643,0.95313,0.01402
-188.57,0.77766,0.76696,0.95385,0.013761
-189.12,0.77799,0.7674,0.95449,0.013607
-189.22,0.7783,0.76773,0.95502,0.013581
-188.83,0.77857,0.76791,0.9554,0.013694
-188,0.77878,0.76793,0.95559,0.01393
-186.82,0.77894,0.76782,0.95563,0.014275
-185.38,0.77903,0.76758,0.95551,0.014706
-183.8,0.77906,0.76723,0.95524,0.015195
-182.3,0.77904,0.76683,0.95489,0.015671
-180.84,0.77897,0.76639,0.95446,0.016151
-179.44,0.77885,0.76591,0.95397,0.01662
-178.15,0.7787,0.76541,0.95342,0.017069
-176.64,0.77846,0.76475,0.95268,0.017605
-175.3,0.77818,0.7641,0.9519,0.018092
-174.16,0.77787,0.76346,0.95111,0.018519
-173.23,0.77754,0.76287,0.95034,0.018874
-172.55,0.77722,0.76235,0.94964,0.019135
-172.09,0.7769,0.7619,0.949,0.019313
-171.84,0.7766,0.76152,0.94843,0.019411
-171.76,0.77631,0.76122,0.94795,0.019438
-171.84,0.77605,0.76099,0.94754,0.019407
-172.05,0.77583,0.76084,0.94722,0.019322
-172.4,0.77563,0.76076,0.94699,0.019178
-172.94,0.77548,0.76077,0.94687,0.018967
-173.67,0.77536,0.76088,0.94687,0.018684
-174.61,0.7753,0.76109,0.947,0.018328
-175.72,0.77529,0.7614,0.94725,0.017913
-176.96,0.77534,0.7618,0.94761,0.017463
-178.29,0.77544,0.76226,0.94808,0.016994
-179.61,0.77559,0.76276,0.94862,0.01654
-180.89,0.77578,0.76328,0.94922,0.01611
-182.16,0.77601,0.76383,0.94987,0.015697
-183.52,0.77629,0.76444,0.95061,0.015264
-184.93,0.77661,0.76509,0.95142,0.014829
-186.35,0.77696,0.76577,0.95227,0.014402
-187.66,0.77733,0.76643,0.95313,0.01402
-188.57,0.77766,0.76696,0.95385,0.013762
-189.12,0.77799,0.7674,0.95449,0.013607
-189.22,0.77829,0.76773,0.95502,0.013581
-188.82,0.77857,0.76791,0.9554,0.013694
-188,0.77878,0.76793,0.95559,0.01393
-186.82,0.77894,0.76782,0.95563,0.014275
-185.38,0.77903,0.76758,0.95551,0.014706
-183.8,0.77906,0.76723,0.95524,0.015195
-182.3,0.77904,0.76683,0.95489,0.015671
-180.84,0.77897,0.76639,0.95446,0.016151
-179.44,0.77885,0.76591,0.95397,0.01662
-178.15,0.7787,0.76541,0.95342,0.017069
-176.64,0.77846,0.76475,0.95268,0.017605
-175.3,0.77818,0.7641,0.9519,0.018092
-174.16,0.77787,0.76346,0.95111,0.018519
-173.23,0.77754,0.76287,0.95034,0.018874
-172.55,0.77722,0.76235,0.94964,0.019135
-172.09,0.7769,0.7619,0.949,0.019313
-171.84,0.7766,0.76152,0.94843,0.019411
-171.76,0.77631,0.76122,0.94795,0.019438
-171.84,0.77605,0.76099,0.94754,0.019407
-172.05,0.77583,0.76084,0.94722,0.019322
-172.4,0.77563,0.76076,0.94699,0.019178
-172.94,0.77548,0.76077,0.94687,0.018967
-173.67,0.77536,0.76088,0.94687,0.018684
-174.61,0.7753,0.76109,0.94699,0.018328
-175.72,0.77529,0.7614,0.94725,0.017913
-176.96,0.77534,0.7618,0.94761,0.017463
-178.29,0.77544,0.76226,0.94808,0.016994
-179.61,0.77559,0.76276,0.94862,0.01654
-180.89,0.77578,0.76328,0.94922,0.01611
-182.16,0.77601,0.76383,0.94987,0.015697
-183.52,0.77629,0.76444,0.95061,0.015264
-184.93,0.77661,0.76509,0.95142,0.014829
-186.35,0.77696,0.76577,0.95227,0.014402
-187.66,0.77733,0.76643,0.95313,0.01402
-188.57,0.77766,0.76696,0.95385,0.013762
-189.12,0.77799,0.7674,0.95449,0.013607
-189.22,0.77829,0.76773,0.95502,0.013581
-188.82,0.77857,0.76791,0.9554,0.013695
-188,0.77878,0.76793,0.95559,0.01393
-186.82,0.77894,0.76782,0.95563,0.014275
-185.38,0.77903,0.76758,0.95551,0.014706
-183.8,0.77906,0.76723,0.95524,0.015195
-182.3,0.77904,0.76683,0.95489,0.015671
-180.84,0.77897,0.76639,0.95446,0.016151
-179.44,0.77885,0.76591,0.95397,0.01662
-178.14,0.7787,0.76541,0.95342,0.017069
-176.64,0.77846,0.76475,0.95268,0.017605
-175.3,0.77818,0.7641,0.9519,0.018092
-174.16,0.77787,0.76346,0.95111,0.018519
-173.23,0.77754,0.76287,0.95034,0.018874
-172.55,0.77722,0.76235,0.94964,0.019135
-172.09,0.7769,0.7619,0.949,0.019313
-171.84,0.7766,0.76152,0.94843,0.019411
-171.76,0.77631,0.76122,0.94795,0.019438
-171.84,0.77605,0.76099,0.94754,0.019407
-172.05,0.77583,0.76084,0.94722,0.019322
-172.4,0.77563,0.76076,0.94699,0.019179
-172.94,0.77547,0.76077,0.94687,0.018967
-173.67,0.77536,0.76088,0.94687,0.018684
-174.61,0.7753,0.76109,0.94699,0.018328
-175.72,0.77529,0.7614,0.94725,0.017913
-176.96,0.77533,0.7618,0.94761,0.017463
-178.29,0.77544,0.76226,0.94808,0.016994
-179.61,0.77559,0.76276,0.94862,0.01654
-180.89,0.77578,0.76328,0.94922,0.01611
-182.16,0.77601,0.76383,0.94987,0.015697
-183.52,0.77629,0.76444,0.95061,0.015264
-184.93,0.77661,0.76509,0.95142,0.014829
-186.35,0.77696,0.76577,0.95227,0.014403
-187.66,0.77733,0.76643,0.95313,0.01402
-188.57,0.77766,0.76696,0.95385,0.013762
-189.12,0.77799,0.7674,0.95449,0.013607
-189.22,0.77829,0.76772,0.95502,0.013581
-188.82,0.77857,0.76791,0.9554,0.013695
-188,0.77878,0.76793,0.95559,0.01393
-186.82,0.77894,0.76782,0.95563,0.014275
-185.38,0.77903,0.76758,0.95551,0.014706
-183.8,0.77906,0.76723,0.95524,0.015195
-182.3,0.77904,0.76683,0.95489,0.015671
-180.84,0.77897,0.76639,0.95446,0.016151
-179.44,0.77885,0.76591,0.95397,0.01662
-178.14,0.7787,0.76541,0.95342,0.017069
-176.64,0.77846,0.76475,0.95268,0.017605
-175.3,0.77818,0.7641,0.9519,0.018092
-174.16,0.77787,0.76346,0.95111,0.018519
-173.23,0.77754,0.76287,0.95034,0.018874
-172.55,0.77722,0.76235,0.94964,0.019135
-172.09,0.7769,0.7619,0.949,0.019313
-171.84,0.7766,0.76152,0.94843,0.019411
-171.76,0.77631,0.76122,0.94795,0.019438
-171.84,0.77605,0.76099,0.94754,0.019407
-172.05,0.77583,0.76084,0.94722,0.019322
-172.4,0.77563,0.76076,0.94699,0.019179
-172.94,0.77547,0.76077,0.94687,0.018967
-173.67,0.77536,0.76088,0.94687,0.018684
-174.61,0.7753,0.76109,0.94699,0.018328
-175.72,0.77529,0.7614,0.94725,0.017913
-176.96,0.77533,0.7618,0.94761,0.017463
-178.29,0.77544,0.76226,0.94808,0.016994
-179.61,0.77559,0.76276,0.94862,0.01654
-180.89,0.77578,0.76328,0.94922,0.01611
-182.16,0.77601,0.76383,0.94987,0.015697
-183.52,0.77629,0.76444,0.95061,0.015264
-184.93,0.77661,0.76509,0.95142,0.014829
-186.35,0.77696,0.76577,0.95227,0.014403
-187.66,0.77733,0.76643,0.95313,0.01402
-188.57,0.77766,0.76696,0.95385,0.013762
-189.12,0.77799,0.7674,0.95449,0.013607
-189.22,0.77829,0.76772,0.95502,0.013581
-188.82,0.77857,0.76791,0.95539,0.013695
-188,0.77878,0.76793,0.95559,0.01393
-186.82,0.77894,0.76782,0.95563,0.014275
-185.38,0.77903,0.76758,0.95551,0.014706
-183.8,0.77906,0.76723,0.95524,0.015195
-182.3,0.77904,0.76683,0.95489,0.015671
-180.84,0.77897,0.76639,0.95446,0.016151
-179.44,0.77885,0.76591,0.95397,0.01662
-178.14,0.7787,0.76541,0.95342,0.017069
-176.64,0.77846,0.76475,0.95268,0.017605
-175.3,0.77818,0.7641,0.9519,0.018092
-174.16,0.77787,0.76346,0.95111,0.018519
-173.23,0.77754,0.76287,0.95034,0.018874
-172.55,0.77722,0.76235,0.94964,0.019135
-172.09,0.7769,0.7619,0.949,0.019313
-171.84,0.7766,0.76152,0.94843,0.019411
-171.76,0.77631,0.76122,0.94795,0.019438
-171.84,0.77605,0.76099,0.94754,0.019407
-172.05,0.77583,0.76084,0.94722,0.019322
-172.4,0.77563,0.76076,0.94699,0.019179
-172.94,0.77547,0.76077,0.94687,0.018967
-173.67,0.77536,0.76088,0.94687,0.018684
-174.61,0.7753,0.76109,0.94699,0.018328
-175.72,0.77529,0.7614,0.94725,0.017913
-176.96,0.77533,0.7618,0.94761,0.017463
-178.29,0.77544,0.76226,0.94808,0.016994
-179.61,0.77559,0.76276,0.94862,0.01654
-180.89,0.77578,0.76328,0.94922,0.01611
-182.16,0.77601,0.76383,0.94987,0.015697
-183.52,0.77629,0.76444,0.95061,0.015264
-184.93,0.77661,0.76509,0.95142,0.014829
-186.35,0.77696,0.76577,0.95227,0.014403
-187.66,0.77733,0.76643,0.95313,0.01402
-188.57,0.77766,0.76696,0.95385,0.013762
-189.12,0.77799,0.7674,0.95449,0.013607
-189.22,0.77829,0.76772,0.95502,0.013581
-188.82,0.77857,0.76791,0.95539,0.013695
-188,0.77878,0.76793,0.95559,0.01393
-186.82,0.77894,0.76782,0.95563,0.014275
-185.38,0.77903,0.76758,0.95551,0.014706
-183.8,0.77906,0.76723,0.95524,0.015195
-182.3,0.77904,0.76683,0.95489,0.015671
-180.84,0.77897,0.76639,0.95446,0.016151
-179.44,0.77885,0.76591,0.95397,0.01662
-178.14,0.7787,0.76541,0.95342,0.017069
-176.64,0.77846,0.76475,0.95268,0.017605
-175.3,0.77818,0.7641,0.9519,0.018092
-174.16,0.77787,0.76346,0.95111,0.018519
-173.23,0.77754,0.76287,0.95034,0.018874
-172.55,0.77722,0.76235,0.94964,0.019135
-172.09,0.7769,0.7619,0.949,0.019313
-171.84,0.7766,0.76152,0.94843,0.019411
-171.76,0.77631,0.76122,0.94795,0.019438
-171.84,0.77605,0.76099,0.94754,0.019407
-172.05,0.77583,0.76084,0.94722,0.019322
-172.4,0.77563,0.76076,0.94699,0.019179
-172.94,0.77547,0.76077,0.94687,0.018967
-173.67,0.77536,0.76088,0.94687,0.018684
-174.61,0.7753,0.76109,0.94699,0.018328
-175.72,0.77529,0.7614,0.94725,0.017913
-176.96,0.77533,0.7618,0.94761,0.017463
-178.29,0.77543,0.76226,0.94808,0.016994
-179.61,0.77559,0.76276,0.94862,0.01654
-180.89,0.77578,0.76328,0.94922,0.01611
-182.16,0.77601,0.76383,0.94987,0.015697
-183.52,0.77629,0.76444,0.95061,0.015264
-184.93,0.77661,0.76509,0.95142,0.014829
-186.35,0.77696,0.76577,0.95227,0.014403
-187.66,0.77733,0.76643,0.95313,0.01402
-188.57,0.77766,0.76696,0.95385,0.013762
-189.12,0.77799,0.7674,0.95449,0.013607
-189.22,0.77829,0.76772,0.95502,0.013581
-188.82,0.77857,0.76791,0.95539,0.013695
-188,0.77878,0.76793,0.95559,0.01393
-186.82,0.77894,0.76782,0.95563,0.014275
-185.38,0.77903,0.76758,0.95551,0.014706
-183.8,0.77906,0.76723,0.95524,0.015195
-182.3,0.77904,0.76683,0.95489,0.015671
-180.84,0.77897,0.76639,0.95446,0.016151
-179.44,0.77885,0.76591,0.95397,0.016621
-178.14,0.7787,0.76541,0.95342,0.017069
-176.63,0.77846,0.76475,0.95268,0.017605
-175.3,0.77818,0.7641,0.9519,0.018092
-174.16,0.77787,0.76346,0.95111,0.018519
-173.23,0.77754,0.76287,0.95034,0.018874
-172.55,0.77722,0.76235,0.94964,0.019135
-172.09,0.7769,0.7619,0.949,0.019313
-171.84,0.7766,0.76152,0.94843,0.019411
-171.76,0.77631,0.76122,0.94795,0.019438
-171.84,0.77605,0.76099,0.94754,0.019407
-172.05,0.77583,0.76084,0.94722,0.019322
-172.4,0.77563,0.76076,0.94699,0.019179
-172.94,0.77547,0.76077,0.94687,0.018967
-173.67,0.77536,0.76088,0.94687,0.018684
-174.61,0.7753,0.76109,0.94699,0.018328
-175.72,0.77529,0.7614,0.94725,0.017913
-176.96,0.77533,0.7618,0.94761,0.017463
-178.29,0.77543,0.76226,0.94808,0.016994
-179.61,0.77559,0.76276,0.94862,0.01654
-180.89,0.77578,0.76328,0.94922,0.01611
-182.16,0.77601,0.76383,0.94987,0.015697
-183.52,0.77629,0.76444,0.95061,0.015264
-184.93,0.77661,0.76509,0.95142,0.014829
-186.35,0.77696,0.76577,0.95227,0.014403
-187.66,0.77733,0.76643,0.95313,0.01402
-188.57,0.77766,0.76696,0.95385,0.013762
-189.12,0.77799,0.7674,0.95449,0.013607
-189.22,0.77829,0.76772,0.95502,0.013581
-188.82,0.77857,0.76791,0.95539,0.013695
-188,0.77878,0.76793,0.95559,0.01393
-186.82,0.77894,0.76782,0.95563,0.014275
-185.38,0.77903,0.76758,0.95551,0.014706
-183.8,0.77906,0.76723,0.95524,0.015195
-182.3,0.77904,0.76683,0.95489,0.015671
-180.84,0.77897,0.76639,0.95446,0.016151
-179.44,0.77885,0.76591,0.95397,0.01662
-178.14,0.7787,0.76541,0.95342,0.017069
-176.64,0.77846,0.76475,0.95268,0.017605
-175.3,0.77818,0.7641,0.9519,0.018092
-174.16,0.77787,0.76346,0.95111,0.018519
-173.23,0.77754,0.76287,0.95034,0.018874
-172.55,0.77722,0.76235,0.94964,0.019135
-172.09,0.7769,0.7619,0.949,0.019313
-171.84,0.7766,0.76152,0.94843,0.019411
-171.76,0.77631,0.76122,0.94795,0.019438
-171.84,0.77605,0.76099,0.94754,0.019407
-172.05,0.77583,0.76084,0.94722,0.019322
-172.4,0.77563,0.76076,0.94699,0.019179
-172.94,0.77547,0.76077,0.94687,0.018967
-173.67,0.77536,0.76088,0.94687,0.018684
-174.61,0.7753,0.76109,0.94699,0.018328
-175.72,0.77529,0.7614,0.94725,0.017913
-176.96,0.77533,0.7618,0.94761,0.017463
-178.29,0.77543,0.76226,0.94808,0.016994
-179.61,0.77559,0.76276,0.94862,0.01654
-180.89,0.77578,0.76328,0.94922,0.01611
-182.16,0.77601,0.76383,0.94987,0.015697
-183.52,0.77629,0.76444,0.95061,0.015264
-184.93,0.77661,0.76509,0.95142,0.014829
-186.35,0.77696,0.76577,0.95227,0.014403
-187.66,0.77733,0.76643,0.95313,0.01402
-188.57,0.77766,0.76696,0.95385,0.013762
-189.12,0.77799,0.7674,0.95449,0.013607
-189.22,0.77829,0.76772,0.95502,0.013581
-188.82,0.77857,0.76791,0.95539,0.013695
-188,0.77878,0.76793,0.95559,0.01393
-186.82,0.77894,0.76782,0.95563,0.014275
-185.38,0.77903,0.76758,0.95551,0.014706
-183.8,0.77906,0.76723,0.95524,0.015195
-182.3,0.77904,0.76683,0.95489,0.015671
-180.84,0.77897,0.76639,0.95446,0.016151
-179.44,0.77885,0.76591,0.95397,0.016621
-178.14,0.7787,0.76541,0.95342,0.017069
-176.63,0.77846,0.76475,0.95268,0.017605
-175.3,0.77818,0.7641,0.9519,0.018092
-174.16,0.77787,0.76346,0.95111,0.018519
-173.23,0.77754,0.76287,0.95034,0.018874
-172.55,0.77722,0.76235,0.94964,0.019135
-172.09,0.7769,0.7619,0.949,0.019313
-171.84,0.7766,0.76152,0.94843,0.019411
-171.76,0.77631,0.76122,0.94795,0.019438
-171.84,0.77605,0.76099,0.94754,0.019407
-172.05,0.77583,0.76084,0.94722,0.019322
-172.4,0.77563,0.76076,0.94699,0.019179
-172.94,0.77547,0.76077,0.94687,0.018967
-173.67,0.77536,0.76088,0.94687,0.018684
-174.61,0.7753,0.76109,0.94699,0.018328
-175.72,0.77529,0.7614,0.94725,0.017913
-176.96,0.77533,0.7618,0.94761,0.017463
-178.29,0.77543,0.76226,0.94808,0.016994
-179.61,0.77559,0.76276,0.94862,0.01654
-180.89,0.77578,0.76328,0.94922,0.01611
-182.16,0.77601,0.76383,0.94987,0.015697
-183.52,0.77629,0.76444,0.95061,0.015264
-184.93,0.77661,0.76509,0.95142,0.014829
-186.35,0.77696,0.76577,0.95227,0.014403
-187.66,0.77733,0.76643,0.95313,0.01402
-188.57,0.77766,0.76696,0.95385,0.013762
-189.12,0.77799,0.7674,0.95449,0.013607
-189.22,0.77829,0.76772,0.95502,0.013581
-188.82,0.77857,0.76791,0.95539,0.013695
-188,0.77878,0.76793,0.95559,0.01393
-186.82,0.77894,0.76782,0.95563,0.014275
-185.38,0.77903,0.76758,0.95551,0.014706
-183.8,0.77906,0.76723,0.95524,0.015195
-182.3,0.77904,0.76683,0.95489,0.015671
-180.84,0.77897,0.76639,0.95446,0.016151
-179.44,0.77885,0.76591,0.95397,0.016621
-178.14,0.7787,0.76541,0.95342,0.017069
-176.63,0.77846,0.76475,0.95268,0.017605
-175.3,0.77818,0.7641,0.9519,0.018092
-174.16,0.77787,0.76346,0.95111,0.018519
-173.23,0.77754,0.76287,0.95034,0.018874
-172.55,0.77722,0.76235,0.94964,0.019135
-172.09,0.7769,0.7619,0.949,0.019313
-171.84,0.7766,0.76152,0.94843,0.019411
-171.76,0.77631,0.76122,0.94795,0.019438
-171.84,0.77605,0.76099,0.94754,0.019407
-172.05,0.77583,0.76084,0.94722,0.019322
-172.4,0.77563,0.76076,0.94699,0.019179
-172.94,0.77547,0.76077,0.94687,0.018967
-173.67,0.77536,0.76088,0.94687,0.018684
-174.61,0.7753,0.76109,0.94699,0.018328
-175.72,0.77529,0.7614,0.94725,0.017913
-176.96,0.77533,0.7618,0.94761,0.017463
-178.29,0.77543,0.76226,0.94808,0.016994
-179.61,0.77559,0.76276,0.94862,0.01654
-180.89,0.77578,0.76328,0.94922,0.01611
-182.16,0.77601,0.76383,0.94987,0.015697
-183.52,0.77629,0.76444,0.95061,0.015264
-184.93,0.77661,0.76509,0.95142,0.014829
-186.35,0.77696,0.76577,0.95227,0.014403
-187.66,0.77733,0.76643,0.95313,0.01402
-188.57,0.77766,0.76696,0.95385,0.013762
-189.12,0.77799,0.7674,0.95449,0.013607
-189.22,0.77829,0.76772,0.95502,0.013581
-188.82,0.77857,0.76791,0.95539,0.013695
-188,0.77878,0.76793,0.95559,0.01393
-186.82,0.77894,0.76782,0.95563,0.014275
-185.38,0.77903,0.76758,0.95551,0.014706
-183.8,0.77906,0.76723,0.95524,0.015195
-182.3,0.77904,0.76683,0.95489,0.015671
-180.84,0.77897,0.76639,0.95446,0.016151
-179.44,0.77885,0.76591,0.95397,0.016621
-178.14,0.7787,0.76541,0.95342,0.017069
-176.63,0.77846,0.76475,0.95268,0.017605
-175.3,0.77818,0.7641,0.9519,0.018092
-174.16,0.77787,0.76346,0.95111,0.018519
-173.23,0.77754,0.76287,0.95034,0.018874
-172.55,0.77722,0.76235,0.94964,0.019135
-172.09,0.7769,0.7619,0.949,0.019313
-171.84,0.7766,0.76152,0.94843,0.019411
-171.76,0.77631,0.76122,0.94795,0.019438
-171.84,0.77605,0.76099,0.94754,0.019407
-172.05,0.77583,0.76084,0.94722,0.019322
-172.4,0.77563,0.76076,0.94699,0.019179
-172.94,0.77547,0.76077,0.94687,0.018967
-173.67,0.77536,0.76088,0.94687,0.018684
-174.61,0.7753,0.76109,0.94699,0.018328
-175.72,0.77529,0.7614,0.94725,0.017913
-176.96,0.77533,0.7618,0.94761,0.017463
-178.29,0.77543,0.76226,0.94808,0.016994
-179.61,0.77559,0.76276,0.94862,0.01654
-180.89,0.77578,0.76328,0.94922,0.01611
-182.16,0.77601,0.76383,0.94987,0.015697
-183.52,0.77629,0.76444,0.95061,0.015264
-184.93,0.77661,0.76509,0.95142,0.014829
-186.35,0.77696,0.76577,0.95227,0.014403
-187.66,0.77733,0.76643,0.95313,0.01402
-188.57,0.77766,0.76696,0.95385,0.013762
-189.12,0.77799,0.7674,0.95449,0.013607
-189.22,0.77829,0.76772,0.95502,0.013581
-188.82,0.77857,0.76791,0.95539,0.013695
-188,0.77878,0.76793,0.95559,0.01393
-186.82,0.77894,0.76782,0.95563,0.014275
-185.38,0.77903,0.76758,0.95551,0.014706
-183.8,0.77906,0.76723,0.95524,0.015195
-182.3,0.77904,0.76683,0.95489,0.015671
-180.84,0.77897,0.76639,0.95446,0.016151
-179.44,0.77885,0.76591,0.95397,0.016621
-178.14,0.7787,0.76541,0.95342,0.017069
-176.63,0.77846,0.76475,0.95268,0.017605
-175.3,0.77818,0.7641,0.9519,0.018092
-174.16,0.77787,0.76346,0.95111,0.018519
-173.23,0.77754,0.76287,0.95034,0.018874
-172.55,0.77722,0.76235,0.94964,0.019135
-172.09,0.7769,0.7619,0.949,0.019313
-171.84,0.7766,0.76152,0.94843,0.019411
-171.76,0.77631,0.76122,0.94795,0.019438
-171.84,0.77605,0.76099,0.94754,0.019407
-172.05,0.77583,0.76084,0.94722,0.019322
-172.4,0.77563,0.76076,0.94699,0.019179
-172.94,0.77547,0.76077,0.94687,0.018967
-173.67,0.77536,0.76088,0.94687,0.018684
-174.61,0.7753,0.76109,0.94699,0.018328
-175.72,0.77529,0.7614,0.94725,0.017913
-176.96,0.77533,0.7618,0.94761,0.017463
-178.29,0.77543,0.76226,0.94808,0.016994
-179.61,0.77559,0.76276,0.94862,0.01654
-180.89,0.77578,0.76328,0.94922,0.01611
-182.16,0.77601,0.76383,0.94987,0.015697
-183.52,0.77629,0.76444,0.95061,0.015264
-184.93,0.77661,0.76509,0.95142,0.014829
-186.35,0.77696,0.76577,0.95227,0.014403
-187.66,0.77733,0.76643,0.95313,0.01402
-188.57,0.77766,0.76696,0.95385,0.013762
-189.12,0.77799,0.7674,0.95449,0.013607
-189.22,0.77829,0.76772,0.95502,0.013581
-188.82,0.77857,0.76791,0.95539,0.013695
-188,0.77878,0.76793,0.95559,0.01393
-186.82,0.77894,0.76782,0.95563,0.014275
-185.38,0.77903,0.76758,0.95551,0.014706
-183.8,0.77906,0.76723,0.95524,0.015195
-182.3,0.77904,0.76683,0.95489,0.015671
-180.84,0.77897,0.76639,0.95446,0.016151
-179.44,0.77885,0.76591,0.95397,0.016621
-178.14,0.7787,0.76541,0.95342,0.017069
-176.63,0.77846,0.76475,0.95268,0.017605
-175.3,0.77818,0.7641,0.9519,0.018092
-174.16,0.77787,0.76346,0.95111,0.018519
-173.23,0.77754,0.76287,0.95034,0.018874
-172.55,0.77722,0.76235,0.94964,0.019135
-172.09,0.7769,0.7619,0.949,0.019313
-171.84,0.7766,0.76152,0.94843,0.019411
-171.76,0.77631,0.76122,0.94795,0.019438
-171.84,0.77605,0.76099,0.94754,0.019407
-172.05,0.77583,0.76084,0.94722,0.019322
-172.4,0.77563,0.76076,0.94699,0.019179
-172.94,0.77547,0.76077,0.94687,0.018967
-173.67,0.77536,0.76088,0.94687,0.018684
-174.61,0.7753,0.76109,0.94699,0.018328
-175.72,0.77529,0.7614,0.94725,0.017913
-176.96,0.77533,0.7618,0.94761,0.017463
-178.29,0.77543,0.76226,0.94808,0.016994
-179.61,0.77559,0.76276,0.94862,0.01654
-180.89,0.77578,0.76328,0.94922,0.01611
-182.16,0.77601,0.76383,0.94987,0.015697
-183.52,0.77629,0.76444,0.95061,0.015264
-184.93,0.77661,0.76509,0.95142,0.014829
-186.35,0.77696,0.76577,0.95227,0.014403
-187.66,0.77733,0.76643,0.95313,0.01402
-188.57,0.77766,0.76696,0.95385,0.013762
-189.12,0.77799,0.7674,0.95449,0.013607
-189.22,0.77829,0.76772,0.95502,0.013581
-188.82,0.77857,0.76791,0.95539,0.013695
-188,0.77878,0.76793,0.95559,0.01393
-186.82,0.77894,0.76782,0.95563,0.014275
-185.38,0.77903,0.76758,0.95551,0.014706
-183.8,0.77906,0.76723,0.95524,0.015195
-182.3,0.77904,0.76683,0.95489,0.015671
-180.84,0.77897,0.76639,0.95446,0.016151
-179.44,0.77885,0.76591,0.95397,0.016621
-178.14,0.7787,0.76541,0.95342,0.017069
-176.63,0.77846,0.76475,0.95268,0.017605
-175.3,0.77818,0.7641,0.9519,0.018092
-174.16,0.77787,0.76346,0.95111,0.018519
-173.23,0.77754,0.76287,0.95034,0.018874
-172.55,0.77722,0.76235,0.94964,0.019135
-172.09,0.7769,0.7619,0.949,0.019313
-171.84,0.7766,0.76152,0.94843,0.019411
-171.76,0.77631,0.76122,0.94795,0.019438
-171.84,0.77605,0.76099,0.94754,0.019407
-172.05,0.77583,0.76084,0.94722,0.019322
-172.4,0.77563,0.76076,0.94699,0.019179
-172.94,0.77547,0.76077,0.94687,0.018967
-173.67,0.77536,0.76088,0.94687,0.018684
-174.61,0.7753,0.76109,0.94699,0.018328
-175.72,0.77529,0.7614,0.94725,0.017913
-176.96,0.77533,0.7618,0.94761,0.017463
-178.29,0.77543,0.76226,0.94808,0.016994
-179.61,0.77559,0.76276,0.94862,0.01654
-180.89,0.77578,0.76328,0.94922,0.01611
-182.16,0.77601,0.76383,0.94987,0.015697
-183.52,0.77629,0.76444,0.95061,0.015264
-184.93,0.77661,0.76509,0.95142,0.014829
-186.35,0.77696,0.76577,0.95227,0.014403
-187.66,0.77733,0.76643,0.95313,0.01402
-188.57,0.77766,0.76696,0.95385,0.013762
-189.12,0.77799,0.7674,0.95449,0.013607
-189.22,0.77829,0.76772,0.95502,0.013581
-188.82,0.77857,0.76791,0.95539,0.013695
-188,0.77878,0.76793,0.95559,0.01393
-186.82,0.77894,0.76782,0.95563,0.014275
-185.38,0.77903,0.76758,0.95551,0.014706
-183.8,0.77906,0.76723,0.95524,0.015195
-182.3,0.77904,0.76683,0.95489,0.015671
-180.84,0.77897,0.76639,0.95446,0.016151
-179.44,0.77885,0.76591,0.95397,0.016621
-178.14,0.7787,0.76541,0.95342,0.017069
-176.63,0.77846,0.76475,0.95268,0.017605
-175.3,0.77818,0.7641,0.9519,0.018092
-174.16,0.77787,0.76346,0.95111,0.018519
-173.23,0.77754,0.76287,0.95034,0.018874
-172.55,0.77722,0.76235,0.94964,0.019135
-172.09,0.7769,0.7619,0.949,0.019313
-171.84,0.7766,0.76152,0.94843,0.019411
-171.76,0.77631,0.76122,0.94795,0.019438
-171.84,0.77605,0.76099,0.94754,0.019407
-172.05,0.77583,0.76084,0.94722,0.019322
-172.4,0.77563,0.76076,0.94699,0.019179
-172.94,0.77547,0.76077,0.94687,0.018967
-173.67,0.77536,0.76088,0.94687,0.018684
-174.61,0.7753,0.76109,0.94699,0.018328
-175.72,0.77529,0.7614,0.94725,0.017913
-176.96,0.77533,0.7618,0.94761,0.017463
-178.29,0.77543,0.76226,0.94808,0.016994
-179.61,0.77559,0.76276,0.94862,0.01654
-180.89,0.77578,0.76328,0.94922,0.01611
-182.16,0.77601,0.76383,0.94987,0.015697
-183.52,0.77629,0.76444,0.95061,0.015264
-184.93,0.77661,0.76509,0.95142,0.014829
-186.35,0.77696,0.76577,0.95227,0.014403
-187.66,0.77733,0.76643,0.95313,0.01402
-188.57,0.77766,0.76696,0.95385,0.013762
-189.12,0.77799,0.7674,0.95449,0.013607
-189.22,0.77829,0.76772,0.95502,0.013581
-188.82,0.77857,0.76791,0.95539,0.013695
-188,0.77878,0.76793,0.95559,0.01393
-186.82,0.77894,0.76782,0.95563,0.014275
-185.38,0.77903,0.76758,0.95551,0.014706
-183.8,0.77906,0.76723,0.95524,0.015195
-182.3,0.77904,0.76683,0.95489,0.015671
-180.84,0.77897,0.76639,0.95446,0.016151
-179.44,0.77885,0.76591,0.95397,0.016621
-178.14,0.7787,0.76541,0.95342,0.017069
-176.63,0.77846,0.76475,0.95268,0.017605
-175.3,0.77818,0.7641,0.9519,0.018092
-174.16,0.77787,0.76346,0.95111,0.018519
-173.23,0.77754,0.76287,0.95034,0.018874
-172.55,0.77722,0.76235,0.94964,0.019135
-172.09,0.7769,0.7619,0.949,0.019313
-171.84,0.7766,0.76152,0.94843,0.019411
-171.76,0.77631,0.76122,0.94795,0.019438
-171.84,0.77605,0.76099,0.94754,0.019407
-172.05,0.77583,0.76084,0.94722,0.019322
-172.4,0.77563,0.76076,0.94699,0.019179
-172.94,0.77547,0.76077,0.94687,0.018967
-173.67,0.77536,0.76088,0.94687,0.018684
-174.61,0.7753,0.76109,0.94699,0.018328
-175.72,0.77529,0.7614,0.94725,0.017913
-176.96,0.77533,0.7618,0.94761,0.017463
-178.29,0.77543,0.76226,0.94808,0.016994
-179.61,0.77559,0.76276,0.94862,0.01654
-180.89,0.77578,0.76328,0.94922,0.01611
-182.16,0.77601,0.76383,0.94987,0.015697
-183.52,0.77629,0.76444,0.95061,0.015264
-184.93,0.77661,0.76509,0.95142,0.014829
-186.35,0.77696,0.76577,0.95227,0.014403
-187.66,0.77733,0.76643,0.95313,0.01402
-188.57,0.77766,0.76696,0.95385,0.013762
-189.12,0.77799,0.7674,0.95449,0.013607
-189.22,0.77829,0.76772,0.95502,0.013581
-188.82,0.77857,0.76791,0.95539,0.013695
-188,0.77878,0.76793,0.95559,0.01393
-186.82,0.77894,0.76782,0.95563,0.014275
-185.38,0.77903,0.76758,0.95551,0.014706
-183.8,0.77906,0.76723,0.95524,0.015195
-182.3,0.77904,0.76683,0.95489,0.015671
-180.84,0.77897,0.76639,0.95446,0.016151
-179.44,0.77885,0.76591,0.95397,0.016621
-178.14,0.7787,0.76541,0.95342,0.017069
-176.63,0.77846,0.76475,0.95268,0.017605
-175.3,0.77818,0.7641,0.9519,0.018092
-174.16,0.77787,0.76346,0.95111,0.018519
-173.23,0.77754,0.76287,0.95034,0.018874
-172.55,0.77722,0.76235,0.94964,0.019135
-172.09,0.7769,0.7619,0.949,0.019313
-171.84,0.7766,0.76152,0.94843,0.019411
-171.76,0.77631,0.76122,0.94795,0.019438
-171.84,0.77605,0.76099,0.94754,0.019407
-172.05,0.77583,0.76084,0.94722,0.019322
-172.4,0.77563,0.76076,0.94699,0.019179
-172.94,0.77547,0.76077,0.94687,0.018967
-173.67,0.77536,0.76088,0.94687,0.018684
-174.61,0.7753,0.76109,0.94699,0.018328
-175.72,0.77529,0.7614,0.94725,0.017913
-176.96,0.77533,0.7618,0.94761,0.017463
-178.29,0.77543,0.76226,0.94808,0.016994
-179.61,0.77559,0.76276,0.94862,0.01654
-180.89,0.77578,0.76328,0.94922,0.01611
-182.16,0.77601,0.76383,0.94987,0.015697
-183.52,0.77629,0.76444,0.95061,0.015264
-184.93,0.77661,0.76509,0.95142,0.014829
-186.35,0.77696,0.76577,0.95227,0.014403
-187.66,0.77733,0.76643,0.95313,0.01402
-188.57,0.77766,0.76696,0.95385,0.013762
-189.12,0.77799,0.7674,0.95449,0.013607
-189.22,0.77829,0.76772,0.95502,0.013581
-188.82,0.77857,0.76791,0.95539,0.013695
-188,0.77878,0.76793,0.95559,0.01393
-186.82,0.77894,0.76782,0.95563,0.014275
-185.38,0.77903,0.76758,0.95551,0.014706
-183.8,0.77906,0.76723,0.95524,0.015195
-182.3,0.77904,0.76683,0.95489,0.015671
-180.84,0.77897,0.76639,0.95446,0.016151
-179.44,0.77885,0.76591,0.95397,0.016621
-178.14,0.7787,0.76541,0.95342,0.017069
-176.63,0.77846,0.76475,0.95268,0.017605
-175.3,0.77818,0.7641,0.9519,0.018092
-174.16,0.77787,0.76346,0.95111,0.018519
-173.23,0.77754,0.76287,0.95034,0.018874
-172.55,0.77722,0.76235,0.94964,0.019135
-172.09,0.7769,0.7619,0.949,0.019313
-171.84,0.7766,0.76152,0.94843,0.019411
-171.76,0.77631,0.76122,0.94795,0.019438
-171.84,0.77605,0.76099,0.94754,0.019407
-172.05,0.77583,0.76084,0.94722,0.019322
-172.4,0.77563,0.76076,0.94699,0.019179
-172.94,0.77547,0.76077,0.94687,0.018967
-173.67,0.77536,0.76088,0.94687,0.018684
-174.61,0.7753,0.76109,0.94699,0.018328
-175.72,0.77529,0.7614,0.94725,0.017913
-176.96,0.77533,0.7618,0.94761,0.017463
-178.29,0.77543,0.76226,0.94808,0.016994
-179.61,0.77559,0.76276,0.94862,0.01654
-180.89,0.77578,0.76328,0.94922,0.01611
-182.16,0.77601,0.76383,0.94987,0.015697
-183.52,0.77629,0.76444,0.95061,0.015264
-184.93,0.77661,0.76509,0.95142,0.014829
-186.35,0.77696,0.76577,0.95227,0.014403
-187.66,0.77733,0.76643,0.95313,0.01402
-188.57,0.77766,0.76696,0.95385,0.013762
-189.12,0.77799,0.7674,0.95449,0.013607
-189.22,0.77829,0.76772,0.95502,0.013581
-188.82,0.77857,0.76791,0.95539,0.013695
-188,0.77878,0.76793,0.95559,0.01393
-186.82,0.77894,0.76782,0.95563,0.014275
-185.38,0.77903,0.76758,0.95551,0.014706
-183.8,0.77906,0.76723,0.95524,0.015195
-182.3,0.77904,0.76683,0.95489,0.015671
-180.84,0.77897,0.76639,0.95446,0.016151
-179.44,0.77885,0.76591,0.95397,0.016621
-178.14,0.7787,0.76541,0.95342,0.017069
-176.63,0.77846,0.76475,0.95268,0.017605
-175.3,0.77818,0.7641,0.9519,0.018092
-174.16,0.77787,0.76346,0.95111,0.018519
-173.23,0.77754,0.76287,0.95034,0.018874
-172.55,0.77722,0.76235,0.94964,0.019135
-172.09,0.7769,0.7619,0.949,0.019313
-171.84,0.7766,0.76152,0.94843,0.019411
-171.76,0.77631,0.76122,0.94795,0.019438
-171.84,0.77605,0.76099,0.94754,0.019407
-172.05,0.77583,0.76084,0.94722,0.019322
-172.4,0.77563,0.76076,0.94699,0.019179
-172.94,0.77547,0.76077,0.94687,0.018967
-173.67,0.77536,0.76088,0.94687,0.018684
-174.61,0.7753,0.76109,0.94699,0.018328
-175.72,0.77529,0.7614,0.94725,0.017913
-176.96,0.77533,0.7618,0.94761,0.017463
-178.29,0.77543,0.76226,0.94808,0.016994
-179.61,0.77559,0.76276,0.94862,0.01654
-180.89,0.77578,0.76328,0.94922,0.01611
-182.16,0.77601,0.76383,0.94987,0.015697
-183.52,0.77629,0.76444,0.95061,0.015264
-184.93,0.77661,0.76509,0.95142,0.014829
-186.35,0.77696,0.76577,0.95227,0.014403
-187.66,0.77733,0.76643,0.95313,0.01402
-188.57,0.77766,0.76696,0.95385,0.013762
-189.12,0.77799,0.7674,0.95449,0.013607
-189.22,0.77829,0.76772,0.95502,0.013581
-188.82,0.77857,0.76791,0.95539,0.013695
-188,0.77878,0.76793,0.95559,0.01393
-186.82,0.77894,0.76782,0.95563,0.014275
-185.38,0.77903,0.76758,0.95551,0.014706
-183.8,0.77906,0.76723,0.95524,0.015195
-182.3,0.77904,0.76683,0.95489,0.015671
-180.84,0.77897,0.76639,0.95446,0.016151
-179.44,0.77885,0.76591,0.95397,0.016621
-178.14,0.7787,0.76541,0.95342,0.017069
-176.63,0.77846,0.76475,0.95268,0.017605
-175.3,0.77818,0.7641,0.9519,0.018092
-174.16,0.77787,0.76346,0.95111,0.018519
-173.23,0.77754,0.76287,0.95034,0.018874
-172.55,0.77722,0.76235,0.94964,0.019135
-172.09,0.7769,0.7619,0.949,0.019313
-171.84,0.7766,0.76152,0.94843,0.019411
-171.76,0.77631,0.76122,0.94795,0.019438
-171.84,0.77605,0.76099,0.94754,0.019407
-172.05,0.77583,0.76084,0.94722,0.019322
-172.4,0.77563,0.76076,0.94699,0.019179
-172.94,0.77547,0.76077,0.94687,0.018967
-173.67,0.77536,0.76088,0.94687,0.018684
-174.61,0.7753,0.76109,0.94699,0.018328
-175.72,0.77529,0.7614,0.94725,0.017913
-176.96,0.77533,0.7618,0.94761,0.017463
-178.29,0.77543,0.76226,0.94808,0.016994
-179.61,0.77559,0.76276,0.94862,0.01654
-180.89,0.77578,0.76328,0.94922,0.01611
-182.16,0.77601,0.76383,0.94987,0.015697
-183.52,0.77629,0.76444,0.95061,0.015264
-184.93,0.77661,0.76509,0.95142,0.014829
-186.35,0.77696,0.76577,0.95227,0.014403
-187.66,0.77733,0.76643,0.95313,0.01402
-188.57,0.77766,0.76696,0.95385,0.013762
-189.12,0.77799,0.7674,0.95449,0.013607
-189.22,0.77829,0.76772,0.95502,0.013581
-188.82,0.77857,0.76791,0.95539,0.013695
-188,0.77878,0.76793,0.95559,0.01393
-186.82,0.77894,0.76782,0.95563,0.014275
-185.38,0.77903,0.76758,0.95551,0.014706
-183.8,0.77906,0.76723,0.95524,0.015195
-182.3,0.77904,0.76683,0.95489,0.015671
-180.84,0.77897,0.76639,0.95446,0.016151
-179.44,0.77885,0.76591,0.95397,0.016621
-178.14,0.7787,0.76541,0.95342,0.017069
-176.63,0.77846,0.76475,0.95268,0.017605
-175.3,0.77818,0.7641,0.9519,0.018092
-174.16,0.77787,0.76346,0.95111,0.018519
-173.23,0.77754,0.76287,0.95034,0.018874
-172.55,0.77722,0.76235,0.94964,0.019135
-172.09,0.7769,0.7619,0.949,0.019313
-171.84,0.7766,0.76152,0.94843,0.019411
-171.76,0.77631,0.76122,0.94795,0.019438
-171.84,0.77605,0.76099,0.94754,0.019407
-172.05,0.77583,0.76084,0.94722,0.019322
-172.4,0.77563,0.76076,0.94699,0.019179
-172.94,0.77547,0.76077,0.94687,0.018967
-173.67,0.77536,0.76088,0.94687,0.018684
-174.61,0.7753,0.76109,0.94699,0.018328
-175.72,0.77529,0.7614,0.94725,0.017913
-176.96,0.77533,0.7618,0.94761,0.017463
-178.29,0.77543,0.76226,0.94808,0.016994
-179.61,0.77559,0.76276,0.94862,0.01654
-180.89,0.77578,0.76328,0.94922,0.01611
-182.16,0.77601,0.76383,0.94987,0.015697
-183.52,0.77629,0.76444,0.95061,0.015264
-184.93,0.77661,0.76509,0.95142,0.014829
-186.35,0.77696,0.76577,0.95227,0.014403
-187.66,0.77733,0.76643,0.95313,0.01402
-188.57,0.77766,0.76696,0.95385,0.013762
-189.12,0.77799,0.7674,0.95449,0.013607
-189.22,0.77829,0.76772,0.95502,0.013581
-188.82,0.77857,0.76791,0.95539,0.013695
-188,0.77878,0.76793,0.95559,0.01393
-186.82,0.77894,0.76782,0.95563,0.014275
-185.38,0.77903,0.76758,0.95551,0.014706
-183.8,0.77906,0.76723,0.95524,0.015195
-182.3,0.77904,0.76683,0.95489,0.015671
-180.84,0.77897,0.76639,0.95446,0.016151
-179.44,0.77885,0.76591,0.95397,0.016621
-178.14,0.7787,0.76541,0.95342,0.017069
-176.63,0.77846,0.76475,0.95268,0.017605
-175.3,0.77818,0.7641,0.9519,0.018092
-174.16,0.77787,0.76346,0.95111,0.018519
-173.23,0.77754,0.76287,0.95034,0.018874
-172.55,0.77722,0.76235,0.94964,0.019135
-172.09,0.7769,0.7619,0.949,0.019313
-171.84,0.7766,0.76152,0.94843,0.019411
-171.76,0.77631,0.76122,0.94795,0.019438
-171.84,0.77605,0.76099,0.94754,0.019407
-172.05,0.77583,0.76084,0.94722,0.019322
-172.4,0.77563,0.76076,0.94699,0.019179
-172.94,0.77547,0.76077,0.94687,0.018967
-173.67,0.77536,0.76088,0.94687,0.018684
-174.61,0.7753,0.76109,0.94699,0.018328
-175.72,0.77529,0.7614,0.94725,0.017913
-176.96,0.77533,0.7618,0.94761,0.017463
-178.29,0.77543,0.76226,0.94808,0.016994
-179.61,0.77559,0.76276,0.94862,0.01654
-180.89,0.77578,0.76328,0.94922,0.01611
-182.16,0.77601,0.76383,0.94987,0.015697
-183.52,0.77629,0.76444,0.95061,0.015264
-184.93,0.77661,0.76509,0.95142,0.014829
-186.35,0.77696,0.76577,0.95227,0.014403
-187.66,0.77733,0.76643,0.95313,0.01402
-188.57,0.77766,0.76696,0.95385,0.013762
-189.12,0.77799,0.7674,0.95449,0.013607
-189.22,0.77829,0.76772,0.95502,0.013581
-188.82,0.77857,0.76791,0.95539,0.013695
-188,0.77878,0.76793,0.95559,0.01393
-186.82,0.77894,0.76782,0.95563,0.014275
-185.38,0.77903,0.76758,0.95551,0.014706
-183.8,0.77906,0.76723,0.95524,0.015195
-182.3,0.77904,0.76683,0.95489,0.015671
-180.84,0.77897,0.76639,0.95446,0.016151
-179.44,0.77885,0.76591,0.95397,0.016621
-178.14,0.7787,0.76541,0.95342,0.017069
-176.63,0.77846,0.76475,0.95268,0.017605
-175.3,0.77818,0.7641,0.9519,0.018092
-174.16,0.77787,0.76346,0.95111,0.018519
-173.23,0.77754,0.76287,0.95034,0.018874
-172.55,0.77722,0.76235,0.94964,0.019135
-172.09,0.7769,0.7619,0.949,0.019313
-171.84,0.7766,0.76152,0.94843,0.019411
-171.76,0.77631,0.76122,0.94795,0.019438
-171.84,0.77605,0.76099,0.94754,0.019407
-172.05,0.77583,0.76084,0.94722,0.019322
-172.4,0.77563,0.76076,0.94699,0.019179
-172.94,0.77547,0.76077,0.94687,0.018967
-173.67,0.77536,0.76088,0.94687,0.018684
-174.61,0.7753,0.76109,0.94699,0.018328
-175.72,0.77529,0.7614,0.94725,0.017913
-176.96,0.77533,0.7618,0.94761,0.017463
-178.29,0.77543,0.76226,0.94808,0.016994
-179.61,0.77559,0.76276,0.94862,0.01654
-180.89,0.77578,0.76328,0.94922,0.01611
-182.16,0.77601,0.76383,0.94987,0.015697
-183.52,0.77629,0.76444,0.95061,0.015264
-184.93,0.77661,0.76509,0.95142,0.014829
-186.35,0.77696,0.76577,0.95227,0.014403
-187.66,0.77733,0.76643,0.95313,0.01402
-188.57,0.77766,0.76696,0.95385,0.013762
-189.12,0.77799,0.7674,0.95449,0.013607
-189.22,0.77829,0.76772,0.95502,0.013581
-188.82,0.77857,0.76791,0.95539,0.013695
-188,0.77878,0.76793,0.95559,0.01393
-186.82,0.77894,0.76782,0.95563,0.014275
-185.38,0.77903,0.76758,0.95551,0.014706
-183.8,0.77906,0.76723,0.95524,0.015195
-182.3,0.77904,0.76683,0.95489,0.015671
-180.84,0.77897,0.76639,0.95446,0.016151
-179.44,0.77885,0.76591,0.95397,0.016621
-178.14,0.7787,0.76541,0.95342,0.017069
-176.63,0.77846,0.76475,0.95268,0.017605
-175.3,0.77818,0.7641,0.9519,0.018092
-174.16,0.77787,0.76346,0.95111,0.018519
-173.23,0.77754,0.76287,0.95034,0.018874
-172.55,0.77722,0.76235,0.94964,0.019135
-172.09,0.7769,0.7619,0.949,0.019313
-171.84,0.7766,0.76152,0.94843,0.019411
-171.76,0.77631,0.76122,0.94795,0.019438
-171.84,0.77605,0.76099,0.94754,0.019407
-172.05,0.77583,0.76084,0.94722,0.019322
-172.4,0.77563,0.76076,0.94699,0.019179
-172.94,0.77547,0.76077,0.94687,0.018967
-173.67,0.77536,0.76088,0.94687,0.018684
-174.61,0.7753,0.76109,0.94699,0.018328
-175.72,0.77529,0.7614,0.94725,0.017913
-176.96,0.77533,0.7618,0.94761,0.017463
-177.31,0.77536,0.76191,0.94773,0.017337
-177.67,0.77538,0.76204,0.94785,0.017211
-178.03,0.77541,0.76216,0.94798,0.017085
-178.38,0.77544,0.76229,0.94811,0.016961
