-200,0.75,0.74196,0.90997,0.010723
-201.39,0.75292,0.74507,0.91499,0.010433
-202.75,0.75567,0.748,0.91972,0.010155
-204.09,0.75825,0.75075,0.92417,0.0098883
-205.42,0.76067,0.75335,0.92835,0.0096293
-207.13,0.76354,0.75643,0.93331,0.0093063
-208.86,0.76617,0.75929,0.93788,0.0089878
-210.6,0.7686,0.76193,0.9421,0.0086779
-212.28,0.77082,0.76435,0.94597,0.0083885
-213.66,0.77266,0.76636,0.94919,0.0081588
-214.79,0.77436,0.76818,0.95212,0.0079752
-215.58,0.7759,0.76981,0.95477,0.0078492
-215.99,0.7773,0.77125,0.95712,0.0077884
-215.98,0.7785,0.77243,0.95911,0.0077937
-215.61,0.77957,0.77344,0.96084,0.0078572
-214.94,0.7805,0.77428,0.96232,0.007971
-214.05,0.78132,0.77497,0.96358,0.0081237
-212.97,0.78206,0.77556,0.96468,0.0083116
-211.84,0.78268,0.77602,0.96558,0.0085116
-210.74,0.78321,0.77638,0.96632,0.0087103
-209.72,0.78364,0.77667,0.96693,0.0088982
-208.56,0.7841,0.77695,0.96754,0.0091171
-207.6,0.78446,0.77716,0.96802,0.0093026
-206.85,0.78474,0.77732,0.96838,0.0094501
-206.33,0.78495,0.77746,0.96868,0.0095534
-206.07,0.78513,0.77759,0.96893,0.009606
-206.08,0.78528,0.77774,0.96918,0.0096059
-206.33,0.78541,0.7779,0.96943,0.0095566
-206.79,0.78554,0.7781,0.9697,0.0094659
-207.39,0.78566,0.77831,0.96998,0.0093496
-208.13,0.78579,0.77856,0.97029,0.0092059
-209.05,0.78593,0.77883,0.97063,0.0090327
-210.17,0.78608,0.77914,0.97102,0.0088261
-211.39,0.78624,0.77947,0.97142,0.0086054
-212.78,0.78641,0.77984,0.97187,0.0083598
-214.31,0.78661,0.78023,0.97237,0.0080985
-215.91,0.78682,0.78066,0.9729,0.0078335
-217.49,0.78705,0.78108,0.97344,0.007581
-219.04,0.78728,0.78151,0.97399,0.0073409
-220.55,0.78753,0.78193,0.97455,0.0071135
-222.05,0.78779,0.78236,0.97512,0.0068951
-223.61,0.78805,0.78279,0.97571,0.0066758
-225.19,0.78832,0.78323,0.9763,0.0064596
-226.76,0.7886,0.78367,0.97688,0.0062516
-228.24,0.78887,0.78408,0.97746,0.0060633
-229.77,0.78921,0.78458,0.97816,0.0058724
-230.6,0.78953,0.78497,0.97875,0.0057726
-230.55,0.7898,0.78523,0.97919,0.005779
-229.67,0.79001,0.78536,0.97947,0.0058867
-228.23,0.79014,0.78534,0.97957,0.0060667
-226.53,0.7902,0.78523,0.97953,0.006287
-224.81,0.7902,0.78505,0.97938,0.0065169
-223.23,0.79016,0.78484,0.97916,0.0067342
-221.92,0.79008,0.78461,0.97891,0.0069207
-220.84,0.78998,0.78439,0.97864,0.0070785
-220.01,0.78987,0.78418,0.97838,0.0072023
-219.45,0.78976,0.78401,0.97814,0.0072858
-219.22,0.78967,0.78389,0.97796,0.0073212
-219.2,0.78959,0.7838,0.97783,0.007324
-219.37,0.78952,0.78376,0.97773,0.0072976
-219.7,0.78947,0.78374,0.97768,0.0072467
-220.17,0.78943,0.78377,0.97766,0.0071761
-220.78,0.78941,0.78382,0.9777,0.0070852
-221.56,0.78942,0.78392,0.97778,0.0069719
-222.52,0.78944,0.78405,0.97791,0.0068335
-223.62,0.78949,0.78422,0.97809,0.0066785
-224.88,0.78956,0.78442,0.97832,0.006505
-226.26,0.78965,0.78466,0.97859,0.0063203
-227.7,0.78976,0.78491,0.97889,0.0061334
-229.11,0.78988,0.78518,0.97922,0.0059561
-230.49,0.79002,0.78545,0.97956,0.0057874
-231.84,0.79017,0.78572,0.97991,0.005627
-233.18,0.79033,0.786,0.98028,0.0054718
-234.56,0.79049,0.78629,0.98065,0.005317
-235.96,0.79067,0.78658,0.98104,0.0051637
-237.34,0.79084,0.78687,0.98143,0.0050166
-238.62,0.79102,0.78715,0.98181,0.0048845
-239.86,0.79123,0.78746,0.98225,0.0047602
-240.51,0.79143,0.78771,0.98261,0.0046967
-240.43,0.79159,0.78787,0.98289,0.004705
-239.63,0.79172,0.78793,0.98304,0.0047843
-238.49,0.79179,0.78791,0.98308,0.0048993
-237.1,0.79182,0.78783,0.98304,0.0050441
-235.6,0.79182,0.7877,0.98293,0.005205
-234.11,0.79178,0.78753,0.98276,0.0053693
-232.8,0.79173,0.78736,0.98258,0.005519
-231.6,0.79166,0.78718,0.98236,0.0056585
-230.54,0.79157,0.787,0.98214,0.0057846
-229.64,0.79148,0.78682,0.98191,0.0058951
-228.8,0.79137,0.78663,0.98167,0.0059987
-228.19,0.79126,0.78646,0.98143,0.0060751
-227.82,0.79116,0.78632,0.98123,0.0061216
-227.69,0.79107,0.78621,0.98106,0.0061383
-227.81,0.79097,0.78613,0.98092,0.0061229
-228.17,0.7909,0.7861,0.98083,0.0060764
-228.76,0.79086,0.78611,0.98081,0.0060028
-229.59,0.79084,0.78618,0.98085,0.0058995
-230.43,0.79085,0.78627,0.98093,0.0057966
-231.46,0.79088,0.78639,0.98106,0.0056729
-232.67,0.79093,0.78655,0.98124,0.0055322
-233.99,0.791,0.78674,0.98145,0.0053815
-235.36,0.79109,0.78695,0.9817,0.0052293
-236.73,0.79119,0.78717,0.98197,0.0050821
-238.06,0.79131,0.7874,0.98225,0.0049427
-239.37,0.79143,0.78763,0.98255,0.0048099
-241,0.7916,0.78792,0.98293,0.0046488
-242.68,0.79177,0.78822,0.98333,0.0044888
-244.34,0.79196,0.78852,0.98373,0.0043358
-245.79,0.79214,0.78881,0.98412,0.0042063
-246.73,0.79231,0.78904,0.98446,0.0041245
-247.01,0.79246,0.78921,0.98472,0.0041011
-246.53,0.79258,0.78929,0.98489,0.0041425
-245.37,0.79265,0.78929,0.98495,0.0042445
-243.72,0.79268,0.7892,0.9849,0.004394
-241.85,0.79267,0.78905,0.98476,0.0045692
-239.99,0.79261,0.78885,0.98455,0.0047506
-238.27,0.79253,0.78863,0.9843,0.0049239
-236.77,0.79242,0.7884,0.98402,0.005081
-235.5,0.7923,0.78817,0.98373,0.0052175
-234.48,0.79218,0.78796,0.98345,0.0053289
-233.75,0.79206,0.78777,0.98319,0.0054105
-233.37,0.79196,0.78764,0.983,0.005454
-233.2,0.79187,0.78753,0.98283,0.0054727
-233.23,0.79179,0.78746,0.98271,0.0054692
-233.42,0.79173,0.78741,0.98262,0.005447
-233.75,0.79168,0.7874,0.98256,0.0054096
-234.23,0.79165,0.78741,0.98255,0.0053559
-234.88,0.79163,0.78745,0.98257,0.005284
-235.72,0.79164,0.78753,0.98264,0.005192
-236.7,0.79166,0.78763,0.98275,0.0050866
-237.83,0.7917,0.78777,0.98289,0.0049673
-239.07,0.79176,0.78793,0.98307,0.0048402
-240.36,0.79183,0.7881,0.98328,0.004712
-241.59,0.79192,0.78828,0.9835,0.0045921
-242.8,0.79201,0.78847,0.98373,0.0044781
-243.98,0.79212,0.78866,0.98398,0.004369
-245.16,0.79223,0.78885,0.98423,0.0042625
-246.35,0.79234,0.78904,0.98448,0.0041573
-247.57,0.79245,0.78924,0.98475,0.004053
-248.76,0.79257,0.78944,0.98501,0.0039536
-249.83,0.79269,0.78963,0.98527,0.0038662
-250.76,0.79283,0.78982,0.98554,0.0037919
-251.19,0.79295,0.78997,0.98577,0.0037578
-251.02,0.79306,0.79007,0.98593,0.0037712
-250.25,0.79313,0.79009,0.98602,0.0038328
-249.14,0.79317,0.79006,0.98602,0.0039229
-247.76,0.79318,0.78998,0.98597,0.0040379
-246.24,0.79317,0.78986,0.98585,0.0041684
-244.7,0.79313,0.78971,0.9857,0.0043053
-243.28,0.79307,0.78955,0.98552,0.0044351
-241.96,0.793,0.78938,0.98531,0.004559
-240.77,0.79291,0.78921,0.9851,0.0046739
-239.71,0.79282,0.78904,0.98488,0.0047781
-238.7,0.79272,0.78885,0.98464,0.0048807
-237.88,0.79261,0.78868,0.98441,0.0049643
-237.29,0.79251,0.78852,0.98419,0.0050262
-236.92,0.79241,0.7884,0.984,0.0050651
-236.75,0.79231,0.78829,0.98384,0.005082
-236.81,0.79223,0.78821,0.98371,0.0050758
-237.05,0.79217,0.78817,0.98362,0.0050504
-237.46,0.79213,0.78816,0.98358,0.005007
-238.09,0.7921,0.78819,0.98358,0.0049411
-238.99,0.7921,0.78826,0.98363,0.00485
-240.14,0.79212,0.78837,0.98375,0.0047339
-241.52,0.79217,0.78853,0.98391,0.0045994
-242.82,0.79223,0.78869,0.9841,0.0044761
-244.14,0.79231,0.78886,0.98431,0.0043546
-245.42,0.7924,0.78904,0.98453,0.0042391
-246.68,0.7925,0.78923,0.98477,0.0041296
-247.92,0.7926,0.78942,0.98502,0.0040236
-249.2,0.79272,0.78961,0.98527,0.0039178
-250.5,0.79283,0.78981,0.98554,0.0038126
-251.76,0.79296,0.79001,0.9858,0.0037132
-252.74,0.79306,0.79018,0.98603,0.0036383
-253.47,0.79316,0.79032,0.98624,0.0035826
-253.88,0.79326,0.79044,0.98642,0.0035527
-253.87,0.79334,0.79052,0.98656,0.003553
-253.46,0.79341,0.79056,0.98664,0.0035838
-252.69,0.79345,0.79056,0.98668,0.0036425
-251.61,0.79348,0.79052,0.98666,0.0037256
-250.32,0.79348,0.79044,0.9866,0.0038275
-248.89,0.79346,0.79033,0.98649,0.0039439
-247.44,0.79342,0.7902,0.98635,0.0040656
-246.04,0.79337,0.79005,0.98618,0.0041868
-244.72,0.7933,0.78989,0.98599,0.0043033
-243.17,0.7932,0.78967,0.98572,0.0044454
-241.83,0.79308,0.78945,0.98545,0.0045712
-240.74,0.79296,0.78925,0.98518,0.004677
-239.91,0.79284,0.78907,0.98492,0.0047588
-239.36,0.79273,0.78891,0.9847,0.0048131
-239.09,0.79263,0.78879,0.98452,0.0048404
-239.06,0.79254,0.7887,0.98437,0.0048435
-239.23,0.79247,0.78865,0.98427,0.0048263
-239.52,0.79243,0.78863,0.98421,0.0047962
-239.98,0.7924,0.78863,0.98419,0.0047508
-240.61,0.79238,0.78867,0.98421,0.0046879
-241.45,0.79239,0.78874,0.98427,0.0046065
-242.42,0.79241,0.78883,0.98436,0.004514
-243.53,0.79244,0.78895,0.98449,0.0044106
-244.72,0.79249,0.78908,0.98465,0.004302
-245.94,0.79256,0.78924,0.98483,0.0041938
-247.09,0.79263,0.78939,0.98502,0.0040945
-248.21,0.79272,0.78955,0.98522,0.0039999
-249.31,0.7928,0.78971,0.98543,0.0039087
-250.42,0.7929,0.78987,0.98564,0.0038188
-251.53,0.79299,0.79003,0.98585,0.0037313
-252.65,0.79309,0.7902,0.98607,0.0036451
-253.72,0.79319,0.79036,0.98629,0.0035643
-254.66,0.79329,0.79052,0.98651,0.0034952
-255.39,0.7934,0.79067,0.98672,0.0034418
-255.69,0.79349,0.79078,0.98689,0.0034203
-255.48,0.79357,0.79085,0.98701,0.0034357
-254.75,0.79363,0.79086,0.98708,0.0034887
-253.65,0.79366,0.79083,0.98707,0.0035701
-252.27,0.79367,0.79075,0.98701,0.0036748
-250.74,0.79365,0.79063,0.9869,0.0037949
-249.16,0.79361,0.79049,0.98675,0.0039222
-247.7,0.79355,0.79034,0.98657,0.0040442
-246.33,0.79348,0.79017,0.98638,0.0041618
-245.08,0.7934,0.79001,0.98617,0.0042718
-243.96,0.79331,0.78984,0.98595,0.0043726
-242.87,0.7932,0.78965,0.98571,0.0044738
-241.97,0.7931,0.78948,0.98548,0.0045584
-241.29,0.79299,0.78933,0.98527,0.0046236
-240.83,0.7929,0.78919,0.98507,0.0046679
-240.58,0.7928,0.78908,0.9849,0.0046924
-240.55,0.79272,0.789,0.98476,0.0046955
-240.7,0.79265,0.78894,0.98466,0.0046806
-241.01,0.7926,0.78892,0.9846,0.0046494
-241.51,0.79257,0.78892,0.98458,0.0046011
-242.23,0.79256,0.78897,0.9846,0.0045322
-243.2,0.79257,0.78905,0.98468,0.0044417
-244.38,0.7926,0.78916,0.9848,0.0043331
-245.73,0.79265,0.78931,0.98496,0.0042125
-247.13,0.79272,0.78947,0.98516,0.0040909
-248.51,0.7928,0.78965,0.98538,0.0039749
-249.84,0.7929,0.78984,0.98562,0.0038656
-251.3,0.79302,0.79005,0.98589,0.0037493
-252.81,0.79314,0.79026,0.98617,0.0036329
-254.33,0.79328,0.79048,0.98647,0.0035192
-255.69,0.79341,0.7907,0.98675,0.0034206
-256.46,0.79351,0.79084,0.98696,0.0033656
-256.83,0.79361,0.79095,0.98713,0.0033403
-256.69,0.79368,0.79103,0.98726,0.00335
-256.04,0.79374,0.79105,0.98732,0.0033961
-254.93,0.79378,0.79102,0.98733,0.0034762
-253.49,0.79378,0.79094,0.98727,0.0035826
-251.86,0.79376,0.79082,0.98715,0.0037064
-250.19,0.79372,0.79067,0.98699,0.0038385
-248.72,0.79366,0.79052,0.98681,0.0039584
-247.35,0.79359,0.79035,0.98662,0.004074
-246.09,0.79351,0.79019,0.98641,0.0041822
-244.97,0.79342,0.79002,0.9862,0.0042814
-243.86,0.79331,0.78984,0.98596,0.0043815
-242.96,0.79321,0.78966,0.98573,0.0044652
-242.27,0.7931,0.78951,0.98551,0.0045299
-241.8,0.79301,0.78938,0.98532,0.004574
-241.54,0.79291,0.78926,0.98515,0.0045988
-241.5,0.79283,0.78918,0.98501,0.0046025
-241.65,0.79276,0.78913,0.98491,0.0045885
-241.96,0.79271,0.7891,0.98485,0.0045585
-242.46,0.79268,0.78911,0.98482,0.0045113
-243.18,0.79267,0.78915,0.98485,0.0044433
-244.15,0.79268,0.78923,0.98492,0.0043538
-245.35,0.79271,0.78934,0.98504,0.0042467
-246.72,0.79276,0.78949,0.98521,0.0041265
-248.13,0.79283,0.78965,0.9854,0.0040061
-249.52,0.79292,0.78983,0.98563,0.0038916
-250.86,0.79302,0.79002,0.98586,0.0037838
-252.07,0.79311,0.79019,0.98608,0.0036894
-253.31,0.79321,0.79036,0.98631,0.0035949
-254.58,0.79332,0.79054,0.98655,0.0035011
-255.78,0.79343,0.79072,0.98679,0.0034138
-256.68,0.79352,0.79086,0.98699,0.0033501
-257.31,0.79361,0.79099,0.98717,0.0033062
-257.58,0.7937,0.79109,0.98732,0.0032883
-257.41,0.79377,0.79115,0.98743,0.0033001
-256.83,0.79382,0.79116,0.98748,0.0033406
-255.88,0.79385,0.79114,0.98749,0.0034073
-254.66,0.79386,0.79108,0.98745,0.003496
-253.25,0.79385,0.79099,0.98736,0.0036007
-251.78,0.79382,0.79087,0.98724,0.0037135
-250.31,0.79377,0.79073,0.98708,0.0038291
-248.91,0.79371,0.79058,0.9869,0.0039429
-247.61,0.79363,0.79042,0.98671,0.0040513
-246.03,0.79352,0.7902,0.98643,0.0041875
-244.69,0.7934,0.78998,0.98615,0.0043065
-243.61,0.79328,0.78978,0.98589,0.0044046
-242.82,0.79316,0.78961,0.98564,0.0044777
-242.35,0.79305,0.78946,0.98543,0.0045224
-242.13,0.79296,0.78935,0.98526,0.0045424
-242.15,0.79288,0.78928,0.98513,0.0045411
-242.35,0.79282,0.78923,0.98504,0.0045216
-242.68,0.79277,0.78921,0.98499,0.0044901
-243.19,0.79275,0.78923,0.98498,0.0044428
-243.89,0.79274,0.78927,0.98501,0.0043778
-244.8,0.79275,0.78934,0.98508,0.0042952
-245.84,0.79277,0.78944,0.98518,0.0042028
-246.99,0.79281,0.78956,0.98531,0.0041028
-248.19,0.79287,0.7897,0.98547,0.0040012
-249.39,0.79294,0.78984,0.98565,0.0039024
-250.49,0.79301,0.78999,0.98583,0.0038136
-251.57,0.79309,0.79014,0.98602,0.0037283
-252.66,0.79318,0.79029,0.98622,0.0036445
-253.77,0.79327,0.79044,0.98643,0.003561
-254.82,0.79336,0.79059,0.98662,0.0034831
-255.86,0.79344,0.79074,0.98682,0.0034087
-256.79,0.79353,0.79088,0.98701,0.0033427
-257.53,0.79362,0.79101,0.98719,0.0032914
-257.97,0.79371,0.79112,0.98735,0.0032609
-258.03,0.79378,0.79119,0.98748,0.0032569
-257.67,0.79384,0.79123,0.98756,0.0032818
-256.91,0.79388,0.79123,0.9876,0.0033351
-255.69,0.7939,0.79119,0.98757,0.003421
-254.21,0.7939,0.7911,0.9875,0.003529
-252.59,0.79387,0.79097,0.98737,0.0036507
-250.95,0.79382,0.79082,0.9872,0.0037779
-249.46,0.79376,0.79066,0.98702,0.003898
-248.07,0.79368,0.7905,0.98681,0.0040128
-246.81,0.79359,0.79032,0.9866,0.0041196
-245.7,0.7935,0.79016,0.98638,0.0042166
-244.62,0.79339,0.78997,0.98614,0.0043126
-243.76,0.79329,0.7898,0.98591,0.004391
-243.13,0.79318,0.78966,0.9857,0.0044493
-242.73,0.79309,0.78953,0.98552,0.0044867
-242.53,0.79299,0.78942,0.98535,0.0045048
-242.56,0.79292,0.78935,0.98522,0.0045018
-242.78,0.79285,0.7893,0.98513,0.004481
-243.19,0.79281,0.78929,0.98509,0.0044426
-243.79,0.79279,0.78931,0.98508,0.0043875
-244.62,0.79279,0.78937,0.98513,0.0043116
-245.69,0.7928,0.78946,0.98522,0.0042163
-246.94,0.79284,0.78959,0.98536,0.0041072
-248.29,0.7929,0.78973,0.98553,0.0039932
-249.64,0.79297,0.7899,0.98573,0.0038821
-250.95,0.79306,0.79007,0.98594,0.0037773
-252.22,0.79316,0.79024,0.98617,0.0036776
-253.45,0.79325,0.79041,0.98639,0.0035848
-254.71,0.79336,0.79059,0.98662,0.0034916
-255.96,0.79346,0.79076,0.98685,0.0034011
-257.1,0.79357,0.79093,0.98709,0.0033209
-257.96,0.79367,0.79109,0.9873,0.0032618
-258.36,0.79377,0.7912,0.98748,0.0032349
-258.18,0.79385,0.79127,0.9876,0.003247
-257.41,0.79391,0.79129,0.98766,0.0032998
-256.33,0.79393,0.79125,0.98765,0.0033756
-254.97,0.79393,0.79118,0.98759,0.0034733
-253.45,0.79391,0.79107,0.98748,0.0035858
-251.88,0.79387,0.79093,0.98734,0.0037057
-250.38,0.79382,0.79078,0.98716,0.0038233
-248.98,0.79375,0.79062,0.98697,0.0039372
-247.69,0.79367,0.79046,0.98677,0.0040445
-246.54,0.79358,0.79029,0.98656,0.0041434
-245.39,0.79348,0.79011,0.98632,0.0042442
-244.44,0.79337,0.78993,0.98609,0.0043295
-243.7,0.79327,0.78978,0.98587,0.0043968
-243.18,0.79317,0.78964,0.98568,0.0044444
-242.87,0.79307,0.78952,0.9855,0.0044734
-242.78,0.79299,0.78944,0.98535,0.0044816
-242.87,0.79292,0.78938,0.98525,0.0044725
-243.14,0.79287,0.78934,0.98518,0.0044479
-243.56,0.79283,0.78934,0.98515,0.0044083
-244.2,0.79282,0.78937,0.98515,0.0043503
-245.06,0.79282,0.78943,0.98521,0.0042725
-246.14,0.79284,0.78953,0.9853,0.0041772
-247.35,0.79288,0.78965,0.98544,0.0040721
-248.64,0.79293,0.78979,0.9856,0.003964
-249.92,0.79301,0.78995,0.98579,0.0038589
-251.17,0.79309,0.79011,0.986,0.0037594
-252.38,0.79318,0.79027,0.98621,0.0036661
-253.6,0.79327,0.79044,0.98643,0.0035737
-254.85,0.79337,0.79061,0.98666,0.003481
-256.11,0.79348,0.79079,0.98689,0.0033908
-257.04,0.79356,0.79093,0.98707,0.0033254
-257.82,0.79365,0.79105,0.98725,0.0032718
-258.35,0.79373,0.79116,0.98741,0.0032353
-258.57,0.7938,0.79125,0.98754,0.0032206
-258.42,0.79386,0.7913,0.98764,0.0032309
-257.9,0.79391,0.79132,0.98769,0.0032664
-257.04,0.79394,0.7913,0.9877,0.0033258
-255.91,0.79395,0.79125,0.98767,0.0034057
-254.42,0.79395,0.79116,0.98758,0.0035138
-252.82,0.79391,0.79103,0.98745,0.0036332
-251.23,0.79386,0.79088,0.98728,0.0037564
-249.71,0.79379,0.79072,0.98709,0.0038775
-247.98,0.79369,0.7905,0.98683,0.0040207
-246.46,0.79358,0.79028,0.98655,0.0041499
-245.2,0.79346,0.79007,0.98627,0.0042613
-244.2,0.79333,0.78988,0.98601,0.004351
-243.54,0.79323,0.78973,0.9858,0.0044111
-243.13,0.79313,0.7896,0.98561,0.0044486
-242.96,0.79304,0.7895,0.98545,0.0044649
-242.98,0.79297,0.78943,0.98533,0.004463
-243.15,0.79291,0.78939,0.98525,0.0044466
-243.48,0.79287,0.78937,0.9852,0.0044158
-243.99,0.79284,0.78938,0.98519,0.0043693
-244.7,0.79283,0.78942,0.98521,0.0043049
-245.55,0.79284,0.78949,0.98527,0.0042286
-246.57,0.79286,0.78958,0.98537,0.0041393
-247.71,0.7929,0.7897,0.9855,0.0040421
-248.9,0.79296,0.78983,0.98566,0.0039426
-250.04,0.79302,0.78997,0.98582,0.0038497
-251.15,0.79309,0.79011,0.986,0.0037613
-252.24,0.79317,0.79026,0.98619,0.0036767
-253.32,0.79326,0.79041,0.98639,0.003594
-254.43,0.79334,0.79056,0.98659,0.0035122
-255.55,0.79344,0.79071,0.98679,0.0034308
-256.64,0.79353,0.79087,0.987,0.0033533
-257.61,0.79362,0.79102,0.9872,0.003286
-258.4,0.79373,0.79116,0.98741,0.0032318
-258.7,0.79382,0.79127,0.98758,0.0032117
-258.41,0.7939,0.79133,0.98769,0.0032319
-257.51,0.79395,0.79133,0.98773,0.0032931
-256.28,0.79397,0.79128,0.98771,0.0033795
-254.77,0.79396,0.79119,0.98763,0.0034879
-253.13,0.79393,0.79106,0.9875,0.0036097
-251.48,0.79388,0.79091,0.98733,0.0037367
-249.97,0.79381,0.79075,0.98714,0.0038562
-248.58,0.79374,0.79058,0.98693,0.0039702
-247.32,0.79365,0.79041,0.98672,0.0040762
-246.21,0.79356,0.79024,0.9865,0.0041723
-245.13,0.79345,0.79006,0.98626,0.0042673
-244.27,0.79334,0.78989,0.98603,0.0043445
-243.64,0.79324,0.78975,0.98582,0.0044016
-243.25,0.79314,0.78962,0.98564,0.0044378
-243.07,0.79305,0.78952,0.98547,0.0044549
-243.11,0.79297,0.78944,0.98534,0.0044508
-243.34,0.79291,0.7894,0.98526,0.0044287
-243.78,0.79287,0.78939,0.98521,0.0043885
-244.33,0.79285,0.78941,0.98522,0.0043378
-245.09,0.79285,0.78946,0.98526,0.00427
-246.03,0.79286,0.78954,0.98533,0.0041862
-247.14,0.79289,0.78965,0.98545,0.0040902
-248.35,0.79294,0.78978,0.98559,0.0039885
-249.57,0.793,0.78992,0.98576,0.0038875
-250.77,0.79307,0.79007,0.98595,0.0037911
-251.94,0.79315,0.79022,0.98615,0.0036998
-253.33,0.79326,0.79041,0.98639,0.0035936
-254.77,0.79338,0.79061,0.98665,0.0034871
-256.23,0.7935,0.79081,0.98692,0.0033824
-257.55,0.79362,0.79101,0.98719,0.0032899
-258.49,0.79374,0.79118,0.98743,0.0032257
-258.78,0.79384,0.7913,0.98762,0.0032063
-258.28,0.79392,0.79135,0.98773,0.0032404
-257.02,0.79397,0.79133,0.98774,0.003327
-255.15,0.79397,0.79122,0.98766,0.0034603
-253,0.79393,0.79106,0.98749,0.0036192
-250.86,0.79386,0.79085,0.98726,0.0037852
-248.89,0.79376,0.79063,0.98699,0.0039447
-247.17,0.79364,0.79039,0.98669,0.0040893
-245.72,0.79351,0.79017,0.9864,0.0042148
-244.58,0.79338,0.78995,0.98611,0.0043169
-243.76,0.79325,0.78977,0.98585,0.0043909
-243.32,0.79315,0.78963,0.98565,0.0044315
-243.14,0.79306,0.78953,0.98549,0.0044484
-243.17,0.79298,0.78946,0.98536,0.0044451
-243.39,0.79292,0.78941,0.98528,0.0044246
-243.75,0.79288,0.7894,0.98524,0.0043916
-244.28,0.79286,0.78942,0.98523,0.0043424
-245.03,0.79285,0.78946,0.98526,0.004275
-245.99,0.79287,0.78954,0.98534,0.0041903
-247.07,0.79289,0.78965,0.98545,0.0040961
-248.26,0.79294,0.78977,0.98559,0.003996
-249.47,0.793,0.78991,0.98576,0.0038957
-250.67,0.79307,0.79006,0.98594,0.0037993
-251.77,0.79314,0.7902,0.98612,0.0037127
-252.86,0.79323,0.79035,0.98631,0.0036289
-253.97,0.79331,0.7905,0.98651,0.0035457
-255.11,0.7934,0.79066,0.98672,0.0034625
-256.15,0.79349,0.7908,0.98691,0.0033876
-257.14,0.79358,0.79094,0.9871,0.0033183
-257.98,0.79367,0.79108,0.98729,0.0032603
-258.58,0.79375,0.79119,0.98745,0.0032198
-258.83,0.79382,0.79128,0.98759,0.0032029
-258.71,0.79389,0.79134,0.98769,0.0032113
-258.2,0.79394,0.79136,0.98775,0.003246
-257.33,0.79397,0.79134,0.98776,0.0033059
-255.46,0.79398,0.79125,0.98769,0.0034376
-253.27,0.79394,0.79109,0.98752,0.0035989
-251.06,0.79387,0.79088,0.98729,0.0037696
-249.02,0.79377,0.79064,0.98701,0.0039343
-247.38,0.79366,0.79042,0.98673,0.0040715
-245.98,0.79354,0.79021,0.98645,0.0041924
-244.84,0.79341,0.79001,0.98618,0.004293
-243.99,0.79329,0.78983,0.98593,0.0043696
-243.51,0.79319,0.78969,0.98574,0.0044143
-243.24,0.79311,0.78958,0.98558,0.0044387
-243.17,0.79303,0.7895,0.98544,0.0044451
-243.27,0.79297,0.78945,0.98534,0.0044362
-243.5,0.79292,0.78942,0.98528,0.0044145
-243.88,0.79288,0.78941,0.98524,0.0043789
-244.45,0.79286,0.78943,0.98525,0.0043275
-245.21,0.79286,0.78948,0.98528,0.0042592
-246.11,0.79287,0.78956,0.98536,0.0041793
-247.16,0.7929,0.78966,0.98547,0.0040886
-248.3,0.79294,0.78978,0.9856,0.0039922
-249.47,0.793,0.78991,0.98576,0.0038955
-250.58,0.79307,0.79005,0.98593,0.0038062
-251.66,0.79314,0.79019,0.9861,0.0037212
-252.72,0.79322,0.79033,0.98629,0.0036394
-253.8,0.7933,0.79048,0.98648,0.0035588
-254.87,0.79339,0.79063,0.98668,0.0034799
-255.95,0.79347,0.79078,0.98688,0.0034019
-256.99,0.79357,0.79092,0.98707,0.0033285
-257.9,0.79366,0.79106,0.98727,0.0032658
-258.61,0.79375,0.7912,0.98746,0.0032177
-258.88,0.79384,0.7913,0.98761,0.0032001
-258.61,0.79391,0.79136,0.98772,0.003218
-257.82,0.79396,0.79136,0.98777,0.0032721
-256.66,0.79398,0.79132,0.98775,0.0033527
-255.22,0.79398,0.79124,0.98768,0.0034553
-253.63,0.79395,0.79112,0.98756,0.0035722
-252.01,0.79391,0.79097,0.9874,0.0036956
-250.51,0.79385,0.79082,0.98722,0.0038135
-249.11,0.79377,0.79066,0.98703,0.0039269
-247.83,0.79369,0.79049,0.98682,0.0040331
-246.69,0.7936,0.79032,0.9866,0.0041302
-245.57,0.7935,0.79014,0.98636,0.0042278
-244.66,0.79339,0.78997,0.98613,0.0043091
-243.97,0.79329,0.78982,0.98592,0.0043716
-243.51,0.79319,0.78969,0.98573,0.004414
-243.25,0.7931,0.78958,0.98556,0.0044379
-243.21,0.79302,0.78949,0.98542,0.0044413
-243.36,0.79295,0.78944,0.98533,0.0044276
-243.68,0.7929,0.78942,0.98527,0.004398
-244.21,0.79287,0.78942,0.98525,0.0043493
-244.99,0.79286,0.78947,0.98528,0.0042786
-246.04,0.79287,0.78955,0.98536,0.0041858
-247.3,0.79291,0.78967,0.98548,0.0040764
-248.58,0.79296,0.78981,0.98564,0.0039687
-249.88,0.79302,0.78996,0.98582,0.0038624
-251.15,0.7931,0.79012,0.98602,0.0037614
-252.38,0.79319,0.79028,0.98623,0.0036658
-253.61,0.79329,0.79045,0.98645,0.0035727
-254.88,0.79339,0.79063,0.98668,0.0034792
-256.16,0.79349,0.79081,0.98692,0.0033869
-257.37,0.7936,0.79098,0.98715,0.0033025
-258.27,0.7937,0.79113,0.98736,0.003241
-258.8,0.79379,0.79125,0.98753,0.003205
-258.86,0.79387,0.79133,0.98767,0.0032014
-258.38,0.79393,0.79137,0.98775,0.0032336
-257.49,0.79397,0.79136,0.98777,0.0032947
-256.25,0.79399,0.7913,0.98774,0.0033813
-254.78,0.79398,0.79121,0.98765,0.003487
-253.2,0.79395,0.79108,0.98753,0.0036044
-251.71,0.7939,0.79095,0.98737,0.0037186
-250.28,0.79384,0.7908,0.9872,0.0038315
-248.95,0.79377,0.79064,0.987,0.0039396
-247.74,0.79368,0.79048,0.9868,0.0040407
-246.47,0.79358,0.79029,0.98656,0.0041498
-245.38,0.79348,0.79011,0.98632,0.0042446
-244.51,0.79337,0.78994,0.98609,0.0043225
-243.87,0.79327,0.78979,0.98588,0.0043811
-243.43,0.79317,0.78966,0.98569,0.0044209
-243.24,0.79308,0.78956,0.98553,0.0044389
-243.25,0.793,0.78948,0.9854,0.0044381
-243.43,0.79294,0.78944,0.98531,0.0044211
-243.74,0.7929,0.78942,0.98527,0.0043917
-244.23,0.79287,0.78943,0.98525,0.0043469
-244.92,0.79286,0.78947,0.98528,0.0042849
-245.82,0.79287,0.78954,0.98534,0.0042054
-246.84,0.79289,0.78963,0.98544,0.0041163
-247.97,0.79293,0.78975,0.98557,0.0040197
-249.16,0.79299,0.78988,0.98572,0.0039212
-250.34,0.79305,0.79002,0.98589,0.0038255
-251.43,0.79312,0.79016,0.98607,0.0037393
-252.5,0.7932,0.7903,0.98625,0.0036566
-253.57,0.79329,0.79045,0.98644,0.0035754
-254.67,0.79337,0.7906,0.98664,0.0034944
-255.71,0.79346,0.79074,0.98683,0.0034187
-256.74,0.79354,0.79089,0.98703,0.0033464
-257.66,0.79363,0.79103,0.98721,0.0032823
-258.39,0.79372,0.79115,0.98739,0.0032324
-258.83,0.7938,0.79126,0.98754,0.003203
-258.88,0.79387,0.79133,0.98767,0.0031996
-258.51,0.79393,0.79137,0.98774,0.0032246
-257.74,0.79397,0.79136,0.98778,0.0032776
-256.52,0.79399,0.79132,0.98775,0.0033626
-255.02,0.79398,0.79123,0.98767,0.0034693
-253.4,0.79395,0.7911,0.98755,0.0035894
-251.76,0.7939,0.79095,0.98738,0.0037151
-250.25,0.79384,0.79079,0.98719,0.003834
-248.85,0.79376,0.79063,0.98699,0.0039477
-247.59,0.79367,0.79046,0.98677,0.0040535
-246.47,0.79358,0.79029,0.98656,0.0041497
-245.38,0.79347,0.79011,0.98632,0.0042451
-244.51,0.79337,0.78994,0.98609,0.0043232
-243.86,0.79326,0.78979,0.98588,0.0043815
-243.45,0.79317,0.78966,0.9857,0.0044191
-243.25,0.79308,0.78956,0.98553,0.0044378
-243.27,0.793,0.78948,0.9854,0.0044357
-243.48,0.79294,0.78943,0.98531,0.004416
-243.88,0.79289,0.78942,0.98526,0.0043789
-244.47,0.79287,0.78944,0.98526,0.0043257
-245.29,0.79287,0.78949,0.9853,0.0042522
-246.34,0.79288,0.78958,0.98539,0.0041596
-247.57,0.79292,0.7897,0.98552,0.0040536
-248.9,0.79297,0.78985,0.98569,0.0039426
-250.23,0.79305,0.79001,0.98588,0.0038343
-251.52,0.79313,0.79017,0.98609,0.003732
-252.79,0.79322,0.79034,0.9863,0.0036348
-253.99,0.79332,0.79051,0.98652,0.0035445
-255.23,0.79342,0.79068,0.98674,0.0034537
-256.47,0.79352,0.79085,0.98697,0.0033652
-257.6,0.79362,0.79102,0.9872,0.0032862
-258.47,0.79373,0.79117,0.98741,0.003227
-258.9,0.79382,0.79128,0.98759,0.0031984
-258.77,0.7939,0.79135,0.98771,0.0032075
-258.05,0.79396,0.79137,0.98777,0.0032562
-256.89,0.79398,0.79134,0.98777,0.0033364
-255.4,0.79399,0.79125,0.9877,0.003442
-253.73,0.79396,0.79113,0.98758,0.0035644
-252.02,0.79391,0.79098,0.98741,0.0036944
-250.53,0.79385,0.79083,0.98723,0.0038117
-249.14,0.79378,0.79066,0.98703,0.0039245
-247.86,0.79369,0.7905,0.98682,0.0040302
-246.73,0.7936,0.79033,0.98661,0.0041268
-245.61,0.7935,0.79015,0.98637,0.0042244
-244.7,0.79339,0.78998,0.98614,0.0043056
-244.01,0.79329,0.78983,0.98593,0.004368
-243.55,0.79319,0.7897,0.98574,0.0044104
-243.29,0.7931,0.78958,0.98557,0.0044343
-243.25,0.79302,0.7895,0.98543,0.0044377
-243.4,0.79295,0.78945,0.98533,0.004424
-243.72,0.79291,0.78942,0.98528,0.0043943
-244.25,0.79288,0.78943,0.98526,0.0043455
-245.03,0.79287,0.78948,0.98529,0.0042747
-246.08,0.79288,0.78956,0.98537,0.0041818
-247.35,0.79291,0.78968,0.9855,0.0040723
-248.62,0.79296,0.78982,0.98565,0.0039657
-249.91,0.79303,0.78997,0.98583,0.0038604
-251.16,0.79311,0.79012,0.98603,0.0037604
-252.38,0.79319,0.79029,0.98623,0.0036657
-253.6,0.79329,0.79045,0.98645,0.0035735
-254.85,0.79339,0.79063,0.98668,0.0034809
-256.13,0.79349,0.7908,0.98691,0.0033893
-257.33,0.7936,0.79097,0.98714,0.0033051
-258.2,0.79369,0.79111,0.98734,0.0032458
-258.76,0.79378,0.79123,0.98751,0.0032077
-258.92,0.79386,0.79132,0.98764,0.003197
-258.63,0.79392,0.79137,0.98774,0.003217
-257.91,0.79396,0.79137,0.98778,0.0032657
-256.84,0.79399,0.79133,0.98777,0.00334
-255.5,0.79399,0.79126,0.98771,0.0034349
-254.01,0.79397,0.79115,0.9876,0.003544
-252.52,0.79393,0.79103,0.98746,0.0036562
-251.06,0.79388,0.79088,0.9873,0.0037695
-249.68,0.79381,0.79073,0.98711,0.0038797
-248.42,0.79373,0.79057,0.98692,0.003984
-246.98,0.79363,0.79037,0.98666,0.0041051
-245.76,0.79351,0.79017,0.98641,0.0042113
-244.77,0.7934,0.78999,0.98616,0.0042997
-244.02,0.79329,0.78983,0.98593,0.0043673
-243.52,0.79319,0.78969,0.98573,0.004413
-243.28,0.79309,0.78957,0.98556,0.0044351
-243.26,0.79301,0.78949,0.98542,0.0044368
-243.43,0.79295,0.78944,0.98533,0.0044211
-243.73,0.79291,0.78942,0.98528,0.0043933
-244.2,0.79288,0.78943,0.98526,0.0043504
-244.86,0.79287,0.78947,0.98528,0.0042906
-245.72,0.79287,0.78953,0.98534,0.0042134
-246.72,0.79289,0.78962,0.98543,0.0041264
-247.84,0.79293,0.78973,0.98555,0.0040311
-249.01,0.79298,0.78986,0.9857,0.0039333
-250.19,0.79305,0.79,0.98587,0.0038377
-251.28,0.79311,0.79014,0.98605,0.0037513
-252.34,0.79319,0.79028,0.98623,0.0036686
-253.41,0.79327,0.79043,0.98642,0.0035878
-254.49,0.79336,0.79058,0.98661,0.0035073
-255.54,0.79344,0.79072,0.9868,0.0034313
-256.57,0.79353,0.79086,0.987,0.0033578
-257.53,0.79362,0.791,0.98718,0.0032915
-258.3,0.7937,0.79113,0.98736,0.0032384
-258.81,0.79379,0.79124,0.98753,0.0032045
-258.92,0.79386,0.79132,0.98766,0.0031971
-258.59,0.79392,0.79137,0.98774,0.0032192
-257.84,0.79397,0.79137,0.98778,0.0032708
-256.59,0.79399,0.79132,0.98776,0.0033573
-255.05,0.79398,0.79123,0.98768,0.0034674
-253.37,0.79395,0.7911,0.98754,0.003592
-251.66,0.7939,0.79094,0.98737,0.0037223
-250.16,0.79383,0.79078,0.98718,0.0038412
-248.77,0.79376,0.79062,0.98698,0.0039546
-247.51,0.79367,0.79045,0.98676,0.0040599
-246.4,0.79358,0.79028,0.98655,0.0041555
-245.32,0.79347,0.7901,0.9863,0.0042502
-244.46,0.79336,0.78993,0.98607,0.0043272
-243.84,0.79326,0.78978,0.98587,0.0043841
-243.44,0.79316,0.78966,0.98568,0.00442
-243.26,0.79307,0.78955,0.98551,0.004437
-243.3,0.79299,0.78948,0.98539,0.0044327
-243.54,0.79293,0.78943,0.9853,0.0044105
-243.98,0.79289,0.78942,0.98526,0.00437
-244.53,0.79287,0.78945,0.98526,0.00432
-245.27,0.79287,0.7895,0.9853,0.0042535
-246.2,0.79288,0.78957,0.98538,0.0041713
-247.29,0.79291,0.78968,0.98549,0.0040775
-248.47,0.79296,0.7898,0.98563,0.0039778
-249.68,0.79302,0.78994,0.9858,0.0038787
-250.86,0.79309,0.79009,0.98598,0.0037839
-252.01,0.79317,0.79024,0.98617,0.0036941
-253.48,0.79328,0.79044,0.98643,0.0035821
-255,0.7934,0.79065,0.9867,0.0034699
-256.54,0.79353,0.79086,0.98699,0.0033601
-257.9,0.79366,0.79106,0.98727,0.0032658
-258.61,0.79375,0.79119,0.98745,0.0032179
-258.93,0.79383,0.79129,0.98761,0.0031967
-258.77,0.7939,0.79136,0.98772,0.003207
-258.14,0.79395,0.79137,0.98777,0.0032503
-257.06,0.79398,0.79134,0.98777,0.0033243
-255.67,0.79399,0.79127,0.98772,0.0034229
-254.08,0.79397,0.79116,0.98761,0.0035384
-252.44,0.79393,0.79102,0.98745,0.0036625
-250.94,0.79387,0.79087,0.98728,0.0037788
-249.54,0.7938,0.79071,0.98709,0.0038916
-248.25,0.79372,0.79055,0.98689,0.003998
-247.09,0.79363,0.79038,0.98668,0.0040962
-245.93,0.79353,0.7902,0.98644,0.0041969
-244.96,0.79343,0.79003,0.98621,0.0042824
-244.21,0.79332,0.78987,0.986,0.0043502
-243.68,0.79322,0.78974,0.9858,0.0043984
-243.35,0.79313,0.78962,0.98562,0.0044283
-243.25,0.79305,0.78953,0.98548,0.0044377
-243.33,0.79298,0.78946,0.98537,0.0044297
-243.59,0.79292,0.78943,0.9853,0.0044064
-244,0.79289,0.78943,0.98526,0.0043685
-244.61,0.79287,0.78945,0.98527,0.0043125
-245.46,0.79287,0.78951,0.98532,0.0042372
-246.51,0.79289,0.7896,0.98541,0.0041444
-247.71,0.79293,0.78972,0.98554,0.0040421
-248.97,0.79298,0.78986,0.9857,0.0039364
-250.24,0.79305,0.79001,0.98588,0.0038333
-251.48,0.79313,0.79017,0.98608,0.0037356
-252.54,0.79321,0.79031,0.98626,0.0036539
-253.6,0.79329,0.79045,0.98645,0.0035734
-254.69,0.79337,0.7906,0.98665,0.0034928
-255.8,0.79346,0.79076,0.98685,0.0034127
-256.85,0.79355,0.7909,0.98705,0.0033385
-257.78,0.79364,0.79104,0.98724,0.0032739
-258.5,0.79373,0.79117,0.98742,0.0032253
-258.89,0.79381,0.79127,0.98757,0.003199
-258.89,0.79388,0.79134,0.98768,0.0031992
-258.52,0.79393,0.79137,0.98775,0.0032245
-257.78,0.79397,0.79137,0.98778,0.0032743
-256.75,0.79399,0.79133,0.98776,0.0033463
-255.22,0.79399,0.79124,0.98769,0.0034552
-253.53,0.79396,0.79111,0.98756,0.0035797
-251.82,0.79391,0.79096,0.98739,0.0037104
-250.18,0.79383,0.79079,0.98718,0.0038398
-248.54,0.79374,0.79059,0.98694,0.0039735
-247.09,0.79364,0.79039,0.98668,0.0040956
-245.85,0.79352,0.79019,0.98643,0.0042032
-244.84,0.79341,0.79,0.98618,0.0042932
-244.04,0.7933,0.78983,0.98594,0.0043654
-243.53,0.79319,0.78969,0.98573,0.0044123
-243.28,0.79309,0.78958,0.98556,0.0044347
-243.27,0.79301,0.78949,0.98542,0.0044359
-243.43,0.79295,0.78945,0.98533,0.0044212
-243.75,0.79291,0.78942,0.98528,0.0043911
-244.26,0.79288,0.78943,0.98526,0.0043445
-244.99,0.79287,0.78947,0.98529,0.004279
-245.84,0.79287,0.78954,0.98535,0.0042029
-246.87,0.7929,0.78964,0.98544,0.0041139
-248.01,0.79294,0.78975,0.98557,0.0040169
-249.2,0.79299,0.78988,0.98573,0.0039177
-250.34,0.79305,0.79002,0.9859,0.0038258
-251.44,0.79313,0.79016,0.98607,0.0037383
-252.53,0.79321,0.79031,0.98626,0.0036546
-253.61,0.79329,0.79045,0.98645,0.0035727
-254.7,0.79338,0.79061,0.98665,0.0034918
-255.82,0.79347,0.79076,0.98685,0.0034114
-256.9,0.79356,0.79091,0.98706,0.0033349
-257.86,0.79365,0.79106,0.98726,0.0032686
-258.65,0.79375,0.7912,0.98746,0.0032155
-258.94,0.79385,0.79131,0.98763,0.0031959
-258.64,0.79392,0.79137,0.98774,0.0032159
-257.76,0.79397,0.79137,0.98778,0.0032761
-256.53,0.79399,0.79132,0.98776,0.0033615
-255.03,0.79398,0.79123,0.98768,0.0034688
-253.4,0.79395,0.7911,0.98755,0.0035896
-251.75,0.7939,0.79095,0.98738,0.0037158
-250.24,0.79384,0.79079,0.98719,0.0038348
-248.84,0.79376,0.79063,0.98699,0.0039485
-247.58,0.79367,0.79046,0.98677,0.0040542
-246.46,0.79358,0.79029,0.98656,0.0041502
-245.38,0.79347,0.79011,0.98632,0.0042454
-244.51,0.79337,0.78994,0.98609,0.0043231
-243.87,0.79326,0.78979,0.98588,0.0043809
-243.47,0.79317,0.78967,0.9857,0.0044179
-243.27,0.79307,0.78956,0.98553,0.0044361
-243.3,0.793,0.78948,0.9854,0.0044334
-243.52,0.79294,0.78944,0.98531,0.0044129
-243.93,0.79289,0.78942,0.98526,0.0043747
-244.5,0.79287,0.78944,0.98526,0.004323
-245.28,0.79287,0.7895,0.9853,0.0042526
-246.28,0.79288,0.78958,0.98539,0.0041645
-247.45,0.79292,0.78969,0.98551,0.0040636
-248.72,0.79297,0.78983,0.98566,0.0039572
-250.01,0.79303,0.78998,0.98585,0.0038524
-251.25,0.79311,0.79014,0.98604,0.0037531
-252.47,0.7932,0.7903,0.98625,0.0036589
-253.5,0.79328,0.79044,0.98643,0.0035806
-254.56,0.79336,0.79059,0.98663,0.003502
-255.65,0.79345,0.79074,0.98682,0.0034235
-256.71,0.79354,0.79088,0.98702,0.0033481
-257.68,0.79363,0.79103,0.98722,0.003281
-258.43,0.79372,0.79116,0.9874,0.0032296
-258.87,0.7938,0.79126,0.98756,0.0032006
-258.9,0.79388,0.79134,0.98768,0.0031988
-258.52,0.79393,0.79137,0.98775,0.0032241
-257.78,0.79397,0.79137,0.98778,0.0032745
-256.73,0.79399,0.79133,0.98776,0.0033476
-255.45,0.79399,0.79126,0.9877,0.0034388
-253.96,0.79397,0.79115,0.9876,0.0035474
-252.43,0.79393,0.79102,0.98745,0.0036627
-250.94,0.79387,0.79087,0.98728,0.0037788
-249.54,0.7938,0.79071,0.98709,0.0038913
-247.82,0.79369,0.79049,0.98682,0.0040338
-246.34,0.79357,0.79027,0.98653,0.0041604
-245.13,0.79345,0.79006,0.98626,0.0042671
-244.21,0.79332,0.78987,0.986,0.0043498
-243.67,0.79322,0.78973,0.9858,0.0043989
-243.36,0.79313,0.78962,0.98563,0.0044275
-243.25,0.79305,0.78953,0.98549,0.0044375
-243.31,0.79299,0.78947,0.98538,0.0044317
-243.52,0.79293,0.78944,0.98531,0.0044127
-243.87,0.7929,0.78942,0.98527,0.00438
-244.4,0.79287,0.78944,0.98526,0.0043319
-245.12,0.79287,0.78948,0.98529,0.0042667
-246,0.79288,0.78956,0.98536,0.0041895
-247.02,0.7929,0.78965,0.98546,0.0041004
-248.16,0.79294,0.78977,0.98559,0.0040044
-249.33,0.793,0.7899,0.98575,0.0039071
-250.45,0.79306,0.79003,0.98591,0.0038165
-251.55,0.79313,0.79018,0.98609,0.0037302
-252.62,0.79321,0.79032,0.98628,0.0036475
-253.69,0.7933,0.79047,0.98647,0.0035664
-254.78,0.79338,0.79062,0.98666,0.0034864
-255.88,0.79347,0.79077,0.98687,0.0034069
-256.95,0.79356,0.79092,0.98707,0.0033316
-257.89,0.79365,0.79106,0.98726,0.0032665
-258.65,0.79375,0.7912,0.98747,0.003215
-258.94,0.79385,0.79131,0.98763,0.0031958
-258.66,0.79392,0.79137,0.98774,0.0032148
-257.81,0.79397,0.79137,0.98778,0.0032726
-256.61,0.79399,0.79132,0.98776,0.0033559
-255.14,0.79398,0.79124,0.98768,0.003461
-253.53,0.79396,0.79111,0.98756,0.00358
-251.89,0.79391,0.79097,0.9874,0.0037048
-250.38,0.79384,0.79081,0.98721,0.0038233
-248.99,0.79377,0.79064,0.98701,0.0039368
-247.72,0.79368,0.79048,0.9868,0.0040427
-246.59,0.79359,0.79031,0.98658,0.0041392
-245.49,0.79349,0.79013,0.98634,0.0042353
-244.6,0.79338,0.78996,0.98611,0.0043146
-243.94,0.79328,0.78981,0.9859,0.0043745
-243.51,0.79318,0.78968,0.98572,0.004414
-243.28,0.79309,0.78957,0.98555,0.0044348
-243.28,0.79301,0.78949,0.98542,0.004435
-243.46,0.79295,0.78944,0.98532,0.0044179
-243.83,0.7929,0.78942,0.98527,0.0043841
-244.47,0.79287,0.78944,0.98526,0.0043257
-245.41,0.79287,0.78951,0.98531,0.0042413
-246.65,0.79289,0.78961,0.98542,0.004133
-248.09,0.79294,0.78976,0.98558,0.0040096
-249.23,0.79299,0.78989,0.98573,0.0039153
-250.36,0.79306,0.79002,0.9859,0.0038238
-251.46,0.79313,0.79016,0.98608,0.0037369
-252.54,0.79321,0.79031,0.98626,0.0036539
-253.61,0.79329,0.79046,0.98645,0.0035724
-254.72,0.79338,0.79061,0.98665,0.0034906
-255.85,0.79347,0.79076,0.98686,0.0034092
-256.94,0.79356,0.79092,0.98707,0.003332
-257.86,0.79365,0.79106,0.98726,0.0032684
-258.55,0.79374,0.79118,0.98743,0.0032216
-258.91,0.79382,0.79128,0.98758,0.0031979
-258.85,0.79389,0.79135,0.9877,0.0032016
-258.4,0.79394,0.79137,0.98776,0.0032325
-257.58,0.79397,0.79136,0.98778,0.0032887
-256.45,0.79399,0.79132,0.98775,0.0033671
-255.12,0.79398,0.79124,0.98768,0.0034627
-253.63,0.79396,0.79112,0.98757,0.0035722
-252.12,0.79392,0.79099,0.98742,0.0036868
-250.66,0.79386,0.79084,0.98725,0.0038011
-249.3,0.79379,0.79068,0.98706,0.0039113
-247.68,0.79368,0.79047,0.98679,0.0040461
-246.28,0.79357,0.79026,0.98652,0.004166
-245.13,0.79345,0.79006,0.98625,0.0042676
-244.24,0.79333,0.78988,0.98601,0.004347
-243.65,0.79322,0.78973,0.98579,0.0044011
-243.33,0.79312,0.7896,0.9856,0.0044303
-243.25,0.79303,0.78951,0.98546,0.0044374
-243.38,0.79297,0.78946,0.98535,0.0044259
-243.63,0.79292,0.78943,0.98529,0.004402
-244.05,0.79289,0.78943,0.98526,0.0043636
-244.65,0.79287,0.78945,0.98527,0.004309
-245.46,0.79287,0.78951,0.98532,0.0042369
-246.4,0.79289,0.78959,0.9854,0.0041545
-247.47,0.79292,0.7897,0.98551,0.0040623
-248.62,0.79296,0.78982,0.98565,0.0039656
-249.79,0.79302,0.78995,0.98581,0.0038696
-250.89,0.79309,0.79009,0.98598,0.0037819
-251.96,0.79316,0.79023,0.98616,0.0036983
-253.02,0.79324,0.79037,0.98635,0.0036173
-254.09,0.79333,0.79052,0.98654,0.0035373
-255.14,0.79341,0.79067,0.98673,0.0034598
-256.21,0.7935,0.79081,0.98693,0.0033836
-257.22,0.79359,0.79096,0.98712,0.0033129
-258.08,0.79368,0.79109,0.98731,0.0032536
-258.72,0.79377,0.79122,0.98749,0.0032104
-258.94,0.79385,0.79131,0.98764,0.0031958
-258.67,0.79392,0.79137,0.98774,0.0032141
-257.91,0.79396,0.79137,0.98778,0.0032657
-256.76,0.79399,0.79133,0.98777,0.0033455
-255.32,0.79399,0.79125,0.9877,0.0034476
-253.74,0.79396,0.79113,0.98758,0.0035642
-252.11,0.79392,0.79099,0.98742,0.0036876
-250.61,0.79386,0.79083,0.98724,0.0038052
-249.21,0.79378,0.79067,0.98705,0.0039185
-247.93,0.7937,0.7905,0.98684,0.0040246
-246.79,0.79361,0.79034,0.98662,0.0041218
-245.67,0.7935,0.79016,0.98638,0.0042197
-244.75,0.7934,0.78999,0.98615,0.0043015
-244.05,0.7933,0.78983,0.98594,0.0043646
-243.58,0.7932,0.7897,0.98575,0.0044077
-243.31,0.79311,0.78959,0.98558,0.0044324
-243.26,0.79302,0.78951,0.98544,0.0044366
-243.4,0.79296,0.78945,0.98534,0.0044238
-243.71,0.79291,0.78943,0.98528,0.0043951
-244.22,0.79288,0.78943,0.98526,0.0043482
-244.98,0.79287,0.78947,0.98528,0.00428
-245.99,0.79288,0.78955,0.98536,0.0041902
-247.22,0.79291,0.78967,0.98548,0.0040836
-248.71,0.79297,0.78983,0.98566,0.0039585
-250.22,0.79305,0.79001,0.98588,0.0038355
-251.68,0.79314,0.79019,0.98611,0.0037201
-253.1,0.79325,0.79039,0.98636,0.0036109
-254.24,0.79334,0.79054,0.98657,0.003526
-255.41,0.79343,0.7907,0.98678,0.0034409
-256.57,0.79353,0.79086,0.98699,0.0033584
-257.63,0.79363,0.79102,0.98721,0.0032846
-258.45,0.79372,0.79116,0.9874,0.0032284
-258.89,0.79381,0.79127,0.98757,0.0031988
-258.85,0.79389,0.79135,0.9877,0.0032018
-258.29,0.79395,0.79137,0.98777,0.0032398
-257.28,0.79398,0.79135,0.98778,0.0033089
-255.93,0.79399,0.79129,0.98773,0.0034039
-254.37,0.79397,0.79118,0.98763,0.0035172
-252.72,0.79394,0.79105,0.98748,0.0036408
-251.23,0.79388,0.7909,0.98732,0.0037562
-249.82,0.79382,0.79075,0.98713,0.0038689
-248.52,0.79374,0.79058,0.98694,0.0039757
-247.34,0.79365,0.79042,0.98673,0.0040748
-246.14,0.79355,0.79024,0.98649,0.0041782
-245.13,0.79345,0.79006,0.98626,0.0042668
-244.34,0.79334,0.7899,0.98604,0.0043382
-243.77,0.79324,0.78976,0.98584,0.0043903
-243.4,0.79315,0.78964,0.98565,0.0044241
-243.26,0.79306,0.78954,0.9855,0.004437
-243.31,0.79299,0.78947,0.98539,0.0044322
-243.53,0.79293,0.78944,0.98531,0.0044118
-243.89,0.7929,0.78942,0.98527,0.0043782
-244.44,0.79287,0.78944,0.98526,0.0043279
-245.21,0.79287,0.78949,0.9853,0.0042593
-246.18,0.79288,0.78957,0.98538,0.0041733
-247.28,0.79291,0.78968,0.98549,0.0040781
-248.48,0.79296,0.7898,0.98563,0.0039773
-249.7,0.79302,0.78994,0.9858,0.0038769
-250.9,0.79309,0.79009,0.98598,0.0037807
-252.01,0.79317,0.79024,0.98617,0.0036941
-253.11,0.79325,0.79039,0.98636,0.0036099
-254.24,0.79334,0.79054,0.98657,0.0035262
-255.38,0.79343,0.7907,0.98677,0.0034426
-256.43,0.79352,0.79084,0.98697,0.0033681
-257.4,0.7936,0.79099,0.98716,0.0033003
-258.21,0.79369,0.79112,0.98734,0.0032449
-258.75,0.79377,0.79123,0.9875,0.0032081
-258.94,0.79385,0.79131,0.98763,0.0031958
-258.75,0.79391,0.79136,0.98772,0.0032086
-258.18,0.79395,0.79137,0.98777,0.0032472
-257.27,0.79398,0.79135,0.98778,0.00331
-255.58,0.79399,0.79127,0.98771,0.0034293
-253.62,0.79396,0.79112,0.98757,0.0035726
-251.63,0.7939,0.79094,0.98737,0.003725
-249.74,0.79381,0.79074,0.98712,0.0038748
-248.15,0.79371,0.79053,0.98687,0.0040065
-246.74,0.79361,0.79033,0.98662,0.0041257
-245.56,0.79349,0.79014,0.98636,0.0042294
-244.6,0.79338,0.78996,0.98611,0.0043144
-243.92,0.79327,0.7898,0.9859,0.0043763
-243.49,0.79318,0.78967,0.98571,0.0044162
-243.28,0.79309,0.78957,0.98555,0.0044351
-243.27,0.79301,0.7895,0.98542,0.0044357
-243.42,0.79295,0.78945,0.98533,0.0044217
-243.73,0.79291,0.78943,0.98528,0.0043933
-244.21,0.79288,0.78943,0.98526,0.0043494
-244.89,0.79287,0.78947,0.98528,0.0042878
-245.72,0.79287,0.78953,0.98534,0.0042134
-246.73,0.79289,0.78962,0.98543,0.0041255
-247.87,0.79293,0.78974,0.98556,0.0040287
-249.06,0.79298,0.78987,0.98571,0.0039291
-250.21,0.79305,0.79,0.98588,0.0038358
-251.33,0.79312,0.79015,0.98606,0.0037469
-252.43,0.7932,0.79029,0.98624,0.0036621
-253.52,0.79328,0.79044,0.98644,0.0035793
-254.63,0.79337,0.79059,0.98664,0.0034974
-255.76,0.79346,0.79075,0.98684,0.0034158
-256.86,0.79355,0.79091,0.98705,0.0033379
-257.84,0.79365,0.79105,0.98725,0.0032702
-258.64,0.79375,0.7912,0.98746,0.0032155
-258.94,0.79385,0.79131,0.98763,0.0031957
-258.62,0.79392,0.79137,0.98774,0.0032172
-257.69,0.79397,0.79137,0.98778,0.0032805
-256.42,0.79399,0.79131,0.98775,0.0033692
-254.88,0.79398,0.79122,0.98767,0.0034796
-253.22,0.79395,0.79109,0.98753,0.0036032
-251.55,0.7939,0.79093,0.98736,0.0037314
-250.04,0.79383,0.79077,0.98717,0.0038512
-248.64,0.79375,0.7906,0.98696,0.0039651
-247.39,0.79366,0.79043,0.98674,0.0040706
-246.28,0.79356,0.79026,0.98652,0.0041659
-245.21,0.79346,0.79008,0.98628,0.0042598
-244.37,0.79335,0.78991,0.98605,0.0043351
-243.77,0.79324,0.78976,0.98584,0.0043897
-243.41,0.79315,0.78964,0.98566,0.004423
-243.26,0.79305,0.78954,0.98549,0.0044371
-243.34,0.79298,0.78947,0.98537,0.0044291
-243.63,0.79292,0.78943,0.98529,0.0044021
-244.15,0.79288,0.78943,0.98526,0.004355
-244.74,0.79287,0.78946,0.98527,0.0043011
-245.52,0.79287,0.78952,0.98532,0.0042315
-246.48,0.79289,0.7896,0.98541,0.0041476
-247.57,0.79292,0.78971,0.98552,0.0040538
-248.74,0.79297,0.78983,0.98567,0.003956
-249.92,0.79303,0.78997,0.98583,0.0038597
-251.07,0.7931,0.79011,0.98601,0.0037679
-252.19,0.79318,0.79026,0.9862,0.0036807
-253.24,0.79326,0.7904,0.98639,0.0036007
-254.31,0.79334,0.79055,0.98658,0.0035208
-255.41,0.79343,0.7907,0.98678,0.0034407
-256.5,0.79352,0.79085,0.98698,0.0033629
-257.51,0.79362,0.791,0.98718,0.0032924
-258.33,0.79371,0.79114,0.98737,0.0032368
-258.83,0.79379,0.79125,0.98754,0.0032033
-258.92,0.79387,0.79133,0.98767,0.0031972
-258.6,0.79392,0.79137,0.98774,0.0032185
-257.92,0.79396,0.79137,0.98778,0.003265
-256.92,0.79399,0.79134,0.98777,0.0033343
-255.67,0.79399,0.79127,0.98772,0.0034224
-254.19,0.79397,0.79117,0.98762,0.0035306
-252.65,0.79393,0.79104,0.98748,0.0036465
-251.13,0.79388,0.79089,0.98731,0.003764
-249.7,0.79381,0.79073,0.98712,0.0038784
-248.01,0.7937,0.79052,0.98685,0.0040183
-246.54,0.79359,0.7903,0.98657,0.0041436
-245.32,0.79347,0.79009,0.9863,0.0042506
-244.37,0.79335,0.78991,0.98605,0.0043356
-243.78,0.79325,0.78976,0.98584,0.0043895
-243.41,0.79315,0.78964,0.98566,0.0044227
-243.26,0.79307,0.78955,0.98552,0.0044366
-243.29,0.793,0.78948,0.9854,0.004434
-243.46,0.79295,0.78944,0.98532,0.0044178
-243.79,0.7929,0.78942,0.98527,0.004388
-244.28,0.79288,0.78943,0.98526,0.004343
-244.96,0.79287,0.78947,0.98528,0.0042812
-245.81,0.79287,0.78954,0.98534,0.0042062
-246.82,0.7929,0.78963,0.98544,0.0041183
-247.94,0.79293,0.78975,0.98557,0.0040222
-249.13,0.79299,0.78988,0.98572,0.0039238
-250.27,0.79305,0.79001,0.98589,0.0038313
-251.38,0.79312,0.79015,0.98606,0.0037432
-252.47,0.7932,0.7903,0.98625,0.003659
-253.55,0.79328,0.79045,0.98644,0.0035768
-254.66,0.79337,0.7906,0.98664,0.0034953
-255.78,0.79346,0.79075,0.98685,0.0034142
-256.87,0.79356,0.79091,0.98705,0.0033369
-257.84,0.79365,0.79105,0.98725,0.0032697
-258.64,0.79375,0.7912,0.98746,0.0032155
-258.94,0.79385,0.79131,0.98763,0.0031957
-258.63,0.79392,0.79137,0.98774,0.0032166
-257.72,0.79397,0.79137,0.98778,0.0032787
-256.47,0.79399,0.79132,0.98776,0.0033661
-254.94,0.79398,0.79122,0.98767,0.0034753
-253.29,0.79395,0.7911,0.98754,0.0035977
-251.63,0.7939,0.79094,0.98737,0.003725
-250.12,0.79383,0.79078,0.98718,0.0038445
-248.73,0.79375,0.79061,0.98697,0.0039583
-247.47,0.79366,0.79044,0.98675,0.0040639
-246.35,0.79357,0.79027,0.98654,0.0041595
-245.28,0.79346,0.79009,0.98629,0.0042539
-244.43,0.79336,0.78992,0.98606,0.0043302
-243.81,0.79325,0.78977,0.98586,0.0043861
-243.43,0.79316,0.78965,0.98568,0.0044209
-243.26,0.79306,0.78954,0.98551,0.0044367
-243.32,0.79299,0.78947,0.98538,0.004431
-243.58,0.79293,0.78943,0.9853,0.0044069
-244.05,0.79289,0.78943,0.98526,0.004364
-244.67,0.79287,0.78945,0.98527,0.0043077
-245.51,0.79287,0.78951,0.98532,0.0042325
-246.56,0.79289,0.78961,0.98541,0.0041404
-247.77,0.79293,0.78973,0.98555,0.0040369
-249.05,0.79298,0.78987,0.98571,0.0039299
-250.34,0.79305,0.79002,0.9859,0.0038259
-251.58,0.79314,0.79018,0.9861,0.0037276
-252.8,0.79323,0.79034,0.98631,0.003634
-254.18,0.79333,0.79053,0.98656,0.0035305
-255.6,0.79345,0.79073,0.98681,0.0034269
-256.99,0.79357,0.79093,0.98708,0.0033285
-258.17,0.79369,0.79111,0.98733,0.0032479
-258.82,0.79379,0.79125,0.98753,0.0032039
-258.9,0.79388,0.79134,0.98768,0.0031988
-258.33,0.79394,0.79137,0.98777,0.003237
-257.17,0.79398,0.79135,0.98778,0.003317
-255.42,0.79399,0.79126,0.9877,0.0034406
-253.42,0.79395,0.79111,0.98755,0.0035876
-251.4,0.79389,0.79092,0.98734,0.0037427
-249.51,0.7938,0.79071,0.98709,0.0038939
-247.87,0.7937,0.7905,0.98683,0.0040297
-246.45,0.79358,0.79029,0.98656,0.0041511
-245.27,0.79346,0.79009,0.98629,0.0042549
-244.35,0.79334,0.7899,0.98604,0.0043373
-243.76,0.79324,0.78976,0.98583,0.0043909
-243.4,0.79315,0.78964,0.98566,0.0044236
-243.26,0.79307,0.78955,0.98551,0.0044369
-243.29,0.793,0.78948,0.9854,0.0044336
-243.48,0.79294,0.78944,0.98532,0.0044166
-243.81,0.7929,0.78942,0.98527,0.0043858
-244.31,0.79288,0.78944,0.98526,0.0043396
-245.02,0.79287,0.78948,0.98529,0.0042762
-245.87,0.79288,0.78954,0.98535,0.0042004
-246.89,0.7929,0.78964,0.98545,0.004112
-248.02,0.79294,0.78975,0.98558,0.0040159
-249.2,0.79299,0.78988,0.98573,0.0039178
-250.33,0.79305,0.79002,0.9859,0.003826
-251.44,0.79313,0.79016,0.98607,0.0037386
-252.52,0.7932,0.79031,0.98626,0.003655
-253.6,0.79329,0.79045,0.98645,0.0035732
-254.7,0.79338,0.7906,0.98665,0.0034923
-255.81,0.79347,0.79076,0.98685,0.0034118
-256.9,0.79356,0.79091,0.98706,0.0033352
-257.86,0.79365,0.79106,0.98726,0.0032687
-258.65,0.79375,0.7912,0.98746,0.0032154
-258.94,0.79385,0.79131,0.98763,0.0031957
-258.64,0.79392,0.79137,0.98774,0.0032158
-257.75,0.79397,0.79137,0.98778,0.0032764
-256.52,0.79399,0.79132,0.98776,0.0033621
-255.02,0.79398,0.79123,0.98768,0.0034697
-253.38,0.79395,0.7911,0.98755,0.0035907
-251.73,0.7939,0.79095,0.98738,0.003717
-250.22,0.79384,0.79079,0.98719,0.0038361
-248.83,0.79376,0.79062,0.98699,0.0039497
-247.57,0.79367,0.79045,0.98677,0.0040555
-246.45,0.79358,0.79029,0.98655,0.0041514
-245.36,0.79347,0.7901,0.98631,0.0042465
-244.5,0.79337,0.78994,0.98608,0.004324
-243.86,0.79326,0.78979,0.98588,0.0043815
-243.46,0.79317,0.78966,0.98569,0.0044182
-243.27,0.79307,0.78956,0.98552,0.0044361
-243.3,0.79299,0.78948,0.9854,0.0044329
-243.53,0.79293,0.78944,0.98531,0.004412
-243.95,0.79289,0.78943,0.98526,0.0043732
-244.51,0.79287,0.78945,0.98526,0.0043221
-245.28,0.79287,0.7895,0.9853,0.0042531
-246.25,0.79288,0.78958,0.98538,0.0041671
-247.4,0.79291,0.78969,0.9855,0.0040685
-248.64,0.79296,0.78982,0.98565,0.0039643
-249.9,0.79303,0.78997,0.98583,0.0038613
-251.12,0.7931,0.79012,0.98602,0.0037634
-252.32,0.79319,0.79028,0.98622,0.0036707
-253.33,0.79327,0.79042,0.9864,0.0035935
-254.37,0.79335,0.79056,0.98659,0.0035163
-255.43,0.79343,0.79071,0.98678,0.003439
-256.49,0.79352,0.79085,0.98698,0.0033638
-257.47,0.79361,0.791,0.98717,0.0032954
-258.27,0.7937,0.79113,0.98736,0.0032406
-258.79,0.79378,0.79124,0.98752,0.0032058
-258.93,0.79386,0.79132,0.98765,0.0031962
-258.68,0.79392,0.79136,0.98773,0.0032132
-258.06,0.79396,0.79137,0.98778,0.0032553
-257.11,0.79398,0.79135,0.98778,0.0033206
-255.91,0.79399,0.79129,0.98773,0.0034054
-254.42,0.79398,0.79119,0.98763,0.0035132
-252.86,0.79394,0.79106,0.9875,0.0036301
-251.32,0.79389,0.79091,0.98733,0.0037494
-249.85,0.79382,0.79075,0.98714,0.003866
-247.97,0.7937,0.79051,0.98684,0.0040217
-246.36,0.79357,0.79027,0.98654,0.0041592
-245.06,0.79344,0.79005,0.98624,0.0042737
-244.1,0.79331,0.78985,0.98596,0.0043597
-243.6,0.79321,0.78971,0.98576,0.0044056
-243.33,0.79312,0.7896,0.9856,0.0044307
-243.25,0.79304,0.78952,0.98546,0.0044374
-243.35,0.79297,0.78946,0.98536,0.0044284
-243.58,0.79293,0.78943,0.9853,0.0044067
-243.97,0.79289,0.78943,0.98526,0.0043711
-244.53,0.79287,0.78945,0.98527,0.0043197
-245.3,0.79287,0.7895,0.98531,0.0042512
-246.2,0.79288,0.78957,0.98538,0.0041714
-247.25,0.79291,0.78967,0.98549,0.0040808
-248.39,0.79295,0.78979,0.98562,0.0039846
-249.56,0.79301,0.78993,0.98578,0.0038882
-250.67,0.79308,0.79006,0.98595,0.0037992
-251.75,0.79315,0.7902,0.98613,0.0037145
-252.81,0.79323,0.79035,0.98631,0.0036329
-253.88,0.79331,0.79049,0.9865,0.0035526
-254.95,0.7934,0.79064,0.9867,0.0034739
-256.03,0.79348,0.79079,0.98689,0.0033962
-257.07,0.79357,0.79094,0.98709,0.0033231
-257.98,0.79366,0.79108,0.98728,0.0032608
-258.68,0.79376,0.79121,0.98747,0.0032131
-258.94,0.79385,0.79131,0.98763,0.0031957
-258.68,0.79392,0.79137,0.98773,0.0032137
-257.88,0.79397,0.79137,0.98778,0.0032676
-256.72,0.79399,0.79133,0.98776,0.003348
-255.29,0.79399,0.79125,0.98769,0.0034504
-253.7,0.79396,0.79113,0.98758,0.0035671
-252.07,0.79391,0.79099,0.98742,0.0036904
-250.57,0.79385,0.79083,0.98724,0.0038082
-249.17,0.79378,0.79067,0.98704,0.0039215
-247.89,0.7937,0.7905,0.98683,0.0040277
-246.76,0.79361,0.79033,0.98662,0.0041248
-245.64,0.7935,0.79015,0.98638,0.0042223
-244.72,0.7934,0.78998,0.98615,0.0043036
-244.03,0.79329,0.78983,0.98594,0.0043662
-243.57,0.7932,0.7897,0.98575,0.0044088
-243.3,0.7931,0.78959,0.98557,0.0044328
-243.26,0.79302,0.7895,0.98544,0.0044363
-243.41,0.79296,0.78945,0.98534,0.0044228
-243.73,0.79291,0.78943,0.98528,0.0043934
-244.26,0.79288,0.78943,0.98526,0.004345
-245.03,0.79287,0.78948,0.98529,0.0042748
-246.08,0.79288,0.78956,0.98537,0.0041826
-247.34,0.79291,0.78968,0.9855,0.0040737
-248.63,0.79296,0.78982,0.98565,0.0039648
-249.95,0.79303,0.78997,0.98584,0.0038572
-251.23,0.79311,0.79013,0.98604,0.0037552
-252.47,0.7932,0.7903,0.98625,0.0036587
-253.72,0.7933,0.79047,0.98647,0.0035645
-255,0.7934,0.79065,0.98671,0.0034699
-256.3,0.79351,0.79083,0.98694,0.0033768
-257.51,0.79362,0.791,0.98718,0.0032926
-258.65,0.79375,0.7912,0.98746,0.0032152
-258.92,0.79387,0.79133,0.98767,0.0031974
-258.12,0.79396,0.79137,0.98778,0.0032513
-256.38,0.79399,0.79131,0.98775,0.003372
-254.55,0.79398,0.7912,0.98764,0.0035041
-252.58,0.79393,0.79103,0.98747,0.0036516
-250.66,0.79386,0.79084,0.98725,0.0038014
-248.9,0.79376,0.79063,0.987,0.0039442
-247.34,0.79366,0.79042,0.98673,0.0040749
-246,0.79354,0.79021,0.98646,0.0041901
-244.92,0.79342,0.79002,0.9862,0.0042864
-244.1,0.7933,0.78985,0.98596,0.0043602
-243.6,0.79321,0.78971,0.98576,0.0044054
-243.33,0.79312,0.7896,0.9856,0.0044304
-243.25,0.79304,0.78952,0.98547,0.0044373
-243.34,0.79298,0.78946,0.98537,0.004429
-243.57,0.79293,0.78943,0.9853,0.0044078
-243.95,0.79289,0.78943,0.98526,0.0043728
-244.51,0.79287,0.78945,0.98527,0.0043222
-245.26,0.79287,0.7895,0.9853,0.0042545
-246.16,0.79288,0.78957,0.98538,0.0041753
-247.2,0.79291,0.78967,0.98548,0.0040851
-248.34,0.79295,0.78979,0.98562,0.003989
-249.51,0.79301,0.78992,0.98577,0.0038924
-250.62,0.79307,0.79006,0.98594,0.0038031
-251.7,0.79314,0.7902,0.98612,0.0037181
-252.77,0.79322,0.79034,0.9863,0.0036363
-253.84,0.79331,0.79049,0.98649,0.0035558
-254.91,0.79339,0.79063,0.98669,0.0034769
-255.99,0.79348,0.79078,0.98689,0.0033988
-257.04,0.79357,0.79093,0.98709,0.0033252
-257.96,0.79366,0.79107,0.98728,0.0032622
-258.67,0.79376,0.79121,0.98747,0.0032136
-258.94,0.79385,0.79131,0.98763,0.0031957
-258.67,0.79392,0.79137,0.98774,0.0032137
-257.87,0.79397,0.79137,0.98778,0.0032684
-256.7,0.79399,0.79133,0.98776,0.0033493
-255.26,0.79399,0.79125,0.98769,0.0034521
-253.67,0.79396,0.79113,0.98757,0.0035692
-252.05,0.79391,0.79098,0.98741,0.0036927
-250.54,0.79385,0.79083,0.98723,0.0038106
-249.14,0.79378,0.79066,0.98704,0.0039239
-247.87,0.79369,0.7905,0.98683,0.00403
-246.73,0.79361,0.79033,0.98661,0.004127
-245.61,0.7935,0.79015,0.98637,0.0042243
-244.7,0.79339,0.78998,0.98614,0.0043053
-244.02,0.79329,0.78983,0.98593,0.0043675
-243.56,0.79319,0.7897,0.98574,0.0044096
-243.3,0.7931,0.78958,0.98557,0.0044331
-243.27,0.79302,0.7895,0.98543,0.0044361
-243.42,0.79296,0.78945,0.98534,0.0044221
-243.74,0.79291,0.78943,0.98528,0.004392
-244.28,0.79288,0.78943,0.98526,0.0043424
-245.08,0.79287,0.78948,0.98529,0.0042704
-246.15,0.79288,0.78957,0.98537,0.0041762
-247.43,0.79292,0.78969,0.98551,0.0040654
-248.65,0.79296,0.78982,0.98566,0.0039634
-249.88,0.79303,0.78996,0.98583,0.0038627
-251.08,0.7931,0.79011,0.98601,0.0037668
-252.25,0.79318,0.79027,0.98621,0.0036759
-253.41,0.79327,0.79043,0.98642,0.0035876
-254.6,0.79337,0.79059,0.98663,0.0034992
-255.82,0.79347,0.79076,0.98685,0.003411
-257,0.79357,0.79093,0.98708,0.0033278
-257.91,0.79366,0.79107,0.98727,0.003265
-258.59,0.79374,0.79119,0.98744,0.0032195
-258.92,0.79382,0.79129,0.98759,0.0031973
-258.84,0.79389,0.79135,0.9877,0.0032026
-258.36,0.79394,0.79137,0.98776,0.0032352
-257.51,0.79398,0.79136,0.98778,0.0032931
-256.37,0.79399,0.79131,0.98775,0.0033731
-255.01,0.79398,0.79123,0.98768,0.0034701
-253.53,0.79396,0.79112,0.98756,0.0035798
-252.03,0.79391,0.79098,0.98741,0.0036942
-250.57,0.79385,0.79083,0.98724,0.0038081
-249.22,0.79378,0.79067,0.98705,0.0039176
-247.61,0.79368,0.79046,0.98678,0.0040519
-246.22,0.79356,0.79025,0.98651,0.0041711
-245.08,0.79344,0.79005,0.98624,0.0042718
-244.21,0.79332,0.78987,0.98599,0.0043502
-243.67,0.79322,0.78973,0.9858,0.0043989
-243.36,0.79313,0.78962,0.98563,0.0044274
-243.25,0.79305,0.78953,0.98549,0.0044373
-243.31,0.79299,0.78947,0.98538,0.0044316
-243.52,0.79294,0.78944,0.98531,0.0044127
-243.87,0.7929,0.78942,0.98527,0.0043801
-244.4,0.79287,0.78944,0.98526,0.0043321
-245.12,0.79287,0.78948,0.98529,0.0042671
-245.99,0.79288,0.78956,0.98536,0.0041899
-247.02,0.7929,0.78965,0.98546,0.0041008
-248.15,0.79294,0.78977,0.98559,0.0040049
-249.33,0.793,0.7899,0.98575,0.0039076
-250.45,0.79306,0.79003,0.98591,0.0038169
-251.54,0.79313,0.79017,0.98609,0.0037306
-252.61,0.79321,0.79032,0.98628,0.0036478
-253.69,0.7933,0.79047,0.98647,0.0035667
-254.77,0.79338,0.79062,0.98666,0.0034866
-255.88,0.79347,0.79077,0.98686,0.0034071
-256.95,0.79356,0.79092,0.98707,0.0033317
-257.89,0.79365,0.79106,0.98726,0.0032666
-258.65,0.79376,0.7912,0.98747,0.0032149
-258.94,0.79385,0.79131,0.98763,0.0031957
-258.66,0.79392,0.79137,0.98774,0.0032147
-257.81,0.79397,0.79137,0.98778,0.0032727
-256.61,0.79399,0.79132,0.98776,0.0033561
-255.13,0.79398,0.79124,0.98768,0.0034613
-253.52,0.79396,0.79111,0.98756,0.0035804
-251.88,0.79391,0.79097,0.9874,0.0037053
-250.38,0.79384,0.79081,0.98721,0.0038238
-248.98,0.79377,0.79064,0.98701,0.0039373
-247.71,0.79368,0.79047,0.9868,0.0040432
-246.58,0.79359,0.79031,0.98658,0.0041397
-245.48,0.79349,0.79012,0.98634,0.0042358
-244.6,0.79338,0.78996,0.98611,0.004315
-243.94,0.79328,0.78981,0.9859,0.0043748
-243.51,0.79318,0.78968,0.98572,0.0044141
-243.28,0.79309,0.78957,0.98555,0.0044348
-243.28,0.79301,0.78949,0.98542,0.0044348
-243.47,0.79294,0.78944,0.98532,0.0044176
-243.83,0.7929,0.78942,0.98527,0.0043836
-244.48,0.79287,0.78944,0.98526,0.0043246
-245.43,0.79287,0.78951,0.98531,0.0042394
-246.68,0.79289,0.78962,0.98543,0.0041302
-248.14,0.79294,0.78977,0.98559,0.0040061
-249.28,0.79299,0.78989,0.98574,0.0039116
-250.41,0.79306,0.79003,0.98591,0.0038201
-251.51,0.79313,0.79017,0.98608,0.0037332
-252.59,0.79321,0.79031,0.98627,0.00365
-253.67,0.79329,0.79046,0.98646,0.0035684
-254.78,0.79338,0.79062,0.98666,0.0034864
-255.91,0.79347,0.79077,0.98687,0.0034049
-257,0.79357,0.79093,0.98708,0.003328
-257.93,0.79366,0.79107,0.98727,0.0032641
-258.6,0.79375,0.79119,0.98745,0.0032183
-258.92,0.79383,0.79129,0.9876,0.0031969
-258.82,0.7939,0.79135,0.98771,0.0032042
-258.3,0.79395,0.79137,0.98777,0.0032389
-257.43,0.79398,0.79136,0.98778,0.003299
-256.26,0.79399,0.79131,0.98775,0.0033809
-254.89,0.79398,0.79122,0.98767,0.0034794
-253.4,0.79395,0.7911,0.98755,0.0035894
-251.9,0.79391,0.79097,0.9874,0.0037037
-250.46,0.79385,0.79082,0.98722,0.003817
-249.12,0.79378,0.79066,0.98703,0.0039257
-247.52,0.79367,0.79045,0.98676,0.0040596
-246.14,0.79355,0.79024,0.98649,0.0041781
-245.01,0.79343,0.79004,0.98622,0.0042777
-244.16,0.79331,0.78986,0.98598,0.0043547
-243.64,0.79322,0.78972,0.98578,0.0044018
-243.35,0.79313,0.78961,0.98562,0.0044288
-243.25,0.79305,0.78953,0.98548,0.0044375
-243.33,0.79298,0.78947,0.98538,0.0044306
-243.54,0.79293,0.78943,0.98531,0.0044109
-243.9,0.7929,0.78942,0.98527,0.0043773
-244.44,0.79287,0.78944,0.98526,0.0043283
-245.17,0.79287,0.78949,0.9853,0.0042623
-246.06,0.79288,0.78956,0.98537,0.0041844
-247.09,0.7929,0.78966,0.98547,0.0040949
-248.22,0.79295,0.78977,0.9856,0.0039989
-249.4,0.793,0.78991,0.98576,0.0039019
-250.51,0.79307,0.79004,0.98592,0.0038118
-251.6,0.79314,0.79018,0.9861,0.003726
-252.67,0.79322,0.79033,0.98629,0.0036436
-253.74,0.7933,0.79047,0.98648,0.0035628
-254.82,0.79339,0.79062,0.98667,0.0034832
-255.92,0.79347,0.79077,0.98687,0.0034042
-256.98,0.79357,0.79092,0.98707,0.0033295
-257.91,0.79366,0.79107,0.98727,0.0032651
-258.66,0.79376,0.7912,0.98747,0.0032145
-258.94,0.79385,0.79131,0.98763,0.0031957
-258.67,0.79392,0.79137,0.98774,0.0032143
-257.83,0.79397,0.79137,0.98778,0.0032709
-256.65,0.79399,0.79133,0.98776,0.0033532
-255.19,0.79399,0.79124,0.98769,0.0034574
-253.58,0.79396,0.79112,0.98757,0.0035755
-251.95,0.79391,0.79097,0.9874,0.0036998
-250.45,0.79385,0.79082,0.98722,0.003818
-249.05,0.79377,0.79065,0.98702,0.0039315
-247.78,0.79369,0.79048,0.98681,0.0040375
-246.65,0.7936,0.79032,0.9866,0.0041342
-245.54,0.79349,0.79013,0.98636,0.0042308
-244.64,0.79339,0.78997,0.98613,0.0043108
-243.97,0.79328,0.78981,0.98591,0.0043716
-243.53,0.79319,0.78969,0.98573,0.0044122
-243.29,0.79309,0.78958,0.98556,0.0044341
-243.27,0.79301,0.7895,0.98542,0.0044355
-243.44,0.79295,0.78945,0.98533,0.0044197
-243.79,0.7929,0.78942,0.98527,0.0043876
-244.38,0.79287,0.78944,0.98526,0.0043333
-245.26,0.79287,0.78949,0.9853,0.0042548
-246.41,0.79289,0.78959,0.9854,0.0041531
-247.78,0.79293,0.78973,0.98555,0.0040356
-248.93,0.79298,0.78985,0.98569,0.0039401
-250.08,0.79304,0.78999,0.98586,0.0038466
-251.2,0.79311,0.79013,0.98603,0.0037576
-252.29,0.79319,0.79027,0.98622,0.0036729
-253.37,0.79327,0.79042,0.98641,0.0035904
-254.49,0.79336,0.79058,0.98661,0.0035078
-255.62,0.79345,0.79073,0.98682,0.0034252
-256.74,0.79354,0.79089,0.98703,0.003346
-257.66,0.79363,0.79103,0.98721,0.0032822
-258.39,0.79372,0.79115,0.98739,0.0032325
-258.84,0.79379,0.79125,0.98754,0.0032026
-258.92,0.79387,0.79133,0.98766,0.0031969
-258.62,0.79392,0.79137,0.98774,0.0032172
-257.95,0.79396,0.79137,0.98778,0.0032627
-256.96,0.79399,0.79134,0.98777,0.0033313
-255.72,0.79399,0.79127,0.98772,0.0034188
-254.24,0.79397,0.79117,0.98762,0.0035269
-252.69,0.79393,0.79104,0.98748,0.0036431
-251.17,0.79388,0.79089,0.98731,0.003761
-249.73,0.79381,0.79074,0.98712,0.0038758
-248.02,0.79371,0.79052,0.98685,0.0040172
-246.54,0.79359,0.7903,0.98657,0.0041438
-245.3,0.79347,0.79009,0.9863,0.0042517
-244.35,0.79334,0.7899,0.98604,0.0043371
-243.76,0.79324,0.78976,0.98584,0.0043905
-243.41,0.79315,0.78964,0.98566,0.0044232
-243.26,0.79307,0.78955,0.98551,0.0044367
-243.29,0.793,0.78948,0.9854,0.0044338
-243.47,0.79294,0.78944,0.98532,0.0044174
-243.79,0.7929,0.78942,0.98527,0.0043873
-244.29,0.79288,0.78943,0.98526,0.0043421
-244.98,0.79287,0.78947,0.98529,0.0042799
-245.82,0.79287,0.78954,0.98535,0.0042048
-246.83,0.7929,0.78963,0.98544,0.0041167
-247.96,0.79294,0.78975,0.98557,0.0040207
-249.15,0.79299,0.78988,0.98572,0.0039224
-250.28,0.79305,0.79001,0.98589,0.0038301
-251.39,0.79312,0.79016,0.98607,0.0037421
-252.48,0.7932,0.7903,0.98625,0.0036581
-253.56,0.79329,0.79045,0.98645,0.003576
-254.66,0.79337,0.7906,0.98664,0.0034947
-255.79,0.79346,0.79075,0.98685,0.0034137
-256.88,0.79356,0.79091,0.98705,0.0033366
-257.85,0.79365,0.79106,0.98725,0.0032695
-258.64,0.79375,0.7912,0.98746,0.0032155
-258.94,0.79385,0.79131,0.98763,0.0031957
-258.63,0.79392,0.79137,0.98774,0.0032164
-257.73,0.79397,0.79137,0.98778,0.0032782
-256.48,0.79399,0.79132,0.98776,0.0033652
-254.96,0.79398,0.79122,0.98767,0.003474
-253.31,0.79395,0.7911,0.98754,0.003596
-251.65,0.7939,0.79094,0.98737,0.0037232
-250.14,0.79383,0.79078,0.98718,0.0038426
-248.75,0.79375,0.79061,0.98697,0.0039563
-247.49,0.79367,0.79044,0.98676,0.004062
-246.37,0.79357,0.79027,0.98654,0.0041577
-245.3,0.79347,0.79009,0.9863,0.0042522
-244.44,0.79336,0.78992,0.98607,0.0043288
-243.82,0.79326,0.78978,0.98586,0.004385
-243.44,0.79316,0.78965,0.98568,0.0044203
-243.26,0.79307,0.78955,0.98551,0.0044366
-243.32,0.79299,0.78947,0.98538,0.0044315
-243.57,0.79293,0.78943,0.9853,0.0044082
-244.02,0.79289,0.78943,0.98526,0.0043663
-244.58,0.79287,0.78945,0.98527,0.0043158
-245.32,0.79287,0.7895,0.98531,0.0042492
-246.25,0.79288,0.78958,0.98538,0.0041674
-247.33,0.79291,0.78968,0.98549,0.0040744
-248.5,0.79296,0.7898,0.98564,0.0039759
-249.69,0.79302,0.78994,0.9858,0.003878
-250.86,0.79309,0.79009,0.98598,0.0037844
-251.99,0.79317,0.79023,0.98617,0.0036955
-253.46,0.79328,0.79043,0.98643,0.0035839
-254.97,0.7934,0.79064,0.9867,0.0034721
-256.51,0.79352,0.79086,0.98698,0.0033625
-257.87,0.79365,0.79106,0.98726,0.0032679
-258.6,0.79375,0.79119,0.98745,0.0032183
-258.93,0.79383,0.79129,0.98761,0.0031964
-258.77,0.7939,0.79136,0.98772,0.0032071
-258.11,0.79396,0.79137,0.98778,0.0032519
-257,0.79398,0.79134,0.98777,0.0033286
-255.56,0.79399,0.79126,0.98771,0.0034303
-253.94,0.79397,0.79115,0.9876,0.0035488
-252.27,0.79392,0.791,0.98744,0.0036757
-250.77,0.79386,0.79085,0.98726,0.0037924
-249.37,0.79379,0.79069,0.98707,0.0039051
-248.09,0.79371,0.79053,0.98686,0.0040112
-246.94,0.79362,0.79036,0.98665,0.0041087
-245.8,0.79352,0.79018,0.98642,0.004208
-244.86,0.79341,0.79001,0.98618,0.0042916
-244.13,0.79331,0.78985,0.98597,0.0043571
-243.63,0.79321,0.78972,0.98578,0.0044028
-243.33,0.79312,0.7896,0.9856,0.0044302
-243.26,0.79304,0.78952,0.98546,0.0044371
-243.36,0.79297,0.78946,0.98536,0.0044269
-243.64,0.79292,0.78943,0.98529,0.0044012
-244.1,0.79288,0.78943,0.98526,0.0043596
-244.77,0.79287,0.78946,0.98527,0.0042986
-245.68,0.79287,0.78953,0.98533,0.0042172
-246.81,0.7929,0.78963,0.98544,0.0041186
-248.1,0.79294,0.78976,0.98559,0.0040088
-249.45,0.793,0.78991,0.98576,0.0038977
-250.77,0.79308,0.79008,0.98596,0.0037911
-252.06,0.79317,0.79024,0.98618,0.0036906
-253.41,0.79327,0.79043,0.98642,0.0035878
-254.8,0.79338,0.79062,0.98667,0.0034848
-256.22,0.7935,0.79081,0.98693,0.0033829
-257.53,0.79362,0.79101,0.98719,0.003291
-258.56,0.79374,0.79118,0.98743,0.0032214
-258.94,0.79385,0.79131,0.98763,0.0031956
-258.53,0.79393,0.79137,0.98775,0.0032237
-257.33,0.79398,0.79136,0.98778,0.0033057
-255.69,0.79399,0.79127,0.98772,0.0034213
-253.78,0.79396,0.79114,0.98758,0.0035608
-251.82,0.79391,0.79096,0.98739,0.0037103
-249.95,0.79382,0.79076,0.98715,0.0038582
-248.37,0.79373,0.79057,0.98691,0.0039875
-246.98,0.79363,0.79037,0.98666,0.0041054
-245.79,0.79352,0.79018,0.98641,0.0042092
-244.81,0.79341,0.79,0.98617,0.004296
-244.06,0.7933,0.78984,0.98595,0.0043636
-243.56,0.7932,0.7897,0.98575,0.0044089
-243.31,0.79311,0.78959,0.98558,0.0044325
-243.26,0.79303,0.78951,0.98545,0.0044369
-243.38,0.79297,0.78946,0.98535,0.0044259
-243.65,0.79292,0.78943,0.98529,0.0044005
-244.09,0.79289,0.78943,0.98526,0.0043597
-244.73,0.79287,0.78946,0.98527,0.0043016
-245.55,0.79287,0.78952,0.98532,0.0042291
-246.55,0.79289,0.78961,0.98541,0.0041416
-247.69,0.79292,0.78972,0.98554,0.0040439
-248.9,0.79298,0.78985,0.98569,0.0039423
-250.08,0.79304,0.78999,0.98586,0.0038467
-251.22,0.79311,0.79013,0.98604,0.0037557
-252.34,0.79319,0.79028,0.98623,0.0036691
-253.45,0.79328,0.79043,0.98642,0.0035848
-254.57,0.79336,0.79059,0.98663,0.0035017
-255.71,0.79346,0.79074,0.98683,0.0034188
-256.83,0.79355,0.7909,0.98705,0.0033396
-257.83,0.79365,0.79105,0.98725,0.0032706
-258.65,0.79375,0.7912,0.98746,0.0032152
-258.94,0.79385,0.79131,0.98763,0.0031957
-258.6,0.79392,0.79137,0.98774,0.0032187
-257.63,0.79397,0.79137,0.98778,0.0032847
-256.32,0.79399,0.79131,0.98775,0.0033765
-254.74,0.79398,0.79121,0.98766,0.0034903
-253.04,0.79394,0.79107,0.98752,0.0036167
-251.35,0.79389,0.79091,0.98733,0.0037472
-249.83,0.79382,0.79075,0.98714,0.0038678
-248.44,0.79373,0.79057,0.98692,0.003982
-247.19,0.79364,0.7904,0.9867,0.0040874
-246.1,0.79355,0.79023,0.98648,0.0041819
-245.05,0.79344,0.79004,0.98623,0.0042745
-244.24,0.79333,0.78988,0.986,0.0043475
-243.68,0.79322,0.78973,0.9858,0.0043986
-243.36,0.79313,0.78962,0.98562,0.0044278
-243.26,0.79304,0.78952,0.98547,0.0044372
-243.36,0.79297,0.78946,0.98536,0.0044271
-243.66,0.79292,0.78943,0.98529,0.0043998
-244.16,0.79288,0.78943,0.98526,0.0043541
-244.9,0.79287,0.78947,0.98528,0.0042866
-245.92,0.79288,0.78955,0.98535,0.0041966
-247.16,0.79291,0.78967,0.98548,0.0040883
-248.56,0.79296,0.78981,0.98564,0.0039707
-249.73,0.79302,0.78995,0.9858,0.0038747
-250.88,0.79309,0.79009,0.98598,0.0037828
-251.99,0.79317,0.79023,0.98617,0.0036955
-253.09,0.79325,0.79038,0.98636,0.0036114
-254.22,0.79334,0.79054,0.98656,0.0035276
-255.37,0.79343,0.7907,0.98677,0.0034436
-256.52,0.79352,0.79086,0.98698,0.003362
-257.57,0.79362,0.79101,0.98719,0.0032885
-258.67,0.79376,0.79121,0.98747,0.0032141
-258.91,0.79387,0.79133,0.98767,0.0031975
-258.14,0.79396,0.79137,0.98777,0.0032501
-256.45,0.79399,0.79132,0.98776,0.0033673
-254.62,0.79398,0.7912,0.98765,0.003499
-252.64,0.79393,0.79104,0.98748,0.0036467
-250.71,0.79386,0.79085,0.98726,0.003797
-248.94,0.79377,0.79064,0.987,0.0039406
-247.37,0.79366,0.79043,0.98674,0.0040721
-246.03,0.79354,0.79022,0.98647,0.0041881
-244.93,0.79342,0.79002,0.9862,0.0042851
-244.11,0.79331,0.78985,0.98596,0.0043595
-243.61,0.79321,0.78971,0.98577,0.004405
-243.33,0.79312,0.7896,0.9856,0.0044302
-243.25,0.79304,0.78952,0.98547,0.0044374
-243.34,0.79298,0.78947,0.98537,0.0044292
-243.57,0.79293,0.78943,0.9853,0.0044082
-243.94,0.79289,0.78943,0.98526,0.0043734
-244.5,0.79287,0.78945,0.98526,0.0043229
-245.25,0.79287,0.78949,0.9853,0.0042555
-246.15,0.79288,0.78957,0.98537,0.0041764
-247.19,0.79291,0.78967,0.98548,0.0040863
-248.33,0.79295,0.78979,0.98561,0.0039902
-249.5,0.79301,0.78992,0.98577,0.0038935
-250.61,0.79307,0.79005,0.98594,0.0038042
-251.69,0.79314,0.79019,0.98612,0.003719
-252.75,0.79322,0.79034,0.9863,0.0036372
-253.82,0.79331,0.79048,0.98649,0.0035567
-254.9,0.79339,0.79063,0.98669,0.0034777
-255.99,0.79348,0.79078,0.98688,0.0033995
-257.03,0.79357,0.79093,0.98708,0.0033257
-257.95,0.79366,0.79107,0.98728,0.0032626
-258.67,0.79376,0.79121,0.98747,0.0032137
-258.94,0.79385,0.79131,0.98763,0.0031957
-258.67,0.79392,0.79137,0.98774,0.0032138
-257.87,0.79397,0.79137,0.98778,0.0032687
-256.7,0.79399,0.79133,0.98776,0.0033497
-255.25,0.79399,0.79124,0.98769,0.0034527
-253.66,0.79396,0.79113,0.98757,0.0035698
-252.04,0.79391,0.79098,0.98741,0.0036934
-250.53,0.79385,0.79083,0.98723,0.0038113
-249.13,0.79378,0.79066,0.98703,0.0039247
-247.86,0.79369,0.79049,0.98682,0.0040308
-246.72,0.7936,0.79033,0.98661,0.0041278
-245.61,0.7935,0.79015,0.98637,0.004225
-244.7,0.79339,0.78998,0.98614,0.0043059
-244.01,0.79329,0.78983,0.98593,0.0043679
-243.55,0.79319,0.7897,0.98574,0.0044098
-243.3,0.7931,0.78958,0.98557,0.0044332
-243.27,0.79302,0.7895,0.98543,0.0044361
-243.42,0.79295,0.78945,0.98534,0.0044219
-243.75,0.79291,0.78943,0.98528,0.0043916
-244.29,0.79288,0.78943,0.98526,0.0043416
-245.1,0.79287,0.78948,0.98529,0.004269
-246.17,0.79288,0.78957,0.98538,0.0041741
-247.46,0.79292,0.7897,0.98551,0.0040628
-247.96,0.79294,0.78975,0.98557,0.0040205
-248.47,0.79296,0.7898,0.98563,0.0039778
-248.99,0.79298,0.78986,0.9857,0.0039353
-249.5,0.79301,0.78992,0.98577,0.0038932
