-200,0.75,0.74196,0.90997,0.010723
-196.94,0.75233,0.74372,0.91338,0.011438
-193.9,0.75439,0.74519,0.91632,0.012193
-190.88,0.7562,0.74638,0.91882,0.01299
-187.89,0.7578,0.74732,0.92093,0.013829
-182.88,0.76005,0.74838,0.92369,0.015353
-178,0.76179,0.74885,0.92553,0.016989
-173.25,0.76308,0.74878,0.92656,0.01874
-168.56,0.76399,0.74822,0.92684,0.020639
-165.08,0.76443,0.74748,0.92659,0.022169
-161.46,0.76468,0.74643,0.92593,0.023868
-157.64,0.76476,0.74503,0.92482,0.025798
-153.55,0.76465,0.74322,0.92322,0.028027
-149.26,0.76435,0.74099,0.92112,0.030565
-144.65,0.76387,0.73826,0.91844,0.033527
-139.76,0.76317,0.73495,0.91511,0.036973
-134.61,0.76225,0.73104,0.91107,0.040949
-128.24,0.76083,0.7255,0.90527,0.046433
-121.73,0.75903,0.71902,0.89837,0.052711
-115.23,0.75682,0.71159,0.89034,0.059759
-108.8,0.75417,0.70324,0.88117,0.067533
-102.71,0.75115,0.69428,0.8712,0.075707
-96.773,0.74766,0.6845,0.86013,0.084486
-90.99,0.74367,0.67389,0.84796,0.093836
-85.366,0.73913,0.66247,0.83467,0.10372
-79.829,0.73395,0.65011,0.82005,0.11423
-74.481,0.72814,0.63703,0.80431,0.12512
-69.343,0.72167,0.62334,0.78751,0.13625
-64.433,0.71454,0.60915,0.76974,0.14748
-61.455,0.70969,0.6,0.75808,0.15456
-58.263,0.69706,0.58434,0.7345,0.16171
-55.175,0.68602,0.57016,0.71348,0.16888
-52.187,0.67632,0.55724,0.69464,0.17606
-49.296,0.66777,0.54541,0.67765,0.18323
-46.059,0.65908,0.53286,0.65995,0.19151
-42.942,0.65151,0.52138,0.64408,0.19974
-39.949,0.64489,0.51084,0.62977,0.20787
-37.089,0.63906,0.50113,0.61683,0.21583
-33.254,0.63186,0.48857,0.60036,0.22677
-29.759,0.62575,0.47746,0.58601,0.23698
-26.607,0.62051,0.46765,0.57347,0.24635
-23.756,0.61598,0.45894,0.56243,0.25494
-20.855,0.6116,0.45027,0.55155,0.26379
-18.086,0.60794,0.44234,0.5419,0.2724
-15.367,0.60506,0.43501,0.53339,0.28105
-12.696,0.60282,0.42817,0.52582,0.28972
-12.085,0.60236,0.42663,0.52416,0.29173
-11.48,0.60194,0.42514,0.52257,0.29372
-10.883,0.60157,0.42369,0.52104,0.2957
-10.294,0.60123,0.42227,0.51959,0.29766
-9.7131,0.60094,0.4209,0.5182,0.2996
-9.1408,0.60069,0.41956,0.51688,0.30153
-8.5765,0.60048,0.41827,0.51563,0.30344
-8.0196,0.60031,0.41701,0.51444,0.30534
-7.5588,0.6002,0.41599,0.51349,0.30692
-7.1013,0.60012,0.41498,0.51258,0.30849
-6.6457,0.60005,0.414,0.51171,0.31007
-6.1903,0.60001,0.41302,0.51086,0.31165
-5.7334,0.59998,0.41204,0.51002,0.31323
-5.2727,0.59996,0.41107,0.50919,0.31484
-4.8056,0.59997,0.4101,0.50839,0.31648
-4.3292,0.59999,0.4091,0.50758,0.31815
-4.1481,0.59999,0.40872,0.50726,0.31878
-3.9651,0.59999,0.40834,0.50694,0.31943
-3.7799,0.59999,0.40795,0.50661,0.32007
-3.5924,0.59999,0.40755,0.50628,0.32073
-3.4023,0.59999,0.40715,0.50595,0.3214
-3.2094,0.59999,0.40675,0.50562,0.32207
-3.0136,0.59999,0.40634,0.50528,0.32276
-2.8145,0.59999,0.40592,0.50493,0.32346
-2.5678,0.6,0.4054,0.5045,0.32433
-2.3156,0.6,0.40487,0.50406,0.32521
-2.0572,0.6,0.40433,0.5036,0.32612
-1.7921,0.6,0.40377,0.50314,0.32704
-1.6968,0.6,0.40357,0.50297,0.32738
-1.6007,0.6,0.40337,0.50281,0.32772
-1.5036,0.6,0.40316,0.50264,0.32806
-1.4055,0.6,0.40296,0.50246,0.3284
-1.3064,0.6,0.40275,0.5023,0.32875
-1.2062,0.60001,0.40254,0.50212,0.3291
-1.1051,0.6,0.40232,0.50193,0.32946
-1.0028,0.59999,0.40211,0.50175,0.32981
-0.94692,0.6,0.40199,0.50166,0.33001
-0.89072,0.6,0.40188,0.50157,0.33021
-0.83419,0.6,0.40176,0.50146,0.33041
-0.77731,0.59999,0.40163,0.50136,0.3306
-0.72009,0.60001,0.40152,0.50127,0.33081
-0.66253,0.60001,0.4014,0.50118,0.33101
-0.60461,0.6,0.40127,0.50106,0.33121
-0.54633,0.59999,0.40114,0.50094,0.33141
-0.49716,0.60002,0.40106,0.5009,0.33159
-0.44774,0.60003,0.40096,0.50082,0.33177
-0.39805,0.59999,0.40083,0.50069,0.33193
-0.34811,0.59997,0.40072,0.50057,0.3321
-0.30501,0.60003,0.40066,0.50058,0.33227
-0.26172,0.60005,0.40058,0.50053,0.33243
-0.21823,0.59998,0.40045,0.50036,0.33256
-0.17454,0.59994,0.40034,0.50023,0.33271
-0.13725,0.60002,0.4003,0.50026,0.33286
-0.099822,0.60005,0.40023,0.50023,0.333
-0.062241,0.59999,0.40012,0.50009,0.33311
-0.024509,0.59994,0.40002,0.49997,0.33323
0.013375,0.60002,0.39998,0.5,0.33339
0.051411,0.60005,0.39992,0.49997,0.33353
0.089599,0.59999,0.3998,0.49983,0.33364
0.12794,0.59994,0.3997,0.49971,0.33377
0.16755,0.60002,0.39966,0.49973,0.33393
0.20732,0.60004,0.39959,0.49969,0.33407
0.24725,0.59999,0.39947,0.49955,0.3342
0.28736,0.59995,0.39937,0.49943,0.33433
0.32937,0.60001,0.39931,0.49943,0.33449
0.37157,0.60003,0.39923,0.49938,0.33464
0.41396,0.59999,0.39912,0.49926,0.33478
0.45653,0.59997,0.39902,0.49916,0.33493
0.50443,0.6,0.39894,0.49912,0.3351
0.55258,0.60002,0.39884,0.49905,0.33528
0.60096,0.6,0.39873,0.49894,0.33544
0.64958,0.59998,0.39862,0.49884,0.33561
0.71041,0.6,0.39851,0.49876,0.33583
0.77161,0.60001,0.39838,0.49866,0.33604
0.8332,0.6,0.39824,0.49854,0.33626
0.89518,0.59999,0.39811,0.49841,0.33647
0.98026,0.6,0.39794,0.49828,0.33677
1.0661,0.60001,0.39776,0.49814,0.33708
1.1527,0.6,0.39757,0.49798,0.33738
1.24,0.59999,0.39739,0.49782,0.33768
1.3704,0.6,0.39712,0.4976,0.33814
1.5025,0.6,0.39684,0.49737,0.33861
1.6363,0.6,0.39656,0.49713,0.33907
1.7718,0.6,0.39627,0.49689,0.33955
2.0042,0.6,0.39578,0.49648,0.34036
2.2417,0.6,0.39528,0.49607,0.3412
2.4844,0.6,0.39477,0.49564,0.34205
2.7324,0.6,0.39425,0.4952,0.34292
3.2445,0.6,0.39317,0.49431,0.34471
3.7787,0.59999,0.39205,0.49337,0.34658
4.3351,0.59999,0.39088,0.49239,0.34853
4.9142,0.59999,0.38966,0.49137,0.35056
6.1404,0.59997,0.38708,0.48921,0.35484
7.4567,0.59995,0.38431,0.48688,0.35943
8.8619,0.59991,0.38136,0.48439,0.36431
10.355,0.59986,0.37822,0.48173,0.36948
13.594,0.59968,0.37144,0.47593,0.38061
17.16,0.59936,0.364,0.46946,0.39269
21.028,0.59885,0.35599,0.46237,0.40554
25.168,0.59808,0.34751,0.45466,0.41896
30.873,0.59659,0.33603,0.44385,0.43675
36.87,0.59438,0.32429,0.43223,0.45442
43.051,0.59131,0.3126,0.41992,0.47134
49.311,0.58723,0.30127,0.40708,0.48697
55.411,0.58217,0.29076,0.3941,0.50056
61.41,0.57599,0.28098,0.3808,0.51218
67.244,0.56869,0.27202,0.36726,0.52167
72.87,0.56031,0.26392,0.35352,0.52898
83.394,0.54067,0.25019,0.32572,0.53725
92.92,0.51809,0.2394,0.29791,0.53791
101.44,0.49372,0.23105,0.27064,0.53203
108.92,0.46875,0.22464,0.24449,0.52076
113.93,0.44994,0.22081,0.22563,0.50924
118.33,0.43176,0.21773,0.2079,0.49573
122.13,0.41446,0.21523,0.1914,0.48069
125.4,0.3982,0.2132,0.17617,0.46459
128.21,0.38308,0.21154,0.16219,0.4478
130.64,0.36911,0.21016,0.14939,0.43064
132.75,0.35626,0.209,0.13772,0.41334
134.56,0.34448,0.20803,0.12709,0.3961
136.01,0.33412,0.20724,0.1178,0.37974
137.17,0.32464,0.20658,0.10935,0.36368
138.04,0.31598,0.20601,0.10166,0.34801
138.65,0.30807,0.20554,0.09467,0.33282
139.05,0.30086,0.20513,0.088321,0.3182
139.31,0.29429,0.20477,0.082544,0.30419
139.51,0.28828,0.20445,0.077275,0.29082
139.68,0.28279,0.20415,0.072456,0.27808
139.82,0.27878,0.20394,0.068937,0.26845
139.93,0.27503,0.20375,0.065648,0.25919
140.01,0.27152,0.20357,0.062571,0.25027
140.04,0.26823,0.2034,0.059692,0.2417
140.02,0.26515,0.20325,0.056997,0.23346
140,0.26226,0.2031,0.054471,0.22556
140.02,0.25955,0.20297,0.052096,0.21799
140.19,0.25699,0.20283,0.049852,0.21075
140.62,0.25466,0.20269,0.047794,0.20407
141.42,0.25244,0.20254,0.045815,0.19765
142.73,0.2503,0.20237,0.043892,0.19146
144.64,0.24822,0.20219,0.042005,0.18542
147.08,0.24627,0.202,0.040228,0.17976
150.16,0.24434,0.2018,0.038455,0.1741
153.87,0.24241,0.2016,0.036679,0.16837
158.15,0.24047,0.2014,0.034895,0.16249
163.5,0.23829,0.20119,0.032894,0.15569
169.29,0.23607,0.20099,0.030889,0.1486
175.36,0.23384,0.20082,0.02889,0.14121
181.51,0.23161,0.20068,0.026909,0.13357
187.29,0.22951,0.20056,0.025061,0.12614
192.9,0.22744,0.20046,0.023256,0.11861
198.28,0.22542,0.20039,0.021505,0.11106
203.38,0.22346,0.20032,0.019819,0.10357
209.99,0.22087,0.20025,0.017595,0.093351
216.02,0.21845,0.20019,0.015535,0.083567
221.47,0.21623,0.20015,0.01365,0.074351
226.32,0.21421,0.20012,0.011946,0.065797
231.3,0.21209,0.20009,0.010151,0.056567
235.39,0.21025,0.20007,0.008599,0.048397
238.59,0.20867,0.20006,0.0072739,0.041286
241.02,0.20734,0.20005,0.006154,0.035177
242.59,0.20636,0.20004,0.0053324,0.030638
243.78,0.20552,0.20003,0.0046302,0.026719
244.62,0.20481,0.20003,0.0040327,0.023357
245.13,0.20421,0.20002,0.003526,0.020485
245.27,0.2037,0.20002,0.0030971,0.018039
245.03,0.20326,0.20002,0.0027362,0.01597
244.42,0.2029,0.20002,0.002434,0.014229
243.52,0.2026,0.20002,0.0021818,0.012771
242.55,0.20238,0.20001,0.0019935,0.011679
241.51,0.20219,0.20001,0.001834,0.010752
240.46,0.20203,0.20001,0.0016993,0.0099671
239.41,0.20189,0.20001,0.0015856,0.0093039
238.48,0.20179,0.20001,0.0015015,0.0088127
237.52,0.2017,0.20001,0.0014293,0.0083902
236.51,0.20163,0.20001,0.0013675,0.0080284
235.46,0.20157,0.20001,0.001315,0.0077202
234.41,0.20151,0.20001,0.0012714,0.0074635
233.45,0.20147,0.20001,0.0012346,0.007247
232.71,0.20143,0.20001,0.0012035,0.0070642
232.34,0.2014,0.20001,0.0011768,0.0069081
232.52,0.20137,0.20001,0.0011529,0.006769
233.43,0.20135,0.20001,0.0011304,0.0066395
235.18,0.20132,0.20001,0.0011076,0.0065101
237.83,0.20129,0.20001,0.0010831,0.0063717
241.32,0.20126,0.20001,0.0010558,0.006218
245.57,0.20122,0.20001,0.0010247,0.0060419
250.45,0.20118,0.20001,0.00098927,0.0058409
255.76,0.20113,0.20001,0.00094973,0.0056147
261.16,0.20108,0.2,0.00090779,0.0053734
266.59,0.20103,0.2,0.00086326,0.0051156
271.93,0.20098,0.2,0.00081707,0.0048469
277.06,0.20092,0.2,0.00077024,0.0045735
283.05,0.20085,0.2,0.00071258,0.0042354
288.55,0.20079,0.2,0.00065703,0.0039087
293.55,0.20072,0.2,0.00060474,0.0036004
298.05,0.20067,0.2,0.00055653,0.0033156
301.9,0.20062,0.2,0.00051451,0.003067
305.28,0.20057,0.2,0.00047682,0.0028436
308.17,0.20053,0.2,0.00044348,0.0026458
310.54,0.2005,0.2,0.00041439,0.002473
312.51,0.20046,0.2,0.00038781,0.0023151
313.95,0.20044,0.2,0.00036553,0.0021825
314.93,0.20042,0.2,0.00034718,0.0020733
315.53,0.2004,0.2,0.00033229,0.0019846
315.8,0.20038,0.2,0.00032062,0.0019151
315.78,0.20037,0.2,0.00031145,0.0018604
315.48,0.20036,0.2,0.00030447,0.0018188
314.86,0.20036,0.2,0.00029943,0.0017886
313.9,0.20035,0.2,0.00029611,0.0017687
312.61,0.20035,0.2,0.00029446,0.0017588
311.03,0.20035,0.2,0.00029438,0.0017582
309.25,0.20035,0.2,0.00029573,0.001766
307.28,0.20036,0.2,0.00029847,0.0017821
305.28,0.20036,0.2,0.00030236,0.0018051
303.29,0.20037,0.2,0.0003072,0.0018336
301.3,0.20037,0.2,0.00031281,0.0018668
299.12,0.20038,0.2,0.00031947,0.0019062
296.85,0.20039,0.2,0.0003269,0.00195
294.55,0.2004,0.2,0.00033507,0.0019983
292.47,0.20041,0.2,0.00034374,0.0020495
291.28,0.20042,0.2,0.00035012,0.0020873
290.57,0.20043,0.2,0.00035624,0.0021235
290.48,0.20043,0.2,0.00036172,0.0021561
291.15,0.20044,0.2,0.00036608,0.0021821
292.59,0.20044,0.2,0.00036872,0.0021981
294.84,0.20044,0.2,0.00036946,0.002203
297.85,0.20044,0.2,0.00036801,0.0021949
301.54,0.20044,0.2,0.00036419,0.0021728
306.26,0.20043,0.2,0.00035711,0.0021313
311.41,0.20042,0.2,0.00034732,0.0020737
316.77,0.2004,0.2,0.00033525,0.0020024
322.12,0.20039,0.2,0.00032149,0.0019208
327.13,0.20037,0.2,0.00030717,0.0018359
331.88,0.20035,0.2,0.00029244,0.0017483
336.3,0.20033,0.2,0.00027776,0.001661
340.37,0.20032,0.2,0.00026355,0.0015764
344.61,0.2003,0.2,0.00024827,0.0014853
348.4,0.20028,0.2,0.00023422,0.0014015
351.76,0.20027,0.2,0.00022153,0.0013258
354.65,0.20025,0.2,0.00021027,0.0012586
357.47,0.20024,0.2,0.00019869,0.0011895
359.56,0.20023,0.2,0.00018914,0.0011324
360.96,0.20022,0.2,0.00018154,0.001087
361.74,0.20021,0.2,0.00017569,0.001052
362,0.20021,0.2,0.00017134,0.001026
361.84,0.2002,0.2,0.00016834,0.001008
361.31,0.2002,0.2,0.00016652,0.00099714
360.4,0.2002,0.2,0.0001657,0.00099222
358.92,0.2002,0.2,0.00016579,0.00099274
356.9,0.2002,0.2,0.00016695,0.00099964
354.41,0.2002,0.2,0.00016918,0.0010129
351.57,0.20021,0.2,0.0001724,0.0010321
348.81,0.20021,0.2,0.00017613,0.0010543
346.04,0.20022,0.2,0.00018047,0.0010802
343.28,0.20022,0.2,0.00018531,0.001109
340.51,0.20023,0.2,0.00019055,0.0011403
337.95,0.20023,0.2,0.00019558,0.0011702
335.31,0.20024,0.2,0.00020094,0.0012022
332.69,0.20025,0.2,0.00020665,0.0012361
330.29,0.20025,0.2,0.00021257,0.0012714
328.78,0.20026,0.2,0.00021715,0.0012986
327.76,0.20027,0.2,0.00022152,0.0013247
327.37,0.20027,0.2,0.00022542,0.001348
327.74,0.20027,0.2,0.00022857,0.0013668
328.95,0.20028,0.2,0.00023061,0.001379
330.99,0.20028,0.2,0.00023134,0.0013835
333.83,0.20028,0.2,0.00023059,0.0013792
337.37,0.20027,0.2,0.00022826,0.0013654
341.93,0.20027,0.2,0.0002238,0.001339
346.92,0.20026,0.2,0.00021763,0.0013023
352.08,0.20025,0.2,0.00021009,0.0012574
357.2,0.20024,0.2,0.00020161,0.0012069
361.98,0.20023,0.2,0.00019289,0.0011549
366.46,0.20022,0.2,0.00018409,0.0011024
370.6,0.20021,0.2,0.00017548,0.0010509
374.37,0.2002,0.2,0.00016731,0.0010021
378.14,0.20019,0.2,0.00015899,0.00095239
381.48,0.20018,0.2,0.00015148,0.00090747
384.39,0.20017,0.2,0.00014482,0.00086764
386.84,0.20017,0.2,0.00013902,0.00083295
389.21,0.20016,0.2,0.00013296,0.0007967
390.82,0.20015,0.2,0.00012818,0.00076806
391.7,0.20015,0.2,0.00012463,0.00074684
391.95,0.20015,0.2,0.00012215,0.00073199
391.71,0.20014,0.2,0.00012057,0.00072251
391.07,0.20014,0.2,0.00011976,0.00071763
390.06,0.20014,0.2,0.00011964,0.00071691
388.64,0.20014,0.2,0.0001201,0.0007197
386.82,0.20015,0.2,0.00012108,0.00072551
384.56,0.20015,0.2,0.00012262,0.00073472
381.91,0.20015,0.2,0.00012474,0.00074739
378.98,0.20015,0.2,0.00012741,0.00076337
375.93,0.20016,0.2,0.00013056,0.00078219
372.87,0.20016,0.2,0.00013412,0.00080344
369.83,0.20017,0.2,0.00013802,0.00082673
366.79,0.20017,0.2,0.00014218,0.0008516
363.75,0.20018,0.2,0.00014647,0.0008772
360.62,0.20018,0.2,0.00015104,0.0009045
357.51,0.20019,0.2,0.00015591,0.00093358
354.63,0.20019,0.2,0.00016097,0.00096377
352.71,0.2002,0.2,0.00016503,0.00098805
351.41,0.2002,0.2,0.00016888,0.001011
350.93,0.20021,0.2,0.00017223,0.0010311
351.42,0.20021,0.2,0.00017478,0.0010463
352.8,0.20021,0.2,0.00017611,0.0010543
355.04,0.20021,0.2,0.00017631,0.0010556
358.07,0.20021,0.2,0.00017531,0.0010496
361.75,0.20021,0.2,0.00017305,0.0010362
366.5,0.2002,0.2,0.00016906,0.0010124
371.57,0.2002,0.2,0.00016382,0.0009812
376.71,0.20019,0.2,0.00015768,0.0009445
381.7,0.20018,0.2,0.00015102,0.00090473
386.37,0.20017,0.2,0.00014428,0.00086443
390.68,0.20017,0.2,0.00013768,0.00082496
394.58,0.20016,0.2,0.0001314,0.00078741
398.09,0.20015,0.2,0.00012562,0.00075283
401.33,0.20014,0.2,0.00012023,0.00072058
404.14,0.20014,0.2,0.00011548,0.0006921
406.51,0.20013,0.2,0.00011136,0.00066746
408.41,0.20013,0.2,0.00010786,0.00064652
409.95,0.20013,0.2,0.00010464,0.0006272
410.88,0.20012,0.2,0.00010215,0.00061229
411.26,0.20012,0.2,0.00010036,0.0006016
411.15,0.20012,0.2,9.9196e-05,0.00059461
410.64,0.20012,0.2,9.8533e-05,0.00059064
409.8,0.20012,0.2,9.8356e-05,0.00058958
408.62,0.20012,0.2,9.8626e-05,0.00059119
407.09,0.20012,0.2,9.9286e-05,0.00059513
405.09,0.20012,0.2,0.00010034,0.00060146
402.66,0.20012,0.2,0.00010184,0.00061041
399.84,0.20012,0.2,0.00010379,0.00062208
396.73,0.20013,0.2,0.00010618,0.00063637
393.37,0.20013,0.2,0.00010906,0.00065361
389.99,0.20013,0.2,0.0001123,0.00067298
386.63,0.20014,0.2,0.00011584,0.00069417
383.27,0.20014,0.2,0.00011961,0.00071672
379.94,0.20015,0.2,0.00012345,0.00073967
376.52,0.20015,0.2,0.00012755,0.00076415
373.12,0.20016,0.2,0.00013192,0.00079027
369.98,0.20016,0.2,0.00013644,0.00081731
368.07,0.20017,0.2,0.00013973,0.00083698
366.7,0.20017,0.2,0.00014285,0.00085563
366.03,0.20017,0.2,0.00014563,0.00087222
366.18,0.20018,0.2,0.00014783,0.00088543
367.23,0.20018,0.2,0.00014922,0.00089373
369.15,0.20018,0.2,0.00014968,0.00089652
371.9,0.20018,0.2,0.00014913,0.00089324
375.33,0.20018,0.2,0.00014751,0.0008836
380.02,0.20017,0.2,0.00014431,0.00086455
385.1,0.20017,0.2,0.00013997,0.0008386
390.28,0.20016,0.2,0.00013478,0.00080761
395.32,0.20015,0.2,0.00012913,0.00077383
399.85,0.20015,0.2,0.00012366,0.00074108
404.02,0.20014,0.2,0.00011831,0.00070908
407.8,0.20014,0.2,0.00011323,0.00067867
411.18,0.20013,0.2,0.00010857,0.00065076
414.33,0.20013,0.2,0.00010421,0.00062464
417.05,0.20012,0.2,0.00010037,0.00060167
419.33,0.20012,0.2,9.707e-05,0.00058191
421.15,0.20011,0.2,9.4283e-05,0.00056522
422.6,0.20011,0.2,9.1719e-05,0.00054986
423.43,0.20011,0.2,8.9776e-05,0.00053822
423.69,0.20011,0.2,8.8434e-05,0.00053018
423.46,0.20011,0.2,8.7614e-05,0.00052527
422.83,0.2001,0.2,8.7219e-05,0.0005229
421.85,0.2001,0.2,8.724e-05,0.00052302
420.53,0.20011,0.2,8.7648e-05,0.00052546
418.85,0.20011,0.2,8.8389e-05,0.0005299
416.71,0.20011,0.2,8.9476e-05,0.0005364
414.12,0.20011,0.2,9.0948e-05,0.00054521
411.13,0.20011,0.2,9.2823e-05,0.00055643
407.86,0.20011,0.2,9.509e-05,0.00057
404.34,0.20012,0.2,9.7782e-05,0.00058611
400.8,0.20012,0.2,0.00010079,0.00060411
397.3,0.20012,0.2,0.00010407,0.00062375
393.79,0.20013,0.2,0.00010755,0.00064458
390.32,0.20013,0.2,0.00011108,0.00066569
386.76,0.20014,0.2,0.00011485,0.0006882
383.21,0.20014,0.2,0.00011886,0.00071221
379.94,0.20015,0.2,0.00012302,0.00073706
377.91,0.20015,0.2,0.00012606,0.00075524
376.44,0.20015,0.2,0.00012894,0.00077247
375.68,0.20016,0.2,0.0001315,0.0007878
375.77,0.20016,0.2,0.00013354,0.00079999
376.75,0.20016,0.2,0.00013481,0.0008076
378.63,0.20016,0.2,0.00013523,0.00081015
381.33,0.20016,0.2,0.00013473,0.00080719
384.72,0.20016,0.2,0.00013326,0.00079845
389.32,0.20016,0.2,0.00013041,0.0007814
394.3,0.20015,0.2,0.00012654,0.0007583
399.37,0.20015,0.2,0.00012195,0.00073082
404.3,0.20014,0.2,0.00011697,0.00070102
408.77,0.20013,0.2,0.00011211,0.00067198
412.87,0.20013,0.2,0.00010739,0.00064372
416.57,0.20012,0.2,0.00010292,0.00061696
419.88,0.20012,0.2,9.884e-05,0.00059252
422.93,0.20011,0.2,9.5056e-05,0.00056986
425.56,0.20011,0.2,9.1745e-05,0.00055002
427.74,0.20011,0.2,8.8913e-05,0.00053306
429.46,0.2001,0.2,8.6538e-05,0.00051883
430.78,0.2001,0.2,8.4382e-05,0.00050592
431.5,0.2001,0.2,8.2774e-05,0.00049629
431.65,0.2001,0.2,8.1699e-05,0.00048985
431.32,0.2001,0.2,8.1087e-05,0.00048617
430.59,0.2001,0.2,8.0849e-05,0.00048475
429.52,0.2001,0.2,8.0979e-05,0.00048552
428.11,0.2001,0.2,8.1456e-05,0.00048838
426.34,0.2001,0.2,8.2232e-05,0.00049302
424.11,0.2001,0.2,8.3321e-05,0.00049954
421.43,0.2001,0.2,8.4763e-05,0.00050817
418.36,0.2001,0.2,8.6572e-05,0.00051901
415.01,0.20011,0.2,8.8742e-05,0.000532
411.4,0.20011,0.2,9.1309e-05,0.00054737
407.77,0.20011,0.2,9.4169e-05,0.00056448
404.17,0.20012,0.2,9.7287e-05,0.00058315
400.57,0.20012,0.2,0.00010059,0.00060291
396.99,0.20012,0.2,0.00010394,0.00062298
393.33,0.20013,0.2,0.00010752,0.00064439
389.68,0.20013,0.2,0.00011134,0.00066724
386.3,0.20014,0.2,0.0001153,0.00069089
384.21,0.20014,0.2,0.00011819,0.00070817
382.67,0.20015,0.2,0.00012092,0.00072456
381.86,0.20015,0.2,0.00012336,0.00073913
381.9,0.20015,0.2,0.00012529,0.0007507
382.85,0.20015,0.2,0.00012649,0.00075789
384.7,0.20015,0.2,0.00012689,0.0007603
387.37,0.20015,0.2,0.00012642,0.00075751
390.74,0.20015,0.2,0.00012504,0.00074929
395.28,0.20015,0.2,0.00012238,0.00073339
400.2,0.20014,0.2,0.00011879,0.00071193
405.2,0.20014,0.2,0.00011453,0.00068646
410.05,0.20013,0.2,0.00010993,0.00065893
414.48,0.20013,0.2,0.00010544,0.00063202
418.53,0.20012,0.2,0.00010108,0.0006059
422.19,0.20012,0.2,9.6953e-05,0.00058122
425.45,0.20011,0.2,9.3201e-05,0.00055875
428.44,0.20011,0.2,8.9745e-05,0.00053805
431,0.2001,0.2,8.6729e-05,0.00051999
433.12,0.2001,0.2,8.4161e-05,0.0005046
434.77,0.2001,0.2,8.2017e-05,0.00049175
436.02,0.2001,0.2,8.0088e-05,0.0004802
436.66,0.20009,0.2,7.8668e-05,0.00047169
436.75,0.20009,0.2,7.774e-05,0.00046613
436.35,0.20009,0.2,7.7241e-05,0.00046314
435.56,0.20009,0.2,7.7088e-05,0.00046222
434.42,0.20009,0.2,7.7277e-05,0.00046335
432.96,0.20009,0.2,7.7789e-05,0.00046641
431.13,0.20009,0.2,7.858e-05,0.00047115
428.84,0.2001,0.2,7.9666e-05,0.00047766
426.11,0.2001,0.2,8.1085e-05,0.00048615
422.98,0.2001,0.2,8.2852e-05,0.00049673
419.58,0.2001,0.2,8.4961e-05,0.00050936
415.91,0.2001,0.2,8.745e-05,0.00052426
412.22,0.20011,0.2,9.0217e-05,0.00054083
408.57,0.20011,0.2,9.3234e-05,0.00055889
404.91,0.20012,0.2,9.6425e-05,0.00057799
401.27,0.20012,0.2,9.9673e-05,0.00059742
397.54,0.20012,0.2,0.00010314,0.00061815
393.82,0.20013,0.2,0.00010684,0.0006403
390.38,0.20013,0.2,0.00011067,0.00066321
388.24,0.20014,0.2,0.00011347,0.00067995
386.66,0.20014,0.2,0.00011612,0.00069581
385.81,0.20014,0.2,0.00011847,0.00070992
385.82,0.20014,0.2,0.00012034,0.00072111
386.75,0.20015,0.2,0.0001215,0.00072806
388.58,0.20015,0.2,0.00012189,0.00073039
391.24,0.20015,0.2,0.00012144,0.00072771
394.59,0.20014,0.2,0.00012012,0.00071982
399.09,0.20014,0.2,0.00011757,0.00070461
403.97,0.20014,0.2,0.00011415,0.00068414
408.92,0.20013,0.2,0.00011009,0.00065986
413.73,0.20013,0.2,0.00010571,0.00063368
418.13,0.20012,0.2,0.00010143,0.00060805
422.16,0.20012,0.2,9.7285e-05,0.00058321
425.78,0.20011,0.2,9.337e-05,0.00055976
429.01,0.20011,0.2,8.9814e-05,0.00053846
431.96,0.2001,0.2,8.6551e-05,0.00051892
434.49,0.2001,0.2,8.371e-05,0.0005019
436.57,0.2001,0.2,8.1297e-05,0.00048744
438.18,0.2001,0.2,7.9288e-05,0.00047541
439.38,0.20009,0.2,7.7492e-05,0.00046465
439.97,0.20009,0.2,7.618e-05,0.00045679
440.01,0.20009,0.2,7.5338e-05,0.00045174
439.56,0.20009,0.2,7.4904e-05,0.00044914
438.73,0.20009,0.2,7.48e-05,0.00044851
437.56,0.20009,0.2,7.5022e-05,0.00044984
436.06,0.20009,0.2,7.5553e-05,0.00045302
434.2,0.20009,0.2,7.6352e-05,0.00045781
431.87,0.20009,0.2,7.7435e-05,0.00046429
429.1,0.20009,0.2,7.8838e-05,0.00047269
425.94,0.2001,0.2,8.0578e-05,0.00048311
422.5,0.2001,0.2,8.2648e-05,0.00049551
418.8,0.2001,0.2,8.5088e-05,0.00051011
415.07,0.20011,0.2,8.7797e-05,0.00052634
411.38,0.20011,0.2,9.075e-05,0.00054402
407.7,0.20011,0.2,9.3872e-05,0.0005627
404.01,0.20012,0.2,9.7053e-05,0.00058174
400.23,0.20012,0.2,0.00010045,0.00060205
396.48,0.20012,0.2,0.00010407,0.00062375
392.99,0.20013,0.2,0.00010783,0.00064621
390.82,0.20013,0.2,0.00011057,0.0006626
389.22,0.20014,0.2,0.00011316,0.00067814
388.34,0.20014,0.2,0.00011547,0.00069196
388.34,0.20014,0.2,0.0001173,0.00070293
389.25,0.20014,0.2,0.00011844,0.00070973
391.06,0.20014,0.2,0.00011882,0.00071201
393.71,0.20014,0.2,0.00011838,0.00070941
397.05,0.20014,0.2,0.00011709,0.00070172
401.53,0.20014,0.2,0.00011462,0.00068694
406.38,0.20013,0.2,0.0001113,0.00066707
411.31,0.20013,0.2,0.00010736,0.00064353
416.08,0.20012,0.2,0.00010312,0.00061816
420.47,0.20012,0.2,9.8973e-05,0.00059332
424.48,0.20011,0.2,9.4956e-05,0.00056926
428.08,0.20011,0.2,9.1167e-05,0.00054657
431.29,0.20011,0.2,8.7731e-05,0.00052599
434.22,0.2001,0.2,8.4585e-05,0.00050715
436.72,0.2001,0.2,8.185e-05,0.00049076
438.77,0.2001,0.2,7.9531e-05,0.00047687
440.35,0.20009,0.2,7.7605e-05,0.00046532
441.52,0.20009,0.2,7.5889e-05,0.00045504
442.08,0.20009,0.2,7.4642e-05,0.00044757
442.09,0.20009,0.2,7.3852e-05,0.00044283
441.62,0.20009,0.2,7.3457e-05,0.00044046
440.77,0.20009,0.2,7.3382e-05,0.00044001
439.57,0.20009,0.2,7.3623e-05,0.00044146
438.05,0.20009,0.2,7.4165e-05,0.00044471
436.16,0.20009,0.2,7.4968e-05,0.00044952
433.81,0.20009,0.2,7.6048e-05,0.00045598
431.02,0.20009,0.2,7.7441e-05,0.00046433
427.84,0.20009,0.2,7.9164e-05,0.00047464
424.38,0.2001,0.2,8.1209e-05,0.00048689
420.65,0.2001,0.2,8.3618e-05,0.00050131
416.9,0.2001,0.2,8.6291e-05,0.00051732
413.19,0.20011,0.2,8.9204e-05,0.00053476
409.48,0.20011,0.2,9.2282e-05,0.00055319
405.76,0.20011,0.2,9.542e-05,0.00057197
401.96,0.20012,0.2,9.8768e-05,0.00059201
398.17,0.20012,0.2,0.00010235,0.00061344
394.67,0.20013,0.2,0.00010605,0.00063561
392.48,0.20013,0.2,0.00010876,0.00065178
390.85,0.20013,0.2,0.00011132,0.00066712
389.97,0.20014,0.2,0.0001136,0.00068076
389.95,0.20014,0.2,0.00011541,0.00069158
390.85,0.20014,0.2,0.00011653,0.00069829
392.65,0.20014,0.2,0.0001169,0.00070054
395.29,0.20014,0.2,0.00011647,0.00069799
398.62,0.20014,0.2,0.0001152,0.00069043
403.09,0.20014,0.2,0.00011278,0.00067593
407.92,0.20013,0.2,0.00010952,0.00065643
412.83,0.20013,0.2,0.00010566,0.00063334
417.59,0.20012,0.2,0.00010151,0.00060848
421.96,0.20012,0.2,9.7438e-05,0.00058413
425.96,0.20011,0.2,9.3503e-05,0.00056056
429.55,0.20011,0.2,8.9793e-05,0.00053834
432.75,0.2001,0.2,8.6431e-05,0.0005182
435.66,0.2001,0.2,8.3358e-05,0.0004998
438.14,0.2001,0.2,8.0689e-05,0.0004838
440.18,0.20009,0.2,7.8428e-05,0.00047026
441.75,0.20009,0.2,7.6552e-05,0.00045902
442.9,0.20009,0.2,7.4885e-05,0.00044903
443.44,0.20009,0.2,7.3679e-05,0.0004418
443.43,0.20009,0.2,7.292e-05,0.00043725
442.94,0.20009,0.2,7.2549e-05,0.00043503
442.07,0.20009,0.2,7.2492e-05,0.00043468
440.86,0.20009,0.2,7.2744e-05,0.0004362
439.32,0.20009,0.2,7.3294e-05,0.00043949
437.42,0.20009,0.2,7.4099e-05,0.00044431
435.05,0.20009,0.2,7.5177e-05,0.00045076
432.24,0.20009,0.2,7.6564e-05,0.00045907
429.05,0.20009,0.2,7.8275e-05,0.00046932
425.57,0.2001,0.2,8.0305e-05,0.00048148
421.83,0.2001,0.2,8.2693e-05,0.00049578
418.07,0.2001,0.2,8.5344e-05,0.00051165
414.34,0.20011,0.2,8.8231e-05,0.00052893
410.62,0.20011,0.2,9.1282e-05,0.0005472
406.89,0.20011,0.2,9.4393e-05,0.00056582
403.07,0.20012,0.2,9.7713e-05,0.00058569
399.26,0.20012,0.2,0.00010126,0.00060695
395.74,0.20013,0.2,0.00010494,0.00062893
393.54,0.20013,0.2,0.00010762,0.00064497
391.9,0.20013,0.2,0.00011016,0.00066018
391,0.20013,0.2,0.00011242,0.00067371
390.98,0.20014,0.2,0.00011421,0.00068444
391.87,0.20014,0.2,0.00011532,0.00069109
393.67,0.20014,0.2,0.00011569,0.00069332
396.3,0.20014,0.2,0.00011527,0.0006908
399.63,0.20014,0.2,0.00011402,0.00068333
404.08,0.20013,0.2,0.00011162,0.00066899
408.91,0.20013,0.2,0.0001084,0.00064973
413.81,0.20013,0.2,0.00010459,0.00062693
418.56,0.20012,0.2,0.00010049,0.00060239
422.92,0.20012,0.2,9.6472e-05,0.00057834
426.91,0.20011,0.2,9.2588e-05,0.00055508
430.5,0.20011,0.2,8.8928e-05,0.00053316
433.68,0.2001,0.2,8.5612e-05,0.0005133
436.58,0.2001,0.2,8.2585e-05,0.00049516
439.06,0.2001,0.2,7.9956e-05,0.00047942
441.09,0.20009,0.2,7.7732e-05,0.00046609
442.64,0.20009,0.2,7.5888e-05,0.00045504
443.77,0.20009,0.2,7.4252e-05,0.00044524
444.31,0.20009,0.2,7.3071e-05,0.00043816
444.28,0.20009,0.2,7.2332e-05,0.00043373
443.79,0.20009,0.2,7.1976e-05,0.00043159
442.9,0.20009,0.2,7.1929e-05,0.00043131
441.68,0.20009,0.2,7.2189e-05,0.00043287
440.13,0.20009,0.2,7.2743e-05,0.00043618
438.22,0.20009,0.2,7.355e-05,0.00044102
435.84,0.20009,0.2,7.4626e-05,0.00044746
433.03,0.20009,0.2,7.6008e-05,0.00045574
429.83,0.20009,0.2,7.7713e-05,0.00046595
426.34,0.2001,0.2,7.9733e-05,0.00047805
422.59,0.2001,0.2,8.2108e-05,0.00049227
418.82,0.2001,0.2,8.4744e-05,0.00050805
415.08,0.20011,0.2,8.7615e-05,0.00052525
411.35,0.20011,0.2,9.0648e-05,0.0005434
407.61,0.20011,0.2,9.3743e-05,0.00056193
403.78,0.20012,0.2,9.7045e-05,0.00058169
399.96,0.20012,0.2,0.00010058,0.00060283
396.42,0.20013,0.2,0.00010423,0.0006247
394.22,0.20013,0.2,0.0001069,0.00064066
392.57,0.20013,0.2,0.00010942,0.00065578
391.67,0.20013,0.2,0.00011167,0.00066924
391.64,0.20014,0.2,0.00011346,0.00067991
392.52,0.20014,0.2,0.00011456,0.00068653
394.32,0.20014,0.2,0.00011493,0.00068875
396.95,0.20014,0.2,0.00011451,0.00068625
400.27,0.20014,0.2,0.00011326,0.00067882
404.72,0.20013,0.2,0.00011088,0.0006646
409.54,0.20013,0.2,0.00010769,0.00064549
414.43,0.20012,0.2,0.00010391,0.00062286
419.18,0.20012,0.2,9.9843e-05,0.00059853
423.54,0.20012,0.2,9.586e-05,0.00057467
427.52,0.20011,0.2,9.2009e-05,0.00055161
431.1,0.20011,0.2,8.8379e-05,0.00052987
434.28,0.2001,0.2,8.5093e-05,0.00051019
437.17,0.2001,0.2,8.2095e-05,0.00049223
439.64,0.2001,0.2,7.9492e-05,0.00047663
441.66,0.20009,0.2,7.7291e-05,0.00046344
443.21,0.20009,0.2,7.5467e-05,0.00045252
444.34,0.20009,0.2,7.3851e-05,0.00044283
444.86,0.20009,0.2,7.2685e-05,0.00043585
444.83,0.20009,0.2,7.1958e-05,0.00043149
444.33,0.20009,0.2,7.1612e-05,0.00042941
443.44,0.20009,0.2,7.1572e-05,0.00042917
442.21,0.20009,0.2,7.1837e-05,0.00043076
440.65,0.20009,0.2,7.2393e-05,0.00043409
438.74,0.20009,0.2,7.32e-05,0.00043892
436.35,0.20009,0.2,7.4275e-05,0.00044536
433.53,0.20009,0.2,7.5655e-05,0.00045363
430.32,0.20009,0.2,7.7355e-05,0.00046381
426.83,0.2001,0.2,7.9369e-05,0.00047587
423.08,0.2001,0.2,8.1737e-05,0.00049005
419.3,0.2001,0.2,8.4363e-05,0.00050577
415.55,0.2001,0.2,8.7224e-05,0.0005229
411.82,0.20011,0.2,9.0245e-05,0.00054099
408.07,0.20011,0.2,9.3329e-05,0.00055945
404.23,0.20012,0.2,9.6619e-05,0.00057915
400.41,0.20012,0.2,0.00010014,0.00060022
396.86,0.20012,0.2,0.00010378,0.00062201
394.65,0.20013,0.2,0.00010644,0.00063791
393,0.20013,0.2,0.00010896,0.00065298
392.1,0.20013,0.2,0.0001112,0.00066639
392.06,0.20014,0.2,0.00011297,0.00067703
392.94,0.20014,0.2,0.00011407,0.00068362
394.74,0.20014,0.2,0.00011444,0.00068584
397.36,0.20014,0.2,0.00011402,0.00068335
400.68,0.20014,0.2,0.00011279,0.00067596
405.13,0.20013,0.2,0.00011042,0.0006618
409.94,0.20013,0.2,0.00010724,0.00064279
414.83,0.20012,0.2,0.00010348,0.00062028
419.57,0.20012,0.2,9.9433e-05,0.00059607
423.93,0.20011,0.2,9.547e-05,0.00057234
427.91,0.20011,0.2,9.164e-05,0.0005494
431.49,0.20011,0.2,8.8031e-05,0.00052778
434.66,0.2001,0.2,8.4763e-05,0.00050821
437.55,0.2001,0.2,8.1783e-05,0.00049036
440.02,0.2001,0.2,7.9197e-05,0.00047487
442.03,0.20009,0.2,7.701e-05,0.00046176
443.57,0.20009,0.2,7.5199e-05,0.00045091
444.7,0.20009,0.2,7.3595e-05,0.0004413
445.22,0.20009,0.2,7.244e-05,0.00043438
445.18,0.20009,0.2,7.1721e-05,0.00043007
444.67,0.20009,0.2,7.138e-05,0.00042802
443.78,0.20009,0.2,7.1345e-05,0.00042781
442.55,0.20009,0.2,7.1612e-05,0.00042941
440.99,0.20009,0.2,7.217e-05,0.00043275
439.07,0.20009,0.2,7.2978e-05,0.00043759
436.68,0.20009,0.2,7.4052e-05,0.00044403
433.85,0.20009,0.2,7.5431e-05,0.00045228
430.64,0.20009,0.2,7.7128e-05,0.00046245
427.15,0.20009,0.2,7.9137e-05,0.00047448
423.39,0.2001,0.2,8.15e-05,0.00048863
419.61,0.2001,0.2,8.412e-05,0.00050432
415.86,0.2001,0.2,8.6974e-05,0.00052141
412.12,0.20011,0.2,8.9989e-05,0.00053946
408.36,0.20011,0.2,9.3065e-05,0.00055788
404.52,0.20012,0.2,9.6349e-05,0.00057753
400.69,0.20012,0.2,9.9862e-05,0.00059855
397.14,0.20012,0.2,0.0001035,0.0006203
394.93,0.20013,0.2,0.00010615,0.00063616
393.28,0.20013,0.2,0.00010866,0.0006512
392.37,0.20013,0.2,0.00011089,0.00066458
392.33,0.20014,0.2,0.00011267,0.0006752
393.21,0.20014,0.2,0.00011376,0.00068177
395,0.20014,0.2,0.00011413,0.00068399
397.63,0.20014,0.2,0.00011371,0.00068151
400.95,0.20013,0.2,0.00011248,0.00067414
405.39,0.20013,0.2,0.00011012,0.00066002
410.2,0.20013,0.2,0.00010695,0.00064107
415.09,0.20012,0.2,0.0001032,0.00061863
419.83,0.20012,0.2,9.9172e-05,0.0005945
424.18,0.20011,0.2,9.5222e-05,0.00057085
428.16,0.20011,0.2,9.1405e-05,0.000548
431.73,0.20011,0.2,8.7808e-05,0.00052645
434.91,0.2001,0.2,8.4552e-05,0.00050695
437.79,0.2001,0.2,8.1584e-05,0.00048917
440.26,0.20009,0.2,7.9009e-05,0.00047374
442.27,0.20009,0.2,7.6831e-05,0.00046069
443.81,0.20009,0.2,7.5028e-05,0.00044989
444.93,0.20009,0.2,7.3432e-05,0.00044032
445.44,0.20009,0.2,7.2283e-05,0.00043344
445.41,0.20009,0.2,7.1569e-05,0.00042916
444.9,0.20009,0.2,7.1232e-05,0.00042714
444,0.20009,0.2,7.12e-05,0.00042694
442.77,0.20009,0.2,7.1469e-05,0.00042855
441.2,0.20009,0.2,7.2028e-05,0.0004319
439.28,0.20009,0.2,7.2836e-05,0.00043674
436.89,0.20009,0.2,7.391e-05,0.00044317
434.06,0.20009,0.2,7.5287e-05,0.00045142
430.84,0.20009,0.2,7.6982e-05,0.00046157
427.35,0.20009,0.2,7.8989e-05,0.00047359
423.59,0.2001,0.2,8.1349e-05,0.00048772
419.8,0.2001,0.2,8.3965e-05,0.00050339
416.05,0.2001,0.2,8.6815e-05,0.00052046
412.31,0.20011,0.2,8.9825e-05,0.00053848
408.55,0.20011,0.2,9.2897e-05,0.00055687
404.71,0.20012,0.2,9.6176e-05,0.00057649
400.88,0.20012,0.2,9.9684e-05,0.00059749
397.32,0.20012,0.2,0.00010331,0.0006192
395.11,0.20013,0.2,0.00010596,0.00063505
393.46,0.20013,0.2,0.00010847,0.00065006
392.54,0.20013,0.2,0.0001107,0.00066342
392.5,0.20013,0.2,0.00011247,0.00067402
393.38,0.20014,0.2,0.00011357,0.00068059
395.17,0.20014,0.2,0.00011393,0.0006828
397.8,0.20014,0.2,0.00011352,0.00068033
401.12,0.20013,0.2,0.00011229,0.00067297
405.56,0.20013,0.2,0.00010993,0.00065889
410.37,0.20013,0.2,0.00010677,0.00063997
415.25,0.20012,0.2,0.00010303,0.00061758
419.99,0.20012,0.2,9.9005e-05,0.0005935
424.34,0.20011,0.2,9.5063e-05,0.0005699
428.32,0.20011,0.2,9.1255e-05,0.0005471
431.89,0.20011,0.2,8.7666e-05,0.0005256
435.06,0.2001,0.2,8.4418e-05,0.00050614
437.95,0.2001,0.2,8.1458e-05,0.00048841
440.41,0.20009,0.2,7.8888e-05,0.00047302
442.42,0.20009,0.2,7.6717e-05,0.00046001
443.96,0.20009,0.2,7.4919e-05,0.00044923
445.08,0.20009,0.2,7.3328e-05,0.0004397
445.59,0.20009,0.2,7.2183e-05,0.00043284
445.55,0.20009,0.2,7.1472e-05,0.00042858
445.04,0.20009,0.2,7.1137e-05,0.00042657
444.14,0.20009,0.2,7.1107e-05,0.00042638
442.9,0.20009,0.2,7.1377e-05,0.000428
441.34,0.20009,0.2,7.1937e-05,0.00043135
439.41,0.20009,0.2,7.2745e-05,0.0004362
437.02,0.20009,0.2,7.3819e-05,0.00044263
434.19,0.20009,0.2,7.5195e-05,0.00045087
430.97,0.20009,0.2,7.6889e-05,0.00046102
427.48,0.20009,0.2,7.8895e-05,0.00047303
423.71,0.2001,0.2,8.1252e-05,0.00048714
419.93,0.2001,0.2,8.3866e-05,0.00050279
416.18,0.2001,0.2,8.6713e-05,0.00051985
412.43,0.20011,0.2,8.972e-05,0.00053785
408.67,0.20011,0.2,9.279e-05,0.00055622
404.83,0.20012,0.2,9.6065e-05,0.00057583
400.99,0.20012,0.2,9.957e-05,0.00059681
397.44,0.20012,0.2,0.0001032,0.00061851
395.22,0.20013,0.2,0.00010584,0.00063433
393.57,0.20013,0.2,0.00010835,0.00064933
392.65,0.20013,0.2,0.00011058,0.00066268
392.61,0.20013,0.2,0.00011235,0.00067328
393.49,0.20014,0.2,0.00011344,0.00067984
395.28,0.20014,0.2,0.00011381,0.00068205
397.91,0.20014,0.2,0.00011339,0.00067957
401.22,0.20013,0.2,0.00011216,0.00067223
405.67,0.20013,0.2,0.00010981,0.00065816
410.48,0.20013,0.2,0.00010665,0.00063927
415.36,0.20012,0.2,0.00010291,0.00061691
420.09,0.20012,0.2,9.8898e-05,0.00059286
424.44,0.20011,0.2,9.4962e-05,0.0005693
428.42,0.20011,0.2,9.1159e-05,0.00054652
431.99,0.20011,0.2,8.7575e-05,0.00052506
435.16,0.2001,0.2,8.4332e-05,0.00050563
438.05,0.2001,0.2,8.1376e-05,0.00048792
440.51,0.20009,0.2,7.8811e-05,0.00047256
442.52,0.20009,0.2,7.6644e-05,0.00045957
444.05,0.20009,0.2,7.4849e-05,0.00044881
445.17,0.20009,0.2,7.3261e-05,0.0004393
445.68,0.20009,0.2,7.2119e-05,0.00043245
445.64,0.20009,0.2,7.141e-05,0.0004282
445.13,0.20009,0.2,7.1077e-05,0.00042621
444.23,0.20009,0.2,7.1048e-05,0.00042603
442.99,0.20009,0.2,7.1319e-05,0.00042765
441.43,0.20009,0.2,7.1878e-05,0.00043101
439.5,0.20009,0.2,7.2687e-05,0.00043585
437.11,0.20009,0.2,7.3761e-05,0.00044228
434.28,0.20009,0.2,7.5137e-05,0.00045052
431.06,0.20009,0.2,7.683e-05,0.00046066
427.56,0.20009,0.2,7.8834e-05,0.00047267
423.79,0.2001,0.2,8.119e-05,0.00048677
420.01,0.2001,0.2,8.3802e-05,0.00050242
416.26,0.2001,0.2,8.6648e-05,0.00051946
412.51,0.20011,0.2,8.9653e-05,0.00053745
408.75,0.20011,0.2,9.2721e-05,0.00055581
404.9,0.20012,0.2,9.5994e-05,0.00057541
401.07,0.20012,0.2,9.9497e-05,0.00059637
397.51,0.20012,0.2,0.00010312,0.00061806
395.29,0.20013,0.2,0.00010576,0.00063387
393.64,0.20013,0.2,0.00010827,0.00064887
392.73,0.20013,0.2,0.0001105,0.00066221
392.68,0.20013,0.2,0.00011227,0.0006728
393.57,0.20014,0.2,0.00011336,0.00067935
395.35,0.20014,0.2,0.00011373,0.00068156
397.98,0.20014,0.2,0.00011331,0.00067909
401.29,0.20013,0.2,0.00011208,0.00067175
405.74,0.20013,0.2,0.00010973,0.00065769
410.54,0.20013,0.2,0.00010658,0.00063882
415.43,0.20012,0.2,0.00010284,0.00061648
420.16,0.20012,0.2,9.883e-05,0.00059246
424.51,0.20011,0.2,9.4897e-05,0.00056891
428.49,0.20011,0.2,9.1097e-05,0.00054615
432.06,0.20011,0.2,8.7517e-05,0.00052471
435.23,0.2001,0.2,8.4277e-05,0.0005053
438.11,0.2001,0.2,8.1324e-05,0.00048761
440.57,0.20009,0.2,7.8762e-05,0.00047226
442.58,0.20009,0.2,7.6597e-05,0.00045929
444.12,0.20009,0.2,7.4804e-05,0.00044855
445.23,0.20009,0.2,7.3218e-05,0.00043904
445.74,0.20009,0.2,7.2078e-05,0.00043221
445.7,0.20009,0.2,7.137e-05,0.00042797
445.19,0.20009,0.2,7.1038e-05,0.00042598
444.29,0.20009,0.2,7.101e-05,0.0004258
443.05,0.20009,0.2,7.1281e-05,0.00042743
441.48,0.20009,0.2,7.1841e-05,0.00043078
439.56,0.20009,0.2,7.265e-05,0.00043563
437.16,0.20009,0.2,7.3723e-05,0.00044206
434.33,0.20009,0.2,7.5099e-05,0.0004503
431.11,0.20009,0.2,7.6792e-05,0.00046043
427.61,0.20009,0.2,7.8796e-05,0.00047243
423.85,0.2001,0.2,8.115e-05,0.00048654
420.06,0.2001,0.2,8.3762e-05,0.00050217
416.31,0.2001,0.2,8.6606e-05,0.00051921
412.56,0.20011,0.2,8.961e-05,0.00053719
408.8,0.20011,0.2,9.2677e-05,0.00055555
404.95,0.20012,0.2,9.5949e-05,0.00057513
401.12,0.20012,0.2,9.9451e-05,0.00059609
397.56,0.20012,0.2,0.00010307,0.00061777
395.34,0.20013,0.2,0.00010572,0.00063358
393.69,0.20013,0.2,0.00010822,0.00064857
392.77,0.20013,0.2,0.00011045,0.00066191
392.73,0.20013,0.2,0.00011221,0.00067249
393.61,0.20014,0.2,0.00011331,0.00067904
395.4,0.20014,0.2,0.00011367,0.00068125
398.02,0.20014,0.2,0.00011326,0.00067878
401.34,0.20013,0.2,0.00011203,0.00067145
405.78,0.20013,0.2,0.00010968,0.0006574
410.59,0.20013,0.2,0.00010653,0.00063853
415.47,0.20012,0.2,0.0001028,0.0006162
420.2,0.20012,0.2,9.8786e-05,0.00059219
424.55,0.20011,0.2,9.4856e-05,0.00056866
428.53,0.20011,0.2,9.1058e-05,0.00054592
432.1,0.2001,0.2,8.748e-05,0.00052449
435.27,0.2001,0.2,8.4242e-05,0.00050509
438.15,0.2001,0.2,8.1291e-05,0.00048741
440.61,0.20009,0.2,7.8731e-05,0.00047207
442.62,0.20009,0.2,7.6567e-05,0.00045911
444.16,0.20009,0.2,7.4776e-05,0.00044837
445.27,0.20009,0.2,7.3191e-05,0.00043888
445.78,0.20009,0.2,7.2052e-05,0.00043205
445.74,0.20009,0.2,7.1345e-05,0.00042781
445.22,0.20009,0.2,7.1013e-05,0.00042583
444.32,0.20009,0.2,7.0985e-05,0.00042566
443.09,0.20009,0.2,7.1257e-05,0.00042728
441.52,0.20009,0.2,7.1817e-05,0.00043064
439.59,0.20009,0.2,7.2626e-05,0.00043548
437.2,0.20009,0.2,7.37e-05,0.00044191
434.36,0.20009,0.2,7.5075e-05,0.00045015
431.15,0.20009,0.2,7.6768e-05,0.00046029
427.65,0.20009,0.2,7.8771e-05,0.00047229
423.88,0.2001,0.2,8.1125e-05,0.00048638
420.09,0.2001,0.2,8.3736e-05,0.00050202
416.34,0.2001,0.2,8.658e-05,0.00051905
412.59,0.20011,0.2,8.9583e-05,0.00053703
408.83,0.20011,0.2,9.2649e-05,0.00055538
404.98,0.20012,0.2,9.592e-05,0.00057496
401.15,0.20012,0.2,9.9421e-05,0.00059591
397.59,0.20012,0.2,0.00010304,0.00061759
395.37,0.20013,0.2,0.00010568,0.00063339
393.72,0.20013,0.2,0.00010819,0.00064838
392.8,0.20013,0.2,0.00011042,0.00066171
392.76,0.20013,0.2,0.00011218,0.00067229
393.64,0.20014,0.2,0.00011327,0.00067885
395.43,0.20014,0.2,0.00011364,0.00068105
398.05,0.20014,0.2,0.00011323,0.00067859
401.37,0.20013,0.2,0.000112,0.00067125
405.81,0.20013,0.2,0.00010965,0.00065721
410.61,0.20013,0.2,0.0001065,0.00063835
415.5,0.20012,0.2,0.00010277,0.00061603
420.23,0.20012,0.2,9.8758e-05,0.00059203
424.58,0.20011,0.2,9.4829e-05,0.0005685
428.55,0.20011,0.2,9.1033e-05,0.00054577
432.13,0.2001,0.2,8.7456e-05,0.00052435
435.3,0.2001,0.2,8.4219e-05,0.00050496
438.18,0.2001,0.2,8.127e-05,0.00048729
440.64,0.20009,0.2,7.8711e-05,0.00047195
442.65,0.20009,0.2,7.6548e-05,0.00045899
444.18,0.20009,0.2,7.4757e-05,0.00044826
445.3,0.20009,0.2,7.3174e-05,0.00043877
445.81,0.20009,0.2,7.2035e-05,0.00043195
445.76,0.20009,0.2,7.1329e-05,0.00042772
445.25,0.20009,0.2,7.0998e-05,0.00042573
444.35,0.20009,0.2,7.097e-05,0.00042556
443.11,0.20009,0.2,7.1242e-05,0.00042719
441.54,0.20009,0.2,7.1802e-05,0.00043055
439.61,0.20009,0.2,7.2611e-05,0.00043539
437.22,0.20009,0.2,7.3684e-05,0.00044182
434.39,0.20009,0.2,7.506e-05,0.00045006
431.17,0.20009,0.2,7.6752e-05,0.00046019
427.67,0.20009,0.2,7.8755e-05,0.00047219
423.9,0.2001,0.2,8.1109e-05,0.00048629
420.11,0.2001,0.2,8.3719e-05,0.00050192
416.36,0.2001,0.2,8.6563e-05,0.00051894
412.61,0.20011,0.2,8.9565e-05,0.00053692
408.85,0.20011,0.2,9.2631e-05,0.00055527
405,0.20012,0.2,9.5902e-05,0.00057485
401.17,0.20012,0.2,9.9402e-05,0.0005958
397.61,0.20012,0.2,0.00010302,0.00061747
395.39,0.20013,0.2,0.00010566,0.00063328
393.74,0.20013,0.2,0.00010817,0.00064826
392.82,0.20013,0.2,0.00011039,0.00066159
392.78,0.20013,0.2,0.00011216,0.00067217
393.66,0.20014,0.2,0.00011325,0.00067872
395.45,0.20014,0.2,0.00011362,0.00068093
398.07,0.20014,0.2,0.00011321,0.00067846
401.38,0.20013,0.2,0.00011198,0.00067113
405.83,0.20013,0.2,0.00010963,0.00065708
410.63,0.20013,0.2,0.00010648,0.00063823
415.52,0.20012,0.2,0.00010275,0.00061591
420.25,0.20012,0.2,9.874e-05,0.00059192
424.6,0.20011,0.2,9.4812e-05,0.0005684
428.57,0.20011,0.2,9.1017e-05,0.00054567
432.14,0.2001,0.2,8.7441e-05,0.00052425
435.31,0.2001,0.2,8.4205e-05,0.00050487
438.2,0.2001,0.2,8.1256e-05,0.0004872
440.65,0.20009,0.2,7.8698e-05,0.00047188
442.66,0.20009,0.2,7.6535e-05,0.00045892
444.2,0.20009,0.2,7.4746e-05,0.00044819
445.31,0.20009,0.2,7.3162e-05,0.00043871
445.82,0.20009,0.2,7.2024e-05,0.00043189
445.78,0.20009,0.2,7.1318e-05,0.00042766
445.26,0.20009,0.2,7.0987e-05,0.00042567
444.36,0.20009,0.2,7.096e-05,0.0004255
443.12,0.20009,0.2,7.1232e-05,0.00042713
441.56,0.20009,0.2,7.1792e-05,0.00043049
439.63,0.20009,0.2,7.2601e-05,0.00043534
437.23,0.20009,0.2,7.3675e-05,0.00044176
434.4,0.20009,0.2,7.505e-05,0.00045
431.18,0.20009,0.2,7.6742e-05,0.00046014
427.68,0.20009,0.2,7.8745e-05,0.00047213
423.92,0.2001,0.2,8.1099e-05,0.00048623
420.13,0.2001,0.2,8.3708e-05,0.00050185
416.37,0.2001,0.2,8.6552e-05,0.00051888
412.63,0.20011,0.2,8.9554e-05,0.00053685
408.86,0.20011,0.2,9.2619e-05,0.0005552
405.01,0.20012,0.2,9.589e-05,0.00057478
401.18,0.20012,0.2,9.939e-05,0.00059573
397.62,0.20012,0.2,0.00010301,0.0006174
395.4,0.20013,0.2,0.00010565,0.0006332
393.75,0.20013,0.2,0.00010815,0.00064818
392.83,0.20013,0.2,0.00011038,0.00066151
392.79,0.20013,0.2,0.00011215,0.00067209
393.67,0.20014,0.2,0.00011324,0.00067864
395.46,0.20014,0.2,0.00011361,0.00068085
398.08,0.20014,0.2,0.00011319,0.00067838
401.4,0.20013,0.2,0.00011196,0.00067105
405.84,0.20013,0.2,0.00010962,0.00065701
410.64,0.20013,0.2,0.00010646,0.00063815
415.53,0.20012,0.2,0.00010274,0.00061584
420.26,0.20012,0.2,9.8729e-05,0.00059185
424.61,0.20011,0.2,9.4801e-05,0.00056834
428.58,0.20011,0.2,9.1007e-05,0.00054561
432.15,0.2001,0.2,8.7431e-05,0.0005242
435.32,0.2001,0.2,8.4196e-05,0.00050481
438.21,0.2001,0.2,8.1248e-05,0.00048715
440.66,0.20009,0.2,7.8689e-05,0.00047183
442.67,0.20009,0.2,7.6528e-05,0.00045887
444.21,0.20009,0.2,7.4738e-05,0.00044815
445.32,0.20009,0.2,7.3155e-05,0.00043866
445.83,0.20009,0.2,7.2017e-05,0.00043185
445.79,0.20009,0.2,7.1312e-05,0.00042762
445.27,0.20009,0.2,7.0981e-05,0.00042563
444.37,0.20009,0.2,7.0953e-05,0.00042547
443.13,0.20009,0.2,7.1226e-05,0.0004271
441.57,0.20009,0.2,7.1786e-05,0.00043045
439.64,0.20009,0.2,7.2595e-05,0.0004353
437.24,0.20009,0.2,7.3668e-05,0.00044173
434.41,0.20009,0.2,7.5044e-05,0.00044996
431.19,0.20009,0.2,7.6736e-05,0.0004601
427.69,0.20009,0.2,7.8738e-05,0.00047209
423.92,0.2001,0.2,8.1092e-05,0.00048619
420.14,0.2001,0.2,8.3702e-05,0.00050181
416.38,0.2001,0.2,8.6545e-05,0.00051884
412.63,0.20011,0.2,8.9547e-05,0.00053681
408.87,0.20011,0.2,9.2612e-05,0.00055516
405.02,0.20012,0.2,9.5882e-05,0.00057473
401.19,0.20012,0.2,9.9382e-05,0.00059568
397.63,0.20012,0.2,0.000103,0.00061735
395.41,0.20013,0.2,0.00010564,0.00063315
393.76,0.20013,0.2,0.00010815,0.00064813
392.84,0.20013,0.2,0.00011037,0.00066146
392.8,0.20013,0.2,0.00011214,0.00067204
393.68,0.20014,0.2,0.00011323,0.00067859
395.46,0.20014,0.2,0.0001136,0.00068079
398.09,0.20014,0.2,0.00011318,0.00067833
401.4,0.20013,0.2,0.00011196,0.00067099
405.85,0.20013,0.2,0.00010961,0.00065696
410.65,0.20013,0.2,0.00010646,0.0006381
415.53,0.20012,0.2,0.00010273,0.00061579
420.26,0.20012,0.2,9.8721e-05,0.00059181
424.62,0.20011,0.2,9.4794e-05,0.00056829
428.59,0.20011,0.2,9.1e-05,0.00054557
432.16,0.2001,0.2,8.7425e-05,0.00052416
435.33,0.2001,0.2,8.419e-05,0.00050478
438.21,0.2001,0.2,8.1242e-05,0.00048712
440.67,0.20009,0.2,7.8684e-05,0.00047179
442.68,0.20009,0.2,7.6523e-05,0.00045884
444.21,0.20009,0.2,7.4733e-05,0.00044812
445.33,0.20009,0.2,7.3151e-05,0.00043864
445.84,0.20009,0.2,7.2013e-05,0.00043182
445.79,0.20009,0.2,7.1307e-05,0.00042759
445.28,0.20009,0.2,7.0977e-05,0.00042561
444.38,0.20009,0.2,7.0949e-05,0.00042544
443.14,0.20009,0.2,7.1222e-05,0.00042707
441.57,0.20009,0.2,7.1782e-05,0.00043043
439.64,0.20009,0.2,7.2591e-05,0.00043527
437.25,0.20009,0.2,7.3664e-05,0.0004417
434.42,0.20009,0.2,7.504e-05,0.00044994
431.2,0.20009,0.2,7.6732e-05,0.00046007
427.7,0.20009,0.2,7.8734e-05,0.00047207
423.93,0.2001,0.2,8.1088e-05,0.00048616
420.14,0.2001,0.2,8.3697e-05,0.00050179
416.39,0.2001,0.2,8.654e-05,0.00051881
412.64,0.20011,0.2,8.9542e-05,0.00053678
408.88,0.20011,0.2,9.2607e-05,0.00055513
405.03,0.20012,0.2,9.5877e-05,0.0005747
401.19,0.20012,0.2,9.9377e-05,0.00059565
397.64,0.20012,0.2,0.000103,0.00061732
395.42,0.20013,0.2,0.00010564,0.00063312
393.76,0.20013,0.2,0.00010814,0.0006481
392.84,0.20013,0.2,0.00011037,0.00066143
392.8,0.20013,0.2,0.00011213,0.000672
393.68,0.20014,0.2,0.00011323,0.00067855
395.47,0.20014,0.2,0.00011359,0.00068076
398.09,0.20014,0.2,0.00011318,0.00067829
401.41,0.20013,0.2,0.00011195,0.00067096
405.85,0.20013,0.2,0.0001096,0.00065692
410.66,0.20013,0.2,0.00010645,0.00063807
415.54,0.20012,0.2,0.00010272,0.00061577
420.27,0.20012,0.2,9.8717e-05,0.00059178
424.62,0.20011,0.2,9.479e-05,0.00056827
428.59,0.20011,0.2,9.0996e-05,0.00054555
432.17,0.2001,0.2,8.7421e-05,0.00052413
435.33,0.2001,0.2,8.4186e-05,0.00050476
438.22,0.2001,0.2,8.1238e-05,0.0004871
440.67,0.20009,0.2,7.8681e-05,0.00047177
442.68,0.20009,0.2,7.6519e-05,0.00045882
444.22,0.20009,0.2,7.473e-05,0.0004481
445.33,0.20009,0.2,7.3148e-05,0.00043862
445.84,0.20009,0.2,7.201e-05,0.0004318
445.8,0.20009,0.2,7.1305e-05,0.00042757
445.28,0.20009,0.2,7.0974e-05,0.00042559
444.38,0.20009,0.2,7.0947e-05,0.00042543
443.14,0.20009,0.2,7.1219e-05,0.00042706
441.58,0.20009,0.2,7.178e-05,0.00043041
439.65,0.20009,0.2,7.2589e-05,0.00043526
437.25,0.20009,0.2,7.3662e-05,0.00044169
434.42,0.20009,0.2,7.5037e-05,0.00044992
431.2,0.20009,0.2,7.6729e-05,0.00046006
427.7,0.20009,0.2,7.8732e-05,0.00047205
423.93,0.2001,0.2,8.1085e-05,0.00048614
420.15,0.2001,0.2,8.3694e-05,0.00050177
416.39,0.2001,0.2,8.6537e-05,0.00051879
412.64,0.20011,0.2,8.9539e-05,0.00053677
408.88,0.20011,0.2,9.2604e-05,0.00055511
405.03,0.20012,0.2,9.5874e-05,0.00057469
401.2,0.20012,0.2,9.9374e-05,0.00059563
397.64,0.20012,0.2,0.00010299,0.0006173
395.42,0.20013,0.2,0.00010563,0.0006331
393.76,0.20013,0.2,0.00010814,0.00064808
392.85,0.20013,0.2,0.00011036,0.00066141
392.8,0.20013,0.2,0.00011213,0.00067198
393.69,0.20014,0.2,0.00011322,0.00067853
395.47,0.20014,0.2,0.00011359,0.00068074
398.09,0.20014,0.2,0.00011317,0.00067827
401.41,0.20013,0.2,0.00011195,0.00067094
405.85,0.20013,0.2,0.0001096,0.0006569
410.66,0.20013,0.2,0.00010645,0.00063805
415.54,0.20012,0.2,0.00010272,0.00061575
420.27,0.20012,0.2,9.8714e-05,0.00059176
424.62,0.20011,0.2,9.4787e-05,0.00056825
428.6,0.20011,0.2,9.0993e-05,0.00054553
432.17,0.2001,0.2,8.7419e-05,0.00052412
435.34,0.2001,0.2,8.4184e-05,0.00050474
438.22,0.2001,0.2,8.1236e-05,0.00048708
440.68,0.20009,0.2,7.8679e-05,0.00047176
442.69,0.20009,0.2,7.6517e-05,0.00045881
444.22,0.20009,0.2,7.4728e-05,0.00044809
445.33,0.20009,0.2,7.3146e-05,0.00043861
445.84,0.20009,0.2,7.2008e-05,0.00043179
445.8,0.20009,0.2,7.1303e-05,0.00042756
445.29,0.20009,0.2,7.0972e-05,0.00042558
444.38,0.20009,0.2,7.0945e-05,0.00042542
443.15,0.20009,0.2,7.1218e-05,0.00042705
441.58,0.20009,0.2,7.1778e-05,0.0004304
439.65,0.20009,0.2,7.2587e-05,0.00043525
437.25,0.20009,0.2,7.366e-05,0.00044168
434.42,0.20009,0.2,7.5035e-05,0.00044991
431.2,0.20009,0.2,7.6727e-05,0.00046005
427.7,0.20009,0.2,7.873e-05,0.00047204
423.94,0.2001,0.2,8.1083e-05,0.00048613
420.15,0.2001,0.2,8.3693e-05,0.00050176
416.39,0.2001,0.2,8.6536e-05,0.00051878
412.65,0.20011,0.2,8.9537e-05,0.00053676
408.88,0.20011,0.2,9.2602e-05,0.0005551
405.03,0.20012,0.2,9.5872e-05,0.00057467
401.2,0.20012,0.2,9.9372e-05,0.00059562
397.64,0.20012,0.2,0.00010299,0.00061728
395.42,0.20013,0.2,0.00010563,0.00063308
393.77,0.20013,0.2,0.00010813,0.00064806
392.85,0.20013,0.2,0.00011036,0.00066139
392.81,0.20013,0.2,0.00011213,0.00067197
393.69,0.20014,0.2,0.00011322,0.00067852
395.47,0.20014,0.2,0.00011359,0.00068073
398.1,0.20014,0.2,0.00011317,0.00067826
401.41,0.20013,0.2,0.00011194,0.00067093
405.86,0.20013,0.2,0.0001096,0.00065689
410.66,0.20013,0.2,0.00010645,0.00063804
415.54,0.20012,0.2,0.00010272,0.00061573
420.27,0.20012,0.2,9.8712e-05,0.00059175
424.62,0.20011,0.2,9.4785e-05,0.00056824
428.6,0.20011,0.2,9.0991e-05,0.00054552
432.17,0.2001,0.2,8.7417e-05,0.00052411
435.34,0.2001,0.2,8.4182e-05,0.00050473
438.22,0.2001,0.2,8.1235e-05,0.00048708
440.68,0.20009,0.2,7.8677e-05,0.00047175
442.69,0.20009,0.2,7.6516e-05,0.0004588
444.22,0.20009,0.2,7.4727e-05,0.00044808
445.34,0.20009,0.2,7.3145e-05,0.0004386
445.85,0.20009,0.2,7.2007e-05,0.00043178
445.8,0.20009,0.2,7.1302e-05,0.00042756
445.29,0.20009,0.2,7.0971e-05,0.00042557
444.39,0.20009,0.2,7.0944e-05,0.00042541
443.15,0.20009,0.2,7.1216e-05,0.00042704
441.58,0.20009,0.2,7.1777e-05,0.0004304
439.65,0.20009,0.2,7.2586e-05,0.00043524
437.26,0.20009,0.2,7.3659e-05,0.00044167
434.42,0.20009,0.2,7.5034e-05,0.00044991
431.2,0.20009,0.2,7.6726e-05,0.00046004
427.7,0.20009,0.2,7.8729e-05,0.00047203
423.94,0.2001,0.2,8.1082e-05,0.00048613
420.15,0.2001,0.2,8.3691e-05,0.00050175
416.39,0.2001,0.2,8.6534e-05,0.00051878
412.65,0.20011,0.2,8.9536e-05,0.00053675
408.89,0.20011,0.2,9.2601e-05,0.00055509
405.03,0.20012,0.2,9.5871e-05,0.00057467
401.2,0.20012,0.2,9.937e-05,0.00059561
397.64,0.20012,0.2,0.00010299,0.00061728
395.42,0.20013,0.2,0.00010563,0.00063308
393.77,0.20013,0.2,0.00010813,0.00064805
392.85,0.20013,0.2,0.00011036,0.00066138
392.81,0.20013,0.2,0.00011213,0.00067196
393.69,0.20014,0.2,0.00011322,0.00067851
395.48,0.20014,0.2,0.00011359,0.00068072
398.1,0.20014,0.2,0.00011317,0.00067825
401.41,0.20013,0.2,0.00011194,0.00067092
405.86,0.20013,0.2,0.0001096,0.00065688
410.66,0.20013,0.2,0.00010644,0.00063803
415.54,0.20012,0.2,0.00010272,0.00061573
420.27,0.20012,0.2,9.871e-05,0.00059174
424.63,0.20011,0.2,9.4784e-05,0.00056823
428.6,0.20011,0.2,9.099e-05,0.00054551
432.17,0.2001,0.2,8.7416e-05,0.0005241
435.34,0.2001,0.2,8.4181e-05,0.00050473
438.22,0.2001,0.2,8.1234e-05,0.00048707
440.68,0.20009,0.2,7.8676e-05,0.00047175
442.69,0.20009,0.2,7.6515e-05,0.0004588
444.22,0.20009,0.2,7.4726e-05,0.00044808
445.34,0.20009,0.2,7.3144e-05,0.0004386
445.85,0.20009,0.2,7.2006e-05,0.00043178
445.8,0.20009,0.2,7.1301e-05,0.00042755
445.29,0.20009,0.2,7.0971e-05,0.00042557
444.39,0.20009,0.2,7.0943e-05,0.00042541
443.15,0.20009,0.2,7.1216e-05,0.00042704
441.58,0.20009,0.2,7.1776e-05,0.00043039
439.65,0.20009,0.2,7.2585e-05,0.00043524
437.26,0.20009,0.2,7.3658e-05,0.00044167
434.42,0.20009,0.2,7.5034e-05,0.0004499
431.2,0.20009,0.2,7.6726e-05,0.00046004
427.71,0.20009,0.2,7.8728e-05,0.00047203
423.94,0.2001,0.2,8.1081e-05,0.00048612
420.15,0.2001,0.2,8.3691e-05,0.00050175
416.4,0.2001,0.2,8.6534e-05,0.00051877
412.65,0.20011,0.2,8.9535e-05,0.00053674
408.89,0.20011,0.2,9.26e-05,0.00055509
405.04,0.20012,0.2,9.587e-05,0.00057466
401.2,0.20012,0.2,9.937e-05,0.00059561
397.64,0.20012,0.2,0.00010299,0.00061727
395.42,0.20013,0.2,0.00010563,0.00063307
393.77,0.20013,0.2,0.00010813,0.00064805
392.85,0.20013,0.2,0.00011036,0.00066138
392.81,0.20013,0.2,0.00011213,0.00067195
393.69,0.20014,0.2,0.00011322,0.0006785
395.48,0.20014,0.2,0.00011358,0.00068071
398.1,0.20014,0.2,0.00011317,0.00067825
401.42,0.20013,0.2,0.00011194,0.00067091
405.86,0.20013,0.2,0.00010959,0.00065688
410.66,0.20013,0.2,0.00010644,0.00063803
415.55,0.20012,0.2,0.00010272,0.00061572
420.27,0.20012,0.2,9.871e-05,0.00059174
424.63,0.20011,0.2,9.4783e-05,0.00056823
428.6,0.20011,0.2,9.099e-05,0.00054551
432.17,0.2001,0.2,8.7415e-05,0.0005241
435.34,0.2001,0.2,8.4181e-05,0.00050472
438.22,0.2001,0.2,8.1233e-05,0.00048707
440.68,0.20009,0.2,7.8676e-05,0.00047174
442.69,0.20009,0.2,7.6515e-05,0.00045879
444.22,0.20009,0.2,7.4726e-05,0.00044808
445.34,0.20009,0.2,7.3143e-05,0.00043859
445.85,0.20009,0.2,7.2006e-05,0.00043178
445.8,0.20009,0.2,7.1301e-05,0.00042755
445.29,0.20009,0.2,7.097e-05,0.00042557
444.39,0.20009,0.2,7.0943e-05,0.0004254
443.15,0.20009,0.2,7.1215e-05,0.00042703
441.58,0.20009,0.2,7.1776e-05,0.00043039
439.65,0.20009,0.2,7.2585e-05,0.00043524
437.26,0.20009,0.2,7.3658e-05,0.00044166
434.43,0.20009,0.2,7.5033e-05,0.0004499
431.21,0.20009,0.2,7.6725e-05,0.00046003
427.71,0.20009,0.2,7.8728e-05,0.00047203
423.94,0.2001,0.2,8.1081e-05,0.00048612
420.15,0.2001,0.2,8.369e-05,0.00050175
416.4,0.2001,0.2,8.6533e-05,0.00051877
412.65,0.20011,0.2,8.9535e-05,0.00053674
408.89,0.20011,0.2,9.2599e-05,0.00055509
405.04,0.20012,0.2,9.5869e-05,0.00057466
401.2,0.20012,0.2,9.9369e-05,0.0005956
397.64,0.20012,0.2,0.00010299,0.00061727
395.42,0.20013,0.2,0.00010563,0.00063307
393.77,0.20013,0.2,0.00010813,0.00064804
392.85,0.20013,0.2,0.00011036,0.00066138
392.81,0.20013,0.2,0.00011212,0.00067195
393.69,0.20014,0.2,0.00011322,0.0006785
395.48,0.20014,0.2,0.00011358,0.00068071
398.1,0.20014,0.2,0.00011317,0.00067824
401.42,0.20013,0.2,0.00011194,0.00067091
405.86,0.20013,0.2,0.00010959,0.00065687
410.66,0.20013,0.2,0.00010644,0.00063802
415.55,0.20012,0.2,0.00010272,0.00061572
420.28,0.20012,0.2,9.8709e-05,0.00059173
424.63,0.20011,0.2,9.4783e-05,0.00056822
428.6,0.20011,0.2,9.0989e-05,0.00054551
432.17,0.2001,0.2,8.7415e-05,0.0005241
435.34,0.2001,0.2,8.418e-05,0.00050472
438.22,0.2001,0.2,8.1233e-05,0.00048706
440.68,0.20009,0.2,7.8675e-05,0.00047174
442.69,0.20009,0.2,7.6514e-05,0.00045879
444.22,0.20009,0.2,7.4725e-05,0.00044807
445.34,0.20009,0.2,7.3143e-05,0.00043859
445.85,0.20009,0.2,7.2006e-05,0.00043178
445.8,0.20009,0.2,7.13e-05,0.00042755
445.29,0.20009,0.2,7.097e-05,0.00042557
444.39,0.20009,0.2,7.0943e-05,0.0004254
443.15,0.20009,0.2,7.1215e-05,0.00042703
441.58,0.20009,0.2,7.1776e-05,0.00043039
439.65,0.20009,0.2,7.2584e-05,0.00043523
437.26,0.20009,0.2,7.3658e-05,0.00044166
434.43,0.20009,0.2,7.5033e-05,0.0004499
431.21,0.20009,0.2,7.6725e-05,0.00046003
427.71,0.20009,0.2,7.8727e-05,0.00047203
423.94,0.2001,0.2,8.1081e-05,0.00048612
420.15,0.2001,0.2,8.369e-05,0.00050174
416.4,0.2001,0.2,8.6533e-05,0.00051877
412.65,0.20011,0.2,8.9535e-05,0.00053674
408.89,0.20011,0.2,9.2599e-05,0.00055508
405.04,0.20012,0.2,9.5869e-05,0.00057466
401.2,0.20012,0.2,9.9369e-05,0.0005956
397.65,0.20012,0.2,0.00010299,0.00061727
395.42,0.20013,0.2,0.00010563,0.00063307
393.77,0.20013,0.2,0.00010813,0.00064804
392.85,0.20013,0.2,0.00011036,0.00066137
392.81,0.20013,0.2,0.00011212,0.00067195
393.69,0.20014,0.2,0.00011322,0.0006785
395.48,0.20014,0.2,0.00011358,0.0006807
398.1,0.20014,0.2,0.00011317,0.00067824
401.42,0.20013,0.2,0.00011194,0.00067091
405.86,0.20013,0.2,0.00010959,0.00065687
410.66,0.20013,0.2,0.00010644,0.00063802
415.55,0.20012,0.2,0.00010272,0.00061572
420.28,0.20012,0.2,9.8709e-05,0.00059173
424.63,0.20011,0.2,9.4782e-05,0.00056822
428.6,0.20011,0.2,9.0989e-05,0.0005455
432.17,0.2001,0.2,8.7414e-05,0.00052409
435.34,0.2001,0.2,8.418e-05,0.00050472
438.23,0.2001,0.2,8.1233e-05,0.00048706
440.68,0.20009,0.2,7.8675e-05,0.00047174
442.69,0.20009,0.2,7.6514e-05,0.00045879
444.22,0.20009,0.2,7.4725e-05,0.00044807
445.34,0.20009,0.2,7.3143e-05,0.00043859
445.85,0.20009,0.2,7.2006e-05,0.00043177
445.8,0.20009,0.2,7.13e-05,0.00042755
445.29,0.20009,0.2,7.097e-05,0.00042557
444.39,0.20009,0.2,7.0942e-05,0.0004254
443.15,0.20009,0.2,7.1215e-05,0.00042703
441.58,0.20009,0.2,7.1775e-05,0.00043039
439.65,0.20009,0.2,7.2584e-05,0.00043523
437.26,0.20009,0.2,7.3658e-05,0.00044166
434.43,0.20009,0.2,7.5033e-05,0.0004499
431.21,0.20009,0.2,7.6725e-05,0.00046003
427.71,0.20009,0.2,7.8727e-05,0.00047202
423.94,0.2001,0.2,8.108e-05,0.00048612
420.15,0.2001,0.2,8.369e-05,0.00050174
416.4,0.2001,0.2,8.6533e-05,0.00051876
412.65,0.20011,0.2,8.9534e-05,0.00053674
408.89,0.20011,0.2,9.2599e-05,0.00055508
405.04,0.20012,0.2,9.5869e-05,0.00057466
401.2,0.20012,0.2,9.9368e-05,0.0005956
397.65,0.20012,0.2,0.00010299,0.00061726
395.42,0.20013,0.2,0.00010563,0.00063306
393.77,0.20013,0.2,0.00010813,0.00064804
392.85,0.20013,0.2,0.00011036,0.00066137
392.81,0.20013,0.2,0.00011212,0.00067195
393.69,0.20014,0.2,0.00011322,0.0006785
395.48,0.20014,0.2,0.00011358,0.0006807
398.1,0.20014,0.2,0.00011317,0.00067824
401.42,0.20013,0.2,0.00011194,0.00067091
405.86,0.20013,0.2,0.00010959,0.00065687
410.66,0.20013,0.2,0.00010644,0.00063802
415.55,0.20012,0.2,0.00010271,0.00061571
420.28,0.20012,0.2,9.8709e-05,0.00059173
424.63,0.20011,0.2,9.4782e-05,0.00056822
428.6,0.20011,0.2,9.0989e-05,0.0005455
432.17,0.2001,0.2,8.7414e-05,0.00052409
435.34,0.2001,0.2,8.418e-05,0.00050472
438.23,0.2001,0.2,8.1232e-05,0.00048706
440.68,0.20009,0.2,7.8675e-05,0.00047174
442.69,0.20009,0.2,7.6514e-05,0.00045879
444.23,0.20009,0.2,7.4725e-05,0.00044807
445.34,0.20009,0.2,7.3143e-05,0.00043859
445.85,0.20009,0.2,7.2005e-05,0.00043177
445.8,0.20009,0.2,7.13e-05,0.00042755
445.29,0.20009,0.2,7.097e-05,0.00042556
444.39,0.20009,0.2,7.0942e-05,0.0004254
443.15,0.20009,0.2,7.1215e-05,0.00042703
441.58,0.20009,0.2,7.1775e-05,0.00043039
439.65,0.20009,0.2,7.2584e-05,0.00043523
437.26,0.20009,0.2,7.3657e-05,0.00044166
434.43,0.20009,0.2,7.5033e-05,0.0004499
431.21,0.20009,0.2,7.6725e-05,0.00046003
427.71,0.20009,0.2,7.8727e-05,0.00047202
423.94,0.2001,0.2,8.108e-05,0.00048612
420.15,0.2001,0.2,8.369e-05,0.00050174
416.4,0.2001,0.2,8.6533e-05,0.00051876
412.65,0.20011,0.2,8.9534e-05,0.00053674
408.89,0.20011,0.2,9.2599e-05,0.00055508
405.04,0.20012,0.2,9.5869e-05,0.00057465
401.2,0.20012,0.2,9.9368e-05,0.0005956
397.65,0.20012,0.2,0.00010299,0.00061726
395.42,0.20013,0.2,0.00010563,0.00063306
393.77,0.20013,0.2,0.00010813,0.00064804
392.85,0.20013,0.2,0.00011036,0.00066137
392.81,0.20013,0.2,0.00011212,0.00067195
393.69,0.20014,0.2,0.00011322,0.0006785
395.48,0.20014,0.2,0.00011358,0.0006807
398.1,0.20014,0.2,0.00011317,0.00067824
401.42,0.20013,0.2,0.00011194,0.0006709
405.86,0.20013,0.2,0.00010959,0.00065687
410.66,0.20013,0.2,0.00010644,0.00063802
415.55,0.20012,0.2,0.00010271,0.00061571
420.28,0.20012,0.2,9.8709e-05,0.00059173
424.63,0.20011,0.2,9.4782e-05,0.00056822
428.6,0.20011,0.2,9.0989e-05,0.0005455
432.17,0.2001,0.2,8.7414e-05,0.00052409
435.34,0.2001,0.2,8.418e-05,0.00050472
438.23,0.2001,0.2,8.1232e-05,0.00048706
440.68,0.20009,0.2,7.8675e-05,0.00047174
442.69,0.20009,0.2,7.6514e-05,0.00045879
444.23,0.20009,0.2,7.4725e-05,0.00044807
445.34,0.20009,0.2,7.3143e-05,0.00043859
445.85,0.20009,0.2,7.2005e-05,0.00043177
445.8,0.20009,0.2,7.13e-05,0.00042755
445.29,0.20009,0.2,7.097e-05,0.00042556
444.39,0.20009,0.2,7.0942e-05,0.0004254
443.15,0.20009,0.2,7.1215e-05,0.00042703
441.58,0.20009,0.2,7.1775e-05,0.00043039
439.65,0.20009,0.2,7.2584e-05,0.00043523
437.26,0.20009,0.2,7.3657e-05,0.00044166
434.43,0.20009,0.2,7.5033e-05,0.0004499
431.21,0.20009,0.2,7.6724e-05,0.00046003
427.71,0.20009,0.2,7.8727e-05,0.00047202
423.94,0.2001,0.2,8.108e-05,0.00048612
420.15,0.2001,0.2,8.369e-05,0.00050174
416.4,0.2001,0.2,8.6532e-05,0.00051876
412.65,0.20011,0.2,8.9534e-05,0.00053674
408.89,0.20011,0.2,9.2599e-05,0.00055508
405.04,0.20012,0.2,9.5869e-05,0.00057465
401.2,0.20012,0.2,9.9368e-05,0.0005956
397.65,0.20012,0.2,0.00010299,0.00061726
395.42,0.20013,0.2,0.00010563,0.00063306
393.77,0.20013,0.2,0.00010813,0.00064804
392.85,0.20013,0.2,0.00011036,0.00066137
392.81,0.20013,0.2,0.00011212,0.00067194
393.69,0.20014,0.2,0.00011322,0.00067849
395.48,0.20014,0.2,0.00011358,0.0006807
398.1,0.20014,0.2,0.00011317,0.00067824
401.42,0.20013,0.2,0.00011194,0.0006709
405.86,0.20013,0.2,0.00010959,0.00065687
410.66,0.20013,0.2,0.00010644,0.00063802
415.55,0.20012,0.2,0.00010271,0.00061571
420.28,0.20012,0.2,9.8708e-05,0.00059173
424.63,0.20011,0.2,9.4782e-05,0.00056822
428.6,0.20011,0.2,9.0988e-05,0.0005455
432.17,0.2001,0.2,8.7414e-05,0.00052409
435.34,0.2001,0.2,8.4179e-05,0.00050472
438.23,0.2001,0.2,8.1232e-05,0.00048706
440.68,0.20009,0.2,7.8675e-05,0.00047174
442.69,0.20009,0.2,7.6514e-05,0.00045879
444.23,0.20009,0.2,7.4725e-05,0.00044807
445.34,0.20009,0.2,7.3143e-05,0.00043859
445.85,0.20009,0.2,7.2005e-05,0.00043177
445.81,0.20009,0.2,7.13e-05,0.00042754
445.29,0.20009,0.2,7.097e-05,0.00042556
444.39,0.20009,0.2,7.0942e-05,0.0004254
443.15,0.20009,0.2,7.1215e-05,0.00042703
441.58,0.20009,0.2,7.1775e-05,0.00043039
439.65,0.20009,0.2,7.2584e-05,0.00043523
437.26,0.20009,0.2,7.3657e-05,0.00044166
434.43,0.20009,0.2,7.5032e-05,0.0004499
431.21,0.20009,0.2,7.6724e-05,0.00046003
427.71,0.20009,0.2,7.8727e-05,0.00047202
423.94,0.2001,0.2,8.108e-05,0.00048612
420.15,0.2001,0.2,8.369e-05,0.00050174
416.4,0.2001,0.2,8.6532e-05,0.00051876
412.65,0.20011,0.2,8.9534e-05,0.00053674
408.89,0.20011,0.2,9.2599e-05,0.00055508
405.04,0.20012,0.2,9.5869e-05,0.00057465
401.2,0.20012,0.2,9.9368e-05,0.0005956
397.65,0.20012,0.2,0.00010299,0.00061726
395.42,0.20013,0.2,0.00010563,0.00063306
393.77,0.20013,0.2,0.00010813,0.00064804
392.85,0.20013,0.2,0.00011036,0.00066137
392.81,0.20013,0.2,0.00011212,0.00067194
393.69,0.20014,0.2,0.00011322,0.00067849
395.48,0.20014,0.2,0.00011358,0.0006807
398.1,0.20014,0.2,0.00011317,0.00067824
401.42,0.20013,0.2,0.00011194,0.0006709
405.86,0.20013,0.2,0.00010959,0.00065687
410.66,0.20013,0.2,0.00010644,0.00063802
415.55,0.20012,0.2,0.00010271,0.00061571
420.28,0.20012,0.2,9.8708e-05,0.00059173
424.63,0.20011,0.2,9.4782e-05,0.00056822
428.6,0.20011,0.2,9.0988e-05,0.0005455
432.17,0.2001,0.2,8.7414e-05,0.00052409
435.34,0.2001,0.2,8.4179e-05,0.00050472
438.23,0.2001,0.2,8.1232e-05,0.00048706
440.68,0.20009,0.2,7.8675e-05,0.00047174
442.69,0.20009,0.2,7.6514e-05,0.00045879
444.23,0.20009,0.2,7.4725e-05,0.00044807
445.34,0.20009,0.2,7.3143e-05,0.00043859
445.85,0.20009,0.2,7.2005e-05,0.00043177
445.81,0.20009,0.2,7.13e-05,0.00042754
445.29,0.20009,0.2,7.0969e-05,0.00042556
444.39,0.20009,0.2,7.0942e-05,0.0004254
443.15,0.20009,0.2,7.1215e-05,0.00042703
441.58,0.20009,0.2,7.1775e-05,0.00043039
439.65,0.20009,0.2,7.2584e-05,0.00043523
437.26,0.20009,0.2,7.3657e-05,0.00044166
434.43,0.20009,0.2,7.5032e-05,0.0004499
431.21,0.20009,0.2,7.6724e-05,0.00046003
427.71,0.20009,0.2,7.8727e-05,0.00047202
423.94,0.2001,0.2,8.108e-05,0.00048612
420.15,0.2001,0.2,8.369e-05,0.00050174
416.4,0.2001,0.2,8.6532e-05,0.00051876
412.65,0.20011,0.2,8.9534e-05,0.00053674
408.89,0.20011,0.2,9.2599e-05,0.00055508
405.04,0.20012,0.2,9.5869e-05,0.00057465
401.2,0.20012,0.2,9.9368e-05,0.0005956
397.65,0.20012,0.2,0.00010299,0.00061726
395.42,0.20013,0.2,0.00010563,0.00063306
393.77,0.20013,0.2,0.00010813,0.00064804
392.85,0.20013,0.2,0.00011036,0.00066137
392.81,0.20013,0.2,0.00011212,0.00067194
393.69,0.20014,0.2,0.00011322,0.00067849
395.48,0.20014,0.2,0.00011358,0.0006807
398.1,0.20014,0.2,0.00011317,0.00067824
401.42,0.20013,0.2,0.00011194,0.0006709
405.86,0.20013,0.2,0.00010959,0.00065687
410.66,0.20013,0.2,0.00010644,0.00063802
415.55,0.20012,0.2,0.00010271,0.00061571
420.28,0.20012,0.2,9.8708e-05,0.00059173
424.63,0.20011,0.2,9.4782e-05,0.00056822
428.6,0.20011,0.2,9.0988e-05,0.0005455
432.17,0.2001,0.2,8.7414e-05,0.00052409
435.34,0.2001,0.2,8.4179e-05,0.00050472
438.23,0.2001,0.2,8.1232e-05,0.00048706
440.68,0.20009,0.2,7.8675e-05,0.00047174
442.69,0.20009,0.2,7.6514e-05,0.00045879
444.23,0.20009,0.2,7.4725e-05,0.00044807
445.34,0.20009,0.2,7.3143e-05,0.00043859
445.85,0.20009,0.2,7.2005e-05,0.00043177
445.81,0.20009,0.2,7.13e-05,0.00042754
445.29,0.20009,0.2,7.0969e-05,0.00042556
444.39,0.20009,0.2,7.0942e-05,0.0004254
443.15,0.20009,0.2,7.1215e-05,0.00042703
441.58,0.20009,0.2,7.1775e-05,0.00043039
439.65,0.20009,0.2,7.2584e-05,0.00043523
437.26,0.20009,0.2,7.3657e-05,0.00044166
434.43,0.20009,0.2,7.5032e-05,0.0004499
431.21,0.20009,0.2,7.6724e-05,0.00046003
427.71,0.20009,0.2,7.8727e-05,0.00047202
423.94,0.2001,0.2,8.108e-05,0.00048611
420.15,0.2001,0.2,8.3689e-05,0.00050174
416.4,0.2001,0.2,8.6532e-05,0.00051876
412.65,0.20011,0.2,8.9534e-05,0.00053674
408.89,0.20011,0.2,9.2599e-05,0.00055508
405.04,0.20012,0.2,9.5869e-05,0.00057465
401.2,0.20012,0.2,9.9368e-05,0.0005956
397.65,0.20012,0.2,0.00010299,0.00061726
395.42,0.20013,0.2,0.00010563,0.00063306
393.77,0.20013,0.2,0.00010813,0.00064804
392.85,0.20013,0.2,0.00011036,0.00066137
392.81,0.20013,0.2,0.00011212,0.00067194
393.69,0.20014,0.2,0.00011322,0.00067849
395.48,0.20014,0.2,0.00011358,0.0006807
398.1,0.20014,0.2,0.00011317,0.00067824
401.42,0.20013,0.2,0.00011194,0.0006709
405.86,0.20013,0.2,0.00010959,0.00065687
410.66,0.20013,0.2,0.00010644,0.00063802
415.55,0.20012,0.2,0.00010271,0.00061571
420.28,0.20012,0.2,9.8708e-05,0.00059173
424.63,0.20011,0.2,9.4782e-05,0.00056822
428.6,0.20011,0.2,9.0988e-05,0.0005455
432.17,0.2001,0.2,8.7414e-05,0.00052409
435.34,0.2001,0.2,8.4179e-05,0.00050472
438.23,0.2001,0.2,8.1232e-05,0.00048706
440.68,0.20009,0.2,7.8675e-05,0.00047174
442.69,0.20009,0.2,7.6514e-05,0.00045879
444.23,0.20009,0.2,7.4725e-05,0.00044807
445.34,0.20009,0.2,7.3143e-05,0.00043859
445.85,0.20009,0.2,7.2005e-05,0.00043177
445.81,0.20009,0.2,7.13e-05,0.00042754
445.29,0.20009,0.2,7.0969e-05,0.00042556
444.39,0.20009,0.2,7.0942e-05,0.0004254
443.15,0.20009,0.2,7.1215e-05,0.00042703
441.58,0.20009,0.2,7.1775e-05,0.00043039
439.65,0.20009,0.2,7.2584e-05,0.00043523
437.26,0.20009,0.2,7.3657e-05,0.00044166
434.43,0.20009,0.2,7.5032e-05,0.0004499
431.21,0.20009,0.2,7.6724e-05,0.00046003
427.71,0.20009,0.2,7.8727e-05,0.00047202
423.94,0.2001,0.2,8.108e-05,0.00048611
420.15,0.2001,0.2,8.3689e-05,0.00050174
416.4,0.2001,0.2,8.6532e-05,0.00051876
412.65,0.20011,0.2,8.9534e-05,0.00053674
408.89,0.20011,0.2,9.2599e-05,0.00055508
405.04,0.20012,0.2,9.5869e-05,0.00057465
401.2,0.20012,0.2,9.9368e-05,0.0005956
397.65,0.20012,0.2,0.00010299,0.00061726
395.42,0.20013,0.2,0.00010563,0.00063306
393.77,0.20013,0.2,0.00010813,0.00064804
392.85,0.20013,0.2,0.00011036,0.00066137
392.81,0.20013,0.2,0.00011212,0.00067194
393.69,0.20014,0.2,0.00011322,0.00067849
395.48,0.20014,0.2,0.00011358,0.0006807
398.1,0.20014,0.2,0.00011317,0.00067824
401.42,0.20013,0.2,0.00011194,0.0006709
405.86,0.20013,0.2,0.00010959,0.00065687
410.66,0.20013,0.2,0.00010644,0.00063802
415.55,0.20012,0.2,0.00010271,0.00061571
420.28,0.20012,0.2,9.8708e-05,0.00059173
424.63,0.20011,0.2,9.4782e-05,0.00056822
428.6,0.20011,0.2,9.0988e-05,0.0005455
432.17,0.2001,0.2,8.7414e-05,0.00052409
435.34,0.2001,0.2,8.4179e-05,0.00050472
438.23,0.2001,0.2,8.1232e-05,0.00048706
440.68,0.20009,0.2,7.8675e-05,0.00047174
442.69,0.20009,0.2,7.6514e-05,0.00045879
444.23,0.20009,0.2,7.4725e-05,0.00044807
445.34,0.20009,0.2,7.3143e-05,0.00043859
445.85,0.20009,0.2,7.2005e-05,0.00043177
445.81,0.20009,0.2,7.13e-05,0.00042754
445.29,0.20009,0.2,7.0969e-05,0.00042556
444.39,0.20009,0.2,7.0942e-05,0.0004254
443.15,0.20009,0.2,7.1215e-05,0.00042703
441.58,0.20009,0.2,7.1775e-05,0.00043039
439.65,0.20009,0.2,7.2584e-05,0.00043523
437.26,0.20009,0.2,7.3657e-05,0.00044166
434.43,0.20009,0.2,7.5032e-05,0.0004499
431.21,0.20009,0.2,7.6724e-05,0.00046003
427.71,0.20009,0.2,7.8727e-05,0.00047202
423.94,0.2001,0.2,8.108e-05,0.00048611
420.15,0.2001,0.2,8.3689e-05,0.00050174
416.4,0.2001,0.2,8.6532e-05,0.00051876
412.65,0.20011,0.2,8.9534e-05,0.00053674
408.89,0.20011,0.2,9.2599e-05,0.00055508
405.04,0.20012,0.2,9.5869e-05,0.00057465
401.2,0.20012,0.2,9.9368e-05,0.0005956
397.65,0.20012,0.2,0.00010299,0.00061726
395.42,0.20013,0.2,0.00010563,0.00063306
393.77,0.20013,0.2,0.00010813,0.00064804
392.85,0.20013,0.2,0.00011036,0.00066137
392.81,0.20013,0.2,0.00011212,0.00067194
393.69,0.20014,0.2,0.00011322,0.00067849
395.48,0.20014,0.2,0.00011358,0.0006807
398.1,0.20014,0.2,0.00011317,0.00067824
401.42,0.20013,0.2,0.00011194,0.0006709
405.86,0.20013,0.2,0.00010959,0.00065687
410.66,0.20013,0.2,0.00010644,0.00063802
415.55,0.20012,0.2,0.00010271,0.00061571
420.28,0.20012,0.2,9.8708e-05,0.00059173
424.63,0.20011,0.2,9.4782e-05,0.00056822
428.6,0.20011,0.2,9.0988e-05,0.0005455
432.17,0.2001,0.2,8.7414e-05,0.00052409
435.34,0.2001,0.2,8.4179e-05,0.00050472
438.23,0.2001,0.2,8.1232e-05,0.00048706
440.68,0.20009,0.2,7.8675e-05,0.00047174
442.69,0.20009,0.2,7.6514e-05,0.00045879
444.23,0.20009,0.2,7.4725e-05,0.00044807
445.34,0.20009,0.2,7.3143e-05,0.00043859
445.85,0.20009,0.2,7.2005e-05,0.00043177
445.81,0.20009,0.2,7.13e-05,0.00042754
445.29,0.20009,0.2,7.0969e-05,0.00042556
444.39,0.20009,0.2,7.0942e-05,0.0004254
443.15,0.20009,0.2,7.1215e-05,0.00042703
441.58,0.20009,0.2,7.1775e-05,0.00043039
439.65,0.20009,0.2,7.2584e-05,0.00043523
437.26,0.20009,0.2,7.3657e-05,0.00044166
434.43,0.20009,0.2,7.5032e-05,0.0004499
431.21,0.20009,0.2,7.6724e-05,0.00046003
427.71,0.20009,0.2,7.8727e-05,0.00047202
423.94,0.2001,0.2,8.108e-05,0.00048611
420.15,0.2001,0.2,8.3689e-05,0.00050174
416.4,0.2001,0.2,8.6532e-05,0.00051876
412.65,0.20011,0.2,8.9534e-05,0.00053674
408.89,0.20011,0.2,9.2599e-05,0.00055508
405.04,0.20012,0.2,9.5869e-05,0.00057465
401.2,0.20012,0.2,9.9368e-05,0.0005956
397.65,0.20012,0.2,0.00010299,0.00061726
395.42,0.20013,0.2,0.00010563,0.00063306
393.77,0.20013,0.2,0.00010813,0.00064804
392.85,0.20013,0.2,0.00011036,0.00066137
392.81,0.20013,0.2,0.00011212,0.00067194
393.69,0.20014,0.2,0.00011322,0.00067849
395.48,0.20014,0.2,0.00011358,0.0006807
398.1,0.20014,0.2,0.00011317,0.00067824
401.42,0.20013,0.2,0.00011194,0.0006709
405.86,0.20013,0.2,0.00010959,0.00065687
410.66,0.20013,0.2,0.00010644,0.00063802
415.55,0.20012,0.2,0.00010271,0.00061571
420.28,0.20012,0.2,9.8708e-05,0.00059173
424.63,0.20011,0.2,9.4782e-05,0.00056822
428.6,0.20011,0.2,9.0988e-05,0.0005455
432.17,0.2001,0.2,8.7414e-05,0.00052409
435.34,0.2001,0.2,8.4179e-05,0.00050472
438.23,0.2001,0.2,8.1232e-05,0.00048706
440.68,0.20009,0.2,7.8675e-05,0.00047174
442.69,0.20009,0.2,7.6514e-05,0.00045879
444.23,0.20009,0.2,7.4725e-05,0.00044807
445.34,0.20009,0.2,7.3143e-05,0.00043859
445.85,0.20009,0.2,7.2005e-05,0.00043177
445.81,0.20009,0.2,7.13e-05,0.00042754
445.29,0.20009,0.2,7.0969e-05,0.00042556
444.39,0.20009,0.2,7.0942e-05,0.0004254
443.15,0.20009,0.2,7.1215e-05,0.00042703
441.58,0.20009,0.2,7.1775e-05,0.00043039
439.65,0.20009,0.2,7.2584e-05,0.00043523
437.26,0.20009,0.2,7.3657e-05,0.00044166
434.43,0.20009,0.2,7.5032e-05,0.0004499
431.21,0.20009,0.2,7.6724e-05,0.00046003
427.71,0.20009,0.2,7.8727e-05,0.00047202
423.94,0.2001,0.2,8.108e-05,0.00048611
420.15,0.2001,0.2,8.3689e-05,0.00050174
416.4,0.2001,0.2,8.6532e-05,0.00051876
412.65,0.20011,0.2,8.9534e-05,0.00053674
408.89,0.20011,0.2,9.2599e-05,0.00055508
405.04,0.20012,0.2,9.5869e-05,0.00057465
401.2,0.20012,0.2,9.9368e-05,0.0005956
397.65,0.20012,0.2,0.00010299,0.00061726
395.42,0.20013,0.2,0.00010563,0.00063306
393.77,0.20013,0.2,0.00010813,0.00064804
392.85,0.20013,0.2,0.00011036,0.00066137
392.81,0.20013,0.2,0.00011212,0.00067194
393.69,0.20014,0.2,0.00011322,0.00067849
395.48,0.20014,0.2,0.00011358,0.0006807
398.1,0.20014,0.2,0.00011317,0.00067824
401.42,0.20013,0.2,0.00011194,0.0006709
405.86,0.20013,0.2,0.00010959,0.00065687
410.66,0.20013,0.2,0.00010644,0.00063802
415.55,0.20012,0.2,0.00010271,0.00061571
420.28,0.20012,0.2,9.8708e-05,0.00059173
424.63,0.20011,0.2,9.4782e-05,0.00056822
428.6,0.20011,0.2,9.0988e-05,0.0005455
432.17,0.2001,0.2,8.7414e-05,0.00052409
435.34,0.2001,0.2,8.4179e-05,0.00050472
438.23,0.2001,0.2,8.1232e-05,0.00048706
440.68,0.20009,0.2,7.8675e-05,0.00047174
442.69,0.20009,0.2,7.6514e-05,0.00045879
444.23,0.20009,0.2,7.4725e-05,0.00044807
445.34,0.20009,0.2,7.3143e-05,0.00043859
445.85,0.20009,0.2,7.2005e-05,0.00043177
445.81,0.20009,0.2,7.13e-05,0.00042754
445.29,0.20009,0.2,7.0969e-05,0.00042556
444.39,0.20009,0.2,7.0942e-05,0.0004254
443.15,0.20009,0.2,7.1215e-05,0.00042703
441.58,0.20009,0.2,7.1775e-05,0.00043039
439.65,0.20009,0.2,7.2584e-05,0.00043523
437.26,0.20009,0.2,7.3657e-05,0.00044166
434.43,0.20009,0.2,7.5032e-05,0.0004499
431.21,0.20009,0.2,7.6724e-05,0.00046003
427.71,0.20009,0.2,7.8727e-05,0.00047202
423.94,0.2001,0.2,8.108e-05,0.00048611
420.15,0.2001,0.2,8.3689e-05,0.00050174
416.4,0.2001,0.2,8.6532e-05,0.00051876
412.65,0.20011,0.2,8.9534e-05,0.00053674
408.89,0.20011,0.2,9.2599e-05,0.00055508
405.04,0.20012,0.2,9.5869e-05,0.00057465
401.2,0.20012,0.2,9.9368e-05,0.0005956
397.65,0.20012,0.2,0.00010299,0.00061726
395.42,0.20013,0.2,0.00010563,0.00063306
393.77,0.20013,0.2,0.00010813,0.00064804
392.85,0.20013,0.2,0.00011036,0.00066137
392.81,0.20013,0.2,0.00011212,0.00067194
393.69,0.20014,0.2,0.00011322,0.00067849
395.48,0.20014,0.2,0.00011358,0.0006807
398.1,0.20014,0.2,0.00011317,0.00067824
401.42,0.20013,0.2,0.00011194,0.0006709
405.86,0.20013,0.2,0.00010959,0.00065687
410.66,0.20013,0.2,0.00010644,0.00063802
415.55,0.20012,0.2,0.00010271,0.00061571
420.28,0.20012,0.2,9.8708e-05,0.00059173
424.63,0.20011,0.2,9.4782e-05,0.00056822
428.6,0.20011,0.2,9.0988e-05,0.0005455
432.17,0.2001,0.2,8.7414e-05,0.00052409
435.34,0.2001,0.2,8.4179e-05,0.00050472
438.23,0.2001,0.2,8.1232e-05,0.00048706
440.68,0.20009,0.2,7.8675e-05,0.00047174
442.69,0.20009,0.2,7.6514e-05,0.00045879
444.23,0.20009,0.2,7.4725e-05,0.00044807
445.34,0.20009,0.2,7.3143e-05,0.00043859
445.85,0.20009,0.2,7.2005e-05,0.00043177
445.81,0.20009,0.2,7.13e-05,0.00042754
445.29,0.20009,0.2,7.0969e-05,0.00042556
444.39,0.20009,0.2,7.0942e-05,0.0004254
443.15,0.20009,0.2,7.1215e-05,0.00042703
441.58,0.20009,0.2,7.1775e-05,0.00043039
439.65,0.20009,0.2,7.2584e-05,0.00043523
437.26,0.20009,0.2,7.3657e-05,0.00044166
434.43,0.20009,0.2,7.5032e-05,0.0004499
431.21,0.20009,0.2,7.6724e-05,0.00046003
427.71,0.20009,0.2,7.8727e-05,0.00047202
423.94,0.2001,0.2,8.108e-05,0.00048611
420.15,0.2001,0.2,8.3689e-05,0.00050174
416.4,0.2001,0.2,8.6532e-05,0.00051876
412.65,0.20011,0.2,8.9534e-05,0.00053674
408.89,0.20011,0.2,9.2599e-05,0.00055508
405.04,0.20012,0.2,9.5869e-05,0.00057465
401.2,0.20012,0.2,9.9368e-05,0.0005956
397.65,0.20012,0.2,0.00010299,0.00061726
395.42,0.20013,0.2,0.00010563,0.00063306
393.77,0.20013,0.2,0.00010813,0.00064804
392.85,0.20013,0.2,0.00011036,0.00066137
392.81,0.20013,0.2,0.00011212,0.00067194
393.69,0.20014,0.2,0.00011322,0.00067849
395.48,0.20014,0.2,0.00011358,0.0006807
398.1,0.20014,0.2,0.00011317,0.00067824
401.42,0.20013,0.2,0.00011194,0.0006709
405.86,0.20013,0.2,0.00010959,0.00065687
410.66,0.20013,0.2,0.00010644,0.00063802
415.55,0.20012,0.2,0.00010271,0.00061571
420.28,0.20012,0.2,9.8708e-05,0.00059173
424.63,0.20011,0.2,9.4782e-05,0.00056822
428.6,0.20011,0.2,9.0988e-05,0.0005455
432.17,0.2001,0.2,8.7414e-05,0.00052409
435.34,0.2001,0.2,8.4179e-05,0.00050472
438.23,0.2001,0.2,8.1232e-05,0.00048706
440.68,0.20009,0.2,7.8675e-05,0.00047174
442.69,0.20009,0.2,7.6514e-05,0.00045879
444.23,0.20009,0.2,7.4725e-05,0.00044807
445.34,0.20009,0.2,7.3143e-05,0.00043859
445.85,0.20009,0.2,7.2005e-05,0.00043177
445.81,0.20009,0.2,7.13e-05,0.00042754
445.29,0.20009,0.2,7.0969e-05,0.00042556
444.39,0.20009,0.2,7.0942e-05,0.0004254
443.15,0.20009,0.2,7.1215e-05,0.00042703
441.58,0.20009,0.2,7.1775e-05,0.00043039
439.65,0.20009,0.2,7.2584e-05,0.00043523
437.26,0.20009,0.2,7.3657e-05,0.00044166
434.43,0.20009,0.2,7.5032e-05,0.0004499
431.21,0.20009,0.2,7.6724e-05,0.00046003
427.71,0.20009,0.2,7.8727e-05,0.00047202
423.94,0.2001,0.2,8.108e-05,0.00048611
420.15,0.2001,0.2,8.3689e-05,0.00050174
416.4,0.2001,0.2,8.6532e-05,0.00051876
412.65,0.20011,0.2,8.9534e-05,0.00053674
408.89,0.20011,0.2,9.2599e-05,0.00055508
405.04,0.20012,0.2,9.5869e-05,0.00057465
401.2,0.20012,0.2,9.9368e-05,0.0005956
397.65,0.20012,0.2,0.00010299,0.00061726
395.42,0.20013,0.2,0.00010563,0.00063306
393.77,0.20013,0.2,0.00010813,0.00064804
392.85,0.20013,0.2,0.00011036,0.00066137
392.81,0.20013,0.2,0.00011212,0.00067194
393.69,0.20014,0.2,0.00011322,0.00067849
395.48,0.20014,0.2,0.00011358,0.0006807
398.1,0.20014,0.2,0.00011317,0.00067824
401.42,0.20013,0.2,0.00011194,0.0006709
405.86,0.20013,0.2,0.00010959,0.00065687
410.66,0.20013,0.2,0.00010644,0.00063802
415.55,0.20012,0.2,0.00010271,0.00061571
420.28,0.20012,0.2,9.8708e-05,0.00059173
424.63,0.20011,0.2,9.4782e-05,0.00056822
428.6,0.20011,0.2,9.0988e-05,0.0005455
432.17,0.2001,0.2,8.7414e-05,0.00052409
435.34,0.2001,0.2,8.4179e-05,0.00050472
438.23,0.2001,0.2,8.1232e-05,0.00048706
440.68,0.20009,0.2,7.8675e-05,0.00047174
442.69,0.20009,0.2,7.6514e-05,0.00045879
444.23,0.20009,0.2,7.4725e-05,0.00044807
445.34,0.20009,0.2,7.3143e-05,0.00043859
445.85,0.20009,0.2,7.2005e-05,0.00043177
445.81,0.20009,0.2,7.13e-05,0.00042754
445.29,0.20009,0.2,7.0969e-05,0.00042556
444.39,0.20009,0.2,7.0942e-05,0.0004254
443.15,0.20009,0.2,7.1215e-05,0.00042703
441.58,0.20009,0.2,7.1775e-05,0.00043039
439.65,0.20009,0.2,7.2584e-05,0.00043523
437.26,0.20009,0.2,7.3657e-05,0.00044166
434.43,0.20009,0.2,7.5032e-05,0.0004499
431.21,0.20009,0.2,7.6724e-05,0.00046003
427.71,0.20009,0.2,7.8727e-05,0.00047202
423.94,0.2001,0.2,8.108e-05,0.00048611
420.15,0.2001,0.2,8.3689e-05,0.00050174
416.4,0.2001,0.2,8.6532e-05,0.00051876
412.65,0.20011,0.2,8.9534e-05,0.00053674
408.89,0.20011,0.2,9.2599e-05,0.00055508
405.04,0.20012,0.2,9.5869e-05,0.00057465
401.2,0.20012,0.2,9.9368e-05,0.0005956
397.65,0.20012,0.2,0.00010299,0.00061726
395.42,0.20013,0.2,0.00010563,0.00063306
393.77,0.20013,0.2,0.00010813,0.00064804
392.85,0.20013,0.2,0.00011036,0.00066137
392.81,0.20013,0.2,0.00011212,0.00067194
393.69,0.20014,0.2,0.00011322,0.00067849
395.48,0.20014,0.2,0.00011358,0.0006807
398.1,0.20014,0.2,0.00011317,0.00067824
401.42,0.20013,0.2,0.00011194,0.0006709
405.86,0.20013,0.2,0.00010959,0.00065687
410.66,0.20013,0.2,0.00010644,0.00063802
415.55,0.20012,0.2,0.00010271,0.00061571
420.28,0.20012,0.2,9.8708e-05,0.00059173
424.63,0.20011,0.2,9.4782e-05,0.00056822
428.6,0.20011,0.2,9.0988e-05,0.0005455
432.17,0.2001,0.2,8.7414e-05,0.00052409
435.34,0.2001,0.2,8.4179e-05,0.00050472
438.23,0.2001,0.2,8.1232e-05,0.00048706
440.68,0.20009,0.2,7.8675e-05,0.00047174
442.69,0.20009,0.2,7.6514e-05,0.00045879
444.23,0.20009,0.2,7.4725e-05,0.00044807
445.34,0.20009,0.2,7.3143e-05,0.00043859
445.85,0.20009,0.2,7.2005e-05,0.00043177
445.81,0.20009,0.2,7.13e-05,0.00042754
445.29,0.20009,0.2,7.0969e-05,0.00042556
444.39,0.20009,0.2,7.0942e-05,0.0004254
443.15,0.20009,0.2,7.1215e-05,0.00042703
441.58,0.20009,0.2,7.1775e-05,0.00043039
439.65,0.20009,0.2,7.2584e-05,0.00043523
437.26,0.20009,0.2,7.3657e-05,0.00044166
434.43,0.20009,0.2,7.5032e-05,0.0004499
431.21,0.20009,0.2,7.6724e-05,0.00046003
427.71,0.20009,0.2,7.8727e-05,0.00047202
423.94,0.2001,0.2,8.108e-05,0.00048611
420.15,0.2001,0.2,8.3689e-05,0.00050174
416.4,0.2001,0.2,8.6532e-05,0.00051876
412.65,0.20011,0.2,8.9534e-05,0.00053674
408.89,0.20011,0.2,9.2599e-05,0.00055508
405.04,0.20012,0.2,9.5869e-05,0.00057465
401.2,0.20012,0.2,9.9368e-05,0.0005956
397.65,0.20012,0.2,0.00010299,0.00061726
395.42,0.20013,0.2,0.00010563,0.00063306
393.77,0.20013,0.2,0.00010813,0.00064804
392.85,0.20013,0.2,0.00011036,0.00066137
392.81,0.20013,0.2,0.00011212,0.00067194
393.69,0.20014,0.2,0.00011322,0.00067849
395.48,0.20014,0.2,0.00011358,0.0006807
398.1,0.20014,0.2,0.00011317,0.00067824
401.42,0.20013,0.2,0.00011194,0.0006709
405.86,0.20013,0.2,0.00010959,0.00065687
410.66,0.20013,0.2,0.00010644,0.00063802
415.55,0.20012,0.2,0.00010271,0.00061571
420.28,0.20012,0.2,9.8708e-05,0.00059173
424.63,0.20011,0.2,9.4782e-05,0.00056822
428.6,0.20011,0.2,9.0988e-05,0.0005455
432.17,0.2001,0.2,8.7414e-05,0.00052409
435.34,0.2001,0.2,8.4179e-05,0.00050472
438.23,0.2001,0.2,8.1232e-05,0.00048706
440.68,0.20009,0.2,7.8675e-05,0.00047174
442.69,0.20009,0.2,7.6514e-05,0.00045879
444.23,0.20009,0.2,7.4725e-05,0.00044807
445.34,0.20009,0.2,7.3143e-05,0.00043859
445.85,0.20009,0.2,7.2005e-05,0.00043177
445.81,0.20009,0.2,7.13e-05,0.00042754
445.29,0.20009,0.2,7.0969e-05,0.00042556
444.39,0.20009,0.2,7.0942e-05,0.0004254
443.15,0.20009,0.2,7.1215e-05,0.00042703
441.58,0.20009,0.2,7.1775e-05,0.00043039
439.65,0.20009,0.2,7.2584e-05,0.00043523
437.26,0.20009,0.2,7.3657e-05,0.00044166
434.43,0.20009,0.2,7.5032e-05,0.0004499
431.21,0.20009,0.2,7.6724e-05,0.00046003
427.71,0.20009,0.2,7.8727e-05,0.00047202
423.94,0.2001,0.2,8.108e-05,0.00048611
420.15,0.2001,0.2,8.3689e-05,0.00050174
416.4,0.2001,0.2,8.6532e-05,0.00051876
412.65,0.20011,0.2,8.9534e-05,0.00053674
408.89,0.20011,0.2,9.2599e-05,0.00055508
405.04,0.20012,0.2,9.5869e-05,0.00057465
401.2,0.20012,0.2,9.9368e-05,0.0005956
397.65,0.20012,0.2,0.00010299,0.00061726
395.42,0.20013,0.2,0.00010563,0.00063306
393.77,0.20013,0.2,0.00010813,0.00064804
392.85,0.20013,0.2,0.00011036,0.00066137
392.81,0.20013,0.2,0.00011212,0.00067194
393.69,0.20014,0.2,0.00011322,0.00067849
395.48,0.20014,0.2,0.00011358,0.0006807
398.1,0.20014,0.2,0.00011317,0.00067824
401.42,0.20013,0.2,0.00011194,0.0006709
405.86,0.20013,0.2,0.00010959,0.00065687
410.66,0.20013,0.2,0.00010644,0.00063802
415.55,0.20012,0.2,0.00010271,0.00061571
420.28,0.20012,0.2,9.8708e-05,0.00059173
424.63,0.20011,0.2,9.4782e-05,0.00056822
428.6,0.20011,0.2,9.0988e-05,0.0005455
432.17,0.2001,0.2,8.7414e-05,0.00052409
435.34,0.2001,0.2,8.4179e-05,0.00050472
438.23,0.2001,0.2,8.1232e-05,0.00048706
440.68,0.20009,0.2,7.8675e-05,0.00047174
442.69,0.20009,0.2,7.6514e-05,0.00045879
444.23,0.20009,0.2,7.4725e-05,0.00044807
445.34,0.20009,0.2,7.3143e-05,0.00043859
445.85,0.20009,0.2,7.2005e-05,0.00043177
445.81,0.20009,0.2,7.13e-05,0.00042754
445.29,0.20009,0.2,7.0969e-05,0.00042556
444.39,0.20009,0.2,7.0942e-05,0.0004254
443.15,0.20009,0.2,7.1215e-05,0.00042703
441.58,0.20009,0.2,7.1775e-05,0.00043039
439.65,0.20009,0.2,7.2584e-05,0.00043523
437.26,0.20009,0.2,7.3657e-05,0.00044166
434.43,0.20009,0.2,7.5032e-05,0.0004499
431.21,0.20009,0.2,7.6724e-05,0.00046003
427.71,0.20009,0.2,7.8727e-05,0.00047202
423.94,0.2001,0.2,8.108e-05,0.00048611
420.15,0.2001,0.2,8.3689e-05,0.00050174
416.4,0.2001,0.2,8.6532e-05,0.00051876
412.65,0.20011,0.2,8.9534e-05,0.00053674
408.89,0.20011,0.2,9.2599e-05,0.00055508
405.04,0.20012,0.2,9.5869e-05,0.00057465
401.2,0.20012,0.2,9.9368e-05,0.0005956
397.65,0.20012,0.2,0.00010299,0.00061726
395.42,0.20013,0.2,0.00010563,0.00063306
393.77,0.20013,0.2,0.00010813,0.00064804
392.85,0.20013,0.2,0.00011036,0.00066137
392.81,0.20013,0.2,0.00011212,0.00067194
393.69,0.20014,0.2,0.00011322,0.00067849
395.48,0.20014,0.2,0.00011358,0.0006807
398.1,0.20014,0.2,0.00011317,0.00067824
401.42,0.20013,0.2,0.00011194,0.0006709
405.86,0.20013,0.2,0.00010959,0.00065687
410.66,0.20013,0.2,0.00010644,0.00063802
415.55,0.20012,0.2,0.00010271,0.00061571
420.28,0.20012,0.2,9.8708e-05,0.00059173
424.63,0.20011,0.2,9.4782e-05,0.00056822
428.6,0.20011,0.2,9.0988e-05,0.0005455
432.17,0.2001,0.2,8.7414e-05,0.00052409
435.34,0.2001,0.2,8.4179e-05,0.00050472
438.23,0.2001,0.2,8.1232e-05,0.00048706
440.68,0.20009,0.2,7.8675e-05,0.00047174
442.69,0.20009,0.2,7.6514e-05,0.00045879
444.23,0.20009,0.2,7.4725e-05,0.00044807
445.34,0.20009,0.2,7.3143e-05,0.00043859
445.85,0.20009,0.2,7.2005e-05,0.00043177
445.81,0.20009,0.2,7.13e-05,0.00042754
445.29,0.20009,0.2,7.0969e-05,0.00042556
444.39,0.20009,0.2,7.0942e-05,0.0004254
443.15,0.20009,0.2,7.1215e-05,0.00042703
441.58,0.20009,0.2,7.1775e-05,0.00043039
439.65,0.20009,0.2,7.2584e-05,0.00043523
437.26,0.20009,0.2,7.3657e-05,0.00044166
434.43,0.20009,0.2,7.5032e-05,0.0004499
431.21,0.20009,0.2,7.6724e-05,0.00046003
427.71,0.20009,0.2,7.8727e-05,0.00047202
423.94,0.2001,0.2,8.108e-05,0.00048611
420.15,0.2001,0.2,8.3689e-05,0.00050174
416.4,0.2001,0.2,8.6532e-05,0.00051876
412.65,0.20011,0.2,8.9534e-05,0.00053674
408.89,0.20011,0.2,9.2598e-05,0.00055508
405.04,0.20012,0.2,9.5869e-05,0.00057465
401.2,0.20012,0.2,9.9368e-05,0.0005956
397.65,0.20012,0.2,0.00010299,0.00061726
395.42,0.20013,0.2,0.00010563,0.00063306
393.77,0.20013,0.2,0.00010813,0.00064804
392.85,0.20013,0.2,0.00011036,0.00066137
392.81,0.20013,0.2,0.00011212,0.00067194
393.69,0.20014,0.2,0.00011322,0.00067849
395.48,0.20014,0.2,0.00011358,0.0006807
398.1,0.20014,0.2,0.00011317,0.00067824
401.42,0.20013,0.2,0.00011194,0.0006709
405.86,0.20013,0.2,0.00010959,0.00065687
410.66,0.20013,0.2,0.00010644,0.00063802
415.55,0.20012,0.2,0.00010271,0.00061571
420.28,0.20012,0.2,9.8708e-05,0.00059173
424.63,0.20011,0.2,9.4782e-05,0.00056822
428.6,0.20011,0.2,9.0988e-05,0.0005455
432.17,0.2001,0.2,8.7414e-05,0.00052409
435.34,0.2001,0.2,8.4179e-05,0.00050472
438.23,0.2001,0.2,8.1232e-05,0.00048706
440.68,0.20009,0.2,7.8675e-05,0.00047174
442.69,0.20009,0.2,7.6514e-05,0.00045879
444.23,0.20009,0.2,7.4725e-05,0.00044807
445.34,0.20009,0.2,7.3143e-05,0.00043859
445.85,0.20009,0.2,7.2005e-05,0.00043177
445.81,0.20009,0.2,7.13e-05,0.00042754
445.29,0.20009,0.2,7.0969e-05,0.00042556
444.39,0.20009,0.2,7.0942e-05,0.0004254
443.15,0.20009,0.2,7.1215e-05,0.00042703
441.58,0.20009,0.2,7.1775e-05,0.00043039
439.65,0.20009,0.2,7.2584e-05,0.00043523
437.26,0.20009,0.2,7.3657e-05,0.00044166
434.43,0.20009,0.2,7.5032e-05,0.0004499
431.21,0.20009,0.2,7.6724e-05,0.00046003
427.71,0.20009,0.2,7.8727e-05,0.00047202
426.85,0.2001,0.2,7.9248e-05,0.00047515
425.98,0.2001,0.2,7.9785e-05,0.00047836
425.11,0.2001,0.2,8.0337e-05,0.00048167
424.24,0.2001,0.2,8.0903e-05,0.00048506
