-200,0.75,0.74196,0.90997,0.010723
-197.81,0.75254,0.74409,0.91386,0.011234
-195.64,0.75482,0.74594,0.9173,0.011763
-193.49,0.75684,0.74753,0.92031,0.012313
-191.35,0.75865,0.74888,0.92294,0.01288
-188.22,0.76097,0.7505,0.92622,0.013756
-185.19,0.76289,0.75171,0.92883,0.014657
-182.25,0.76446,0.75255,0.93085,0.015584
-179.34,0.76574,0.75306,0.93233,0.016558
-176.94,0.76656,0.75322,0.93315,0.017402
-174.38,0.76722,0.75314,0.93363,0.018345
-171.59,0.76772,0.7528,0.93376,0.019431
-168.49,0.76805,0.75215,0.9335,0.020707
-165.19,0.76823,0.75121,0.93286,0.022155
-161.57,0.76824,0.74992,0.9318,0.023856
-157.64,0.7681,0.74825,0.93029,0.025836
-153.48,0.76778,0.7462,0.92832,0.028107
-148.57,0.76721,0.74341,0.92552,0.031031
-143.57,0.76642,0.74012,0.92212,0.034305
-138.58,0.76538,0.73638,0.91814,0.037896
-133.66,0.76412,0.7322,0.9136,0.041767
-128.56,0.7625,0.7273,0.90817,0.046174
-123.62,0.76062,0.72195,0.90215,0.05084
-118.85,0.75847,0.71619,0.89555,0.055746
-114.26,0.75605,0.71003,0.8884,0.060867
-109.72,0.75327,0.70331,0.88049,0.066325
-105.41,0.75022,0.69627,0.87208,0.071903
-101.34,0.74688,0.68898,0.86322,0.077528
-97.524,0.74328,0.68149,0.85398,0.083132
-93.955,0.73944,0.67388,0.84443,0.088661
-90.602,0.73537,0.66616,0.83461,0.094113
-87.441,0.73109,0.65835,0.82453,0.099484
-84.461,0.72661,0.6505,0.81426,0.10475
-82.066,0.72266,0.6438,0.80539,0.10913
-79.825,0.71861,0.63718,0.79649,0.11332
-77.76,0.71448,0.63069,0.78764,0.11728
-75.887,0.71029,0.6244,0.77891,0.12092
-74.23,0.70613,0.61844,0.77048,0.12418
-72.751,0.70199,0.61275,0.76228,0.12711
-71.42,0.69788,0.60732,0.75433,0.12977
-70.193,0.69383,0.60209,0.74659,0.13222
-69.711,0.69219,0.6,0.74349,0.13319
-68.747,0.67607,0.58542,0.71791,0.13409
-67.795,0.66133,0.57205,0.69448,0.135
-66.848,0.64782,0.55975,0.67297,0.13594
-65.908,0.63541,0.54841,0.65318,0.13691
-64.898,0.62293,0.53698,0.63326,0.13798
-63.929,0.61151,0.52651,0.61502,0.13899
-63.011,0.60103,0.51692,0.5983,0.13994
-62.137,0.59139,0.5081,0.58291,0.14083
-61.332,0.58302,0.50042,0.56954,0.14167
-60.49,0.57527,0.49321,0.55707,0.14264
-59.542,0.5681,0.48635,0.54537,0.14391
-58.404,0.56151,0.47972,0.53435,0.14567
-57.081,0.55586,0.47359,0.52454,0.148
-55.438,0.55076,0.4675,0.51521,0.15118
-53.422,0.54624,0.46137,0.50634,0.15539
-51,0.54237,0.45517,0.49795,0.16078
-48.22,0.53923,0.449,0.4902,0.16732
-45.062,0.53679,0.44278,0.48298,0.17514
-41.57,0.53511,0.43653,0.47636,0.18423
-37.807,0.53423,0.43032,0.47046,0.1945
-34.243,0.53418,0.42484,0.46585,0.20469
-30.586,0.53492,0.41959,0.46209,0.21561
-26.896,0.53655,0.41469,0.45937,0.22713
-23.229,0.53927,0.41031,0.45798,0.23915
-20.4,0.54232,0.40736,0.45806,0.24886
-17.633,0.54638,0.40497,0.45946,0.25881
-14.944,0.55173,0.4033,0.46253,0.26902
-12.343,0.55868,0.40251,0.46766,0.27953
-11.369,0.56185,0.40247,0.47026,0.28366
-10.409,0.56532,0.40259,0.47326,0.28785
-9.4616,0.56911,0.40288,0.47666,0.2921
-8.527,0.57321,0.40331,0.48043,0.2964
-7.6037,0.57758,0.40387,0.48454,0.30076
-6.6898,0.58216,0.40451,0.48889,0.30515
-5.7826,0.58681,0.40516,0.49331,0.30955
-4.8785,0.59128,0.40568,0.49747,0.3139
-4.6962,0.59213,0.40575,0.49823,0.31476
-4.5138,0.59295,0.40581,0.49897,0.31562
-4.3312,0.59375,0.40584,0.49966,0.31647
-4.1484,0.59451,0.40586,0.50031,0.31731
-3.9653,0.59523,0.40586,0.5009,0.31815
-3.7819,0.59591,0.40583,0.50145,0.31897
-3.5981,0.59654,0.40578,0.50194,0.31979
-3.4139,0.59713,0.4057,0.50236,0.32059
-3.1502,0.59789,0.40554,0.50286,0.32172
-2.8853,0.59852,0.40531,0.5032,0.32281
-2.6191,0.59901,0.405,0.50334,0.32388
-2.3514,0.59938,0.40463,0.50334,0.32492
-2.1766,0.59958,0.40437,0.50329,0.32558
-2.0011,0.59974,0.40408,0.50318,0.32624
-1.8248,0.59983,0.40375,0.50298,0.32688
-1.6477,0.59989,0.40341,0.50275,0.32752
-1.4924,0.59997,0.40313,0.50259,0.32809
-1.3363,0.60002,0.40282,0.50236,0.32865
-1.1796,0.59997,0.40247,0.50203,0.32919
-1.0222,0.59994,0.40212,0.50172,0.32973
-0.92879,0.59999,0.40195,0.50161,0.33007
-0.83509,0.6,0.40176,0.50147,0.3304
-0.74114,0.59999,0.40155,0.50129,0.33073
-0.64694,0.59998,0.40135,0.50111,0.33106
-0.55247,0.60004,0.40118,0.50102,0.33141
-0.45774,0.60006,0.40099,0.50087,0.33174
-0.36276,0.59998,0.40075,0.50061,0.33205
-0.26751,0.59994,0.40053,0.50039,0.33238
-0.20289,0.60001,0.40043,0.50036,0.33262
-0.13815,0.60003,0.40031,0.50028,0.33286
-0.073297,0.59999,0.40015,0.50011,0.33307
-0.0083212,0.59996,0.4,0.49996,0.33329
0.056777,0.6,0.39988,0.49991,0.33353
0.12199,0.60002,0.39975,0.49982,0.33377
0.18732,0.59999,0.3996,0.49966,0.33399
0.25277,0.59997,0.39945,0.49952,0.33421
0.32869,0.6,0.39931,0.49943,0.33449
0.40476,0.60002,0.39916,0.49931,0.33476
0.48099,0.6,0.39899,0.49915,0.33502
0.55737,0.59998,0.39882,0.499,0.33528
0.65217,0.6,0.39863,0.49885,0.33562
0.74721,0.60001,0.39843,0.4987,0.33596
0.84247,0.6,0.39823,0.49852,0.33629
0.93796,0.59999,0.39802,0.49835,0.33662
1.0787,0.6,0.39773,0.49811,0.33712
1.2198,0.6,0.39743,0.49786,0.33761
1.3614,0.6,0.39713,0.49761,0.33811
1.5035,0.6,0.39683,0.49736,0.33861
1.7813,0.6,0.39625,0.49687,0.33958
2.0606,0.6,0.39566,0.49638,0.34056
2.3413,0.6,0.39507,0.49589,0.34155
2.623,0.6,0.39448,0.4954,0.34253
3.1894,0.6,0.39329,0.4944,0.34452
3.7583,0.6,0.39209,0.4934,0.34651
4.3286,0.59999,0.39089,0.4924,0.34851
4.899,0.59999,0.38969,0.4914,0.3505
6.0357,0.59998,0.3873,0.4894,0.35448
7.1615,0.59996,0.38493,0.48741,0.3584
8.2714,0.59993,0.3826,0.48544,0.36226
9.362,0.5999,0.38031,0.4835,0.36604
11.135,0.59981,0.37658,0.48033,0.37217
12.844,0.5997,0.37299,0.47724,0.37803
14.485,0.59954,0.36955,0.47424,0.38362
16.058,0.59935,0.36624,0.47132,0.38894
18.377,0.59895,0.36136,0.46693,0.39667
20.526,0.59845,0.35684,0.46274,0.40373
22.508,0.59782,0.35265,0.45872,0.41011
24.327,0.59708,0.34878,0.45488,0.41585
26.886,0.59568,0.3433,0.44915,0.42369
29.092,0.59402,0.3385,0.44376,0.43016
30.991,0.59213,0.33428,0.43868,0.43546
32.627,0.59005,0.33056,0.43384,0.43977
33.999,0.58787,0.32735,0.42935,0.44316
35.182,0.58557,0.32448,0.42504,0.44587
36.187,0.58317,0.32194,0.42093,0.44794
37.015,0.58071,0.31972,0.41703,0.44942
37.708,0.57801,0.31769,0.41309,0.45037
38.193,0.57533,0.31603,0.40947,0.45069
38.489,0.57268,0.31472,0.40617,0.45044
38.628,0.57012,0.3137,0.40319,0.44976
38.649,0.56709,0.31274,0.39985,0.44852
38.589,0.56424,0.31196,0.39683,0.44712
38.508,0.56159,0.31128,0.39405,0.44572
38.415,0.55912,0.31067,0.39149,0.44437
38.326,0.55746,0.3103,0.3898,0.44337
38.199,0.5559,0.31002,0.38827,0.44231
38.033,0.55444,0.30983,0.3869,0.44118
37.848,0.55308,0.30971,0.38566,0.44004
37.705,0.55194,0.30958,0.3846,0.43911
37.65,0.55085,0.30933,0.38349,0.43846
37.766,0.54981,0.30882,0.38219,0.43832
38.152,0.54875,0.30788,0.38053,0.43894
38.9,0.54763,0.30637,0.37834,0.44055
40.11,0.54636,0.30412,0.3754,0.44338
41.861,0.54483,0.301,0.37153,0.44752
44.202,0.54294,0.29699,0.3666,0.453
46.987,0.54072,0.29236,0.3609,0.45932
50.306,0.53799,0.28703,0.35418,0.46648
54.115,0.53466,0.28114,0.3465,0.47417
58.344,0.53066,0.27489,0.33795,0.48199
63.604,0.52514,0.26752,0.32722,0.49057
69.141,0.51859,0.26026,0.31571,0.49814
74.799,0.51098,0.25335,0.30361,0.5042
80.437,0.50237,0.24697,0.29112,0.5084
85.536,0.49356,0.24162,0.27932,0.51047
90.443,0.48408,0.23683,0.26743,0.51076
95.109,0.47404,0.2326,0.25554,0.50933
99.508,0.4636,0.22889,0.24374,0.50628
104.57,0.45032,0.22494,0.22938,0.50049
109.2,0.43689,0.22161,0.21542,0.49277
113.41,0.42354,0.21881,0.20195,0.48338
117.18,0.41044,0.21646,0.18908,0.47262
121.47,0.39393,0.21395,0.17323,0.45688
124.99,0.37839,0.21198,0.15864,0.43979
127.74,0.36398,0.21043,0.14534,0.42186
129.8,0.35078,0.20921,0.13332,0.40358
131.09,0.3403,0.20835,0.12387,0.38773
132.02,0.3307,0.20764,0.11528,0.37212
132.63,0.32194,0.20704,0.10748,0.35689
132.97,0.31396,0.20654,0.10041,0.34215
133.03,0.30669,0.20611,0.094006,0.32795
132.8,0.30009,0.20576,0.088212,0.31435
132.29,0.29411,0.20547,0.082983,0.30138
131.5,0.28869,0.20524,0.078271,0.28907
130.62,0.28429,0.20507,0.074461,0.27867
129.62,0.28027,0.20492,0.07099,0.26884
128.55,0.27659,0.20479,0.067823,0.25958
127.47,0.27323,0.20468,0.064928,0.25088
126.53,0.27054,0.2046,0.062613,0.24375
125.6,0.26804,0.20451,0.060464,0.23701
124.65,0.26572,0.20444,0.05847,0.23061
123.67,0.26356,0.20438,0.056621,0.22456
122.66,0.26156,0.20433,0.054906,0.21881
121.62,0.2597,0.20428,0.053316,0.21338
120.59,0.25797,0.20424,0.051841,0.20826
119.66,0.25636,0.2042,0.050463,0.20345
118.99,0.25499,0.20415,0.049282,0.19936
118.58,0.25369,0.20409,0.048147,0.19553
118.55,0.25245,0.20399,0.047039,0.19195
118.99,0.25125,0.20387,0.045936,0.18859
119.96,0.25009,0.20371,0.044838,0.18546
121.53,0.24894,0.20352,0.04371,0.18245
123.71,0.24776,0.20329,0.042539,0.17949
126.49,0.24655,0.20303,0.041319,0.17649
130.02,0.24522,0.20275,0.039976,0.1732
134.07,0.24383,0.20246,0.038575,0.16967
138.5,0.24237,0.20218,0.037122,0.16583
143.2,0.24084,0.20191,0.035625,0.16164
147.98,0.23926,0.20167,0.034102,0.1571
152.74,0.23762,0.20145,0.032558,0.15221
157.39,0.23594,0.20126,0.031003,0.14698
161.85,0.23424,0.2011,0.02945,0.14149
167.46,0.23194,0.20091,0.02738,0.13378
172.59,0.22967,0.20076,0.02536,0.12585
177.2,0.22745,0.20064,0.02341,0.11786
181.3,0.22531,0.20054,0.021548,0.10993
184.64,0.22343,0.20047,0.019916,0.10275
187.54,0.22164,0.20041,0.018378,0.095806
189.98,0.21997,0.20036,0.01694,0.089148
191.94,0.21841,0.20032,0.015605,0.082826
193.53,0.21688,0.20028,0.014298,0.076511
194.63,0.21547,0.20025,0.013106,0.070641
195.32,0.2142,0.20023,0.012024,0.065227
195.64,0.21305,0.20021,0.011048,0.060265
195.68,0.21204,0.20019,0.01019,0.055854
195.46,0.21112,0.20018,0.0094179,0.051838
195,0.2103,0.20017,0.0087249,0.048196
194.3,0.20957,0.20016,0.0081046,0.044905
193.28,0.20889,0.20015,0.00753,0.041828
191.98,0.20828,0.20014,0.0070221,0.039084
190.42,0.20775,0.20014,0.0065754,0.03665
188.67,0.20729,0.20013,0.0061842,0.034502
186.63,0.20684,0.20013,0.0058105,0.032434
184.54,0.20646,0.20013,0.0054903,0.030652
182.47,0.20613,0.20013,0.0052172,0.029122
180.4,0.20585,0.20013,0.0049854,0.027815
178.59,0.20565,0.20013,0.0048152,0.026847
176.73,0.20547,0.20013,0.0046702,0.026014
174.83,0.20533,0.20013,0.0045482,0.025306
172.98,0.2052,0.20013,0.004447,0.02471
171.67,0.20512,0.20013,0.004381,0.024319
170.59,0.20505,0.20014,0.0043241,0.023983
169.84,0.20499,0.20014,0.0042741,0.023693
169.53,0.20494,0.20014,0.0042284,0.023438
169.79,0.20489,0.20013,0.0041842,0.023205
170.67,0.20484,0.20013,0.0041381,0.022978
172.24,0.20478,0.20012,0.0040874,0.022741
174.48,0.20472,0.20012,0.0040293,0.022477
177.49,0.20464,0.20011,0.0039588,0.022157
181.09,0.20455,0.2001,0.0038765,0.021779
185.16,0.20445,0.20009,0.0037818,0.021331
189.54,0.20433,0.20008,0.0036749,0.020812
194.09,0.2042,0.20007,0.0035568,0.020222
198.65,0.20405,0.20006,0.0034291,0.019569
203.11,0.2039,0.20005,0.003294,0.018862
207.37,0.20374,0.20005,0.0031535,0.018113
212.53,0.20352,0.20004,0.0029667,0.017103
217.2,0.2033,0.20003,0.0027794,0.016074
221.39,0.20309,0.20003,0.0025955,0.015052
225.07,0.20288,0.20002,0.0024181,0.014057
228.1,0.20269,0.20002,0.0022593,0.01316
230.67,0.20251,0.20002,0.0021101,0.012312
232.77,0.20235,0.20002,0.0019715,0.01152
234.4,0.2022,0.20002,0.0018444,0.010791
235.61,0.20205,0.20001,0.001722,0.010086
236.32,0.20192,0.20001,0.0016132,0.0094561
236.6,0.20181,0.20001,0.0015175,0.008901
236.52,0.20171,0.20001,0.0014344,0.0084174
236.14,0.20163,0.20001,0.0013645,0.0080102
235.51,0.20156,0.20001,0.0013051,0.0076622
234.63,0.2015,0.20001,0.0012551,0.0073692
233.48,0.20145,0.20001,0.001214,0.0071272
231.99,0.20141,0.20001,0.0011803,0.0069275
230.21,0.20138,0.20001,0.0011549,0.0067754
228.17,0.20135,0.20001,0.0011373,0.0066684
225.94,0.20134,0.20001,0.001127,0.0066036
223.42,0.20134,0.20001,0.0011235,0.0065773
220.87,0.20134,0.20001,0.0011271,0.0065918
218.33,0.20135,0.20001,0.0011371,0.0066425
215.81,0.20137,0.20001,0.0011526,0.0067255
213.07,0.20139,0.20002,0.0011749,0.0068463
210.24,0.20143,0.20002,0.001203,0.0069992
207.42,0.20147,0.20002,0.0012365,0.0071826
204.84,0.20151,0.20002,0.0012747,0.0073926
203.43,0.20154,0.20002,0.001302,0.0075441
202.44,0.20157,0.20002,0.0013299,0.0076999
202,0.20161,0.20002,0.001357,0.0078539
202.22,0.20164,0.20002,0.0013821,0.0079991
203.14,0.20166,0.20002,0.0014029,0.0081223
204.77,0.20168,0.20002,0.0014188,0.0082213
207.1,0.20169,0.20002,0.0014288,0.008289
210.06,0.2017,0.20002,0.0014318,0.008319
213.92,0.20169,0.20002,0.0014265,0.0083031
218.25,0.20168,0.20002,0.0014118,0.0082336
222.83,0.20165,0.20002,0.0013882,0.0081119
227.49,0.20161,0.20001,0.0013566,0.0079422
231.87,0.20157,0.20001,0.0013201,0.0077414
236.06,0.20152,0.20001,0.0012788,0.0075106
240,0.20147,0.20001,0.0012341,0.0072576
243.64,0.20142,0.20001,0.0011872,0.0069902
247.83,0.20134,0.20001,0.0011263,0.0066405
251.53,0.20127,0.20001,0.0010657,0.0062907
254.73,0.2012,0.20001,0.001007,0.0059502
257.44,0.20114,0.20001,0.00095145,0.0056266
259.85,0.20107,0.2,0.00089403,0.0052911
261.58,0.20101,0.2,0.00084252,0.0049893
262.64,0.20095,0.2,0.00079747,0.0047246
263.07,0.20091,0.2,0.00075912,0.0044988
262.97,0.20087,0.2,0.0007274,0.0043115
262.44,0.20084,0.2,0.00070194,0.0041609
261.55,0.20082,0.2,0.00068228,0.0040442
260.32,0.2008,0.2,0.00066796,0.0039588
258.92,0.20079,0.2,0.00065927,0.0039066
257.2,0.20078,0.2,0.00065443,0.0038768
255.17,0.20078,0.2,0.00065334,0.0038689
252.86,0.20078,0.2,0.00065589,0.0038821
250.33,0.20079,0.2,0.00066199,0.003916
247.69,0.2008,0.2,0.00067144,0.0039694
245.01,0.20082,0.2,0.00068398,0.0040407
242.34,0.20083,0.20001,0.00069933,0.0041283
240.18,0.20085,0.20001,0.00071376,0.0042108
238.01,0.20087,0.20001,0.00072977,0.0043023
235.81,0.20089,0.20001,0.00074732,0.0044026
233.58,0.20091,0.20001,0.0007664,0.0045115
231.33,0.20094,0.20001,0.00078692,0.0046285
229.1,0.20096,0.20001,0.00080894,0.0047539
227,0.20099,0.20001,0.00083231,0.0048871
225.14,0.20102,0.20001,0.00085667,0.0050261
223.75,0.20105,0.20001,0.00088051,0.0051626
222.9,0.20107,0.20001,0.00090393,0.0052975
222.72,0.2011,0.20001,0.00092592,0.0054253
223.31,0.20112,0.20001,0.00094534,0.0055397
224.66,0.20114,0.20001,0.00096057,0.0056312
226.76,0.20116,0.20001,0.00097123,0.0056976
229.55,0.20116,0.20001,0.00097656,0.0057341
232.92,0.20116,0.20001,0.00097606,0.0057374
237.29,0.20115,0.20001,0.00096814,0.0056984
241.99,0.20114,0.20001,0.00095278,0.0056155
246.79,0.20111,0.20001,0.00093081,0.0054931
251.49,0.20108,0.20001,0.00090342,0.0053378
255.78,0.20104,0.2,0.00087326,0.005165
259.77,0.201,0.2,0.00084065,0.0049767
263.42,0.20096,0.2,0.00080671,0.0047797
266.71,0.20092,0.2,0.00077246,0.0045801
269.87,0.20088,0.2,0.00073608,0.0043674
272.63,0.20084,0.2,0.00070108,0.0041622
274.98,0.2008,0.2,0.00066807,0.0039682
276.9,0.20076,0.2,0.0006375,0.0037882
278.64,0.20072,0.2,0.00060396,0.0035904
279.7,0.20069,0.2,0.00057496,0.003419
280.13,0.20066,0.2,0.00055065,0.0032751
279.99,0.20064,0.2,0.00053102,0.0031586
279.39,0.20062,0.2,0.00051572,0.0030677
278.42,0.2006,0.2,0.00050458,0.0030013
277.1,0.20059,0.2,0.00049726,0.0029574
275.43,0.20059,0.2,0.00049347,0.0029343
273.34,0.20059,0.2,0.00049301,0.0029308
270.85,0.20059,0.2,0.00049592,0.002947
268,0.2006,0.2,0.00050216,0.0029828
264.89,0.20061,0.2,0.00051164,0.0030375
261.71,0.20063,0.2,0.00052399,0.0031089
258.51,0.20064,0.2,0.00053901,0.003196
255.34,0.20066,0.2,0.00055645,0.0032971
252.18,0.20069,0.2,0.00057608,0.0034109
249.15,0.20071,0.2,0.00059649,0.003529
246.06,0.20074,0.2,0.00061885,0.0036583
242.98,0.20077,0.2,0.00064315,0.0037986
240.11,0.2008,0.20001,0.00066912,0.0039484
238.28,0.20082,0.20001,0.00068928,0.0040649
236.89,0.20085,0.20001,0.00070952,0.0041821
236.08,0.20087,0.20001,0.00072915,0.0042963
235.98,0.20089,0.20001,0.0007473,0.0044026
236.63,0.20091,0.20001,0.00076232,0.0044916
238.04,0.20092,0.20001,0.00077423,0.0045632
240.17,0.20093,0.20001,0.00078229,0.0046132
242.96,0.20094,0.20001,0.00078594,0.0046379
246.66,0.20094,0.20001,0.00078443,0.0046332
250.82,0.20093,0.2,0.00077711,0.0045944
255.22,0.20091,0.2,0.00076438,0.0045234
259.69,0.20089,0.2,0.00074689,0.004424
263.87,0.20087,0.2,0.00072651,0.0043069
267.84,0.20084,0.2,0.00070354,0.0041739
271.54,0.20081,0.2,0.00067887,0.0040302
274.93,0.20078,0.2,0.00065332,0.0038809
278.63,0.20074,0.2,0.00062208,0.0036977
281.87,0.20071,0.2,0.0005916,0.0035185
284.64,0.20067,0.2,0.00056263,0.0033478
286.95,0.20064,0.2,0.00053576,0.0031891
288.87,0.20061,0.2,0.00050971,0.0030351
290.19,0.20058,0.2,0.00048684,0.0028996
290.91,0.20056,0.2,0.00046732,0.0027839
291.09,0.20054,0.2,0.00045123,0.0026883
290.78,0.20053,0.2,0.00043849,0.0026126
290.09,0.20051,0.2,0.0004289,0.0025555
289.06,0.20051,0.2,0.00042224,0.0025156
287.74,0.2005,0.2,0.00041824,0.0024915
285.74,0.2005,0.2,0.00041666,0.0024816
283.23,0.2005,0.2,0.00041854,0.0024922
280.23,0.20051,0.2,0.00042384,0.0025228
276.8,0.20052,0.2,0.0004325,0.0025732
273.4,0.20053,0.2,0.0004434,0.0026367
269.93,0.20055,0.2,0.00045687,0.0027153
266.48,0.20057,0.2,0.00047266,0.0028074
263.05,0.20059,0.2,0.00049054,0.0029117
260.07,0.20061,0.2,0.00050753,0.0030107
257.03,0.20063,0.2,0.00052599,0.0031182
253.95,0.20065,0.2,0.00054597,0.0032343
250.93,0.20068,0.2,0.0005674,0.0033588
248.82,0.2007,0.2,0.0005843,0.0034569
246.99,0.20072,0.2,0.00060166,0.0035578
245.55,0.20074,0.2,0.00061908,0.0036592
244.65,0.20076,0.2,0.00063601,0.0037581
244.4,0.20078,0.2,0.00065179,0.0038507
244.87,0.20079,0.2,0.00066564,0.0039326
246.11,0.20081,0.2,0.00067679,0.0039995
248.1,0.20082,0.2,0.00068457,0.0040471
250.9,0.20082,0.2,0.00068848,0.0040726
254.31,0.20082,0.2,0.00068774,0.004071
258.16,0.20082,0.2,0.00068231,0.004042
262.27,0.2008,0.2,0.00067244,0.0039866
266.41,0.20079,0.2,0.00065887,0.0039091
270.48,0.20077,0.2,0.00064218,0.0038127
274.38,0.20075,0.2,0.00062311,0.0037018
278.03,0.20072,0.2,0.00060243,0.003581
283.64,0.20068,0.2,0.00056531,0.0033632
288.35,0.20063,0.2,0.00052841,0.0031459
292.19,0.20059,0.2,0.00049358,0.0029402
295.1,0.20055,0.2,0.00046248,0.0027562
296.73,0.20053,0.2,0.00044114,0.0026297
297.73,0.20051,0.2,0.00042287,0.0025213
298.12,0.20049,0.2,0.00040776,0.0024315
297.96,0.20047,0.2,0.00039581,0.0023603
297.34,0.20046,0.2,0.00038687,0.002307
296.35,0.20046,0.2,0.00038071,0.0022702
295.05,0.20045,0.2,0.00037711,0.0022485
293.43,0.20045,0.2,0.00037585,0.0022407
291.43,0.20045,0.2,0.0003768,0.002246
289.06,0.20045,0.2,0.00037998,0.0022644
286.32,0.20046,0.2,0.0003854,0.002296
283.27,0.20047,0.2,0.00039304,0.0023407
280.02,0.20048,0.2,0.00040286,0.0023981
276.69,0.2005,0.2,0.00041471,0.0024675
273.38,0.20051,0.2,0.00042841,0.0025477
270.09,0.20053,0.2,0.00044377,0.0026377
267.45,0.20055,0.2,0.00045717,0.0027161
264.79,0.20056,0.2,0.00047154,0.0028001
262.08,0.20058,0.2,0.00048692,0.0028898
259.35,0.2006,0.2,0.00050331,0.0029854
256.76,0.20062,0.2,0.00052015,0.0030836
254.34,0.20064,0.2,0.0005378,0.0031864
252.27,0.20066,0.2,0.00055594,0.0032921
250.73,0.20069,0.2,0.00057404,0.0033978
249.93,0.2007,0.2,0.0005903,0.0034932
249.88,0.20072,0.2,0.00060511,0.0035804
250.65,0.20074,0.2,0.00061765,0.003655
252.26,0.20075,0.2,0.00062714,0.0037121
254.64,0.20076,0.2,0.00063283,0.0037475
257.69,0.20076,0.2,0.00063439,0.0037589
261.27,0.20075,0.2,0.00063166,0.0037451
265.19,0.20075,0.2,0.00062472,0.0037065
269.29,0.20073,0.2,0.00061393,0.003645
273.4,0.20072,0.2,0.0005999,0.003564
277.39,0.2007,0.2,0.00058329,0.0034674
281.16,0.20068,0.2,0.00056484,0.0033596
285.89,0.20064,0.2,0.00053785,0.0032012
290.05,0.20061,0.2,0.00051034,0.0030391
293.64,0.20058,0.2,0.00048346,0.0028805
296.65,0.20055,0.2,0.00045822,0.0027312
298.92,0.20052,0.2,0.00043686,0.0026047
300.66,0.2005,0.2,0.00041771,0.0024911
301.86,0.20048,0.2,0.000401,0.0023919
302.5,0.20046,0.2,0.00038685,0.0023078
302.6,0.20045,0.2,0.00037462,0.002235
302.2,0.20044,0.2,0.00036526,0.0021793
301.38,0.20043,0.2,0.00035861,0.0021395
300.21,0.20042,0.2,0.00035446,0.0021146
298.82,0.20042,0.2,0.0003526,0.0021034
297.13,0.20042,0.2,0.00035264,0.0021033
295.13,0.20042,0.2,0.00035448,0.0021139
292.8,0.20043,0.2,0.00035811,0.0021351
290.28,0.20043,0.2,0.00036323,0.002165
287.53,0.20044,0.2,0.00036999,0.0022046
284.61,0.20045,0.2,0.00037835,0.0022537
281.61,0.20046,0.2,0.00038824,0.0023117
278.73,0.20048,0.2,0.00039908,0.0023754
275.86,0.20049,0.2,0.00041111,0.0024459
273.01,0.20051,0.2,0.00042421,0.0025227
270.14,0.20052,0.2,0.00043836,0.0026056
267.27,0.20054,0.2,0.00045333,0.0026932
264.36,0.20056,0.2,0.00046937,0.002787
261.46,0.20058,0.2,0.00048649,0.002887
258.7,0.2006,0.2,0.00050457,0.0029925
256.61,0.20062,0.2,0.00052058,0.003086
254.91,0.20064,0.2,0.00053674,0.0031804
253.75,0.20066,0.2,0.00055256,0.0032731
253.27,0.20068,0.2,0.00056739,0.0033604
253.55,0.20069,0.2,0.00058005,0.0034353
254.6,0.20071,0.2,0.00059041,0.0034971
256.39,0.20071,0.2,0.00059785,0.0035423
258.89,0.20072,0.2,0.00060187,0.0035676
262.41,0.20072,0.2,0.00060189,0.0035699
266.46,0.20071,0.2,0.00059707,0.0035437
270.83,0.2007,0.2,0.0005877,0.0034906
275.29,0.20069,0.2,0.00057437,0.0034136
279.36,0.20067,0.2,0.0005591,0.0033248
283.23,0.20065,0.2,0.00054184,0.0032239
286.84,0.20063,0.2,0.00052331,0.0031152
290.14,0.2006,0.2,0.00050418,0.0030026
293.8,0.20058,0.2,0.00048048,0.0028628
296.98,0.20055,0.2,0.00045755,0.0027273
299.68,0.20052,0.2,0.00043594,0.0025994
301.89,0.2005,0.2,0.00041614,0.002482
303.67,0.20048,0.2,0.00039754,0.0023716
304.86,0.20046,0.2,0.00038146,0.0022761
305.44,0.20044,0.2,0.00036803,0.0021962
305.47,0.20043,0.2,0.00035727,0.0021321
305.01,0.20042,0.2,0.0003491,0.0020835
304.17,0.20041,0.2,0.00034337,0.0020492
302.99,0.20041,0.2,0.00033988,0.0020282
301.52,0.20041,0.2,0.00033843,0.0020194
299.32,0.20041,0.2,0.00033916,0.0020234
296.61,0.20041,0.2,0.00034258,0.0020434
293.4,0.20042,0.2,0.0003487,0.0020792
289.75,0.20043,0.2,0.00035749,0.0021308
286.24,0.20044,0.2,0.00036764,0.0021904
282.66,0.20045,0.2,0.00037977,0.0022617
279.1,0.20047,0.2,0.00039369,0.0023434
275.56,0.20049,0.2,0.00040921,0.0024345
272.55,0.20051,0.2,0.00042358,0.0025188
269.48,0.20053,0.2,0.00043906,0.0026095
266.36,0.20054,0.2,0.00045569,0.0027068
263.28,0.20057,0.2,0.00047345,0.0028107
260.98,0.20058,0.2,0.00048813,0.0028965
258.92,0.2006,0.2,0.00050326,0.0029849
257.24,0.20062,0.2,0.00051854,0.0030743
256.05,0.20064,0.2,0.00053353,0.0031622
255.51,0.20065,0.2,0.00054764,0.0032452
255.7,0.20067,0.2,0.00056023,0.0033197
256.66,0.20068,0.2,0.00057061,0.0033816
258.4,0.20069,0.2,0.00057816,0.0034273
260.94,0.2007,0.2,0.00058242,0.003454
264.12,0.2007,0.2,0.00058275,0.0034578
267.79,0.20069,0.2,0.00057909,0.0034381
271.75,0.20068,0.2,0.0005716,0.0033957
275.82,0.20067,0.2,0.00056075,0.0033332
279.86,0.20065,0.2,0.00054711,0.003254
283.74,0.20064,0.2,0.00053134,0.0031619
287.39,0.20062,0.2,0.00051413,0.0030609
292.62,0.20058,0.2,0.00048533,0.0028913
297.08,0.20055,0.2,0.00045657,0.0027215
300.78,0.20051,0.2,0.00042923,0.0025596
303.69,0.20048,0.2,0.00040453,0.0024132
305.67,0.20046,0.2,0.00038445,0.0022941
306.89,0.20044,0.2,0.00036751,0.0021933
307.36,0.20042,0.2,0.00035382,0.0021119
307.15,0.20041,0.2,0.00034341,0.0020498
306.45,0.2004,0.2,0.00033656,0.002009
305.36,0.2004,0.2,0.00033218,0.0019827
303.94,0.2004,0.2,0.00033003,0.0019697
302.19,0.2004,0.2,0.00032994,0.0019689
300.09,0.2004,0.2,0.00033176,0.0019795
297.61,0.2004,0.2,0.00033549,0.0020013
294.75,0.20041,0.2,0.00034114,0.0020345
291.59,0.20042,0.2,0.00034872,0.002079
288.75,0.20043,0.2,0.0003566,0.0021253
285.85,0.20044,0.2,0.00036577,0.0021792
282.94,0.20045,0.2,0.00037614,0.0022402
280.05,0.20046,0.2,0.00038759,0.0023075
277.19,0.20048,0.2,0.00040003,0.0023805
274.3,0.20049,0.2,0.00041342,0.0024591
271.38,0.20051,0.2,0.00042777,0.0025433
268.41,0.20053,0.2,0.00044312,0.0026332
265.73,0.20055,0.2,0.00045783,0.0027193
263.16,0.20057,0.2,0.00047333,0.0028099
260.82,0.20058,0.2,0.00048942,0.002904
258.88,0.2006,0.2,0.00050576,0.0029997
257.52,0.20062,0.2,0.00052199,0.0030948
256.92,0.20064,0.2,0.00053719,0.0031843
257.21,0.20066,0.2,0.00055053,0.0032633
258.45,0.20067,0.2,0.00056114,0.0033267
260.58,0.20068,0.2,0.00056812,0.0033692
263.53,0.20068,0.2,0.00057102,0.0033881
267.11,0.20068,0.2,0.00056959,0.0033815
271.15,0.20067,0.2,0.00056384,0.0033495
275.23,0.20066,0.2,0.00055459,0.0032965
279.35,0.20065,0.2,0.00054224,0.0032249
283.37,0.20063,0.2,0.00052743,0.0031385
287.17,0.20061,0.2,0.00051085,0.0030414
291.69,0.20058,0.2,0.00048793,0.0029065
295.69,0.20056,0.2,0.00046452,0.0027684
299.16,0.20053,0.2,0.00044157,0.0026327
302.11,0.2005,0.2,0.0004199,0.0025044
304.41,0.20048,0.2,0.00040114,0.0023932
306.22,0.20046,0.2,0.00038424,0.0022928
307.52,0.20044,0.2,0.00036937,0.0022045
308.29,0.20043,0.2,0.00035668,0.002129
308.55,0.20041,0.2,0.00034567,0.0020635
308.31,0.2004,0.2,0.00033711,0.0020124
307.64,0.2004,0.2,0.00033088,0.0019753
306.61,0.20039,0.2,0.00032682,0.001951
305.34,0.20039,0.2,0.00032479,0.0019387
303.81,0.20039,0.2,0.00032444,0.0019364
301.99,0.20039,0.2,0.00032566,0.0019434
299.87,0.20039,0.2,0.00032841,0.0019595
297.48,0.2004,0.2,0.00033259,0.001984
294.82,0.20041,0.2,0.00033827,0.0020174
291.93,0.20041,0.2,0.00034544,0.0020595
288.91,0.20042,0.2,0.00035407,0.0021103
285.81,0.20044,0.2,0.00036418,0.0021697
282.71,0.20045,0.2,0.00037556,0.0022367
279.64,0.20046,0.2,0.00038809,0.0023103
276.58,0.20048,0.2,0.0004017,0.0023903
273.32,0.2005,0.2,0.00041716,0.002481
270,0.20052,0.2,0.00043384,0.0025788
266.67,0.20054,0.2,0.0004518,0.0026839
263.49,0.20056,0.2,0.00047089,0.0027956
261.37,0.20058,0.2,0.00048578,0.0028827
259.63,0.2006,0.2,0.00050082,0.0029708
258.41,0.20062,0.2,0.00051556,0.0030573
257.84,0.20063,0.2,0.00052944,0.003139
258.02,0.20065,0.2,0.00054154,0.0032107
258.96,0.20066,0.2,0.00055151,0.0032701
260.67,0.20067,0.2,0.00055877,0.003314
263.08,0.20067,0.2,0.00056283,0.0033394
266.59,0.20067,0.2,0.00056312,0.003343
270.68,0.20067,0.2,0.00055867,0.0033186
275.1,0.20066,0.2,0.00054977,0.0032678
279.62,0.20064,0.2,0.000537,0.003194
283.65,0.20063,0.2,0.00052267,0.0031104
287.49,0.20061,0.2,0.00050651,0.0030157
291.06,0.20059,0.2,0.00048921,0.002914
294.33,0.20056,0.2,0.00047139,0.0028089
297.92,0.20054,0.2,0.00044949,0.0026796
301.04,0.20051,0.2,0.00042836,0.0025545
303.69,0.20049,0.2,0.00040852,0.002437
305.86,0.20047,0.2,0.00039039,0.0023294
307.6,0.20045,0.2,0.00037329,0.0022279
308.73,0.20043,0.2,0.00035861,0.0021406
309.26,0.20042,0.2,0.00034643,0.0020681
309.24,0.2004,0.2,0.00033678,0.0020106
308.72,0.20039,0.2,0.00032959,0.0019677
307.82,0.20039,0.2,0.00032469,0.0019384
306.58,0.20039,0.2,0.00032189,0.0019216
305.04,0.20038,0.2,0.00032101,0.0019161
302.71,0.20039,0.2,0.00032233,0.0019237
299.83,0.20039,0.2,0.00032631,0.001947
296.42,0.2004,0.2,0.00033297,0.0019861
292.57,0.20041,0.2,0.00034228,0.0020409
289.58,0.20042,0.2,0.00035078,0.0020909
286.54,0.20043,0.2,0.0003606,0.0021486
283.51,0.20044,0.2,0.00037162,0.0022135
280.5,0.20046,0.2,0.00038375,0.0022848
277.84,0.20047,0.2,0.00039534,0.0023529
275.16,0.20049,0.2,0.00040771,0.0024255
272.44,0.2005,0.2,0.00042088,0.0025028
269.69,0.20052,0.2,0.00043488,0.0025848
267,0.20054,0.2,0.00044947,0.0026702
264.42,0.20056,0.2,0.00046481,0.00276
262.09,0.20057,0.2,0.00048071,0.0028531
260.19,0.20059,0.2,0.0004968,0.0029473
258.91,0.20061,0.2,0.00051244,0.0030391
258.4,0.20063,0.2,0.000527,0.003125
258.76,0.20064,0.2,0.0005397,0.0032002
260.04,0.20066,0.2,0.00054971,0.0032601
262.27,0.20066,0.2,0.00055632,0.0033005
265.3,0.20067,0.2,0.0005588,0.0033168
268.97,0.20067,0.2,0.00055693,0.0033075
273.08,0.20066,0.2,0.00055075,0.0032728
277.15,0.20065,0.2,0.0005413,0.0032185
281.25,0.20063,0.2,0.00052891,0.0031466
285.22,0.20062,0.2,0.00051422,0.0030608
288.97,0.2006,0.2,0.00049791,0.0029651
293.59,0.20057,0.2,0.00047453,0.0028274
297.65,0.20054,0.2,0.0004508,0.0026873
301.15,0.20051,0.2,0.00042772,0.0025508
304.08,0.20049,0.2,0.00040614,0.0024229
306.29,0.20046,0.2,0.00038789,0.0023146
307.98,0.20045,0.2,0.00037162,0.002218
309.11,0.20043,0.2,0.00035752,0.0021342
309.7,0.20041,0.2,0.00034569,0.0020637
309.75,0.2004,0.2,0.00033561,0.0020037
309.3,0.20039,0.2,0.00032805,0.0019586
308.42,0.20039,0.2,0.00032287,0.0019277
307.19,0.20038,0.2,0.00031988,0.0019097
305.74,0.20038,0.2,0.00031886,0.0019034
303.99,0.20038,0.2,0.00031951,0.001907
301.94,0.20039,0.2,0.00032174,0.0019201
299.56,0.20039,0.2,0.00032555,0.0019424
296.98,0.2004,0.2,0.00033066,0.0019725
294.16,0.2004,0.2,0.00033724,0.0020112
291.17,0.20041,0.2,0.00034527,0.0020584
288.1,0.20042,0.2,0.00035468,0.0021138
285.13,0.20044,0.2,0.00036497,0.0021743
282.17,0.20045,0.2,0.00037634,0.0022412
279.24,0.20047,0.2,0.00038871,0.0023139
276.29,0.20048,0.2,0.00040201,0.002392
273.33,0.2005,0.2,0.00041615,0.002475
270.31,0.20052,0.2,0.00043128,0.0025637
267.31,0.20053,0.2,0.00044742,0.0026582
264.46,0.20056,0.2,0.00046445,0.0027579
262.3,0.20057,0.2,0.00047938,0.0028453
260.54,0.20059,0.2,0.00049445,0.0029336
259.32,0.20061,0.2,0.00050919,0.0030202
258.78,0.20062,0.2,0.00052302,0.0031016
259.01,0.20064,0.2,0.00053485,0.0031717
260,0.20065,0.2,0.00054452,0.0032295
261.76,0.20066,0.2,0.00055147,0.0032715
264.21,0.20066,0.2,0.00055523,0.0032951
267.7,0.20066,0.2,0.00055525,0.003297
271.72,0.20066,0.2,0.00055077,0.0032723
276.05,0.20065,0.2,0.00054206,0.0032225
280.48,0.20063,0.2,0.00052968,0.0031508
284.52,0.20062,0.2,0.00051554,0.0030684
288.35,0.2006,0.2,0.00049962,0.002975
291.92,0.20058,0.2,0.00048256,0.0028747
295.18,0.20056,0.2,0.000465,0.0027712
298.77,0.20053,0.2,0.00044343,0.0026437
301.89,0.20051,0.2,0.00042262,0.0025206
304.53,0.20048,0.2,0.0004031,0.0024049
306.68,0.20046,0.2,0.00038528,0.0022991
308.41,0.20044,0.2,0.00036849,0.0021994
309.54,0.20042,0.2,0.00035409,0.0021138
310.06,0.20041,0.2,0.00034216,0.0020428
310.03,0.2004,0.2,0.00033273,0.0019866
309.51,0.20039,0.2,0.00032572,0.0019448
308.59,0.20038,0.2,0.00032097,0.0019163
307.34,0.20038,0.2,0.00031829,0.0019002
305.8,0.20038,0.2,0.00031751,0.0018954
303.44,0.20038,0.2,0.00031893,0.0019035
300.55,0.20039,0.2,0.00032297,0.0019272
297.12,0.20039,0.2,0.00032967,0.0019666
293.25,0.20041,0.2,0.00033901,0.0020215
290.28,0.20042,0.2,0.0003474,0.0020709
287.26,0.20043,0.2,0.00035706,0.0021278
284.24,0.20044,0.2,0.0003679,0.0021915
281.26,0.20045,0.2,0.00037981,0.0022616
278.6,0.20047,0.2,0.00039127,0.0023289
275.92,0.20048,0.2,0.00040349,0.0024007
273.21,0.2005,0.2,0.0004165,0.0024771
270.46,0.20051,0.2,0.00043032,0.0025581
267.75,0.20053,0.2,0.00044476,0.0026426
265.16,0.20055,0.2,0.00045995,0.0027315
262.82,0.20057,0.2,0.00047569,0.0028237
260.89,0.20059,0.2,0.00049165,0.0029172
259.57,0.20061,0.2,0.00050726,0.0030089
259.02,0.20062,0.2,0.00052184,0.0030948
259.34,0.20064,0.2,0.00053457,0.0031703
260.6,0.20065,0.2,0.00054464,0.0032305
262.79,0.20066,0.2,0.00055127,0.0032709
265.78,0.20066,0.2,0.00055386,0.0032877
269.42,0.20066,0.2,0.00055215,0.0032794
273.49,0.20065,0.2,0.0005462,0.003246
277.56,0.20064,0.2,0.00053695,0.0031929
281.66,0.20063,0.2,0.00052476,0.0031221
285.64,0.20061,0.2,0.00051026,0.0030374
289.4,0.20059,0.2,0.00049412,0.0029427
293.98,0.20056,0.2,0.00047128,0.0028082
298.01,0.20054,0.2,0.00044806,0.0026711
301.49,0.20051,0.2,0.00042543,0.0025372
304.41,0.20048,0.2,0.00040423,0.0024116
306.64,0.20046,0.2,0.00038618,0.0023045
308.36,0.20044,0.2,0.00037005,0.0022087
309.54,0.20043,0.2,0.00035602,0.0021253
310.18,0.20041,0.2,0.00034419,0.0020549
310.29,0.2004,0.2,0.00033408,0.0019947
309.89,0.20039,0.2,0.00032643,0.0019491
309.07,0.20038,0.2,0.0003211,0.0019172
307.9,0.20038,0.2,0.00031791,0.001898
306.5,0.20038,0.2,0.00031668,0.0018905
304.82,0.20038,0.2,0.00031707,0.0018926
302.85,0.20038,0.2,0.00031902,0.001904
300.55,0.20039,0.2,0.00032249,0.0019243
298.03,0.20039,0.2,0.00032728,0.0019525
295.26,0.2004,0.2,0.00033351,0.0019891
292.31,0.20041,0.2,0.00034118,0.0020343
289.25,0.20042,0.2,0.00035024,0.0020876
286.23,0.20043,0.2,0.00036035,0.0021471
283.24,0.20044,0.2,0.00037159,0.0022132
280.26,0.20046,0.2,0.00038384,0.0022853
277.28,0.20048,0.2,0.00039707,0.002363
274.21,0.20049,0.2,0.00041146,0.0024475
271.09,0.20051,0.2,0.0004269,0.002538
267.98,0.20053,0.2,0.00044341,0.0026347
265,0.20055,0.2,0.00046089,0.0027371
262.85,0.20057,0.2,0.00047556,0.002823
261.06,0.20059,0.2,0.00049039,0.0029099
259.8,0.2006,0.2,0.00050495,0.0029954
259.2,0.20062,0.2,0.00051868,0.0030762
259.34,0.20063,0.2,0.00053064,0.003147
260.24,0.20065,0.2,0.00054052,0.0032059
261.92,0.20065,0.2,0.00054775,0.0032496
264.3,0.20066,0.2,0.00055185,0.0032751
267.83,0.20066,0.2,0.00055224,0.0032792
271.96,0.20066,0.2,0.00054785,0.0032551
276.43,0.20064,0.2,0.00053897,0.0032044
281,0.20063,0.2,0.00052621,0.0031305
285.02,0.20061,0.2,0.00051208,0.003048
288.85,0.20059,0.2,0.00049619,0.0029548
292.4,0.20057,0.2,0.0004792,0.0028549
295.65,0.20055,0.2,0.00046174,0.0027519
299.2,0.20053,0.2,0.00044042,0.0026259
302.29,0.2005,0.2,0.00041988,0.0025043
304.91,0.20048,0.2,0.00040061,0.0023901
307.04,0.20046,0.2,0.00038302,0.0022858
308.76,0.20044,0.2,0.0003664,0.002187
309.88,0.20042,0.2,0.00035214,0.0021022
310.4,0.20041,0.2,0.00034035,0.002032
310.35,0.2004,0.2,0.00033103,0.0019765
309.82,0.20039,0.2,0.00032412,0.0019352
308.9,0.20038,0.2,0.00031944,0.0019073
307.65,0.20038,0.2,0.00031683,0.0018915
306.1,0.20038,0.2,0.00031609,0.001887
303.73,0.20038,0.2,0.00031756,0.0018954
300.82,0.20039,0.2,0.00032166,0.0019194
297.36,0.20039,0.2,0.00032842,0.0019592
293.47,0.2004,0.2,0.00033783,0.0020145
290.54,0.20041,0.2,0.00034609,0.0020631
287.57,0.20043,0.2,0.00035558,0.002119
284.6,0.20044,0.2,0.0003662,0.0021815
281.65,0.20045,0.2,0.00037786,0.0022501
278.72,0.20047,0.2,0.00039045,0.0023241
275.76,0.20048,0.2,0.00040398,0.0024036
272.75,0.2005,0.2,0.00041847,0.0024886
269.72,0.20052,0.2,0.00043395,0.0025793
267.01,0.20054,0.2,0.00044877,0.0026661
264.47,0.20056,0.2,0.00046429,0.002757
262.25,0.20057,0.2,0.00048027,0.0028506
260.53,0.20059,0.2,0.00049627,0.0029444
259.52,0.20061,0.2,0.00051099,0.0030309
259.27,0.20063,0.2,0.00052447,0.0031105
259.87,0.20064,0.2,0.00053598,0.0031789
261.34,0.20065,0.2,0.00054478,0.0032317
263.87,0.20066,0.2,0.00055052,0.003267
267.24,0.20066,0.2,0.00055173,0.0032759
271.23,0.20066,0.2,0.00054828,0.0032573
275.61,0.20065,0.2,0.00054033,0.0032121
279.68,0.20063,0.2,0.00052977,0.0031511
283.7,0.20062,0.2,0.00051661,0.0030744
287.56,0.2006,0.2,0.00050148,0.0029858
291.17,0.20058,0.2,0.00048505,0.0028893
296.71,0.20055,0.2,0.00045567,0.0027161
301.35,0.20051,0.2,0.00042666,0.0025445
305.08,0.20048,0.2,0.00039947,0.0023834
307.88,0.20045,0.2,0.00037553,0.0022413
309.37,0.20043,0.2,0.00035983,0.0021479
310.24,0.20042,0.2,0.00034655,0.0020689
310.52,0.2004,0.2,0.00033576,0.0020047
310.27,0.20039,0.2,0.00032744,0.0019551
309.56,0.20039,0.2,0.00032148,0.0019195
308.49,0.20038,0.2,0.0003177,0.0018968
307.1,0.20038,0.2,0.00031591,0.001886
305.42,0.20038,0.2,0.00031595,0.001886
303.46,0.20038,0.2,0.00031761,0.0018957
301.18,0.20038,0.2,0.00032086,0.0019147
298.55,0.20039,0.2,0.00032572,0.0019433
295.64,0.2004,0.2,0.00033219,0.0019814
292.5,0.20041,0.2,0.00034029,0.002029
289.25,0.20042,0.2,0.00034993,0.0020857
285.98,0.20043,0.2,0.000361,0.0021509
282.73,0.20045,0.2,0.00037338,0.0022237
280.08,0.20046,0.2,0.00038443,0.0022887
277.42,0.20047,0.2,0.00039624,0.0023581
274.73,0.20049,0.2,0.00040882,0.002432
272,0.2005,0.2,0.00042219,0.0025104
269.29,0.20052,0.2,0.00043614,0.0025921
266.65,0.20054,0.2,0.00045086,0.0026784
264.18,0.20056,0.2,0.00046624,0.0027684
262.05,0.20058,0.2,0.000482,0.0028607
260.34,0.2006,0.2,0.00049876,0.002959
259.42,0.20062,0.2,0.00051469,0.0030528
259.47,0.20063,0.2,0.00052887,0.0031366
260.56,0.20065,0.2,0.0005403,0.0032048
262.48,0.20065,0.2,0.00054754,0.0032486
265.2,0.20066,0.2,0.00055107,0.003271
268.57,0.20066,0.2,0.00055062,0.00327
272.41,0.20065,0.2,0.00054613,0.0032452
276.48,0.20064,0.2,0.00053797,0.0031985
280.63,0.20063,0.2,0.00052662,0.0031328
284.7,0.20061,0.2,0.00051269,0.0030515
288.58,0.20059,0.2,0.00049688,0.0029589
292.91,0.20057,0.2,0.00047624,0.0028374
296.8,0.20054,0.2,0.00045496,0.0027119
300.21,0.20052,0.2,0.00043391,0.0025874
303.15,0.2005,0.2,0.0004138,0.0024683
305.56,0.20047,0.2,0.00039573,0.0023612
307.51,0.20045,0.2,0.00037925,0.0022633
309,0.20044,0.2,0.00036455,0.002176
309.99,0.20042,0.2,0.00035178,0.0021001
310.51,0.20041,0.2,0.00034037,0.0020322
310.51,0.2004,0.2,0.00033124,0.0019778
310.06,0.20039,0.2,0.00032433,0.0019365
309.23,0.20038,0.2,0.00031952,0.0019078
308.11,0.20038,0.2,0.00031668,0.0018907
306.72,0.20038,0.2,0.00031553,0.0018837
305.06,0.20038,0.2,0.00031597,0.0018861
303.11,0.20038,0.2,0.00031791,0.0018974
300.79,0.20038,0.2,0.00032139,0.0019178
298.16,0.20039,0.2,0.00032643,0.0019474
295.25,0.2004,0.2,0.00033304,0.0019863
292.14,0.20041,0.2,0.00034122,0.0020344
288.74,0.20042,0.2,0.00035148,0.0020949
285.34,0.20043,0.2,0.00036328,0.0021643
281.96,0.20045,0.2,0.00037644,0.0022417
278.6,0.20047,0.2,0.00039087,0.0023265
275.02,0.20049,0.2,0.00040737,0.0024234
271.36,0.20051,0.2,0.00042531,0.0025287
267.71,0.20053,0.2,0.00044474,0.0026425
264.3,0.20056,0.2,0.00046544,0.0027637
262.22,0.20057,0.2,0.00048058,0.0028524
260.61,0.20059,0.2,0.00049571,0.0029411
259.62,0.20061,0.2,0.0005103,0.0030269
259.38,0.20063,0.2,0.00052368,0.0031059
259.92,0.20064,0.2,0.00053464,0.003171
261.24,0.20065,0.2,0.00054319,0.0032222
263.32,0.20066,0.2,0.00054879,0.0032565
266.05,0.20066,0.2,0.00055104,0.0032712
269.68,0.20066,0.2,0.00054941,0.0032633
273.74,0.20065,0.2,0.00054356,0.0032305
278.03,0.20064,0.2,0.00053386,0.0031747
282.34,0.20062,0.2,0.00052091,0.0030995
286.38,0.20061,0.2,0.00050601,0.0030124
290.18,0.20059,0.2,0.00048953,0.0029156
293.69,0.20057,0.2,0.00047212,0.0028131
296.87,0.20054,0.2,0.00045442,0.0027086
300.19,0.20052,0.2,0.000434,0.0025879
303.07,0.2005,0.2,0.00041445,0.0024722
305.51,0.20047,0.2,0.00039618,0.0023639
307.49,0.20045,0.2,0.00037953,0.002265
309.17,0.20043,0.2,0.00036279,0.0021656
310.2,0.20042,0.2,0.0003486,0.0020811
310.6,0.2004,0.2,0.00033703,0.0020123
310.42,0.20039,0.2,0.00032809,0.001959
309.74,0.20039,0.2,0.00032167,0.0019207
308.67,0.20038,0.2,0.00031758,0.0018961
307.27,0.20038,0.2,0.00031561,0.0018842
305.54,0.20038,0.2,0.00031557,0.0018838
303.65,0.20038,0.2,0.00031714,0.0018929
301.43,0.20038,0.2,0.00032024,0.001911
298.89,0.20039,0.2,0.00032486,0.0019382
296.05,0.2004,0.2,0.00033103,0.0019745
293,0.20041,0.2,0.00033875,0.0020199
289.84,0.20042,0.2,0.00034797,0.0020742
286.63,0.20043,0.2,0.00035857,0.0021366
283.45,0.20044,0.2,0.00037045,0.0022065
280.82,0.20046,0.2,0.0003812,0.0022697
278.18,0.20047,0.2,0.00039272,0.0023374
275.52,0.20048,0.2,0.00040498,0.0024094
272.83,0.2005,0.2,0.000418,0.0024858
270.12,0.20052,0.2,0.00043173,0.0025663
267.44,0.20053,0.2,0.00044625,0.0026514
264.91,0.20055,0.2,0.00046147,0.0027405
262.66,0.20057,0.2,0.00047716,0.0028324
260.92,0.20059,0.2,0.00049251,0.0029223
259.78,0.20061,0.2,0.00050741,0.0030099
259.39,0.20062,0.2,0.00052121,0.0030913
259.83,0.20064,0.2,0.00053316,0.0031622
261.11,0.20065,0.2,0.00054227,0.0032167
263.17,0.20066,0.2,0.00054829,0.0032534
265.95,0.20066,0.2,0.0005508,0.0032698
269.3,0.20066,0.2,0.00054958,0.0032642
273.39,0.20065,0.2,0.00054405,0.0032332
277.72,0.20064,0.2,0.00053453,0.0031786
282.09,0.20062,0.2,0.00052163,0.0031037
286.33,0.20061,0.2,0.00050611,0.003013
290.43,0.20058,0.2,0.00048828,0.0029083
294.18,0.20056,0.2,0.00046944,0.0027973
297.56,0.20054,0.2,0.00045032,0.0026844
300.56,0.20052,0.2,0.00043154,0.0025734
303.29,0.20049,0.2,0.00041286,0.0024628
305.61,0.20047,0.2,0.00039542,0.0023593
307.51,0.20045,0.2,0.00037945,0.0022646
308.97,0.20044,0.2,0.00036516,0.0021797
310.08,0.20042,0.2,0.00035099,0.0020954
310.59,0.20041,0.2,0.00033928,0.0020257
310.54,0.2004,0.2,0.00033003,0.0019706
310,0.20039,0.2,0.00032317,0.0019296
309.05,0.20038,0.2,0.00031848,0.0019015
307.76,0.20038,0.2,0.00031591,0.0018861
306.16,0.20038,0.2,0.00031529,0.0018822
304.23,0.20038,0.2,0.00031647,0.001889
301.82,0.20038,0.2,0.00031955,0.001907
299.01,0.20039,0.2,0.00032456,0.0019364
295.83,0.2004,0.2,0.00033153,0.0019774
292.38,0.20041,0.2,0.00034043,0.0020298
288.74,0.20042,0.2,0.00035142,0.0020945
285.08,0.20044,0.2,0.00036417,0.0021696
281.45,0.20045,0.2,0.0003785,0.0022538
277.84,0.20047,0.2,0.00039426,0.0023465
274.41,0.20049,0.2,0.00041023,0.0024403
270.92,0.20051,0.2,0.00042752,0.0025416
267.46,0.20053,0.2,0.00044614,0.0026507
264.23,0.20056,0.2,0.00046589,0.0027663
262.12,0.20058,0.2,0.00048147,0.0028576
260.52,0.20059,0.2,0.000497,0.0029487
259.59,0.20061,0.2,0.00051188,0.0030362
259.46,0.20063,0.2,0.00052538,0.003116
260.14,0.20064,0.2,0.000536,0.0031791
261.6,0.20065,0.2,0.00054408,0.0032277
263.8,0.20066,0.2,0.00054911,0.0032586
266.65,0.20066,0.2,0.00055074,0.0032697
270.38,0.20066,0.2,0.00054837,0.0032575
274.51,0.20065,0.2,0.00054182,0.0032205
278.82,0.20064,0.2,0.00053149,0.003161
283.13,0.20062,0.2,0.00051802,0.0030826
287.17,0.2006,0.2,0.00050263,0.0029926
290.95,0.20058,0.2,0.00048575,0.0028934
294.43,0.20056,0.2,0.00046807,0.0027892
297.58,0.20054,0.2,0.0004502,0.0026837
300.76,0.20052,0.2,0.00043022,0.0025656
303.53,0.20049,0.2,0.00041117,0.0024527
305.86,0.20047,0.2,0.00039343,0.0023475
307.75,0.20045,0.2,0.00037728,0.0022516
309.4,0.20043,0.2,0.00036032,0.0021509
310.36,0.20041,0.2,0.00034611,0.0020663
310.64,0.2004,0.2,0.0003347,0.0019984
310.33,0.20039,0.2,0.00032609,0.001947
309.51,0.20038,0.2,0.00032012,0.0019114
308.3,0.20038,0.2,0.00031657,0.0018901
306.73,0.20038,0.2,0.00031523,0.0018819
304.82,0.20038,0.2,0.0003159,0.0018856
302.53,0.20038,0.2,0.00031846,0.0019006
299.84,0.20039,0.2,0.00032293,0.0019268
296.76,0.20039,0.2,0.00032933,0.0019645
293.38,0.2004,0.2,0.00033767,0.0020136
289.84,0.20042,0.2,0.0003479,0.0020738
286.26,0.20043,0.2,0.00035985,0.0021441
282.71,0.20045,0.2,0.00037336,0.0022236
279.17,0.20046,0.2,0.00038828,0.0023113
274.98,0.20049,0.2,0.00040747,0.002424
270.69,0.20051,0.2,0.00042867,0.0025484
266.46,0.20054,0.2,0.00045193,0.0026846
262.73,0.20057,0.2,0.00047666,0.0028294
260.97,0.20059,0.2,0.00049204,0.0029196
259.82,0.20061,0.2,0.00050698,0.0030074
259.41,0.20062,0.2,0.00052083,0.003089
259.85,0.20064,0.2,0.00053283,0.0031602
261.11,0.20065,0.2,0.00054196,0.0032149
263.17,0.20066,0.2,0.00054802,0.0032519
265.93,0.20066,0.2,0.00055058,0.0032684
269.27,0.20066,0.2,0.00054942,0.0032632
273.36,0.20065,0.2,0.00054394,0.0032326
277.69,0.20064,0.2,0.00053445,0.0031781
282.07,0.20062,0.2,0.00052157,0.0031033
286.32,0.20061,0.2,0.00050606,0.0030127
290.41,0.20058,0.2,0.00048827,0.0029082
294.17,0.20056,0.2,0.00046947,0.0027975
297.55,0.20054,0.2,0.00045037,0.0026848
300.55,0.20052,0.2,0.00043162,0.0025738
303.28,0.20049,0.2,0.00041294,0.0024632
305.61,0.20047,0.2,0.00039549,0.0023597
307.51,0.20045,0.2,0.00037951,0.0022649
308.98,0.20044,0.2,0.00036521,0.0021799
310.09,0.20042,0.2,0.000351,0.0020955
310.61,0.20041,0.2,0.00033925,0.0020255
310.56,0.2004,0.2,0.00032998,0.0019702
310.03,0.20039,0.2,0.0003231,0.0019292
309.08,0.20038,0.2,0.00031839,0.001901
307.79,0.20038,0.2,0.00031581,0.0018855
306.18,0.20038,0.2,0.00031519,0.0018816
304.25,0.20038,0.2,0.00031637,0.0018884
301.84,0.20038,0.2,0.00031946,0.0019065
299.03,0.20039,0.2,0.00032447,0.0019359
295.84,0.2004,0.2,0.00033145,0.0019769
292.39,0.20041,0.2,0.00034036,0.0020294
288.75,0.20042,0.2,0.00035135,0.0020941
285.09,0.20044,0.2,0.0003641,0.0021691
281.47,0.20045,0.2,0.00037841,0.0022533
277.86,0.20047,0.2,0.00039417,0.0023459
274.43,0.20049,0.2,0.00041013,0.0024396
270.95,0.20051,0.2,0.0004274,0.0025409
267.48,0.20053,0.2,0.00044601,0.0026499
264.26,0.20056,0.2,0.00046574,0.0027654
262.14,0.20058,0.2,0.00048131,0.0028567
260.54,0.20059,0.2,0.00049683,0.0029477
259.6,0.20061,0.2,0.0005117,0.0030352
259.47,0.20063,0.2,0.0005252,0.0031149
260.15,0.20064,0.2,0.00053582,0.0031781
261.61,0.20065,0.2,0.00054391,0.0032267
263.81,0.20066,0.2,0.00054896,0.0032577
266.66,0.20066,0.2,0.0005506,0.0032689
270.38,0.20066,0.2,0.00054825,0.0032568
274.51,0.20065,0.2,0.00054172,0.0032199
278.82,0.20064,0.2,0.00053141,0.0031605
283.13,0.20062,0.2,0.00051796,0.0030822
287.17,0.2006,0.2,0.00050258,0.0029923
290.95,0.20058,0.2,0.00048572,0.0028932
294.43,0.20056,0.2,0.00046804,0.0027891
297.58,0.20054,0.2,0.00045018,0.0026836
300.77,0.20052,0.2,0.0004302,0.0025654
303.53,0.20049,0.2,0.00041115,0.0024526
305.87,0.20047,0.2,0.0003934,0.0023473
307.76,0.20045,0.2,0.00037724,0.0022514
309.41,0.20043,0.2,0.00036029,0.0021507
310.37,0.20041,0.2,0.00034608,0.0020662
310.66,0.2004,0.2,0.00033467,0.0019983
310.34,0.20039,0.2,0.00032605,0.0019469
309.53,0.20038,0.2,0.00032008,0.0019112
308.32,0.20038,0.2,0.00031652,0.0018898
306.76,0.20038,0.2,0.00031517,0.0018815
304.85,0.20038,0.2,0.00031582,0.0018852
302.57,0.20038,0.2,0.00031837,0.0019001
299.88,0.20039,0.2,0.00032282,0.0019262
296.8,0.20039,0.2,0.0003292,0.0019637
293.43,0.2004,0.2,0.00033752,0.0020127
289.9,0.20042,0.2,0.00034771,0.0020727
286.32,0.20043,0.2,0.00035963,0.0021428
282.76,0.20045,0.2,0.00037311,0.0022222
279.23,0.20046,0.2,0.00038801,0.0023097
274.98,0.20049,0.2,0.00040744,0.0024239
270.63,0.20051,0.2,0.00042895,0.00255
266.35,0.20054,0.2,0.00045258,0.0026884
262.6,0.20057,0.2,0.00047769,0.0028354
260.89,0.20059,0.2,0.00049297,0.002925
259.79,0.20061,0.2,0.00050778,0.003012
259.43,0.20062,0.2,0.00052146,0.0030928
259.9,0.20064,0.2,0.00053328,0.0031629
261.21,0.20065,0.2,0.00054229,0.0032169
263.32,0.20066,0.2,0.00054818,0.0032529
266.13,0.20066,0.2,0.00055053,0.0032682
269.51,0.20066,0.2,0.00054913,0.0032616
273.59,0.20065,0.2,0.00054345,0.0032298
277.91,0.20064,0.2,0.00053383,0.0031745
282.26,0.20062,0.2,0.00052089,0.0030994
286.47,0.20061,0.2,0.00050539,0.0030087
290.58,0.20058,0.2,0.00048745,0.0029034
294.34,0.20056,0.2,0.00046853,0.0027919
297.72,0.20054,0.2,0.00044934,0.0026786
300.72,0.20052,0.2,0.00043052,0.0025673
303.43,0.20049,0.2,0.00041189,0.002457
305.73,0.20047,0.2,0.00039451,0.0023539
307.61,0.20045,0.2,0.00037862,0.0022596
309.05,0.20044,0.2,0.00036441,0.0021752
310.14,0.20042,0.2,0.00035039,0.0020918
310.62,0.20041,0.2,0.00033881,0.0020229
310.56,0.2004,0.2,0.00032967,0.0019684
310.02,0.20039,0.2,0.0003229,0.001928
309.07,0.20038,0.2,0.00031827,0.0019003
307.78,0.20038,0.2,0.00031575,0.0018851
306.18,0.20038,0.2,0.00031515,0.0018814
304.25,0.20038,0.2,0.00031634,0.0018882
301.85,0.20038,0.2,0.00031942,0.0019062
299.05,0.20039,0.2,0.00032441,0.0019355
295.88,0.2004,0.2,0.00033135,0.0019764
292.44,0.20041,0.2,0.00034021,0.0020285
288.79,0.20042,0.2,0.00035121,0.0020932
285.13,0.20044,0.2,0.00036396,0.0021683
281.49,0.20045,0.2,0.0003783,0.0022526
277.87,0.20047,0.2,0.00039408,0.0023454
274.44,0.20049,0.2,0.00041007,0.0024393
270.95,0.20051,0.2,0.00042739,0.0025409
267.47,0.20053,0.2,0.00044604,0.0026501
264.24,0.20056,0.2,0.00046582,0.0027659
262.13,0.20058,0.2,0.00048142,0.0028573
260.53,0.20059,0.2,0.00049696,0.0029485
259.6,0.20061,0.2,0.00051185,0.003036
259.49,0.20063,0.2,0.00052535,0.0031158
260.18,0.20064,0.2,0.00053593,0.0031787
261.65,0.20065,0.2,0.00054397,0.0032271
263.86,0.20066,0.2,0.00054896,0.0032578
266.72,0.20066,0.2,0.00055054,0.0032686
270.45,0.20066,0.2,0.00054812,0.003256
274.59,0.20065,0.2,0.00054151,0.0032187
278.9,0.20064,0.2,0.00053114,0.0031589
283.21,0.20062,0.2,0.00051763,0.0030803
287.25,0.2006,0.2,0.0005022,0.00299
291.04,0.20058,0.2,0.0004853,0.0028907
294.51,0.20056,0.2,0.0004676,0.0027864
297.65,0.20054,0.2,0.00044972,0.0026809
300.83,0.20051,0.2,0.00042978,0.002563
303.58,0.20049,0.2,0.00041078,0.0024504
305.91,0.20047,0.2,0.00039308,0.0023454
307.79,0.20045,0.2,0.00037697,0.0022498
309.44,0.20043,0.2,0.00036003,0.0021491
310.39,0.20041,0.2,0.00034583,0.0020647
310.66,0.2004,0.2,0.00033445,0.0019969
310.34,0.20039,0.2,0.00032587,0.0019457
309.51,0.20038,0.2,0.00031994,0.0019103
308.29,0.20038,0.2,0.00031643,0.0018893
306.72,0.20038,0.2,0.00031513,0.0018813
304.79,0.20038,0.2,0.00031585,0.0018854
302.49,0.20038,0.2,0.00031846,0.0019006
299.78,0.20039,0.2,0.00032299,0.0019272
296.68,0.20039,0.2,0.00032947,0.0019653
293.29,0.2004,0.2,0.00033789,0.0020148
289.74,0.20042,0.2,0.00034819,0.0020755
286.15,0.20043,0.2,0.00036023,0.0021463
282.59,0.20045,0.2,0.00037382,0.0022263
279.05,0.20047,0.2,0.00038883,0.0023146
275,0.20049,0.2,0.00040736,0.0024234
270.87,0.20051,0.2,0.00042776,0.002543
266.78,0.20054,0.2,0.00045005,0.0026736
263.11,0.20057,0.2,0.00047379,0.0028126
261.26,0.20058,0.2,0.0004892,0.0029029
259.99,0.2006,0.2,0.00050427,0.0029914
259.44,0.20062,0.2,0.00051838,0.0030746
259.72,0.20063,0.2,0.00053078,0.003148
260.82,0.20065,0.2,0.00054033,0.0032051
262.72,0.20065,0.2,0.00054696,0.0032454
265.32,0.20066,0.2,0.00055023,0.0032661
268.53,0.20066,0.2,0.00054986,0.0032655
272.63,0.20065,0.2,0.00054507,0.003239
277.04,0.20064,0.2,0.00053601,0.0031871
281.52,0.20063,0.2,0.0005233,0.0031134
285.88,0.20061,0.2,0.00050772,0.0030224
289.95,0.20059,0.2,0.00049037,0.0029206
293.69,0.20057,0.2,0.00047195,0.0028121
297.08,0.20054,0.2,0.00045316,0.0027012
300.09,0.20052,0.2,0.00043461,0.0025916
302.88,0.2005,0.2,0.00041578,0.0024801
305.27,0.20048,0.2,0.00039813,0.0023754
307.24,0.20046,0.2,0.00038191,0.0022791
308.78,0.20044,0.2,0.00036733,0.0021926
310,0.20042,0.2,0.00035253,0.0021046
310.59,0.20041,0.2,0.00034028,0.0020316
310.6,0.2004,0.2,0.00033059,0.0019739
310.09,0.20039,0.2,0.00032341,0.0019311
309.14,0.20038,0.2,0.0003185,0.0019017
307.84,0.20038,0.2,0.0003158,0.0018854
306.21,0.20038,0.2,0.00031513,0.0018812
304.25,0.20038,0.2,0.00031633,0.0018882
301.82,0.20038,0.2,0.00031946,0.0019065
298.98,0.20039,0.2,0.00032454,0.0019363
295.77,0.2004,0.2,0.0003316,0.0019779
292.29,0.20041,0.2,0.00034063,0.002031
288.67,0.20042,0.2,0.00035158,0.0020955
285.05,0.20044,0.2,0.00036426,0.00217
281.45,0.20045,0.2,0.00037847,0.0022537
277.87,0.20047,0.2,0.0003941,0.0023455
274.46,0.20049,0.2,0.00040998,0.0024388
270.99,0.20051,0.2,0.00042715,0.0025395
267.54,0.20053,0.2,0.00044565,0.0026478
264.33,0.20056,0.2,0.00046526,0.0027626
262.22,0.20057,0.2,0.00048073,0.0028532
260.6,0.20059,0.2,0.00049616,0.0029438
259.64,0.20061,0.2,0.00051098,0.0030309
259.47,0.20063,0.2,0.00052448,0.0031107
260.1,0.20064,0.2,0.00053521,0.0031744
261.52,0.20065,0.2,0.00054345,0.0032239
263.67,0.20066,0.2,0.00054868,0.003256
266.48,0.20066,0.2,0.00055052,0.0032684
270.17,0.20066,0.2,0.00054841,0.0032577
274.28,0.20065,0.2,0.00054211,0.0032221
278.58,0.20064,0.2,0.00053201,0.003164
282.89,0.20062,0.2,0.00051874,0.0030868
286.93,0.2006,0.2,0.00050353,0.0029978
290.72,0.20058,0.2,0.00048681,0.0028996
294.2,0.20056,0.2,0.00046923,0.0027961
297.36,0.20054,0.2,0.00045143,0.002691
300.6,0.20052,0.2,0.00043132,0.0025721
303.4,0.20049,0.2,0.00041212,0.0024583
305.77,0.20047,0.2,0.0003942,0.0023521
307.69,0.20045,0.2,0.00037789,0.0022553
309.36,0.20043,0.2,0.00036099,0.0021548
310.34,0.20042,0.2,0.00034676,0.0020702
310.67,0.2004,0.2,0.00033529,0.0020019
310.39,0.20039,0.2,0.00032656,0.0019498
309.62,0.20038,0.2,0.00032044,0.0019133
308.45,0.20038,0.2,0.00031672,0.001891
306.94,0.20038,0.2,0.00031517,0.0018816
305.09,0.20038,0.2,0.00031562,0.0018841
302.89,0.20038,0.2,0.0003179,0.0018973
300.31,0.20039,0.2,0.000322,0.0019214
297.35,0.20039,0.2,0.00032796,0.0019564
294.09,0.2004,0.2,0.00033577,0.0020024
290.65,0.20041,0.2,0.0003454,0.0020591
287.14,0.20043,0.2,0.00035673,0.0021257
283.65,0.20044,0.2,0.00036959,0.0022014
280.19,0.20046,0.2,0.00038384,0.0022852
277.33,0.20047,0.2,0.00039653,0.0023598
274.43,0.20049,0.2,0.00041012,0.0024396
271.49,0.20051,0.2,0.00042462,0.0025246
268.55,0.20053,0.2,0.00044006,0.0026151
266.1,0.20054,0.2,0.00045402,0.0026968
263.85,0.20056,0.2,0.0004685,0.0027817
261.92,0.20058,0.2,0.00048327,0.0028682
260.45,0.2006,0.2,0.00049793,0.0029542
259.6,0.20061,0.2,0.00051197,0.0030368
259.47,0.20063,0.2,0.00052475,0.0031122
260.14,0.20064,0.2,0.00053559,0.0031767
261.62,0.20065,0.2,0.00054385,0.0032263
263.91,0.20066,0.2,0.00054899,0.003258
266.88,0.20066,0.2,0.00055048,0.0032683
270.38,0.20066,0.2,0.00054818,0.0032564
274.25,0.20065,0.2,0.00054218,0.0032225
278.29,0.20064,0.2,0.00053281,0.0031686
282.34,0.20062,0.2,0.00052061,0.0030977
286.27,0.20061,0.2,0.0005062,0.0030135
289.98,0.20059,0.2,0.00049025,0.0029198
294.63,0.20056,0.2,0.00046699,0.0027828
298.71,0.20053,0.2,0.00044342,0.0026436
302.21,0.2005,0.2,0.00042054,0.0025082
305.13,0.20048,0.2,0.00039921,0.0023818
307.31,0.20046,0.2,0.00038129,0.0022755
308.97,0.20044,0.2,0.00036539,0.002181
310.06,0.20042,0.2,0.00035165,0.0020993
310.6,0.20041,0.2,0.00034018,0.0020311
310.59,0.2004,0.2,0.00033046,0.0019731
310.07,0.20039,0.2,0.00032327,0.0019302
309.14,0.20038,0.2,0.00031844,0.0019014
307.84,0.20038,0.2,0.0003158,0.0018854
306.33,0.20038,0.2,0.0003151,0.0018811
304.52,0.20038,0.2,0.00031606,0.0018866
302.38,0.20038,0.2,0.00031861,0.0019015
299.91,0.20039,0.2,0.00032275,0.0019258
297.26,0.20039,0.2,0.00032816,0.0019576
294.38,0.2004,0.2,0.00033503,0.0019981
291.34,0.20041,0.2,0.00034334,0.002047
288.24,0.20042,0.2,0.00035302,0.0021039
285.28,0.20044,0.2,0.00036341,0.0021651
282.34,0.20045,0.2,0.00037484,0.0022323
279.41,0.20046,0.2,0.00038722,0.0023051
276.47,0.20048,0.2,0.00040052,0.0023832
273.56,0.2005,0.2,0.00041435,0.0024644
270.61,0.20051,0.2,0.00042913,0.002551
267.69,0.20053,0.2,0.00044484,0.0026431
264.92,0.20055,0.2,0.00046138,0.0027399
262.73,0.20057,0.2,0.00047665,0.0028293
260.98,0.20059,0.2,0.000492,0.0029194
259.84,0.20061,0.2,0.00050692,0.003007
259.43,0.20062,0.2,0.00052076,0.0030886
259.82,0.20064,0.2,0.00053208,0.0031558
260.99,0.20065,0.2,0.00054113,0.0032099
262.91,0.20065,0.2,0.00054734,0.0032477
265.51,0.20066,0.2,0.0005503,0.0032666
269.04,0.20066,0.2,0.00054946,0.0032634
273.05,0.20065,0.2,0.00054436,0.0032349
277.32,0.20064,0.2,0.0005353,0.003183
281.65,0.20063,0.2,0.00052285,0.0031108
285.69,0.20061,0.2,0.00050848,0.0030268
289.51,0.20059,0.2,0.00049241,0.0029326
293.04,0.20057,0.2,0.00047531,0.0028319
296.27,0.20055,0.2,0.0004578,0.0027286
299.73,0.20052,0.2,0.0004369,0.0026051
302.74,0.2005,0.2,0.00041681,0.0024862
305.29,0.20048,0.2,0.00039799,0.0023746
307.37,0.20046,0.2,0.00038083,0.0022727
309.05,0.20044,0.2,0.0003645,0.0021757
310.13,0.20042,0.2,0.0003505,0.0020925
310.63,0.20041,0.2,0.00033892,0.0020235
310.57,0.2004,0.2,0.00032977,0.001969
310.04,0.20039,0.2,0.00032299,0.0019285
309.12,0.20038,0.2,0.0003184,0.0019011
307.88,0.20038,0.2,0.00031583,0.0018856
306.34,0.20038,0.2,0.00031511,0.0018812
303.97,0.20038,0.2,0.00031658,0.0018896
301.06,0.20038,0.2,0.00032066,0.0019135
297.61,0.20039,0.2,0.00032739,0.0019531
293.72,0.2004,0.2,0.00033675,0.0020081
290.75,0.20041,0.2,0.0003451,0.0020573
287.73,0.20042,0.2,0.00035471,0.0021138
284.72,0.20044,0.2,0.00036548,0.0021772
281.74,0.20045,0.2,0.00037731,0.0022468
279.08,0.20047,0.2,0.0003887,0.0023138
276.39,0.20048,0.2,0.00040086,0.0023852
273.67,0.2005,0.2,0.0004138,0.0024612
270.92,0.20051,0.2,0.00042755,0.0025418
268.21,0.20053,0.2,0.00044191,0.0026259
265.61,0.20055,0.2,0.00045701,0.0027144
263.26,0.20057,0.2,0.00047268,0.0028061
261.33,0.20058,0.2,0.00048855,0.0028991
260,0.2006,0.2,0.00050409,0.0029904
259.44,0.20062,0.2,0.0005186,0.0030759
259.76,0.20063,0.2,0.00053127,0.003151
261.02,0.20065,0.2,0.00054129,0.0032109
263.2,0.20065,0.2,0.00054789,0.0032511
266.19,0.20066,0.2,0.00055046,0.0032679
269.82,0.20066,0.2,0.00054877,0.0032596
273.89,0.20065,0.2,0.00054285,0.0032264
277.96,0.20064,0.2,0.00053366,0.0031735
282.05,0.20062,0.2,0.00052155,0.0031032
286.03,0.20061,0.2,0.00050713,0.0030189
289.79,0.20059,0.2,0.0004911,0.0029249
294.36,0.20056,0.2,0.00046841,0.0027912
298.39,0.20053,0.2,0.00044534,0.002655
301.86,0.20051,0.2,0.00042288,0.0025221
304.78,0.20048,0.2,0.00040183,0.0023973
307.01,0.20046,0.2,0.00038392,0.0022911
308.73,0.20044,0.2,0.00036792,0.0021961
309.9,0.20042,0.2,0.000354,0.0021133
310.53,0.20041,0.2,0.00034228,0.0020436
310.64,0.2004,0.2,0.00033228,0.001984
310.24,0.20039,0.2,0.00032471,0.0019388
309.41,0.20038,0.2,0.00031945,0.0019074
308.23,0.20038,0.2,0.00031632,0.0018886
306.83,0.20038,0.2,0.00031513,0.0018814
305.15,0.20038,0.2,0.00031556,0.0018837
303.17,0.20038,0.2,0.00031754,0.0018952
300.87,0.20038,0.2,0.00032103,0.0019157
298.35,0.20039,0.2,0.00032582,0.0019438
295.57,0.2004,0.2,0.00033206,0.0019805
292.61,0.20041,0.2,0.00033972,0.0020257
289.55,0.20042,0.2,0.00034877,0.0020789
286.53,0.20043,0.2,0.00035886,0.0021383
283.53,0.20044,0.2,0.00037007,0.0022042
280.55,0.20046,0.2,0.00038229,0.0022761
277.57,0.20047,0.2,0.00039547,0.0023536
274.5,0.20049,0.2,0.00040981,0.0024378
271.38,0.20051,0.2,0.0004252,0.002528
268.26,0.20053,0.2,0.00044165,0.0026244
265.29,0.20055,0.2,0.00045906,0.0027263
263.12,0.20057,0.2,0.00047368,0.002812
261.34,0.20058,0.2,0.00048847,0.0028986
260.08,0.2006,0.2,0.00050298,0.0029839
259.47,0.20062,0.2,0.00051666,0.0030644
259.61,0.20063,0.2,0.00052858,0.003135
260.51,0.20064,0.2,0.00053842,0.0031937
262.19,0.20065,0.2,0.00054562,0.0032371
264.57,0.20066,0.2,0.00054969,0.0032625
268.1,0.20066,0.2,0.00055007,0.0032665
272.22,0.20065,0.2,0.0005457,0.0032425
276.68,0.20064,0.2,0.00053687,0.003192
281.24,0.20063,0.2,0.00052418,0.0031185
285.26,0.20061,0.2,0.00051011,0.0030364
289.09,0.20059,0.2,0.00049429,0.0029436
292.64,0.20057,0.2,0.00047737,0.0028441
295.88,0.20055,0.2,0.00045999,0.0027415
299.44,0.20053,0.2,0.00043875,0.0026161
302.53,0.2005,0.2,0.0004183,0.002495
305.14,0.20048,0.2,0.00039912,0.0023813
307.28,0.20046,0.2,0.00038161,0.0022774
309,0.20044,0.2,0.00036507,0.0021791
310.11,0.20042,0.2,0.00035089,0.0020948
310.62,0.20041,0.2,0.00033916,0.002025
310.58,0.2004,0.2,0.0003299,0.0019698
310.05,0.20039,0.2,0.00032304,0.0019288
309.12,0.20038,0.2,0.0003184,0.0019011
307.87,0.20038,0.2,0.00031582,0.0018856
306.32,0.20038,0.2,0.00031511,0.0018812
303.94,0.20038,0.2,0.0003166,0.0018897
301.02,0.20038,0.2,0.00032072,0.0019138
297.56,0.20039,0.2,0.00032749,0.0019537
293.66,0.2004,0.2,0.00033689,0.002009
290.74,0.20041,0.2,0.00034513,0.0020575
287.77,0.20042,0.2,0.00035459,0.0021132
284.8,0.20044,0.2,0.00036518,0.0021755
281.86,0.20045,0.2,0.0003768,0.0022438
278.93,0.20047,0.2,0.00038934,0.0023176
275.97,0.20048,0.2,0.00040282,0.0023967
272.97,0.2005,0.2,0.00041726,0.0024815
269.93,0.20052,0.2,0.00043267,0.0025718
267.23,0.20054,0.2,0.00044744,0.0026583
264.68,0.20055,0.2,0.00046293,0.002749
262.45,0.20057,0.2,0.00047886,0.0028423
260.72,0.20059,0.2,0.00049482,0.0029359
259.7,0.20061,0.2,0.00050953,0.0030224
259.45,0.20062,0.2,0.00052301,0.003102
260.04,0.20064,0.2,0.00053453,0.0031704
261.49,0.20065,0.2,0.00054335,0.0032233
264.02,0.20066,0.2,0.0005491,0.0032587
267.37,0.20066,0.2,0.00055036,0.0032678
271.35,0.20065,0.2,0.00054696,0.0032496
275.72,0.20064,0.2,0.00053911,0.0032049
279.78,0.20063,0.2,0.00052862,0.0031443
283.81,0.20062,0.2,0.00051551,0.003068
287.67,0.2006,0.2,0.00050044,0.0029797
291.28,0.20058,0.2,0.00048407,0.0028835
296.75,0.20055,0.2,0.00045518,0.0027132
301.35,0.20051,0.2,0.00042663,0.0025443
305.06,0.20048,0.2,0.00039981,0.0023854
307.87,0.20045,0.2,0.0003761,0.0022447
309.45,0.20043,0.2,0.00035983,0.002148
310.37,0.20041,0.2,0.00034612,0.0020664
310.67,0.2004,0.2,0.00033503,0.0020004
310.4,0.20039,0.2,0.00032654,0.0019498
309.65,0.20038,0.2,0.00032054,0.0019139
308.53,0.20038,0.2,0.00031683,0.0018916
307.07,0.20038,0.2,0.00031519,0.0018817
305.29,0.20038,0.2,0.00031547,0.0018832
303.18,0.20038,0.2,0.00031751,0.001895
300.69,0.20038,0.2,0.00032132,0.0019174
297.83,0.20039,0.2,0.00032691,0.0019502
294.67,0.2004,0.2,0.00033429,0.0019937
291.3,0.20041,0.2,0.00034344,0.0020475
287.86,0.20042,0.2,0.00035426,0.0021112
284.43,0.20044,0.2,0.0003666,0.0021838
281.02,0.20046,0.2,0.0003803,0.0022644
278.02,0.20047,0.2,0.00039343,0.0023416
274.97,0.20049,0.2,0.00040755,0.0024245
271.87,0.20051,0.2,0.00042268,0.0025133
268.77,0.20052,0.2,0.00043885,0.002608
266.06,0.20054,0.2,0.00045426,0.0026982
263.59,0.20056,0.2,0.00047031,0.0027922
261.54,0.20058,0.2,0.00048665,0.002888
260.09,0.2006,0.2,0.00050273,0.0029824
259.47,0.20062,0.2,0.00051648,0.0030634
259.61,0.20063,0.2,0.00052873,0.0031359
260.57,0.20064,0.2,0.00053879,0.0031959
262.34,0.20065,0.2,0.00054603,0.0032396
264.88,0.20066,0.2,0.00054993,0.0032641
268.06,0.20066,0.2,0.00055009,0.0032666
271.72,0.20065,0.2,0.00054646,0.0032468
275.67,0.20065,0.2,0.0005392,0.0032055
279.72,0.20063,0.2,0.0005288,0.0031454
283.72,0.20062,0.2,0.00051581,0.0030697
287.57,0.2006,0.2,0.00050085,0.0029821
291.18,0.20058,0.2,0.00048459,0.0028865
296.55,0.20055,0.2,0.00045632,0.0027199
301.09,0.20051,0.2,0.00042829,0.0025542
304.79,0.20048,0.2,0.00040188,0.0023977
307.63,0.20045,0.2,0.00037839,0.0022583
309.36,0.20043,0.2,0.00036089,0.0021543
310.37,0.20041,0.2,0.00034624,0.0020671
310.67,0.2004,0.2,0.00033454,0.0019975
310.34,0.20039,0.2,0.00032576,0.0019451
309.49,0.20038,0.2,0.00031975,0.0019092
308.22,0.20038,0.2,0.00031627,0.0018883
306.59,0.20038,0.2,0.00031508,0.001881
304.59,0.20038,0.2,0.000316,0.0018862
301.98,0.20038,0.2,0.00031918,0.0019048
298.89,0.20039,0.2,0.00032469,0.0019372
295.36,0.2004,0.2,0.00033257,0.0019836
291.53,0.20041,0.2,0.00034278,0.0020436
287.98,0.20042,0.2,0.00035389,0.002109
284.42,0.20044,0.2,0.00036661,0.0021839
280.9,0.20046,0.2,0.0003808,0.0022673
277.38,0.20047,0.2,0.00039633,0.0023586
274.14,0.20049,0.2,0.00041151,0.0024477
270.86,0.20051,0.2,0.00042785,0.0025435
267.59,0.20053,0.2,0.00044536,0.0026462
264.53,0.20055,0.2,0.00046389,0.0027546
262.39,0.20057,0.2,0.00047929,0.0028448
260.73,0.20059,0.2,0.00049469,0.0029351
259.7,0.20061,0.2,0.00050955,0.0030225
259.45,0.20063,0.2,0.00052317,0.0031029
259.99,0.20064,0.2,0.00053412,0.0031679
261.32,0.20065,0.2,0.00054265,0.0032191
263.39,0.20066,0.2,0.00054823,0.0032532
266.13,0.20066,0.2,0.00055047,0.0032679
269.76,0.20066,0.2,0.00054883,0.0032599
273.82,0.20065,0.2,0.00054297,0.0032271
278.11,0.20064,0.2,0.00053328,0.0031713
282.42,0.20062,0.2,0.00052033,0.0030961
286.45,0.20061,0.2,0.00050544,0.0030091
290.25,0.20059,0.2,0.00048897,0.0029123
293.76,0.20056,0.2,0.00047158,0.0028099
296.95,0.20054,0.2,0.00045389,0.0027055
300.26,0.20052,0.2,0.0004335,0.002585
303.14,0.2005,0.2,0.00041399,0.0024694
305.57,0.20047,0.2,0.00039575,0.0023613
307.56,0.20045,0.2,0.00037913,0.0022626
309.24,0.20043,0.2,0.00036241,0.0021633
310.27,0.20042,0.2,0.00034823,0.002079
310.66,0.2004,0.2,0.00033668,0.0020102
310.47,0.20039,0.2,0.00032776,0.0019571
309.8,0.20039,0.2,0.00032137,0.0019188
308.72,0.20038,0.2,0.00031729,0.0018944
307.32,0.20038,0.2,0.00031534,0.0018826
305.59,0.20038,0.2,0.00031533,0.0018823
303.69,0.20038,0.2,0.00031691,0.0018915
301.47,0.20038,0.2,0.00032,0.0019097
298.93,0.20039,0.2,0.00032463,0.0019368
296.11,0.2004,0.2,0.00033079,0.0019731
293.06,0.20041,0.2,0.00033849,0.0020184
289.9,0.20042,0.2,0.00034768,0.0020725
286.7,0.20043,0.2,0.00035826,0.0021347
283.52,0.20044,0.2,0.0003701,0.0022044
280.89,0.20046,0.2,0.00038084,0.0022676
278.26,0.20047,0.2,0.00039234,0.0023352
275.6,0.20048,0.2,0.00040458,0.0024071
272.9,0.2005,0.2,0.00041759,0.0024834
270.19,0.20052,0.2,0.00043131,0.0025638
267.51,0.20053,0.2,0.00044582,0.0026488
264.98,0.20055,0.2,0.00046102,0.0027379
262.72,0.20057,0.2,0.00047671,0.0028297
260.98,0.20059,0.2,0.00049204,0.0029196
259.83,0.20061,0.2,0.00050694,0.0030071
259.43,0.20062,0.2,0.00052074,0.0030885
259.87,0.20064,0.2,0.00053271,0.0031595
261.13,0.20065,0.2,0.00054183,0.0032142
263.19,0.20065,0.2,0.00054788,0.003251
265.96,0.20066,0.2,0.00055043,0.0032676
269.3,0.20066,0.2,0.00054926,0.0032622
273.39,0.20065,0.2,0.00054376,0.0032315
277.72,0.20064,0.2,0.00053427,0.0031771
282.1,0.20062,0.2,0.00052139,0.0031023
286.34,0.20061,0.2,0.00050588,0.0030116
290.44,0.20058,0.2,0.00048809,0.0029072
294.2,0.20056,0.2,0.00046929,0.0027964
297.58,0.20054,0.2,0.00045019,0.0026837
300.57,0.20052,0.2,0.00043144,0.0025728
303.31,0.20049,0.2,0.00041277,0.0024622
305.63,0.20047,0.2,0.00039533,0.0023588
307.53,0.20045,0.2,0.00037936,0.002264
309,0.20044,0.2,0.00036507,0.0021791
310.11,0.20042,0.2,0.00035088,0.0020947
310.62,0.20041,0.2,0.00033915,0.0020249
310.58,0.2004,0.2,0.00032988,0.0019697
310.04,0.20039,0.2,0.00032301,0.0019287
309.1,0.20038,0.2,0.00031831,0.0019006
307.8,0.20038,0.2,0.00031574,0.0018851
306.2,0.20038,0.2,0.00031512,0.0018812
304.27,0.20038,0.2,0.00031631,0.001888
301.86,0.20038,0.2,0.00031939,0.0019061
299.04,0.20039,0.2,0.00032441,0.0019355
295.86,0.2004,0.2,0.00033138,0.0019765
292.41,0.20041,0.2,0.00034029,0.002029
288.77,0.20042,0.2,0.00035128,0.0020937
285.11,0.20044,0.2,0.00036402,0.0021687
281.48,0.20045,0.2,0.00037834,0.0022529
277.87,0.20047,0.2,0.00039409,0.0023455
274.44,0.20049,0.2,0.00041005,0.0024392
270.96,0.20051,0.2,0.00042733,0.0025405
267.49,0.20053,0.2,0.00044593,0.0026495
264.27,0.20056,0.2,0.00046566,0.002765
262.15,0.20058,0.2,0.00048124,0.0028562
260.55,0.20059,0.2,0.00049675,0.0029473
259.62,0.20061,0.2,0.00051163,0.0030347
259.49,0.20063,0.2,0.00052513,0.0031145
260.16,0.20064,0.2,0.00053574,0.0031776
261.62,0.20065,0.2,0.00054383,0.0032262
263.82,0.20066,0.2,0.00054887,0.0032572
266.67,0.20066,0.2,0.0005505,0.0032684
270.4,0.20066,0.2,0.00054815,0.0032562
274.52,0.20065,0.2,0.00054162,0.0032193
278.84,0.20064,0.2,0.0005313,0.0031599
283.14,0.20062,0.2,0.00051785,0.0030816
287.18,0.2006,0.2,0.00050247,0.0029916
290.97,0.20058,0.2,0.00048561,0.0028925
294.45,0.20056,0.2,0.00046794,0.0027884
297.59,0.20054,0.2,0.00045008,0.002683
300.78,0.20052,0.2,0.0004301,0.0025649
303.55,0.20049,0.2,0.00041106,0.0024521
305.88,0.20047,0.2,0.00039331,0.0023468
307.77,0.20045,0.2,0.00037716,0.002251
309.42,0.20043,0.2,0.00036022,0.0021503
310.38,0.20041,0.2,0.00034601,0.0020658
310.67,0.2004,0.2,0.00033461,0.0019979
310.35,0.20039,0.2,0.00032599,0.0019465
309.54,0.20038,0.2,0.00032003,0.0019108
308.33,0.20038,0.2,0.00031648,0.0018895
306.77,0.20038,0.2,0.00031512,0.0018813
304.86,0.20038,0.2,0.00031579,0.001885
302.57,0.20038,0.2,0.00031834,0.0018999
299.88,0.20039,0.2,0.00032279,0.001926
296.8,0.20039,0.2,0.00032918,0.0019636
293.43,0.2004,0.2,0.0003375,0.0020126
289.89,0.20042,0.2,0.00034771,0.0020726
286.31,0.20043,0.2,0.00035964,0.0021429
282.76,0.20045,0.2,0.00037313,0.0022222
279.23,0.20046,0.2,0.00038803,0.0023098
274.99,0.20049,0.2,0.00040738,0.0024235
270.66,0.20051,0.2,0.00042879,0.0025491
266.4,0.20054,0.2,0.00045229,0.0026867
262.65,0.20057,0.2,0.00047727,0.002833
260.8,0.20059,0.2,0.00049389,0.0029305
259.69,0.20061,0.2,0.0005099,0.0030246
259.47,0.20063,0.2,0.00052445,0.0031105
260.26,0.20064,0.2,0.00053658,0.0031826
261.87,0.20065,0.2,0.00054468,0.0032314
264.28,0.20066,0.2,0.0005494,0.0032606
267.36,0.20066,0.2,0.00055038,0.003268
270.96,0.20065,0.2,0.00054749,0.0032525
275.03,0.20065,0.2,0.00054058,0.0032134
279.26,0.20063,0.2,0.00053013,0.0031531
283.45,0.20062,0.2,0.00051677,0.0030753
287.49,0.2006,0.2,0.0005012,0.0029841
291.68,0.20058,0.2,0.00048217,0.0028723
295.48,0.20055,0.2,0.00046231,0.0027553
298.86,0.20053,0.2,0.00044239,0.0026376
301.83,0.20051,0.2,0.00042306,0.0025232
304.4,0.20048,0.2,0.00040474,0.0024146
306.56,0.20046,0.2,0.0003878,0.0023141
308.27,0.20045,0.2,0.00037246,0.002223
309.53,0.20043,0.2,0.00035888,0.0021424
310.38,0.20041,0.2,0.00034609,0.0020663
310.67,0.2004,0.2,0.00033562,0.0020039
310.46,0.20039,0.2,0.00032744,0.0019551
309.82,0.20039,0.2,0.00032147,0.0019195
308.82,0.20038,0.2,0.00031752,0.0018958
307.52,0.20038,0.2,0.00031548,0.0018835
305.93,0.20038,0.2,0.00031518,0.0018815
304.05,0.20038,0.2,0.00031653,0.0018893
301.71,0.20038,0.2,0.00031963,0.0019075
298.99,0.20039,0.2,0.00032451,0.0019361
295.94,0.2004,0.2,0.00033118,0.0019754
292.64,0.20041,0.2,0.00033964,0.0020252
289.01,0.20042,0.2,0.0003505,0.0020891
285.35,0.20043,0.2,0.00036311,0.0021633
281.73,0.20045,0.2,0.0003773,0.0022468
278.13,0.20047,0.2,0.00039294,0.0023387
274.61,0.20049,0.2,0.00040928,0.0024347
271.02,0.20051,0.2,0.00042701,0.0025386
267.45,0.20053,0.2,0.00044615,0.0026508
264.15,0.20056,0.2,0.00046648,0.0027698
262.05,0.20058,0.2,0.00048212,0.0028614
260.47,0.20059,0.2,0.00049768,0.0029527
259.58,0.20061,0.2,0.00051255,0.0030402
259.51,0.20063,0.2,0.00052598,0.0031195
260.25,0.20064,0.2,0.00053644,0.0031818
261.77,0.20065,0.2,0.00054433,0.0032293
264.03,0.20066,0.2,0.00054912,0.0032588
266.92,0.20066,0.2,0.00055048,0.0032683
271.13,0.20065,0.2,0.00054725,0.0032512
275.78,0.20064,0.2,0.00053895,0.003204
280.58,0.20063,0.2,0.00052621,0.0031303
285.3,0.20061,0.2,0.00050996,0.0030355
289.32,0.20059,0.2,0.00049323,0.0029374
293.04,0.20057,0.2,0.00047535,0.0028322
296.41,0.20055,0.2,0.000457,0.0027239
299.43,0.20053,0.2,0.00043878,0.0026162
302.32,0.2005,0.2,0.00041972,0.0025034
304.8,0.20048,0.2,0.00040175,0.0023969
306.87,0.20046,0.2,0.00038518,0.0022986
308.5,0.20044,0.2,0.00037022,0.0022097
309.87,0.20042,0.2,0.0003545,0.0021163
310.56,0.20041,0.2,0.0003415,0.0020389
310.62,0.2004,0.2,0.00033124,0.0019778
310.12,0.20039,0.2,0.00032366,0.0019325
309.17,0.20038,0.2,0.00031856,0.0019021
307.84,0.20038,0.2,0.00031579,0.0018854
306.17,0.20038,0.2,0.00031512,0.0018812
304.15,0.20038,0.2,0.00031642,0.0018887
301.71,0.20038,0.2,0.00031962,0.0019074
298.86,0.20039,0.2,0.00032478,0.0019377
295.64,0.2004,0.2,0.00033191,0.0019796
292.16,0.20041,0.2,0.00034099,0.0020331
288.59,0.20042,0.2,0.00035185,0.002097
285.01,0.20044,0.2,0.00036437,0.0021707
281.47,0.20045,0.2,0.0003784,0.0022532
277.94,0.20047,0.2,0.0003938,0.0023437
274.54,0.20049,0.2,0.00040962,0.0024367
271.07,0.20051,0.2,0.00042674,0.002537
267.63,0.20053,0.2,0.00044517,0.002645
264.41,0.20056,0.2,0.00046472,0.0027595
262.3,0.20057,0.2,0.00048005,0.0028493
260.67,0.20059,0.2,0.00049536,0.0029391
259.68,0.20061,0.2,0.00051011,0.0030258
259.45,0.20063,0.2,0.0005236,0.0031054
260.03,0.20064,0.2,0.00053447,0.00317
261.38,0.20065,0.2,0.00054291,0.0032207
263.48,0.20066,0.2,0.00054837,0.0032541
266.24,0.20066,0.2,0.00055049,0.0032681
269.89,0.20066,0.2,0.00054869,0.0032592
273.97,0.20065,0.2,0.00054269,0.0032254
278.26,0.20064,0.2,0.00053287,0.0031689
282.57,0.20062,0.2,0.00051981,0.0030931
286.61,0.2006,0.2,0.00050483,0.0030054
290.4,0.20058,0.2,0.00048827,0.0029082
293.91,0.20056,0.2,0.00047082,0.0028055
297.08,0.20054,0.2,0.0004531,0.0027008
300.37,0.20052,0.2,0.0004328,0.0025808
303.22,0.2005,0.2,0.00041339,0.0024659
305.64,0.20047,0.2,0.00039526,0.0023584
307.6,0.20045,0.2,0.00037874,0.0022603
309.28,0.20043,0.2,0.00036194,0.0021605
310.29,0.20042,0.2,0.00034774,0.002076
310.67,0.2004,0.2,0.00033621,0.0020074
310.45,0.20039,0.2,0.00032734,0.0019545
309.74,0.20038,0.2,0.00032104,0.0019169
308.63,0.20038,0.2,0.00031708,0.0018932
307.19,0.20038,0.2,0.00031527,0.0018822
305.42,0.20038,0.2,0.00031541,0.0018828
303.44,0.20038,0.2,0.0003172,0.0018932
301.13,0.20038,0.2,0.00032058,0.001913
298.47,0.20039,0.2,0.00032556,0.0019423
295.53,0.2004,0.2,0.00033216,0.0019811
292.38,0.20041,0.2,0.00034037,0.0020295
289.13,0.20042,0.2,0.00035012,0.0020868
285.85,0.20043,0.2,0.00036129,0.0021526
282.6,0.20045,0.2,0.00037376,0.0022259
279.94,0.20046,0.2,0.00038494,0.0022917
277.25,0.20047,0.2,0.00039689,0.0023619
274.54,0.20049,0.2,0.00040963,0.0024367
271.78,0.20051,0.2,0.00042316,0.002516
269.08,0.20052,0.2,0.00043719,0.0025983
266.44,0.20054,0.2,0.00045199,0.002685
264.01,0.20056,0.2,0.00046742,0.0027753
261.92,0.20058,0.2,0.00048319,0.0028677
260.32,0.2006,0.2,0.00049957,0.0029638
259.5,0.20062,0.2,0.00051506,0.003055
259.62,0.20063,0.2,0.0005288,0.0031363
260.74,0.20065,0.2,0.00053983,0.0032021
262.72,0.20065,0.2,0.00054693,0.0032452
265.49,0.20066,0.2,0.00055027,0.0032664
268.91,0.20066,0.2,0.00054956,0.0032638
272.8,0.20065,0.2,0.00054478,0.0032373
276.87,0.20064,0.2,0.00053641,0.0031894
281.01,0.20063,0.2,0.00052491,0.0031227
285.06,0.20061,0.2,0.00051089,0.003041
288.91,0.20059,0.2,0.00049506,0.0029481
293.28,0.20057,0.2,0.00047408,0.0028247
297.19,0.20054,0.2,0.00045253,0.0026975
300.61,0.20052,0.2,0.00043126,0.0025717
303.55,0.20049,0.2,0.00041101,0.0024518
305.92,0.20047,0.2,0.00039302,0.0023451
307.83,0.20045,0.2,0.00037666,0.002248
309.26,0.20043,0.2,0.00036214,0.0021617
310.19,0.20042,0.2,0.00034959,0.002087
310.63,0.20041,0.2,0.00033848,0.0020209
310.57,0.2004,0.2,0.00032966,0.0019684
310.05,0.20039,0.2,0.00032306,0.001929
309.17,0.20038,0.2,0.00031855,0.001902
308.01,0.20038,0.2,0.00031599,0.0018866
306.58,0.20038,0.2,0.0003151,0.0018811
304.89,0.20038,0.2,0.00031576,0.0018848
302.9,0.20038,0.2,0.0003179,0.0018973
300.57,0.20039,0.2,0.00032153,0.0019186
297.93,0.20039,0.2,0.00032669,0.001949
295.03,0.2004,0.2,0.00033338,0.0019883
291.95,0.20041,0.2,0.00034158,0.0020366
288.63,0.20042,0.2,0.00035172,0.0020963
285.3,0.20043,0.2,0.0003633,0.0021644
282,0.20045,0.2,0.00037619,0.0022403
278.72,0.20047,0.2,0.00039028,0.0023231
275.18,0.20049,0.2,0.00040656,0.0024187
271.56,0.20051,0.2,0.00042423,0.0025224
267.95,0.20053,0.2,0.00044336,0.0026344
264.56,0.20055,0.2,0.00046373,0.0027537
262.47,0.20057,0.2,0.00047869,0.0028413
260.82,0.20059,0.2,0.00049368,0.0029292
259.77,0.20061,0.2,0.00050819,0.0030145
259.43,0.20062,0.2,0.0005216,0.0030936
259.88,0.20064,0.2,0.0005328,0.0031601
261.1,0.20065,0.2,0.00054167,0.0032132
263.07,0.20065,0.2,0.00054766,0.0032497
265.72,0.20066,0.2,0.00055037,0.0032671
269.28,0.20066,0.2,0.00054926,0.0032623
273.31,0.20065,0.2,0.0005439,0.0032323
277.58,0.20064,0.2,0.00053464,0.0031792
281.9,0.20062,0.2,0.00052204,0.003106
285.94,0.20061,0.2,0.0005075,0.0030211
289.75,0.20059,0.2,0.0004913,0.002926
293.28,0.20057,0.2,0.0004741,0.0028248
296.49,0.20055,0.2,0.00045654,0.0027212
299.9,0.20052,0.2,0.00043581,0.0025987
302.87,0.2005,0.2,0.00041592,0.0024809
305.38,0.20048,0.2,0.0003973,0.0023705
307.42,0.20046,0.2,0.00038032,0.0022697
309.1,0.20044,0.2,0.00036392,0.0021723
310.17,0.20042,0.2,0.0003499,0.0020889
310.64,0.20041,0.2,0.00033835,0.0020201
310.55,0.20039,0.2,0.00032927,0.001966
309.98,0.20039,0.2,0.00032258,0.0019261
309.03,0.20038,0.2,0.00031812,0.0018994
307.75,0.20038,0.2,0.00031569,0.0018848
306.17,0.20038,0.2,0.00031513,0.0018813
303.6,0.20038,0.2,0.00031697,0.0018919
300.42,0.20039,0.2,0.00032175,0.0019199
296.65,0.20039,0.2,0.00032953,0.0019657
292.43,0.20041,0.2,0.00034025,0.0020287
289.51,0.20042,0.2,0.00034891,0.0020797
286.57,0.20043,0.2,0.00035873,0.0021375
283.65,0.20044,0.2,0.00036961,0.0022015
280.75,0.20046,0.2,0.00038145,0.0022712
277.85,0.20047,0.2,0.00039419,0.0023461
274.91,0.20049,0.2,0.00040784,0.0024262
271.92,0.20051,0.2,0.00042245,0.0025119
268.93,0.20052,0.2,0.00043801,0.0026031
266.21,0.20054,0.2,0.00045337,0.002693
263.72,0.20056,0.2,0.00046938,0.0027868
261.64,0.20058,0.2,0.0004857,0.0028824
260.16,0.2006,0.2,0.0005018,0.0029769
259.49,0.20062,0.2,0.00051567,0.0030586
259.58,0.20063,0.2,0.00052806,0.0031319
260.5,0.20064,0.2,0.0005383,0.0031929
262.23,0.20065,0.2,0.00054573,0.0032378
264.73,0.20066,0.2,0.00054981,0.0032633
267.88,0.20066,0.2,0.00055018,0.003267
271.51,0.20065,0.2,0.00054675,0.0032484
275.44,0.20065,0.2,0.0005397,0.0032083
279.49,0.20063,0.2,0.00052946,0.0031492
283.5,0.20062,0.2,0.00051658,0.0030742
287.36,0.2006,0.2,0.00050171,0.0029872
290.99,0.20058,0.2,0.00048549,0.0028919
296.18,0.20055,0.2,0.00045844,0.0027324
300.6,0.20052,0.2,0.0004315,0.0025731
304.25,0.20049,0.2,0.00040594,0.0024217
307.12,0.20046,0.2,0.00038295,0.0022853
309.06,0.20044,0.2,0.00036431,0.0021746
310.24,0.20042,0.2,0.00034866,0.0020816
310.67,0.2004,0.2,0.00033612,0.0020069
310.41,0.20039,0.2,0.00032668,0.0019506
309.66,0.20038,0.2,0.0003206,0.0019143
308.53,0.20038,0.2,0.00031684,0.0018917
307.06,0.20038,0.2,0.00031519,0.0018817
305.26,0.20038,0.2,0.00031549,0.0018833
303.11,0.20038,0.2,0.0003176,0.0018956
300.57,0.20039,0.2,0.00032152,0.0019185
297.66,0.20039,0.2,0.00032727,0.0019524
294.44,0.2004,0.2,0.00033487,0.0019971
291.67,0.20041,0.2,0.00034238,0.0020413
288.84,0.20042,0.2,0.00035105,0.0020923
286,0.20043,0.2,0.00036077,0.0021495
283.17,0.20044,0.2,0.00037147,0.0022125
280.37,0.20046,0.2,0.00038305,0.0022806
277.56,0.20047,0.2,0.00039548,0.0023536
274.72,0.20049,0.2,0.00040876,0.0024316
271.83,0.20051,0.2,0.00042292,0.0025147
269.12,0.20052,0.2,0.00043696,0.0025969
266.48,0.20054,0.2,0.00045176,0.0026836
264.04,0.20056,0.2,0.0004672,0.002774
261.95,0.20058,0.2,0.00048298,0.0028664
260.33,0.2006,0.2,0.0004994,0.0029628
259.51,0.20062,0.2,0.00051494,0.0030542
259.62,0.20063,0.2,0.00052871,0.0031358
260.73,0.20065,0.2,0.00053979,0.0032018
262.7,0.20065,0.2,0.0005469,0.003245
265.47,0.20066,0.2,0.00055026,0.0032663
268.89,0.20066,0.2,0.00054957,0.0032639
272.78,0.20065,0.2,0.00054483,0.0032376
276.84,0.20064,0.2,0.00053648,0.0031898
280.98,0.20063,0.2,0.00052499,0.0031233
285.03,0.20061,0.2,0.00051099,0.0030415
288.89,0.20059,0.2,0.00049517,0.0029487
293.26,0.20057,0.2,0.00047422,0.0028255
297.16,0.20054,0.2,0.0004527,0.0026985
300.58,0.20052,0.2,0.00043146,0.0025729
303.52,0.20049,0.2,0.00041123,0.0024531
305.89,0.20047,0.2,0.00039323,0.0023464
307.81,0.20045,0.2,0.00037687,0.0022492
309.24,0.20043,0.2,0.00036233,0.0021629
310.18,0.20042,0.2,0.00034976,0.0020881
310.63,0.20041,0.2,0.00033862,0.0020218
310.57,0.2004,0.2,0.00032977,0.001969
310.06,0.20039,0.2,0.00032314,0.0019295
309.18,0.20038,0.2,0.0003186,0.0019023
308.03,0.20038,0.2,0.00031602,0.0018868
306.61,0.20038,0.2,0.0003151,0.0018811
304.92,0.20038,0.2,0.00031573,0.0018847
302.93,0.20038,0.2,0.00031785,0.001897
300.61,0.20039,0.2,0.00032147,0.0019183
297.97,0.20039,0.2,0.00032662,0.0019485
295.07,0.2004,0.2,0.0003333,0.0019878
291.98,0.20041,0.2,0.00034149,0.0020361
288.65,0.20042,0.2,0.00035164,0.0020958
285.32,0.20043,0.2,0.00036325,0.0021641
282.01,0.20045,0.2,0.00037616,0.0022401
278.72,0.20047,0.2,0.00039029,0.0023231
275.17,0.20049,0.2,0.00040659,0.0024188
271.55,0.20051,0.2,0.00042429,0.0025227
267.93,0.20053,0.2,0.00044346,0.002635
264.54,0.20055,0.2,0.00046387,0.0027545
262.45,0.20057,0.2,0.00047885,0.0028422
260.81,0.20059,0.2,0.00049385,0.0029302
259.76,0.20061,0.2,0.00050837,0.0030156
259.44,0.20062,0.2,0.00052178,0.0030946
259.89,0.20064,0.2,0.00053294,0.0031609
261.12,0.20065,0.2,0.00054177,0.0032138
263.11,0.20065,0.2,0.00054773,0.0032501
265.76,0.20066,0.2,0.00055039,0.0032672
269.33,0.20066,0.2,0.00054922,0.003262
273.36,0.20065,0.2,0.00054381,0.0032318
277.64,0.20064,0.2,0.0005345,0.0031784
281.96,0.20062,0.2,0.00052186,0.003105
285.99,0.20061,0.2,0.00050729,0.0030198
289.8,0.20059,0.2,0.00049106,0.0029246
293.33,0.20057,0.2,0.00047384,0.0028233
296.54,0.20055,0.2,0.00045626,0.0027195
299.94,0.20052,0.2,0.00043558,0.0025973
302.89,0.2005,0.2,0.00041572,0.0024797
305.4,0.20048,0.2,0.00039715,0.0023696
307.44,0.20046,0.2,0.0003802,0.002269
309.12,0.20044,0.2,0.00036377,0.0021714
310.18,0.20042,0.2,0.00034974,0.0020879
310.64,0.20041,0.2,0.00033818,0.0020192
310.54,0.20039,0.2,0.00032911,0.0019651
309.97,0.20039,0.2,0.00032245,0.0019254
309,0.20038,0.2,0.00031803,0.0018989
307.71,0.20038,0.2,0.00031565,0.0018845
306.11,0.20038,0.2,0.00031514,0.0018813
303.47,0.20038,0.2,0.00031713,0.0018928
300.18,0.20039,0.2,0.0003222,0.0019225
296.27,0.2004,0.2,0.00033041,0.0019708
291.92,0.20041,0.2,0.00034169,0.0020372
288.94,0.20042,0.2,0.00035074,0.0020905
285.94,0.20043,0.2,0.00036098,0.0021507
282.97,0.20045,0.2,0.00037229,0.0022173
280.02,0.20046,0.2,0.00038458,0.0022896
277.06,0.20048,0.2,0.0003978,0.0023673
274.05,0.20049,0.2,0.00041198,0.0024505
270.99,0.20051,0.2,0.00042715,0.0025395
267.96,0.20053,0.2,0.00044332,0.0026342
265.57,0.20055,0.2,0.00045728,0.002716
263.39,0.20056,0.2,0.00047172,0.0028005
261.57,0.20058,0.2,0.00048636,0.0028863
260.23,0.2006,0.2,0.00050081,0.0029711
259.52,0.20061,0.2,0.00051452,0.0030518
259.54,0.20063,0.2,0.00052686,0.0031248
260.34,0.20064,0.2,0.0005372,0.0031863
261.94,0.20065,0.2,0.00054489,0.0032327
264.34,0.20066,0.2,0.00054946,0.003261
267.41,0.20066,0.2,0.00055035,0.0032678
270.97,0.20065,0.2,0.00054746,0.0032524
274.88,0.20065,0.2,0.0005409,0.0032152
278.92,0.20064,0.2,0.00053106,0.0031585
282.96,0.20062,0.2,0.0005185,0.0030854
286.85,0.2006,0.2,0.00050383,0.0029996
290.52,0.20058,0.2,0.00048772,0.002905
295.39,0.20055,0.2,0.00046282,0.0027582
299.61,0.20052,0.2,0.00043779,0.0026104
303.17,0.2005,0.2,0.00041375,0.002468
306.08,0.20047,0.2,0.00039168,0.0023371
308.15,0.20045,0.2,0.00037362,0.0022299
309.61,0.20043,0.2,0.00035791,0.0021366
310.44,0.20041,0.2,0.0003447,0.002058
310.66,0.2004,0.2,0.00033404,0.0019945
310.26,0.20039,0.2,0.00032492,0.0019401
309.27,0.20038,0.2,0.00031892,0.0019042
307.83,0.20038,0.2,0.00031576,0.0018852
305.97,0.20038,0.2,0.00031517,0.0018815
303.58,0.20038,0.2,0.00031701,0.0018921
300.68,0.20038,0.2,0.00032132,0.0019174
297.26,0.20039,0.2,0.00032815,0.0019575
293.44,0.2004,0.2,0.00033747,0.0020124
290.59,0.20041,0.2,0.00034559,0.0020602
287.69,0.20042,0.2,0.00035486,0.0021148
284.79,0.20044,0.2,0.00036521,0.0021756
281.92,0.20045,0.2,0.00037653,0.0022422
279.07,0.20047,0.2,0.00038874,0.002314
276.18,0.20048,0.2,0.00040183,0.0023909
273.26,0.2005,0.2,0.00041583,0.0024731
270.3,0.20052,0.2,0.00043076,0.0025606
267.59,0.20053,0.2,0.00044537,0.0026462
265.02,0.20055,0.2,0.00046071,0.002736
262.75,0.20057,0.2,0.00047654,0.0028287
260.94,0.20059,0.2,0.00049247,0.0029221
259.8,0.20061,0.2,0.00050748,0.0030103
259.43,0.20062,0.2,0.00052133,0.003092
259.92,0.20064,0.2,0.00053328,0.0031629
261.3,0.20065,0.2,0.00054255,0.0032185
263.68,0.20066,0.2,0.00054865,0.0032559
266.88,0.20066,0.2,0.00055046,0.0032682
270.72,0.20066,0.2,0.00054777,0.0032541
274.96,0.20065,0.2,0.00054073,0.0032142
279.03,0.20064,0.2,0.00053076,0.0031568
283.08,0.20062,0.2,0.00051806,0.0030829
286.99,0.2006,0.2,0.00050326,0.0029963
290.66,0.20058,0.2,0.00048703,0.0029009
295.6,0.20055,0.2,0.00046168,0.0027515
299.85,0.20052,0.2,0.00043626,0.0026013
303.43,0.20049,0.2,0.00041192,0.0024572
306.32,0.20047,0.2,0.00038967,0.0023252
308.37,0.20045,0.2,0.00037153,0.0022175
309.77,0.20043,0.2,0.00035585,0.0021243
310.52,0.20041,0.2,0.00034277,0.0020465
310.64,0.2004,0.2,0.00033236,0.0019845
310.07,0.20039,0.2,0.00032324,0.00193
308.87,0.20038,0.2,0.00031765,0.0018966
307.16,0.20038,0.2,0.00031524,0.001882
304.96,0.20038,0.2,0.0003157,0.0018845
302.84,0.20038,0.2,0.00031796,0.0018977
300.35,0.20039,0.2,0.00032191,0.0019209
297.52,0.20039,0.2,0.00032757,0.0019542
294.41,0.2004,0.2,0.00033495,0.0019975
291.11,0.20041,0.2,0.00034401,0.0020509
287.74,0.20042,0.2,0.00035466,0.0021136
284.39,0.20044,0.2,0.00036675,0.0021847
281.05,0.20045,0.2,0.00038015,0.0022635
278.34,0.20047,0.2,0.00039195,0.0023329
275.61,0.20048,0.2,0.00040454,0.0024069
272.82,0.2005,0.2,0.00041796,0.0024856
270.02,0.20052,0.2,0.00043221,0.0025691
267.3,0.20053,0.2,0.00044699,0.0026557
264.75,0.20055,0.2,0.00046248,0.0027464
262.5,0.20057,0.2,0.00047844,0.0028399
260.75,0.20059,0.2,0.00049444,0.0029337
259.72,0.20061,0.2,0.0005092,0.0030204
259.44,0.20062,0.2,0.00052275,0.0031004
260.02,0.20064,0.2,0.00053433,0.0031692
261.46,0.20065,0.2,0.00054322,0.0032226
263.96,0.20066,0.2,0.00054903,0.0032583
267.29,0.20066,0.2,0.00055037,0.0032679
271.25,0.20065,0.2,0.0005471,0.0032504
275.6,0.20065,0.2,0.00053937,0.0032064
279.66,0.20063,0.2,0.00052896,0.0031463
283.69,0.20062,0.2,0.00051593,0.0030704
287.56,0.2006,0.2,0.0005009,0.0029824
291.19,0.20058,0.2,0.00048454,0.0028863
296.53,0.20055,0.2,0.00045642,0.0027205
301.05,0.20051,0.2,0.00042855,0.0025557
304.74,0.20048,0.2,0.00040226,0.0023999
307.58,0.20045,0.2,0.00037884,0.0022609
309.47,0.20043,0.2,0.00035955,0.0021463
310.48,0.20041,0.2,0.00034378,0.0020525
310.63,0.2004,0.2,0.00033161,0.00198
310.05,0.20039,0.2,0.00032299,0.0019285
309,0.20038,0.2,0.00031799,0.0018986
307.56,0.20038,0.2,0.00031548,0.0018835
305.74,0.20038,0.2,0.00031523,0.0018818
303.54,0.20038,0.2,0.00031708,0.0018925
301.1,0.20038,0.2,0.0003206,0.0019132
298.3,0.20039,0.2,0.00032591,0.0019443
295.18,0.2004,0.2,0.00033302,0.0019862
291.84,0.20041,0.2,0.00034191,0.0020385
288.43,0.20042,0.2,0.00035236,0.0021
285.03,0.20044,0.2,0.00036432,0.0021704
281.65,0.20045,0.2,0.00037764,0.0022488
278.29,0.20047,0.2,0.00039221,0.0023344
274.87,0.20049,0.2,0.00040804,0.0024274
271.38,0.20051,0.2,0.00042517,0.0025279
267.9,0.20053,0.2,0.00044364,0.0026361
264.63,0.20055,0.2,0.00046328,0.002751
262.52,0.20057,0.2,0.00047827,0.0028388
260.86,0.20059,0.2,0.00049329,0.0029269
259.79,0.20061,0.2,0.00050786,0.0030125
259.43,0.20062,0.2,0.00052133,0.003092
259.86,0.20064,0.2,0.00053257,0.0031587
261.06,0.20065,0.2,0.00054149,0.0032121
263.02,0.20065,0.2,0.00054756,0.003249
265.65,0.20066,0.2,0.00055035,0.0032669
269.2,0.20066,0.2,0.00054933,0.0032626
273.22,0.20065,0.2,0.00054405,0.0032332
277.49,0.20064,0.2,0.00053486,0.0031804
281.82,0.20063,0.2,0.00052231,0.0031076
285.85,0.20061,0.2,0.00050782,0.003023
289.67,0.20059,0.2,0.00049167,0.0029282
293.2,0.20057,0.2,0.0004745,0.0028272
296.42,0.20055,0.2,0.00045695,0.0027236
299.85,0.20052,0.2,0.00043617,0.0026008
302.82,0.2005,0.2,0.00041622,0.0024826
305.35,0.20048,0.2,0.00039753,0.0023719
307.41,0.20046,0.2,0.00038049,0.0022707
309.08,0.20044,0.2,0.00036414,0.0021736
310.16,0.20042,0.2,0.00035014,0.0020903
310.63,0.20041,0.2,0.00033858,0.0020216
310.56,0.20039,0.2,0.00032948,0.0019673
310.01,0.20039,0.2,0.00032276,0.0019272
309.07,0.20038,0.2,0.00031824,0.0019001
307.81,0.20038,0.2,0.00031575,0.0018852
306.25,0.20038,0.2,0.00031512,0.0018812
303.78,0.20038,0.2,0.00031678,0.0018908
300.73,0.20038,0.2,0.00032121,0.0019168
297.12,0.20039,0.2,0.00032847,0.0019594
293.06,0.20041,0.2,0.00033851,0.0020185
292.01,0.20041,0.2,0.00034143,0.0020357
290.95,0.20041,0.2,0.0003445,0.0020538
289.88,0.20042,0.2,0.00034774,0.0020728
288.81,0.20042,0.2,0.00035113,0.0020928
