-200,0.75,0.74196,0.90997,0.010723
-196.8,0.7523,0.74367,0.91331,0.011471
-193.62,0.75433,0.74508,0.91618,0.012263
-190.47,0.75612,0.74621,0.91861,0.013101
-187.34,0.75768,0.74709,0.92064,0.013987
-182,0.75992,0.74804,0.9233,0.015633
-176.8,0.76162,0.74836,0.92499,0.017412
-171.74,0.76286,0.74812,0.92582,0.01933
-166.74,0.7637,0.74734,0.92587,0.02142
-163.07,0.76407,0.74643,0.92542,0.02309
-159.28,0.76425,0.74519,0.92454,0.024947
-155.29,0.76425,0.74358,0.92319,0.027054
-151.03,0.76406,0.74153,0.92132,0.029487
-146.57,0.76368,0.73904,0.91894,0.032258
-141.8,0.7631,0.73601,0.91592,0.035492
-136.74,0.76229,0.73237,0.91222,0.039255
-131.43,0.76125,0.72806,0.90776,0.043601
-124.8,0.75965,0.72193,0.90132,0.049653
-118.05,0.75763,0.71475,0.89365,0.056603
-111.28,0.75517,0.70651,0.88473,0.06443
-104.6,0.75221,0.69723,0.87454,0.073085
-98.339,0.74888,0.68739,0.86356,0.082101
-92.223,0.74501,0.67663,0.85137,0.091793
-86.263,0.74058,0.66495,0.83794,0.10212
-80.459,0.73553,0.65238,0.82326,0.11305
-75.328,0.73037,0.64023,0.80883,0.12343
-70.344,0.72463,0.62742,0.79337,0.13415
-65.522,0.71827,0.61405,0.77693,0.14511
-60.879,0.71128,0.6002,0.75957,0.15618
-60.815,0.71118,0.6,0.75932,0.15633
-57.333,0.69885,0.584,0.73571,0.16434
-53.958,0.68813,0.56948,0.71468,0.17242
-50.694,0.67876,0.55624,0.69583,0.18052
-47.538,0.67054,0.54407,0.67884,0.18862
-43.866,0.6619,0.53061,0.66042,0.19836
-40.333,0.65441,0.51826,0.6439,0.20805
-36.932,0.64787,0.50686,0.62894,0.21766
-33.663,0.64209,0.49625,0.61528,0.22713
-30.468,0.63681,0.48614,0.60246,0.2366
-27.435,0.63201,0.47671,0.5906,0.24573
-24.582,0.62758,0.46791,0.57957,0.25443
-21.917,0.62341,0.4597,0.56926,0.26261
-19.482,0.6195,0.45217,0.55973,0.2701
-17.215,0.61576,0.44514,0.55075,0.27708
-15.089,0.61219,0.43856,0.54229,0.28363
-13.069,0.60885,0.43237,0.53435,0.28986
-12.017,0.60719,0.42921,0.53033,0.29312
-10.98,0.60564,0.42616,0.52649,0.29635
-9.952,0.60423,0.42321,0.52286,0.29959
-8.9307,0.60298,0.42038,0.51947,0.30284
-8.1931,0.60219,0.41839,0.51715,0.30521
-7.4579,0.60151,0.41648,0.515,0.3076
-6.7252,0.60099,0.41466,0.51304,0.31003
-5.9955,0.60059,0.41292,0.51126,0.31248
-5.6101,0.60041,0.41201,0.51036,0.31378
-5.2259,0.60027,0.41113,0.50951,0.31509
-4.8431,0.60017,0.41028,0.50871,0.3164
-4.4619,0.6001,0.40944,0.50795,0.31772
-4.0824,0.59999,0.40859,0.50715,0.31902
-3.705,0.59995,0.40777,0.50643,0.32033
-3.3297,0.60003,0.40702,0.50588,0.32166
-2.9567,0.60008,0.40626,0.50528,0.32298
-2.8307,0.60005,0.40598,0.50503,0.32342
-2.705,0.60003,0.40571,0.50478,0.32385
-2.5796,0.60002,0.40544,0.50455,0.32429
-2.4545,0.60001,0.40517,0.50432,0.32473
-2.3297,0.6,0.40491,0.50409,0.32516
-2.2052,0.6,0.40464,0.50387,0.3256
-2.081,0.6,0.40438,0.50365,0.32603
-1.9572,0.6,0.40412,0.50344,0.32647
-1.8349,0.59999,0.40386,0.50321,0.32689
-1.7129,0.59999,0.4036,0.50299,0.32732
-1.5912,0.6,0.40335,0.50279,0.32775
-1.4699,0.60001,0.4031,0.50259,0.32818
-1.3781,0.59997,0.40289,0.50238,0.32849
-1.2865,0.59996,0.40269,0.50221,0.32881
-1.1952,0.60001,0.40252,0.50212,0.32914
-1.104,0.60004,0.40234,0.50199,0.32947
-1.0543,0.6,0.40222,0.50185,0.32963
-1.0046,0.59999,0.40211,0.50175,0.3298
-0.95507,0.60001,0.40201,0.50169,0.32998
-0.90555,0.60002,0.40192,0.50162,0.33016
-0.85608,0.59998,0.40179,0.50147,0.33032
-0.80667,0.59996,0.40168,0.50137,0.33049
-0.75731,0.60001,0.4016,0.50135,0.33068
-0.70801,0.60004,0.40151,0.5013,0.33086
-0.67084,0.59999,0.40141,0.50116,0.33098
-0.63371,0.59997,0.40132,0.50107,0.3311
-0.59661,0.60001,0.40126,0.50106,0.33124
-0.55953,0.60004,0.4012,0.50103,0.33138
-0.52249,0.59996,0.40108,0.50086,0.33149
-0.48548,0.59993,0.40099,0.50076,0.33161
-0.44849,0.60002,0.40096,0.50081,0.33177
-0.41153,0.60008,0.4009,0.50082,0.33191
-0.38332,0.6,0.40081,0.50067,0.33199
-0.35513,0.59996,0.40073,0.50058,0.33208
-0.32695,0.60002,0.4007,0.50059,0.33219
-0.29879,0.60005,0.40065,0.50059,0.3323
-0.27065,0.59999,0.40056,0.50046,0.33238
-0.24252,0.59996,0.40049,0.50038,0.33247
-0.21441,0.60001,0.40046,0.50039,0.33258
-0.18631,0.60005,0.40042,0.50039,0.33269
-0.15635,0.59995,0.40031,0.50021,0.33277
-0.1264,0.59992,0.40023,0.50012,0.33287
-0.096469,0.60002,0.40021,0.5002,0.333
-0.066558,0.60008,0.40018,0.50022,0.33312
-0.041373,0.59999,0.40008,0.50006,0.33319
-0.016201,0.59996,0.40001,0.49997,0.33326
0.0089594,0.60002,0.39999,0.5,0.33337
0.034107,0.60006,0.39996,0.50001,0.33347
0.059242,0.6,0.39987,0.49989,0.33354
0.084366,0.59997,0.39981,0.49982,0.33362
0.10948,0.60001,0.39977,0.49982,0.33372
0.13458,0.60004,0.39974,0.49981,0.33382
0.16237,0.59999,0.39965,0.4997,0.3339
0.19015,0.59997,0.39958,0.49962,0.33399
0.21792,0.60001,0.39955,0.49963,0.3341
0.24567,0.60004,0.3995,0.49962,0.33421
0.27635,0.59997,0.39941,0.49948,0.3343
0.30701,0.59995,0.39933,0.4994,0.3344
0.33766,0.60001,0.39929,0.49942,0.33452
0.36829,0.60005,0.39925,0.49942,0.33464
0.40034,0.59998,0.39915,0.49927,0.33473
0.43238,0.59995,0.39907,0.49918,0.33484
0.46439,0.60001,0.39903,0.4992,0.33497
0.49639,0.60005,0.39898,0.49919,0.33509
0.52942,0.59999,0.39888,0.49906,0.33519
0.56242,0.59997,0.3988,0.49898,0.3353
0.59541,0.60001,0.39875,0.49897,0.33542
0.62838,0.60004,0.39869,0.49894,0.33555
0.66497,0.6,0.3986,0.49883,0.33567
0.70154,0.59998,0.39851,0.49875,0.33579
0.7381,0.60001,0.39845,0.49871,0.33592
0.77463,0.60002,0.39838,0.49867,0.33606
0.81947,0.6,0.39827,0.49856,0.33621
0.86428,0.59999,0.39817,0.49847,0.33636
0.90907,0.6,0.39809,0.49841,0.33652
0.95383,0.60002,0.398,0.49835,0.33668
1.0115,0.59999,0.39787,0.49822,0.33688
1.0691,0.59998,0.39774,0.4981,0.33708
1.1266,0.6,0.39763,0.49803,0.33729
1.1842,0.60002,0.39752,0.49794,0.33749
1.2579,0.59999,0.39735,0.49778,0.33774
1.3315,0.59998,0.39719,0.49764,0.338
1.4051,0.6,0.39704,0.49754,0.33826
1.4787,0.60002,0.39689,0.49743,0.33853
1.5737,0.6,0.39669,0.49724,0.33885
1.6687,0.59999,0.39648,0.49706,0.33918
1.7637,0.6,0.39629,0.49691,0.33952
1.8586,0.60001,0.39609,0.49675,0.33986
1.9912,0.6,0.39581,0.49651,0.34032
2.1239,0.59999,0.39553,0.49627,0.34078
2.2566,0.6,0.39525,0.49604,0.34125
2.3895,0.6,0.39497,0.49581,0.34172
2.6022,0.6,0.39452,0.49543,0.34246
2.8156,0.6,0.39407,0.49506,0.34321
3.0299,0.6,0.39362,0.49468,0.34396
3.2452,0.6,0.39317,0.49431,0.34472
3.6553,0.59999,0.39231,0.49358,0.34615
4.0717,0.59999,0.39143,0.49285,0.34761
4.4962,0.59999,0.39054,0.4921,0.34909
4.9305,0.59998,0.38962,0.49134,0.35061
5.8368,0.59997,0.38771,0.48973,0.35378
6.8071,0.59995,0.38567,0.48801,0.35716
7.8587,0.59991,0.38345,0.48614,0.36082
9.0088,0.59986,0.38103,0.48408,0.36481
11.094,0.59974,0.37664,0.48032,0.372
13.54,0.59954,0.37149,0.47586,0.38038
16.4,0.59922,0.36549,0.47059,0.39006
19.71,0.59872,0.35858,0.46441,0.40108
23.624,0.59793,0.35048,0.45701,0.41384
28.032,0.59677,0.34149,0.44855,0.42777
32.902,0.59512,0.33175,0.43906,0.44255
38.179,0.59285,0.32148,0.4286,0.45774
44.191,0.58957,0.31019,0.41646,0.47387
50.471,0.58525,0.29894,0.40349,0.48921
56.904,0.57977,0.28804,0.38984,0.50318
63.379,0.57303,0.27776,0.37566,0.51528
69.68,0.56515,0.26843,0.36132,0.52503
75.844,0.55605,0.25997,0.34669,0.53247
81.813,0.54582,0.25241,0.33186,0.53755
87.548,0.53457,0.24573,0.31692,0.54032
96.099,0.51511,0.2368,0.29326,0.54029
103.99,0.49427,0.22964,0.26992,0.5354
111.22,0.47277,0.22394,0.24726,0.52633
117.78,0.45127,0.21942,0.22558,0.51376
123.55,0.43074,0.21594,0.20556,0.49868
128.66,0.41113,0.21319,0.18693,0.48145
133.1,0.39272,0.21103,0.16979,0.46265
136.92,0.37567,0.20931,0.15415,0.44282
141.1,0.35557,0.20759,0.13596,0.41618
144.55,0.3378,0.20627,0.12006,0.38936
147.42,0.32219,0.20525,0.1062,0.36296
149.73,0.30855,0.20445,0.094168,0.33738
150.98,0.30012,0.204,0.086767,0.32026
151.95,0.29246,0.20362,0.08007,0.30375
152.66,0.28551,0.2033,0.074012,0.28792
153.15,0.27921,0.20303,0.068533,0.27283
153.49,0.27349,0.20279,0.063569,0.2585
153.77,0.2683,0.20258,0.059064,0.24493
154.01,0.26357,0.20239,0.054965,0.23211
154.25,0.25925,0.20222,0.051226,0.22
154.43,0.25572,0.20208,0.048166,0.20978
154.57,0.25246,0.20195,0.04534,0.20006
154.64,0.24944,0.20184,0.042729,0.19084
154.67,0.24664,0.20173,0.040313,0.1821
154.71,0.24426,0.20164,0.038251,0.17448
154.84,0.24203,0.20155,0.036323,0.16724
155.18,0.23994,0.20147,0.03451,0.16036
155.87,0.23798,0.20138,0.032793,0.1538
157.05,0.23613,0.20128,0.031169,0.14759
158.86,0.23435,0.20117,0.029601,0.14158
161.39,0.23263,0.20106,0.028073,0.13573
164.68,0.23095,0.20094,0.026569,0.12994
168.72,0.22929,0.20082,0.025089,0.12418
173.45,0.22764,0.2007,0.023618,0.11836
178.76,0.226,0.20059,0.022156,0.11243
184.5,0.22436,0.20049,0.020705,0.10637
190.49,0.22272,0.2004,0.019271,0.1002
196.58,0.2211,0.20033,0.017861,0.09394
202.61,0.21951,0.20027,0.016483,0.087647
208.48,0.21796,0.20022,0.015148,0.08138
214.82,0.21626,0.20017,0.013697,0.074386
220.79,0.21465,0.20014,0.012324,0.067604
226.34,0.21314,0.20011,0.011039,0.061112
231.48,0.21173,0.20009,0.0098483,0.054975
236.26,0.21042,0.20007,0.0087419,0.049174
240.62,0.20922,0.20006,0.007735,0.043811
244.55,0.20814,0.20005,0.0068261,0.038902
248.03,0.20718,0.20004,0.0060119,0.03445
251.42,0.20621,0.20003,0.0051978,0.029947
254.23,0.20536,0.20003,0.0044909,0.025995
256.5,0.20464,0.20002,0.0038822,0.022561
258.31,0.20402,0.20002,0.0033611,0.019599
259.76,0.20347,0.20001,0.0029061,0.016995
260.88,0.20301,0.20001,0.002522,0.014785
261.67,0.20263,0.20001,0.0021994,0.012921
262.15,0.20231,0.20001,0.0019293,0.011353
262.27,0.20202,0.20001,0.001687,0.0099413
261.97,0.20178,0.20001,0.001489,0.0087846
261.29,0.20159,0.20001,0.0013287,0.0078451
260.31,0.20143,0.20001,0.0011994,0.0070859
259.12,0.2013,0.20001,0.0010915,0.0064516
257.88,0.2012,0.20001,0.0010064,0.0059503
256.63,0.20112,0.20001,0.00093979,0.0055572
255.37,0.20106,0.2,0.00088794,0.005251
254.14,0.20102,0.2,0.0008513,0.0050342
252.83,0.20098,0.2,0.00082308,0.0048669
251.52,0.20096,0.2,0.00080196,0.0047413
250.42,0.20094,0.2,0.00078645,0.0046489
249.92,0.20093,0.2,0.00077726,0.0045944
249.92,0.20092,0.2,0.00076955,0.004549
250.57,0.20091,0.2,0.00076228,0.0045069
252.02,0.2009,0.2,0.00075434,0.0044615
254.15,0.20089,0.2,0.0007454,0.0044107
257.04,0.20088,0.2,0.00073415,0.0043469
260.65,0.20086,0.2,0.00072004,0.0042664
264.88,0.20084,0.2,0.00070271,0.0041671
270.14,0.20081,0.2,0.00067967,0.0040342
275.78,0.20078,0.2,0.00065294,0.003879
281.59,0.20075,0.2,0.00062315,0.0037053
287.37,0.20071,0.2,0.00059116,0.0035179
292.83,0.20067,0.2,0.00055879,0.0033276
298.03,0.20063,0.2,0.00052617,0.0031353
302.89,0.20059,0.2,0.00049407,0.0029456
307.42,0.20055,0.2,0.00046312,0.0027625
312.15,0.20052,0.2,0.0004299,0.0025656
316.45,0.20048,0.2,0.00039924,0.0023836
320.3,0.20045,0.2,0.00037142,0.0022183
323.7,0.20042,0.2,0.00034653,0.0020703
327.15,0.20038,0.2,0.00032041,0.0019149
329.88,0.20036,0.2,0.00029842,0.0017839
331.9,0.20034,0.2,0.00028037,0.0016763
333.3,0.20032,0.2,0.00026582,0.0015895
334.18,0.2003,0.2,0.00025427,0.0015206
334.64,0.20029,0.2,0.00024537,0.0014675
334.73,0.20029,0.2,0.00023878,0.0014282
334.43,0.20028,0.2,0.00023411,0.0014002
333.61,0.20028,0.2,0.00023081,0.0013805
332.25,0.20028,0.2,0.00022941,0.0013721
330.4,0.20028,0.2,0.00022979,0.0013743
328.21,0.20028,0.2,0.00023175,0.0013858
326.3,0.20028,0.2,0.00023433,0.0014011
324.37,0.20028,0.2,0.00023764,0.0014207
322.45,0.20029,0.2,0.00024156,0.001444
320.53,0.20029,0.2,0.00024596,0.0014702
318.55,0.2003,0.2,0.00025076,0.0014987
316.49,0.20031,0.2,0.000256,0.0015297
314.39,0.20031,0.2,0.00026167,0.0015634
312.39,0.20032,0.2,0.00026767,0.001599
311.08,0.20033,0.2,0.00027239,0.001627
310.12,0.20033,0.2,0.00027702,0.0016546
309.67,0.20034,0.2,0.00028131,0.00168
309.88,0.20034,0.2,0.00028492,0.0017016
310.84,0.20034,0.2,0.00028746,0.0017169
312.61,0.20035,0.2,0.00028866,0.0017242
315.19,0.20035,0.2,0.00028823,0.0017219
318.51,0.20034,0.2,0.00028598,0.0017088
322.75,0.20034,0.2,0.00028146,0.0016821
327.52,0.20033,0.2,0.00027487,0.0016432
332.62,0.20032,0.2,0.00026647,0.0015934
337.84,0.20031,0.2,0.00025663,0.0015349
342.9,0.2003,0.2,0.00024602,0.0014718
347.78,0.20028,0.2,0.0002349,0.0014056
352.39,0.20027,0.2,0.00022367,0.0013386
356.68,0.20026,0.2,0.00021266,0.001273
361.71,0.20024,0.2,0.00019931,0.0011933
366.21,0.20022,0.2,0.00018708,0.0011202
370.19,0.20021,0.2,0.00017613,0.0010548
373.61,0.2002,0.2,0.00016655,0.00099753
376.52,0.20019,0.2,0.00015816,0.0009474
378.79,0.20018,0.2,0.00015116,0.00090554
380.44,0.20017,0.2,0.00014551,0.00087175
381.49,0.20017,0.2,0.00014108,0.00084519
382.04,0.20017,0.2,0.00013767,0.00082484
382.17,0.20016,0.2,0.00013524,0.00081024
381.96,0.20016,0.2,0.00013365,0.00080073
381.41,0.20016,0.2,0.00013276,0.00079542
380.1,0.20016,0.2,0.00013245,0.00079352
378.05,0.20016,0.2,0.00013327,0.00079841
375.28,0.20016,0.2,0.00013528,0.00081041
371.98,0.20017,0.2,0.00013831,0.00082854
369.67,0.20017,0.2,0.00014078,0.00084324
367.34,0.20017,0.2,0.00014357,0.00085993
365.02,0.20018,0.2,0.00014664,0.00087827
362.71,0.20018,0.2,0.00014993,0.0008979
360.37,0.20018,0.2,0.00015339,0.00091857
357.96,0.20019,0.2,0.00015706,0.00094047
355.49,0.20019,0.2,0.00016095,0.00096372
353.04,0.2002,0.2,0.00016505,0.00098815
351.16,0.2002,0.2,0.00016853,0.0010089
349.54,0.20021,0.2,0.00017201,0.0010297
348.34,0.20021,0.2,0.00017537,0.0010498
347.73,0.20021,0.2,0.00017842,0.0010679
347.84,0.20022,0.2,0.00018091,0.0010828
348.77,0.20022,0.2,0.00018261,0.0010931
350.56,0.20022,0.2,0.00018333,0.0010974
353.18,0.20022,0.2,0.00018288,0.0010948
356.78,0.20022,0.2,0.00018099,0.0010836
361.03,0.20021,0.2,0.00017771,0.0010641
365.74,0.20021,0.2,0.00017318,0.001037
370.68,0.2002,0.2,0.00016761,0.0010039
375.5,0.20019,0.2,0.00016152,0.00096745
380.2,0.20019,0.2,0.00015503,0.00092868
384.66,0.20018,0.2,0.0001484,0.00088908
388.83,0.20017,0.2,0.00014189,0.00085016
394.35,0.20016,0.2,0.00013298,0.00079684
399.19,0.20015,0.2,0.00012497,0.00074891
403.35,0.20014,0.2,0.00011794,0.00070684
406.8,0.20013,0.2,0.00011202,0.00067139
409.23,0.20013,0.2,0.00010767,0.00064535
411.04,0.20012,0.2,0.00010413,0.00062418
412.22,0.20012,0.2,0.0001014,0.00060783
412.83,0.20012,0.2,9.9377e-05,0.00059571
412.95,0.20012,0.2,9.7941e-05,0.0005871
412.68,0.20012,0.2,9.7069e-05,0.00058188
412.07,0.20012,0.2,9.6703e-05,0.00057968
411.12,0.20012,0.2,9.6751e-05,0.00057997
409.87,0.20012,0.2,9.7129e-05,0.00058223
408.24,0.20012,0.2,9.7866e-05,0.00058664
406.22,0.20012,0.2,9.898e-05,0.0005933
403.86,0.20012,0.2,0.00010047,0.0006022
401.21,0.20012,0.2,0.00010232,0.0006133
398.42,0.20013,0.2,0.00010452,0.00062645
395.57,0.20013,0.2,0.00010701,0.00064137
392.73,0.20013,0.2,0.00010974,0.00065767
390.34,0.20013,0.2,0.00011218,0.00067226
387.94,0.20014,0.2,0.00011474,0.00068756
385.49,0.20014,0.2,0.00011742,0.00070359
382.99,0.20014,0.2,0.00012022,0.00072037
380.48,0.20015,0.2,0.00012313,0.00073773
378.01,0.20015,0.2,0.00012616,0.00075585
375.73,0.20016,0.2,0.00012927,0.00077445
373.81,0.20016,0.2,0.00013235,0.00079289
372.41,0.20016,0.2,0.00013542,0.00081125
371.92,0.20017,0.2,0.00013803,0.00082683
372.53,0.20017,0.2,0.00013991,0.00083812
374.31,0.20017,0.2,0.00014077,0.00084329
377.04,0.20017,0.2,0.00014041,0.00084113
380.65,0.20017,0.2,0.00013888,0.00083201
384.95,0.20016,0.2,0.00013624,0.00081626
389.69,0.20016,0.2,0.00013261,0.00079457
394.4,0.20015,0.2,0.00012844,0.00076966
399.08,0.20015,0.2,0.00012382,0.00074202
403.61,0.20014,0.2,0.00011896,0.00071293
407.87,0.20014,0.2,0.00011409,0.0006838
413.88,0.20013,0.2,0.00010701,0.00064141
419.1,0.20012,0.2,0.0001006,0.00060308
423.53,0.20011,0.2,9.4901e-05,0.00056893
427.15,0.20011,0.2,9.0191e-05,0.00054072
429.88,0.2001,0.2,8.6558e-05,0.00051895
431.7,0.2001,0.2,8.3782e-05,0.00050233
432.64,0.2001,0.2,8.1899e-05,0.00049104
432.8,0.2001,0.2,8.0718e-05,0.00048397
432.44,0.2001,0.2,8.011e-05,0.00048032
431.71,0.2001,0.2,7.9921e-05,0.00047919
430.62,0.2001,0.2,8.0121e-05,0.00048039
429.16,0.2001,0.2,8.0638e-05,0.00048348
427.27,0.2001,0.2,8.1435e-05,0.00048825
424.93,0.2001,0.2,8.2575e-05,0.00049508
422.16,0.2001,0.2,8.4075e-05,0.00050406
419.08,0.2001,0.2,8.5925e-05,0.00051513
415.8,0.20011,0.2,8.8103e-05,0.00052817
412.47,0.20011,0.2,9.0556e-05,0.00054285
409.16,0.20011,0.2,9.3245e-05,0.00055896
405.87,0.20012,0.2,9.6098e-05,0.00057603
402.52,0.20012,0.2,9.9058e-05,0.00059375
399.08,0.20012,0.2,0.00010221,0.00061262
395.61,0.20013,0.2,0.00010559,0.00063283
392.32,0.20013,0.2,0.00010911,0.00065387
390.19,0.20013,0.2,0.00011172,0.00066948
388.56,0.20014,0.2,0.00011422,0.00068447
387.6,0.20014,0.2,0.00011648,0.00069801
387.47,0.20014,0.2,0.00011832,0.00070899
388.23,0.20014,0.2,0.00011948,0.00071598
389.89,0.20014,0.2,0.00011994,0.00071874
392.39,0.20014,0.2,0.00011961,0.00071678
395.64,0.20014,0.2,0.00011844,0.00070977
399.97,0.20014,0.2,0.00011614,0.00069605
404.76,0.20014,0.2,0.00011298,0.00067713
409.73,0.20013,0.2,0.00010916,0.00065428
414.65,0.20013,0.2,0.00010495,0.00062909
419.21,0.20012,0.2,0.00010077,0.00060406
423.46,0.20012,0.2,9.6641e-05,0.00057936
427.35,0.20011,0.2,9.2683e-05,0.00055565
430.87,0.20011,0.2,8.9025e-05,0.00053374
434.3,0.2001,0.2,8.5446e-05,0.0005123
437.32,0.2001,0.2,8.2292e-05,0.00049341
439.9,0.2001,0.2,7.9572e-05,0.00047711
442.02,0.20009,0.2,7.726e-05,0.00046326
443.92,0.20009,0.2,7.4967e-05,0.00044952
445.09,0.20009,0.2,7.3244e-05,0.0004392
445.57,0.20009,0.2,7.2095e-05,0.00043231
445.46,0.20009,0.2,7.1415e-05,0.00042823
444.89,0.20009,0.2,7.1085e-05,0.00042626
443.92,0.20009,0.2,7.1121e-05,0.00042647
442.57,0.20009,0.2,7.1509e-05,0.00042879
440.81,0.20009,0.2,7.2177e-05,0.0004328
438.62,0.20009,0.2,7.3084e-05,0.00043822
435.97,0.20009,0.2,7.4306e-05,0.00044554
432.91,0.20009,0.2,7.5855e-05,0.00045482
429.55,0.20009,0.2,7.7721e-05,0.000466
426.06,0.2001,0.2,7.9848e-05,0.00047873
422.56,0.2001,0.2,8.2207e-05,0.00049287
419.08,0.2001,0.2,8.4777e-05,0.00050825
415.61,0.2001,0.2,8.7485e-05,0.00052447
412.15,0.20011,0.2,9.0213e-05,0.0005408
408.6,0.20011,0.2,9.3119e-05,0.00055819
405.07,0.20012,0.2,9.6219e-05,0.00057675
401.79,0.20012,0.2,9.9419e-05,0.00059591
399.72,0.20012,0.2,0.00010179,0.00061008
398.2,0.20012,0.2,0.00010402,0.00062344
397.4,0.20013,0.2,0.00010599,0.00063522
397.47,0.20013,0.2,0.00010752,0.00064438
398.45,0.20013,0.2,0.00010841,0.00064973
400.34,0.20013,0.2,0.00010861,0.00065094
403.07,0.20013,0.2,0.00010807,0.00064772
406.51,0.20013,0.2,0.00010675,0.00063986
411.16,0.20013,0.2,0.00010432,0.00062534
416.19,0.20012,0.2,0.00010112,0.00060618
421.31,0.20012,0.2,9.7375e-05,0.00058374
426.27,0.20011,0.2,9.3377e-05,0.00055981
430.79,0.20011,0.2,8.9533e-05,0.00053679
434.94,0.2001,0.2,8.5835e-05,0.00051463
438.68,0.2001,0.2,8.236e-05,0.00049382
442.02,0.2001,0.2,7.9221e-05,0.00047501
445.08,0.20009,0.2,7.6351e-05,0.00045782
447.72,0.20009,0.2,7.386e-05,0.00044289
449.92,0.20009,0.2,7.1754e-05,0.00043028
451.63,0.20008,0.2,7.0003e-05,0.00041978
452.94,0.20008,0.2,6.8429e-05,0.00041034
453.64,0.20008,0.2,6.7277e-05,0.00040344
453.79,0.20008,0.2,6.6538e-05,0.00039901
453.45,0.20008,0.2,6.6148e-05,0.00039667
452.73,0.20008,0.2,6.6028e-05,0.00039595
451.67,0.20008,0.2,6.6187e-05,0.00039691
450.27,0.20008,0.2,6.6616e-05,0.00039948
448.5,0.20008,0.2,6.7271e-05,0.0004034
446.27,0.20008,0.2,6.816e-05,0.00040872
443.59,0.20008,0.2,6.9323e-05,0.00041569
440.52,0.20008,0.2,7.0774e-05,0.00042438
437.17,0.20009,0.2,7.2504e-05,0.00043475
433.55,0.20009,0.2,7.4538e-05,0.00044693
429.91,0.20009,0.2,7.6798e-05,0.00046047
426.3,0.2001,0.2,7.9265e-05,0.00047524
422.7,0.2001,0.2,8.1863e-05,0.0004908
419.07,0.2001,0.2,8.45e-05,0.00050659
415.36,0.2001,0.2,8.7314e-05,0.00052345
411.65,0.20011,0.2,9.0328e-05,0.00054149
408.23,0.20011,0.2,9.3436e-05,0.00056009
406.09,0.20011,0.2,9.5701e-05,0.00057365
404.53,0.20012,0.2,9.7829e-05,0.00058639
403.73,0.20012,0.2,9.9693e-05,0.00059756
403.83,0.20012,0.2,0.00010112,0.00060611
404.85,0.20012,0.2,0.00010192,0.00061088
406.79,0.20012,0.2,0.00010205,0.00061168
409.57,0.20012,0.2,0.00010148,0.00060827
413.05,0.20012,0.2,0.00010018,0.00060049
417.62,0.20012,0.2,9.7885e-05,0.00058679
422.53,0.20011,0.2,9.4916e-05,0.00056901
427.51,0.20011,0.2,9.147e-05,0.00054838
432.33,0.20011,0.2,8.782e-05,0.00052652
436.82,0.2001,0.2,8.4241e-05,0.00050509
440.93,0.2001,0.2,8.0811e-05,0.00048454
444.63,0.20009,0.2,7.7598e-05,0.00046529
447.91,0.20009,0.2,7.4709e-05,0.00044798
450.9,0.20009,0.2,7.2101e-05,0.00043236
453.46,0.20008,0.2,6.9847e-05,0.00041885
455.56,0.20008,0.2,6.7954e-05,0.0004075
457.18,0.20008,0.2,6.6389e-05,0.00039812
458.37,0.20008,0.2,6.5004e-05,0.00038982
458.97,0.20008,0.2,6.4008e-05,0.00038385
459.02,0.20008,0.2,6.3392e-05,0.00038016
458.6,0.20008,0.2,6.3095e-05,0.00037838
457.8,0.20008,0.2,6.3046e-05,0.00037808
456.67,0.20008,0.2,6.3253e-05,0.00037932
455.21,0.20008,0.2,6.371e-05,0.00038206
453.38,0.20008,0.2,6.4377e-05,0.00038606
451.09,0.20008,0.2,6.5262e-05,0.00039136
448.36,0.20008,0.2,6.6405e-05,0.00039821
445.25,0.20008,0.2,6.7818e-05,0.00040667
441.85,0.20008,0.2,6.9494e-05,0.00041671
438.19,0.20009,0.2,7.1461e-05,0.0004285
434.5,0.20009,0.2,7.3641e-05,0.00044156
430.85,0.20009,0.2,7.602e-05,0.00045581
427.2,0.20009,0.2,7.8523e-05,0.0004708
423.51,0.2001,0.2,8.108e-05,0.00048611
419.72,0.2001,0.2,8.3809e-05,0.00050246
415.94,0.2001,0.2,8.6736e-05,0.00051998
412.44,0.20011,0.2,8.9754e-05,0.00053805
410.26,0.20011,0.2,9.1945e-05,0.00055117
408.65,0.20011,0.2,9.4004e-05,0.0005635
407.81,0.20011,0.2,9.5812e-05,0.00057433
407.85,0.20012,0.2,9.72e-05,0.00058264
408.84,0.20012,0.2,9.7981e-05,0.00058732
410.74,0.20012,0.2,9.8122e-05,0.00058818
413.49,0.20012,0.2,9.7587e-05,0.00058498
416.93,0.20012,0.2,9.6353e-05,0.00057761
421.47,0.20011,0.2,9.417e-05,0.00056455
426.35,0.20011,0.2,9.1338e-05,0.00054759
431.3,0.20011,0.2,8.8049e-05,0.0005279
436.09,0.2001,0.2,8.457e-05,0.00050706
440.55,0.2001,0.2,8.1165e-05,0.00048666
444.63,0.20009,0.2,7.7907e-05,0.00046714
448.29,0.20009,0.2,7.4855e-05,0.00044886
451.54,0.20009,0.2,7.2116e-05,0.00043245
454.49,0.20008,0.2,6.9651e-05,0.00041767
457.01,0.20008,0.2,6.7523e-05,0.00040492
459.08,0.20008,0.2,6.5741e-05,0.00039424
460.66,0.20008,0.2,6.4272e-05,0.00038544
461.81,0.20008,0.2,6.2978e-05,0.00037768
462.36,0.20007,0.2,6.2056e-05,0.00037215
462.37,0.20007,0.2,6.1497e-05,0.0003688
461.91,0.20007,0.2,6.1243e-05,0.00036728
461.07,0.20007,0.2,6.1226e-05,0.00036718
459.9,0.20007,0.2,6.1455e-05,0.00036855
458.4,0.20007,0.2,6.1924e-05,0.00037136
456.53,0.20008,0.2,6.2595e-05,0.00037538
454.2,0.20008,0.2,6.3476e-05,0.00038066
451.44,0.20008,0.2,6.4608e-05,0.00038744
448.29,0.20008,0.2,6.6e-05,0.00039578
444.86,0.20008,0.2,6.7647e-05,0.00040565
441.15,0.20008,0.2,6.9576e-05,0.0004172
437.43,0.20009,0.2,7.1711e-05,0.00043
433.74,0.20009,0.2,7.4043e-05,0.00044396
430.06,0.20009,0.2,7.6493e-05,0.00045864
426.32,0.20009,0.2,7.8997e-05,0.00047364
422.49,0.2001,0.2,8.167e-05,0.00048965
418.67,0.2001,0.2,8.4539e-05,0.00050683
415.13,0.2001,0.2,8.7497e-05,0.00052454
412.92,0.20011,0.2,8.9644e-05,0.00053739
411.29,0.20011,0.2,9.1662e-05,0.00054948
410.42,0.20011,0.2,9.3435e-05,0.0005601
410.44,0.20011,0.2,9.4798e-05,0.00056826
411.41,0.20011,0.2,9.5564e-05,0.00057286
413.29,0.20011,0.2,9.5705e-05,0.00057371
416.02,0.20011,0.2,9.5188e-05,0.00057062
419.45,0.20011,0.2,9.3988e-05,0.00056345
423.97,0.20011,0.2,9.1869e-05,0.00055077
428.83,0.20011,0.2,8.9121e-05,0.00053431
433.75,0.2001,0.2,8.5931e-05,0.00051521
438.51,0.2001,0.2,8.2559e-05,0.00049501
442.95,0.2001,0.2,7.926e-05,0.00047525
447.01,0.20009,0.2,7.6105e-05,0.00045634
450.65,0.20009,0.2,7.3152e-05,0.00043865
453.88,0.20008,0.2,7.0504e-05,0.00042279
456.81,0.20008,0.2,6.8127e-05,0.00040854
459.3,0.20008,0.2,6.6077e-05,0.00039626
461.34,0.20008,0.2,6.4364e-05,0.00038599
462.89,0.20008,0.2,6.2955e-05,0.00037755
464.02,0.20007,0.2,6.1719e-05,0.00037013
464.54,0.20007,0.2,6.0843e-05,0.00036489
464.51,0.20007,0.2,6.032e-05,0.00036175
464.02,0.20007,0.2,6.0094e-05,0.00036039
463.16,0.20007,0.2,6.0097e-05,0.00036041
461.97,0.20007,0.2,6.0339e-05,0.00036186
460.44,0.20007,0.2,6.0816e-05,0.00036472
458.55,0.20007,0.2,6.149e-05,0.00036875
456.19,0.20007,0.2,6.2368e-05,0.00037402
453.4,0.20008,0.2,6.3491e-05,0.00038075
450.23,0.20008,0.2,6.487e-05,0.00038901
446.78,0.20008,0.2,6.6499e-05,0.00039877
443.05,0.20008,0.2,6.8402e-05,0.00041017
439.31,0.20008,0.2,7.0509e-05,0.00042279
435.6,0.20009,0.2,7.2809e-05,0.00043658
431.89,0.20009,0.2,7.5226e-05,0.00045105
428.13,0.20009,0.2,7.7696e-05,0.00046585
424.27,0.2001,0.2,8.0335e-05,0.00048165
420.42,0.2001,0.2,8.3167e-05,0.00049861
416.86,0.2001,0.2,8.6087e-05,0.0005161
414.62,0.20011,0.2,8.8206e-05,0.00052879
412.97,0.20011,0.2,9.0199e-05,0.00054072
412.08,0.20011,0.2,9.1951e-05,0.00055121
412.09,0.20011,0.2,9.3297e-05,0.00055928
413.05,0.20011,0.2,9.4055e-05,0.00056382
414.92,0.20011,0.2,9.4197e-05,0.00056468
417.64,0.20011,0.2,9.3692e-05,0.00056166
421.06,0.20011,0.2,9.2515e-05,0.00055463
425.56,0.20011,0.2,9.0437e-05,0.00054219
430.41,0.20011,0.2,8.7741e-05,0.00052604
435.31,0.2001,0.2,8.4611e-05,0.0005073
440.05,0.2001,0.2,8.1306e-05,0.00048751
444.49,0.20009,0.2,7.8073e-05,0.00046814
448.53,0.20009,0.2,7.4982e-05,0.00044962
452.16,0.20009,0.2,7.209e-05,0.00043229
455.38,0.20008,0.2,6.9499e-05,0.00041676
458.29,0.20008,0.2,6.7176e-05,0.00040284
460.77,0.20008,0.2,6.5175e-05,0.00039085
462.79,0.20008,0.2,6.3505e-05,0.00038084
464.32,0.20007,0.2,6.2133e-05,0.00037261
465.43,0.20007,0.2,6.0931e-05,0.00036541
465.93,0.20007,0.2,6.0084e-05,0.00036033
465.88,0.20007,0.2,5.9583e-05,0.00035733
465.38,0.20007,0.2,5.9373e-05,0.00035607
464.5,0.20007,0.2,5.9389e-05,0.00035616
463.29,0.20007,0.2,5.9638e-05,0.00035766
461.75,0.20007,0.2,6.012e-05,0.00036054
459.84,0.20007,0.2,6.0795e-05,0.00036459
457.47,0.20007,0.2,6.1671e-05,0.00036984
454.66,0.20008,0.2,6.2789e-05,0.00037654
451.47,0.20008,0.2,6.416e-05,0.00038475
448.01,0.20008,0.2,6.5776e-05,0.00039444
444.27,0.20008,0.2,6.7664e-05,0.00040575
440.51,0.20008,0.2,6.9753e-05,0.00041826
436.78,0.20009,0.2,7.2034e-05,0.00043193
433.06,0.20009,0.2,7.4429e-05,0.00044627
429.28,0.20009,0.2,7.6878e-05,0.00046094
425.41,0.2001,0.2,7.9494e-05,0.00047662
421.54,0.2001,0.2,8.2303e-05,0.00049344
417.96,0.2001,0.2,8.52e-05,0.00051078
415.72,0.2001,0.2,8.7301e-05,0.00052337
414.05,0.20011,0.2,8.9278e-05,0.0005352
413.15,0.20011,0.2,9.1016e-05,0.00054561
413.15,0.20011,0.2,9.2352e-05,0.00055362
414.1,0.20011,0.2,9.3104e-05,0.00055813
415.96,0.20011,0.2,9.3248e-05,0.000559
418.68,0.20011,0.2,9.2749e-05,0.00055602
422.09,0.20011,0.2,9.1587e-05,0.00054907
426.58,0.20011,0.2,8.9534e-05,0.00053678
431.42,0.2001,0.2,8.6871e-05,0.00052083
436.31,0.2001,0.2,8.3779e-05,0.00050232
441.05,0.2001,0.2,8.0516e-05,0.00048277
445.47,0.20009,0.2,7.7324e-05,0.00046365
449.51,0.20009,0.2,7.4274e-05,0.00044538
453.13,0.20009,0.2,7.1421e-05,0.00042828
456.34,0.20008,0.2,6.8865e-05,0.00041297
459.23,0.20008,0.2,6.6577e-05,0.00039925
461.7,0.20008,0.2,6.4606e-05,0.00038744
463.71,0.20008,0.2,6.2962e-05,0.00037759
465.24,0.20007,0.2,6.1613e-05,0.0003695
466.33,0.20007,0.2,6.0433e-05,0.00036243
466.82,0.20007,0.2,5.9604e-05,0.00035746
466.76,0.20007,0.2,5.9117e-05,0.00035454
466.25,0.20007,0.2,5.8918e-05,0.00035334
465.36,0.20007,0.2,5.8941e-05,0.00035348
464.14,0.20007,0.2,5.9195e-05,0.000355
462.58,0.20007,0.2,5.9679e-05,0.0003579
460.67,0.20007,0.2,6.0355e-05,0.00036195
458.29,0.20007,0.2,6.123e-05,0.0003672
455.47,0.20007,0.2,6.2345e-05,0.00037388
452.27,0.20008,0.2,6.371e-05,0.00038206
448.79,0.20008,0.2,6.5319e-05,0.0003917
445.05,0.20008,0.2,6.7196e-05,0.00040295
441.28,0.20008,0.2,6.9274e-05,0.00041539
437.54,0.20009,0.2,7.1542e-05,0.00042898
433.81,0.20009,0.2,7.3924e-05,0.00044325
430.02,0.20009,0.2,7.6359e-05,0.00045784
426.14,0.20009,0.2,7.8962e-05,0.00047343
422.26,0.2001,0.2,8.1756e-05,0.00049016
418.67,0.2001,0.2,8.4638e-05,0.00050742
416.41,0.2001,0.2,8.6728e-05,0.00051994
414.75,0.20011,0.2,8.8694e-05,0.00053171
413.84,0.20011,0.2,9.0423e-05,0.00054207
413.83,0.20011,0.2,9.1753e-05,0.00055003
414.77,0.20011,0.2,9.2502e-05,0.00055453
416.63,0.20011,0.2,9.2646e-05,0.00055539
419.34,0.20011,0.2,9.2152e-05,0.00055244
422.75,0.20011,0.2,9.0999e-05,0.00054555
427.24,0.20011,0.2,8.8961e-05,0.00053335
432.06,0.2001,0.2,8.6319e-05,0.00051753
436.95,0.2001,0.2,8.3252e-05,0.00049916
441.68,0.2001,0.2,8.0016e-05,0.00047978
446.1,0.20009,0.2,7.685e-05,0.00046081
450.13,0.20009,0.2,7.3825e-05,0.00044269
453.74,0.20009,0.2,7.0996e-05,0.00042574
456.95,0.20008,0.2,6.8464e-05,0.00041056
459.84,0.20008,0.2,6.6196e-05,0.00039697
462.3,0.20008,0.2,6.4245e-05,0.00038527
464.31,0.20008,0.2,6.2618e-05,0.00037552
465.83,0.20007,0.2,6.1283e-05,0.00036752
466.91,0.20007,0.2,6.0118e-05,0.00036054
467.39,0.20007,0.2,5.9299e-05,0.00035563
467.33,0.20007,0.2,5.8821e-05,0.00035276
466.8,0.20007,0.2,5.8628e-05,0.00035161
465.91,0.20007,0.2,5.8656e-05,0.00035177
464.68,0.20007,0.2,5.8913e-05,0.00035332
463.12,0.20007,0.2,5.9399e-05,0.00035623
461.19,0.20007,0.2,6.0075e-05,0.00036028
458.81,0.20007,0.2,6.0949e-05,0.00036552
455.99,0.20007,0.2,6.2062e-05,0.00037218
452.78,0.20008,0.2,6.3424e-05,0.00038034
449.3,0.20008,0.2,6.5028e-05,0.00038996
445.54,0.20008,0.2,6.6899e-05,0.00040117
441.77,0.20008,0.2,6.8969e-05,0.00041357
438.03,0.20009,0.2,7.123e-05,0.00042711
434.3,0.20009,0.2,7.3603e-05,0.00044133
430.5,0.20009,0.2,7.603e-05,0.00045587
426.6,0.20009,0.2,7.8623e-05,0.0004714
422.72,0.2001,0.2,8.1408e-05,0.00048808
419.12,0.2001,0.2,8.428e-05,0.00050528
416.86,0.2001,0.2,8.6363e-05,0.00051775
415.19,0.20011,0.2,8.8323e-05,0.00052949
414.28,0.20011,0.2,9.0046e-05,0.00053981
414.26,0.20011,0.2,9.1372e-05,0.00054775
415.2,0.20011,0.2,9.2119e-05,0.00055223
417.06,0.20011,0.2,9.2263e-05,0.0005531
419.77,0.20011,0.2,9.1772e-05,0.00055017
423.17,0.20011,0.2,9.0625e-05,0.00054331
427.65,0.20011,0.2,8.8598e-05,0.00053117
432.48,0.2001,0.2,8.5969e-05,0.00051543
437.36,0.2001,0.2,8.2917e-05,0.00049716
442.09,0.2001,0.2,7.9697e-05,0.00047787
446.5,0.20009,0.2,7.6548e-05,0.000459
450.53,0.20009,0.2,7.354e-05,0.00044098
454.14,0.20008,0.2,7.0726e-05,0.00042412
457.34,0.20008,0.2,6.8208e-05,0.00040903
460.23,0.20008,0.2,6.5954e-05,0.00039552
462.69,0.20008,0.2,6.4015e-05,0.0003839
464.69,0.20007,0.2,6.2399e-05,0.00037421
466.2,0.20007,0.2,6.1074e-05,0.00036627
467.28,0.20007,0.2,5.9917e-05,0.00035933
467.75,0.20007,0.2,5.9105e-05,0.00035447
467.69,0.20007,0.2,5.8632e-05,0.00035163
467.16,0.20007,0.2,5.8444e-05,0.0003505
466.26,0.20007,0.2,5.8475e-05,0.00035069
465.03,0.20007,0.2,5.8734e-05,0.00035224
463.46,0.20007,0.2,5.9221e-05,0.00035516
461.53,0.20007,0.2,5.9897e-05,0.00035921
459.14,0.20007,0.2,6.0771e-05,0.00036445
456.32,0.20007,0.2,6.1882e-05,0.00037111
453.11,0.20008,0.2,6.3242e-05,0.00037925
449.62,0.20008,0.2,6.4843e-05,0.00038885
445.86,0.20008,0.2,6.671e-05,0.00040003
442.09,0.20008,0.2,6.8775e-05,0.00041241
438.34,0.20009,0.2,7.1031e-05,0.00042592
434.6,0.20009,0.2,7.3398e-05,0.0004401
430.8,0.20009,0.2,7.582e-05,0.00045461
426.9,0.20009,0.2,7.8407e-05,0.0004701
423.02,0.2001,0.2,8.1186e-05,0.00048675
419.41,0.2001,0.2,8.4052e-05,0.00050391
417.15,0.2001,0.2,8.6131e-05,0.00051636
415.47,0.20011,0.2,8.8086e-05,0.00052807
414.56,0.20011,0.2,8.9806e-05,0.00053837
414.54,0.20011,0.2,9.1129e-05,0.0005463
415.48,0.20011,0.2,9.1875e-05,0.00055077
417.33,0.20011,0.2,9.2019e-05,0.00055164
420.04,0.20011,0.2,9.153e-05,0.00054872
423.44,0.20011,0.2,9.0386e-05,0.00054188
427.92,0.20011,0.2,8.8366e-05,0.00052978
432.74,0.2001,0.2,8.5745e-05,0.00051409
437.63,0.2001,0.2,8.2704e-05,0.00049588
442.35,0.2001,0.2,7.9494e-05,0.00047665
446.76,0.20009,0.2,7.6356e-05,0.00045785
450.78,0.20009,0.2,7.3358e-05,0.00043989
454.39,0.20008,0.2,7.0554e-05,0.00042309
457.59,0.20008,0.2,6.8045e-05,0.00040805
460.48,0.20008,0.2,6.58e-05,0.0003946
462.93,0.20008,0.2,6.3868e-05,0.00038302
464.93,0.20007,0.2,6.2259e-05,0.00037337
466.44,0.20007,0.2,6.094e-05,0.00036546
467.51,0.20007,0.2,5.9788e-05,0.00035856
467.99,0.20007,0.2,5.8982e-05,0.00035373
467.92,0.20007,0.2,5.8512e-05,0.00035091
467.39,0.20007,0.2,5.8326e-05,0.0003498
466.48,0.20007,0.2,5.8359e-05,0.00034999
465.25,0.20007,0.2,5.862e-05,0.00035155
463.68,0.20007,0.2,5.9107e-05,0.00035448
461.75,0.20007,0.2,5.9784e-05,0.00035853
459.36,0.20007,0.2,6.0657e-05,0.00036376
456.53,0.20007,0.2,6.1767e-05,0.00037042
453.31,0.20008,0.2,6.3125e-05,0.00037855
449.83,0.20008,0.2,6.4725e-05,0.00038814
446.07,0.20008,0.2,6.6589e-05,0.00039931
442.29,0.20008,0.2,6.8651e-05,0.00041166
438.54,0.20009,0.2,7.0903e-05,0.00042516
434.8,0.20009,0.2,7.3267e-05,0.00043932
430.99,0.20009,0.2,7.5686e-05,0.0004538
427.09,0.20009,0.2,7.8269e-05,0.00046928
423.2,0.2001,0.2,8.1045e-05,0.0004859
419.6,0.2001,0.2,8.3907e-05,0.00050304
417.33,0.2001,0.2,8.5982e-05,0.00051547
415.65,0.20011,0.2,8.7935e-05,0.00052716
414.74,0.20011,0.2,8.9652e-05,0.00053745
414.72,0.20011,0.2,9.0974e-05,0.00054537
415.65,0.20011,0.2,9.1719e-05,0.00054984
417.51,0.20011,0.2,9.1863e-05,0.00055071
420.21,0.20011,0.2,9.1375e-05,0.00054779
423.61,0.20011,0.2,9.0234e-05,0.00054097
428.09,0.20011,0.2,8.8217e-05,0.0005289
432.91,0.2001,0.2,8.5603e-05,0.00051324
437.8,0.2001,0.2,8.2567e-05,0.00049506
442.51,0.2001,0.2,7.9365e-05,0.00047588
446.93,0.20009,0.2,7.6233e-05,0.00045711
450.95,0.20009,0.2,7.3242e-05,0.00043919
454.56,0.20008,0.2,7.0444e-05,0.00042243
457.75,0.20008,0.2,6.7941e-05,0.00040743
460.64,0.20008,0.2,6.5702e-05,0.00039401
463.09,0.20008,0.2,6.3775e-05,0.00038246
465.09,0.20007,0.2,6.217e-05,0.00037284
466.6,0.20007,0.2,6.0854e-05,0.00036495
467.67,0.20007,0.2,5.9706e-05,0.00035807
468.14,0.20007,0.2,5.8903e-05,0.00035325
468.07,0.20007,0.2,5.8435e-05,0.00035045
467.53,0.20007,0.2,5.8251e-05,0.00034935
466.63,0.20007,0.2,5.8285e-05,0.00034955
465.39,0.20007,0.2,5.8546e-05,0.00035112
463.82,0.20007,0.2,5.9034e-05,0.00035404
461.89,0.20007,0.2,5.9711e-05,0.0003581
459.49,0.20007,0.2,6.0584e-05,0.00036333
456.66,0.20007,0.2,6.1694e-05,0.00036998
453.45,0.20008,0.2,6.3051e-05,0.00037811
449.96,0.20008,0.2,6.4649e-05,0.00038768
446.2,0.20008,0.2,6.6512e-05,0.00039884
442.42,0.20008,0.2,6.8572e-05,0.00041119
438.67,0.20008,0.2,7.0822e-05,0.00042467
434.93,0.20009,0.2,7.3184e-05,0.00043882
431.12,0.20009,0.2,7.56e-05,0.00045329
427.22,0.20009,0.2,7.8181e-05,0.00046875
423.32,0.2001,0.2,8.0954e-05,0.00048536
419.71,0.2001,0.2,8.3813e-05,0.00050248
417.45,0.2001,0.2,8.5887e-05,0.0005149
415.77,0.20011,0.2,8.7838e-05,0.00052658
414.85,0.20011,0.2,8.9554e-05,0.00053686
414.83,0.20011,0.2,9.0874e-05,0.00054477
415.76,0.20011,0.2,9.1619e-05,0.00054924
417.62,0.20011,0.2,9.1763e-05,0.00055011
420.32,0.20011,0.2,9.1276e-05,0.0005472
423.72,0.20011,0.2,9.0137e-05,0.00054038
428.2,0.20011,0.2,8.8123e-05,0.00052833
433.02,0.2001,0.2,8.5511e-05,0.00051269
437.9,0.2001,0.2,8.248e-05,0.00049454
442.62,0.2001,0.2,7.9282e-05,0.00047538
447.03,0.20009,0.2,7.6154e-05,0.00045664
451.05,0.20009,0.2,7.3168e-05,0.00043875
454.66,0.20008,0.2,7.0374e-05,0.00042201
457.86,0.20008,0.2,6.7874e-05,0.00040703
460.74,0.20008,0.2,6.5639e-05,0.00039363
463.19,0.20008,0.2,6.3715e-05,0.0003821
465.19,0.20007,0.2,6.2113e-05,0.0003725
466.69,0.20007,0.2,6.08e-05,0.00036462
467.76,0.20007,0.2,5.9654e-05,0.00035776
468.23,0.20007,0.2,5.8852e-05,0.00035295
468.16,0.20007,0.2,5.8386e-05,0.00035016
467.63,0.20007,0.2,5.8203e-05,0.00034906
466.72,0.20007,0.2,5.8238e-05,0.00034927
465.48,0.20007,0.2,5.85e-05,0.00035084
463.91,0.20007,0.2,5.8988e-05,0.00035376
461.98,0.20007,0.2,5.9665e-05,0.00035782
459.58,0.20007,0.2,6.0537e-05,0.00036305
456.75,0.20007,0.2,6.1647e-05,0.0003697
453.53,0.20008,0.2,6.3003e-05,0.00037782
450.04,0.20008,0.2,6.4601e-05,0.00038739
446.28,0.20008,0.2,6.6462e-05,0.00039855
442.5,0.20008,0.2,6.8521e-05,0.00041089
438.75,0.20008,0.2,7.077e-05,0.00042436
435.01,0.20009,0.2,7.3131e-05,0.0004385
431.2,0.20009,0.2,7.5545e-05,0.00045296
427.29,0.20009,0.2,7.8125e-05,0.00046841
423.4,0.2001,0.2,8.0896e-05,0.00048501
419.79,0.2001,0.2,8.3754e-05,0.00050213
417.53,0.2001,0.2,8.5826e-05,0.00051454
415.84,0.20011,0.2,8.7776e-05,0.00052621
414.93,0.20011,0.2,8.9491e-05,0.00053649
414.91,0.20011,0.2,9.0811e-05,0.00054439
415.84,0.20011,0.2,9.1555e-05,0.00054886
417.69,0.20011,0.2,9.1699e-05,0.00054973
420.39,0.20011,0.2,9.1213e-05,0.00054682
423.8,0.20011,0.2,9.0074e-05,0.00054001
428.27,0.20011,0.2,8.8062e-05,0.00052797
433.09,0.2001,0.2,8.5453e-05,0.00051234
437.97,0.2001,0.2,8.2424e-05,0.0004942
442.69,0.2001,0.2,7.9229e-05,0.00047506
447.1,0.20009,0.2,7.6104e-05,0.00045634
451.12,0.20009,0.2,7.312e-05,0.00043846
454.73,0.20008,0.2,7.0329e-05,0.00042174
457.92,0.20008,0.2,6.7832e-05,0.00040677
460.8,0.20008,0.2,6.5598e-05,0.00039339
463.26,0.20008,0.2,6.3677e-05,0.00038187
465.25,0.20007,0.2,6.2076e-05,0.00037228
466.76,0.20007,0.2,6.0765e-05,0.00036441
467.83,0.20007,0.2,5.962e-05,0.00035756
468.29,0.20007,0.2,5.882e-05,0.00035276
468.22,0.20007,0.2,5.8355e-05,0.00034997
467.69,0.20007,0.2,5.8172e-05,0.00034887
466.78,0.20007,0.2,5.8207e-05,0.00034908
465.54,0.20007,0.2,5.847e-05,0.00035066
463.97,0.20007,0.2,5.8958e-05,0.00035358
462.04,0.20007,0.2,5.9635e-05,0.00035764
459.64,0.20007,0.2,6.0508e-05,0.00036287
456.81,0.20007,0.2,6.1617e-05,0.00036952
453.59,0.20008,0.2,6.2973e-05,0.00037764
450.1,0.20008,0.2,6.457e-05,0.00038721
446.33,0.20008,0.2,6.6431e-05,0.00039836
442.55,0.20008,0.2,6.8489e-05,0.00041069
438.8,0.20008,0.2,7.0737e-05,0.00042416
435.06,0.20009,0.2,7.3096e-05,0.00043829
431.25,0.20009,0.2,7.551e-05,0.00045275
427.34,0.20009,0.2,7.8089e-05,0.0004682
423.45,0.2001,0.2,8.0859e-05,0.00048479
419.84,0.2001,0.2,8.3716e-05,0.0005019
417.57,0.2001,0.2,8.5788e-05,0.0005143
415.89,0.20011,0.2,8.7737e-05,0.00052598
414.97,0.20011,0.2,8.9451e-05,0.00053625
414.95,0.20011,0.2,9.077e-05,0.00054415
415.88,0.20011,0.2,9.1514e-05,0.00054861
417.74,0.20011,0.2,9.1659e-05,0.00054948
420.44,0.20011,0.2,9.1173e-05,0.00054658
423.84,0.20011,0.2,9.0035e-05,0.00053977
428.32,0.20011,0.2,8.8023e-05,0.00052773
433.14,0.2001,0.2,8.5416e-05,0.00051212
438.02,0.2001,0.2,8.2388e-05,0.00049399
442.73,0.2001,0.2,7.9195e-05,0.00047486
447.14,0.20009,0.2,7.6072e-05,0.00045615
451.16,0.20009,0.2,7.309e-05,0.00043828
454.77,0.20008,0.2,7.03e-05,0.00042156
457.96,0.20008,0.2,6.7805e-05,0.00040661
460.85,0.20008,0.2,6.5573e-05,0.00039323
463.3,0.20008,0.2,6.3652e-05,0.00038172
465.29,0.20007,0.2,6.2053e-05,0.00037214
466.8,0.20007,0.2,6.0742e-05,0.00036428
467.87,0.20007,0.2,5.9599e-05,0.00035743
468.33,0.20007,0.2,5.8799e-05,0.00035263
468.26,0.20007,0.2,5.8334e-05,0.00034985
467.72,0.20007,0.2,5.8152e-05,0.00034876
466.82,0.20007,0.2,5.8188e-05,0.00034897
465.58,0.20007,0.2,5.8451e-05,0.00035054
464.01,0.20007,0.2,5.8939e-05,0.00035347
462.07,0.20007,0.2,5.9616e-05,0.00035752
459.67,0.20007,0.2,6.0488e-05,0.00036275
456.84,0.20007,0.2,6.1598e-05,0.0003694
453.62,0.20008,0.2,6.2953e-05,0.00037752
450.13,0.20008,0.2,6.455e-05,0.00038709
446.37,0.20008,0.2,6.641e-05,0.00039824
442.59,0.20008,0.2,6.8468e-05,0.00041057
438.84,0.20008,0.2,7.0716e-05,0.00042403
435.09,0.20009,0.2,7.3075e-05,0.00043816
431.28,0.20009,0.2,7.5487e-05,0.00045262
427.38,0.20009,0.2,7.8066e-05,0.00046806
423.48,0.2001,0.2,8.0836e-05,0.00048465
419.87,0.2001,0.2,8.3691e-05,0.00050175
417.6,0.2001,0.2,8.5763e-05,0.00051416
415.92,0.20011,0.2,8.7711e-05,0.00052582
415,0.20011,0.2,8.9426e-05,0.00053609
414.98,0.20011,0.2,9.0744e-05,0.000544
415.91,0.20011,0.2,9.1488e-05,0.00054846
417.77,0.20011,0.2,9.1633e-05,0.00054933
420.47,0.20011,0.2,9.1147e-05,0.00054643
423.87,0.20011,0.2,9.0009e-05,0.00053962
428.35,0.20011,0.2,8.7999e-05,0.00052759
433.17,0.2001,0.2,8.5392e-05,0.00051198
438.04,0.2001,0.2,8.2365e-05,0.00049385
442.76,0.20009,0.2,7.9173e-05,0.00047473
447.17,0.20009,0.2,7.6051e-05,0.00045603
451.19,0.20009,0.2,7.307e-05,0.00043816
454.8,0.20008,0.2,7.0282e-05,0.00042145
457.99,0.20008,0.2,6.7787e-05,0.0004065
460.87,0.20008,0.2,6.5556e-05,0.00039313
463.32,0.20008,0.2,6.3637e-05,0.00038163
465.32,0.20007,0.2,6.2038e-05,0.00037205
466.82,0.20007,0.2,6.0728e-05,0.00036419
467.89,0.20007,0.2,5.9585e-05,0.00035735
468.36,0.20007,0.2,5.8786e-05,0.00035255
468.28,0.20007,0.2,5.8322e-05,0.00034977
467.75,0.20007,0.2,5.814e-05,0.00034868
466.84,0.20007,0.2,5.8176e-05,0.00034889
465.6,0.20007,0.2,5.8438e-05,0.00035047
464.03,0.20007,0.2,5.8927e-05,0.0003534
462.09,0.20007,0.2,5.9604e-05,0.00035745
459.7,0.20007,0.2,6.0476e-05,0.00036268
456.86,0.20007,0.2,6.1585e-05,0.00036933
453.65,0.20008,0.2,6.2941e-05,0.00037745
450.16,0.20008,0.2,6.4537e-05,0.00038701
446.39,0.20008,0.2,6.6398e-05,0.00039816
442.61,0.20008,0.2,6.8455e-05,0.00041049
438.86,0.20008,0.2,7.0702e-05,0.00042395
435.11,0.20009,0.2,7.3061e-05,0.00043808
431.3,0.20009,0.2,7.5473e-05,0.00045253
427.4,0.20009,0.2,7.8051e-05,0.00046797
423.5,0.2001,0.2,8.082e-05,0.00048456
419.89,0.2001,0.2,8.3676e-05,0.00050166
417.62,0.2001,0.2,8.5747e-05,0.00051406
415.94,0.20011,0.2,8.7695e-05,0.00052573
415.02,0.20011,0.2,8.9409e-05,0.000536
415,0.20011,0.2,9.0728e-05,0.0005439
415.93,0.20011,0.2,9.1472e-05,0.00054836
417.79,0.20011,0.2,9.1616e-05,0.00054923
420.49,0.20011,0.2,9.113e-05,0.00054633
423.89,0.20011,0.2,8.9993e-05,0.00053952
428.37,0.20011,0.2,8.7983e-05,0.00052749
433.18,0.2001,0.2,8.5376e-05,0.00051188
438.06,0.2001,0.2,8.2351e-05,0.00049376
442.78,0.20009,0.2,7.9159e-05,0.00047464
447.19,0.20009,0.2,7.6038e-05,0.00045595
451.21,0.20009,0.2,7.3058e-05,0.00043809
454.81,0.20008,0.2,7.027e-05,0.00042138
458.01,0.20008,0.2,6.7776e-05,0.00040644
460.89,0.20008,0.2,6.5545e-05,0.00039307
463.34,0.20008,0.2,6.3627e-05,0.00038157
465.33,0.20007,0.2,6.2028e-05,0.00037199
466.84,0.20007,0.2,6.0719e-05,0.00036414
467.91,0.20007,0.2,5.9576e-05,0.00035729
468.38,0.20007,0.2,5.8777e-05,0.0003525
468.3,0.20007,0.2,5.8313e-05,0.00034972
467.76,0.20007,0.2,5.8132e-05,0.00034863
466.86,0.20007,0.2,5.8168e-05,0.00034885
465.62,0.20007,0.2,5.843e-05,0.00035042
464.05,0.20007,0.2,5.8919e-05,0.00035335
462.11,0.20007,0.2,5.9596e-05,0.00035741
459.71,0.20007,0.2,6.0468e-05,0.00036263
456.88,0.20007,0.2,6.1577e-05,0.00036928
453.66,0.20008,0.2,6.2933e-05,0.0003774
450.17,0.20008,0.2,6.4529e-05,0.00038697
446.41,0.20008,0.2,6.6389e-05,0.00039811
442.62,0.20008,0.2,6.8446e-05,0.00041044
438.87,0.20008,0.2,7.0693e-05,0.0004239
435.13,0.20009,0.2,7.3052e-05,0.00043803
431.32,0.20009,0.2,7.5464e-05,0.00045247
427.41,0.20009,0.2,7.8042e-05,0.00046791
423.52,0.2001,0.2,8.0811e-05,0.0004845
419.9,0.2001,0.2,8.3666e-05,0.0005016
417.64,0.2001,0.2,8.5737e-05,0.000514
415.95,0.20011,0.2,8.7685e-05,0.00052567
415.04,0.20011,0.2,8.9399e-05,0.00053593
415.02,0.20011,0.2,9.0717e-05,0.00054383
415.94,0.20011,0.2,9.1461e-05,0.00054829
417.8,0.20011,0.2,9.1605e-05,0.00054916
420.5,0.20011,0.2,9.112e-05,0.00054626
423.9,0.20011,0.2,8.9982e-05,0.00053946
428.38,0.20011,0.2,8.7973e-05,0.00052743
433.2,0.2001,0.2,8.5367e-05,0.00051183
438.07,0.2001,0.2,8.2341e-05,0.00049371
442.79,0.20009,0.2,7.915e-05,0.00047459
447.2,0.20009,0.2,7.603e-05,0.0004559
451.22,0.20009,0.2,7.305e-05,0.00043804
454.83,0.20008,0.2,7.0262e-05,0.00042134
458.02,0.20008,0.2,6.7769e-05,0.00040639
460.9,0.20008,0.2,6.5539e-05,0.00039303
463.35,0.20008,0.2,6.362e-05,0.00038153
465.34,0.20007,0.2,6.2022e-05,0.00037195
466.85,0.20007,0.2,6.0713e-05,0.0003641
467.92,0.20007,0.2,5.9571e-05,0.00035726
468.39,0.20007,0.2,5.8772e-05,0.00035247
468.31,0.20007,0.2,5.8308e-05,0.00034969
467.77,0.20007,0.2,5.8127e-05,0.0003486
466.87,0.20007,0.2,5.8163e-05,0.00034882
465.63,0.20007,0.2,5.8425e-05,0.00035039
464.06,0.20007,0.2,5.8914e-05,0.00035332
462.12,0.20007,0.2,5.9591e-05,0.00035738
459.72,0.20007,0.2,6.0463e-05,0.0003626
456.89,0.20007,0.2,6.1572e-05,0.00036925
453.67,0.20008,0.2,6.2928e-05,0.00037737
450.18,0.20008,0.2,6.4524e-05,0.00038693
446.41,0.20008,0.2,6.6384e-05,0.00039808
442.63,0.20008,0.2,6.8441e-05,0.0004104
438.88,0.20008,0.2,7.0688e-05,0.00042386
435.14,0.20009,0.2,7.3046e-05,0.00043799
431.32,0.20009,0.2,7.5458e-05,0.00045244
427.42,0.20009,0.2,7.8036e-05,0.00046788
423.52,0.2001,0.2,8.0804e-05,0.00048446
419.91,0.2001,0.2,8.3659e-05,0.00050156
417.64,0.2001,0.2,8.573e-05,0.00051396
415.96,0.20011,0.2,8.7678e-05,0.00052563
415.04,0.20011,0.2,8.9392e-05,0.00053589
415.02,0.20011,0.2,9.071e-05,0.00054379
415.95,0.20011,0.2,9.1454e-05,0.00054825
417.81,0.20011,0.2,9.1598e-05,0.00054912
420.51,0.20011,0.2,9.1113e-05,0.00054622
423.91,0.20011,0.2,8.9976e-05,0.00053942
428.38,0.20011,0.2,8.7966e-05,0.00052739
433.2,0.2001,0.2,8.536e-05,0.00051179
438.08,0.2001,0.2,8.2335e-05,0.00049367
442.8,0.20009,0.2,7.9145e-05,0.00047456
447.21,0.20009,0.2,7.6024e-05,0.00045586
451.23,0.20009,0.2,7.3045e-05,0.00043801
454.83,0.20008,0.2,7.0258e-05,0.00042131
458.03,0.20008,0.2,6.7764e-05,0.00040637
460.91,0.20008,0.2,6.5534e-05,0.000393
463.36,0.20008,0.2,6.3616e-05,0.00038151
465.35,0.20007,0.2,6.2018e-05,0.00037193
466.86,0.20007,0.2,6.0709e-05,0.00036408
467.92,0.20007,0.2,5.9567e-05,0.00035724
468.39,0.20007,0.2,5.8768e-05,0.00035245
468.32,0.20007,0.2,5.8305e-05,0.00034967
467.78,0.20007,0.2,5.8123e-05,0.00034858
466.87,0.20007,0.2,5.8159e-05,0.0003488
465.63,0.20007,0.2,5.8422e-05,0.00035037
464.06,0.20007,0.2,5.8911e-05,0.0003533
462.13,0.20007,0.2,5.9588e-05,0.00035736
459.73,0.20007,0.2,6.046e-05,0.00036258
456.89,0.20007,0.2,6.1569e-05,0.00036923
453.68,0.20008,0.2,6.2925e-05,0.00037735
450.18,0.20008,0.2,6.4521e-05,0.00038691
446.42,0.20008,0.2,6.6381e-05,0.00039806
442.64,0.20008,0.2,6.8438e-05,0.00041038
438.89,0.20008,0.2,7.0684e-05,0.00042384
435.14,0.20009,0.2,7.3042e-05,0.00043797
431.33,0.20009,0.2,7.5454e-05,0.00045242
427.42,0.20009,0.2,7.8032e-05,0.00046786
423.53,0.2001,0.2,8.08e-05,0.00048444
419.92,0.2001,0.2,8.3655e-05,0.00050154
417.65,0.2001,0.2,8.5726e-05,0.00051394
415.97,0.20011,0.2,8.7674e-05,0.0005256
415.05,0.20011,0.2,8.9388e-05,0.00053587
415.03,0.20011,0.2,9.0706e-05,0.00054377
415.96,0.20011,0.2,9.145e-05,0.00054822
417.81,0.20011,0.2,9.1594e-05,0.0005491
420.51,0.20011,0.2,9.1109e-05,0.0005462
423.91,0.20011,0.2,8.9971e-05,0.00053939
428.39,0.20011,0.2,8.7962e-05,0.00052737
433.21,0.2001,0.2,8.5356e-05,0.00051176
438.09,0.2001,0.2,8.2332e-05,0.00049365
442.8,0.20009,0.2,7.9141e-05,0.00047454
447.21,0.20009,0.2,7.6021e-05,0.00045584
451.23,0.20009,0.2,7.3041e-05,0.00043799
454.84,0.20008,0.2,7.0255e-05,0.00042129
458.03,0.20008,0.2,6.7761e-05,0.00040635
460.91,0.20008,0.2,6.5532e-05,0.00039299
463.36,0.20008,0.2,6.3613e-05,0.00038149
465.36,0.20007,0.2,6.2016e-05,0.00037192
466.86,0.20007,0.2,6.0707e-05,0.00036407
467.93,0.20007,0.2,5.9565e-05,0.00035722
468.4,0.20007,0.2,5.8766e-05,0.00035244
468.32,0.20007,0.2,5.8302e-05,0.00034966
467.79,0.20007,0.2,5.8121e-05,0.00034857
466.88,0.20007,0.2,5.8157e-05,0.00034878
465.64,0.20007,0.2,5.842e-05,0.00035036
464.07,0.20007,0.2,5.8909e-05,0.00035329
462.13,0.20007,0.2,5.9586e-05,0.00035734
459.73,0.20007,0.2,6.0458e-05,0.00036257
456.9,0.20007,0.2,6.1567e-05,0.00036922
453.68,0.20008,0.2,6.2923e-05,0.00037734
450.19,0.20008,0.2,6.4518e-05,0.0003869
446.42,0.20008,0.2,6.6378e-05,0.00039805
442.64,0.20008,0.2,6.8435e-05,0.00041037
438.89,0.20008,0.2,7.0682e-05,0.00042383
435.15,0.20009,0.2,7.304e-05,0.00043795
431.33,0.20009,0.2,7.5452e-05,0.0004524
427.43,0.20009,0.2,7.8029e-05,0.00046784
423.53,0.2001,0.2,8.0798e-05,0.00048442
419.92,0.2001,0.2,8.3653e-05,0.00050152
417.65,0.2001,0.2,8.5723e-05,0.00051392
415.97,0.20011,0.2,8.7671e-05,0.00052558
415.05,0.20011,0.2,8.9385e-05,0.00053585
415.03,0.20011,0.2,9.0703e-05,0.00054375
415.96,0.20011,0.2,9.1447e-05,0.00054821
417.82,0.20011,0.2,9.1591e-05,0.00054908
420.52,0.20011,0.2,9.1106e-05,0.00054618
423.92,0.20011,0.2,8.9969e-05,0.00053938
428.39,0.20011,0.2,8.7959e-05,0.00052735
433.21,0.2001,0.2,8.5354e-05,0.00051175
438.09,0.2001,0.2,8.2329e-05,0.00049363
442.8,0.20009,0.2,7.9139e-05,0.00047452
447.22,0.20009,0.2,7.6019e-05,0.00045583
451.24,0.20009,0.2,7.3039e-05,0.00043798
454.84,0.20008,0.2,7.0253e-05,0.00042128
458.03,0.20008,0.2,6.7759e-05,0.00040634
460.92,0.20008,0.2,6.553e-05,0.00039298
463.36,0.20008,0.2,6.3612e-05,0.00038148
465.36,0.20007,0.2,6.2014e-05,0.00037191
466.87,0.20007,0.2,6.0705e-05,0.00036406
467.93,0.20007,0.2,5.9563e-05,0.00035722
468.4,0.20007,0.2,5.8765e-05,0.00035243
468.32,0.20007,0.2,5.8301e-05,0.00034965
467.79,0.20007,0.2,5.812e-05,0.00034856
466.88,0.20007,0.2,5.8156e-05,0.00034878
465.64,0.20007,0.2,5.8419e-05,0.00035035
464.07,0.20007,0.2,5.8908e-05,0.00035328
462.13,0.20007,0.2,5.9584e-05,0.00035734
459.73,0.20007,0.2,6.0457e-05,0.00036256
456.9,0.20007,0.2,6.1566e-05,0.00036921
453.68,0.20008,0.2,6.2921e-05,0.00037733
450.19,0.20008,0.2,6.4517e-05,0.00038689
446.43,0.20008,0.2,6.6377e-05,0.00039804
442.64,0.20008,0.2,6.8434e-05,0.00041036
438.89,0.20008,0.2,7.068e-05,0.00042382
435.15,0.20009,0.2,7.3038e-05,0.00043795
431.34,0.20009,0.2,7.545e-05,0.00045239
427.43,0.20009,0.2,7.8028e-05,0.00046783
423.54,0.2001,0.2,8.0796e-05,0.00048441
419.92,0.2001,0.2,8.3651e-05,0.00050151
417.66,0.2001,0.2,8.5722e-05,0.00051391
415.97,0.20011,0.2,8.7669e-05,0.00052557
415.05,0.20011,0.2,8.9383e-05,0.00053584
415.03,0.20011,0.2,9.0701e-05,0.00054374
415.96,0.20011,0.2,9.1445e-05,0.0005482
417.82,0.20011,0.2,9.1589e-05,0.00054907
420.52,0.20011,0.2,9.1104e-05,0.00054617
423.92,0.20011,0.2,8.9967e-05,0.00053937
428.39,0.20011,0.2,8.7957e-05,0.00052734
433.21,0.2001,0.2,8.5352e-05,0.00051174
438.09,0.2001,0.2,8.2328e-05,0.00049362
442.81,0.20009,0.2,7.9137e-05,0.00047451
447.22,0.20009,0.2,7.6017e-05,0.00045582
451.24,0.20009,0.2,7.3038e-05,0.00043797
454.84,0.20008,0.2,7.0251e-05,0.00042127
458.04,0.20008,0.2,6.7758e-05,0.00040633
460.92,0.20008,0.2,6.5529e-05,0.00039297
463.37,0.20008,0.2,6.3611e-05,0.00038147
465.36,0.20007,0.2,6.2013e-05,0.0003719
466.87,0.20007,0.2,6.0704e-05,0.00036405
467.93,0.20007,0.2,5.9562e-05,0.00035721
468.4,0.20007,0.2,5.8764e-05,0.00035242
468.33,0.20007,0.2,5.83e-05,0.00034964
467.79,0.20007,0.2,5.8119e-05,0.00034856
466.88,0.20007,0.2,5.8155e-05,0.00034877
465.64,0.20007,0.2,5.8418e-05,0.00035035
464.07,0.20007,0.2,5.8907e-05,0.00035328
462.13,0.20007,0.2,5.9584e-05,0.00035733
459.74,0.20007,0.2,6.0456e-05,0.00036256
456.9,0.20007,0.2,6.1565e-05,0.0003692
453.68,0.20008,0.2,6.292e-05,0.00037733
450.19,0.20008,0.2,6.4516e-05,0.00038689
446.43,0.20008,0.2,6.6376e-05,0.00039803
442.64,0.20008,0.2,6.8433e-05,0.00041036
438.89,0.20008,0.2,7.0679e-05,0.00042381
435.15,0.20009,0.2,7.3037e-05,0.00043794
431.34,0.20009,0.2,7.5449e-05,0.00045239
427.43,0.20009,0.2,7.8027e-05,0.00046782
423.54,0.2001,0.2,8.0795e-05,0.00048441
419.92,0.2001,0.2,8.365e-05,0.0005015
417.66,0.2001,0.2,8.572e-05,0.0005139
415.97,0.20011,0.2,8.7668e-05,0.00052557
415.05,0.20011,0.2,8.9382e-05,0.00053583
415.04,0.20011,0.2,9.07e-05,0.00054373
415.96,0.20011,0.2,9.1444e-05,0.00054819
417.82,0.20011,0.2,9.1588e-05,0.00054906
420.52,0.20011,0.2,9.1103e-05,0.00054616
423.92,0.20011,0.2,8.9966e-05,0.00053936
428.4,0.20011,0.2,8.7956e-05,0.00052733
433.21,0.2001,0.2,8.5351e-05,0.00051173
438.09,0.2001,0.2,8.2327e-05,0.00049362
442.81,0.20009,0.2,7.9136e-05,0.00047451
447.22,0.20009,0.2,7.6016e-05,0.00045582
451.24,0.20009,0.2,7.3037e-05,0.00043796
454.84,0.20008,0.2,7.025e-05,0.00042127
458.04,0.20008,0.2,6.7757e-05,0.00040633
460.92,0.20008,0.2,6.5528e-05,0.00039297
463.37,0.20008,0.2,6.361e-05,0.00038147
465.36,0.20007,0.2,6.2013e-05,0.0003719
466.87,0.20007,0.2,6.0703e-05,0.00036405
467.93,0.20007,0.2,5.9562e-05,0.00035721
468.4,0.20007,0.2,5.8763e-05,0.00035242
468.33,0.20007,0.2,5.83e-05,0.00034964
467.79,0.20007,0.2,5.8118e-05,0.00034855
466.88,0.20007,0.2,5.8154e-05,0.00034877
465.64,0.20007,0.2,5.8417e-05,0.00035034
464.07,0.20007,0.2,5.8906e-05,0.00035327
462.13,0.20007,0.2,5.9583e-05,0.00035733
459.74,0.20007,0.2,6.0455e-05,0.00036256
456.9,0.20007,0.2,6.1564e-05,0.0003692
453.69,0.20008,0.2,6.292e-05,0.00037732
450.19,0.20008,0.2,6.4516e-05,0.00038688
446.43,0.20008,0.2,6.6375e-05,0.00039803
442.65,0.20008,0.2,6.8432e-05,0.00041035
438.89,0.20008,0.2,7.0679e-05,0.00042381
435.15,0.20009,0.2,7.3037e-05,0.00043794
431.34,0.20009,0.2,7.5449e-05,0.00045238
427.43,0.20009,0.2,7.8026e-05,0.00046782
423.54,0.2001,0.2,8.0795e-05,0.0004844
419.92,0.2001,0.2,8.3649e-05,0.0005015
417.66,0.2001,0.2,8.572e-05,0.0005139
415.98,0.20011,0.2,8.7667e-05,0.00052556
415.06,0.20011,0.2,8.9381e-05,0.00053583
415.04,0.20011,0.2,9.07e-05,0.00054373
415.96,0.20011,0.2,9.1443e-05,0.00054819
417.82,0.20011,0.2,9.1587e-05,0.00054906
420.52,0.20011,0.2,9.1102e-05,0.00054616
423.92,0.20011,0.2,8.9965e-05,0.00053935
428.4,0.20011,0.2,8.7956e-05,0.00052733
433.22,0.2001,0.2,8.535e-05,0.00051173
438.09,0.2001,0.2,8.2326e-05,0.00049361
442.81,0.20009,0.2,7.9136e-05,0.0004745
447.22,0.20009,0.2,7.6016e-05,0.00045581
451.24,0.20009,0.2,7.3037e-05,0.00043796
454.84,0.20008,0.2,7.025e-05,0.00042126
458.04,0.20008,0.2,6.7757e-05,0.00040632
460.92,0.20008,0.2,6.5527e-05,0.00039296
463.37,0.20008,0.2,6.3609e-05,0.00038147
465.36,0.20007,0.2,6.2012e-05,0.00037189
466.87,0.20007,0.2,6.0703e-05,0.00036405
467.93,0.20007,0.2,5.9562e-05,0.0003572
468.4,0.20007,0.2,5.8763e-05,0.00035242
468.33,0.20007,0.2,5.8299e-05,0.00034964
467.79,0.20007,0.2,5.8118e-05,0.00034855
466.88,0.20007,0.2,5.8154e-05,0.00034877
465.64,0.20007,0.2,5.8417e-05,0.00035034
464.07,0.20007,0.2,5.8906e-05,0.00035327
462.14,0.20007,0.2,5.9583e-05,0.00035733
459.74,0.20007,0.2,6.0455e-05,0.00036255
456.9,0.20007,0.2,6.1564e-05,0.0003692
453.69,0.20008,0.2,6.2919e-05,0.00037732
450.19,0.20008,0.2,6.4515e-05,0.00038688
446.43,0.20008,0.2,6.6375e-05,0.00039803
442.65,0.20008,0.2,6.8432e-05,0.00041035
438.9,0.20008,0.2,7.0679e-05,0.00042381
435.15,0.20009,0.2,7.3036e-05,0.00043793
431.34,0.20009,0.2,7.5448e-05,0.00045238
427.43,0.20009,0.2,7.8026e-05,0.00046782
423.54,0.2001,0.2,8.0794e-05,0.0004844
419.93,0.2001,0.2,8.3649e-05,0.0005015
417.66,0.2001,0.2,8.5719e-05,0.0005139
415.98,0.20011,0.2,8.7667e-05,0.00052556
415.06,0.20011,0.2,8.9381e-05,0.00053583
415.04,0.20011,0.2,9.0699e-05,0.00054372
415.97,0.20011,0.2,9.1443e-05,0.00054818
417.82,0.20011,0.2,9.1587e-05,0.00054905
420.52,0.20011,0.2,9.1102e-05,0.00054615
423.92,0.20011,0.2,8.9964e-05,0.00053935
428.4,0.20011,0.2,8.7955e-05,0.00052733
433.22,0.2001,0.2,8.535e-05,0.00051173
438.09,0.2001,0.2,8.2326e-05,0.00049361
442.81,0.20009,0.2,7.9135e-05,0.0004745
447.22,0.20009,0.2,7.6015e-05,0.00045581
451.24,0.20009,0.2,7.3036e-05,0.00043796
454.84,0.20008,0.2,7.025e-05,0.00042126
458.04,0.20008,0.2,6.7757e-05,0.00040632
460.92,0.20008,0.2,6.5527e-05,0.00039296
463.37,0.20008,0.2,6.3609e-05,0.00038147
465.36,0.20007,0.2,6.2012e-05,0.00037189
466.87,0.20007,0.2,6.0703e-05,0.00036404
467.94,0.20007,0.2,5.9561e-05,0.0003572
468.4,0.20007,0.2,5.8763e-05,0.00035241
468.33,0.20007,0.2,5.8299e-05,0.00034964
467.79,0.20007,0.2,5.8118e-05,0.00034855
466.88,0.20007,0.2,5.8154e-05,0.00034876
465.64,0.20007,0.2,5.8417e-05,0.00035034
464.07,0.20007,0.2,5.8906e-05,0.00035327
462.14,0.20007,0.2,5.9582e-05,0.00035732
459.74,0.20007,0.2,6.0455e-05,0.00036255
456.9,0.20007,0.2,6.1564e-05,0.0003692
453.69,0.20008,0.2,6.2919e-05,0.00037732
450.19,0.20008,0.2,6.4515e-05,0.00038688
446.43,0.20008,0.2,6.6375e-05,0.00039802
442.65,0.20008,0.2,6.8432e-05,0.00041035
438.9,0.20008,0.2,7.0678e-05,0.00042381
435.15,0.20009,0.2,7.3036e-05,0.00043793
431.34,0.20009,0.2,7.5448e-05,0.00045238
427.43,0.20009,0.2,7.8025e-05,0.00046782
423.54,0.2001,0.2,8.0794e-05,0.0004844
419.93,0.2001,0.2,8.3649e-05,0.00050149
417.66,0.2001,0.2,8.5719e-05,0.00051389
415.98,0.20011,0.2,8.7667e-05,0.00052556
415.06,0.20011,0.2,8.938e-05,0.00053582
415.04,0.20011,0.2,9.0699e-05,0.00054372
415.97,0.20011,0.2,9.1442e-05,0.00054818
417.82,0.20011,0.2,9.1587e-05,0.00054905
420.52,0.20011,0.2,9.1101e-05,0.00054615
423.92,0.20011,0.2,8.9964e-05,0.00053935
428.4,0.20011,0.2,8.7955e-05,0.00052732
433.22,0.2001,0.2,8.535e-05,0.00051172
438.09,0.2001,0.2,8.2325e-05,0.00049361
442.81,0.20009,0.2,7.9135e-05,0.0004745
447.22,0.20009,0.2,7.6015e-05,0.00045581
451.24,0.20009,0.2,7.3036e-05,0.00043796
454.84,0.20008,0.2,7.0249e-05,0.00042126
458.04,0.20008,0.2,6.7756e-05,0.00040632
460.92,0.20008,0.2,6.5527e-05,0.00039296
463.37,0.20008,0.2,6.3609e-05,0.00038146
465.36,0.20007,0.2,6.2012e-05,0.00037189
466.87,0.20007,0.2,6.0703e-05,0.00036404
467.94,0.20007,0.2,5.9561e-05,0.0003572
468.4,0.20007,0.2,5.8763e-05,0.00035241
468.33,0.20007,0.2,5.8299e-05,0.00034963
467.79,0.20007,0.2,5.8118e-05,0.00034855
466.88,0.20007,0.2,5.8154e-05,0.00034876
465.64,0.20007,0.2,5.8417e-05,0.00035034
464.07,0.20007,0.2,5.8905e-05,0.00035327
462.14,0.20007,0.2,5.9582e-05,0.00035732
459.74,0.20007,0.2,6.0455e-05,0.00036255
456.9,0.20007,0.2,6.1564e-05,0.0003692
453.69,0.20008,0.2,6.2919e-05,0.00037732
450.19,0.20008,0.2,6.4515e-05,0.00038688
446.43,0.20008,0.2,6.6375e-05,0.00039802
442.65,0.20008,0.2,6.8432e-05,0.00041035
438.9,0.20008,0.2,7.0678e-05,0.00042381
435.15,0.20009,0.2,7.3036e-05,0.00043793
431.34,0.20009,0.2,7.5448e-05,0.00045238
427.43,0.20009,0.2,7.8025e-05,0.00046782
423.54,0.2001,0.2,8.0794e-05,0.0004844
419.93,0.2001,0.2,8.3648e-05,0.00050149
417.66,0.2001,0.2,8.5719e-05,0.00051389
415.98,0.20011,0.2,8.7667e-05,0.00052556
415.06,0.20011,0.2,8.938e-05,0.00053582
415.04,0.20011,0.2,9.0699e-05,0.00054372
415.97,0.20011,0.2,9.1442e-05,0.00054818
417.82,0.20011,0.2,9.1586e-05,0.00054905
420.52,0.20011,0.2,9.1101e-05,0.00054615
423.92,0.20011,0.2,8.9964e-05,0.00053935
428.4,0.20011,0.2,8.7955e-05,0.00052732
433.22,0.2001,0.2,8.5349e-05,0.00051172
438.09,0.2001,0.2,8.2325e-05,0.00049361
442.81,0.20009,0.2,7.9135e-05,0.0004745
447.22,0.20009,0.2,7.6015e-05,0.00045581
451.24,0.20009,0.2,7.3036e-05,0.00043796
454.85,0.20008,0.2,7.0249e-05,0.00042126
458.04,0.20008,0.2,6.7756e-05,0.00040632
460.92,0.20008,0.2,6.5527e-05,0.00039296
463.37,0.20008,0.2,6.3609e-05,0.00038146
465.36,0.20007,0.2,6.2012e-05,0.00037189
466.87,0.20007,0.2,6.0703e-05,0.00036404
467.94,0.20007,0.2,5.9561e-05,0.0003572
468.4,0.20007,0.2,5.8762e-05,0.00035241
468.33,0.20007,0.2,5.8299e-05,0.00034963
467.79,0.20007,0.2,5.8118e-05,0.00034855
466.88,0.20007,0.2,5.8154e-05,0.00034876
465.64,0.20007,0.2,5.8417e-05,0.00035034
464.07,0.20007,0.2,5.8905e-05,0.00035327
462.14,0.20007,0.2,5.9582e-05,0.00035732
459.74,0.20007,0.2,6.0455e-05,0.00036255
456.9,0.20007,0.2,6.1564e-05,0.0003692
453.69,0.20008,0.2,6.2919e-05,0.00037732
450.19,0.20008,0.2,6.4515e-05,0.00038688
446.43,0.20008,0.2,6.6375e-05,0.00039802
442.65,0.20008,0.2,6.8432e-05,0.00041035
438.9,0.20008,0.2,7.0678e-05,0.00042381
435.15,0.20009,0.2,7.3036e-05,0.00043793
431.34,0.20009,0.2,7.5448e-05,0.00045238
427.43,0.20009,0.2,7.8025e-05,0.00046782
423.54,0.2001,0.2,8.0794e-05,0.0004844
419.93,0.2001,0.2,8.3648e-05,0.00050149
417.66,0.2001,0.2,8.5719e-05,0.00051389
415.98,0.20011,0.2,8.7666e-05,0.00052556
415.06,0.20011,0.2,8.938e-05,0.00053582
415.04,0.20011,0.2,9.0698e-05,0.00054372
415.97,0.20011,0.2,9.1442e-05,0.00054818
417.82,0.20011,0.2,9.1586e-05,0.00054905
420.52,0.20011,0.2,9.1101e-05,0.00054615
423.92,0.20011,0.2,8.9964e-05,0.00053935
428.4,0.20011,0.2,8.7955e-05,0.00052732
433.22,0.2001,0.2,8.5349e-05,0.00051172
438.1,0.2001,0.2,8.2325e-05,0.00049361
442.81,0.20009,0.2,7.9135e-05,0.0004745
447.22,0.20009,0.2,7.6015e-05,0.00045581
451.24,0.20009,0.2,7.3036e-05,0.00043796
454.85,0.20008,0.2,7.0249e-05,0.00042126
458.04,0.20008,0.2,6.7756e-05,0.00040632
460.92,0.20008,0.2,6.5527e-05,0.00039296
463.37,0.20008,0.2,6.3609e-05,0.00038146
465.36,0.20007,0.2,6.2012e-05,0.00037189
466.87,0.20007,0.2,6.0702e-05,0.00036404
467.94,0.20007,0.2,5.9561e-05,0.0003572
468.4,0.20007,0.2,5.8762e-05,0.00035241
468.33,0.20007,0.2,5.8299e-05,0.00034963
467.79,0.20007,0.2,5.8118e-05,0.00034855
466.88,0.20007,0.2,5.8154e-05,0.00034876
465.64,0.20007,0.2,5.8417e-05,0.00035034
464.07,0.20007,0.2,5.8905e-05,0.00035327
462.14,0.20007,0.2,5.9582e-05,0.00035732
459.74,0.20007,0.2,6.0455e-05,0.00036255
456.9,0.20007,0.2,6.1564e-05,0.0003692
453.69,0.20008,0.2,6.2919e-05,0.00037732
450.19,0.20008,0.2,6.4515e-05,0.00038688
446.43,0.20008,0.2,6.6375e-05,0.00039802
442.65,0.20008,0.2,6.8431e-05,0.00041035
438.9,0.20008,0.2,7.0678e-05,0.00042381
435.15,0.20009,0.2,7.3036e-05,0.00043793
431.34,0.20009,0.2,7.5448e-05,0.00045238
427.43,0.20009,0.2,7.8025e-05,0.00046781
423.54,0.2001,0.2,8.0793e-05,0.0004844
419.93,0.2001,0.2,8.3648e-05,0.00050149
417.66,0.2001,0.2,8.5719e-05,0.00051389
415.98,0.20011,0.2,8.7666e-05,0.00052556
415.06,0.20011,0.2,8.938e-05,0.00053582
415.04,0.20011,0.2,9.0698e-05,0.00054372
415.97,0.20011,0.2,9.1442e-05,0.00054818
417.82,0.20011,0.2,9.1586e-05,0.00054905
420.52,0.20011,0.2,9.1101e-05,0.00054615
423.92,0.20011,0.2,8.9964e-05,0.00053935
428.4,0.20011,0.2,8.7955e-05,0.00052732
433.22,0.2001,0.2,8.5349e-05,0.00051172
438.1,0.2001,0.2,8.2325e-05,0.00049361
442.81,0.20009,0.2,7.9135e-05,0.0004745
447.22,0.20009,0.2,7.6015e-05,0.00045581
451.24,0.20009,0.2,7.3036e-05,0.00043796
454.85,0.20008,0.2,7.0249e-05,0.00042126
458.04,0.20008,0.2,6.7756e-05,0.00040632
460.92,0.20008,0.2,6.5527e-05,0.00039296
463.37,0.20008,0.2,6.3609e-05,0.00038146
465.36,0.20007,0.2,6.2011e-05,0.00037189
466.87,0.20007,0.2,6.0702e-05,0.00036404
467.94,0.20007,0.2,5.9561e-05,0.0003572
468.4,0.20007,0.2,5.8762e-05,0.00035241
468.33,0.20007,0.2,5.8299e-05,0.00034963
467.79,0.20007,0.2,5.8118e-05,0.00034855
466.88,0.20007,0.2,5.8154e-05,0.00034876
465.64,0.20007,0.2,5.8417e-05,0.00035034
464.07,0.20007,0.2,5.8905e-05,0.00035327
462.14,0.20007,0.2,5.9582e-05,0.00035732
459.74,0.20007,0.2,6.0455e-05,0.00036255
456.9,0.20007,0.2,6.1564e-05,0.0003692
453.69,0.20008,0.2,6.2919e-05,0.00037732
450.19,0.20008,0.2,6.4515e-05,0.00038688
446.43,0.20008,0.2,6.6375e-05,0.00039802
442.65,0.20008,0.2,6.8431e-05,0.00041035
438.9,0.20008,0.2,7.0678e-05,0.00042381
435.15,0.20009,0.2,7.3036e-05,0.00043793
431.34,0.20009,0.2,7.5448e-05,0.00045238
427.43,0.20009,0.2,7.8025e-05,0.00046781
423.54,0.2001,0.2,8.0793e-05,0.0004844
419.93,0.2001,0.2,8.3648e-05,0.00050149
417.66,0.2001,0.2,8.5719e-05,0.00051389
415.98,0.20011,0.2,8.7666e-05,0.00052556
415.06,0.20011,0.2,8.938e-05,0.00053582
415.04,0.20011,0.2,9.0698e-05,0.00054372
415.97,0.20011,0.2,9.1442e-05,0.00054818
417.82,0.20011,0.2,9.1586e-05,0.00054905
420.52,0.20011,0.2,9.1101e-05,0.00054615
423.92,0.20011,0.2,8.9964e-05,0.00053935
428.4,0.20011,0.2,8.7955e-05,0.00052732
433.22,0.2001,0.2,8.5349e-05,0.00051172
438.1,0.2001,0.2,8.2325e-05,0.00049361
442.81,0.20009,0.2,7.9135e-05,0.0004745
447.22,0.20009,0.2,7.6015e-05,0.00045581
451.24,0.20009,0.2,7.3036e-05,0.00043796
454.85,0.20008,0.2,7.0249e-05,0.00042126
458.04,0.20008,0.2,6.7756e-05,0.00040632
460.92,0.20008,0.2,6.5527e-05,0.00039296
463.37,0.20008,0.2,6.3609e-05,0.00038146
465.36,0.20007,0.2,6.2011e-05,0.00037189
466.87,0.20007,0.2,6.0702e-05,0.00036404
467.94,0.20007,0.2,5.9561e-05,0.0003572
468.4,0.20007,0.2,5.8762e-05,0.00035241
468.33,0.20007,0.2,5.8299e-05,0.00034963
467.79,0.20007,0.2,5.8117e-05,0.00034855
466.88,0.20007,0.2,5.8154e-05,0.00034876
465.64,0.20007,0.2,5.8417e-05,0.00035034
464.07,0.20007,0.2,5.8905e-05,0.00035327
462.14,0.20007,0.2,5.9582e-05,0.00035732
459.74,0.20007,0.2,6.0455e-05,0.00036255
456.9,0.20007,0.2,6.1564e-05,0.0003692
453.69,0.20008,0.2,6.2919e-05,0.00037732
450.19,0.20008,0.2,6.4515e-05,0.00038688
446.43,0.20008,0.2,6.6375e-05,0.00039802
442.65,0.20008,0.2,6.8431e-05,0.00041035
438.9,0.20008,0.2,7.0678e-05,0.00042381
435.15,0.20009,0.2,7.3036e-05,0.00043793
431.34,0.20009,0.2,7.5447e-05,0.00045238
427.43,0.20009,0.2,7.8025e-05,0.00046781
423.54,0.2001,0.2,8.0793e-05,0.0004844
419.93,0.2001,0.2,8.3648e-05,0.00050149
417.66,0.2001,0.2,8.5719e-05,0.00051389
415.98,0.20011,0.2,8.7666e-05,0.00052556
415.06,0.20011,0.2,8.938e-05,0.00053582
415.04,0.20011,0.2,9.0698e-05,0.00054372
415.97,0.20011,0.2,9.1442e-05,0.00054818
417.82,0.20011,0.2,9.1586e-05,0.00054905
420.52,0.20011,0.2,9.1101e-05,0.00054615
423.92,0.20011,0.2,8.9964e-05,0.00053935
428.4,0.20011,0.2,8.7955e-05,0.00052732
433.22,0.2001,0.2,8.5349e-05,0.00051172
438.1,0.2001,0.2,8.2325e-05,0.00049361
442.81,0.20009,0.2,7.9135e-05,0.0004745
447.22,0.20009,0.2,7.6015e-05,0.00045581
451.24,0.20009,0.2,7.3036e-05,0.00043796
454.85,0.20008,0.2,7.0249e-05,0.00042126
458.04,0.20008,0.2,6.7756e-05,0.00040632
460.92,0.20008,0.2,6.5527e-05,0.00039296
463.37,0.20008,0.2,6.3609e-05,0.00038146
465.36,0.20007,0.2,6.2011e-05,0.00037189
466.87,0.20007,0.2,6.0702e-05,0.00036404
467.94,0.20007,0.2,5.9561e-05,0.0003572
468.4,0.20007,0.2,5.8762e-05,0.00035241
468.33,0.20007,0.2,5.8299e-05,0.00034963
467.79,0.20007,0.2,5.8117e-05,0.00034855
466.88,0.20007,0.2,5.8154e-05,0.00034876
465.64,0.20007,0.2,5.8417e-05,0.00035034
464.07,0.20007,0.2,5.8905e-05,0.00035327
462.14,0.20007,0.2,5.9582e-05,0.00035732
459.74,0.20007,0.2,6.0455e-05,0.00036255
456.9,0.20007,0.2,6.1563e-05,0.0003692
453.69,0.20008,0.2,6.2919e-05,0.00037732
450.19,0.20008,0.2,6.4515e-05,0.00038688
446.43,0.20008,0.2,6.6374e-05,0.00039802
442.65,0.20008,0.2,6.8431e-05,0.00041035
438.9,0.20008,0.2,7.0678e-05,0.00042381
435.15,0.20009,0.2,7.3036e-05,0.00043793
431.34,0.20009,0.2,7.5447e-05,0.00045238
427.43,0.20009,0.2,7.8025e-05,0.00046781
423.54,0.2001,0.2,8.0793e-05,0.0004844
419.93,0.2001,0.2,8.3648e-05,0.00050149
417.66,0.2001,0.2,8.5719e-05,0.00051389
415.98,0.20011,0.2,8.7666e-05,0.00052556
415.06,0.20011,0.2,8.938e-05,0.00053582
415.04,0.20011,0.2,9.0698e-05,0.00054372
415.97,0.20011,0.2,9.1442e-05,0.00054818
417.82,0.20011,0.2,9.1586e-05,0.00054905
420.52,0.20011,0.2,9.1101e-05,0.00054615
423.92,0.20011,0.2,8.9964e-05,0.00053935
428.4,0.20011,0.2,8.7954e-05,0.00052732
433.22,0.2001,0.2,8.5349e-05,0.00051172
438.1,0.2001,0.2,8.2325e-05,0.00049361
442.81,0.20009,0.2,7.9135e-05,0.0004745
447.22,0.20009,0.2,7.6015e-05,0.00045581
451.24,0.20009,0.2,7.3036e-05,0.00043796
454.85,0.20008,0.2,7.0249e-05,0.00042126
458.04,0.20008,0.2,6.7756e-05,0.00040632
460.92,0.20008,0.2,6.5527e-05,0.00039296
463.37,0.20008,0.2,6.3609e-05,0.00038146
465.36,0.20007,0.2,6.2011e-05,0.00037189
466.87,0.20007,0.2,6.0702e-05,0.00036404
467.94,0.20007,0.2,5.9561e-05,0.0003572
468.4,0.20007,0.2,5.8762e-05,0.00035241
468.33,0.20007,0.2,5.8299e-05,0.00034963
467.79,0.20007,0.2,5.8117e-05,0.00034855
466.88,0.20007,0.2,5.8154e-05,0.00034876
465.64,0.20007,0.2,5.8417e-05,0.00035034
464.07,0.20007,0.2,5.8905e-05,0.00035327
462.14,0.20007,0.2,5.9582e-05,0.00035732
459.74,0.20007,0.2,6.0455e-05,0.00036255
456.9,0.20007,0.2,6.1563e-05,0.0003692
453.69,0.20008,0.2,6.2919e-05,0.00037732
450.19,0.20008,0.2,6.4515e-05,0.00038688
446.43,0.20008,0.2,6.6374e-05,0.00039802
442.65,0.20008,0.2,6.8431e-05,0.00041035
438.9,0.20008,0.2,7.0678e-05,0.00042381
435.15,0.20009,0.2,7.3036e-05,0.00043793
431.34,0.20009,0.2,7.5447e-05,0.00045238
427.43,0.20009,0.2,7.8025e-05,0.00046781
423.54,0.2001,0.2,8.0793e-05,0.0004844
419.93,0.2001,0.2,8.3648e-05,0.00050149
417.66,0.2001,0.2,8.5719e-05,0.00051389
415.98,0.20011,0.2,8.7666e-05,0.00052556
415.06,0.20011,0.2,8.938e-05,0.00053582
415.04,0.20011,0.2,9.0698e-05,0.00054372
415.97,0.20011,0.2,9.1442e-05,0.00054818
417.82,0.20011,0.2,9.1586e-05,0.00054905
420.52,0.20011,0.2,9.1101e-05,0.00054615
423.92,0.20011,0.2,8.9964e-05,0.00053935
428.4,0.20011,0.2,8.7954e-05,0.00052732
433.22,0.2001,0.2,8.5349e-05,0.00051172
438.1,0.2001,0.2,8.2325e-05,0.00049361
442.81,0.20009,0.2,7.9135e-05,0.0004745
447.22,0.20009,0.2,7.6015e-05,0.00045581
451.24,0.20009,0.2,7.3036e-05,0.00043796
454.85,0.20008,0.2,7.0249e-05,0.00042126
458.04,0.20008,0.2,6.7756e-05,0.00040632
460.92,0.20008,0.2,6.5527e-05,0.00039296
463.37,0.20008,0.2,6.3609e-05,0.00038146
465.36,0.20007,0.2,6.2011e-05,0.00037189
466.87,0.20007,0.2,6.0702e-05,0.00036404
467.94,0.20007,0.2,5.9561e-05,0.0003572
468.4,0.20007,0.2,5.8762e-05,0.00035241
468.33,0.20007,0.2,5.8299e-05,0.00034963
467.79,0.20007,0.2,5.8117e-05,0.00034855
466.88,0.20007,0.2,5.8154e-05,0.00034876
465.64,0.20007,0.2,5.8416e-05,0.00035034
464.07,0.20007,0.2,5.8905e-05,0.00035327
462.14,0.20007,0.2,5.9582e-05,0.00035732
459.74,0.20007,0.2,6.0455e-05,0.00036255
456.9,0.20007,0.2,6.1563e-05,0.0003692
453.69,0.20008,0.2,6.2919e-05,0.00037732
450.19,0.20008,0.2,6.4515e-05,0.00038688
446.43,0.20008,0.2,6.6374e-05,0.00039802
442.65,0.20008,0.2,6.8431e-05,0.00041035
438.9,0.20008,0.2,7.0678e-05,0.0004238
435.15,0.20009,0.2,7.3036e-05,0.00043793
431.34,0.20009,0.2,7.5447e-05,0.00045238
427.43,0.20009,0.2,7.8025e-05,0.00046781
423.54,0.2001,0.2,8.0793e-05,0.0004844
419.93,0.2001,0.2,8.3648e-05,0.00050149
417.66,0.2001,0.2,8.5719e-05,0.00051389
415.98,0.20011,0.2,8.7666e-05,0.00052556
415.06,0.20011,0.2,8.938e-05,0.00053582
415.04,0.20011,0.2,9.0698e-05,0.00054372
415.97,0.20011,0.2,9.1442e-05,0.00054818
417.82,0.20011,0.2,9.1586e-05,0.00054905
420.52,0.20011,0.2,9.1101e-05,0.00054615
423.92,0.20011,0.2,8.9964e-05,0.00053935
428.4,0.20011,0.2,8.7954e-05,0.00052732
433.22,0.2001,0.2,8.5349e-05,0.00051172
438.1,0.2001,0.2,8.2325e-05,0.00049361
442.81,0.20009,0.2,7.9134e-05,0.0004745
447.22,0.20009,0.2,7.6015e-05,0.00045581
451.24,0.20009,0.2,7.3036e-05,0.00043796
454.85,0.20008,0.2,7.0249e-05,0.00042126
458.04,0.20008,0.2,6.7756e-05,0.00040632
460.92,0.20008,0.2,6.5527e-05,0.00039296
463.37,0.20008,0.2,6.3609e-05,0.00038146
465.36,0.20007,0.2,6.2011e-05,0.00037189
466.87,0.20007,0.2,6.0702e-05,0.00036404
467.94,0.20007,0.2,5.9561e-05,0.0003572
468.4,0.20007,0.2,5.8762e-05,0.00035241
468.33,0.20007,0.2,5.8299e-05,0.00034963
467.79,0.20007,0.2,5.8117e-05,0.00034855
466.88,0.20007,0.2,5.8154e-05,0.00034876
465.64,0.20007,0.2,5.8416e-05,0.00035034
464.07,0.20007,0.2,5.8905e-05,0.00035327
462.14,0.20007,0.2,5.9582e-05,0.00035732
459.74,0.20007,0.2,6.0455e-05,0.00036255
456.9,0.20007,0.2,6.1563e-05,0.0003692
453.69,0.20008,0.2,6.2919e-05,0.00037732
450.19,0.20008,0.2,6.4515e-05,0.00038688
446.43,0.20008,0.2,6.6374e-05,0.00039802
442.65,0.20008,0.2,6.8431e-05,0.00041035
438.9,0.20008,0.2,7.0678e-05,0.0004238
435.15,0.20009,0.2,7.3036e-05,0.00043793
431.34,0.20009,0.2,7.5447e-05,0.00045238
427.43,0.20009,0.2,7.8025e-05,0.00046781
423.54,0.2001,0.2,8.0793e-05,0.0004844
419.93,0.2001,0.2,8.3648e-05,0.00050149
417.66,0.2001,0.2,8.5719e-05,0.00051389
415.98,0.20011,0.2,8.7666e-05,0.00052556
415.06,0.20011,0.2,8.938e-05,0.00053582
415.04,0.20011,0.2,9.0698e-05,0.00054372
415.97,0.20011,0.2,9.1442e-05,0.00054818
417.82,0.20011,0.2,9.1586e-05,0.00054905
420.52,0.20011,0.2,9.1101e-05,0.00054615
423.92,0.20011,0.2,8.9964e-05,0.00053935
428.4,0.20011,0.2,8.7954e-05,0.00052732
433.22,0.2001,0.2,8.5349e-05,0.00051172
438.1,0.2001,0.2,8.2325e-05,0.00049361
442.81,0.20009,0.2,7.9134e-05,0.0004745
447.22,0.20009,0.2,7.6015e-05,0.00045581
451.24,0.20009,0.2,7.3036e-05,0.00043796
454.85,0.20008,0.2,7.0249e-05,0.00042126
458.04,0.20008,0.2,6.7756e-05,0.00040632
460.92,0.20008,0.2,6.5527e-05,0.00039296
463.37,0.20008,0.2,6.3609e-05,0.00038146
465.36,0.20007,0.2,6.2011e-05,0.00037189
466.87,0.20007,0.2,6.0702e-05,0.00036404
467.94,0.20007,0.2,5.9561e-05,0.0003572
468.4,0.20007,0.2,5.8762e-05,0.00035241
468.33,0.20007,0.2,5.8299e-05,0.00034963
467.79,0.20007,0.2,5.8117e-05,0.00034855
466.88,0.20007,0.2,5.8153e-05,0.00034876
465.64,0.20007,0.2,5.8416e-05,0.00035034
464.07,0.20007,0.2,5.8905e-05,0.00035327
462.14,0.20007,0.2,5.9582e-05,0.00035732
459.74,0.20007,0.2,6.0455e-05,0.00036255
456.9,0.20007,0.2,6.1563e-05,0.0003692
453.69,0.20008,0.2,6.2919e-05,0.00037732
450.19,0.20008,0.2,6.4515e-05,0.00038688
446.43,0.20008,0.2,6.6374e-05,0.00039802
442.65,0.20008,0.2,6.8431e-05,0.00041035
438.9,0.20008,0.2,7.0678e-05,0.0004238
435.15,0.20009,0.2,7.3036e-05,0.00043793
431.34,0.20009,0.2,7.5447e-05,0.00045238
427.43,0.20009,0.2,7.8025e-05,0.00046781
423.54,0.2001,0.2,8.0793e-05,0.0004844
419.93,0.2001,0.2,8.3648e-05,0.00050149
417.66,0.2001,0.2,8.5719e-05,0.00051389
415.98,0.20011,0.2,8.7666e-05,0.00052556
415.06,0.20011,0.2,8.938e-05,0.00053582
415.04,0.20011,0.2,9.0698e-05,0.00054372
415.97,0.20011,0.2,9.1442e-05,0.00054818
417.82,0.20011,0.2,9.1586e-05,0.00054905
420.52,0.20011,0.2,9.1101e-05,0.00054615
423.92,0.20011,0.2,8.9964e-05,0.00053935
428.4,0.20011,0.2,8.7954e-05,0.00052732
433.22,0.2001,0.2,8.5349e-05,0.00051172
438.1,0.2001,0.2,8.2325e-05,0.00049361
442.81,0.20009,0.2,7.9134e-05,0.0004745
447.22,0.20009,0.2,7.6015e-05,0.00045581
451.24,0.20009,0.2,7.3036e-05,0.00043796
454.85,0.20008,0.2,7.0249e-05,0.00042126
458.04,0.20008,0.2,6.7756e-05,0.00040632
460.92,0.20008,0.2,6.5527e-05,0.00039296
463.37,0.20008,0.2,6.3609e-05,0.00038146
465.36,0.20007,0.2,6.2011e-05,0.00037189
466.87,0.20007,0.2,6.0702e-05,0.00036404
467.94,0.20007,0.2,5.9561e-05,0.0003572
468.4,0.20007,0.2,5.8762e-05,0.00035241
468.33,0.20007,0.2,5.8299e-05,0.00034963
467.79,0.20007,0.2,5.8117e-05,0.00034855
466.88,0.20007,0.2,5.8153e-05,0.00034876
465.64,0.20007,0.2,5.8416e-05,0.00035034
464.07,0.20007,0.2,5.8905e-05,0.00035327
462.14,0.20007,0.2,5.9582e-05,0.00035732
459.74,0.20007,0.2,6.0455e-05,0.00036255
456.9,0.20007,0.2,6.1563e-05,0.0003692
453.69,0.20008,0.2,6.2919e-05,0.00037732
450.19,0.20008,0.2,6.4515e-05,0.00038688
446.43,0.20008,0.2,6.6374e-05,0.00039802
442.65,0.20008,0.2,6.8431e-05,0.00041035
438.9,0.20008,0.2,7.0678e-05,0.0004238
435.15,0.20009,0.2,7.3036e-05,0.00043793
431.34,0.20009,0.2,7.5447e-05,0.00045238
427.43,0.20009,0.2,7.8025e-05,0.00046781
423.54,0.2001,0.2,8.0793e-05,0.0004844
419.93,0.2001,0.2,8.3648e-05,0.00050149
417.66,0.2001,0.2,8.5719e-05,0.00051389
415.98,0.20011,0.2,8.7666e-05,0.00052556
415.06,0.20011,0.2,8.938e-05,0.00053582
415.04,0.20011,0.2,9.0698e-05,0.00054372
415.97,0.20011,0.2,9.1442e-05,0.00054818
417.82,0.20011,0.2,9.1586e-05,0.00054905
420.52,0.20011,0.2,9.1101e-05,0.00054615
423.92,0.20011,0.2,8.9964e-05,0.00053935
428.4,0.20011,0.2,8.7954e-05,0.00052732
433.22,0.2001,0.2,8.5349e-05,0.00051172
438.1,0.2001,0.2,8.2325e-05,0.00049361
442.81,0.20009,0.2,7.9134e-05,0.0004745
447.22,0.20009,0.2,7.6015e-05,0.00045581
451.24,0.20009,0.2,7.3036e-05,0.00043796
454.85,0.20008,0.2,7.0249e-05,0.00042126
458.04,0.20008,0.2,6.7756e-05,0.00040632
460.92,0.20008,0.2,6.5527e-05,0.00039296
463.37,0.20008,0.2,6.3609e-05,0.00038146
465.36,0.20007,0.2,6.2011e-05,0.00037189
466.87,0.20007,0.2,6.0702e-05,0.00036404
467.94,0.20007,0.2,5.9561e-05,0.0003572
468.4,0.20007,0.2,5.8762e-05,0.00035241
468.33,0.20007,0.2,5.8299e-05,0.00034963
467.79,0.20007,0.2,5.8117e-05,0.00034855
466.88,0.20007,0.2,5.8153e-05,0.00034876
465.64,0.20007,0.2,5.8416e-05,0.00035034
464.07,0.20007,0.2,5.8905e-05,0.00035327
462.14,0.20007,0.2,5.9582e-05,0.00035732
459.74,0.20007,0.2,6.0455e-05,0.00036255
456.9,0.20007,0.2,6.1563e-05,0.0003692
453.69,0.20008,0.2,6.2919e-05,0.00037732
450.19,0.20008,0.2,6.4515e-05,0.00038688
446.43,0.20008,0.2,6.6374e-05,0.00039802
442.65,0.20008,0.2,6.8431e-05,0.00041035
438.9,0.20008,0.2,7.0678e-05,0.0004238
435.15,0.20009,0.2,7.3036e-05,0.00043793
431.34,0.20009,0.2,7.5447e-05,0.00045238
427.43,0.20009,0.2,7.8025e-05,0.00046781
423.54,0.2001,0.2,8.0793e-05,0.0004844
419.93,0.2001,0.2,8.3648e-05,0.00050149
417.66,0.2001,0.2,8.5719e-05,0.00051389
415.98,0.20011,0.2,8.7666e-05,0.00052556
415.06,0.20011,0.2,8.938e-05,0.00053582
415.04,0.20011,0.2,9.0698e-05,0.00054372
415.97,0.20011,0.2,9.1442e-05,0.00054818
417.82,0.20011,0.2,9.1586e-05,0.00054905
420.52,0.20011,0.2,9.1101e-05,0.00054615
423.92,0.20011,0.2,8.9964e-05,0.00053935
428.4,0.20011,0.2,8.7954e-05,0.00052732
433.22,0.2001,0.2,8.5349e-05,0.00051172
438.1,0.2001,0.2,8.2325e-05,0.00049361
442.81,0.20009,0.2,7.9134e-05,0.0004745
447.22,0.20009,0.2,7.6015e-05,0.00045581
451.24,0.20009,0.2,7.3036e-05,0.00043796
454.85,0.20008,0.2,7.0249e-05,0.00042126
458.04,0.20008,0.2,6.7756e-05,0.00040632
460.92,0.20008,0.2,6.5527e-05,0.00039296
463.37,0.20008,0.2,6.3609e-05,0.00038146
465.36,0.20007,0.2,6.2011e-05,0.00037189
466.87,0.20007,0.2,6.0702e-05,0.00036404
467.94,0.20007,0.2,5.9561e-05,0.0003572
468.4,0.20007,0.2,5.8762e-05,0.00035241
468.33,0.20007,0.2,5.8299e-05,0.00034963
467.79,0.20007,0.2,5.8117e-05,0.00034855
466.88,0.20007,0.2,5.8153e-05,0.00034876
465.64,0.20007,0.2,5.8416e-05,0.00035034
464.07,0.20007,0.2,5.8905e-05,0.00035327
462.14,0.20007,0.2,5.9582e-05,0.00035732
459.74,0.20007,0.2,6.0455e-05,0.00036255
456.9,0.20007,0.2,6.1563e-05,0.0003692
453.69,0.20008,0.2,6.2919e-05,0.00037732
450.19,0.20008,0.2,6.4515e-05,0.00038688
446.43,0.20008,0.2,6.6374e-05,0.00039802
442.65,0.20008,0.2,6.8431e-05,0.00041035
438.9,0.20008,0.2,7.0678e-05,0.0004238
435.15,0.20009,0.2,7.3036e-05,0.00043793
431.34,0.20009,0.2,7.5447e-05,0.00045238
427.43,0.20009,0.2,7.8025e-05,0.00046781
423.54,0.2001,0.2,8.0793e-05,0.0004844
419.93,0.2001,0.2,8.3648e-05,0.00050149
417.66,0.2001,0.2,8.5719e-05,0.00051389
415.98,0.20011,0.2,8.7666e-05,0.00052556
415.06,0.20011,0.2,8.938e-05,0.00053582
415.04,0.20011,0.2,9.0698e-05,0.00054372
415.97,0.20011,0.2,9.1442e-05,0.00054818
417.82,0.20011,0.2,9.1586e-05,0.00054905
420.52,0.20011,0.2,9.1101e-05,0.00054615
423.92,0.20011,0.2,8.9964e-05,0.00053935
428.4,0.20011,0.2,8.7954e-05,0.00052732
433.22,0.2001,0.2,8.5349e-05,0.00051172
438.1,0.2001,0.2,8.2325e-05,0.00049361
442.81,0.20009,0.2,7.9134e-05,0.0004745
447.22,0.20009,0.2,7.6015e-05,0.00045581
451.24,0.20009,0.2,7.3036e-05,0.00043796
454.85,0.20008,0.2,7.0249e-05,0.00042126
458.04,0.20008,0.2,6.7756e-05,0.00040632
460.92,0.20008,0.2,6.5527e-05,0.00039296
463.37,0.20008,0.2,6.3609e-05,0.00038146
465.36,0.20007,0.2,6.2011e-05,0.00037189
466.87,0.20007,0.2,6.0702e-05,0.00036404
467.94,0.20007,0.2,5.9561e-05,0.0003572
468.4,0.20007,0.2,5.8762e-05,0.00035241
468.33,0.20007,0.2,5.8299e-05,0.00034963
467.79,0.20007,0.2,5.8117e-05,0.00034855
466.88,0.20007,0.2,5.8153e-05,0.00034876
465.64,0.20007,0.2,5.8416e-05,0.00035034
464.07,0.20007,0.2,5.8905e-05,0.00035327
462.14,0.20007,0.2,5.9582e-05,0.00035732
459.74,0.20007,0.2,6.0455e-05,0.00036255
456.9,0.20007,0.2,6.1563e-05,0.0003692
453.69,0.20008,0.2,6.2919e-05,0.00037732
450.19,0.20008,0.2,6.4515e-05,0.00038688
446.43,0.20008,0.2,6.6374e-05,0.00039802
442.65,0.20008,0.2,6.8431e-05,0.00041035
438.9,0.20008,0.2,7.0678e-05,0.0004238
435.15,0.20009,0.2,7.3036e-05,0.00043793
431.34,0.20009,0.2,7.5447e-05,0.00045238
427.43,0.20009,0.2,7.8025e-05,0.00046781
423.54,0.2001,0.2,8.0793e-05,0.0004844
419.93,0.2001,0.2,8.3648e-05,0.00050149
417.66,0.2001,0.2,8.5719e-05,0.00051389
415.98,0.20011,0.2,8.7666e-05,0.00052556
415.06,0.20011,0.2,8.938e-05,0.00053582
415.04,0.20011,0.2,9.0698e-05,0.00054372
415.97,0.20011,0.2,9.1442e-05,0.00054818
417.82,0.20011,0.2,9.1586e-05,0.00054905
420.52,0.20011,0.2,9.1101e-05,0.00054615
423.92,0.20011,0.2,8.9964e-05,0.00053935
428.4,0.20011,0.2,8.7954e-05,0.00052732
433.22,0.2001,0.2,8.5349e-05,0.00051172
438.1,0.2001,0.2,8.2325e-05,0.00049361
442.81,0.20009,0.2,7.9134e-05,0.0004745
447.22,0.20009,0.2,7.6015e-05,0.00045581
451.24,0.20009,0.2,7.3036e-05,0.00043796
454.85,0.20008,0.2,7.0249e-05,0.00042126
458.04,0.20008,0.2,6.7756e-05,0.00040632
460.92,0.20008,0.2,6.5527e-05,0.00039296
463.37,0.20008,0.2,6.3609e-05,0.00038146
465.36,0.20007,0.2,6.2011e-05,0.00037189
466.87,0.20007,0.2,6.0702e-05,0.00036404
467.94,0.20007,0.2,5.9561e-05,0.0003572
468.4,0.20007,0.2,5.8762e-05,0.00035241
468.33,0.20007,0.2,5.8299e-05,0.00034963
467.79,0.20007,0.2,5.8117e-05,0.00034855
466.88,0.20007,0.2,5.8153e-05,0.00034876
465.64,0.20007,0.2,5.8416e-05,0.00035034
464.07,0.20007,0.2,5.8905e-05,0.00035327
462.14,0.20007,0.2,5.9582e-05,0.00035732
459.74,0.20007,0.2,6.0455e-05,0.00036255
456.9,0.20007,0.2,6.1563e-05,0.0003692
453.69,0.20008,0.2,6.2919e-05,0.00037732
450.19,0.20008,0.2,6.4515e-05,0.00038688
446.43,0.20008,0.2,6.6374e-05,0.00039802
442.65,0.20008,0.2,6.8431e-05,0.00041035
438.9,0.20008,0.2,7.0678e-05,0.0004238
435.15,0.20009,0.2,7.3036e-05,0.00043793
431.34,0.20009,0.2,7.5447e-05,0.00045238
427.43,0.20009,0.2,7.8025e-05,0.00046781
423.54,0.2001,0.2,8.0793e-05,0.0004844
419.93,0.2001,0.2,8.3648e-05,0.00050149
417.66,0.2001,0.2,8.5719e-05,0.00051389
415.98,0.20011,0.2,8.7666e-05,0.00052556
415.06,0.20011,0.2,8.938e-05,0.00053582
415.04,0.20011,0.2,9.0698e-05,0.00054372
415.97,0.20011,0.2,9.1442e-05,0.00054818
417.82,0.20011,0.2,9.1586e-05,0.00054905
420.52,0.20011,0.2,9.1101e-05,0.00054615
423.92,0.20011,0.2,8.9964e-05,0.00053935
428.4,0.20011,0.2,8.7954e-05,0.00052732
433.22,0.2001,0.2,8.5349e-05,0.00051172
438.1,0.2001,0.2,8.2325e-05,0.00049361
442.81,0.20009,0.2,7.9134e-05,0.0004745
447.22,0.20009,0.2,7.6015e-05,0.00045581
451.24,0.20009,0.2,7.3036e-05,0.00043796
454.85,0.20008,0.2,7.0249e-05,0.00042126
458.04,0.20008,0.2,6.7756e-05,0.00040632
460.92,0.20008,0.2,6.5527e-05,0.00039296
463.37,0.20008,0.2,6.3609e-05,0.00038146
465.36,0.20007,0.2,6.2011e-05,0.00037189
466.87,0.20007,0.2,6.0702e-05,0.00036404
467.94,0.20007,0.2,5.9561e-05,0.0003572
468.4,0.20007,0.2,5.8762e-05,0.00035241
468.33,0.20007,0.2,5.8299e-05,0.00034963
467.79,0.20007,0.2,5.8117e-05,0.00034855
466.88,0.20007,0.2,5.8153e-05,0.00034876
465.64,0.20007,0.2,5.8416e-05,0.00035034
464.07,0.20007,0.2,5.8905e-05,0.00035327
462.14,0.20007,0.2,5.9582e-05,0.00035732
459.74,0.20007,0.2,6.0455e-05,0.00036255
456.9,0.20007,0.2,6.1563e-05,0.0003692
453.69,0.20008,0.2,6.2919e-05,0.00037732
450.19,0.20008,0.2,6.4515e-05,0.00038688
446.43,0.20008,0.2,6.6374e-05,0.00039802
442.65,0.20008,0.2,6.8431e-05,0.00041035
438.9,0.20008,0.2,7.0678e-05,0.0004238
435.15,0.20009,0.2,7.3036e-05,0.00043793
431.34,0.20009,0.2,7.5447e-05,0.00045238
427.43,0.20009,0.2,7.8025e-05,0.00046781
423.54,0.2001,0.2,8.0793e-05,0.0004844
419.93,0.2001,0.2,8.3648e-05,0.00050149
417.66,0.2001,0.2,8.5719e-05,0.00051389
415.98,0.20011,0.2,8.7666e-05,0.00052556
415.06,0.20011,0.2,8.938e-05,0.00053582
415.04,0.20011,0.2,9.0698e-05,0.00054372
415.97,0.20011,0.2,9.1442e-05,0.00054818
417.82,0.20011,0.2,9.1586e-05,0.00054905
420.52,0.20011,0.2,9.1101e-05,0.00054615
423.92,0.20011,0.2,8.9964e-05,0.00053935
428.4,0.20011,0.2,8.7954e-05,0.00052732
433.22,0.2001,0.2,8.5349e-05,0.00051172
438.1,0.2001,0.2,8.2325e-05,0.00049361
442.81,0.20009,0.2,7.9134e-05,0.0004745
447.22,0.20009,0.2,7.6015e-05,0.00045581
451.24,0.20009,0.2,7.3036e-05,0.00043796
454.85,0.20008,0.2,7.0249e-05,0.00042126
458.04,0.20008,0.2,6.7756e-05,0.00040632
460.92,0.20008,0.2,6.5527e-05,0.00039296
463.37,0.20008,0.2,6.3609e-05,0.00038146
465.36,0.20007,0.2,6.2011e-05,0.00037189
466.87,0.20007,0.2,6.0702e-05,0.00036404
467.94,0.20007,0.2,5.9561e-05,0.0003572
468.4,0.20007,0.2,5.8762e-05,0.00035241
468.33,0.20007,0.2,5.8299e-05,0.00034963
467.79,0.20007,0.2,5.8117e-05,0.00034855
466.88,0.20007,0.2,5.8153e-05,0.00034876
465.64,0.20007,0.2,5.8416e-05,0.00035034
464.07,0.20007,0.2,5.8905e-05,0.00035327
462.14,0.20007,0.2,5.9582e-05,0.00035732
459.74,0.20007,0.2,6.0455e-05,0.00036255
456.9,0.20007,0.2,6.1563e-05,0.0003692
453.69,0.20008,0.2,6.2919e-05,0.00037732
450.19,0.20008,0.2,6.4515e-05,0.00038688
446.43,0.20008,0.2,6.6374e-05,0.00039802
442.65,0.20008,0.2,6.8431e-05,0.00041035
438.9,0.20008,0.2,7.0678e-05,0.0004238
435.15,0.20009,0.2,7.3036e-05,0.00043793
431.34,0.20009,0.2,7.5447e-05,0.00045238
427.43,0.20009,0.2,7.8025e-05,0.00046781
423.54,0.2001,0.2,8.0793e-05,0.0004844
419.93,0.2001,0.2,8.3648e-05,0.00050149
417.66,0.2001,0.2,8.5719e-05,0.00051389
415.98,0.20011,0.2,8.7666e-05,0.00052556
415.06,0.20011,0.2,8.938e-05,0.00053582
415.04,0.20011,0.2,9.0698e-05,0.00054372
415.97,0.20011,0.2,9.1442e-05,0.00054818
417.82,0.20011,0.2,9.1586e-05,0.00054905
420.52,0.20011,0.2,9.1101e-05,0.00054615
423.92,0.20011,0.2,8.9964e-05,0.00053935
428.4,0.20011,0.2,8.7954e-05,0.00052732
433.22,0.2001,0.2,8.5349e-05,0.00051172
438.1,0.2001,0.2,8.2325e-05,0.00049361
442.81,0.20009,0.2,7.9134e-05,0.0004745
447.22,0.20009,0.2,7.6015e-05,0.00045581
451.24,0.20009,0.2,7.3036e-05,0.00043796
454.85,0.20008,0.2,7.0249e-05,0.00042126
458.04,0.20008,0.2,6.7756e-05,0.00040632
460.92,0.20008,0.2,6.5527e-05,0.00039296
463.37,0.20008,0.2,6.3609e-05,0.00038146
465.36,0.20007,0.2,6.2011e-05,0.00037189
466.87,0.20007,0.2,6.0702e-05,0.00036404
467.94,0.20007,0.2,5.9561e-05,0.0003572
468.4,0.20007,0.2,5.8762e-05,0.00035241
468.33,0.20007,0.2,5.8299e-05,0.00034963
467.79,0.20007,0.2,5.8117e-05,0.00034855
466.88,0.20007,0.2,5.8153e-05,0.00034876
465.64,0.20007,0.2,5.8416e-05,0.00035034
464.07,0.20007,0.2,5.8905e-05,0.00035327
462.14,0.20007,0.2,5.9582e-05,0.00035732
459.74,0.20007,0.2,6.0455e-05,0.00036255
456.9,0.20007,0.2,6.1563e-05,0.0003692
453.69,0.20008,0.2,6.2919e-05,0.00037732
450.19,0.20008,0.2,6.4515e-05,0.00038688
446.43,0.20008,0.2,6.6374e-05,0.00039802
442.65,0.20008,0.2,6.8431e-05,0.00041035
438.9,0.20008,0.2,7.0678e-05,0.0004238
435.15,0.20009,0.2,7.3036e-05,0.00043793
431.34,0.20009,0.2,7.5447e-05,0.00045238
427.43,0.20009,0.2,7.8025e-05,0.00046781
423.54,0.2001,0.2,8.0793e-05,0.0004844
419.93,0.2001,0.2,8.3648e-05,0.00050149
417.66,0.2001,0.2,8.5719e-05,0.00051389
415.98,0.20011,0.2,8.7666e-05,0.00052556
415.06,0.20011,0.2,8.938e-05,0.00053582
415.04,0.20011,0.2,9.0698e-05,0.00054372
415.97,0.20011,0.2,9.1442e-05,0.00054818
417.82,0.20011,0.2,9.1586e-05,0.00054905
420.52,0.20011,0.2,9.1101e-05,0.00054615
423.92,0.20011,0.2,8.9964e-05,0.00053935
428.4,0.20011,0.2,8.7954e-05,0.00052732
433.22,0.2001,0.2,8.5349e-05,0.00051172
438.1,0.2001,0.2,8.2325e-05,0.00049361
442.81,0.20009,0.2,7.9134e-05,0.0004745
447.22,0.20009,0.2,7.6015e-05,0.00045581
451.24,0.20009,0.2,7.3036e-05,0.00043796
454.85,0.20008,0.2,7.0249e-05,0.00042126
458.04,0.20008,0.2,6.7756e-05,0.00040632
460.92,0.20008,0.2,6.5527e-05,0.00039296
463.37,0.20008,0.2,6.3609e-05,0.00038146
465.36,0.20007,0.2,6.2011e-05,0.00037189
466.87,0.20007,0.2,6.0702e-05,0.00036404
467.94,0.20007,0.2,5.9561e-05,0.0003572
468.4,0.20007,0.2,5.8762e-05,0.00035241
468.33,0.20007,0.2,5.8299e-05,0.00034963
467.79,0.20007,0.2,5.8117e-05,0.00034855
466.88,0.20007,0.2,5.8153e-05,0.00034876
465.64,0.20007,0.2,5.8416e-05,0.00035034
464.07,0.20007,0.2,5.8905e-05,0.00035327
462.14,0.20007,0.2,5.9582e-05,0.00035732
459.74,0.20007,0.2,6.0455e-05,0.00036255
456.9,0.20007,0.2,6.1563e-05,0.0003692
453.69,0.20008,0.2,6.2919e-05,0.00037732
450.19,0.20008,0.2,6.4515e-05,0.00038688
449.36,0.20008,0.2,6.492e-05,0.00038931
448.51,0.20008,0.2,6.5337e-05,0.0003918
447.66,0.20008,0.2,6.5764e-05,0.00039437
446.81,0.20008,0.2,6.6202e-05,0.00039699
