-200,0.75,0.74196,0.90997,0.010723
-197.37,0.75242,0.74389,0.9136,0.011337
-194.75,0.75458,0.74554,0.91676,0.01198
-192.16,0.75649,0.74692,0.91951,0.012653
-189.58,0.75818,0.74805,0.92186,0.013356
-185.53,0.76047,0.74941,0.9249,0.014538
-181.59,0.76231,0.75028,0.92716,0.015781
-177.77,0.76376,0.75071,0.92872,0.017086
-173.98,0.76486,0.75073,0.92966,0.018477
-171.04,0.76549,0.75046,0.92996,0.019633
-167.96,0.76595,0.74993,0.9299,0.020916
-164.65,0.76625,0.7491,0.92945,0.022379
-161.07,0.76637,0.74792,0.92857,0.024078
-157.28,0.76632,0.74639,0.92726,0.026008
-153.17,0.7661,0.74445,0.92546,0.028266
-148.76,0.7657,0.74205,0.92312,0.030891
-144.11,0.76511,0.73916,0.92022,0.033913
-138.47,0.76416,0.73516,0.91609,0.037951
-132.73,0.76291,0.73047,0.91115,0.042527
-126.98,0.76136,0.72511,0.90539,0.047612
-121.31,0.75949,0.71911,0.89883,0.053163
-115.73,0.75726,0.71244,0.89142,0.059198
-110.3,0.75469,0.70515,0.8832,0.065643
-105.03,0.75176,0.69727,0.87419,0.072477
-99.933,0.74845,0.68882,0.86439,0.079671
-94.894,0.74467,0.67961,0.85357,0.087359
-90.057,0.74047,0.6699,0.84197,0.095302
-85.444,0.73585,0.65976,0.82968,0.1034
-81.069,0.73082,0.64929,0.81676,0.11156
-77.049,0.72554,0.63887,0.80368,0.11946
-73.239,0.7199,0.62826,0.79014,0.12729
-69.621,0.71392,0.61751,0.77619,0.13504
-66.176,0.70763,0.60666,0.76191,0.14268
-64.15,0.70364,0.6,0.75304,0.14729
-61.845,0.68983,0.58509,0.72909,0.15183
-59.637,0.67752,0.57163,0.70763,0.15629
-57.537,0.66652,0.55947,0.68833,0.16061
-55.554,0.65665,0.54845,0.67092,0.16477
-53.223,0.64553,0.53596,0.65124,0.16973
-51.099,0.63573,0.52492,0.63388,0.1743
-49.167,0.62706,0.51513,0.61849,0.1785
-47.395,0.61936,0.50639,0.60479,0.18239
-45.441,0.61133,0.49716,0.59041,0.18675
-43.569,0.60434,0.48889,0.57769,0.19103
-41.728,0.59829,0.48139,0.5664,0.19538
-39.909,0.59309,0.47457,0.55639,0.19983
-38.537,0.58963,0.46977,0.5495,0.20327
-37.212,0.58661,0.46537,0.54332,0.20667
-35.946,0.58399,0.46136,0.53779,0.20998
-34.729,0.58176,0.45771,0.53289,0.21323
-33.641,0.58004,0.45463,0.52889,0.21621
-32.521,0.57861,0.45169,0.52524,0.21935
-31.305,0.57747,0.44877,0.52186,0.22287
-29.918,0.57664,0.44574,0.51865,0.227
-28.273,0.57616,0.44245,0.51551,0.23206
-26.296,0.57608,0.4388,0.5124,0.2383
-23.933,0.57649,0.43469,0.50932,0.24597
-21.154,0.57752,0.43011,0.50636,0.25525
-19.536,0.57836,0.42754,0.50491,0.26077
-17.807,0.57944,0.42487,0.50359,0.26676
-15.974,0.58081,0.42212,0.50244,0.27322
-14.046,0.58254,0.41934,0.50157,0.28014
-12.03,0.58468,0.41657,0.50104,0.28753
-9.9387,0.58738,0.41388,0.50105,0.29538
-7.7746,0.59074,0.41132,0.50172,0.30372
-5.5255,0.59468,0.40881,0.50291,0.31256
-5.309,0.59507,0.40857,0.50303,0.31342
-5.0914,0.59547,0.40832,0.50316,0.31428
-4.8725,0.59586,0.40807,0.50327,0.31515
-4.6525,0.59625,0.40782,0.50339,0.31602
-4.431,0.59663,0.40756,0.50349,0.3169
-4.2082,0.59701,0.40729,0.50358,0.31778
-3.9838,0.59738,0.40702,0.50366,0.31866
-3.7578,0.59773,0.40673,0.50372,0.31955
-3.3006,0.59849,0.40616,0.50387,0.32135
-2.8356,0.59909,0.4055,0.50382,0.32314
-2.3619,0.59941,0.40467,0.5034,0.32489
-1.8784,0.59965,0.40378,0.50286,0.32665
-1.7793,0.59972,0.4036,0.50277,0.32702
-1.6796,0.59978,0.40342,0.50267,0.32738
-1.5796,0.59983,0.40324,0.50256,0.32775
-1.479,0.59987,0.40305,0.50243,0.32811
-1.378,0.59991,0.40285,0.5023,0.32847
-1.2765,0.59994,0.40265,0.50216,0.32884
-1.1745,0.59996,0.40245,0.502,0.3292
-1.072,0.59997,0.40224,0.50184,0.32956
-0.92739,0.60001,0.40196,0.50163,0.33008
-0.78177,0.60002,0.40166,0.5014,0.3306
-0.63513,0.59999,0.40133,0.5011,0.3311
-0.48745,0.59997,0.40101,0.50082,0.33161
-0.37664,0.60003,0.40081,0.50069,0.33202
-0.26525,0.60005,0.40058,0.50052,0.33242
-0.15327,0.59998,0.40032,0.50025,0.33279
-0.040677,0.59995,0.40006,0.50001,0.33318
0.072527,0.60006,0.39988,0.49994,0.3336
0.18633,0.60009,0.39965,0.49979,0.33401
0.30074,0.59998,0.39936,0.49945,0.33438
0.41576,0.59991,0.39908,0.49916,0.33477
0.52297,0.59997,0.39889,0.49905,0.33516
0.63069,0.6,0.39867,0.49889,0.33555
0.73894,0.59999,0.39844,0.49869,0.33592
0.84771,0.59998,0.39821,0.49849,0.3363
0.98459,0.59999,0.39792,0.49826,0.33679
1.1223,0.6,0.39764,0.49803,0.33727
1.2608,0.6,0.39734,0.49778,0.33776
1.4001,0.6,0.39705,0.49754,0.33824
1.681,0.6,0.39646,0.49705,0.33923
1.965,0.6,0.39586,0.49655,0.34023
2.252,0.6,0.39526,0.49605,0.34123
2.5418,0.6,0.39465,0.49554,0.34225
3.1294,0.6,0.39341,0.49451,0.34431
3.7266,0.6,0.39216,0.49346,0.3464
4.3321,0.59999,0.39088,0.4924,0.34852
4.9445,0.59999,0.3896,0.49132,0.35066
6.185,0.59998,0.38699,0.48914,0.355
7.4397,0.59997,0.38435,0.48693,0.35937
8.7018,0.59994,0.38171,0.48471,0.36376
9.9667,0.59991,0.37905,0.48247,0.36815
12.091,0.59984,0.37461,0.4787,0.37548
14.205,0.59973,0.3702,0.47494,0.38272
16.303,0.59957,0.36583,0.47117,0.38984
18.381,0.59938,0.36153,0.46742,0.39683
21.376,0.59899,0.35535,0.46195,0.40675
24.316,0.59848,0.34933,0.4565,0.4163
27.194,0.59782,0.34348,0.45108,0.42545
30.006,0.597,0.33781,0.44567,0.43416
35.423,0.59486,0.32704,0.43492,0.45021
40.556,0.59198,0.31706,0.4242,0.46441
45.4,0.58833,0.30785,0.41348,0.47674
49.955,0.5839,0.29939,0.40274,0.48725
54.817,0.5779,0.2906,0.39042,0.49714
59.299,0.57097,0.28272,0.37807,0.50485
63.397,0.56321,0.27569,0.36575,0.51051
67.106,0.55475,0.26946,0.35351,0.51427
70.727,0.54483,0.26347,0.34025,0.51641
73.898,0.53444,0.25828,0.32726,0.51673
76.65,0.52376,0.25377,0.31461,0.51549
79.032,0.51297,0.24984,0.30234,0.51295
81.2,0.50163,0.24622,0.28988,0.50916
83.072,0.49045,0.24304,0.27791,0.50445
84.688,0.47952,0.24024,0.26646,0.499
86.061,0.46891,0.23776,0.25556,0.49295
87.374,0.45681,0.23521,0.24335,0.4851
88.331,0.44533,0.23306,0.23199,0.47667
88.951,0.43453,0.23125,0.22148,0.46782
89.293,0.42442,0.22971,0.21178,0.45876
89.45,0.41501,0.22839,0.20283,0.44968
89.525,0.40625,0.22719,0.19454,0.44076
89.577,0.3981,0.22609,0.18683,0.43207
89.612,0.39051,0.22508,0.17965,0.42363
89.606,0.3852,0.22438,0.17465,0.41749
89.552,0.38016,0.22374,0.16991,0.41145
89.45,0.37537,0.22315,0.16543,0.40551
89.336,0.37082,0.2226,0.16119,0.39971
89.28,0.3668,0.22209,0.15741,0.39452
89.368,0.36294,0.22155,0.15374,0.38959
89.718,0.35923,0.22092,0.15012,0.38501
90.461,0.3556,0.22017,0.14647,0.38086
91.617,0.35227,0.21932,0.14299,0.37741
93.316,0.34892,0.21831,0.13936,0.37432
95.622,0.3455,0.21715,0.13554,0.3715
98.561,0.34195,0.21584,0.13149,0.36882
102.32,0.33804,0.21435,0.12699,0.36591
106.71,0.3339,0.21281,0.12226,0.36266
111.63,0.3295,0.21127,0.11731,0.35879
116.94,0.32482,0.20981,0.11219,0.35408
122.44,0.31995,0.20847,0.10701,0.34843
128.03,0.31485,0.20726,0.10176,0.34171
133.6,0.30957,0.20621,0.096483,0.3339
139.04,0.30417,0.20529,0.091218,0.32506
144.79,0.29812,0.20444,0.085472,0.31423
150.22,0.29208,0.20374,0.079848,0.30245
155.3,0.28611,0.20315,0.074388,0.28994
160.01,0.28028,0.20267,0.06913,0.2769
164.54,0.27441,0.20226,0.06389,0.26293
168.68,0.26879,0.20192,0.058926,0.24879
172.43,0.26347,0.20164,0.054256,0.23467
175.76,0.25846,0.20141,0.049888,0.22072
179.28,0.25275,0.20118,0.044948,0.20403
182.17,0.24755,0.20101,0.040464,0.18803
184.45,0.24284,0.20086,0.036421,0.17286
186.21,0.2386,0.20075,0.032795,0.15864
187.57,0.23464,0.20066,0.029414,0.14484
188.53,0.23112,0.20058,0.026415,0.13216
189.15,0.228,0.20051,0.023762,0.12057
189.43,0.22524,0.20046,0.021419,0.11003
189.33,0.22263,0.20041,0.019203,0.099797
188.8,0.22035,0.20038,0.017273,0.090658
187.88,0.21837,0.20035,0.015596,0.082542
186.68,0.21665,0.20032,0.014141,0.075365
185.43,0.21524,0.2003,0.012952,0.06941
184.14,0.21401,0.20028,0.01191,0.064125
182.86,0.21292,0.20027,0.010995,0.059434
181.56,0.21197,0.20026,0.01019,0.055271
180.33,0.21121,0.20025,0.0095481,0.051917
179.03,0.21053,0.20024,0.0089771,0.04891
177.73,0.20993,0.20023,0.0084695,0.04622
176.58,0.2094,0.20022,0.0080169,0.043814
175.97,0.20904,0.20022,0.0077124,0.042197
175.7,0.2087,0.20021,0.0074286,0.040698
175.89,0.20839,0.2002,0.0071609,0.039298
176.65,0.20809,0.20019,0.0069045,0.037974
178.04,0.20781,0.20018,0.0066609,0.036732
180.09,0.20754,0.20017,0.0064195,0.035515
182.82,0.20726,0.20015,0.0061771,0.034302
186.18,0.20698,0.20014,0.0059312,0.033074
190.32,0.20668,0.20012,0.005666,0.031742
194.94,0.20637,0.2001,0.0053947,0.030367
199.89,0.20605,0.20009,0.0051178,0.028944
204.99,0.20573,0.20008,0.0048368,0.027479
210.06,0.2054,0.20006,0.004557,0.025998
215.01,0.20508,0.20005,0.004278,0.024502
219.76,0.20476,0.20005,0.0040028,0.023008
224.26,0.20444,0.20004,0.0037338,0.021532
231.34,0.20392,0.20003,0.0032905,0.019071
237.54,0.20344,0.20002,0.0028824,0.016777
242.86,0.203,0.20002,0.0025154,0.014692
247.27,0.20262,0.20001,0.0021922,0.012842
250.05,0.20235,0.20001,0.0019703,0.011565
252.23,0.20212,0.20001,0.0017746,0.010433
253.84,0.20192,0.20001,0.0016038,0.0094412
254.94,0.20174,0.20001,0.0014562,0.0085815
255.6,0.20159,0.20001,0.0013296,0.0078426
255.91,0.20146,0.20001,0.001222,0.007213
255.9,0.20135,0.20001,0.0011313,0.006681
255.6,0.20126,0.20001,0.0010553,0.006235
255.03,0.20119,0.20001,0.00099484,0.005879
254.15,0.20113,0.20001,0.00094496,0.005585
252.96,0.20108,0.20001,0.00090461,0.0053464
251.49,0.20104,0.20001,0.00087277,0.0051577
249.8,0.20101,0.20001,0.00084854,0.0050134
247.98,0.20099,0.20001,0.00083107,0.0049087
246.1,0.20098,0.20001,0.00081949,0.0048386
244.22,0.20097,0.20001,0.00081299,0.0047982
242.66,0.20097,0.20001,0.0008109,0.0047841
241.1,0.20097,0.20001,0.00081149,0.0047857
239.5,0.20097,0.20001,0.0008145,0.0048014
237.87,0.20098,0.20001,0.00081974,0.0048299
236.19,0.20099,0.20001,0.00082706,0.0048705
234.52,0.201,0.20001,0.00083631,0.0049224
232.93,0.20101,0.20001,0.00084725,0.0049841
231.57,0.20102,0.20001,0.00085947,0.0050534
230.61,0.20104,0.20001,0.00087189,0.0051245
230.17,0.20105,0.20001,0.00088413,0.0051953
230.37,0.20107,0.20001,0.00089525,0.0052607
231.34,0.20108,0.20001,0.00090417,0.0053144
233.03,0.20108,0.20001,0.0009096,0.005349
235.48,0.20109,0.20001,0.00091105,0.0053614
238.62,0.20108,0.20001,0.00090784,0.0053474
242.37,0.20107,0.20001,0.00089955,0.005304
247.41,0.20105,0.20001,0.00088289,0.0052126
252.83,0.20103,0.2,0.00085935,0.0050802
258.38,0.20099,0.2,0.00082988,0.004912
263.83,0.20095,0.2,0.00079577,0.0047155
268.65,0.20091,0.2,0.0007614,0.0045161
273.16,0.20087,0.2,0.00072556,0.0043072
277.33,0.20082,0.2,0.00068929,0.0040949
281.14,0.20078,0.2,0.00065349,0.0038848
284.9,0.20074,0.2,0.00061588,0.0036635
288.24,0.20069,0.2,0.00058032,0.0034539
291.16,0.20066,0.2,0.00054726,0.0032587
293.65,0.20062,0.2,0.00051704,0.0030799
296.08,0.20058,0.2,0.00048404,0.0028845
297.81,0.20055,0.2,0.00045575,0.0027168
298.88,0.20052,0.2,0.00043213,0.0025766
299.36,0.20049,0.2,0.00041294,0.0024625
299.38,0.20048,0.2,0.00039777,0.0023723
299.01,0.20046,0.2,0.00038625,0.0023036
298.28,0.20045,0.2,0.00037796,0.0022542
297.19,0.20045,0.2,0.00037256,0.0022219
295.68,0.20044,0.2,0.00036976,0.002205
293.76,0.20044,0.2,0.00036952,0.0022031
291.46,0.20045,0.2,0.00037172,0.0022158
288.89,0.20045,0.2,0.00037622,0.002242
286.22,0.20046,0.2,0.00038273,0.0022801
283.53,0.20047,0.2,0.000391,0.0023286
280.86,0.20048,0.2,0.00040078,0.002386
278.19,0.20049,0.2,0.00041186,0.0024511
275.59,0.20051,0.2,0.00042348,0.0025192
272.92,0.20052,0.2,0.0004362,0.0025938
270.26,0.20054,0.2,0.00045,0.0026747
267.81,0.20056,0.2,0.00046465,0.0027605
266.27,0.20057,0.2,0.00047608,0.0028276
265.22,0.20058,0.2,0.00048731,0.0028936
264.79,0.2006,0.2,0.0004978,0.0029555
265.14,0.20061,0.2,0.00050689,0.0030095
266.25,0.20061,0.2,0.00051354,0.0030494
268.14,0.20062,0.2,0.00051773,0.003075
270.78,0.20062,0.2,0.000519,0.0030837
274.08,0.20062,0.2,0.00051704,0.0030735
278.33,0.20061,0.2,0.00051098,0.0030392
283.01,0.2006,0.2,0.00050103,0.0029818
287.89,0.20058,0.2,0.00048765,0.0029039
292.78,0.20056,0.2,0.0004715,0.0028092
297.36,0.20054,0.2,0.00045396,0.002706
301.7,0.20052,0.2,0.00043529,0.0025959
305.72,0.2005,0.2,0.00041615,0.0024828
309.42,0.20048,0.2,0.00039712,0.0023701
313.28,0.20045,0.2,0.00037586,0.002244
316.7,0.20043,0.2,0.00035584,0.0021251
319.68,0.2004,0.2,0.00033736,0.0020152
322.2,0.20038,0.2,0.00032066,0.0019159
324.55,0.20036,0.2,0.0003035,0.0018138
326.21,0.20035,0.2,0.00028901,0.0017275
327.2,0.20033,0.2,0.00027719,0.001657
327.58,0.20032,0.2,0.00026791,0.0016016
327.46,0.20031,0.2,0.00026095,0.0015601
326.93,0.20031,0.2,0.00025609,0.001531
326.05,0.2003,0.2,0.00025309,0.0015131
324.82,0.2003,0.2,0.00025172,0.0015048
323.21,0.2003,0.2,0.00025182,0.0015053
321.2,0.2003,0.2,0.00025335,0.0015143
318.79,0.20031,0.2,0.00025631,0.0015318
316.07,0.20031,0.2,0.00026065,0.0015575
313.14,0.20032,0.2,0.00026631,0.001591
310.14,0.20033,0.2,0.00027315,0.0016315
307.15,0.20034,0.2,0.00028101,0.001678
304.18,0.20035,0.2,0.00028973,0.0017296
301.59,0.20036,0.2,0.00029792,0.0017781
298.93,0.20037,0.2,0.0003067,0.00183
296.23,0.20038,0.2,0.00031608,0.0018855
293.53,0.20039,0.2,0.00032605,0.0019444
291.46,0.2004,0.2,0.00033448,0.0019942
289.62,0.20041,0.2,0.0003431,0.0020452
288.15,0.20042,0.2,0.0003517,0.0020961
287.19,0.20043,0.2,0.00035997,0.002145
286.89,0.20044,0.2,0.00036749,0.0021896
287.34,0.20045,0.2,0.00037379,0.0022272
288.6,0.20045,0.2,0.00037844,0.0022551
290.66,0.20046,0.2,0.00038099,0.0022708
293.57,0.20046,0.2,0.00038109,0.0022719
297.14,0.20045,0.2,0.00037847,0.002257
301.19,0.20045,0.2,0.00037317,0.0022262
305.55,0.20044,0.2,0.00036539,0.0021805
310,0.20043,0.2,0.00035558,0.0021228
314.41,0.20041,0.2,0.0003442,0.0020555
318.64,0.2004,0.2,0.00033174,0.0019816
322.62,0.20038,0.2,0.00031871,0.0019043
328.93,0.20035,0.2,0.00029587,0.0017686
334.27,0.20033,0.2,0.00027427,0.00164
338.64,0.20031,0.2,0.00025462,0.001523
342.02,0.20029,0.2,0.00023799,0.0014238
343.82,0.20027,0.2,0.00022799,0.0013641
345.02,0.20026,0.2,0.00021968,0.0013145
345.63,0.20026,0.2,0.00021305,0.0012749
345.73,0.20025,0.2,0.00020801,0.0012448
345.4,0.20025,0.2,0.00020441,0.0012233
344.71,0.20024,0.2,0.00020212,0.0012095
343.71,0.20024,0.2,0.00020099,0.0012027
342.4,0.20024,0.2,0.0002009,0.0012022
340.63,0.20024,0.2,0.00020184,0.0012077
338.43,0.20024,0.2,0.00020387,0.0012198
335.82,0.20025,0.2,0.00020701,0.0012384
332.87,0.20025,0.2,0.00021123,0.0012635
329.69,0.20026,0.2,0.00021651,0.0012949
326.43,0.20027,0.2,0.00022274,0.0013319
323.18,0.20028,0.2,0.00022978,0.0013738
319.95,0.20028,0.2,0.00023753,0.0014198
315.7,0.2003,0.2,0.00024846,0.0014847
311.31,0.20031,0.2,0.00026059,0.0015567
306.97,0.20033,0.2,0.00027399,0.0016361
303.28,0.20035,0.2,0.000288,0.0017192
301.73,0.20036,0.2,0.00029639,0.001769
301.03,0.20036,0.2,0.00030406,0.0018146
301.32,0.20037,0.2,0.00031047,0.0018528
302.7,0.20038,0.2,0.00031498,0.0018799
304.95,0.20038,0.2,0.00031697,0.001892
308.02,0.20038,0.2,0.00031659,0.0018902
311.76,0.20038,0.2,0.00031377,0.0018738
315.98,0.20037,0.2,0.00030856,0.0018432
320.37,0.20036,0.2,0.00030141,0.001801
324.81,0.20035,0.2,0.00029264,0.001749
329.15,0.20034,0.2,0.0002827,0.00169
333.28,0.20033,0.2,0.00027207,0.0016268
338.11,0.20031,0.2,0.00025827,0.0015447
342.42,0.20029,0.2,0.00024475,0.0014642
346.2,0.20028,0.2,0.00023195,0.0013879
349.46,0.20026,0.2,0.00022028,0.0013182
352.08,0.20025,0.2,0.00021043,0.0012594
354.19,0.20024,0.2,0.00020181,0.001208
355.78,0.20023,0.2,0.00019446,0.0011641
356.82,0.20023,0.2,0.00018839,0.0011278
357.35,0.20022,0.2,0.0001833,0.0010974
357.36,0.20022,0.2,0.00017953,0.0010749
356.93,0.20021,0.2,0.00017699,0.0010597
356.13,0.20021,0.2,0.00017554,0.001051
355.07,0.20021,0.2,0.00017504,0.0010479
353.72,0.20021,0.2,0.00017533,0.0010497
352.06,0.20021,0.2,0.00017638,0.0010559
350.07,0.20021,0.2,0.00017816,0.0010665
347.79,0.20022,0.2,0.0001806,0.001081
345.22,0.20022,0.2,0.00018376,0.0010998
342.42,0.20022,0.2,0.00018763,0.0011229
339.48,0.20023,0.2,0.00019219,0.00115
336.5,0.20024,0.2,0.00019735,0.0011807
333.53,0.20024,0.2,0.00020304,0.0012146
330.59,0.20025,0.2,0.0002092,0.0012512
327.64,0.20026,0.2,0.00021577,0.0012903
324.55,0.20027,0.2,0.00022297,0.0013331
321.39,0.20028,0.2,0.00023064,0.0013787
318.22,0.20029,0.2,0.00023881,0.0014273
315.22,0.2003,0.2,0.00024738,0.0014782
313.11,0.2003,0.2,0.00025434,0.0015195
311.44,0.20031,0.2,0.00026123,0.0015605
310.37,0.20032,0.2,0.00026776,0.0015994
310.03,0.20033,0.2,0.00027359,0.0016341
310.5,0.20033,0.2,0.00027817,0.0016615
311.79,0.20034,0.2,0.00028138,0.0016807
313.89,0.20034,0.2,0.00028292,0.0016901
316.7,0.20034,0.2,0.00028262,0.0016885
320.53,0.20034,0.2,0.00027998,0.0016731
324.87,0.20033,0.2,0.00027506,0.0016441
329.46,0.20032,0.2,0.00026816,0.0016033
334.1,0.20031,0.2,0.00025972,0.0015531
338.39,0.2003,0.2,0.00025071,0.0014996
342.43,0.20029,0.2,0.00024119,0.0014429
346.17,0.20028,0.2,0.00023154,0.0013854
349.57,0.20027,0.2,0.00022208,0.001329
353.13,0.20025,0.2,0.00021162,0.0012666
356.24,0.20024,0.2,0.00020197,0.001209
358.91,0.20023,0.2,0.00019327,0.001157
361.11,0.20022,0.2,0.0001856,0.0011112
363.04,0.20021,0.2,0.00017811,0.0010665
364.28,0.20021,0.2,0.00017204,0.0010302
364.86,0.2002,0.2,0.00016738,0.0010023
364.83,0.2002,0.2,0.00016404,0.00098238
364.29,0.20019,0.2,0.0001619,0.00096957
363.35,0.20019,0.2,0.00016084,0.00096321
362.06,0.20019,0.2,0.00016075,0.00096262
360.42,0.20019,0.2,0.0001615,0.0009671
358.4,0.2002,0.2,0.00016303,0.00097617
355.95,0.2002,0.2,0.00016536,0.00099005
353.1,0.2002,0.2,0.00016852,0.0010089
349.91,0.20021,0.2,0.00017252,0.0010328
346.52,0.20021,0.2,0.00017733,0.0010614
343.05,0.20022,0.2,0.00018287,0.0010944
339.6,0.20023,0.2,0.00018904,0.0011312
336.17,0.20023,0.2,0.00019575,0.0011711
333.02,0.20024,0.2,0.0002023,0.0012101
329.8,0.20025,0.2,0.00020927,0.0012516
326.52,0.20026,0.2,0.0002167,0.0012959
323.29,0.20027,0.2,0.00022457,0.0013427
320.95,0.20028,0.2,0.00023085,0.00138
318.88,0.20028,0.2,0.00023722,0.0014178
317.24,0.20029,0.2,0.00024351,0.0014553
316.17,0.2003,0.2,0.00024946,0.0014907
315.8,0.20031,0.2,0.00025476,0.0015223
316.23,0.20031,0.2,0.00025908,0.0015481
317.5,0.20031,0.2,0.00026209,0.0015662
319.58,0.20032,0.2,0.00026354,0.0015749
322.55,0.20032,0.2,0.00026312,0.0015727
326.18,0.20031,0.2,0.00026069,0.0015585
330.25,0.20031,0.2,0.00025636,0.0015329
334.57,0.2003,0.2,0.00025037,0.0014973
338.83,0.20029,0.2,0.00024324,0.001455
342.99,0.20028,0.2,0.00023526,0.0014075
346.93,0.20027,0.2,0.00022676,0.0013569
350.59,0.20026,0.2,0.00021812,0.0013054
355.75,0.20025,0.2,0.00020493,0.0012267
360.13,0.20023,0.2,0.00019275,0.001154
363.73,0.20022,0.2,0.00018185,0.0010889
366.53,0.20021,0.2,0.00017265,0.0010339
368.34,0.2002,0.2,0.00016586,0.00099332
369.39,0.20019,0.2,0.00016053,0.00096143
369.71,0.20019,0.2,0.00015662,0.00093808
369.4,0.20018,0.2,0.00015404,0.00092263
368.59,0.20018,0.2,0.00015262,0.00091413
367.36,0.20018,0.2,0.00015225,0.00091185
365.74,0.20018,0.2,0.0001528,0.00091515
363.72,0.20018,0.2,0.0001542,0.00092345
361.35,0.20019,0.2,0.00015628,0.00093586
358.54,0.20019,0.2,0.00015915,0.00095298
355.36,0.2002,0.2,0.00016284,0.00097498
351.92,0.2002,0.2,0.00016733,0.0010017
348.44,0.20021,0.2,0.00017243,0.0010321
344.95,0.20021,0.2,0.00017814,0.0010662
341.49,0.20022,0.2,0.00018438,0.0011034
338.04,0.20023,0.2,0.00019109,0.0011434
334.62,0.20024,0.2,0.00019802,0.0011847
331.13,0.20025,0.2,0.00020543,0.0012288
327.65,0.20026,0.2,0.00021334,0.0012758
324.39,0.20027,0.2,0.00022163,0.0013251
322.2,0.20027,0.2,0.00022825,0.0013645
320.56,0.20028,0.2,0.0002347,0.001403
319.64,0.20029,0.2,0.00024068,0.0014385
319.59,0.20029,0.2,0.00024577,0.0014689
320.42,0.2003,0.2,0.00024934,0.0014903
322.09,0.2003,0.2,0.00025149,0.0015033
324.54,0.2003,0.2,0.00025203,0.0015066
327.66,0.2003,0.2,0.00025082,0.0014996
332.05,0.2003,0.2,0.00024708,0.0014776
336.86,0.20029,0.2,0.00024116,0.0014425
341.8,0.20028,0.2,0.00023349,0.0013969
346.62,0.20027,0.2,0.00022464,0.0013442
350.85,0.20026,0.2,0.00021587,0.0012919
354.74,0.20025,0.2,0.00020698,0.0012389
358.26,0.20024,0.2,0.00019829,0.0011871
361.41,0.20023,0.2,0.00019006,0.0011379
364.36,0.20022,0.2,0.00018201,0.0010899
366.89,0.20021,0.2,0.00017476,0.0010465
369,0.2002,0.2,0.00016835,0.0010082
370.66,0.2002,0.2,0.00016282,0.00097518
371.98,0.20019,0.2,0.00015752,0.00094349
372.67,0.20018,0.2,0.00015339,0.00091876
372.76,0.20018,0.2,0.00015038,0.00090079
372.35,0.20018,0.2,0.00014842,0.00088905
371.5,0.20018,0.2,0.00014737,0.00088276
370.3,0.20018,0.2,0.00014718,0.00088159
368.76,0.20018,0.2,0.00014776,0.00088504
366.87,0.20018,0.2,0.00014904,0.00089267
364.51,0.20018,0.2,0.00015105,0.00090461
361.73,0.20018,0.2,0.0001538,0.00092106
358.55,0.20019,0.2,0.00015734,0.00094218
355.1,0.20019,0.2,0.00016166,0.00096791
351.46,0.2002,0.2,0.00016677,0.00099838
347.8,0.20021,0.2,0.00017252,0.0010327
344.18,0.20021,0.2,0.00017884,0.0010704
340.57,0.20022,0.2,0.00018563,0.0011108
337.06,0.20023,0.2,0.00019251,0.0011518
333.48,0.20024,0.2,0.00019987,0.0011957
329.92,0.20025,0.2,0.00020773,0.0012424
326.61,0.20026,0.2,0.00021595,0.0012914
324.36,0.20027,0.2,0.00022265,0.0013313
322.73,0.20027,0.2,0.00022913,0.0013699
321.92,0.20028,0.2,0.00023504,0.0014051
322.09,0.20029,0.2,0.00023993,0.0014343
323.14,0.20029,0.2,0.00024308,0.0014531
325.03,0.20029,0.2,0.00024476,0.0014633
327.69,0.20029,0.2,0.00024479,0.0014636
330.99,0.20029,0.2,0.00024309,0.0014537
335.3,0.20029,0.2,0.00023912,0.0014302
339.93,0.20028,0.2,0.00023327,0.0013955
344.64,0.20027,0.2,0.00022596,0.001352
349.21,0.20026,0.2,0.00021766,0.0013026
353.46,0.20025,0.2,0.000209,0.001251
357.36,0.20024,0.2,0.00020028,0.0011989
360.87,0.20023,0.2,0.00019178,0.0011482
363.99,0.20022,0.2,0.00018379,0.0011005
366.86,0.20021,0.2,0.00017614,0.0010548
369.31,0.2002,0.2,0.00016928,0.0010138
371.34,0.2002,0.2,0.00016325,0.00097774
372.9,0.20019,0.2,0.00015807,0.00094676
374.1,0.20018,0.2,0.00015322,0.00091776
374.69,0.20018,0.2,0.00014946,0.00089527
374.71,0.20018,0.2,0.00014675,0.00087909
374.24,0.20017,0.2,0.00014502,0.00086872
373.36,0.20017,0.2,0.00014414,0.00086344
372.14,0.20017,0.2,0.00014406,0.00086292
370.59,0.20017,0.2,0.0001447,0.00086673
368.7,0.20018,0.2,0.000146,0.00087446
366.34,0.20018,0.2,0.00014799,0.00088637
363.56,0.20018,0.2,0.00015071,0.0009026
360.39,0.20018,0.2,0.00015419,0.00092332
356.95,0.20019,0.2,0.0001584,0.00094846
353.27,0.2002,0.2,0.00016345,0.00097857
349.58,0.2002,0.2,0.00016913,0.0010125
345.92,0.20021,0.2,0.00017537,0.0010497
342.27,0.20022,0.2,0.00018208,0.0010897
338.72,0.20023,0.2,0.00018889,0.0011303
335.09,0.20024,0.2,0.00019619,0.0011737
331.48,0.20024,0.2,0.00020398,0.0012201
328.13,0.20025,0.2,0.00021213,0.0012686
326.07,0.20026,0.2,0.0002181,0.0013042
324.5,0.20027,0.2,0.00022391,0.0013388
323.58,0.20027,0.2,0.00022932,0.001371
323.42,0.20028,0.2,0.000234,0.001399
324.1,0.20028,0.2,0.00023759,0.0014204
325.62,0.20029,0.2,0.00023985,0.001434
327.93,0.20029,0.2,0.00024059,0.0014386
330.94,0.20029,0.2,0.00023968,0.0014333
335.35,0.20028,0.2,0.00023627,0.0014132
340.23,0.20028,0.2,0.00023063,0.0013798
345.26,0.20027,0.2,0.00022323,0.0013357
350.18,0.20026,0.2,0.00021463,0.0012845
354.36,0.20025,0.2,0.00020635,0.0012352
358.22,0.20024,0.2,0.00019797,0.0011852
361.7,0.20023,0.2,0.00018978,0.0011363
364.81,0.20022,0.2,0.00018204,0.00109
367.74,0.20021,0.2,0.00017445,0.0010447
370.25,0.2002,0.2,0.00016763,0.0010039
372.33,0.20019,0.2,0.0001616,0.00096792
373.96,0.20019,0.2,0.00015642,0.00093691
375.26,0.20018,0.2,0.00015146,0.00090724
375.92,0.20018,0.2,0.00014761,0.00088421
375.99,0.20017,0.2,0.00014484,0.00086765
375.53,0.20017,0.2,0.00014307,0.00085704
374.65,0.20017,0.2,0.00014217,0.00085164
373.41,0.20017,0.2,0.00014208,0.00085112
371.84,0.20017,0.2,0.00014274,0.00085503
369.91,0.20017,0.2,0.00014407,0.00086293
367.51,0.20018,0.2,0.00014608,0.00087495
364.68,0.20018,0.2,0.00014882,0.00089131
361.47,0.20018,0.2,0.00015232,0.00091217
357.97,0.20019,0.2,0.00015656,0.00093747
354.3,0.20019,0.2,0.00016156,0.00096731
350.6,0.2002,0.2,0.00016719,0.0010009
346.94,0.20021,0.2,0.00017335,0.0010376
343.29,0.20022,0.2,0.00017997,0.0010771
339.75,0.20022,0.2,0.00018668,0.0011171
336.13,0.20023,0.2,0.00019386,0.0011599
332.53,0.20024,0.2,0.00020152,0.0012055
329.19,0.20025,0.2,0.00020953,0.0012532
326.9,0.20026,0.2,0.00021608,0.0012921
325.25,0.20027,0.2,0.00022241,0.0013298
324.42,0.20027,0.2,0.00022817,0.0013642
324.56,0.20028,0.2,0.00023293,0.0013926
325.6,0.20028,0.2,0.00023599,0.001411
327.48,0.20028,0.2,0.00023761,0.0014208
330.14,0.20028,0.2,0.00023763,0.001421
333.43,0.20028,0.2,0.00023596,0.0014113
337.72,0.20028,0.2,0.0002321,0.0013884
342.33,0.20027,0.2,0.00022643,0.0013547
347,0.20026,0.2,0.00021934,0.0013126
351.55,0.20025,0.2,0.00021133,0.0012648
355.78,0.20024,0.2,0.00020294,0.0012148
359.66,0.20023,0.2,0.00019451,0.0011645
363.15,0.20022,0.2,0.00018631,0.0011155
366.26,0.20021,0.2,0.0001786,0.0010695
369.1,0.20021,0.2,0.00017126,0.0010256
371.52,0.2002,0.2,0.00016468,0.00098631
373.52,0.20019,0.2,0.0001589,0.00095179
375.06,0.20018,0.2,0.00015396,0.00092221
376.22,0.20018,0.2,0.00014935,0.00089465
376.77,0.20017,0.2,0.00014579,0.00087337
376.76,0.20017,0.2,0.00014326,0.00085818
376.27,0.20017,0.2,0.00014166,0.0008486
375.36,0.20017,0.2,0.00014088,0.00084392
374.12,0.20017,0.2,0.00014086,0.00084383
372.55,0.20017,0.2,0.00014155,0.00084793
370.64,0.20017,0.2,0.00014287,0.00085581
368.26,0.20017,0.2,0.00014488,0.00086775
365.45,0.20018,0.2,0.00014758,0.00088389
362.26,0.20018,0.2,0.00015102,0.00090439
358.8,0.20019,0.2,0.00015517,0.00092921
355.1,0.20019,0.2,0.00016015,0.00095891
351.38,0.2002,0.2,0.00016576,0.00099233
347.7,0.20021,0.2,0.0001719,0.001029
344.02,0.20021,0.2,0.0001785,0.0010683
340.44,0.20022,0.2,0.00018522,0.0011084
336.79,0.20023,0.2,0.0001924,0.0011512
333.15,0.20024,0.2,0.00020008,0.0011969
329.78,0.20025,0.2,0.0002081,0.0012447
327.7,0.20026,0.2,0.00021398,0.0012797
326.11,0.20026,0.2,0.0002197,0.0013137
325.17,0.20027,0.2,0.00022502,0.0013455
325.01,0.20028,0.2,0.00022963,0.0013729
325.68,0.20028,0.2,0.00023315,0.001394
327.19,0.20028,0.2,0.00023537,0.0014073
329.51,0.20028,0.2,0.00023608,0.0014118
332.51,0.20028,0.2,0.00023517,0.0014065
336.9,0.20028,0.2,0.00023182,0.0013867
341.76,0.20027,0.2,0.0002263,0.0013539
346.77,0.20026,0.2,0.00021906,0.0013108
351.66,0.20025,0.2,0.00021065,0.0012608
355.84,0.20024,0.2,0.00020254,0.0012124
359.68,0.20023,0.2,0.00019435,0.0011635
363.15,0.20022,0.2,0.00018634,0.0011157
366.25,0.20021,0.2,0.00017877,0.0010705
369.16,0.20021,0.2,0.00017138,0.0010263
371.65,0.2002,0.2,0.00016473,0.00098659
373.72,0.20019,0.2,0.00015887,0.00095156
375.34,0.20018,0.2,0.00015382,0.00092141
376.62,0.20018,0.2,0.00014901,0.00089265
377.26,0.20017,0.2,0.00014529,0.00087038
377.31,0.20017,0.2,0.00014263,0.00085444
376.84,0.20017,0.2,0.00014094,0.00084432
375.94,0.20017,0.2,0.0001401,0.00083929
374.69,0.20017,0.2,0.00014006,0.00083904
373.1,0.20017,0.2,0.00014075,0.00084312
371.15,0.20017,0.2,0.00014209,0.00085111
368.74,0.20017,0.2,0.00014411,0.00086315
365.9,0.20018,0.2,0.00014684,0.00087945
362.67,0.20018,0.2,0.00015031,0.00090018
359.16,0.20019,0.2,0.00015452,0.00092528
355.47,0.20019,0.2,0.00015948,0.00095488
351.76,0.2002,0.2,0.00016505,0.00098813
348.08,0.20021,0.2,0.00017116,0.0010245
344.41,0.20021,0.2,0.00017772,0.0010636
340.85,0.20022,0.2,0.00018436,0.0011033
337.21,0.20023,0.2,0.00019147,0.0011456
333.6,0.20024,0.2,0.00019905,0.0011908
330.24,0.20025,0.2,0.00020698,0.001238
327.94,0.20026,0.2,0.00021347,0.0012766
326.27,0.20026,0.2,0.00021974,0.001314
325.44,0.20027,0.2,0.00022544,0.001348
325.58,0.20028,0.2,0.00023016,0.0013761
326.62,0.20028,0.2,0.00023317,0.0013942
328.5,0.20028,0.2,0.00023476,0.0014038
331.16,0.20028,0.2,0.00023477,0.001404
334.45,0.20028,0.2,0.0002331,0.0013942
338.73,0.20027,0.2,0.00022927,0.0013716
343.32,0.20027,0.2,0.00022367,0.0013383
347.99,0.20026,0.2,0.00021668,0.0012967
352.51,0.20025,0.2,0.00020878,0.0012496
356.74,0.20024,0.2,0.0002005,0.0012003
360.61,0.20023,0.2,0.00019218,0.0011506
364.1,0.20022,0.2,0.0001841,0.0011023
367.19,0.20021,0.2,0.00017651,0.001057
370.02,0.2002,0.2,0.00016929,0.0010138
372.44,0.2002,0.2,0.00016282,0.0009752
374.42,0.20019,0.2,0.00015715,0.0009413
375.95,0.20018,0.2,0.0001523,0.00091229
377.09,0.20018,0.2,0.00014779,0.00088533
377.63,0.20017,0.2,0.00014432,0.00086456
377.61,0.20017,0.2,0.00014185,0.00084978
377.1,0.20017,0.2,0.0001403,0.00084051
376.19,0.20017,0.2,0.00013957,0.00083608
374.93,0.20017,0.2,0.00013958,0.00083617
373.35,0.20017,0.2,0.00014029,0.00084038
371.43,0.20017,0.2,0.00014162,0.00084832
369.04,0.20017,0.2,0.00014362,0.00086027
366.23,0.20018,0.2,0.00014632,0.00087636
363.03,0.20018,0.2,0.00014974,0.00089678
359.57,0.20018,0.2,0.00015387,0.00092145
355.85,0.20019,0.2,0.00015883,0.00095099
352.13,0.2002,0.2,0.00016439,0.0009842
348.43,0.2002,0.2,0.0001705,0.0010206
344.74,0.20021,0.2,0.00017706,0.0010597
341.15,0.20022,0.2,0.00018373,0.0010995
337.48,0.20023,0.2,0.00019087,0.0011421
333.84,0.20024,0.2,0.0001985,0.0011875
330.45,0.20025,0.2,0.00020648,0.001235
328.36,0.20025,0.2,0.00021232,0.0012698
326.77,0.20026,0.2,0.00021801,0.0013037
325.83,0.20027,0.2,0.00022329,0.0013352
325.66,0.20027,0.2,0.00022786,0.0013624
326.33,0.20028,0.2,0.00023136,0.0013833
327.84,0.20028,0.2,0.00023356,0.0013966
330.15,0.20028,0.2,0.00023426,0.0014009
333.15,0.20028,0.2,0.00023335,0.0013957
337.54,0.20028,0.2,0.00023003,0.001376
342.39,0.20027,0.2,0.00022455,0.0013435
347.39,0.20026,0.2,0.00021737,0.0013008
352.27,0.20025,0.2,0.00020905,0.0012512
356.44,0.20024,0.2,0.00020101,0.0012033
360.28,0.20023,0.2,0.00019288,0.0011548
363.74,0.20022,0.2,0.00018495,0.0011074
366.84,0.20021,0.2,0.00017746,0.0010627
369.74,0.2002,0.2,0.00017014,0.0010189
372.23,0.2002,0.2,0.00016356,0.0009796
374.29,0.20019,0.2,0.00015776,0.00094495
375.9,0.20018,0.2,0.00015278,0.00091516
377.17,0.20018,0.2,0.00014803,0.00088676
377.81,0.20017,0.2,0.00014436,0.0008648
377.85,0.20017,0.2,0.00014174,0.0008491
377.37,0.20017,0.2,0.00014008,0.00083917
376.47,0.20017,0.2,0.00013927,0.0008343
375.21,0.20017,0.2,0.00013924,0.00083415
373.61,0.20017,0.2,0.00013994,0.0008383
371.66,0.20017,0.2,0.00014129,0.00084632
369.25,0.20017,0.2,0.00014331,0.00085837
366.4,0.20018,0.2,0.00014603,0.00087464
363.16,0.20018,0.2,0.0001495,0.00089532
359.65,0.20018,0.2,0.00015369,0.00092034
355.95,0.20019,0.2,0.00015863,0.00094983
352.23,0.2002,0.2,0.00016419,0.00098296
348.54,0.2002,0.2,0.00017027,0.0010192
344.87,0.20021,0.2,0.0001768,0.0010582
341.3,0.20022,0.2,0.00018342,0.0010976
337.66,0.20023,0.2,0.00019049,0.0011398
334.04,0.20024,0.2,0.00019805,0.0011848
330.67,0.20025,0.2,0.00020595,0.0012318
328.37,0.20025,0.2,0.00021241,0.0012703
326.7,0.20026,0.2,0.00021865,0.0013075
325.85,0.20027,0.2,0.00022434,0.0013414
326,0.20027,0.2,0.00022903,0.0013694
327.03,0.20028,0.2,0.00023203,0.0013874
328.92,0.20028,0.2,0.00023361,0.0013969
331.57,0.20028,0.2,0.0002336,0.0013971
334.87,0.20028,0.2,0.00023194,0.0013873
339.14,0.20027,0.2,0.00022813,0.0013647
343.73,0.20027,0.2,0.00022255,0.0013316
348.39,0.20026,0.2,0.0002156,0.0012903
352.91,0.20025,0.2,0.00020775,0.0012435
357.14,0.20024,0.2,0.00019951,0.0011943
361,0.20023,0.2,0.00019124,0.001145
364.49,0.20022,0.2,0.0001832,0.001097
367.58,0.20021,0.2,0.00017566,0.0010519
370.4,0.2002,0.2,0.00016848,0.0010091
372.81,0.20019,0.2,0.00016206,0.00097069
374.79,0.20019,0.2,0.00015644,0.00093705
376.31,0.20018,0.2,0.00015162,0.00090826
377.45,0.20018,0.2,0.00014716,0.00088154
377.98,0.20017,0.2,0.00014372,0.00086097
377.95,0.20017,0.2,0.00014128,0.00084636
377.44,0.20017,0.2,0.00013975,0.00083723
376.52,0.20017,0.2,0.00013903,0.0008329
375.26,0.20017,0.2,0.00013906,0.00083306
373.68,0.20017,0.2,0.00013978,0.00083731
371.76,0.20017,0.2,0.00014111,0.00084527
369.36,0.20017,0.2,0.00014311,0.00085722
366.55,0.20017,0.2,0.00014581,0.0008733
363.35,0.20018,0.2,0.00014922,0.00089368
359.88,0.20018,0.2,0.00015335,0.00091829
356.16,0.20019,0.2,0.00015828,0.00094776
352.43,0.2002,0.2,0.00016384,0.0009809
348.73,0.2002,0.2,0.00016993,0.0010172
345.04,0.20021,0.2,0.00017647,0.0010562
341.44,0.20022,0.2,0.00018313,0.0010959
337.77,0.20023,0.2,0.00019025,0.0011384
334.12,0.20024,0.2,0.00019786,0.0011837
330.73,0.20025,0.2,0.00020582,0.0012311
328.64,0.20025,0.2,0.00021165,0.0012658
327.04,0.20026,0.2,0.00021732,0.0012995
326.1,0.20027,0.2,0.00022259,0.001331
325.92,0.20027,0.2,0.00022714,0.0013582
326.59,0.20028,0.2,0.00023063,0.001379
328.11,0.20028,0.2,0.00023282,0.0013922
330.42,0.20028,0.2,0.00023352,0.0013965
333.41,0.20028,0.2,0.00023261,0.0013912
337.8,0.20027,0.2,0.0002293,0.0013716
342.64,0.20027,0.2,0.00022384,0.0013393
347.64,0.20026,0.2,0.00021669,0.0012967
352.52,0.20025,0.2,0.00020839,0.0012473
356.69,0.20024,0.2,0.00020038,0.0011995
360.52,0.20023,0.2,0.00019229,0.0011512
363.99,0.20022,0.2,0.00018438,0.001104
367.08,0.20021,0.2,0.00017692,0.0010595
369.98,0.2002,0.2,0.00016963,0.0010159
372.47,0.2002,0.2,0.00016308,0.00097675
374.53,0.20019,0.2,0.00015731,0.00094226
376.14,0.20018,0.2,0.00015235,0.00091261
377.4,0.20018,0.2,0.00014763,0.00088435
378.03,0.20017,0.2,0.00014398,0.00086252
378.07,0.20017,0.2,0.00014137,0.00084693
377.59,0.20017,0.2,0.00013973,0.00083708
376.69,0.20017,0.2,0.00013893,0.00083226
375.42,0.20017,0.2,0.00013891,0.00083216
373.82,0.20017,0.2,0.00013961,0.00083633
371.87,0.20017,0.2,0.00014096,0.00084437
369.45,0.20017,0.2,0.00014298,0.00085642
366.6,0.20017,0.2,0.0001457,0.00087268
363.36,0.20018,0.2,0.00014917,0.00089334
359.85,0.20018,0.2,0.00015335,0.00091832
356.14,0.20019,0.2,0.00015829,0.00094778
352.42,0.2002,0.2,0.00016383,0.00098085
348.74,0.2002,0.2,0.0001699,0.0010171
345.06,0.20021,0.2,0.00017643,0.001056
341.49,0.20022,0.2,0.00018303,0.0010953
337.84,0.20023,0.2,0.0001901,0.0011374
334.22,0.20024,0.2,0.00019764,0.0011824
330.85,0.20025,0.2,0.00020553,0.0012293
328.54,0.20025,0.2,0.00021198,0.0012677
326.87,0.20026,0.2,0.00021821,0.0013049
326.03,0.20027,0.2,0.00022388,0.0013387
326.17,0.20027,0.2,0.00022857,0.0013667
327.2,0.20028,0.2,0.00023156,0.0013846
329.09,0.20028,0.2,0.00023313,0.0013941
331.74,0.20028,0.2,0.00023313,0.0013942
335.04,0.20028,0.2,0.00023147,0.0013845
339.31,0.20027,0.2,0.00022766,0.001362
343.9,0.20027,0.2,0.0002221,0.0013289
348.55,0.20026,0.2,0.00021516,0.0012876
353.07,0.20025,0.2,0.00020732,0.0012409
357.3,0.20024,0.2,0.00019911,0.0011919
361.17,0.20023,0.2,0.00019085,0.0011427
364.65,0.20022,0.2,0.00018283,0.0010948
367.74,0.20021,0.2,0.00017531,0.0010498
370.56,0.2002,0.2,0.00016816,0.0010071
372.97,0.20019,0.2,0.00016176,0.00096885
374.94,0.20019,0.2,0.00015615,0.00093531
376.46,0.20018,0.2,0.00015135,0.00090662
377.6,0.20018,0.2,0.0001469,0.00088
378.13,0.20017,0.2,0.00014348,0.00085951
378.09,0.20017,0.2,0.00014105,0.00084497
377.58,0.20017,0.2,0.00013953,0.00083589
376.66,0.20017,0.2,0.00013882,0.0008316
375.4,0.20017,0.2,0.00013885,0.00083179
373.82,0.20017,0.2,0.00013957,0.00083606
371.89,0.20017,0.2,0.0001409,0.00084402
369.5,0.20017,0.2,0.00014291,0.00085598
366.68,0.20017,0.2,0.0001456,0.00087205
363.48,0.20018,0.2,0.00014901,0.00089241
360.01,0.20018,0.2,0.00015313,0.000917
356.29,0.20019,0.2,0.00015806,0.00094644
352.55,0.2002,0.2,0.00016361,0.00097954
348.85,0.2002,0.2,0.00016969,0.0010158
345.16,0.20021,0.2,0.00017623,0.0010548
341.56,0.20022,0.2,0.00018288,0.0010944
337.89,0.20023,0.2,0.00019,0.0011368
334.23,0.20024,0.2,0.0001976,0.0011821
330.84,0.20025,0.2,0.00020555,0.0012295
328.75,0.20025,0.2,0.00021137,0.0012641
327.15,0.20026,0.2,0.00021703,0.0012979
326.21,0.20027,0.2,0.0002223,0.0013292
326.03,0.20027,0.2,0.00022685,0.0013564
326.7,0.20028,0.2,0.00023033,0.0013772
328.21,0.20028,0.2,0.00023252,0.0013904
330.52,0.20028,0.2,0.00023322,0.0013947
333.52,0.20028,0.2,0.00023231,0.0013894
337.9,0.20027,0.2,0.000229,0.0013699
342.75,0.20027,0.2,0.00022355,0.0013375
347.74,0.20026,0.2,0.00021641,0.001295
352.62,0.20025,0.2,0.00020813,0.0012457
356.79,0.20024,0.2,0.00020012,0.001198
360.62,0.20023,0.2,0.00019204,0.0011498
364.09,0.20022,0.2,0.00018415,0.0011027
367.18,0.20021,0.2,0.0001767,0.0010582
370.08,0.2002,0.2,0.00016942,0.0010147
372.56,0.2002,0.2,0.00016288,0.00097559
374.62,0.20019,0.2,0.00015713,0.00094116
376.23,0.20018,0.2,0.00015218,0.00091156
377.49,0.20018,0.2,0.00014746,0.00088337
378.12,0.20017,0.2,0.00014382,0.00086159
378.16,0.20017,0.2,0.00014122,0.00084604
377.68,0.20017,0.2,0.00013958,0.00083622
376.78,0.20017,0.2,0.00013879,0.00083143
375.51,0.20017,0.2,0.00013877,0.00083134
373.91,0.20017,0.2,0.00013948,0.00083553
371.96,0.20017,0.2,0.00014083,0.00084357
369.54,0.20017,0.2,0.00014285,0.00085562
366.69,0.20017,0.2,0.00014557,0.00087188
363.45,0.20018,0.2,0.00014903,0.00089253
359.93,0.20018,0.2,0.00015321,0.0009175
356.22,0.20019,0.2,0.00015815,0.00094694
352.5,0.2002,0.2,0.00016369,0.00097999
348.81,0.2002,0.2,0.00016976,0.0010162
345.13,0.20021,0.2,0.00017627,0.001055
341.56,0.20022,0.2,0.00018288,0.0010944
337.92,0.20023,0.2,0.00018994,0.0011365
334.29,0.20024,0.2,0.00019747,0.0011814
330.92,0.20025,0.2,0.00020535,0.0012283
328.61,0.20025,0.2,0.0002118,0.0012667
326.94,0.20026,0.2,0.00021803,0.0013038
326.1,0.20027,0.2,0.0002237,0.0013376
326.24,0.20027,0.2,0.00022838,0.0013656
327.27,0.20028,0.2,0.00023137,0.0013835
329.16,0.20028,0.2,0.00023294,0.001393
331.82,0.20028,0.2,0.00023294,0.0013931
335.11,0.20028,0.2,0.00023128,0.0013833
339.38,0.20027,0.2,0.00022747,0.0013608
343.97,0.20027,0.2,0.00022191,0.0013278
348.62,0.20026,0.2,0.00021498,0.0012865
353.14,0.20025,0.2,0.00020715,0.0012399
357.36,0.20024,0.2,0.00019894,0.0011909
361.23,0.20023,0.2,0.00019069,0.0011417
364.71,0.20022,0.2,0.00018268,0.0010939
367.8,0.20021,0.2,0.00017517,0.001049
370.62,0.2002,0.2,0.00016802,0.0010063
373.03,0.20019,0.2,0.00016163,0.00096809
375,0.20019,0.2,0.00015603,0.0009346
376.52,0.20018,0.2,0.00015124,0.00090595
377.66,0.20018,0.2,0.00014679,0.00087936
378.18,0.20017,0.2,0.00014338,0.00085891
378.15,0.20017,0.2,0.00014095,0.0008444
377.64,0.20017,0.2,0.00013944,0.00083534
376.72,0.20017,0.2,0.00013873,0.00083107
375.45,0.20017,0.2,0.00013876,0.00083127
373.87,0.20017,0.2,0.00013948,0.00083554
371.95,0.20017,0.2,0.00014082,0.00084351
369.55,0.20017,0.2,0.00014282,0.00085547
366.73,0.20017,0.2,0.00014551,0.00087154
363.53,0.20018,0.2,0.00014892,0.00089189
360.06,0.20018,0.2,0.00015304,0.00091647
356.34,0.20019,0.2,0.00015797,0.0009459
352.61,0.2002,0.2,0.00016352,0.00097899
348.9,0.2002,0.2,0.0001696,0.0010152
345.21,0.20021,0.2,0.00017613,0.0010542
341.61,0.20022,0.2,0.00018278,0.0010938
337.93,0.20023,0.2,0.00018989,0.0011362
334.28,0.20024,0.2,0.00019749,0.0011815
330.89,0.20025,0.2,0.00020544,0.0012288
328.79,0.20025,0.2,0.00021126,0.0012634
327.2,0.20026,0.2,0.00021692,0.0012972
326.25,0.20027,0.2,0.00022218,0.0013285
326.08,0.20027,0.2,0.00022673,0.0013557
326.75,0.20028,0.2,0.00023021,0.0013765
328.26,0.20028,0.2,0.00023239,0.0013897
330.57,0.20028,0.2,0.0002331,0.001394
333.57,0.20028,0.2,0.00023219,0.0013887
337.95,0.20027,0.2,0.00022887,0.0013691
342.79,0.20027,0.2,0.00022343,0.0013368
347.79,0.20026,0.2,0.00021629,0.0012944
352.66,0.20025,0.2,0.00020802,0.0012451
356.83,0.20024,0.2,0.00020002,0.0011974
360.66,0.20023,0.2,0.00019194,0.0011492
364.13,0.20022,0.2,0.00018406,0.0011021
367.22,0.20021,0.2,0.00017661,0.0010576
370.12,0.2002,0.2,0.00016934,0.0010142
372.6,0.2002,0.2,0.0001628,0.00097511
374.66,0.20019,0.2,0.00015705,0.00094071
376.27,0.20018,0.2,0.00015211,0.00091114
377.53,0.20018,0.2,0.0001474,0.00088297
378.16,0.20017,0.2,0.00014376,0.00086121
378.2,0.20017,0.2,0.00014116,0.00084567
377.72,0.20017,0.2,0.00013953,0.00083587
376.81,0.20017,0.2,0.00013873,0.00083109
375.55,0.20017,0.2,0.00013872,0.00083101
373.95,0.20017,0.2,0.00013942,0.0008352
371.99,0.20017,0.2,0.00014077,0.00084325
369.57,0.20017,0.2,0.00014279,0.0008553
366.72,0.20017,0.2,0.00014551,0.00087155
363.48,0.20018,0.2,0.00014897,0.0008922
359.96,0.20018,0.2,0.00015316,0.00091716
356.26,0.20019,0.2,0.00015809,0.00094659
352.53,0.2002,0.2,0.00016363,0.00097964
348.85,0.2002,0.2,0.0001697,0.0010158
345.17,0.20021,0.2,0.00017621,0.0010547
341.59,0.20022,0.2,0.00018281,0.001094
337.95,0.20023,0.2,0.00018987,0.0011361
334.32,0.20024,0.2,0.0001974,0.001181
330.95,0.20025,0.2,0.00020528,0.0012279
328.64,0.20025,0.2,0.00021173,0.0012663
326.97,0.20026,0.2,0.00021796,0.0013034
326.12,0.20027,0.2,0.00022362,0.0013372
326.27,0.20027,0.2,0.0002283,0.0013651
327.3,0.20028,0.2,0.00023129,0.001383
329.19,0.20028,0.2,0.00023286,0.0013925
331.84,0.20028,0.2,0.00023286,0.0013926
335.14,0.20028,0.2,0.0002312,0.0013829
339.41,0.20027,0.2,0.00022739,0.0013603
344,0.20027,0.2,0.00022183,0.0013273
348.65,0.20026,0.2,0.00021491,0.0012861
353.17,0.20025,0.2,0.00020708,0.0012395
357.39,0.20024,0.2,0.00019887,0.0011905
361.26,0.20023,0.2,0.00019063,0.0011413
364.74,0.20022,0.2,0.00018262,0.0010935
367.83,0.20021,0.2,0.00017511,0.0010486
370.65,0.2002,0.2,0.00016797,0.001006
373.06,0.20019,0.2,0.00016158,0.00096778
375.03,0.20019,0.2,0.00015598,0.0009343
376.55,0.20018,0.2,0.00015119,0.00090567
377.68,0.20018,0.2,0.00014675,0.0008791
378.21,0.20017,0.2,0.00014333,0.00085867
378.18,0.20017,0.2,0.00014091,0.00084416
377.66,0.20017,0.2,0.0001394,0.00083511
376.74,0.20017,0.2,0.00013869,0.00083085
375.48,0.20017,0.2,0.00013873,0.00083105
373.89,0.20017,0.2,0.00013944,0.00083533
371.97,0.20017,0.2,0.00014078,0.00084331
369.57,0.20017,0.2,0.00014279,0.00085526
366.75,0.20017,0.2,0.00014548,0.00087133
363.55,0.20018,0.2,0.00014889,0.00089168
360.08,0.20018,0.2,0.00015301,0.00091625
356.36,0.20019,0.2,0.00015794,0.00094568
352.63,0.2002,0.2,0.00016348,0.00097876
348.92,0.2002,0.2,0.00016956,0.001015
345.23,0.20021,0.2,0.00017609,0.001054
341.63,0.20022,0.2,0.00018274,0.0010936
337.95,0.20023,0.2,0.00018985,0.001136
334.3,0.20024,0.2,0.00019745,0.0011812
330.9,0.20025,0.2,0.0002054,0.0012285
328.81,0.20025,0.2,0.00021121,0.0012632
327.22,0.20026,0.2,0.00021687,0.0012969
326.27,0.20027,0.2,0.00022213,0.0013282
326.1,0.20027,0.2,0.00022668,0.0013554
326.76,0.20028,0.2,0.00023016,0.0013762
328.28,0.20028,0.2,0.00023234,0.0013894
330.59,0.20028,0.2,0.00023304,0.0013937
333.59,0.20028,0.2,0.00023214,0.0013884
337.97,0.20027,0.2,0.00022882,0.0013688
342.81,0.20027,0.2,0.00022338,0.0013365
347.8,0.20026,0.2,0.00021624,0.0012941
352.68,0.20025,0.2,0.00020797,0.0012448
356.85,0.20024,0.2,0.00019998,0.0011971
360.68,0.20023,0.2,0.0001919,0.0011489
364.14,0.20022,0.2,0.00018402,0.0011019
367.24,0.20021,0.2,0.00017657,0.0010574
370.13,0.2002,0.2,0.0001693,0.001014
372.62,0.2002,0.2,0.00016277,0.00097491
374.68,0.20019,0.2,0.00015702,0.00094053
376.29,0.20018,0.2,0.00015208,0.00091096
377.55,0.20018,0.2,0.00014737,0.00088281
378.18,0.20017,0.2,0.00014373,0.00086105
378.21,0.20017,0.2,0.00014114,0.00084552
377.73,0.20017,0.2,0.0001395,0.00083572
376.83,0.20017,0.2,0.00013871,0.00083095
375.56,0.20017,0.2,0.0001387,0.00083087
373.96,0.20017,0.2,0.0001394,0.00083507
372.01,0.20017,0.2,0.00014075,0.00084311
369.59,0.20017,0.2,0.00014277,0.00085516
366.73,0.20017,0.2,0.00014549,0.00087142
363.49,0.20018,0.2,0.00014895,0.00089206
359.98,0.20018,0.2,0.00015313,0.00091702
356.27,0.20019,0.2,0.00015807,0.00094645
352.55,0.2002,0.2,0.0001636,0.00097949
348.86,0.2002,0.2,0.00016967,0.0010157
345.18,0.20021,0.2,0.00017618,0.0010545
341.61,0.20022,0.2,0.00018278,0.0010939
337.96,0.20023,0.2,0.00018984,0.0011359
334.33,0.20024,0.2,0.00019738,0.0011808
330.96,0.20025,0.2,0.00020525,0.0012277
328.66,0.20025,0.2,0.0002117,0.0012661
326.98,0.20026,0.2,0.00021793,0.0013032
326.14,0.20027,0.2,0.00022359,0.001337
326.28,0.20027,0.2,0.00022827,0.0013649
327.32,0.20028,0.2,0.00023126,0.0013828
329.2,0.20028,0.2,0.00023283,0.0013923
331.86,0.20028,0.2,0.00023282,0.0013924
335.15,0.20028,0.2,0.00023116,0.0013827
339.42,0.20027,0.2,0.00022736,0.0013602
344.01,0.20027,0.2,0.0002218,0.0013271
348.66,0.20026,0.2,0.00021488,0.0012859
353.18,0.20025,0.2,0.00020705,0.0012393
357.4,0.20024,0.2,0.00019885,0.0011904
361.27,0.20023,0.2,0.0001906,0.0011412
364.75,0.20022,0.2,0.0001826,0.0010934
367.84,0.20021,0.2,0.00017509,0.0010485
370.66,0.2002,0.2,0.00016795,0.0010058
373.07,0.20019,0.2,0.00016156,0.00096766
375.04,0.20019,0.2,0.00015596,0.00093419
376.56,0.20018,0.2,0.00015117,0.00090556
377.69,0.20018,0.2,0.00014673,0.000879
378.22,0.20017,0.2,0.00014332,0.00085857
378.19,0.20017,0.2,0.00014089,0.00084407
377.67,0.20017,0.2,0.00013938,0.00083502
376.75,0.20017,0.2,0.00013867,0.00083076
375.49,0.20017,0.2,0.00013871,0.00083097
373.9,0.20017,0.2,0.00013943,0.00083525
371.98,0.20017,0.2,0.00014077,0.00084322
369.58,0.20017,0.2,0.00014277,0.00085518
366.76,0.20017,0.2,0.00014546,0.00087124
363.56,0.20018,0.2,0.00014887,0.00089159
360.09,0.20018,0.2,0.00015299,0.00091616
356.37,0.20019,0.2,0.00015792,0.00094559
352.63,0.2002,0.2,0.00016347,0.00097867
348.93,0.2002,0.2,0.00016954,0.0010149
345.24,0.20021,0.2,0.00017607,0.0010539
341.64,0.20022,0.2,0.00018272,0.0010935
337.96,0.20023,0.2,0.00018983,0.0011359
334.31,0.20024,0.2,0.00019743,0.0011811
330.91,0.20025,0.2,0.00020538,0.0012284
328.82,0.20025,0.2,0.00021119,0.0012631
327.22,0.20026,0.2,0.00021685,0.0012968
326.28,0.20027,0.2,0.00022211,0.0013281
326.1,0.20027,0.2,0.00022666,0.0013553
326.77,0.20028,0.2,0.00023014,0.0013761
328.28,0.20028,0.2,0.00023232,0.0013892
330.59,0.20028,0.2,0.00023302,0.0013935
333.59,0.20028,0.2,0.00023212,0.0013883
337.97,0.20027,0.2,0.0002288,0.0013687
342.82,0.20027,0.2,0.00022336,0.0013364
347.81,0.20026,0.2,0.00021623,0.001294
352.69,0.20025,0.2,0.00020795,0.0012447
356.85,0.20024,0.2,0.00019996,0.001197
360.69,0.20023,0.2,0.00019188,0.0011488
364.15,0.20022,0.2,0.000184,0.0011018
367.24,0.20021,0.2,0.00017656,0.0010573
370.14,0.2002,0.2,0.00016929,0.0010139
372.63,0.2002,0.2,0.00016276,0.00097483
374.68,0.20019,0.2,0.00015701,0.00094045
376.29,0.20018,0.2,0.00015206,0.00091089
377.55,0.20018,0.2,0.00014736,0.00088274
378.18,0.20017,0.2,0.00014372,0.00086099
378.22,0.20017,0.2,0.00014113,0.00084546
377.74,0.20017,0.2,0.00013949,0.00083567
376.83,0.20017,0.2,0.0001387,0.00083089
375.57,0.20017,0.2,0.00013869,0.00083082
373.97,0.20017,0.2,0.00013939,0.00083501
372.01,0.20017,0.2,0.00014074,0.00084306
369.59,0.20017,0.2,0.00014276,0.00085511
366.74,0.20017,0.2,0.00014548,0.00087136
363.5,0.20018,0.2,0.00014894,0.000892
359.98,0.20018,0.2,0.00015312,0.00091697
356.28,0.20019,0.2,0.00015806,0.00094639
352.55,0.2002,0.2,0.00016359,0.00097943
348.86,0.2002,0.2,0.00016966,0.0010156
345.18,0.20021,0.2,0.00017617,0.0010545
341.61,0.20022,0.2,0.00018277,0.0010938
337.96,0.20023,0.2,0.00018983,0.0011358
334.34,0.20024,0.2,0.00019736,0.0011807
330.97,0.20025,0.2,0.00020524,0.0012276
328.66,0.20025,0.2,0.00021169,0.001266
326.98,0.20026,0.2,0.00021791,0.0013031
326.14,0.20027,0.2,0.00022358,0.0013369
326.28,0.20027,0.2,0.00022826,0.0013648
327.32,0.20028,0.2,0.00023125,0.0013827
329.21,0.20028,0.2,0.00023282,0.0013922
331.86,0.20028,0.2,0.00023281,0.0013923
335.15,0.20028,0.2,0.00023115,0.0013826
339.42,0.20027,0.2,0.00022735,0.0013601
344.01,0.20027,0.2,0.00022179,0.0013271
348.67,0.20026,0.2,0.00021486,0.0012859
353.18,0.20025,0.2,0.00020704,0.0012392
357.41,0.20024,0.2,0.00019883,0.0011903
361.27,0.20023,0.2,0.00019059,0.0011411
364.75,0.20022,0.2,0.00018259,0.0010933
367.84,0.20021,0.2,0.00017508,0.0010484
370.67,0.2002,0.2,0.00016794,0.0010058
373.07,0.20019,0.2,0.00016155,0.0009676
375.04,0.20019,0.2,0.00015595,0.00093414
376.56,0.20018,0.2,0.00015116,0.00090551
377.69,0.20018,0.2,0.00014672,0.00087896
378.22,0.20017,0.2,0.00014331,0.00085853
378.19,0.20017,0.2,0.00014089,0.00084403
377.67,0.20017,0.2,0.00013938,0.00083498
376.75,0.20017,0.2,0.00013867,0.00083072
375.49,0.20017,0.2,0.00013871,0.00083093
373.91,0.20017,0.2,0.00013942,0.00083521
371.98,0.20017,0.2,0.00014076,0.00084319
369.58,0.20017,0.2,0.00014276,0.00085514
366.76,0.20017,0.2,0.00014546,0.00087121
363.57,0.20018,0.2,0.00014887,0.00089155
360.09,0.20018,0.2,0.00015298,0.00091613
356.37,0.20019,0.2,0.00015792,0.00094555
352.64,0.2002,0.2,0.00016346,0.00097863
348.94,0.2002,0.2,0.00016954,0.0010149
345.24,0.20021,0.2,0.00017607,0.0010538
341.64,0.20022,0.2,0.00018271,0.0010934
337.96,0.20023,0.2,0.00018983,0.0011358
334.31,0.20024,0.2,0.00019743,0.0011811
330.92,0.20025,0.2,0.00020537,0.0012284
328.82,0.20025,0.2,0.00021118,0.001263
327.23,0.20026,0.2,0.00021684,0.0012967
326.28,0.20027,0.2,0.0002221,0.0013281
326.11,0.20027,0.2,0.00022665,0.0013552
326.77,0.20028,0.2,0.00023013,0.001376
328.29,0.20028,0.2,0.00023231,0.0013892
330.6,0.20028,0.2,0.00023302,0.0013935
333.6,0.20028,0.2,0.00023211,0.0013882
337.98,0.20027,0.2,0.0002288,0.0013687
342.82,0.20027,0.2,0.00022335,0.0013364
347.81,0.20026,0.2,0.00021622,0.0012939
352.69,0.20025,0.2,0.00020795,0.0012446
356.86,0.20024,0.2,0.00019995,0.001197
360.69,0.20023,0.2,0.00019188,0.0011488
364.15,0.20022,0.2,0.00018399,0.0011017
367.25,0.20021,0.2,0.00017655,0.0010573
370.14,0.2002,0.2,0.00016928,0.0010138
372.63,0.2002,0.2,0.00016275,0.0009748
374.69,0.20019,0.2,0.000157,0.00094042
376.29,0.20018,0.2,0.00015206,0.00091086
377.56,0.20018,0.2,0.00014735,0.00088271
378.19,0.20017,0.2,0.00014372,0.00086096
378.22,0.20017,0.2,0.00014112,0.00084544
377.74,0.20017,0.2,0.00013949,0.00083564
376.84,0.20017,0.2,0.00013869,0.00083087
375.57,0.20017,0.2,0.00013868,0.00083079
373.97,0.20017,0.2,0.00013939,0.00083499
372.01,0.20017,0.2,0.00014074,0.00084303
369.59,0.20017,0.2,0.00014276,0.00085509
366.74,0.20017,0.2,0.00014548,0.00087134
363.5,0.20018,0.2,0.00014894,0.00089198
359.98,0.20018,0.2,0.00015312,0.00091694
356.28,0.20019,0.2,0.00015805,0.00094637
352.56,0.2002,0.2,0.00016359,0.00097941
348.87,0.2002,0.2,0.00016966,0.0010156
345.19,0.20021,0.2,0.00017617,0.0010544
341.61,0.20022,0.2,0.00018277,0.0010938
337.97,0.20023,0.2,0.00018983,0.0011358
334.34,0.20024,0.2,0.00019736,0.0011807
330.97,0.20025,0.2,0.00020524,0.0012276
328.66,0.20025,0.2,0.00021168,0.001266
326.99,0.20026,0.2,0.00021791,0.0013031
326.14,0.20027,0.2,0.00022357,0.0013369
326.28,0.20027,0.2,0.00022825,0.0013648
327.32,0.20028,0.2,0.00023124,0.0013827
329.21,0.20028,0.2,0.00023281,0.0013922
331.86,0.20028,0.2,0.0002328,0.0013923
335.16,0.20028,0.2,0.00023114,0.0013826
339.43,0.20027,0.2,0.00022734,0.00136
344.01,0.20027,0.2,0.00022178,0.001327
348.67,0.20026,0.2,0.00021486,0.0012858
353.18,0.20025,0.2,0.00020704,0.0012392
357.41,0.20024,0.2,0.00019883,0.0011903
361.28,0.20023,0.2,0.00019059,0.0011411
364.76,0.20022,0.2,0.00018258,0.0010933
367.84,0.20021,0.2,0.00017507,0.0010484
370.67,0.2002,0.2,0.00016793,0.0010058
373.07,0.20019,0.2,0.00016155,0.00096758
375.05,0.20019,0.2,0.00015595,0.00093412
376.56,0.20018,0.2,0.00015116,0.00090549
377.7,0.20018,0.2,0.00014672,0.00087894
378.22,0.20017,0.2,0.00014331,0.00085851
378.19,0.20017,0.2,0.00014089,0.00084401
377.67,0.20017,0.2,0.00013938,0.00083497
376.75,0.20017,0.2,0.00013867,0.00083071
375.49,0.20017,0.2,0.0001387,0.00083092
373.91,0.20017,0.2,0.00013942,0.0008352
371.98,0.20017,0.2,0.00014076,0.00084317
369.59,0.20017,0.2,0.00014276,0.00085513
366.77,0.20017,0.2,0.00014545,0.00087119
363.57,0.20018,0.2,0.00014886,0.00089154
360.09,0.20018,0.2,0.00015298,0.00091611
356.38,0.20019,0.2,0.00015791,0.00094554
352.64,0.2002,0.2,0.00016346,0.00097862
348.94,0.2002,0.2,0.00016953,0.0010149
345.24,0.20021,0.2,0.00017606,0.0010538
341.64,0.20022,0.2,0.00018271,0.0010934
337.97,0.20023,0.2,0.00018982,0.0011358
334.31,0.20024,0.2,0.00019742,0.0011811
330.92,0.20025,0.2,0.00020537,0.0012284
328.82,0.20025,0.2,0.00021118,0.001263
327.23,0.20026,0.2,0.00021684,0.0012967
326.28,0.20027,0.2,0.0002221,0.0013281
326.11,0.20027,0.2,0.00022665,0.0013552
326.78,0.20028,0.2,0.00023012,0.001376
328.29,0.20028,0.2,0.00023231,0.0013892
330.6,0.20028,0.2,0.00023301,0.0013935
333.6,0.20028,0.2,0.0002321,0.0013882
337.98,0.20027,0.2,0.00022879,0.0013686
342.82,0.20027,0.2,0.00022335,0.0013363
347.81,0.20026,0.2,0.00021621,0.0012939
352.69,0.20025,0.2,0.00020794,0.0012446
356.86,0.20024,0.2,0.00019995,0.001197
360.69,0.20023,0.2,0.00019188,0.0011488
364.16,0.20022,0.2,0.00018399,0.0011017
367.25,0.20021,0.2,0.00017655,0.0010573
370.15,0.2002,0.2,0.00016928,0.0010138
372.63,0.2002,0.2,0.00016275,0.00097479
374.69,0.20019,0.2,0.000157,0.00094041
376.3,0.20018,0.2,0.00015206,0.00091085
377.56,0.20018,0.2,0.00014735,0.0008827
378.19,0.20017,0.2,0.00014372,0.00086095
378.22,0.20017,0.2,0.00014112,0.00084543
377.74,0.20017,0.2,0.00013949,0.00083563
376.84,0.20017,0.2,0.00013869,0.00083086
375.57,0.20017,0.2,0.00013868,0.00083078
373.97,0.20017,0.2,0.00013939,0.00083498
372.02,0.20017,0.2,0.00014073,0.00084302
369.6,0.20017,0.2,0.00014275,0.00085508
366.74,0.20017,0.2,0.00014548,0.00087133
363.5,0.20018,0.2,0.00014894,0.00089197
359.98,0.20018,0.2,0.00015312,0.00091693
356.28,0.20019,0.2,0.00015805,0.00094636
352.56,0.2002,0.2,0.00016359,0.0009794
348.87,0.2002,0.2,0.00016965,0.0010156
345.19,0.20021,0.2,0.00017617,0.0010544
341.61,0.20022,0.2,0.00018277,0.0010938
337.97,0.20023,0.2,0.00018982,0.0011358
334.34,0.20024,0.2,0.00019736,0.0011807
330.97,0.20025,0.2,0.00020524,0.0012276
328.66,0.20025,0.2,0.00021168,0.001266
326.99,0.20026,0.2,0.00021791,0.0013031
326.14,0.20027,0.2,0.00022357,0.0013369
326.28,0.20027,0.2,0.00022825,0.0013648
327.32,0.20028,0.2,0.00023124,0.0013827
329.21,0.20028,0.2,0.00023281,0.0013922
331.86,0.20028,0.2,0.0002328,0.0013923
335.16,0.20028,0.2,0.00023114,0.0013825
339.43,0.20027,0.2,0.00022734,0.00136
344.01,0.20027,0.2,0.00022178,0.001327
348.67,0.20026,0.2,0.00021486,0.0012858
353.18,0.20025,0.2,0.00020703,0.0012392
357.41,0.20024,0.2,0.00019883,0.0011903
361.28,0.20023,0.2,0.00019059,0.0011411
364.76,0.20022,0.2,0.00018258,0.0010933
367.85,0.20021,0.2,0.00017507,0.0010484
370.67,0.2002,0.2,0.00016793,0.0010058
373.07,0.20019,0.2,0.00016154,0.00096757
375.05,0.20019,0.2,0.00015595,0.00093411
376.56,0.20018,0.2,0.00015116,0.00090549
377.7,0.20018,0.2,0.00014672,0.00087893
378.22,0.20017,0.2,0.00014331,0.0008585
378.19,0.20017,0.2,0.00014088,0.000844
377.68,0.20017,0.2,0.00013937,0.00083496
376.75,0.20017,0.2,0.00013866,0.0008307
375.49,0.20017,0.2,0.0001387,0.00083091
373.91,0.20017,0.2,0.00013942,0.00083519
371.98,0.20017,0.2,0.00014076,0.00084316
369.59,0.20017,0.2,0.00014276,0.00085512
366.77,0.20017,0.2,0.00014545,0.00087119
363.57,0.20018,0.2,0.00014886,0.00089153
360.09,0.20018,0.2,0.00015298,0.00091611
356.38,0.20019,0.2,0.00015791,0.00094553
352.64,0.2002,0.2,0.00016346,0.00097861
348.94,0.2002,0.2,0.00016953,0.0010149
345.25,0.20021,0.2,0.00017606,0.0010538
341.64,0.20022,0.2,0.00018271,0.0010934
337.97,0.20023,0.2,0.00018982,0.0011358
334.31,0.20024,0.2,0.00019742,0.0011811
330.92,0.20025,0.2,0.00020537,0.0012284
328.83,0.20025,0.2,0.00021118,0.001263
327.23,0.20026,0.2,0.00021684,0.0012967
326.28,0.20027,0.2,0.0002221,0.0013281
326.11,0.20027,0.2,0.00022665,0.0013552
326.78,0.20028,0.2,0.00023012,0.001376
328.29,0.20028,0.2,0.00023231,0.0013891
330.6,0.20028,0.2,0.00023301,0.0013935
333.6,0.20028,0.2,0.0002321,0.0013882
337.98,0.20027,0.2,0.00022879,0.0013686
342.82,0.20027,0.2,0.00022335,0.0013363
347.81,0.20026,0.2,0.00021621,0.0012939
352.69,0.20025,0.2,0.00020794,0.0012446
356.86,0.20024,0.2,0.00019995,0.0011969
360.69,0.20023,0.2,0.00019187,0.0011488
364.16,0.20022,0.2,0.00018399,0.0011017
367.25,0.20021,0.2,0.00017655,0.0010572
370.15,0.2002,0.2,0.00016928,0.0010138
372.63,0.2002,0.2,0.00016275,0.00097478
374.69,0.20019,0.2,0.000157,0.0009404
376.3,0.20018,0.2,0.00015206,0.00091084
377.56,0.20018,0.2,0.00014735,0.00088269
378.19,0.20017,0.2,0.00014371,0.00086095
378.22,0.20017,0.2,0.00014112,0.00084542
377.74,0.20017,0.2,0.00013949,0.00083563
376.84,0.20017,0.2,0.00013869,0.00083085
375.57,0.20017,0.2,0.00013868,0.00083078
373.97,0.20017,0.2,0.00013938,0.00083497
372.02,0.20017,0.2,0.00014073,0.00084302
369.6,0.20017,0.2,0.00014275,0.00085507
366.74,0.20017,0.2,0.00014548,0.00087133
363.5,0.20018,0.2,0.00014894,0.00089197
359.99,0.20018,0.2,0.00015312,0.00091693
356.28,0.20019,0.2,0.00015805,0.00094635
352.56,0.2002,0.2,0.00016359,0.0009794
348.87,0.2002,0.2,0.00016965,0.0010156
345.19,0.20021,0.2,0.00017617,0.0010544
341.61,0.20022,0.2,0.00018277,0.0010938
337.97,0.20023,0.2,0.00018982,0.0011358
334.34,0.20024,0.2,0.00019736,0.0011807
330.97,0.20025,0.2,0.00020523,0.0012276
328.66,0.20025,0.2,0.00021168,0.001266
326.99,0.20026,0.2,0.00021791,0.0013031
326.14,0.20027,0.2,0.00022357,0.0013368
326.28,0.20027,0.2,0.00022825,0.0013648
327.32,0.20028,0.2,0.00023124,0.0013827
329.21,0.20028,0.2,0.00023281,0.0013922
331.86,0.20028,0.2,0.0002328,0.0013923
335.16,0.20028,0.2,0.00023114,0.0013825
339.43,0.20027,0.2,0.00022734,0.00136
344.01,0.20027,0.2,0.00022178,0.001327
348.67,0.20026,0.2,0.00021486,0.0012858
353.18,0.20025,0.2,0.00020703,0.0012392
357.41,0.20024,0.2,0.00019883,0.0011903
361.28,0.20023,0.2,0.00019058,0.0011411
364.76,0.20022,0.2,0.00018258,0.0010933
367.85,0.20021,0.2,0.00017507,0.0010484
370.67,0.2002,0.2,0.00016793,0.0010057
373.07,0.20019,0.2,0.00016154,0.00096757
375.05,0.20019,0.2,0.00015595,0.0009341
376.56,0.20018,0.2,0.00015116,0.00090548
377.7,0.20018,0.2,0.00014672,0.00087893
378.22,0.20017,0.2,0.00014331,0.0008585
378.19,0.20017,0.2,0.00014088,0.000844
377.68,0.20017,0.2,0.00013937,0.00083496
376.75,0.20017,0.2,0.00013866,0.0008307
375.49,0.20017,0.2,0.0001387,0.00083091
373.91,0.20017,0.2,0.00013942,0.00083519
371.98,0.20017,0.2,0.00014076,0.00084316
369.59,0.20017,0.2,0.00014276,0.00085512
366.77,0.20017,0.2,0.00014545,0.00087118
363.57,0.20018,0.2,0.00014886,0.00089153
360.09,0.20018,0.2,0.00015298,0.0009161
356.38,0.20019,0.2,0.00015791,0.00094553
352.64,0.2002,0.2,0.00016346,0.00097861
348.94,0.2002,0.2,0.00016953,0.0010149
345.25,0.20021,0.2,0.00017606,0.0010538
341.64,0.20022,0.2,0.00018271,0.0010934
337.97,0.20023,0.2,0.00018982,0.0011358
334.31,0.20024,0.2,0.00019742,0.001181
330.92,0.20025,0.2,0.00020536,0.0012284
328.83,0.20025,0.2,0.00021118,0.001263
327.23,0.20026,0.2,0.00021684,0.0012967
326.28,0.20027,0.2,0.0002221,0.0013281
326.11,0.20027,0.2,0.00022665,0.0013552
326.78,0.20028,0.2,0.00023012,0.001376
328.29,0.20028,0.2,0.00023231,0.0013891
330.6,0.20028,0.2,0.00023301,0.0013935
333.6,0.20028,0.2,0.0002321,0.0013882
337.98,0.20027,0.2,0.00022879,0.0013686
342.82,0.20027,0.2,0.00022335,0.0013363
347.81,0.20026,0.2,0.00021621,0.0012939
352.69,0.20025,0.2,0.00020794,0.0012446
356.86,0.20024,0.2,0.00019995,0.0011969
360.69,0.20023,0.2,0.00019187,0.0011488
364.16,0.20022,0.2,0.00018399,0.0011017
367.25,0.20021,0.2,0.00017655,0.0010572
370.15,0.2002,0.2,0.00016928,0.0010138
372.63,0.2002,0.2,0.00016275,0.00097478
374.69,0.20019,0.2,0.000157,0.0009404
376.3,0.20018,0.2,0.00015206,0.00091084
377.56,0.20018,0.2,0.00014735,0.00088269
378.19,0.20017,0.2,0.00014371,0.00086095
378.22,0.20017,0.2,0.00014112,0.00084542
377.74,0.20017,0.2,0.00013949,0.00083563
376.84,0.20017,0.2,0.00013869,0.00083085
375.57,0.20017,0.2,0.00013868,0.00083078
373.97,0.20017,0.2,0.00013938,0.00083497
372.02,0.20017,0.2,0.00014073,0.00084302
369.6,0.20017,0.2,0.00014275,0.00085507
366.74,0.20017,0.2,0.00014548,0.00087133
363.5,0.20018,0.2,0.00014894,0.00089197
359.99,0.20018,0.2,0.00015312,0.00091693
356.28,0.20019,0.2,0.00015805,0.00094635
352.56,0.2002,0.2,0.00016359,0.00097939
348.87,0.2002,0.2,0.00016965,0.0010156
345.19,0.20021,0.2,0.00017617,0.0010544
341.61,0.20022,0.2,0.00018277,0.0010938
337.97,0.20023,0.2,0.00018982,0.0011358
334.34,0.20024,0.2,0.00019736,0.0011807
330.97,0.20025,0.2,0.00020523,0.0012276
328.66,0.20025,0.2,0.00021168,0.001266
326.99,0.20026,0.2,0.00021791,0.0013031
326.14,0.20027,0.2,0.00022357,0.0013368
326.28,0.20027,0.2,0.00022825,0.0013648
327.32,0.20028,0.2,0.00023124,0.0013827
329.21,0.20028,0.2,0.00023281,0.0013922
331.86,0.20028,0.2,0.0002328,0.0013923
335.16,0.20028,0.2,0.00023114,0.0013825
339.43,0.20027,0.2,0.00022734,0.00136
344.02,0.20027,0.2,0.00022178,0.001327
348.67,0.20026,0.2,0.00021486,0.0012858
353.18,0.20025,0.2,0.00020703,0.0012392
357.41,0.20024,0.2,0.00019883,0.0011903
361.28,0.20023,0.2,0.00019058,0.0011411
364.76,0.20022,0.2,0.00018258,0.0010933
367.85,0.20021,0.2,0.00017507,0.0010484
370.67,0.2002,0.2,0.00016793,0.0010057
373.07,0.20019,0.2,0.00016154,0.00096757
375.05,0.20019,0.2,0.00015595,0.0009341
376.56,0.20018,0.2,0.00015116,0.00090548
377.7,0.20018,0.2,0.00014672,0.00087893
378.23,0.20017,0.2,0.00014331,0.0008585
378.19,0.20017,0.2,0.00014088,0.000844
377.68,0.20017,0.2,0.00013937,0.00083496
376.75,0.20017,0.2,0.00013866,0.0008307
375.49,0.20017,0.2,0.0001387,0.00083091
373.91,0.20017,0.2,0.00013942,0.00083519
371.98,0.20017,0.2,0.00014076,0.00084316
369.59,0.20017,0.2,0.00014276,0.00085512
366.77,0.20017,0.2,0.00014545,0.00087118
363.57,0.20018,0.2,0.00014886,0.00089153
360.09,0.20018,0.2,0.00015298,0.0009161
356.38,0.20019,0.2,0.00015791,0.00094553
352.64,0.2002,0.2,0.00016346,0.00097861
348.94,0.2002,0.2,0.00016953,0.0010149
345.25,0.20021,0.2,0.00017606,0.0010538
341.64,0.20022,0.2,0.00018271,0.0010934
337.97,0.20023,0.2,0.00018982,0.0011358
334.31,0.20024,0.2,0.00019742,0.001181
330.92,0.20025,0.2,0.00020536,0.0012284
328.83,0.20025,0.2,0.00021118,0.001263
327.23,0.20026,0.2,0.00021684,0.0012967
326.28,0.20027,0.2,0.0002221,0.001328
326.11,0.20027,0.2,0.00022665,0.0013552
326.78,0.20028,0.2,0.00023012,0.001376
328.29,0.20028,0.2,0.00023231,0.0013891
330.6,0.20028,0.2,0.00023301,0.0013935
333.6,0.20028,0.2,0.0002321,0.0013882
337.98,0.20027,0.2,0.00022879,0.0013686
342.82,0.20027,0.2,0.00022335,0.0013363
347.81,0.20026,0.2,0.00021621,0.0012939
352.69,0.20025,0.2,0.00020794,0.0012446
356.86,0.20024,0.2,0.00019995,0.0011969
360.69,0.20023,0.2,0.00019187,0.0011488
364.16,0.20022,0.2,0.00018399,0.0011017
367.25,0.20021,0.2,0.00017655,0.0010572
370.15,0.2002,0.2,0.00016928,0.0010138
372.63,0.2002,0.2,0.00016275,0.00097478
374.69,0.20019,0.2,0.000157,0.0009404
376.3,0.20018,0.2,0.00015206,0.00091084
377.56,0.20018,0.2,0.00014735,0.00088269
378.19,0.20017,0.2,0.00014371,0.00086094
378.22,0.20017,0.2,0.00014112,0.00084542
377.74,0.20017,0.2,0.00013949,0.00083563
376.84,0.20017,0.2,0.00013869,0.00083085
375.57,0.20017,0.2,0.00013868,0.00083078
373.97,0.20017,0.2,0.00013938,0.00083497
372.02,0.20017,0.2,0.00014073,0.00084302
369.6,0.20017,0.2,0.00014275,0.00085507
366.74,0.20017,0.2,0.00014548,0.00087133
363.5,0.20018,0.2,0.00014894,0.00089197
359.99,0.20018,0.2,0.00015312,0.00091693
356.28,0.20019,0.2,0.00015805,0.00094635
352.56,0.2002,0.2,0.00016359,0.00097939
348.87,0.2002,0.2,0.00016965,0.0010156
345.19,0.20021,0.2,0.00017617,0.0010544
341.61,0.20022,0.2,0.00018277,0.0010938
337.97,0.20023,0.2,0.00018982,0.0011358
334.34,0.20024,0.2,0.00019736,0.0011807
330.97,0.20025,0.2,0.00020523,0.0012276
328.66,0.20025,0.2,0.00021168,0.001266
326.99,0.20026,0.2,0.00021791,0.0013031
326.14,0.20027,0.2,0.00022357,0.0013368
326.28,0.20027,0.2,0.00022825,0.0013648
327.32,0.20028,0.2,0.00023124,0.0013827
329.21,0.20028,0.2,0.00023281,0.0013922
331.86,0.20028,0.2,0.0002328,0.0013923
335.16,0.20028,0.2,0.00023114,0.0013825
339.43,0.20027,0.2,0.00022734,0.00136
344.02,0.20027,0.2,0.00022178,0.001327
348.67,0.20026,0.2,0.00021486,0.0012858
353.18,0.20025,0.2,0.00020703,0.0012392
357.41,0.20024,0.2,0.00019883,0.0011903
361.28,0.20023,0.2,0.00019058,0.0011411
364.76,0.20022,0.2,0.00018258,0.0010933
367.85,0.20021,0.2,0.00017507,0.0010484
370.67,0.2002,0.2,0.00016793,0.0010057
373.07,0.20019,0.2,0.00016154,0.00096757
375.05,0.20019,0.2,0.00015595,0.0009341
376.56,0.20018,0.2,0.00015116,0.00090548
377.7,0.20018,0.2,0.00014672,0.00087893
378.23,0.20017,0.2,0.00014331,0.0008585
378.19,0.20017,0.2,0.00014088,0.000844
377.68,0.20017,0.2,0.00013937,0.00083496
376.75,0.20017,0.2,0.00013866,0.0008307
375.49,0.20017,0.2,0.0001387,0.00083091
373.91,0.20017,0.2,0.00013942,0.00083519
371.98,0.20017,0.2,0.00014076,0.00084316
369.59,0.20017,0.2,0.00014276,0.00085512
366.77,0.20017,0.2,0.00014545,0.00087118
363.57,0.20018,0.2,0.00014886,0.00089153
360.09,0.20018,0.2,0.00015298,0.0009161
356.38,0.20019,0.2,0.00015791,0.00094553
352.64,0.2002,0.2,0.00016346,0.0009786
348.94,0.2002,0.2,0.00016953,0.0010149
345.25,0.20021,0.2,0.00017606,0.0010538
341.64,0.20022,0.2,0.00018271,0.0010934
337.97,0.20023,0.2,0.00018982,0.0011358
334.31,0.20024,0.2,0.00019742,0.001181
330.92,0.20025,0.2,0.00020536,0.0012284
328.83,0.20025,0.2,0.00021118,0.001263
327.23,0.20026,0.2,0.00021684,0.0012967
326.28,0.20027,0.2,0.0002221,0.001328
326.11,0.20027,0.2,0.00022665,0.0013552
326.78,0.20028,0.2,0.00023012,0.001376
328.29,0.20028,0.2,0.00023231,0.0013891
330.6,0.20028,0.2,0.00023301,0.0013935
333.6,0.20028,0.2,0.0002321,0.0013882
337.98,0.20027,0.2,0.00022879,0.0013686
342.82,0.20027,0.2,0.00022335,0.0013363
347.81,0.20026,0.2,0.00021621,0.0012939
352.69,0.20025,0.2,0.00020794,0.0012446
356.86,0.20024,0.2,0.00019995,0.0011969
360.69,0.20023,0.2,0.00019187,0.0011488
364.16,0.20022,0.2,0.00018399,0.0011017
367.25,0.20021,0.2,0.00017655,0.0010572
370.15,0.2002,0.2,0.00016928,0.0010138
372.63,0.2002,0.2,0.00016275,0.00097478
374.69,0.20019,0.2,0.000157,0.0009404
376.3,0.20018,0.2,0.00015206,0.00091084
377.56,0.20018,0.2,0.00014735,0.00088269
378.19,0.20017,0.2,0.00014371,0.00086094
378.22,0.20017,0.2,0.00014112,0.00084542
377.74,0.20017,0.2,0.00013949,0.00083562
376.84,0.20017,0.2,0.00013869,0.00083085
375.57,0.20017,0.2,0.00013868,0.00083078
373.97,0.20017,0.2,0.00013938,0.00083497
372.02,0.20017,0.2,0.00014073,0.00084302
369.6,0.20017,0.2,0.00014275,0.00085507
366.74,0.20017,0.2,0.00014548,0.00087133
363.5,0.20018,0.2,0.00014894,0.00089197
359.99,0.20018,0.2,0.00015312,0.00091693
356.28,0.20019,0.2,0.00015805,0.00094635
352.56,0.2002,0.2,0.00016359,0.00097939
348.87,0.2002,0.2,0.00016965,0.0010156
345.19,0.20021,0.2,0.00017617,0.0010544
341.61,0.20022,0.2,0.00018277,0.0010937
337.97,0.20023,0.2,0.00018982,0.0011358
334.34,0.20024,0.2,0.00019736,0.0011807
330.97,0.20025,0.2,0.00020523,0.0012276
328.66,0.20025,0.2,0.00021168,0.001266
326.99,0.20026,0.2,0.00021791,0.0013031
326.14,0.20027,0.2,0.00022357,0.0013368
326.28,0.20027,0.2,0.00022825,0.0013648
327.32,0.20028,0.2,0.00023124,0.0013827
329.21,0.20028,0.2,0.00023281,0.0013922
331.86,0.20028,0.2,0.0002328,0.0013923
335.16,0.20028,0.2,0.00023114,0.0013825
339.43,0.20027,0.2,0.00022734,0.00136
344.02,0.20027,0.2,0.00022178,0.001327
348.67,0.20026,0.2,0.00021485,0.0012858
353.18,0.20025,0.2,0.00020703,0.0012392
357.41,0.20024,0.2,0.00019883,0.0011903
361.28,0.20023,0.2,0.00019058,0.0011411
364.76,0.20022,0.2,0.00018258,0.0010933
367.85,0.20021,0.2,0.00017507,0.0010484
370.67,0.2002,0.2,0.00016793,0.0010057
373.07,0.20019,0.2,0.00016154,0.00096757
375.05,0.20019,0.2,0.00015595,0.0009341
376.56,0.20018,0.2,0.00015116,0.00090548
377.7,0.20018,0.2,0.00014672,0.00087893
378.23,0.20017,0.2,0.00014331,0.0008585
378.19,0.20017,0.2,0.00014088,0.000844
377.68,0.20017,0.2,0.00013937,0.00083496
376.75,0.20017,0.2,0.00013866,0.0008307
375.49,0.20017,0.2,0.0001387,0.00083091
373.91,0.20017,0.2,0.00013942,0.00083519
371.98,0.20017,0.2,0.00014076,0.00084316
369.59,0.20017,0.2,0.00014276,0.00085512
366.77,0.20017,0.2,0.00014545,0.00087118
363.57,0.20018,0.2,0.00014886,0.00089153
360.09,0.20018,0.2,0.00015298,0.0009161
356.38,0.20019,0.2,0.00015791,0.00094552
352.64,0.2002,0.2,0.00016346,0.0009786
348.94,0.2002,0.2,0.00016953,0.0010149
345.25,0.20021,0.2,0.00017606,0.0010538
341.64,0.20022,0.2,0.00018271,0.0010934
337.97,0.20023,0.2,0.00018982,0.0011358
334.31,0.20024,0.2,0.00019742,0.001181
330.92,0.20025,0.2,0.00020536,0.0012284
328.83,0.20025,0.2,0.00021118,0.001263
327.23,0.20026,0.2,0.00021684,0.0012967
326.28,0.20027,0.2,0.0002221,0.001328
326.11,0.20027,0.2,0.00022665,0.0013552
326.78,0.20028,0.2,0.00023012,0.001376
328.29,0.20028,0.2,0.00023231,0.0013891
330.6,0.20028,0.2,0.00023301,0.0013935
333.6,0.20028,0.2,0.0002321,0.0013882
337.98,0.20027,0.2,0.00022879,0.0013686
342.82,0.20027,0.2,0.00022335,0.0013363
347.81,0.20026,0.2,0.00021621,0.0012939
352.69,0.20025,0.2,0.00020794,0.0012446
356.86,0.20024,0.2,0.00019995,0.0011969
360.69,0.20023,0.2,0.00019187,0.0011488
364.16,0.20022,0.2,0.00018399,0.0011017
367.25,0.20021,0.2,0.00017655,0.0010572
370.15,0.2002,0.2,0.00016928,0.0010138
372.63,0.2002,0.2,0.00016275,0.00097478
374.69,0.20019,0.2,0.000157,0.0009404
376.3,0.20018,0.2,0.00015206,0.00091084
377.56,0.20018,0.2,0.00014735,0.00088269
378.19,0.20017,0.2,0.00014371,0.00086094
378.22,0.20017,0.2,0.00014112,0.00084542
377.74,0.20017,0.2,0.00013949,0.00083562
376.84,0.20017,0.2,0.00013869,0.00083085
375.57,0.20017,0.2,0.00013868,0.00083078
373.97,0.20017,0.2,0.00013938,0.00083497
372.02,0.20017,0.2,0.00014073,0.00084302
369.6,0.20017,0.2,0.00014275,0.00085507
366.74,0.20017,0.2,0.00014548,0.00087133
363.5,0.20018,0.2,0.00014894,0.00089197
359.99,0.20018,0.2,0.00015312,0.00091693
356.28,0.20019,0.2,0.00015805,0.00094635
352.56,0.2002,0.2,0.00016359,0.00097939
348.87,0.2002,0.2,0.00016965,0.0010156
345.19,0.20021,0.2,0.00017617,0.0010544
341.61,0.20022,0.2,0.00018277,0.0010937
337.97,0.20023,0.2,0.00018982,0.0011358
334.34,0.20024,0.2,0.00019736,0.0011807
330.97,0.20025,0.2,0.00020523,0.0012276
328.66,0.20025,0.2,0.00021168,0.001266
326.99,0.20026,0.2,0.00021791,0.0013031
326.14,0.20027,0.2,0.00022357,0.0013368
326.28,0.20027,0.2,0.00022825,0.0013648
327.32,0.20028,0.2,0.00023124,0.0013827
329.21,0.20028,0.2,0.00023281,0.0013922
331.86,0.20028,0.2,0.0002328,0.0013923
335.16,0.20028,0.2,0.00023114,0.0013825
339.43,0.20027,0.2,0.00022734,0.00136
344.02,0.20027,0.2,0.00022178,0.001327
348.67,0.20026,0.2,0.00021485,0.0012858
353.18,0.20025,0.2,0.00020703,0.0012392
357.41,0.20024,0.2,0.00019883,0.0011903
361.28,0.20023,0.2,0.00019058,0.0011411
364.76,0.20022,0.2,0.00018258,0.0010933
367.85,0.20021,0.2,0.00017507,0.0010484
370.67,0.2002,0.2,0.00016793,0.0010057
373.07,0.20019,0.2,0.00016154,0.00096757
375.05,0.20019,0.2,0.00015595,0.0009341
376.56,0.20018,0.2,0.00015116,0.00090548
377.7,0.20018,0.2,0.00014672,0.00087892
378.23,0.20017,0.2,0.00014331,0.0008585
378.19,0.20017,0.2,0.00014088,0.000844
377.68,0.20017,0.2,0.00013937,0.00083496
376.75,0.20017,0.2,0.00013866,0.0008307
375.49,0.20017,0.2,0.0001387,0.00083091
373.91,0.20017,0.2,0.00013942,0.00083519
371.98,0.20017,0.2,0.00014076,0.00084316
369.59,0.20017,0.2,0.00014276,0.00085512
366.77,0.20017,0.2,0.00014545,0.00087118
363.57,0.20018,0.2,0.00014886,0.00089153
360.09,0.20018,0.2,0.00015298,0.0009161
356.38,0.20019,0.2,0.00015791,0.00094552
352.64,0.2002,0.2,0.00016346,0.0009786
348.94,0.2002,0.2,0.00016953,0.0010149
345.25,0.20021,0.2,0.00017606,0.0010538
341.64,0.20022,0.2,0.00018271,0.0010934
337.97,0.20023,0.2,0.00018982,0.0011358
334.31,0.20024,0.2,0.00019742,0.001181
330.92,0.20025,0.2,0.00020536,0.0012284
328.83,0.20025,0.2,0.00021118,0.001263
327.23,0.20026,0.2,0.00021684,0.0012967
326.28,0.20027,0.2,0.0002221,0.001328
326.11,0.20027,0.2,0.00022665,0.0013552
326.78,0.20028,0.2,0.00023012,0.001376
328.29,0.20028,0.2,0.00023231,0.0013891
330.6,0.20028,0.2,0.00023301,0.0013935
333.6,0.20028,0.2,0.0002321,0.0013882
337.98,0.20027,0.2,0.00022879,0.0013686
342.82,0.20027,0.2,0.00022335,0.0013363
347.81,0.20026,0.2,0.00021621,0.0012939
352.69,0.20025,0.2,0.00020794,0.0012446
356.86,0.20024,0.2,0.00019995,0.0011969
360.69,0.20023,0.2,0.00019187,0.0011488
364.16,0.20022,0.2,0.00018399,0.0011017
367.25,0.20021,0.2,0.00017655,0.0010572
370.15,0.2002,0.2,0.00016928,0.0010138
372.63,0.2002,0.2,0.00016275,0.00097478
374.69,0.20019,0.2,0.000157,0.0009404
376.3,0.20018,0.2,0.00015206,0.00091084
377.56,0.20018,0.2,0.00014735,0.00088269
378.19,0.20017,0.2,0.00014371,0.00086094
378.22,0.20017,0.2,0.00014112,0.00084542
377.74,0.20017,0.2,0.00013949,0.00083562
376.84,0.20017,0.2,0.00013869,0.00083085
375.57,0.20017,0.2,0.00013868,0.00083078
373.97,0.20017,0.2,0.00013938,0.00083497
372.02,0.20017,0.2,0.00014073,0.00084302
369.6,0.20017,0.2,0.00014275,0.00085507
366.74,0.20017,0.2,0.00014548,0.00087133
363.5,0.20018,0.2,0.00014894,0.00089197
359.99,0.20018,0.2,0.00015312,0.00091693
356.28,0.20019,0.2,0.00015805,0.00094635
352.56,0.2002,0.2,0.00016359,0.00097939
348.87,0.2002,0.2,0.00016965,0.0010156
345.19,0.20021,0.2,0.00017617,0.0010544
341.61,0.20022,0.2,0.00018277,0.0010937
337.97,0.20023,0.2,0.00018982,0.0011358
334.34,0.20024,0.2,0.00019736,0.0011807
330.97,0.20025,0.2,0.00020523,0.0012276
328.66,0.20025,0.2,0.00021168,0.001266
326.99,0.20026,0.2,0.00021791,0.0013031
326.14,0.20027,0.2,0.00022357,0.0013368
326.28,0.20027,0.2,0.00022825,0.0013648
327.32,0.20028,0.2,0.00023124,0.0013827
329.21,0.20028,0.2,0.00023281,0.0013922
331.86,0.20028,0.2,0.0002328,0.0013923
335.16,0.20028,0.2,0.00023114,0.0013825
339.43,0.20027,0.2,0.00022734,0.00136
344.02,0.20027,0.2,0.00022178,0.001327
348.67,0.20026,0.2,0.00021485,0.0012858
353.18,0.20025,0.2,0.00020703,0.0012392
357.41,0.20024,0.2,0.00019883,0.0011903
361.28,0.20023,0.2,0.00019058,0.0011411
364.76,0.20022,0.2,0.00018258,0.0010933
367.85,0.20021,0.2,0.00017507,0.0010484
370.67,0.2002,0.2,0.00016793,0.0010057
373.07,0.20019,0.2,0.00016154,0.00096757
375.05,0.20019,0.2,0.00015595,0.0009341
376.56,0.20018,0.2,0.00015116,0.00090548
377.7,0.20018,0.2,0.00014672,0.00087892
378.23,0.20017,0.2,0.00014331,0.0008585
378.19,0.20017,0.2,0.00014088,0.000844
377.68,0.20017,0.2,0.00013937,0.00083496
376.75,0.20017,0.2,0.00013866,0.0008307
375.49,0.20017,0.2,0.0001387,0.00083091
373.91,0.20017,0.2,0.00013942,0.00083519
371.98,0.20017,0.2,0.00014076,0.00084316
369.59,0.20017,0.2,0.00014276,0.00085512
366.77,0.20017,0.2,0.00014545,0.00087118
363.57,0.20018,0.2,0.00014886,0.00089153
360.09,0.20018,0.2,0.00015298,0.0009161
356.38,0.20019,0.2,0.00015791,0.00094552
352.64,0.2002,0.2,0.00016346,0.0009786
348.94,0.2002,0.2,0.00016953,0.0010149
345.25,0.20021,0.2,0.00017606,0.0010538
341.64,0.20022,0.2,0.00018271,0.0010934
337.97,0.20023,0.2,0.00018982,0.0011358
334.31,0.20024,0.2,0.00019742,0.001181
330.92,0.20025,0.2,0.00020536,0.0012284
328.83,0.20025,0.2,0.00021118,0.001263
327.23,0.20026,0.2,0.00021684,0.0012967
326.28,0.20027,0.2,0.0002221,0.001328
326.11,0.20027,0.2,0.00022665,0.0013552
326.78,0.20028,0.2,0.00023012,0.001376
328.29,0.20028,0.2,0.00023231,0.0013891
330.6,0.20028,0.2,0.00023301,0.0013935
333.6,0.20028,0.2,0.0002321,0.0013882
337.98,0.20027,0.2,0.00022879,0.0013686
342.82,0.20027,0.2,0.00022335,0.0013363
347.81,0.20026,0.2,0.00021621,0.0012939
352.69,0.20025,0.2,0.00020794,0.0012446
356.86,0.20024,0.2,0.00019995,0.0011969
360.69,0.20023,0.2,0.00019187,0.0011488
364.16,0.20022,0.2,0.00018399,0.0011017
367.25,0.20021,0.2,0.00017655,0.0010572
370.15,0.2002,0.2,0.00016928,0.0010138
372.63,0.2002,0.2,0.00016275,0.00097478
374.69,0.20019,0.2,0.000157,0.0009404
376.3,0.20018,0.2,0.00015206,0.00091084
377.56,0.20018,0.2,0.00014735,0.00088269
378.19,0.20017,0.2,0.00014371,0.00086094
378.22,0.20017,0.2,0.00014112,0.00084542
377.74,0.20017,0.2,0.00013949,0.00083562
376.84,0.20017,0.2,0.00013869,0.00083085
375.57,0.20017,0.2,0.00013868,0.00083078
373.97,0.20017,0.2,0.00013938,0.00083497
372.02,0.20017,0.2,0.00014073,0.00084302
369.6,0.20017,0.2,0.00014275,0.00085507
366.74,0.20017,0.2,0.00014548,0.00087133
363.5,0.20018,0.2,0.00014893,0.00089197
359.99,0.20018,0.2,0.00015312,0.00091693
356.28,0.20019,0.2,0.00015805,0.00094635
352.56,0.2002,0.2,0.00016359,0.00097939
348.87,0.2002,0.2,0.00016965,0.0010156
345.19,0.20021,0.2,0.00017617,0.0010544
341.61,0.20022,0.2,0.00018277,0.0010937
337.97,0.20023,0.2,0.00018982,0.0011358
334.34,0.20024,0.2,0.00019736,0.0011807
330.97,0.20025,0.2,0.00020523,0.0012276
328.66,0.20025,0.2,0.00021168,0.001266
326.99,0.20026,0.2,0.00021791,0.0013031
326.14,0.20027,0.2,0.00022357,0.0013368
326.28,0.20027,0.2,0.00022825,0.0013648
327.32,0.20028,0.2,0.00023124,0.0013827
329.21,0.20028,0.2,0.00023281,0.0013922
331.86,0.20028,0.2,0.0002328,0.0013923
335.16,0.20028,0.2,0.00023114,0.0013825
339.43,0.20027,0.2,0.00022734,0.00136
344.02,0.20027,0.2,0.00022178,0.001327
348.67,0.20026,0.2,0.00021485,0.0012858
353.18,0.20025,0.2,0.00020703,0.0012392
357.41,0.20024,0.2,0.00019883,0.0011903
361.28,0.20023,0.2,0.00019058,0.0011411
364.76,0.20022,0.2,0.00018258,0.0010933
367.85,0.20021,0.2,0.00017507,0.0010484
370.67,0.2002,0.2,0.00016793,0.0010057
373.07,0.20019,0.2,0.00016154,0.00096757
375.05,0.20019,0.2,0.00015595,0.0009341
376.56,0.20018,0.2,0.00015116,0.00090548
377.7,0.20018,0.2,0.00014672,0.00087892
378.23,0.20017,0.2,0.00014331,0.0008585
378.19,0.20017,0.2,0.00014088,0.000844
377.68,0.20017,0.2,0.00013937,0.00083496
376.75,0.20017,0.2,0.00013866,0.0008307
375.49,0.20017,0.2,0.0001387,0.00083091
373.91,0.20017,0.2,0.00013942,0.00083519
371.98,0.20017,0.2,0.00014076,0.00084316
369.59,0.20017,0.2,0.00014276,0.00085512
366.77,0.20017,0.2,0.00014545,0.00087118
363.57,0.20018,0.2,0.00014886,0.00089153
360.09,0.20018,0.2,0.00015298,0.0009161
356.38,0.20019,0.2,0.00015791,0.00094552
352.64,0.2002,0.2,0.00016346,0.0009786
348.94,0.2002,0.2,0.00016953,0.0010149
345.25,0.20021,0.2,0.00017606,0.0010538
341.64,0.20022,0.2,0.00018271,0.0010934
337.97,0.20023,0.2,0.00018982,0.0011358
334.31,0.20024,0.2,0.00019742,0.001181
330.92,0.20025,0.2,0.00020536,0.0012284
328.83,0.20025,0.2,0.00021118,0.001263
327.23,0.20026,0.2,0.00021684,0.0012967
326.28,0.20027,0.2,0.0002221,0.001328
326.11,0.20027,0.2,0.00022665,0.0013552
326.78,0.20028,0.2,0.00023012,0.001376
328.29,0.20028,0.2,0.00023231,0.0013891
330.6,0.20028,0.2,0.00023301,0.0013935
333.6,0.20028,0.2,0.0002321,0.0013882
337.98,0.20027,0.2,0.00022879,0.0013686
342.82,0.20027,0.2,0.00022335,0.0013363
347.81,0.20026,0.2,0.00021621,0.0012939
352.69,0.20025,0.2,0.00020794,0.0012446
356.86,0.20024,0.2,0.00019995,0.0011969
360.69,0.20023,0.2,0.00019187,0.0011488
364.16,0.20022,0.2,0.00018399,0.0011017
367.25,0.20021,0.2,0.00017655,0.0010572
370.15,0.2002,0.2,0.00016928,0.0010138
372.63,0.2002,0.2,0.00016275,0.00097478
374.69,0.20019,0.2,0.000157,0.0009404
376.3,0.20018,0.2,0.00015206,0.00091084
377.56,0.20018,0.2,0.00014735,0.00088269
378.19,0.20017,0.2,0.00014371,0.00086094
378.22,0.20017,0.2,0.00014112,0.00084542
377.74,0.20017,0.2,0.00013949,0.00083562
376.84,0.20017,0.2,0.00013869,0.00083085
375.57,0.20017,0.2,0.00013868,0.00083078
373.97,0.20017,0.2,0.00013938,0.00083497
372.02,0.20017,0.2,0.00014073,0.00084302
369.6,0.20017,0.2,0.00014275,0.00085507
366.74,0.20017,0.2,0.00014548,0.00087133
363.5,0.20018,0.2,0.00014893,0.00089197
359.99,0.20018,0.2,0.00015312,0.00091693
356.28,0.20019,0.2,0.00015805,0.00094635
352.56,0.2002,0.2,0.00016359,0.00097939
348.87,0.2002,0.2,0.00016965,0.0010156
345.19,0.20021,0.2,0.00017617,0.0010544
341.61,0.20022,0.2,0.00018277,0.0010937
337.97,0.20023,0.2,0.00018982,0.0011358
334.34,0.20024,0.2,0.00019736,0.0011807
330.97,0.20025,0.2,0.00020523,0.0012276
328.66,0.20025,0.2,0.00021168,0.001266
326.99,0.20026,0.2,0.00021791,0.0013031
326.14,0.20027,0.2,0.00022357,0.0013368
326.28,0.20027,0.2,0.00022825,0.0013648
327.32,0.20028,0.2,0.00023124,0.0013827
329.21,0.20028,0.2,0.00023281,0.0013922
331.86,0.20028,0.2,0.0002328,0.0013923
335.16,0.20028,0.2,0.00023114,0.0013825
339.43,0.20027,0.2,0.00022734,0.00136
344.02,0.20027,0.2,0.00022178,0.001327
348.67,0.20026,0.2,0.00021485,0.0012858
353.18,0.20025,0.2,0.00020703,0.0012392
357.41,0.20024,0.2,0.00019883,0.0011903
361.28,0.20023,0.2,0.00019058,0.0011411
364.76,0.20022,0.2,0.00018258,0.0010933
367.85,0.20021,0.2,0.00017507,0.0010484
370.67,0.2002,0.2,0.00016793,0.0010057
373.07,0.20019,0.2,0.00016154,0.00096757
375.05,0.20019,0.2,0.00015595,0.0009341
376.56,0.20018,0.2,0.00015116,0.00090548
377.7,0.20018,0.2,0.00014672,0.00087892
378.23,0.20017,0.2,0.00014331,0.0008585
378.19,0.20017,0.2,0.00014088,0.000844
377.68,0.20017,0.2,0.00013937,0.00083496
376.75,0.20017,0.2,0.00013866,0.0008307
375.49,0.20017,0.2,0.0001387,0.00083091
373.91,0.20017,0.2,0.00013942,0.00083519
371.98,0.20017,0.2,0.00014076,0.00084316
369.59,0.20017,0.2,0.00014276,0.00085512
366.77,0.20017,0.2,0.00014545,0.00087118
363.57,0.20018,0.2,0.00014886,0.00089153
360.09,0.20018,0.2,0.00015298,0.0009161
356.38,0.20019,0.2,0.00015791,0.00094552
352.64,0.2002,0.2,0.00016346,0.0009786
348.94,0.2002,0.2,0.00016953,0.0010149
345.25,0.20021,0.2,0.00017606,0.0010538
341.64,0.20022,0.2,0.00018271,0.0010934
337.97,0.20023,0.2,0.00018982,0.0011358
334.31,0.20024,0.2,0.00019742,0.001181
330.92,0.20025,0.2,0.00020536,0.0012284
328.83,0.20025,0.2,0.00021118,0.001263
327.23,0.20026,0.2,0.00021684,0.0012967
326.28,0.20027,0.2,0.0002221,0.001328
326.11,0.20027,0.2,0.00022665,0.0013552
326.78,0.20028,0.2,0.00023012,0.001376
328.29,0.20028,0.2,0.00023231,0.0013891
330.6,0.20028,0.2,0.00023301,0.0013935
333.6,0.20028,0.2,0.0002321,0.0013882
337.98,0.20027,0.2,0.00022879,0.0013686
342.82,0.20027,0.2,0.00022335,0.0013363
347.81,0.20026,0.2,0.00021621,0.0012939
352.69,0.20025,0.2,0.00020794,0.0012446
356.86,0.20024,0.2,0.00019995,0.0011969
360.69,0.20023,0.2,0.00019187,0.0011488
364.16,0.20022,0.2,0.00018399,0.0011017
367.25,0.20021,0.2,0.00017655,0.0010572
370.15,0.2002,0.2,0.00016928,0.0010138
372.63,0.2002,0.2,0.00016275,0.00097478
374.69,0.20019,0.2,0.000157,0.0009404
376.3,0.20018,0.2,0.00015206,0.00091084
377.56,0.20018,0.2,0.00014735,0.00088269
378.19,0.20017,0.2,0.00014371,0.00086094
378.22,0.20017,0.2,0.00014112,0.00084542
377.74,0.20017,0.2,0.00013949,0.00083562
376.84,0.20017,0.2,0.00013869,0.00083085
375.57,0.20017,0.2,0.00013868,0.00083078
373.97,0.20017,0.2,0.00013938,0.00083497
372.02,0.20017,0.2,0.00014073,0.00084302
369.6,0.20017,0.2,0.00014275,0.00085507
366.74,0.20017,0.2,0.00014548,0.00087133
363.5,0.20018,0.2,0.00014893,0.00089197
359.99,0.20018,0.2,0.00015312,0.00091693
356.28,0.20019,0.2,0.00015805,0.00094635
352.56,0.2002,0.2,0.00016359,0.00097939
348.87,0.2002,0.2,0.00016965,0.0010156
345.19,0.20021,0.2,0.00017617,0.0010544
341.61,0.20022,0.2,0.00018277,0.0010937
337.97,0.20023,0.2,0.00018982,0.0011358
334.34,0.20024,0.2,0.00019736,0.0011807
330.97,0.20025,0.2,0.00020523,0.0012276
328.66,0.20025,0.2,0.00021168,0.001266
326.99,0.20026,0.2,0.00021791,0.0013031
326.14,0.20027,0.2,0.00022357,0.0013368
326.28,0.20027,0.2,0.00022825,0.0013648
327.32,0.20028,0.2,0.00023124,0.0013827
329.21,0.20028,0.2,0.00023281,0.0013922
331.86,0.20028,0.2,0.0002328,0.0013923
335.16,0.20028,0.2,0.00023114,0.0013825
339.43,0.20027,0.2,0.00022734,0.00136
344.02,0.20027,0.2,0.00022178,0.001327
348.67,0.20026,0.2,0.00021485,0.0012858
353.18,0.20025,0.2,0.00020703,0.0012392
357.41,0.20024,0.2,0.00019883,0.0011903
361.28,0.20023,0.2,0.00019058,0.0011411
364.76,0.20022,0.2,0.00018258,0.0010933
367.85,0.20021,0.2,0.00017507,0.0010484
370.67,0.2002,0.2,0.00016793,0.0010057
373.07,0.20019,0.2,0.00016154,0.00096757
375.05,0.20019,0.2,0.00015595,0.0009341
376.56,0.20018,0.2,0.00015116,0.00090548
377.7,0.20018,0.2,0.00014672,0.00087892
378.23,0.20017,0.2,0.00014331,0.0008585
378.19,0.20017,0.2,0.00014088,0.000844
377.68,0.20017,0.2,0.00013937,0.00083496
376.75,0.20017,0.2,0.00013866,0.0008307
375.49,0.20017,0.2,0.0001387,0.00083091
373.91,0.20017,0.2,0.00013942,0.00083519
371.98,0.20017,0.2,0.00014076,0.00084316
369.59,0.20017,0.2,0.00014276,0.00085512
366.77,0.20017,0.2,0.00014545,0.00087118
363.57,0.20018,0.2,0.00014886,0.00089153
360.09,0.20018,0.2,0.00015298,0.0009161
359.21,0.20018,0.2,0.0001541,0.00092281
358.32,0.20019,0.2,0.00015527,0.00092975
357.42,0.20019,0.2,0.00015647,0.00093692
356.53,0.20019,0.2,0.00015771,0.00094432
